/*--------------------------------*- C++ -*----------------------------------*\
| =========                 |                                                 |
| \\      /  F ield         | OpenFOAM: The Open Source CFD Toolbox           |
|  \\    /   O peration     | Version:  5.x                                   |
|   \\  /    A nd           | Web:      www.OpenFOAM.org                      |
|    \\/     M anipulation  |                                                 |
\*---------------------------------------------------------------------------*/
FoamFile
{
    version     2.0;
    format      ascii;
    class       volScalarField;
    location    "3.3";
    object      gradTx;
}
// * * * * * * * * * * * * * * * * * * * * * * * * * * * * * * * * * * * * * //

dimensions      [0 -1 0 1 0 0 0];

internalField   nonuniform List<scalar> 
6300
(
-48.1194
-48.0968
-48.0516
-47.9836
-47.8927
-47.7786
-47.6413
-47.4809
-47.2978
-47.0927
-46.8666
-46.6208
-46.3572
-46.0775
-45.7833
-48.142
-48.1195
-48.0745
-48.0067
-47.9159
-47.8019
-47.6645
-47.5038
-47.32
-47.1138
-46.8862
-46.6388
-46.3734
-46.092
-45.7967
-48.1872
-48.1649
-48.1202
-48.0528
-47.9624
-47.8486
-47.7111
-47.5497
-47.3646
-47.1563
-46.9259
-46.675
-46.4057
-46.1207
-45.8227
-48.2547
-48.2327
-48.1886
-48.122
-48.0323
-47.919
-47.7816
-47.6195
-47.4325
-47.2211
-46.9862
-46.7295
-46.4538
-46.1627
-45.8597
-48.3442
-48.3228
-48.2796
-48.2142
-48.1259
-48.0138
-47.8768
-47.7141
-47.5251
-47.3095
-47.0682
-46.8032
-46.5176
-46.2164
-45.9052
-48.4553
-48.4346
-48.3929
-48.3295
-48.2434
-48.1334
-47.9978
-47.8352
-47.6442
-47.4238
-47.1742
-46.8974
-46.5972
-46.2803
-45.9553
-48.587
-48.5675
-48.5279
-48.4676
-48.385
-48.2785
-48.146
-47.9849
-47.7926
-47.5672
-47.3076
-47.0149
-46.6936
-46.3525
-46.0045
-48.7384
-48.7204
-48.6839
-48.6278
-48.5506
-48.4499
-48.3228
-48.1656
-47.9744
-47.745
-47.4742
-47.1612
-46.81
-46.4317
-46.0455
-48.9078
-48.8919
-48.8595
-48.8093
-48.7397
-48.6477
-48.5296
-48.3806
-48.1945
-47.9643
-47.683
-47.3458
-46.9536
-46.5187
-46.069
-49.0932
-49.0799
-49.0527
-49.0105
-48.9511
-48.8716
-48.7674
-48.6326
-48.4587
-48.2347
-47.9479
-47.5854
-47.1401
-46.6207
-46.0651
-49.2919
-49.2818
-49.2612
-49.2288
-49.1828
-49.1201
-49.0361
-48.9238
-48.7729
-48.5681
-48.2885
-47.9079
-47.4006
-46.759
-46.0261
-49.5007
-49.4944
-49.4814
-49.4608
-49.4311
-49.3899
-49.3331
-49.2538
-49.141
-48.9764
-48.7303
-48.3572
-47.7957
-46.9885
-45.9549
-49.7159
-49.7137
-49.7091
-49.7019
-49.6911
-49.6755
-49.6525
-49.6173
-49.561
-49.4661
-49.299
-48.9949
-48.4364
-47.4448
-45.8871
-49.9333
-49.9354
-49.9397
-49.9464
-49.9559
-49.9684
-49.984
-50.002
-50.0195
-50.0282
-50.0048
-49.8871
-49.5102
-48.4671
-45.9841
-50.1486
-50.1549
-50.1678
-50.1883
-50.2178
-50.2584
-50.3133
-50.3872
-50.487
-50.6223
-50.8051
-51.0385
-51.2504
-50.9295
-47.1597
-45.5025
-45.2375
-44.9634
-44.6796
-44.3851
-44.0782
-43.7576
-43.4217
-43.0693
-42.6997
-42.3129
-41.9096
-41.4909
-41.0588
-40.6154
-40.1633
-39.7052
-39.244
-38.7825
-38.3237
-37.8705
-37.4257
-36.992
-36.572
-36.1678
-35.7813
-35.414
-35.067
-34.7409
-34.4361
-34.1525
-33.8898
-33.6471
-33.4237
-33.2182
-33.0297
-32.8568
-32.6982
-32.5529
-32.4195
-32.297
-32.1843
-32.0806
-31.9852
-31.8976
-31.8178
-31.7459
-31.6826
-31.6288
-31.5854
-31.5537
-31.5346
-31.5292
-31.5383
-31.5624
-31.6017
-31.6565
-31.7263
-31.8108
-31.9093
-32.021
-32.1451
-32.2806
-32.4268
-32.5828
-32.7481
-32.9221
-33.104
-33.2936
-33.4902
-33.6935
-33.9032
-34.1189
-34.3406
-34.5681
-34.8014
-35.0405
-35.2851
-35.5353
-35.7908
-36.0516
-36.3173
-36.5877
-36.8626
-37.1413
-37.4231
-37.7071
-37.9919
-38.2758
-38.557
-45.5154
-45.2506
-44.9775
-44.6954
-44.4029
-44.0983
-43.7798
-43.4456
-43.0942
-42.7247
-42.337
-41.9319
-41.5106
-41.0752
-40.6282
-40.1722
-39.7101
-39.2446
-38.779
-38.316
-37.8586
-37.41
-36.9727
-36.5495
-36.1426
-35.754
-35.3851
-35.0371
-34.7106
-34.4059
-34.1229
-33.8612
-33.6198
-33.398
-33.1943
-33.0075
-32.8364
-32.6796
-32.5359
-32.4041
-32.2831
-32.1717
-32.069
-31.9742
-31.8867
-31.8065
-31.7338
-31.6693
-31.6139
-31.5689
-31.5356
-31.5151
-31.5086
-31.5168
-31.5405
-31.5798
-31.6348
-31.7053
-31.7907
-31.8904
-32.0033
-32.1286
-32.2653
-32.4125
-32.5695
-32.7356
-32.9103
-33.093
-33.2832
-33.4805
-33.6842
-33.8942
-34.1102
-34.332
-34.5596
-34.7929
-35.0321
-35.2769
-35.5273
-35.783
-36.044
-36.3101
-36.581
-36.8566
-37.1363
-37.4197
-37.7055
-37.9927
-38.2793
-38.5634
-45.5402
-45.2759
-45.0049
-44.7262
-44.4382
-44.1387
-43.825
-43.4945
-43.1453
-42.7761
-42.3866
-41.9776
-41.5508
-41.1088
-40.6542
-40.1902
-39.7198
-39.246
-38.7718
-38.3003
-37.8347
-37.3781
-36.9335
-36.5039
-36.0916
-35.6986
-35.3266
-34.9766
-34.6492
-34.3448
-34.0631
-33.8034
-33.565
-33.3464
-33.1463
-32.9632
-32.7957
-32.6424
-32.5021
-32.3736
-32.2556
-32.147
-32.0464
-31.9529
-31.8658
-31.7848
-31.7102
-31.643
-31.5844
-31.5359
-31.4992
-31.4757
-31.4668
-31.4734
-31.4961
-31.5353
-31.591
-31.6629
-31.7503
-31.8523
-31.9678
-32.0956
-32.2347
-32.3841
-32.543
-32.7108
-32.887
-33.0711
-33.2627
-33.4611
-33.6658
-33.8765
-34.0928
-34.3147
-34.5424
-34.7759
-35.0152
-35.2603
-35.5111
-35.7674
-36.0289
-36.2955
-36.5672
-36.8441
-37.1258
-37.412
-37.7017
-37.9936
-38.2858
-38.576
-45.5749
-45.3112
-45.0434
-44.7706
-44.4904
-44.1996
-43.8943
-43.5707
-43.2256
-42.8569
-42.4644
-42.0491
-41.6134
-41.1605
-40.6942
-40.2178
-39.7348
-39.2482
-38.7611
-38.2766
-37.7981
-37.3291
-36.8732
-36.4335
-36.0129
-35.6134
-35.2367
-34.8838
-34.5553
-34.2513
-33.9717
-33.7156
-33.4818
-33.2686
-33.0742
-32.8969
-32.7349
-32.5869
-32.4518
-32.3283
-32.2151
-32.1109
-32.0139
-31.9227
-31.8362
-31.754
-31.6764
-31.6046
-31.5405
-31.4862
-31.4439
-31.4156
-31.4029
-31.4069
-31.4282
-31.4672
-31.524
-31.5982
-31.6888
-31.7948
-31.9145
-32.0466
-32.1894
-32.342
-32.5035
-32.6737
-32.8521
-33.0384
-33.2321
-33.4324
-33.6387
-33.8503
-34.0671
-34.2891
-34.5166
-34.75
-34.9896
-35.2353
-35.4868
-35.7438
-36.0059
-36.2731
-36.5457
-36.8241
-37.1084
-37.3988
-37.6943
-37.9936
-38.2946
-38.5945
-45.616
-45.3526
-45.0895
-44.8257
-44.558
-44.2816
-43.9903
-43.6781
-43.3398
-42.9724
-42.5752
-42.1501
-41.7008
-41.232
-40.7487
-40.2553
-39.7552
-39.2514
-38.7469
-38.2445
-37.7481
-37.2617
-36.7898
-36.3362
-35.9041
-35.4958
-35.1129
-34.7562
-34.4263
-34.1232
-33.8468
-33.596
-33.3692
-33.1641
-32.978
-32.8087
-32.6543
-32.5133
-32.385
-32.2683
-32.1622
-32.0646
-31.9734
-31.8861
-31.8009
-31.7168
-31.6344
-31.5554
-31.4827
-31.4193
-31.3687
-31.3333
-31.3152
-31.3155
-31.3349
-31.3738
-31.4322
-31.5098
-31.6054
-31.7174
-31.8437
-31.9819
-32.13
-32.2868
-32.4517
-32.6246
-32.8058
-32.995
-33.1918
-33.395
-33.6036
-33.8166
-34.0336
-34.2552
-34.482
-34.7151
-34.955
-35.2016
-35.4544
-35.7124
-35.9752
-36.2426
-36.5155
-36.7949
-37.082
-37.3775
-37.681
-37.9908
-38.3044
-38.6184
-45.6579
-45.3935
-45.1366
-44.8865
-44.6385
-44.3852
-44.1167
-43.8232
-43.4962
-43.131
-42.7266
-42.2864
-41.8165
-41.3248
-40.8182
-40.3025
-39.7811
-39.2563
-38.7297
-38.2042
-37.6839
-37.174
-36.6803
-36.2081
-35.7613
-35.3421
-34.9517
-34.5905
-34.2588
-33.9571
-33.6853
-33.4424
-33.2259
-33.0324
-32.8581
-32.6996
-32.5545
-32.4219
-32.3016
-32.1937
-32.0972
-32.0096
-31.9276
-31.8469
-31.7641
-31.6776
-31.5879
-31.4976
-31.4115
-31.3346
-31.2717
-31.2265
-31.2012
-31.1967
-31.2137
-31.2523
-31.313
-31.3954
-31.4984
-31.6197
-31.7557
-31.9029
-32.0582
-32.2201
-32.3882
-32.5637
-32.7476
-32.9406
-33.142
-33.3498
-33.562
-33.7767
-33.9935
-34.2133
-34.4381
-34.67
-34.9103
-35.1587
-35.4139
-35.6739
-35.9373
-36.204
-36.4754
-36.7542
-37.0432
-37.3443
-37.6579
-37.982
-38.3132
-38.6469
-45.692
-45.4236
-45.1744
-44.9443
-44.727
-44.5107
-44.2794
-44.0165
-43.7081
-43.3461
-42.9298
-42.4654
-41.9642
-41.439
-40.9012
-40.3581
-39.8124
-39.2638
-38.7114
-38.1569
-37.6049
-37.0632
-36.5403
-36.0439
-35.579
-35.1474
-34.7488
-34.3825
-34.0486
-33.7484
-33.4827
-33.251
-33.0498
-32.8736
-32.7159
-32.5714
-32.4371
-32.313
-32.201
-32.1031
-32.0195
-31.9472
-31.88
-31.8108
-31.7332
-31.6434
-31.5422
-31.4343
-31.3273
-31.2298
-31.1495
-31.0913
-31.0572
-31.0474
-31.0614
-31.0994
-31.1625
-31.2515
-31.3654
-31.5007
-31.6517
-31.8122
-31.9771
-32.1441
-32.3142
-32.4904
-32.6764
-32.8742
-33.0826
-33.2983
-33.5165
-33.7337
-33.9488
-34.1641
-34.3838
-34.6127
-34.8535
-35.1057
-35.3661
-35.6302
-35.8944
-36.1581
-36.4242
-36.6982
-36.9863
-37.2929
-37.6191
-37.9624
-38.3179
-38.6789
-45.7052
-45.4262
-45.1849
-44.9837
-44.8143
-44.6579
-44.4878
-44.2755
-43.9974
-43.6398
-43.2025
-42.6978
-42.1465
-41.5717
-40.9921
-40.4178
-39.8483
-39.2768
-38.6966
-38.1061
-37.5117
-36.9255
-36.3623
-35.8346
-35.349
-34.9055
-34.4998
-34.1282
-33.7905
-33.4902
-33.2316
-33.0159
-32.838
-32.6883
-32.5551
-32.429
-32.3056
-32.1871
-32.0802
-31.9922
-31.9261
-31.8775
-31.8359
-31.7874
-31.7198
-31.626
-31.5066
-31.3699
-31.2295
-31.1006
-30.9956
-30.9215
-30.8787
-30.8641
-30.8746
-30.9104
-30.9749
-31.0718
-31.2016
-31.359
-31.5341
-31.7151
-31.8929
-32.0639
-32.2312
-32.403
-32.5882
-32.7921
-33.0128
-33.2428
-33.4723
-33.6934
-33.9038
-34.1081
-34.316
-34.5379
-34.7799
-35.0407
-35.3128
-35.5858
-35.8517
-36.1084
-36.3612
-36.6216
-36.9023
-37.2127
-37.555
-37.9249
-38.3143
-38.7133
-45.6781
-45.3744
-45.138
-44.9773
-44.8832
-44.8251
-44.7571
-44.6296
-44.4012
-44.0485
-43.5725
-42.9976
-42.363
-41.7113
-41.0759
-40.4709
-39.8873
-39.3028
-38.6967
-38.0615
-37.4068
-36.7551
-36.1337
-35.565
-35.0589
-34.6093
-34.202
-33.8253
-33.4787
-33.1722
-32.9194
-32.7265
-32.5861
-32.4796
-32.3845
-32.2829
-32.1673
-32.0447
-31.9326
-31.8503
-31.8077
-31.7983
-31.8018
-31.7918
-31.7445
-31.6458
-31.4962
-31.3111
-31.1156
-30.9371
-30.7975
-30.7067
-30.6598
-30.6446
-30.6515
-30.6803
-30.7406
-30.8449
-30.9982
-31.1922
-31.4078
-31.6226
-31.8185
-31.9889
-32.1417
-32.296
-32.4732
-32.6856
-32.9294
-33.188
-33.44
-33.6684
-33.8674
-34.0467
-34.2277
-34.4338
-34.6789
-34.9593
-35.2577
-35.5513
-35.8221
-36.0639
-36.287
-36.5151
-36.7753
-37.0862
-37.4505
-37.8588
-38.2964
-38.7487
-45.5821
-45.2256
-44.9823
-44.8751
-44.9004
-45.0066
-45.1122
-45.1293
-44.9843
-44.6348
-44.085
-43.3835
-42.6044
-41.8275
-41.1161
-40.4934
-39.9277
-39.3602
-38.7389
-38.0451
-37.2979
-36.5414
-35.8292
-35.2056
-34.6877
-34.2527
-33.8602
-33.4796
-33.1094
-32.7774
-32.5209
-32.3618
-32.2858
-32.2548
-32.2238
-32.157
-32.0396
-31.8874
-31.7423
-31.6514
-31.6418
-31.7006
-31.7873
-31.8504
-31.8437
-31.7389
-31.537
-31.2675
-30.9773
-30.7176
-30.5296
-30.4288
-30.3954
-30.3937
-30.397
-30.4048
-30.4434
-30.5474
-30.7361
-30.9942
-31.2829
-31.5572
-31.7808
-31.9395
-32.0499
-32.156
-32.3074
-32.5337
-32.8247
-33.1426
-33.4417
-33.6853
-33.8592
-33.9826
-34.1029
-34.2736
-34.5268
-34.8518
-35.209
-35.5496
-35.8338
-36.0459
-36.2052
-36.362
-36.5748
-36.8823
-37.2825
-37.7502
-38.257
-38.7835
-45.3749
-44.9141
-44.6306
-44.5823
-44.8013
-45.1892
-45.5948
-45.8625
-45.8619
-45.51
-44.8162
-43.8812
-42.8427
-41.8498
-41.0288
-40.4338
-39.971
-39.4953
-38.886
-38.1058
-37.2025
-36.2644
-35.3971
-34.6944
-34.1975
-33.8351
-33.5017
-33.1191
-32.6855
-32.274
-31.9828
-31.8775
-31.9209
-32.03
-32.1151
-32.1043
-31.9622
-31.7202
-31.4742
-31.3358
-31.3774
-31.5633
-31.807
-32.0096
-32.0843
-31.9723
-31.6752
-31.2541
-30.7954
-30.3951
-30.1361
-30.054
-30.0853
-30.1358
-30.1359
-30.0852
-30.0519
-30.128
-30.3741
-30.752
-31.1788
-31.5646
-31.8368
-31.9593
-31.9644
-31.9505
-32.0335
-32.2888
-32.681
-33.124
-33.5232
-33.8023
-33.9237
-33.9229
-33.9053
-33.9943
-34.2709
-34.6978
-35.184
-35.6286
-35.9492
-36.1036
-36.1267
-36.1279
-36.2378
-36.5443
-37.0173
-37.5847
-38.1889
-38.8135
-44.9906
-44.3476
-43.9402
-43.9049
-44.4589
-45.3466
-46.2762
-46.9821
-47.2459
-46.8775
-45.8951
-44.5283
-43.0156
-41.6246
-40.6165
-40.1841
-40.0332
-39.823
-39.2793
-38.3442
-37.1575
-35.8857
-34.7284
-33.8872
-33.5136
-33.3763
-33.2141
-32.8326
-32.2301
-31.5976
-31.1773
-31.1793
-31.4619
-31.8403
-32.1446
-32.2412
-32.029
-31.5592
-31.0513
-30.7614
-30.9056
-31.3431
-31.886
-32.3535
-32.5939
-32.4725
-31.9925
-31.2949
-30.5298
-29.8692
-29.488
-29.5161
-29.7477
-29.9507
-29.9484
-29.7405
-29.5029
-29.4641
-29.8225
-30.4394
-31.134
-31.7355
-32.1085
-32.1482
-31.906
-31.6057
-31.5113
-31.8467
-32.464
-33.1684
-33.7773
-34.146
-34.1641
-33.8871
-33.5537
-33.4448
-33.7981
-34.4581
-35.2186
-35.8857
-36.3036
-36.3502
-36.0791
-35.737
-35.617
-35.9665
-36.6156
-37.3659
-38.0914
-38.8177
-44.288
-43.4419
-42.7141
-42.3789
-43.6363
-45.444
-47.2797
-48.7386
-49.5405
-49.1295
-47.5278
-45.3859
-43.0135
-40.8483
-39.3755
-39.5295
-40.1812
-40.6314
-40.2364
-38.9453
-37.2356
-35.3424
-33.6049
-32.4069
-32.4901
-32.9536
-33.2427
-32.8646
-31.8182
-30.6164
-29.7642
-30.0774
-30.8655
-31.7577
-32.4739
-32.8231
-32.4673
-31.4535
-30.3152
-29.5625
-30.0117
-30.9719
-32.0737
-33.0252
-33.6248
-33.4896
-32.6238
-31.4332
-30.1142
-28.9416
-28.2509
-28.6855
-29.4515
-30.0616
-30.0571
-29.4388
-28.6681
-28.2282
-28.8991
-30.0149
-31.2231
-32.2358
-32.8601
-32.7428
-31.9315
-30.9642
-30.3702
-30.9985
-32.1214
-33.3503
-34.3771
-34.9943
-34.8291
-33.9322
-32.8786
-32.2292
-32.8835
-34.0731
-35.3875
-36.5013
-37.1921
-37.0539
-36.1329
-35.0258
-34.3197
-34.9564
-36.0676
-37.1822
-37.9923
-38.6885
-42.7369
-42.366
-40.9226
-38.5598
-42.0212
-45.5011
-48.8263
-51.4412
-53.582
-53.0962
-49.9386
-46.5755
-42.7133
-39.0753
-35.792
-38.1585
-40.6196
-42.657
-42.4844
-40.1493
-37.5782
-34.5754
-31.7047
-29.082
-30.9191
-32.7825
-34.2326
-33.8593
-31.6303
-29.132
-26.6732
-28.2919
-30.1196
-31.9286
-33.3323
-34.4203
-33.8536
-31.5273
-29.0243
-26.6328
-28.3824
-30.3971
-32.4783
-34.2038
-35.7143
-35.5588
-33.7232
-31.7564
-29.4881
-27.3201
-25.3937
-27.3779
-29.3799
-31.0576
-31.0496
-29.3569
-27.3569
-25.3927
-27.3349
-29.4577
-31.5937
-33.2951
-34.6798
-34.3369
-32.1815
-29.7848
-27.4691
-29.4379
-31.6258
-33.8232
-35.5663
-36.9692
-36.5476
-34.2027
-31.6211
-29.1363
-31.1977
-33.508
-35.8449
-37.7255
-39.2738
-38.8844
-36.4547
-33.7367
-31.0886
-33.2628
-35.5143
-37.4366
-38.0567
-37.8783
-37.4462
-42.8344
-40.4552
-26.3541
-40.3797
-45.7813
-51.3958
-54.8268
-61.4061
-60.9107
-52.6456
-48.4839
-42.0908
-36.7917
-24.0732
-36.6516
-41.6683
-47.8656
-47.8469
-41.6934
-38.5431
-33.6183
-29.4476
-19.3356
-29.3105
-33.2069
-37.8484
-37.5267
-31.8307
-27.5912
-17.711
-26.2058
-29.4009
-32.6838
-34.646
-38.4005
-37.7743
-31.8562
-27.5731
-17.7404
-26.3719
-29.7268
-33.3958
-35.6924
-40.2033
-40.0481
-35.0118
-32.5142
-28.7178
-25.3511
-16.9054
-26.0448
-29.7758
-34.4812
-34.4686
-29.7175
-25.9944
-16.9321
-25.5111
-28.8813
-32.5902
-34.8107
-38.9874
-38.5408
-32.7788
-28.489
-18.3983
-27.5616
-31.1166
-34.9502
-37.245
-41.5712
-41.0353
-34.8136
-30.2238
-19.4965
-29.1531
-32.904
-36.9592
-39.4276
-44.1455
-43.6524
-37.1911
-32.3464
-20.9127
-31.4575
-35.4346
-39.5657
-39.2696
-33.4988
-38.8603
-39.1818
-39.4893
-39.7798
-40.0504
-40.2989
-40.5237
-40.7237
-40.8985
-41.0477
-41.1715
-41.2701
-41.3437
-41.3926
-41.417
-38.8702
-39.1951
-39.506
-39.7992
-40.072
-40.3221
-40.5479
-40.7485
-40.9235
-41.0726
-41.1962
-41.2945
-41.3679
-41.4165
-41.4408
-38.8897
-39.2221
-39.5396
-39.8385
-40.1158
-40.369
-40.5968
-40.7984
-40.9737
-41.1227
-41.2457
-41.3434
-41.4162
-41.4644
-41.4885
-38.9193
-39.2633
-39.5914
-39.8991
-40.1829
-40.4408
-40.6714
-40.8743
-41.0497
-41.198
-41.3201
-41.4167
-41.4885
-41.536
-41.5596
-38.9592
-39.3201
-39.663
-39.9828
-40.2756
-40.5393
-40.7731
-40.9771
-41.1521
-41.2992
-41.4195
-41.5143
-41.5845
-41.6308
-41.6539
-39.0101
-39.3943
-39.7574
-40.0929
-40.3968
-40.6672
-40.9041
-41.1084
-41.2819
-41.4265
-41.544
-41.636
-41.7038
-41.7485
-41.7706
-39.0731
-39.489
-39.8787
-40.2342
-40.551
-40.8281
-41.0669
-41.27
-41.4401
-41.5804
-41.6934
-41.7813
-41.8457
-41.8881
-41.909
-39.1503
-39.6094
-40.0339
-40.4136
-40.7443
-41.0269
-41.2651
-41.4638
-41.6276
-41.761
-41.8673
-41.9494
-42.0093
-42.0485
-42.0679
-39.2456
-39.7639
-40.2336
-40.6415
-40.9852
-41.2695
-41.5023
-41.6918
-41.8451
-41.9679
-42.0649
-42.1391
-42.1931
-42.2282
-42.2455
-39.3655
-39.9666
-40.4946
-40.9333
-41.2854
-41.5635
-41.7826
-41.9555
-42.0923
-42.2003
-42.2845
-42.3486
-42.395
-42.4252
-42.44
-39.5199
-40.242
-40.8446
-41.3111
-41.6592
-41.9165
-42.1088
-42.255
-42.3679
-42.4557
-42.5237
-42.5753
-42.6126
-42.6368
-42.6488
-39.7223
-40.6363
-41.33
-41.8065
-42.123
-42.3345
-42.4812
-42.5877
-42.6681
-42.7303
-42.7787
-42.8157
-42.8426
-42.8602
-42.869
-39.9912
-41.2499
-42.0319
-42.4605
-42.6899
-42.8168
-42.8937
-42.9463
-42.9862
-43.0183
-43.0445
-43.0654
-43.0813
-43.0919
-43.0973
-40.4044
-42.3396
-43.0883
-43.3139
-43.3577
-43.3482
-43.3303
-43.3175
-43.3118
-43.3116
-43.3149
-43.3197
-43.3245
-43.3283
-43.3303
-41.6418
-44.6141
-44.6671
-44.3492
-44.0771
-43.8872
-43.7618
-43.6816
-43.6315
-43.601
-43.5833
-43.5734
-43.5682
-43.5658
-43.5648
-50.3402
-50.3499
-50.37
-50.4018
-50.4476
-50.511
-50.5977
-50.7166
-50.8828
-51.1234
-51.4923
-52.1136
-53.3339
-56.3482
-66.1484
-50.5077
-50.5201
-50.5457
-50.5862
-50.6443
-50.7245
-50.8338
-50.9832
-51.1911
-51.49
-51.9418
-52.6751
-53.9821
-56.5619
-61.9901
-50.6665
-50.6811
-50.7111
-50.7583
-50.8256
-50.9179
-51.0421
-51.2092
-51.4362
-51.7504
-52.1957
-52.8383
-53.7465
-54.7975
-54.5433
-50.8153
-50.8314
-50.8645
-50.9163
-50.9897
-51.089
-51.2206
-51.3935
-51.6207
-51.9198
-52.3127
-52.8169
-53.4117
-53.9396
-53.978
-50.9528
-50.9699
-51.0049
-51.0594
-51.1358
-51.2378
-51.3704
-51.5402
-51.7552
-52.024
-52.3523
-52.7326
-53.1234
-53.4216
-53.5054
-51.0784
-51.0959
-51.1318
-51.1871
-51.264
-51.3653
-51.4944
-51.6554
-51.8523
-52.0871
-52.3558
-52.6411
-52.8993
-53.0524
-53.0253
-51.1917
-51.2093
-51.2451
-51.2999
-51.3754
-51.4734
-51.5962
-51.7458
-51.9231
-52.1265
-52.348
-52.5683
-52.7481
-52.8083
-52.5265
-51.2928
-51.3101
-51.345
-51.3984
-51.4711
-51.5644
-51.6794
-51.8168
-51.9759
-52.1532
-52.3408
-52.5236
-52.68
-52.8018
-53.0431
-51.3818
-51.3985
-51.4322
-51.4833
-51.5524
-51.6402
-51.747
-51.8728
-52.0159
-52.1729
-52.337
-52.4973
-52.6361
-52.7121
-52.5168
-51.4592
-51.4752
-51.5073
-51.5557
-51.6208
-51.7028
-51.8016
-51.9166
-52.0463
-52.1876
-52.3359
-52.4857
-52.6357
-52.8109
-53.2041
-51.5255
-51.5406
-51.5709
-51.6164
-51.6773
-51.7536
-51.8448
-51.9503
-52.0686
-52.1973
-52.3335
-52.4742
-52.6176
-52.7582
-52.8162
-51.5812
-51.5954
-51.6238
-51.6665
-51.7232
-51.7939
-51.8782
-51.9751
-52.0836
-52.2019
-52.328
-52.4606
-52.6016
-52.7629
-53.0108
-51.627
-51.6403
-51.6669
-51.7066
-51.7594
-51.8249
-51.9027
-51.992
-52.0918
-52.2009
-52.3177
-52.4413
-52.5714
-52.7072
-52.8367
-51.6635
-51.6759
-51.7007
-51.7376
-51.7866
-51.8473
-51.9191
-52.0015
-52.0936
-52.1944
-52.3027
-52.4174
-52.5372
-52.656
-52.7498
-51.6913
-51.7029
-51.7259
-51.7602
-51.8056
-51.8618
-51.9282
-52.0043
-52.0893
-52.1825
-52.283
-52.39
-52.5036
-52.622
-52.7325
-51.711
-51.7218
-51.7432
-51.775
-51.8172
-51.8692
-51.9306
-52.0009
-52.0795
-52.1655
-52.2585
-52.3581
-52.4666
-52.5935
-52.7928
-51.7232
-51.7332
-51.7531
-51.7827
-51.8217
-51.8699
-51.9268
-51.9918
-52.0643
-52.1437
-52.229
-52.3199
-52.4169
-52.5146
-52.5437
-51.7283
-51.7376
-51.7561
-51.7836
-51.8199
-51.8646
-51.9173
-51.9775
-52.0445
-52.1175
-52.1955
-52.2776
-52.3667
-52.4831
-52.7649
-51.7269
-51.7356
-51.7528
-51.7783
-51.8121
-51.8536
-51.9026
-51.9584
-52.0205
-52.0878
-52.1586
-52.2303
-52.2976
-52.3366
-52.1955
-51.7194
-51.7275
-51.7435
-51.7673
-51.7987
-51.8374
-51.8831
-51.9351
-51.9929
-52.0555
-52.1209
-52.186
-52.248
-52.3149
-52.5169
-51.7062
-51.7137
-51.7286
-51.7509
-51.7802
-51.8164
-51.859
-51.9078
-51.9621
-52.021
-52.0829
-52.144
-52.195
-52.1994
-51.9804
-51.6876
-51.6946
-51.7086
-51.7294
-51.7569
-51.7907
-51.8307
-51.8766
-51.928
-51.9844
-52.0451
-52.1088
-52.1744
-52.2388
-52.2929
-51.664
-51.6706
-51.6837
-51.7032
-51.7289
-51.7607
-51.7983
-51.8416
-51.8904
-51.9448
-52.0049
-52.0722
-52.1546
-52.2853
-52.6446
-51.6357
-51.6418
-51.6542
-51.6725
-51.6967
-51.7265
-51.7619
-51.8027
-51.8489
-51.9009
-51.9591
-52.025
-52.1013
-52.1726
-52.0626
-51.6029
-51.6087
-51.6203
-51.6376
-51.6603
-51.6884
-51.7217
-51.7601
-51.8036
-51.8525
-51.9074
-51.9707
-52.0515
-52.1856
-52.5912
-51.5659
-51.5714
-51.5824
-51.5987
-51.6201
-51.6466
-51.6779
-51.714
-51.7546
-51.7997
-51.8494
-51.9041
-51.9647
-52.0099
-51.8158
-51.5249
-51.5302
-51.5405
-51.556
-51.5763
-51.6013
-51.6309
-51.6647
-51.7024
-51.7436
-51.7873
-51.8333
-51.8886
-52
-52.4952
-51.4802
-51.4851
-51.495
-51.5097
-51.529
-51.5528
-51.5808
-51.6127
-51.6479
-51.6855
-51.723
-51.756
-51.7736
-51.7234
-51.2725
-51.4317
-51.4365
-51.446
-51.46
-51.4785
-51.5012
-51.528
-51.5584
-51.5919
-51.6271
-51.6613
-51.6892
-51.7055
-51.7247
-51.9871
-51.3798
-51.3844
-51.3935
-51.407
-51.4248
-51.4467
-51.4725
-51.502
-51.5346
-51.5693
-51.6033
-51.6305
-51.6355
-51.5568
-51.0944
-51.3246
-51.329
-51.3378
-51.3508
-51.3681
-51.3893
-51.4145
-51.4434
-51.476
-51.5117
-51.5494
-51.587
-51.6236
-51.6551
-51.675
-51.266
-51.2703
-51.2789
-51.2916
-51.3083
-51.3291
-51.3538
-51.3824
-51.4152
-51.4524
-51.4946
-51.5443
-51.6151
-51.7611
-52.2721
-51.2043
-51.2085
-51.2168
-51.2292
-51.2456
-51.266
-51.2903
-51.3186
-51.3514
-51.3894
-51.4337
-51.4871
-51.5543
-51.6131
-51.3977
-51.1394
-51.1435
-51.1517
-51.1639
-51.18
-51.2
-51.2239
-51.2518
-51.2841
-51.3217
-51.3658
-51.4202
-51.4992
-51.6552
-52.2057
-51.0714
-51.0755
-51.0835
-51.0956
-51.1114
-51.1311
-51.1546
-51.1819
-51.2133
-51.2491
-51.2897
-51.3362
-51.3908
-51.4229
-51.1134
-51.0004
-51.0044
-51.0124
-51.0243
-51.04
-51.0595
-51.0826
-51.1093
-51.1395
-51.1729
-51.2086
-51.2467
-51.2978
-51.4275
-52.0947
-50.9263
-50.9303
-50.9383
-50.9501
-50.9658
-50.9851
-51.008
-51.0343
-51.0636
-51.0947
-51.1249
-51.1481
-51.1501
-51.0584
-50.4114
-50.8492
-50.8532
-50.8612
-50.873
-50.8887
-50.9081
-50.931
-50.9573
-50.9864
-51.0169
-51.0451
-51.0642
-51.0674
-51.0746
-51.4131
-50.769
-50.773
-50.7811
-50.793
-50.8088
-50.8284
-50.8517
-50.8784
-50.9084
-50.9403
-50.9706
-50.9912
-50.982
-50.8601
-50.2206
-50.6858
-50.6898
-50.6979
-50.71
-50.726
-50.746
-50.7697
-50.7975
-50.8291
-50.8644
-50.9018
-50.939
-50.9748
-51.0044
-51.0203
-50.5994
-50.6035
-50.6118
-50.624
-50.6403
-50.6606
-50.685
-50.7138
-50.7474
-50.7865
-50.8321
-50.8877
-50.9719
-51.1579
-51.8345
-50.5099
-50.5141
-50.5225
-50.5349
-50.5515
-50.5722
-50.5972
-50.6269
-50.6621
-50.7039
-50.7541
-50.8166
-50.8983
-50.97
-50.6773
-50.4173
-50.4215
-50.43
-50.4426
-50.4595
-50.4806
-50.5061
-50.5364
-50.5722
-50.6149
-50.6664
-50.7322
-50.8316
-51.0348
-51.7655
-50.3213
-50.3256
-50.3343
-50.3471
-50.3643
-50.3857
-50.4115
-50.442
-50.4777
-50.5194
-50.5677
-50.6244
-50.6928
-50.7327
-50.3192
-50.2221
-50.2265
-50.2352
-50.2483
-50.2658
-50.2875
-50.3136
-50.3442
-50.3793
-50.4188
-50.4618
-50.5086
-50.5736
-50.745
-51.6355
-50.1195
-50.1239
-50.1329
-50.1462
-50.1639
-50.186
-50.2125
-50.2432
-50.2779
-50.3154
-50.352
-50.38
-50.3806
-50.2574
-49.3937
-50.0134
-50.018
-50.0271
-50.0407
-50.0588
-50.0813
-50.1083
-50.1396
-50.1748
-50.2121
-50.2469
-50.2704
-50.2736
-50.2833
-50.7368
-49.9039
-49.9085
-49.9178
-49.9317
-49.9502
-49.9733
-50.0011
-50.0335
-50.0703
-50.11
-50.1484
-50.1747
-50.1622
-50.0003
-49.1471
-49.7908
-49.7955
-49.805
-49.8191
-49.8381
-49.8618
-49.8905
-49.9244
-49.9638
-50.0085
-50.0568
-50.106
-50.1547
-50.1966
-50.2214
-49.6741
-49.6789
-49.6885
-49.7029
-49.7222
-49.7466
-49.7762
-49.8117
-49.8539
-49.9038
-49.9633
-50.0376
-50.1517
-50.4042
-51.3174
-49.5536
-49.5585
-49.5683
-49.5829
-49.6026
-49.6274
-49.6578
-49.6945
-49.7386
-49.7922
-49.858
-49.9416
-50.0527
-50.1524
-49.7636
-49.4295
-49.4344
-49.4443
-49.4591
-49.479
-49.5041
-49.535
-49.5722
-49.617
-49.6715
-49.7388
-49.8266
-49.9615
-50.239
-51.2329
-49.3015
-49.3065
-49.3164
-49.3313
-49.3514
-49.3767
-49.4076
-49.4447
-49.4888
-49.5414
-49.6038
-49.6789
-49.7713
-49.8276
-49.2721
-49.1698
-49.1747
-49.1847
-49.1997
-49.2197
-49.245
-49.2758
-49.3124
-49.3551
-49.404
-49.4583
-49.5191
-49.6063
-49.8403
-51.0551
-49.0341
-49.0391
-49.0491
-49.064
-49.0841
-49.1093
-49.1399
-49.1759
-49.2171
-49.2623
-49.3069
-49.341
-49.3394
-49.171
-47.997
-48.8947
-48.8997
-48.9096
-48.9245
-48.9445
-48.9696
-49.0001
-49.0359
-49.0766
-49.1203
-49.1612
-49.1878
-49.1882
-49.1993
-49.8183
-48.7514
-48.7563
-48.7662
-48.781
-48.8008
-48.826
-48.8565
-48.8927
-48.9343
-48.9798
-49.0239
-49.0526
-49.0297
-48.8048
-47.6401
-48.6044
-48.6092
-48.6189
-48.6335
-48.6532
-48.6782
-48.7089
-48.7458
-48.7894
-48.8398
-48.8955
-48.9532
-49.0114
-49.0622
-49.0925
-48.4535
-48.4583
-48.4678
-48.4821
-48.5015
-48.5262
-48.5569
-48.5943
-48.6399
-48.6956
-48.7641
-48.8536
-48.9981
-49.3329
-50.5712
-48.299
-48.3036
-48.3128
-48.3268
-48.3457
-48.3699
-48.4001
-48.4374
-48.4836
-48.5418
-48.6164
-48.7157
-48.8528
-48.9756
-48.4361
-48.1409
-48.1453
-48.1542
-48.1676
-48.1857
-48.2091
-48.2382
-48.2743
-48.3193
-48.3762
-48.4499
-48.5516
-48.7174
-49.0773
-50.4105
-47.9793
-47.9835
-47.9919
-48.0046
-48.0218
-48.0439
-48.0714
-48.1052
-48.1468
-48.1982
-48.2621
-48.343
-48.4473
-48.5024
-47.7305
-47.8143
-47.8183
-47.8261
-47.8381
-47.8541
-47.8747
-47.9
-47.9308
-47.9677
-48.0111
-48.0606
-48.1183
-48.2112
-48.5009
-50.1056
-47.6463
-47.6499
-47.6572
-47.6681
-47.6829
-47.7018
-47.7248
-47.7524
-47.7843
-47.8191
-47.8516
-47.8692
-47.8385
-47.5853
-45.9904
-47.4752
-47.4785
-47.4851
-47.4951
-47.5085
-47.5256
-47.5464
-47.5711
-47.5991
-47.6281
-47.6511
-47.6535
-47.6203
-47.6007
-48.3833
-47.3015
-47.3044
-47.3103
-47.3192
-47.3312
-47.3464
-47.3652
-47.3876
-47.4134
-47.4408
-47.463
-47.4627
-47.3927
-47.0582
-45.4978
-47.1252
-47.1278
-47.1329
-47.1407
-47.1512
-47.1646
-47.1813
-47.2018
-47.2268
-47.2564
-47.2887
-47.3201
-47.3487
-47.3661
-47.3619
-46.9467
-46.9489
-46.9532
-46.9598
-46.9687
-46.9801
-46.9946
-47.0132
-47.0373
-47.0694
-47.1133
-47.1796
-47.3126
-47.6882
-49.2288
-46.7663
-46.768
-46.7716
-46.7768
-46.7839
-46.7931
-46.805
-46.8208
-46.8425
-46.8737
-46.9202
-46.9928
-47.1079
-47.2004
-46.4505
-46.5842
-46.5855
-46.5882
-46.5921
-46.5973
-46.604
-46.6127
-46.6244
-46.6412
-46.6668
-46.7071
-46.7764
-46.9191
-47.2966
-48.8782
-46.4007
-46.4016
-46.4034
-46.4059
-46.4092
-46.4131
-46.4181
-46.4247
-46.4342
-46.4489
-46.4719
-46.5091
-46.5672
-46.5557
-45.5201
-46.2161
-46.2166
-46.2176
-46.2188
-46.2201
-46.2213
-46.2222
-46.223
-46.2238
-46.2246
-46.2249
-46.2273
-46.2637
-46.5251
-48.3386
-46.0307
-46.0309
-46.0311
-46.0311
-46.0307
-46.0292
-46.0264
-46.0215
-46.0135
-46
-45.9744
-45.922
-45.8039
-45.4158
-43.4462
-45.8446
-45.8446
-45.8442
-45.8433
-45.8414
-45.8378
-45.8318
-45.8223
-45.8074
-45.7832
-45.7405
-45.6623
-45.5315
-45.4039
-46.1684
-45.6582
-45.658
-45.6573
-45.6558
-45.6529
-45.6478
-45.6396
-45.627
-45.608
-45.5785
-45.5291
-45.4392
-45.2569
-44.7717
-42.9393
-45.4715
-45.4712
-45.4704
-45.4687
-45.4653
-45.4596
-45.4504
-45.4364
-45.4161
-45.3869
-45.3439
-45.2804
-45.1926
-45.0739
-44.932
-45.2845
-45.2843
-45.2837
-45.2821
-45.279
-45.2734
-45.2642
-45.2504
-45.2306
-45.2042
-45.171
-45.1383
-45.1499
-45.3913
-46.8323
-45.0972
-45.0972
-45.0971
-45.0962
-45.0939
-45.0893
-45.0813
-45.0685
-45.0501
-45.0255
-44.9955
-44.9656
-44.9477
-44.8745
-43.9364
-44.9094
-44.9098
-44.9104
-44.9107
-44.91
-44.9074
-44.9015
-44.8909
-44.874
-44.8498
-44.818
-44.7847
-44.7839
-44.9575
-46.1982
-44.7208
-44.7218
-44.7234
-44.7254
-44.727
-44.7273
-44.7248
-44.7177
-44.7034
-44.6788
-44.6394
-44.5812
-44.4989
-44.2984
-43.1311
-44.5312
-44.5327
-44.5358
-44.5399
-44.5445
-44.5488
-44.5512
-44.5496
-44.5402
-44.5173
-44.4719
-44.3944
-44.2962
-44.3096
-45.4563
-44.3399
-44.3422
-44.3468
-44.3534
-44.3618
-44.3712
-44.3804
-44.387
-44.3865
-44.3708
-44.3246
-44.222
-44.016
-43.533
-41.7893
-44.1466
-44.1497
-44.1559
-44.1653
-44.1779
-44.1935
-44.2113
-44.2295
-44.2437
-44.2448
-44.2144
-44.1214
-43.9282
-43.6309
-43.7121
-43.9506
-43.9544
-43.9622
-43.9744
-43.9914
-44.0138
-44.0419
-44.075
-44.1103
-44.14
-44.1454
-44.0906
-43.9126
-43.4651
-42.2355
-43.7516
-43.7559
-43.765
-43.7796
-43.8007
-43.8298
-43.8688
-43.9191
-43.9811
-44.0512
-44.1162
-44.1454
-44.084
-43.8415
-43.3731
-43.549
-43.5537
-43.5636
-43.5798
-43.604
-43.6388
-43.6877
-43.7552
-43.8465
-43.9654
-44.1099
-44.263
-44.3814
-44.3739
-44.1915
-43.3427
-43.3473
-43.3573
-43.3738
-43.3994
-43.4375
-43.4935
-43.575
-43.6929
-43.8612
-44.0954
-44.4047
-44.7661
-45.0268
-44.8094
-43.1327
-43.1369
-43.1458
-43.1612
-43.1857
-43.2236
-43.2816
-43.3698
-43.5044
-43.7105
-44.0267
-44.5104
-45.2207
-46.0109
-45.3624
-42.9195
-42.9225
-42.9294
-42.9417
-42.9622
-42.9954
-43.0484
-43.1326
-43.2665
-43.4825
-43.8395
-44.4587
-45.62
-47.9932
-53.2018
-42.7036
-42.7051
-42.7087
-42.716
-42.7294
-42.7531
-42.7935
-42.8608
-42.9719
-43.156
-43.4681
-44.0307
-45.178
-48.0053
-56.9336
-58.5051
-49.3742
-46.4544
-45.2563
-44.6592
-44.3211
-44.116
-43.9877
-43.9062
-43.8543
-43.8215
-43.8009
-43.7885
-43.7815
-43.7783
-55.0571
-49.3872
-46.8838
-45.6637
-45.0068
-44.6224
-44.3848
-44.2335
-44.1353
-44.0711
-44.029
-44.0017
-43.9845
-43.9745
-43.9698
-46.2206
-47.2004
-46.4223
-45.6798
-45.1634
-44.8209
-44.5939
-44.4425
-44.3408
-44.2722
-44.2259
-44.1951
-44.1751
-44.1632
-44.1577
-46.041
-46.2332
-45.9366
-45.5386
-45.1977
-44.9385
-44.7505
-44.617
-44.5231
-44.4574
-44.4117
-44.3804
-44.3597
-44.3471
-44.3412
-45.7338
-45.6046
-45.5215
-45.3577
-45.1734
-45.006
-44.8694
-44.7642
-44.6858
-44.6284
-44.587
-44.5578
-44.5381
-44.5259
-44.5201
-44.3081
-44.9429
-45.1629
-45.191
-45.1355
-45.0513
-44.9665
-44.893
-44.8338
-44.7879
-44.7534
-44.7283
-44.7108
-44.6999
-44.6946
-43.6613
-44.5684
-44.9378
-45.0821
-45.1159
-45.0961
-45.0558
-45.0121
-44.9724
-44.9392
-44.9129
-44.8929
-44.8786
-44.8694
-44.8649
-44.4238
-44.5664
-44.8693
-45.0497
-45.1317
-45.1545
-45.1475
-45.1285
-45.1065
-45.0855
-45.0675
-45.053
-45.0423
-45.0352
-45.0317
-43.0598
-44.4522
-44.8861
-45.0855
-45.1868
-45.2327
-45.2478
-45.2473
-45.2396
-45.2294
-45.2191
-45.2101
-45.2029
-45.198
-45.1955
-45.7621
-45.0027
-45.066
-45.1892
-45.2788
-45.3316
-45.359
-45.3711
-45.3745
-45.3731
-45.3695
-45.3653
-45.3615
-45.3587
-45.3572
-43.9703
-44.9808
-45.2045
-45.3162
-45.3945
-45.4473
-45.4809
-45.5012
-45.5125
-45.518
-45.5199
-45.5198
-45.5189
-45.518
-45.5174
-46.4357
-45.5044
-45.4212
-45.4662
-45.526
-45.5757
-45.6122
-45.6377
-45.6545
-45.6651
-45.6712
-45.6744
-45.6759
-45.6765
-45.6767
-44.6006
-45.438
-45.5492
-45.6057
-45.6628
-45.7125
-45.7513
-45.7802
-45.8008
-45.8149
-45.8241
-45.8298
-45.8331
-45.8348
-45.8356
-47.0426
-45.8748
-45.7156
-45.7444
-45.8032
-45.856
-45.8974
-45.9287
-45.9516
-45.9678
-45.9789
-45.9863
-45.9908
-45.9934
-45.9946
-45.4488
-45.6101
-45.7517
-45.8622
-45.9459
-46.0066
-46.0507
-46.0831
-46.1069
-46.124
-46.136
-46.1442
-46.1494
-46.1525
-46.1539
-43.7488
-45.3582
-45.8098
-45.9983
-46.1028
-46.1681
-46.2122
-46.2437
-46.2667
-46.2834
-46.2954
-46.3036
-46.309
-46.3123
-46.3138
-46.537
-45.9091
-46.0509
-46.1927
-46.2851
-46.3436
-46.3825
-46.4103
-46.4308
-46.4459
-46.4568
-46.4645
-46.4696
-46.4728
-46.4742
-44.1671
-45.9247
-46.2923
-46.4211
-46.4894
-46.5318
-46.5607
-46.5821
-46.5985
-46.6109
-46.6201
-46.6267
-46.6312
-46.6339
-46.6352
-48.474
-46.9046
-46.6998
-46.6913
-46.7101
-46.7287
-46.7443
-46.7576
-46.7688
-46.7778
-46.7848
-46.7899
-46.7935
-46.7956
-46.7967
-45.9848
-46.936
-46.9714
-46.9423
-46.9292
-46.9268
-46.9295
-46.9347
-46.9405
-46.9459
-46.9504
-46.9538
-46.9562
-46.9577
-46.9584
-48.9923
-47.6024
-47.288
-47.182
-47.1393
-47.1207
-47.1132
-47.1114
-47.1124
-47.1143
-47.1163
-47.1179
-47.1191
-47.1198
-47.1202
-46.819
-47.5209
-47.4602
-47.3775
-47.3309
-47.3061
-47.293
-47.2864
-47.2835
-47.2823
-47.282
-47.2818
-47.2818
-47.2817
-47.2817
-49.3472
-47.9681
-47.6481
-47.5478
-47.5059
-47.4828
-47.4682
-47.4591
-47.4533
-47.4496
-47.4471
-47.4453
-47.444
-47.4432
-47.4428
-47.6553
-47.6789
-47.6837
-47.6772
-47.6661
-47.6527
-47.6399
-47.6295
-47.6216
-47.6157
-47.6112
-47.6079
-47.6055
-47.6039
-47.6031
-45.9526
-47.4019
-47.7273
-47.8096
-47.8265
-47.8214
-47.81
-47.7984
-47.7884
-47.7805
-47.7742
-47.7694
-47.7659
-47.7636
-47.7625
-48.607
-47.9045
-47.94
-47.9873
-48.0005
-47.9939
-47.9802
-47.9662
-47.9538
-47.9437
-47.9357
-47.9296
-47.9251
-47.9221
-47.9206
-46.3965
-47.8938
-48.1447
-48.1886
-48.1867
-48.1705
-48.1509
-48.1329
-48.1176
-48.1053
-48.0956
-48.0881
-48.0827
-48.0791
-48.0774
-50.225
-48.7478
-48.4933
-48.4214
-48.3814
-48.3487
-48.3207
-48.2977
-48.2793
-48.2648
-48.2534
-48.2448
-48.2385
-48.2344
-48.2324
-48.0112
-48.7519
-48.7153
-48.632
-48.5695
-48.5229
-48.4871
-48.4595
-48.4382
-48.4217
-48.409
-48.3994
-48.3924
-48.3879
-48.3856
-50.5345
-49.2949
-48.9702
-48.8278
-48.7452
-48.6889
-48.6478
-48.6171
-48.5937
-48.5758
-48.5621
-48.5517
-48.5442
-48.5393
-48.5369
-48.6775
-49.2017
-49.0985
-48.9821
-48.9011
-48.8437
-48.8014
-48.7696
-48.7454
-48.7267
-48.7124
-48.7015
-48.6937
-48.6886
-48.6861
-50.71
-49.5434
-49.2364
-49.1114
-49.0392
-48.9875
-48.9478
-48.917
-48.8931
-48.8744
-48.8599
-48.8489
-48.8409
-48.8357
-48.8331
-49.3091
-49.2874
-49.2481
-49.204
-49.1615
-49.1222
-49.088
-49.0598
-49.037
-49.0189
-49.0047
-48.9937
-48.9857
-48.9805
-48.9779
-47.9282
-49.0428
-49.2635
-49.2952
-49.2803
-49.2527
-49.2241
-49.1988
-49.1777
-49.1605
-49.1467
-49.1361
-49.1283
-49.1231
-49.1206
-50.0115
-49.4183
-49.4102
-49.4186
-49.4065
-49.3833
-49.3581
-49.3351
-49.3155
-49.2993
-49.2863
-49.2761
-49.2685
-49.2635
-49.261
-48.2782
-49.3865
-49.5457
-49.5562
-49.5389
-49.5148
-49.4906
-49.4692
-49.4509
-49.4358
-49.4235
-49.4138
-49.4066
-49.4018
-49.3994
-51.1903
-50.0131
-49.7847
-49.7128
-49.6746
-49.6457
-49.6214
-49.601
-49.5841
-49.57
-49.5585
-49.5494
-49.5426
-49.538
-49.5357
-49.5143
-49.9801
-49.9153
-49.8459
-49.8027
-49.7727
-49.7495
-49.7307
-49.7151
-49.7022
-49.6916
-49.683
-49.6766
-49.6723
-49.6701
-51.3815
-50.3147
-50.0495
-49.9605
-49.9202
-49.8945
-49.8746
-49.8582
-49.8443
-49.8326
-49.8228
-49.8148
-49.8088
-49.8047
-49.8026
-50.132
-50.092
-50.0614
-50.0413
-50.0262
-50.0116
-49.9973
-49.984
-49.972
-49.9614
-49.9524
-49.9449
-49.9392
-49.9353
-49.9333
-48.9147
-49.8619
-50.0662
-50.1184
-50.1307
-50.128
-50.1193
-50.1089
-50.0986
-50.0889
-50.0805
-50.0734
-50.068
-50.0642
-50.0623
-50.6446
-50.1472
-50.1767
-50.223
-50.2444
-50.248
-50.2427
-50.234
-50.2245
-50.2155
-50.2073
-50.2005
-50.1952
-50.1915
-50.1897
-49.1235
-50.0659
-50.2759
-50.3448
-50.3694
-50.3735
-50.3683
-50.3597
-50.3502
-50.3411
-50.333
-50.3261
-50.3209
-50.3172
-50.3154
-51.1351
-50.4925
-50.4731
-50.4971
-50.5074
-50.5051
-50.4965
-50.486
-50.4755
-50.4658
-50.4574
-50.4504
-50.445
-50.4414
-50.4395
-49.4141
-50.4855
-50.6404
-50.6589
-50.653
-50.6404
-50.6261
-50.6124
-50.6001
-50.5895
-50.5805
-50.5732
-50.5677
-50.5639
-50.562
-52.2463
-51.1145
-50.9027
-50.8372
-50.8023
-50.7764
-50.7553
-50.7379
-50.7236
-50.7118
-50.7021
-50.6945
-50.6887
-50.6849
-50.6829
-50.5751
-51.1038
-51.0636
-50.9942
-50.9444
-50.9086
-50.8819
-50.8613
-50.8452
-50.8324
-50.8221
-50.8141
-50.8081
-50.8041
-50.8022
-52.4031
-51.4877
-51.2448
-51.1375
-51.0756
-51.0341
-51.0042
-50.9818
-50.9645
-50.951
-50.9403
-50.9319
-50.9258
-50.9217
-50.9197
-51.0077
-51.4041
-51.3321
-51.249
-51.1915
-51.1512
-51.1214
-51.0988
-51.0812
-51.0674
-51.0565
-51.048
-51.0418
-51.0376
-51.0356
-52.5037
-51.6453
-51.4273
-51.3426
-51.2947
-51.2604
-51.2336
-51.2123
-51.1953
-51.1816
-51.1707
-51.1622
-51.1559
-51.1518
-51.1497
-51.4359
-51.4411
-51.4302
-51.4104
-51.3875
-51.3639
-51.342
-51.3229
-51.3069
-51.2937
-51.283
-51.2746
-51.2684
-51.2642
-51.2622
-50.368
-51.2477
-51.4393
-51.4802
-51.4799
-51.4659
-51.4485
-51.4315
-51.4166
-51.4039
-51.3934
-51.3852
-51.379
-51.375
-51.3729
-51.9544
-51.5315
-51.5533
-51.5786
-51.5809
-51.57
-51.5545
-51.5388
-51.5246
-51.5123
-51.5022
-51.4941
-51.488
-51.484
-51.482
-50.5756
-51.5059
-51.6649
-51.6929
-51.6901
-51.6769
-51.6608
-51.6452
-51.6311
-51.6191
-51.6092
-51.6013
-51.5953
-51.5914
-51.5894
-52.913
-52.0154
-51.8677
-51.8284
-51.8056
-51.7854
-51.7668
-51.7504
-51.7363
-51.7244
-51.7146
-51.7068
-51.701
-51.6971
-51.6952
-51.5173
-52.0038
-51.9954
-51.9523
-51.9187
-51.8925
-51.8714
-51.8541
-51.8398
-51.828
-51.8184
-51.8108
-51.8051
-51.8013
-51.7994
-53.0978
-52.3355
-52.1473
-52.0696
-52.0257
-51.9958
-51.9733
-51.9557
-51.9415
-51.9299
-51.9206
-51.9131
-51.9076
-51.9039
-51.9021
-51.8992
-52.268
-52.2226
-52.1632
-52.1223
-52.0936
-52.072
-52.055
-52.0413
-52.0302
-52.0212
-52.014
-52.0086
-52.0051
-52.0033
-53.2334
-52.4877
-52.3079
-52.2437
-52.2098
-52.1861
-52.1673
-52.152
-52.1394
-52.1289
-52.1203
-52.1134
-52.1082
-52.1047
-52.103
-52.3015
-52.3141
-52.3129
-52.3031
-52.2897
-52.2748
-52.2604
-52.2473
-52.2359
-52.2262
-52.218
-52.2114
-52.2064
-52.203
-52.2013
-51.3632
-52.1496
-52.3239
-52.365
-52.3699
-52.363
-52.3524
-52.3414
-52.3312
-52.3222
-52.3144
-52.3081
-52.3032
-52.2999
-52.2982
-52.7922
-52.4099
-52.4276
-52.4518
-52.4579
-52.4534
-52.4447
-52.4351
-52.4257
-52.4172
-52.4098
-52.4036
-52.3988
-52.3955
-52.3938
-51.5777
-52.3921
-52.5267
-52.5513
-52.5525
-52.5464
-52.5378
-52.5285
-52.5196
-52.5114
-52.504
-52.4979
-52.4931
-52.4898
-52.4881
-53.6654
-52.8459
-52.7024
-52.6668
-52.6518
-52.641
-52.6312
-52.6218
-52.613
-52.6047
-52.5974
-52.5911
-52.5862
-52.5828
-52.581
-52.4585
-52.8301
-52.8034
-52.7678
-52.7476
-52.7347
-52.7243
-52.7148
-52.7058
-52.6974
-52.6898
-52.6832
-52.678
-52.6744
-52.6726
-53.8687
-53.0907
-52.9105
-52.858
-52.838
-52.8264
-52.8167
-52.8074
-52.7983
-52.7895
-52.7813
-52.7743
-52.7686
-52.7647
-52.7627
-52.9476
-52.9358
-52.929
-52.9255
-52.9221
-52.9165
-52.9089
-52.9
-52.8905
-52.881
-52.872
-52.8642
-52.8579
-52.8535
-52.8513
-52.0362
-52.7772
-52.9453
-52.9931
-53.0072
-53.0079
-53.0021
-52.9931
-52.9826
-52.9719
-52.9618
-52.9529
-52.9457
-52.9407
-52.9382
-53.3933
-53.0163
-53.045
-53.0839
-53.1013
-53.1035
-53.0974
-53.0871
-53.075
-53.0625
-53.0506
-53.0402
-53.0319
-53.0261
-53.0232
-52.2321
-52.9735
-53.1378
-53.1896
-53.2055
-53.2048
-53.1957
-53.1824
-53.1675
-53.1524
-53.1383
-53.126
-53.1162
-53.1094
-53.106
-53.8434
-53.3312
-53.3086
-53.3202
-53.3209
-53.3118
-53.2968
-53.279
-53.2601
-53.2416
-53.2247
-53.21
-53.1984
-53.1903
-53.1862
-52.5255
-53.3488
-53.4557
-53.4582
-53.443
-53.4227
-53.4
-53.3762
-53.3524
-53.3298
-53.3093
-53.2918
-53.2779
-53.2684
-53.2636
-54.7793
-53.8638
-53.6752
-53.6085
-53.5684
-53.5352
-53.5038
-53.4733
-53.4439
-53.4164
-53.3917
-53.3708
-53.3544
-53.3432
-53.3374
-53.5275
-53.874
-53.8102
-53.7403
-53.6887
-53.6462
-53.6071
-53.5697
-53.5341
-53.501
-53.4715
-53.4467
-53.4273
-53.414
-53.4072
-54.9983
-54.169
-53.9492
-53.8594
-53.8027
-53.7548
-53.7092
-53.6649
-53.6224
-53.5831
-53.5481
-53.5187
-53.4958
-53.4802
-53.4722
-54.0832
-54.0408
-53.9981
-53.9555
-53.9103
-53.8616
-53.8105
-53.7588
-53.7086
-53.662
-53.6207
-53.5861
-53.5592
-53.5409
-53.5317
-53.1981
-53.9128
-54.0468
-54.0533
-54.0202
-53.9702
-53.9122
-53.8516
-53.7923
-53.7372
-53.6886
-53.648
-53.6167
-53.5954
-53.5846
-54.5835
-54.188
-54.1841
-54.1785
-54.1419
-54.0842
-54.0156
-53.9435
-53.8731
-53.808
-53.7509
-53.7035
-53.6671
-53.6425
-53.63
-53.4777
-54.1913
-54.3225
-54.3252
-54.2781
-54.2057
-54.1215
-54.0342
-53.9501
-53.8732
-53.8063
-53.7513
-53.7093
-53.681
-53.6668
-55.1001
-54.5989
-54.55
-54.5067
-54.4318
-54.3354
-54.2294
-54.1228
-54.022
-53.9314
-53.8535
-53.7901
-53.742
-53.7098
-53.6936
-53.8474
-54.6926
-54.7736
-54.7099
-54.6005
-54.4719
-54.3377
-54.2072
-54.0869
-53.9806
-53.8907
-53.8182
-53.7637
-53.7274
-53.7092
-56.2075
-55.3169
-55.0978
-54.9448
-54.7827
-54.6122
-54.4433
-54.2847
-54.1421
-54.0186
-53.9157
-53.8337
-53.7727
-53.7323
-53.7122
-54.9865
-55.475
-55.376
-55.186
-54.9707
-54.7513
-54.5418
-54.351
-54.1839
-54.0422
-53.9261
-53.8348
-53.7674
-53.7231
-53.7011
-56.9828
-56.0413
-55.7173
-55.4447
-55.1618
-54.8837
-54.6272
-54.401
-54.2081
-54.0481
-53.9192
-53.8192
-53.7462
-53.6984
-53.6748
-56.0761
-56.1787
-56.0229
-55.7105
-55.3495
-55.0011
-54.6914
-54.4278
-54.2094
-54.0323
-53.8922
-53.785
-53.7074
-53.6569
-53.6321
-55.098
-56.4958
-56.4373
-56.01
-55.5287
-55.0918
-54.7237
-54.4232
-54.182
-53.991
-53.8424
-53.7302
-53.6497
-53.5977
-53.5722
-58.7588
-57.8242
-57.1077
-56.3472
-55.677
-55.1348
-54.7091
-54.3774
-54.1197
-53.9201
-53.7674
-53.6533
-53.5722
-53.52
-53.4945
-57.4583
-59.0014
-57.8086
-56.6216
-55.7364
-55.097
-54.6291
-54.2804
-54.0169
-53.8168
-53.6656
-53.5537
-53.4745
-53.4239
-53.3992
-70.2827
-62.0784
-58.5056
-56.6864
-55.6253
-54.9402
-54.4665
-54.1241
-53.8701
-53.6795
-53.5365
-53.4313
-53.3571
-53.3098
-53.2868
-73.6072
-61.9392
-57.9848
-56.2249
-55.253
-54.6367
-54.2126
-53.9065
-53.6794
-53.509
-53.3813
-53.2873
-53.2211
-53.1789
-53.1583
-42.4646
-42.4638
-42.4627
-42.4625
-42.4651
-42.4735
-42.4924
-42.5285
-42.5922
-42.6982
-42.866
-43.1135
-43.4089
-43.3565
-40.5061
-42.204
-42.2001
-42.1928
-42.1825
-42.1703
-42.1576
-42.1463
-42.1385
-42.1356
-42.1361
-42.1271
-42.0652
-41.827
-41.0817
-39.1792
-41.9466
-41.9394
-41.9251
-41.9037
-41.8753
-41.8398
-41.7964
-41.7433
-41.6758
-41.5826
-41.4389
-41.1933
-40.7516
-39.9625
-38.7006
-41.6957
-41.6852
-41.6638
-41.6313
-41.5869
-41.5293
-41.4559
-41.3626
-41.2415
-41.0789
-40.8508
-40.5175
-40.0248
-39.3155
-38.3833
-41.4549
-41.4411
-41.4131
-41.3702
-41.3112
-41.2339
-41.135
-41.0093
-40.8486
-40.6403
-40.3659
-39.9998
-39.514
-38.8905
-38.1435
-41.2273
-41.2105
-41.1767
-41.1247
-41.0531
-40.9596
-40.8405
-40.6908
-40.5032
-40.2679
-39.972
-39.6004
-39.1404
-38.5883
-37.9592
-41.0158
-40.9966
-40.9577
-40.8981
-40.8164
-40.7101
-40.5761
-40.4098
-40.2055
-39.956
-39.6533
-39.2891
-38.8584
-38.363
-37.8152
-40.823
-40.8017
-40.7588
-40.6932
-40.6036
-40.4878
-40.3432
-40.1662
-39.9525
-39.6973
-39.3957
-39.0439
-38.6407
-38.1897
-37.7006
-40.6509
-40.628
-40.5819
-40.5117
-40.4163
-40.2938
-40.1422
-39.9588
-39.7405
-39.4845
-39.188
-38.8497
-38.4703
-38.0539
-37.6082
-40.501
-40.477
-40.4285
-40.355
-40.2554
-40.1284
-39.9724
-39.7855
-39.5658
-39.3116
-39.0217
-38.6961
-38.3366
-37.9469
-37.5334
-40.3747
-40.3498
-40.2997
-40.2238
-40.1213
-39.9914
-39.8328
-39.6444
-39.425
-39.1737
-38.8905
-38.576
-38.2323
-37.8631
-37.4736
-40.2729
-40.2473
-40.196
-40.1185
-40.0143
-39.8826
-39.7226
-39.5338
-39.3154
-39.0673
-38.7899
-38.4844
-38.153
-37.7992
-37.4272
-40.196
-40.17
-40.118
-40.0394
-39.9341
-39.8014
-39.6408
-39.4521
-39.2349
-38.9896
-38.7169
-38.4182
-38.0957
-37.7527
-37.3931
-40.1446
-40.1184
-40.0658
-39.9867
-39.8807
-39.7475
-39.5867
-39.3982
-39.1821
-38.9388
-38.6693
-38.3751
-38.0585
-37.7225
-37.3706
-40.1188
-40.0925
-40.0397
-39.9604
-39.8541
-39.7206
-39.5598
-39.3715
-39.156
-38.9137
-38.6458
-38.3538
-38.0401
-37.7075
-37.3594
-32.5413
-37.9402
-38.153
-34.0933
-30.2197
-20.0175
-30.8744
-35.4218
-41.401
-41.7643
-37.0958
-34.6333
-30.5843
-26.9558
-17.8186
-27.275
-31.1103
-35.9344
-35.8529
-30.7816
-26.8039
-17.1966
-25.5611
-28.7251
-31.9795
-34.0007
-37.9713
-37.4595
-31.727
-27.4576
-17.493
-25.8396
-28.974
-32.1619
-34.1637
-38.1318
-37.6287
-31.9197
-27.6719
-17.7325
-26.3157
-29.6488
-33.2627
-35.6362
-40.4544
-40.4522
-35.6404
-33.1751
-29.2499
-25.7977
-17.1507
-26.3053
-30.1002
-35.0068
-35.0757
-30.3963
-26.6481
-17.3839
-26.1271
-29.6187
-33.5489
-36.0527
-40.9672
-40.7893
-35.1936
-30.8113
-20.0955
-30.3126
-34.4392
-39.1733
-42.1937
-48.1155
-47.9804
-41.5085
-36.3744
-23.7167
-35.9547
-40.897
-46.5737
-50.1375
-57.062
-56.7904
-48.8722
-42.6281
-27.4257
-41.4277
-46.5837
-51.649
-50.9084
-42.4805
-36.6679
-36.7461
-36.0692
-34.1415
-31.902
-29.7268
-32.165
-34.6595
-36.8519
-37.101
-35.4891
-33.5629
-31.1857
-28.8381
-26.6805
-28.6373
-30.6247
-32.2674
-32.1437
-30.2386
-27.9866
-25.7102
-27.3938
-29.2672
-31.1236
-32.604
-33.8047
-33.3327
-31.0836
-28.5837
-26.111
-27.7032
-29.5241
-31.3428
-32.8088
-34.0136
-33.5618
-31.35
-28.9065
-26.5251
-28.2839
-30.3181
-32.4337
-34.2478
-35.9092
-35.8872
-34.1716
-32.257
-29.9774
-27.7825
-25.8178
-27.822
-29.8874
-31.668
-31.7458
-30.1224
-28.1619
-26.221
-28.2773
-30.5578
-32.9127
-34.8982
-36.6568
-36.5914
-34.6349
-32.355
-30.1432
-32.5988
-35.3333
-38.1803
-40.5956
-42.7533
-42.7506
-40.5162
-37.8742
-35.3002
-38.2608
-41.5242
-44.8948
-47.7042
-50.1521
-49.9864
-47.1025
-43.6814
-40.2226
-43.0853
-45.9452
-48.2369
-48.7238
-48.0213
-37.3811
-36.6392
-35.786
-34.6382
-33.491
-32.7926
-33.3741
-34.3316
-35.1008
-35.1171
-34.3348
-33.1416
-31.7439
-30.4466
-29.6175
-29.9554
-30.6351
-31.144
-30.9993
-30.1947
-29.2044
-28.5212
-28.9531
-29.8338
-30.8089
-31.6102
-32.0466
-31.7651
-30.8013
-29.6704
-28.8757
-29.2375
-30.0774
-31.0316
-31.8303
-32.2809
-32.0298
-31.1139
-30.0522
-29.3558
-29.8556
-30.8705
-32.039
-33.0797
-33.7888
-33.7612
-32.9899
-31.8648
-30.5835
-29.4359
-28.7704
-29.2507
-30.0851
-30.7816
-30.8659
-30.3344
-29.648
-29.3024
-30.105
-31.3902
-32.8087
-34.071
-34.9735
-35.1169
-34.5423
-33.8011
-33.4701
-34.4836
-36.0659
-37.8093
-39.3687
-40.5027
-40.7346
-40.111
-39.2766
-38.9142
-40.1308
-41.9975
-44.0242
-45.7917
-47.0061
-47.0966
-46.1069
-44.789
-43.9166
-44.7472
-46.125
-47.4241
-48.2518
-48.871
-37.4533
-36.6921
-35.9266
-35.1334
-34.4331
-34.0152
-34.0414
-34.2744
-34.4333
-34.2829
-33.7715
-33.0145
-32.1573
-31.3806
-30.8736
-30.7809
-30.8911
-30.9614
-30.8049
-30.4178
-29.9799
-29.7264
-29.8659
-30.2643
-30.7444
-31.1417
-31.3223
-31.18
-30.7594
-30.2732
-29.9749
-30.0835
-30.4662
-30.9444
-31.3533
-31.5588
-31.4551
-31.0878
-30.6721
-30.4643
-30.6859
-31.2019
-31.8287
-32.3892
-32.7293
-32.7068
-32.3179
-31.6979
-30.9976
-30.3952
-30.0732
-30.1697
-30.482
-30.7768
-30.8733
-30.7698
-30.6438
-30.7305
-31.238
-32.031
-32.9301
-33.762
-34.3836
-34.6767
-34.6902
-34.6567
-34.8611
-35.5497
-36.567
-37.7035
-38.7549
-39.5512
-39.951
-40.0097
-39.9993
-40.2548
-41.0652
-42.2405
-43.527
-44.6758
-45.4789
-45.7625
-45.584
-45.2555
-45.1586
-45.6211
-46.4182
-47.2903
-48.08
-48.8351
-37.4082
-36.7501
-36.1067
-35.4942
-34.9682
-34.5974
-34.4106
-34.3234
-34.2107
-33.968
-33.5615
-33.0311
-32.4542
-31.9258
-31.5327
-31.314
-31.2043
-31.1051
-30.9424
-30.714
-30.4897
-30.3652
-30.4058
-30.577
-30.7991
-30.9849
-31.0629
-30.9956
-30.8119
-30.6055
-30.488
-30.5351
-30.7173
-30.9574
-31.1693
-31.2824
-31.26
-31.1319
-30.9927
-30.9548
-31.0927
-31.3739
-31.7144
-32.0166
-32.1925
-32.1805
-31.979
-31.6469
-31.2713
-30.9512
-30.7737
-30.7785
-30.9045
-31.0581
-31.1693
-31.2378
-31.3339
-31.5531
-31.9602
-32.5195
-33.1488
-33.7566
-34.267
-34.6396
-34.9063
-35.1702
-35.5551
-36.1432
-36.8965
-37.7208
-38.5089
-39.1711
-39.6589
-40.0084
-40.3396
-40.7967
-41.4743
-42.3237
-43.2286
-44.0578
-44.7003
-45.0941
-45.2776
-45.3885
-45.5953
-46.0135
-46.6039
-47.2752
-47.9582
-48.6414
-37.3466
-36.7868
-36.2416
-35.7301
-35.2794
-34.9142
-34.6361
-34.4084
-34.1751
-33.8884
-33.5297
-33.1144
-32.6807
-32.276
-31.9406
-31.6897
-31.5021
-31.3399
-31.1742
-31.0039
-30.8557
-30.7663
-30.7574
-30.8162
-30.9061
-30.9834
-31.0127
-30.9788
-30.8972
-30.8095
-30.7644
-30.7921
-30.8854
-31.011
-31.1276
-31.2011
-31.2173
-31.1922
-31.1678
-31.1921
-31.2934
-31.461
-31.6554
-31.8261
-31.9265
-31.9274
-31.8284
-31.6587
-31.4656
-31.3022
-31.212
-31.2132
-31.2876
-31.4009
-31.527
-31.6665
-31.8471
-32.1056
-32.4637
-32.9075
-33.3987
-33.8918
-34.3493
-34.7553
-35.1269
-35.5099
-35.9568
-36.4991
-37.1244
-37.7904
-38.4444
-39.0426
-39.566
-40.0339
-40.4988
-41.0215
-41.6366
-42.327
-43.0395
-43.7089
-44.2802
-44.7288
-45.0758
-45.3838
-45.7277
-46.158
-46.6734
-47.2434
-47.8363
-48.4334
-37.2871
-36.8022
-36.3277
-35.8779
-35.4672
-35.105
-34.7888
-34.5011
-34.2162
-33.912
-33.5791
-33.224
-32.8652
-32.5261
-32.2264
-31.974
-31.763
-31.5795
-31.4126
-31.2618
-31.1369
-31.0512
-31.0114
-31.0106
-31.031
-31.0511
-31.0533
-31.0309
-30.991
-30.9523
-30.9359
-30.9547
-31.0068
-31.0777
-31.1481
-31.2023
-31.2342
-31.2516
-31.2729
-31.3184
-31.3991
-31.5096
-31.6308
-31.7369
-31.8042
-31.8184
-31.78
-31.7045
-31.6175
-31.5478
-31.519
-31.5425
-31.6151
-31.7257
-31.8657
-32.0362
-32.2481
-32.5152
-32.844
-33.2273
-33.6464
-34.0787
-34.5059
-34.9208
-35.3314
-35.7576
-36.2215
-36.7355
-37.2941
-37.8776
-38.4606
-39.022
-39.5534
-40.0637
-40.5753
-41.1133
-41.6905
-42.2988
-42.913
-43.5012
-44.037
-44.5098
-44.9304
-45.3276
-45.736
-46.18
-46.6643
-47.1789
-47.7085
-48.2388
-37.2327
-36.8021
-36.3777
-35.9692
-35.585
-35.2292
-34.9
-34.5892
-34.2849
-33.9767
-33.6602
-33.3387
-33.0211
-32.7194
-32.4435
-32.1987
-31.984
-31.795
-31.6278
-31.4821
-31.3614
-31.27
-31.2091
-31.1742
-31.1563
-31.1443
-31.1294
-31.108
-31.0832
-31.063
-31.0566
-31.0695
-31.1011
-31.145
-31.1923
-31.2356
-31.2722
-31.3056
-31.3435
-31.3942
-31.4618
-31.543
-31.628
-31.7038
-31.7586
-31.7854
-31.7853
-31.7669
-31.7448
-31.7349
-31.7511
-31.8015
-31.888
-32.0084
-32.1608
-32.3466
-32.5701
-32.8361
-33.1462
-33.4958
-33.8753
-34.2733
-34.6804
-35.0928
-35.5137
-35.9513
-36.4146
-36.9079
-37.4282
-37.9658
-38.5082
-39.0449
-39.5717
-40.0917
-40.6142
-41.1488
-41.6998
-42.2624
-42.8241
-43.3692
-43.8849
-44.3663
-44.8187
-45.2556
-45.6933
-46.144
-46.6118
-47.093
-47.5799
-48.063
-37.1838
-36.7926
-36.4042
-36.0253
-35.6612
-35.3145
-34.9845
-34.6677
-34.3586
-34.0528
-33.7484
-33.4472
-33.154
-32.875
-32.6158
-32.3798
-32.1678
-31.9788
-31.8116
-31.6663
-31.5436
-31.4447
-31.369
-31.3135
-31.2729
-31.2416
-31.2147
-31.1901
-31.1687
-31.1539
-31.1494
-31.1575
-31.1779
-31.2075
-31.2423
-31.2786
-31.3151
-31.3531
-31.3956
-31.446
-31.5052
-31.5712
-31.6388
-31.7014
-31.7533
-31.7915
-31.817
-31.8352
-31.8546
-31.8847
-31.9341
-32.0089
-32.1123
-32.2453
-32.4084
-32.603
-32.831
-33.094
-33.3919
-33.7217
-34.0781
-34.455
-34.8475
-35.253
-35.6724
-36.1085
-36.5646
-37.0417
-37.5377
-38.0474
-38.5642
-39.0826
-39.5998
-40.1165
-40.6358
-41.1609
-41.6926
-42.2276
-42.7593
-43.2797
-43.7824
-44.2649
-44.7295
-45.1827
-45.6321
-46.0837
-46.5399
-46.9992
-47.4571
-47.9073
-37.141
-36.7785
-36.4165
-36.0597
-35.7119
-35.3751
-35.0498
-34.7345
-34.4273
-34.1265
-33.8315
-33.5438
-33.266
-33.0017
-32.7543
-32.5261
-32.3182
-32.1308
-31.964
-31.8175
-31.6915
-31.5859
-31.4998
-31.4309
-31.3762
-31.3324
-31.2966
-31.2675
-31.2448
-31.2299
-31.224
-31.228
-31.2414
-31.2628
-31.2901
-31.3215
-31.356
-31.3941
-31.4368
-31.4851
-31.539
-31.5972
-31.6568
-31.7147
-31.7682
-31.816
-31.8595
-31.9022
-31.9493
-32.007
-32.0809
-32.1756
-32.2943
-32.439
-32.6111
-32.8116
-33.0418
-33.3021
-33.592
-33.9095
-34.2516
-34.6148
-34.9961
-35.3937
-35.8073
-36.2373
-36.6846
-37.1487
-37.6279
-38.119
-38.6183
-39.1223
-39.6291
-40.1379
-40.6494
-41.164
-41.6809
-42.1979
-42.7111
-43.216
-43.7093
-44.1894
-44.6572
-45.1155
-45.5678
-46.017
-46.464
-46.9077
-47.3453
-47.7727
-37.1046
-36.7633
-36.4208
-36.0808
-35.7462
-35.4189
-35.0999
-34.7892
-34.4865
-34.1913
-33.904
-33.6257
-33.3583
-33.1039
-32.8648
-32.6427
-32.4387
-32.2532
-32.0866
-31.9389
-31.8098
-31.699
-31.6055
-31.5278
-31.4638
-31.4115
-31.3691
-31.3353
-31.3099
-31.2928
-31.2844
-31.2848
-31.2935
-31.3097
-31.3321
-31.3598
-31.3921
-31.4288
-31.4702
-31.5163
-31.567
-31.6213
-31.6777
-31.7348
-31.7913
-31.8472
-31.9036
-31.9631
-32.0293
-32.1062
-32.198
-32.3081
-32.4394
-32.5938
-32.773
-32.978
-33.2096
-33.4679
-33.7526
-34.0623
-34.3951
-34.7489
-35.1216
-35.5118
-35.9187
-36.3418
-36.7806
-37.2343
-37.7013
-38.1793
-38.6658
-39.1585
-39.6556
-40.1559
-40.6589
-41.1638
-41.6695
-42.1741
-42.6749
-43.1694
-43.6554
-44.1318
-44.5987
-45.0571
-45.5084
-45.9536
-46.3929
-46.8252
-47.2485
-47.6598
-37.0752
-36.7491
-36.4209
-36.0935
-35.7693
-35.4503
-35.1377
-34.8322
-34.5342
-34.2443
-33.9631
-33.6916
-33.4313
-33.1838
-32.9506
-32.7331
-32.5321
-32.3483
-32.182
-32.0331
-31.9017
-31.787
-31.6884
-31.6047
-31.5345
-31.4763
-31.4289
-31.3913
-31.3628
-31.3432
-31.3323
-31.3297
-31.3351
-31.3477
-31.3668
-31.3917
-31.4218
-31.4569
-31.4968
-31.5413
-31.5901
-31.6426
-31.698
-31.7558
-31.8156
-31.8778
-31.9435
-32.0147
-32.094
-32.1845
-32.289
-32.4105
-32.5513
-32.7133
-32.898
-33.1064
-33.3391
-33.5963
-33.8776
-34.1823
-34.5089
-34.856
-35.2223
-35.6063
-36.0072
-36.4239
-36.8557
-37.3012
-37.7592
-38.2276
-38.7048
-39.1886
-39.6776
-40.1704
-40.6659
-41.1629
-41.6601
-42.1558
-42.6481
-43.1352
-43.6156
-44.0882
-44.5527
-45.0092
-45.4579
-45.899
-46.332
-46.7559
-47.169
-47.5691
-37.0529
-36.7375
-36.4194
-36.101
-35.7846
-35.472
-35.1647
-34.8638
-34.57
-34.2844
-34.0077
-33.7411
-33.4857
-33.2428
-33.0136
-32.7992
-32.6005
-32.4179
-32.2518
-32.1022
-31.969
-31.8518
-31.7498
-31.6621
-31.5877
-31.5256
-31.4746
-31.434
-31.403
-31.3811
-31.368
-31.3632
-31.3662
-31.3764
-31.3932
-31.4161
-31.4446
-31.4783
-31.517
-31.5603
-31.608
-31.6598
-31.7152
-31.7742
-31.8368
-31.9036
-31.9758
-32.0549
-32.1431
-32.2426
-32.356
-32.4855
-32.6331
-32.8006
-32.9893
-33.2001
-33.4337
-33.6903
-33.9695
-34.2709
-34.5934
-34.9361
-35.2977
-35.677
-36.0731
-36.4849
-36.9111
-37.3507
-37.8022
-38.2639
-38.7343
-39.2117
-39.6946
-40.1814
-40.6711
-41.1621
-41.6531
-42.1426
-42.6291
-43.1111
-43.5872
-44.0566
-44.5186
-44.9727
-45.4187
-45.8562
-46.2844
-46.7023
-47.1084
-47.5009
-37.038
-36.7294
-36.4177
-36.1051
-35.7939
-35.4858
-35.1822
-34.8845
-34.5938
-34.3111
-34.0375
-33.774
-33.5217
-33.2816
-33.055
-32.8427
-32.6453
-32.4636
-32.2976
-32.1476
-32.0133
-31.8944
-31.7903
-31.7002
-31.6233
-31.5587
-31.5054
-31.4627
-31.43
-31.4065
-31.3919
-31.3855
-31.387
-31.3956
-31.411
-31.4326
-31.46
-31.4927
-31.5305
-31.5732
-31.6204
-31.6719
-31.7276
-31.7876
-31.8522
-31.9221
-31.9983
-32.0823
-32.176
-32.2812
-32.4001
-32.5347
-32.6867
-32.8577
-33.049
-33.2614
-33.4956
-33.7518
-34.0299
-34.3293
-34.6494
-34.9892
-35.3478
-35.724
-36.1169
-36.5252
-36.9478
-37.3834
-37.8307
-38.2881
-38.7541
-39.2273
-39.706
-40.1888
-40.6745
-41.1615
-41.6485
-42.1341
-42.6169
-43.0956
-43.5689
-44.0359
-44.4959
-44.9481
-45.392
-45.8269
-46.252
-46.666
-47.0677
-47.4554
-37.0305
-36.7252
-36.4166
-36.107
-35.7983
-35.4924
-35.1908
-34.8948
-34.6057
-34.3245
-34.0524
-33.7904
-33.5396
-33.3009
-33.0755
-32.8642
-32.6675
-32.4861
-32.3203
-32.17
-32.0352
-31.9155
-31.8104
-31.7192
-31.6411
-31.5752
-31.5209
-31.4772
-31.4435
-31.4193
-31.4038
-31.3967
-31.3974
-31.4053
-31.4199
-31.4409
-31.4677
-31.5
-31.5374
-31.5797
-31.6266
-31.6781
-31.734
-31.7946
-31.8602
-31.9316
-32.0098
-32.0963
-32.1925
-32.3005
-32.4221
-32.559
-32.7132
-32.8859
-33.0785
-33.2917
-33.5263
-33.7823
-34.0598
-34.3583
-34.6772
-35.0157
-35.3728
-35.7475
-36.1387
-36.5453
-36.966
-37.3997
-37.8449
-38.3002
-38.7641
-39.2351
-39.7117
-40.1926
-40.6762
-41.1612
-41.6463
-42.13
-42.6109
-43.088
-43.5599
-44.0257
-44.4846
-44.9358
-45.3785
-45.8121
-46.2355
-46.6477
-47.0472
-47.4327
-52.3277
-55.8937
-55.7356
-55.1153
-54.5719
-54.1561
-53.8433
-53.6067
-53.4264
-53.289
-53.1849
-53.1078
-53.0532
-53.0184
-53.0014
-50.8463
-53.0228
-53.7444
-53.8281
-53.7016
-53.5287
-53.3642
-53.2233
-53.1078
-53.0155
-52.9436
-52.8894
-52.8505
-52.8254
-52.8132
-50.2548
-51.6068
-52.3912
-52.7511
-52.8776
-52.893
-52.8616
-52.8145
-52.7659
-52.7219
-52.6849
-52.6556
-52.634
-52.6198
-52.6128
-49.7929
-50.7584
-51.4626
-51.9076
-52.1649
-52.3043
-52.3749
-52.4073
-52.4194
-52.4212
-52.4185
-52.4142
-52.4101
-52.407
-52.4054
-49.4034
-50.1713
-50.7935
-51.2518
-51.5702
-51.7843
-51.9264
-52.0205
-52.0832
-52.1253
-52.1537
-52.1728
-52.1853
-52.1929
-52.1965
-49.0779
-49.7302
-50.2883
-50.7361
-51.0797
-51.3365
-51.526
-51.6653
-51.7677
-51.843
-51.8982
-51.938
-51.9655
-51.9829
-51.9912
-48.8057
-49.3833
-49.8937
-50.3247
-50.6762
-50.9561
-51.1759
-51.347
-51.4794
-51.5811
-51.6583
-51.7155
-51.756
-51.7819
-51.7945
-48.5769
-49.1036
-49.5786
-49.9929
-50.3443
-50.6361
-50.8747
-51.0675
-51.2218
-51.3437
-51.4384
-51.5099
-51.5611
-51.5942
-51.6104
-48.3847
-48.8757
-49.3245
-49.7241
-50.0721
-50.3693
-50.6193
-50.8268
-50.9966
-51.1337
-51.2419
-51.3247
-51.3846
-51.4235
-51.4426
-48.2245
-48.6902
-49.1195
-49.5072
-49.8507
-50.1499
-50.4066
-50.6237
-50.8045
-50.9525
-51.0709
-51.1624
-51.229
-51.2726
-51.2941
-48.0936
-48.5414
-48.9564
-49.3346
-49.6737
-49.9732
-50.2336
-50.4569
-50.6452
-50.8011
-50.927
-51.0249
-51.0968
-51.1439
-51.1672
-47.9903
-48.4255
-48.8302
-49.2012
-49.5366
-49.8355
-50.098
-50.3252
-50.5185
-50.6799
-50.811
-50.9137
-50.9893
-51.0391
-51.0637
-47.9137
-48.3402
-48.7378
-49.1037
-49.4362
-49.7343
-49.9978
-50.2274
-50.424
-50.5889
-50.7237
-50.8296
-50.9078
-50.9594
-50.9851
-47.8629
-48.2841
-48.6772
-49.0398
-49.3703
-49.6677
-49.9318
-50.1626
-50.3612
-50.5283
-50.6653
-50.7732
-50.8531
-50.9059
-50.9321
-47.8376
-48.2562
-48.6471
-49.0082
-49.3377
-49.6347
-49.8989
-50.1304
-50.3298
-50.498
-50.636
-50.7449
-50.8256
-50.8789
-50.9055
)
;

boundaryField
{
    hot
    {
        type            calculated;
        value           nonuniform List<scalar> 
120
(
-48.125
-48.1476
-48.1927
-48.2602
-48.3496
-48.4604
-48.5919
-48.7429
-48.9118
-49.0965
-49.2944
-49.5023
-49.7164
-49.9328
-50.1471
-50.3378
-50.5046
-50.6629
-50.8113
-50.9485
-51.074
-51.1873
-51.2885
-51.3777
-51.4553
-51.5217
-51.5777
-51.6237
-51.6604
-51.6884
-51.7083
-51.7207
-51.726
-51.7248
-51.7174
-51.7043
-51.6858
-51.6623
-51.6341
-51.6014
-51.5645
-51.5236
-51.4789
-51.4306
-51.3787
-51.3235
-51.2649
-51.2032
-51.1383
-51.0704
-50.9994
-50.9253
-50.8482
-50.768
-50.6848
-50.5984
-50.5089
-50.4162
-50.3202
-50.221
-50.1184
-50.0123
-49.9027
-49.7896
-49.6729
-49.5524
-49.4282
-49.3003
-49.1685
-49.0329
-48.8935
-48.7502
-48.6032
-48.4524
-48.2979
-48.1398
-47.9782
-47.8134
-47.6454
-47.4744
-47.3007
-47.1246
-46.9462
-46.7658
-46.5838
-46.4004
-46.2159
-46.0306
-45.8447
-45.6583
-45.4716
-45.2846
-45.0972
-44.9093
-44.7206
-44.5308
-44.3393
-44.1458
-43.9497
-43.7505
-43.5479
-43.3416
-43.1318
-42.9188
-42.7033
-42.4648
-42.2049
-41.9484
-41.6984
-41.4583
-41.2314
-41.0206
-40.8283
-40.6565
-40.507
-40.381
-40.2792
-40.2025
-40.1511
-40.1253
)
;
    }
    cold
    {
        type            calculated;
        value           nonuniform List<scalar> 
120
(
-41.4231
-41.4469
-41.4945
-41.5655
-41.6596
-41.7761
-41.9142
-42.0727
-42.2499
-42.4437
-42.6518
-42.8711
-43.0986
-43.3309
-43.5646
-43.7776
-43.9687
-44.1563
-44.3398
-44.5187
-44.6933
-44.8638
-45.0308
-45.1949
-45.3568
-45.5172
-45.6767
-45.8358
-45.9949
-46.1543
-46.3141
-46.4746
-46.6356
-46.7969
-46.9586
-47.1202
-47.2817
-47.4427
-47.6029
-47.7622
-47.9203
-48.0769
-48.2319
-48.3851
-48.5363
-48.6855
-48.8325
-48.9773
-49.1199
-49.2604
-49.3988
-49.5352
-49.6696
-49.8021
-49.9329
-50.0619
-50.1892
-50.315
-50.4391
-50.5616
-50.6824
-50.8017
-50.9192
-51.0351
-51.1492
-51.2617
-51.3724
-51.4815
-51.5889
-51.6947
-51.7989
-51.9016
-52.0028
-52.1026
-52.2009
-52.2978
-52.3934
-52.4877
-52.5806
-52.6721
-52.7622
-52.8507
-52.9375
-53.0224
-53.1051
-53.1852
-53.2623
-53.336
-53.4055
-53.4702
-53.5293
-53.5819
-53.6269
-53.6632
-53.6896
-53.7047
-53.7071
-53.6956
-53.6689
-53.6259
-53.5659
-53.4882
-53.3931
-53.2811
-53.1532
-52.9971
-52.8101
-52.611
-52.405
-52.1974
-51.9933
-51.7976
-51.6144
-51.4474
-51.2995
-51.173
-51.0699
-50.9914
-50.9386
-50.9121
)
;
    }
    interface_left
    {
        type            calculated;
        value           nonuniform List<scalar> 
90
(
-73.7588
-65.6865
-53.766
-53.802
-53.4809
-52.9599
-52.2578
-53.2314
-52.3069
-53.4974
-52.806
-53.1705
-52.897
-52.7858
-52.7829
-52.9222
-52.5254
-52.9774
-52.047
-52.6818
-51.7783
-52.3158
-52.9201
-51.9225
-52.9093
-51.6085
-52.9107
-50.8748
-52.235
-50.7049
-51.6814
-52.6806
-51.1613
-52.6488
-50.8012
-52.6635
-49.8492
-51.7416
-49.6873
-51.0241
-52.3782
-50.3594
-52.3549
-49.9032
-52.3951
-48.6434
-51.1766
-48.4352
-50.2286
-52.0501
-49.339
-52.0336
-48.7115
-52.0909
-46.9771
-50.4187
-46.6694
-49.1014
-51.5676
-47.8537
-51.4897
-46.9622
-51.4819
-44.6151
-49.1585
-44.2109
-47.354
-50.4858
-45.6788
-50.1805
-44.5309
-49.9245
-41.7819
-46.9802
-41.4686
-44.859
-48.0581
-43.0673
-47.2801
-42.1165
-46.539
-40.392
-43.9641
-41.3236
-43.0854
-44.0595
-44.5188
-44.3418
-56.8027
-63.8165
)
;
    }
    interface_right
    {
        type            calculated;
        value           nonuniform List<scalar> 
90
(
-65.5288
-59.0255
-44.8951
-45.7586
-45.8501
-43.8493
-43.0148
-44.4638
-41.97
-46.5168
-43.118
-47.2703
-43.8477
-48.0518
-45.367
-42.4676
-47.2218
-42.691
-49.8557
-45.0878
-50.144
-46.1087
-50.4789
-47.6384
-44.763
-49.311
-45.1106
-51.497
-47.2812
-51.5418
-48.1187
-51.6516
-49.3139
-47.0003
-50.5862
-47.3128
-52.1886
-49.0271
-52.2464
-50.1537
-48.1308
-51.1418
-48.3414
-51.7436
-48.4788
-53.2113
-50.0461
-53.1453
-50.5883
-53.2003
-51.4287
-49.644
-52.3796
-49.7788
-53.6898
-51.0464
-53.7231
-51.5202
-53.8429
-52.2914
-50.717
-53.1745
-50.8768
-54.3678
-52.0829
-54.5057
-52.9547
-51.4271
-53.7736
-51.6166
-54.3247
-51.8007
-55.5501
-53.1579
-55.6656
-54.1037
-52.6001
-54.969
-52.8773
-55.5653
-53.0992
-56.9542
-54.4844
-57.7328
-55.9513
-53.8225
-59.3701
-55.3949
-76.0807
-82.4775
)
;
    }
    interface_top
    {
        type            calculated;
        value           nonuniform List<scalar> 
90
(
-32.5413
-37.9402
-38.153
-34.0933
-30.2197
-20.0175
-30.8744
-35.4218
-41.401
-41.7643
-37.0958
-34.6333
-30.5843
-26.9558
-17.8186
-27.275
-31.1103
-35.9344
-35.8529
-30.7816
-26.8039
-17.1966
-25.5611
-28.7251
-31.9795
-34.0007
-37.9713
-37.4595
-31.727
-27.4576
-17.493
-25.8396
-28.974
-32.1619
-34.1637
-38.1318
-37.6287
-31.9197
-27.6719
-17.7325
-26.3157
-29.6488
-33.2627
-35.6362
-40.4544
-40.4522
-35.6404
-33.1751
-29.2499
-25.7977
-17.1507
-26.3053
-30.1002
-35.0068
-35.0757
-30.3963
-26.6481
-17.3839
-26.1271
-29.6187
-33.5489
-36.0527
-40.9672
-40.7893
-35.1936
-30.8113
-20.0955
-30.3126
-34.4392
-39.1733
-42.1937
-48.1155
-47.9804
-41.5085
-36.3744
-23.7167
-35.9547
-40.897
-46.5737
-50.1375
-57.062
-56.7904
-48.8722
-42.6281
-27.4257
-41.4277
-46.5837
-51.649
-50.9084
-42.4805
)
;
    }
    interface_bottom
    {
        type            calculated;
        value           nonuniform List<scalar> 
90
(
-37.4462
-42.8344
-40.4552
-26.3541
-40.3797
-45.7813
-51.3958
-54.8268
-61.4061
-60.9107
-52.6456
-48.4839
-42.0908
-36.7917
-24.0732
-36.6516
-41.6683
-47.8656
-47.8469
-41.6934
-38.5431
-33.6183
-29.4476
-19.3356
-29.3105
-33.2069
-37.8484
-37.5267
-31.8307
-27.5912
-17.711
-26.2058
-29.4009
-32.6838
-34.646
-38.4005
-37.7743
-31.8562
-27.5731
-17.7404
-26.3719
-29.7268
-33.3958
-35.6924
-40.2033
-40.0481
-35.0118
-32.5142
-28.7178
-25.3511
-16.9054
-26.0448
-29.7758
-34.4812
-34.4686
-29.7175
-25.9944
-16.9321
-25.5111
-28.8813
-32.5902
-34.8107
-38.9874
-38.5408
-32.7788
-28.489
-18.3983
-27.5616
-31.1166
-34.9502
-37.245
-41.5712
-41.0353
-34.8136
-30.2238
-19.4965
-29.1531
-32.904
-36.9592
-39.4276
-44.1455
-43.6524
-37.1911
-32.3464
-20.9127
-31.4575
-35.4346
-39.5657
-39.2696
-33.4988
)
;
    }
    defaultFaces
    {
        type            empty;
    }
}


// ************************************************************************* //
