/*--------------------------------*- C++ -*----------------------------------*\
| =========                 |                                                 |
| \\      /  F ield         | OpenFOAM: The Open Source CFD Toolbox           |
|  \\    /   O peration     | Version:  5.x                                   |
|   \\  /    A nd           | Web:      www.OpenFOAM.org                      |
|    \\/     M anipulation  |                                                 |
\*---------------------------------------------------------------------------*/
FoamFile
{
    version     2.0;
    format      ascii;
    class       volScalarField;
    location    "3.3";
    object      T;
}
// * * * * * * * * * * * * * * * * * * * * * * * * * * * * * * * * * * * * * //

dimensions      [0 0 0 1 0 0 0];

internalField   nonuniform List<scalar> 
6300
(
322.759
322.278
321.797
321.317
320.838
320.359
319.882
319.407
318.933
318.461
317.991
317.523
317.058
316.596
316.137
322.759
322.278
321.797
321.316
320.837
320.358
319.881
319.405
318.931
318.458
317.988
317.521
317.056
316.593
316.134
322.759
322.277
321.796
321.315
320.835
320.356
319.878
319.401
318.927
318.454
317.984
317.516
317.05
316.587
316.128
322.759
322.276
321.794
321.312
320.832
320.352
319.873
319.396
318.921
318.448
317.976
317.508
317.042
316.579
316.119
322.758
322.275
321.792
321.309
320.828
320.347
319.867
319.389
318.913
318.439
317.967
317.497
317.031
316.567
316.106
322.758
322.273
321.789
321.305
320.822
320.34
319.86
319.381
318.903
318.428
317.955
317.484
317.017
316.552
316.091
322.757
322.271
321.786
321.301
320.816
320.333
319.851
319.37
318.891
318.414
317.94
317.468
316.999
316.534
316.072
322.756
322.269
321.782
321.295
320.809
320.324
319.84
319.358
318.877
318.398
317.922
317.449
316.979
316.513
316.05
322.755
322.266
321.778
321.289
320.801
320.314
319.828
319.344
318.861
318.38
317.902
317.426
316.955
316.487
316.024
322.755
322.264
321.773
321.283
320.793
320.304
319.815
319.328
318.843
318.359
317.878
317.4
316.926
316.457
315.994
322.754
322.261
321.768
321.275
320.783
320.292
319.801
319.311
318.822
318.336
317.851
317.37
316.893
316.422
315.958
322.752
322.257
321.763
321.268
320.773
320.279
319.786
319.293
318.801
318.31
317.821
317.335
316.854
316.379
315.914
322.751
322.254
321.757
321.26
320.763
320.266
319.77
319.273
318.777
318.282
317.788
317.296
316.808
316.327
315.859
322.75
322.251
321.752
321.252
320.753
320.253
319.753
319.253
318.753
318.253
317.753
317.253
316.755
316.263
315.786
322.749
322.248
321.746
321.244
320.742
320.24
319.737
319.234
318.729
318.224
317.717
317.208
316.696
316.183
315.678
315.718
315.34
314.964
314.591
314.22
313.851
313.485
313.122
312.762
312.404
312.05
311.699
311.351
311.007
310.667
310.33
309.998
309.669
309.344
309.022
308.705
308.391
308.081
307.775
307.472
307.172
306.875
306.582
306.291
306.003
305.717
305.433
305.152
304.873
304.595
304.319
304.044
303.771
303.499
303.229
302.959
302.69
302.423
302.156
301.89
301.624
301.359
301.095
300.831
300.568
300.305
300.042
299.779
299.517
299.254
298.991
298.727
298.463
298.198
297.933
297.666
297.399
297.131
296.861
296.59
296.318
296.044
295.769
295.493
295.214
294.934
294.653
294.369
294.084
293.797
293.508
293.217
292.924
292.629
292.332
292.032
291.731
291.427
291.121
290.813
290.502
290.189
289.874
289.556
289.236
315.715
315.337
314.961
314.587
314.216
313.847
313.481
313.118
312.757
312.4
312.045
311.694
311.346
311.002
310.662
310.325
309.992
309.663
309.338
309.017
308.699
308.386
308.076
307.77
307.467
307.167
306.871
306.577
306.287
305.999
305.713
305.43
305.149
304.87
304.592
304.317
304.042
303.769
303.498
303.227
302.958
302.689
302.421
302.155
301.889
301.623
301.358
301.094
300.831
300.567
300.304
300.042
299.779
299.517
299.254
298.991
298.728
298.464
298.199
297.934
297.668
297.4
297.132
296.863
296.592
296.32
296.046
295.771
295.495
295.217
294.937
294.655
294.372
294.087
293.8
293.511
293.22
292.927
292.632
292.335
292.036
291.734
291.43
291.124
290.816
290.505
290.192
289.877
289.559
289.239
315.709
315.331
314.954
314.581
314.209
313.84
313.473
313.109
312.748
312.39
312.036
311.684
311.336
310.991
310.651
310.314
309.981
309.652
309.327
309.006
308.688
308.375
308.065
307.76
307.457
307.158
306.862
306.569
306.279
305.992
305.707
305.424
305.143
304.865
304.588
304.312
304.038
303.766
303.494
303.224
302.955
302.686
302.419
302.152
301.886
301.621
301.357
301.093
300.829
300.566
300.304
300.041
299.779
299.517
299.254
298.992
298.729
298.465
298.201
297.936
297.67
297.403
297.135
296.866
296.596
296.324
296.05
295.776
295.499
295.221
294.942
294.66
294.377
294.092
293.805
293.516
293.225
292.933
292.638
292.341
292.042
291.74
291.437
291.131
290.823
290.512
290.199
289.884
289.566
289.246
315.7
315.321
314.944
314.57
314.198
313.829
313.462
313.097
312.735
312.377
312.021
311.669
311.32
310.975
310.634
310.297
309.964
309.635
309.31
308.989
308.672
308.359
308.05
307.744
307.443
307.144
306.849
306.557
306.268
305.981
305.697
305.415
305.135
304.857
304.58
304.305
304.032
303.76
303.489
303.219
302.95
302.682
302.415
302.149
301.883
301.618
301.354
301.09
300.827
300.564
300.302
300.04
299.779
299.517
299.255
298.993
298.731
298.468
298.204
297.94
297.674
297.408
297.14
296.871
296.601
296.329
296.056
295.782
295.506
295.228
294.949
294.667
294.384
294.1
293.813
293.524
293.234
292.941
292.646
292.35
292.051
291.75
291.446
291.14
290.832
290.522
290.209
289.894
289.576
289.256
315.687
315.308
314.931
314.556
314.184
313.814
313.446
313.081
312.718
312.358
312.002
311.649
311.299
310.954
310.612
310.275
309.941
309.612
309.287
308.966
308.65
308.337
308.029
307.724
307.423
307.126
306.831
306.54
306.252
305.967
305.683
305.402
305.123
304.846
304.571
304.297
304.024
303.752
303.482
303.213
302.944
302.677
302.41
302.144
301.878
301.614
301.35
301.086
300.824
300.562
300.3
300.039
299.778
299.517
299.256
298.995
298.733
298.471
298.208
297.944
297.679
297.413
297.146
296.878
296.608
296.337
296.064
295.79
295.515
295.237
294.958
294.677
294.394
294.11
293.823
293.535
293.245
292.953
292.658
292.362
292.063
291.762
291.459
291.153
290.846
290.535
290.223
289.907
289.59
289.269
315.671
315.292
314.915
314.54
314.167
313.796
313.427
313.06
312.696
312.335
311.978
311.623
311.273
310.926
310.584
310.246
309.912
309.583
309.258
308.938
308.621
308.309
308.002
307.698
307.398
307.102
306.809
306.52
306.233
305.949
305.667
305.387
305.109
304.833
304.559
304.286
304.014
303.743
303.474
303.205
302.937
302.67
302.404
302.138
301.873
301.608
301.345
301.082
300.82
300.558
300.298
300.037
299.777
299.517
299.257
298.997
298.736
298.475
298.213
297.95
297.686
297.421
297.154
296.887
296.617
296.347
296.075
295.801
295.526
295.249
294.97
294.689
294.407
294.123
293.837
293.549
293.259
292.967
292.673
292.377
292.078
291.778
291.475
291.17
290.862
290.552
290.24
289.925
289.607
289.286
315.652
315.273
314.895
314.52
314.146
313.774
313.404
313.036
312.671
312.308
311.948
311.592
311.24
310.893
310.55
310.211
309.877
309.548
309.223
308.903
308.587
308.276
307.969
307.667
307.368
307.074
306.783
306.495
306.21
305.927
305.647
305.369
305.093
304.818
304.545
304.273
304.002
303.732
303.464
303.196
302.929
302.662
302.396
302.131
301.866
301.602
301.339
301.076
300.815
300.554
300.294
300.035
299.776
299.517
299.258
299
298.74
298.48
298.219
297.957
297.694
297.43
297.164
296.897
296.628
296.358
296.087
295.814
295.539
295.262
294.984
294.704
294.422
294.138
293.852
293.565
293.275
292.984
292.69
292.395
292.097
291.796
291.494
291.189
290.882
290.573
290.261
289.946
289.628
289.307
315.63
315.25
314.873
314.497
314.123
313.75
313.379
313.009
312.641
312.276
311.914
311.556
311.202
310.853
310.509
310.17
309.835
309.506
309.181
308.861
308.546
308.236
307.93
307.63
307.333
307.04
306.751
306.465
306.182
305.902
305.624
305.348
305.074
304.801
304.529
304.258
303.989
303.72
303.452
303.185
302.919
302.653
302.388
302.123
301.858
301.594
301.331
301.069
300.808
300.548
300.29
300.032
299.774
299.517
299.26
299.003
298.745
298.486
298.227
297.966
297.704
297.441
297.176
296.909
296.641
296.372
296.101
295.829
295.555
295.279
295.001
294.721
294.439
294.156
293.871
293.584
293.295
293.004
292.711
292.416
292.118
291.818
291.516
291.212
290.906
290.597
290.286
289.971
289.653
289.333
315.604
315.225
314.848
314.472
314.098
313.724
313.351
312.978
312.607
312.238
311.873
311.512
311.156
310.806
310.461
310.122
309.787
309.457
309.132
308.812
308.497
308.188
307.885
307.586
307.292
307.002
306.715
306.432
306.151
305.874
305.599
305.325
305.053
304.782
304.512
304.242
303.974
303.706
303.44
303.174
302.909
302.644
302.379
302.114
301.849
301.585
301.322
301.06
300.8
300.541
300.284
300.028
299.772
299.517
299.262
299.006
298.75
298.494
298.236
297.977
297.716
297.454
297.189
296.923
296.656
296.388
296.118
295.846
295.573
295.298
295.02
294.74
294.459
294.176
293.891
293.605
293.317
293.027
292.735
292.44
292.142
291.843
291.541
291.238
290.933
290.625
290.315
290.001
289.684
289.363
315.574
315.196
314.82
314.446
314.072
313.698
313.322
312.946
312.57
312.196
311.826
311.462
311.103
310.751
310.406
310.066
309.731
309.401
309.075
308.755
308.441
308.133
307.832
307.536
307.245
306.958
306.674
306.394
306.116
305.842
305.57
305.3
305.031
304.762
304.493
304.225
303.957
303.691
303.426
303.162
302.898
302.634
302.37
302.105
301.839
301.574
301.31
301.048
300.789
300.532
300.277
300.023
299.77
299.517
299.263
299.01
298.757
298.503
298.247
297.99
297.731
297.469
297.205
296.939
296.673
296.405
296.137
295.867
295.594
295.32
295.042
294.762
294.481
294.198
293.914
293.63
293.343
293.054
292.762
292.467
292.17
291.87
291.569
291.267
290.963
290.657
290.348
290.036
289.719
289.398
315.539
315.163
314.791
314.42
314.048
313.673
313.295
312.913
312.53
312.149
311.772
311.402
311.04
310.688
310.343
310.004
309.669
309.338
309.011
308.69
308.376
308.07
307.771
307.48
307.193
306.91
306.629
306.351
306.077
305.806
305.539
305.273
305.008
304.741
304.474
304.206
303.939
303.673
303.41
303.149
302.888
302.626
302.362
302.096
301.828
301.561
301.296
301.033
300.775
300.52
300.268
300.018
299.767
299.516
299.265
299.014
298.764
298.513
298.261
298.007
297.749
297.487
297.223
296.957
296.69
296.424
296.158
295.89
295.619
295.345
295.067
294.787
294.504
294.221
293.939
293.656
293.372
293.085
292.794
292.499
292.2
291.899
291.598
291.297
290.996
290.693
290.387
290.076
289.761
289.44
315.498
315.126
314.759
314.394
314.027
313.653
313.271
312.882
312.488
312.094
311.707
311.329
310.965
310.613
310.271
309.936
309.601
309.268
308.938
308.614
308.299
307.994
307.701
307.416
307.136
306.857
306.579
306.303
306.032
305.766
305.506
305.247
304.986
304.722
304.455
304.187
303.918
303.653
303.392
303.135
302.879
302.62
302.357
302.089
301.818
301.545
301.276
301.012
300.755
300.503
300.257
300.012
299.765
299.516
299.266
299.017
298.77
298.525
298.279
298.028
297.772
297.509
297.243
296.974
296.707
296.442
296.18
295.917
295.65
295.376
295.097
294.813
294.528
294.244
293.963
293.685
293.405
293.121
292.831
292.534
292.233
291.929
291.627
291.328
291.032
290.734
290.432
290.124
289.809
289.489
315.447
315.084
314.723
314.372
314.017
313.644
313.259
312.856
312.447
312.031
311.628
311.239
310.872
310.522
310.191
309.865
309.532
309.196
308.855
308.525
308.206
307.905
307.617
307.344
307.077
306.803
306.527
306.249
305.98
305.719
305.469
305.223
304.968
304.708
304.439
304.167
303.892
303.626
303.368
303.12
302.875
302.62
302.359
302.086
301.808
301.525
301.25
300.982
300.726
300.48
300.244
300.009
299.766
299.518
299.265
299.017
298.774
298.539
298.304
298.058
297.803
297.537
297.266
296.99
296.72
296.457
296.204
295.951
295.688
295.416
295.132
294.843
294.549
294.262
293.983
293.714
293.446
293.166
292.878
292.577
292.27
291.957
291.652
291.354
291.068
290.782
290.486
290.181
289.866
289.548
315.38
315.036
314.674
314.354
314.031
313.654
313.273
312.84
312.415
311.947
311.531
311.115
310.754
310.403
310.103
309.807
309.467
309.13
308.756
308.421
308.087
307.795
307.511
307.267
307.026
306.751
306.48
306.181
305.915
305.654
305.43
305.209
304.958
304.707
304.426
304.152
303.852
303.587
303.327
303.104
302.883
302.631
302.376
302.089
301.806
301.494
301.214
300.932
300.684
300.441
300.229
300.017
299.773
299.528
299.255
299.01
298.766
298.554
298.343
298.099
297.852
297.572
297.297
296.994
296.725
296.458
296.228
296
295.737
295.473
295.174
294.88
294.558
294.271
293.988
293.744
293.502
293.224
292.943
292.627
292.315
291.972
291.667
291.364
291.104
290.846
290.55
290.254
289.926
289.62
315.276
315.017
314.562
314.343
314.123
313.67
313.36
312.813
312.446
311.79
311.431
310.912
310.623
310.211
310.01
309.81
309.399
309.115
308.601
308.318
307.906
307.675
307.346
307.185
307.024
306.696
306.47
306.065
305.845
305.535
305.385
305.24
304.948
304.75
304.404
304.172
303.764
303.543
303.233
303.083
302.937
302.643
302.441
302.087
301.847
301.417
301.179
300.833
300.637
300.355
300.215
300.073
299.781
299.577
299.206
299.002
298.711
298.569
298.428
298.144
297.947
297.601
297.367
296.951
296.725
296.404
296.25
296.098
295.79
295.579
295.208
294.958
294.515
294.275
293.935
293.771
293.61
293.285
293.061
292.669
292.404
291.933
291.677
291.313
291.138
290.965
290.613
290.374
289.954
289.72
288.881
288.491
288.097
287.701
287.302
286.9
286.496
286.089
285.681
285.272
284.86
284.448
284.035
283.621
283.207
288.884
288.494
288.1
287.704
287.304
286.902
286.498
286.091
285.683
285.273
284.861
284.449
284.036
283.622
283.207
288.891
288.5
288.106
287.709
287.309
286.907
286.502
286.095
285.686
285.276
284.864
284.451
284.037
283.622
283.207
288.9
288.509
288.115
287.718
287.317
286.914
286.508
286.101
285.691
285.28
284.867
284.453
284.039
283.623
283.208
288.914
288.522
288.127
287.729
287.328
286.923
286.517
286.108
285.697
285.285
284.871
284.456
284.041
283.625
283.208
288.93
288.538
288.142
287.743
287.341
286.935
286.527
286.117
285.705
285.291
284.877
284.461
284.044
283.627
283.209
288.951
288.558
288.161
287.761
287.357
286.95
286.54
286.128
285.715
285.299
284.883
284.466
284.047
283.629
283.21
288.976
288.582
288.184
287.781
287.375
286.966
286.555
286.141
285.726
285.309
284.89
284.471
284.051
283.631
283.21
289.005
288.61
288.21
287.805
287.397
286.986
286.572
286.156
285.738
285.319
284.899
284.478
284.056
283.634
283.211
289.04
288.643
288.241
287.833
287.422
287.008
286.591
286.172
285.752
285.33
284.908
284.484
284.061
283.637
283.212
289.081
288.682
288.276
287.865
287.45
287.032
286.612
286.19
285.767
285.342
284.918
284.492
284.066
283.64
283.213
289.13
288.727
288.317
287.901
287.481
287.058
286.634
286.209
285.782
285.355
284.928
284.5
284.072
283.643
283.214
289.188
288.781
288.363
287.94
287.514
287.087
286.658
286.229
285.799
285.369
284.939
284.508
284.077
283.646
283.215
289.262
288.845
288.415
287.983
287.549
287.116
286.682
286.249
285.816
285.383
284.95
284.516
284.083
283.65
283.217
289.363
288.919
288.471
288.026
287.584
287.144
286.706
286.269
285.833
285.397
284.961
284.525
284.089
283.653
283.218
322.748
322.245
321.741
321.237
320.733
320.229
319.723
319.217
318.709
318.199
317.686
317.169
316.644
316.102
315.517
322.747
322.242
321.737
321.231
320.725
320.219
319.711
319.202
318.691
318.178
317.661
317.139
316.608
316.06
315.477
322.747
322.24
321.733
321.226
320.718
320.209
319.7
319.188
318.675
318.16
317.64
317.116
316.584
316.041
315.488
322.746
322.238
321.729
321.22
320.711
320.201
319.689
319.176
318.661
318.144
317.623
317.098
316.567
316.029
315.488
322.745
322.236
321.726
321.216
320.705
320.193
319.68
319.165
318.649
318.13
317.609
317.083
316.554
316.021
315.486
322.745
322.234
321.723
321.211
320.699
320.186
319.672
319.156
318.639
318.119
317.597
317.072
316.544
316.014
315.483
322.744
322.232
321.72
321.207
320.694
320.18
319.664
319.148
318.629
318.109
317.587
317.062
316.536
316.007
315.479
322.744
322.231
321.717
321.204
320.689
320.174
319.658
319.141
318.622
318.101
317.579
317.054
316.528
316.001
315.472
322.743
322.229
321.715
321.201
320.685
320.17
319.653
319.135
318.615
318.094
317.572
317.048
316.522
315.995
315.468
322.743
322.228
321.713
321.198
320.682
320.166
319.648
319.129
318.61
318.089
317.566
317.042
316.516
315.989
315.46
322.742
322.227
321.712
321.196
320.679
320.162
319.644
319.125
318.605
318.084
317.561
317.037
316.512
315.985
315.457
322.742
322.226
321.71
321.194
320.677
320.159
319.641
319.122
318.601
318.08
317.557
317.034
316.508
315.981
315.453
322.742
322.226
321.709
321.192
320.675
320.157
319.638
319.119
318.599
318.077
317.555
317.031
316.506
315.979
315.452
322.742
322.225
321.708
321.191
320.673
320.155
319.636
319.117
318.596
318.075
317.553
317.029
316.504
315.978
315.451
322.742
322.225
321.708
321.19
320.672
320.154
319.635
319.115
318.595
318.074
317.551
317.028
316.504
315.978
315.451
322.741
322.224
321.707
321.189
320.672
320.153
319.634
319.115
318.594
318.073
317.551
317.028
316.504
315.978
315.452
322.741
322.224
321.707
321.189
320.671
320.153
319.634
319.114
318.594
318.073
317.551
317.028
316.505
315.98
315.454
322.741
322.224
321.707
321.189
320.671
320.153
319.634
319.114
318.594
318.073
317.552
317.029
316.506
315.982
315.457
322.741
322.224
321.707
321.189
320.671
320.153
319.634
319.115
318.595
318.074
317.553
317.031
316.508
315.985
315.462
322.741
322.224
321.707
321.189
320.672
320.153
319.635
319.116
318.596
318.076
317.555
317.033
316.511
315.988
315.465
322.741
322.224
321.707
321.19
320.672
320.154
319.636
319.117
318.598
318.078
317.557
317.036
316.514
315.992
315.47
322.742
322.225
321.708
321.191
320.673
320.155
319.637
319.119
318.6
318.08
317.56
317.039
316.518
315.996
315.473
322.742
322.225
321.708
321.191
320.674
320.157
319.639
319.121
318.602
318.083
317.563
317.043
316.522
316
315.476
322.742
322.225
321.709
321.192
320.676
320.158
319.641
319.123
318.605
318.086
317.567
317.047
316.526
316.005
315.483
322.742
322.226
321.71
321.194
320.677
320.16
319.643
319.126
318.608
318.09
317.571
317.052
316.532
316.011
315.488
322.742
322.227
321.711
321.195
320.679
320.162
319.646
319.129
318.612
318.094
317.576
317.057
316.537
316.018
315.497
322.742
322.227
321.712
321.196
320.681
320.165
319.649
319.132
318.615
318.098
317.58
317.062
316.544
316.025
315.504
322.743
322.228
321.713
321.198
320.683
320.167
319.652
319.136
318.619
318.103
317.586
317.068
316.551
316.033
315.516
322.743
322.229
321.714
321.2
320.685
320.17
319.655
319.139
318.624
318.108
317.591
317.074
316.557
316.04
315.523
322.743
322.229
321.715
321.201
320.687
320.173
319.658
319.143
318.628
318.113
317.597
317.081
316.564
316.048
315.533
322.743
322.23
321.717
321.203
320.69
320.176
319.662
319.148
318.633
318.118
317.603
317.087
316.571
316.055
315.538
322.744
322.231
321.718
321.205
320.692
320.179
319.666
319.152
318.638
318.124
317.609
317.094
316.578
316.062
315.543
322.744
322.232
321.72
321.208
320.695
320.183
319.67
319.157
318.644
318.13
317.616
317.101
316.586
316.07
315.554
322.744
322.233
321.721
321.21
320.698
320.186
319.674
319.162
318.649
318.136
317.623
317.109
316.594
316.079
315.561
322.745
322.234
321.723
321.212
320.701
320.19
319.679
319.167
318.655
318.143
317.63
317.117
316.603
316.089
315.575
322.745
322.235
321.725
321.215
320.704
320.194
319.683
319.172
318.661
318.149
317.638
317.125
316.613
316.099
315.584
322.745
322.236
321.727
321.217
320.708
320.198
319.688
319.178
318.667
318.157
317.645
317.134
316.623
316.111
315.601
322.746
322.237
321.729
321.22
320.711
320.202
319.693
319.184
318.674
318.164
317.654
317.143
316.632
316.122
315.611
322.746
322.238
321.731
321.223
320.715
320.207
319.698
319.19
318.681
318.171
317.662
317.152
316.642
316.132
315.625
322.747
322.24
321.733
321.226
320.719
320.211
319.704
319.196
318.688
318.179
317.67
317.161
316.652
316.142
315.632
322.747
322.241
321.735
321.229
320.722
320.216
319.709
319.202
318.695
318.187
317.679
317.171
316.661
316.151
315.638
322.747
322.242
321.737
321.232
320.726
320.221
319.715
319.209
318.702
318.196
317.688
317.181
316.672
316.163
315.653
322.748
322.244
321.739
321.235
320.731
320.226
319.721
319.216
318.71
318.204
317.698
317.191
316.683
316.174
315.663
322.748
322.245
321.742
321.238
320.735
320.231
319.727
319.223
318.718
318.213
317.708
317.202
316.696
316.188
315.681
322.749
322.247
321.744
321.242
320.739
320.237
319.734
319.23
318.727
318.223
317.718
317.214
316.708
316.202
315.693
322.749
322.248
321.747
321.246
320.744
320.242
319.74
319.238
318.735
318.232
317.729
317.225
316.722
316.218
315.716
322.75
322.25
321.75
321.249
320.749
320.248
319.747
319.246
318.744
318.242
317.74
317.237
316.735
316.232
315.729
322.75
322.251
321.752
321.253
320.754
320.254
319.754
319.254
318.754
318.253
317.751
317.25
316.748
316.246
315.748
322.751
322.253
321.755
321.257
320.759
320.26
319.762
319.262
318.763
318.263
317.763
317.262
316.761
316.259
315.757
322.752
322.255
321.758
321.261
320.764
320.267
319.769
319.271
318.773
318.274
317.775
317.275
316.774
316.272
315.766
322.752
322.257
321.761
321.265
320.769
320.273
319.777
319.28
318.783
318.285
317.787
317.288
316.788
316.287
315.785
322.753
322.259
321.764
321.27
320.775
320.28
319.785
319.289
318.793
318.297
317.8
317.302
316.804
316.303
315.799
322.753
322.26
321.767
321.274
320.781
320.287
319.793
319.299
318.804
318.309
317.813
317.317
316.82
316.322
315.823
322.754
322.262
321.771
321.279
320.787
320.294
319.802
319.309
318.816
318.322
317.827
317.333
316.837
316.34
315.84
322.755
322.264
321.774
321.284
320.793
320.302
319.811
319.319
318.827
318.335
317.842
317.349
316.855
316.362
315.872
322.756
322.267
321.778
321.288
320.799
320.309
319.82
319.329
318.839
318.348
317.857
317.365
316.873
316.381
315.889
322.756
322.269
321.781
321.293
320.806
320.317
319.829
319.34
318.851
318.362
317.872
317.381
316.89
316.4
315.914
322.757
322.271
321.785
321.299
320.812
320.325
319.839
319.351
318.864
318.376
317.887
317.398
316.908
316.417
315.927
322.758
322.273
321.789
321.304
320.819
320.334
319.848
319.363
318.877
318.39
317.903
317.415
316.926
316.435
315.939
322.759
322.276
321.792
321.309
320.826
320.342
319.859
319.374
318.89
318.405
317.919
317.432
316.945
316.455
315.965
322.759
322.278
321.796
321.315
320.833
320.351
319.869
319.386
318.903
318.42
317.936
317.451
316.965
316.477
315.983
322.76
322.28
321.8
321.32
320.84
320.36
319.879
319.399
318.917
318.436
317.953
317.47
316.987
316.501
316.016
322.761
322.283
321.805
321.326
320.848
320.369
319.89
319.411
318.932
318.452
317.971
317.491
317.009
316.526
316.039
322.762
322.285
321.809
321.332
320.855
320.378
319.901
319.424
318.946
318.468
317.99
317.511
317.033
316.555
316.081
322.763
322.288
321.813
321.338
320.863
320.388
319.913
319.437
318.961
318.485
318.009
317.532
317.056
316.58
316.104
322.763
322.29
321.817
321.344
320.871
320.398
319.924
319.45
318.976
318.502
318.028
317.553
317.078
316.605
316.137
322.764
322.293
321.822
321.35
320.879
320.407
319.936
319.464
318.992
318.519
318.047
317.573
317.1
316.627
316.153
322.765
322.296
321.826
321.357
320.887
320.417
319.947
319.477
319.007
318.537
318.066
317.594
317.122
316.648
316.168
322.766
322.299
321.831
321.363
320.895
320.427
319.959
319.491
319.023
318.554
318.086
317.616
317.146
316.674
316.202
322.767
322.301
321.835
321.369
320.904
320.438
319.971
319.505
319.039
318.572
318.106
317.638
317.17
316.7
316.224
322.768
322.304
321.84
321.376
320.912
320.448
319.984
319.519
319.055
318.591
318.126
317.661
317.196
316.73
316.265
322.769
322.307
321.845
321.382
320.92
320.458
319.996
319.534
319.071
318.609
318.147
317.685
317.222
316.759
316.292
322.77
322.31
321.849
321.389
320.929
320.468
320.008
319.548
319.088
318.628
318.168
317.708
317.249
316.792
316.341
322.771
322.312
321.854
321.395
320.937
320.479
320.02
319.562
319.104
318.646
318.188
317.731
317.275
316.82
316.367
322.772
322.315
321.859
321.402
320.945
320.489
320.032
319.576
319.12
318.664
318.208
317.753
317.3
316.848
316.404
322.773
322.318
321.863
321.409
320.954
320.499
320.045
319.59
319.136
318.682
318.228
317.775
317.323
316.871
316.421
322.774
322.321
321.868
321.415
320.962
320.509
320.057
319.604
319.152
318.7
318.248
317.796
317.345
316.893
316.437
322.775
322.324
321.873
321.422
320.971
320.52
320.069
319.618
319.167
318.717
318.267
317.817
317.368
316.918
316.47
322.775
322.326
321.877
321.428
320.979
320.53
320.081
319.632
319.183
318.734
318.286
317.838
317.39
316.942
316.491
322.776
322.329
321.882
321.435
320.987
320.54
320.093
319.646
319.199
318.752
318.305
317.859
317.413
316.969
316.527
322.777
322.332
321.887
321.441
320.996
320.55
320.105
319.659
319.214
318.769
318.324
317.879
317.436
316.993
316.549
322.778
322.335
321.891
321.448
321.004
320.561
320.117
319.673
319.229
318.785
318.342
317.899
317.457
317.019
316.587
322.779
322.338
321.896
321.455
321.013
320.571
320.129
319.687
319.245
318.802
318.36
317.918
317.477
317.039
316.605
322.78
322.341
321.901
321.461
321.022
320.582
320.141
319.701
319.26
318.819
318.377
317.936
317.495
317.057
316.626
322.781
322.344
321.906
321.468
321.031
320.592
320.154
319.715
319.276
318.835
318.395
317.953
317.512
317.071
316.635
322.782
322.347
321.911
321.475
321.04
320.603
320.167
319.73
319.292
318.853
318.412
317.971
317.527
317.083
316.64
322.783
322.35
321.916
321.483
321.049
320.615
320.18
319.745
319.309
318.871
318.431
317.989
317.543
317.094
316.643
322.784
322.353
321.922
321.49
321.058
320.626
320.194
319.761
319.327
318.891
318.452
318.01
317.562
317.106
316.642
322.785
322.356
321.927
321.498
321.068
320.638
320.208
319.777
319.346
318.912
318.476
318.035
317.587
317.123
316.627
322.786
322.359
321.932
321.505
321.078
320.651
320.223
319.795
319.366
318.935
318.503
318.066
317.622
317.162
316.662
289.506
288.992
288.519
288.063
287.614
287.169
286.727
286.287
285.848
285.409
284.971
284.532
284.095
283.657
283.219
289.539
289.028
288.551
288.09
287.638
287.19
286.745
286.303
285.861
285.42
284.979
284.539
284.099
283.66
283.22
289.516
289.041
288.572
288.112
287.659
287.209
286.762
286.317
285.873
285.43
284.988
284.546
284.104
283.662
283.221
289.512
289.049
288.587
288.13
287.677
287.226
286.778
286.331
285.885
285.441
284.996
284.552
284.109
283.665
283.222
289.511
289.055
288.599
288.145
287.692
287.241
286.792
286.344
285.897
285.45
285.004
284.559
284.113
283.668
283.223
289.509
289.062
288.61
288.158
287.707
287.256
286.806
286.356
285.908
285.46
285.012
284.565
284.117
283.67
283.223
289.514
289.07
288.622
288.172
287.721
287.269
286.819
286.368
285.918
285.469
285.02
284.571
284.122
283.673
283.224
289.527
289.083
288.635
288.185
287.734
287.283
286.831
286.38
285.929
285.478
285.027
284.576
284.126
283.675
283.225
289.539
289.098
288.65
288.2
287.748
287.296
286.844
286.391
285.939
285.486
285.034
284.582
284.13
283.678
283.226
289.567
289.117
288.667
288.215
287.763
287.31
286.856
286.402
285.949
285.495
285.041
284.588
284.134
283.68
283.227
289.584
289.135
288.684
288.231
287.778
287.323
286.869
286.414
285.959
285.504
285.048
284.593
284.138
283.683
283.228
289.612
289.156
288.702
288.248
287.793
287.337
286.881
286.425
285.969
285.512
285.055
284.599
284.142
283.685
283.228
289.629
289.176
288.721
288.265
287.809
287.352
286.894
286.437
285.979
285.521
285.062
284.604
284.146
283.688
283.229
289.657
289.197
288.74
288.282
287.825
287.366
286.907
286.448
285.989
285.529
285.07
284.61
284.15
283.69
283.23
289.67
289.215
288.758
288.3
287.841
287.381
286.921
286.46
285.999
285.538
285.077
284.615
284.154
283.692
283.231
289.685
289.235
288.778
288.318
287.858
287.396
286.934
286.472
286.01
285.547
285.084
284.621
284.158
283.695
283.232
289.717
289.259
288.799
288.338
287.875
287.412
286.948
286.484
286.02
285.556
285.091
284.627
284.162
283.697
283.232
289.74
289.283
288.821
288.358
287.893
287.428
286.962
286.497
286.031
285.565
285.098
284.632
284.166
283.7
283.233
289.783
289.312
288.845
288.378
287.911
287.444
286.976
286.509
286.041
285.574
285.106
284.638
284.17
283.702
283.234
289.807
289.338
288.868
288.398
287.929
287.46
286.991
286.521
286.052
285.583
285.113
284.643
284.174
283.704
283.235
289.843
289.365
288.891
288.419
287.947
287.476
287.005
286.534
286.063
285.592
285.12
284.649
284.178
283.707
283.236
289.863
289.388
288.913
288.439
287.965
287.492
287.019
286.546
286.073
285.601
285.128
284.655
284.182
283.709
283.236
289.893
289.411
288.934
288.458
287.983
287.508
287.033
286.559
286.084
285.609
285.135
284.661
284.186
283.712
283.237
289.907
289.431
288.954
288.477
288
287.524
287.047
286.571
286.095
285.618
285.142
284.666
284.19
283.714
283.238
289.922
289.45
288.974
288.496
288.017
287.539
287.061
286.583
286.105
285.627
285.149
284.672
284.194
283.716
283.239
289.953
289.474
288.994
288.515
288.035
287.555
287.075
286.595
286.116
285.636
285.157
284.677
284.198
283.719
283.24
289.974
289.497
289.016
288.534
288.052
287.57
287.088
286.607
286.126
285.645
285.164
284.683
284.202
283.721
283.24
290.012
289.523
289.037
288.553
288.069
287.585
287.102
286.619
286.136
285.653
285.171
284.688
284.206
283.723
283.241
290.033
289.546
289.058
288.572
288.086
287.6
287.115
286.631
286.146
285.662
285.178
284.694
284.21
283.726
283.242
290.065
289.569
289.079
288.59
288.102
287.615
287.128
286.642
286.156
285.67
285.185
284.699
284.213
283.728
283.243
290.082
289.589
289.098
288.607
288.118
287.629
287.141
286.653
286.166
285.678
285.191
284.704
284.217
283.73
283.243
290.107
289.609
289.116
288.624
288.133
287.643
287.154
286.664
286.175
285.687
285.198
284.709
284.221
283.732
283.244
290.118
289.625
289.132
288.64
288.148
287.657
287.166
286.675
286.185
285.694
285.204
284.714
284.224
283.735
283.245
290.13
289.641
289.149
288.656
288.163
287.67
287.178
286.686
286.194
285.702
285.211
284.719
284.228
283.737
283.246
290.154
289.66
289.166
288.672
288.177
287.683
287.19
286.696
286.203
285.71
285.217
284.724
284.232
283.739
283.246
290.171
289.678
289.183
288.687
288.192
287.696
287.201
286.707
286.212
285.718
285.223
284.729
284.235
283.741
283.247
290.2
289.698
289.2
288.703
288.206
287.709
287.213
286.717
286.221
285.725
285.229
284.734
284.238
283.743
283.248
290.216
289.716
289.216
288.718
288.22
287.722
287.224
286.727
286.229
285.732
285.235
284.739
284.242
283.745
283.248
290.239
289.733
289.232
288.732
288.233
287.734
287.235
286.737
286.238
285.74
285.241
284.743
284.245
283.747
283.249
290.249
289.748
289.247
288.747
288.246
287.746
287.246
286.746
286.246
285.747
285.247
284.748
284.248
283.749
283.25
290.259
289.762
289.262
288.761
288.26
287.758
287.257
286.756
286.255
285.754
285.253
284.752
284.252
283.751
283.25
290.28
289.779
289.277
288.775
288.273
287.77
287.268
286.765
286.263
285.761
285.259
284.757
284.255
283.753
283.251
290.294
289.795
289.293
288.79
288.286
287.782
287.278
286.775
286.271
285.768
285.264
284.761
284.258
283.755
283.252
290.319
289.814
289.309
288.804
288.299
287.794
287.289
286.784
286.279
285.775
285.27
284.765
284.261
283.757
283.252
290.335
289.832
289.326
288.819
288.312
287.806
287.3
286.793
286.287
285.781
285.276
284.77
284.264
283.758
283.253
290.365
289.852
289.342
288.834
288.326
287.818
287.31
286.803
286.295
285.788
285.281
284.774
284.267
283.76
283.253
290.38
289.869
289.358
288.848
288.338
287.829
287.32
286.812
286.303
285.795
285.286
284.778
284.27
283.762
283.254
290.404
289.887
289.374
288.862
288.351
287.84
287.33
286.82
286.311
285.801
285.292
284.782
284.273
283.764
283.255
290.416
289.902
289.388
288.875
288.363
287.852
287.34
286.829
286.318
285.808
285.297
284.786
284.276
283.766
283.255
290.435
289.917
289.402
288.888
288.375
287.862
287.35
286.838
286.326
285.814
285.302
284.79
284.279
283.767
283.256
290.444
289.929
289.415
288.901
288.387
287.873
287.359
286.846
286.333
285.82
285.307
284.794
284.282
283.769
283.256
290.453
289.942
289.428
288.913
288.398
287.883
287.369
286.854
286.34
285.826
285.312
284.798
284.284
283.771
283.257
290.472
289.956
289.441
288.925
288.409
287.894
287.378
286.863
286.347
285.832
285.317
284.802
284.287
283.772
283.257
290.485
289.971
289.454
288.938
288.421
287.904
287.387
286.871
286.354
285.838
285.322
284.806
284.29
283.774
283.258
290.509
289.987
289.468
288.95
288.432
287.914
287.396
286.878
286.361
285.844
285.327
284.809
284.292
283.775
283.258
290.522
290.002
289.482
288.962
288.443
287.924
287.405
286.886
286.368
285.849
285.331
284.813
284.295
283.777
283.259
290.542
290.017
289.495
288.974
288.453
287.933
287.414
286.894
286.374
285.855
285.336
284.817
284.298
283.779
283.26
290.553
290.03
289.507
288.985
288.464
287.943
287.422
286.901
286.381
285.861
285.34
284.82
284.3
283.78
283.26
290.569
290.043
289.519
288.996
288.474
287.952
287.43
286.909
286.387
285.866
285.345
284.824
284.303
283.782
283.261
290.577
290.053
289.53
289.007
288.484
287.961
287.439
286.916
286.394
285.872
285.349
284.827
284.305
283.783
283.261
290.584
290.064
289.541
289.018
288.494
287.971
287.447
286.923
286.4
285.877
285.354
284.831
284.307
283.784
283.261
290.601
290.077
289.553
289.029
288.504
287.979
287.455
286.931
286.406
285.882
285.358
284.834
284.31
283.786
283.262
290.613
290.09
289.565
289.039
288.514
287.988
287.463
286.938
286.412
285.887
285.362
284.837
284.312
283.787
283.262
290.634
290.104
289.577
289.05
288.524
287.997
287.471
286.945
286.418
285.892
285.366
284.84
284.315
283.789
283.263
290.645
290.117
289.589
289.061
288.533
288.006
287.479
286.952
286.424
285.897
285.371
284.844
284.317
283.79
283.263
290.662
290.13
289.6
289.072
288.543
288.015
287.487
286.958
286.43
285.902
285.375
284.847
284.319
283.791
283.264
290.67
290.14
289.611
289.082
288.553
288.023
287.494
286.965
286.436
285.907
285.379
284.85
284.321
283.793
283.264
290.677
290.151
289.622
289.092
288.562
288.032
287.502
286.972
286.442
285.912
285.383
284.853
284.324
283.794
283.265
290.694
290.163
289.633
289.102
288.572
288.04
287.509
286.979
286.448
285.917
285.386
284.856
284.326
283.795
283.265
290.704
290.176
289.645
289.113
288.581
288.049
287.517
286.985
286.453
285.922
285.39
284.859
284.328
283.797
283.266
290.724
290.19
289.657
289.124
288.591
288.057
287.524
286.991
286.459
285.926
285.394
284.862
284.33
283.798
283.266
290.736
290.204
289.669
289.135
288.6
288.066
287.532
286.998
286.464
285.931
285.398
284.865
284.332
283.799
283.266
290.759
290.219
289.682
289.145
288.609
288.074
287.539
287.004
286.469
285.935
285.401
284.867
284.334
283.8
283.267
290.771
290.232
289.693
289.156
288.619
288.082
287.546
287.01
286.474
285.939
285.404
284.87
284.335
283.801
283.267
290.788
290.245
289.705
289.166
288.627
288.09
287.552
287.015
286.479
285.943
285.407
284.872
284.337
283.802
283.267
290.796
290.255
289.715
289.175
288.636
288.097
287.559
287.021
286.483
285.947
285.41
284.874
284.338
283.803
283.268
290.803
290.265
289.725
289.184
288.644
288.104
287.565
287.026
286.488
285.95
285.413
284.876
284.34
283.804
283.268
290.819
290.277
289.735
289.193
288.652
288.111
287.57
287.03
286.491
285.953
285.415
284.878
284.341
283.804
283.268
290.83
290.289
289.746
289.202
288.659
288.117
287.575
287.034
286.494
285.955
285.417
284.879
284.342
283.805
283.268
290.848
290.302
289.756
289.211
288.666
288.122
287.58
287.038
286.497
285.957
285.418
284.88
284.343
283.805
283.268
290.861
290.315
289.767
289.219
288.673
288.127
287.583
287.04
286.499
285.959
285.419
284.881
284.343
283.806
283.269
290.883
290.329
289.777
289.227
288.678
288.131
287.586
287.042
286.5
285.959
285.42
284.881
284.343
283.806
283.269
290.896
290.341
289.786
289.233
288.683
288.134
287.588
287.043
286.5
285.959
285.42
284.881
284.343
283.806
283.268
290.915
290.353
289.794
289.238
288.685
288.135
287.588
287.043
286.5
285.958
285.419
284.88
284.342
283.805
283.268
290.924
290.362
289.8
289.242
288.686
288.135
287.586
287.041
286.498
285.957
285.417
284.879
284.341
283.805
283.268
290.935
290.371
289.805
289.242
288.685
288.132
287.583
287.037
286.494
285.953
285.414
284.877
284.34
283.804
283.268
290.963
290.382
289.806
289.239
288.68
288.126
287.577
287.032
286.489
285.949
285.411
284.874
284.338
283.802
283.267
290.983
290.388
289.803
289.231
288.67
288.117
287.568
287.024
286.483
285.944
285.407
284.871
284.335
283.801
283.267
291.031
290.387
289.79
289.216
288.656
288.104
287.557
287.015
286.475
285.937
285.401
284.866
284.333
283.799
283.266
290.999
290.352
289.761
289.192
288.636
288.087
287.543
287.003
286.465
285.929
285.395
284.862
284.329
283.797
283.266
322.788
322.363
321.938
321.514
321.089
320.664
320.24
319.815
319.389
318.963
318.535
318.105
317.673
317.237
316.806
322.789
322.367
321.945
321.523
321.101
320.68
320.258
319.837
319.415
318.994
318.573
318.152
317.731
317.315
316.91
322.79
322.371
321.951
321.532
321.113
320.695
320.277
319.859
319.442
319.025
318.61
318.197
317.786
317.382
316.987
322.792
322.375
321.958
321.541
321.125
320.71
320.295
319.88
319.467
319.056
318.646
318.239
317.835
317.438
317.049
322.793
322.378
321.964
321.55
321.136
320.724
320.312
319.901
319.492
319.084
318.679
318.277
317.879
317.486
317.101
322.794
322.382
321.97
321.558
321.147
320.737
320.328
319.92
319.514
319.11
318.709
318.311
317.917
317.528
317.145
322.795
322.385
321.975
321.566
321.157
320.749
320.343
319.938
319.535
319.134
318.735
318.341
317.95
317.563
317.182
322.796
322.388
321.98
321.573
321.166
320.76
320.356
319.954
319.553
319.155
318.759
318.367
317.978
317.594
317.214
322.797
322.39
321.984
321.579
321.174
320.77
320.368
319.967
319.569
319.173
318.779
318.389
318.002
317.619
317.241
322.797
322.393
321.988
321.584
321.181
320.779
320.378
319.979
319.583
319.188
318.796
318.408
318.022
317.641
317.263
322.798
322.394
321.991
321.588
321.187
320.786
320.387
319.989
319.594
319.201
318.81
318.423
318.039
317.658
317.282
322.799
322.396
321.994
321.592
321.191
320.792
320.394
319.997
319.603
319.211
318.822
318.435
318.052
317.672
317.296
322.799
322.397
321.996
321.595
321.195
320.796
320.399
320.003
319.61
319.219
318.83
318.444
318.062
317.682
317.307
322.799
322.398
321.997
321.597
321.197
320.799
320.402
320.007
319.614
319.224
318.835
318.45
318.068
317.689
317.314
322.799
322.398
321.998
321.597
321.198
320.8
320.404
320.009
319.616
319.226
318.838
318.453
318.071
317.692
317.317
316.459
316.232
315.826
315.596
315.258
315.092
314.925
314.578
314.334
313.888
313.638
313.269
313.061
312.76
312.612
312.463
312.157
311.944
311.558
311.347
311.045
310.9
310.758
310.474
310.28
309.941
309.713
309.308
309.089
308.779
308.631
308.488
308.2
308.005
307.664
307.435
307.029
306.808
306.497
306.347
306.201
305.909
305.707
305.354
305.113
304.68
304.439
304.086
303.886
303.598
303.456
303.313
303.018
302.811
302.434
302.226
301.928
301.782
301.638
301.347
301.144
300.788
300.543
300.105
299.864
299.518
299.35
299.183
298.845
298.609
298.192
297.906
297.39
297.106
296.698
296.5
296.303
295.901
295.621
295.125
294.786
294.174
293.839
293.359
293.129
292.902
292.438
292.126
291.577
291.277
316.563
316.267
315.95
315.666
315.381
315.134
314.886
314.598
314.308
313.984
313.69
313.392
313.131
312.873
312.65
312.428
312.173
311.918
311.635
311.382
311.131
310.915
310.702
310.459
310.215
309.94
309.671
309.377
309.116
308.859
308.639
308.423
308.178
307.931
307.655
307.385
307.088
306.825
306.566
306.343
306.124
305.872
305.618
305.332
305.048
304.733
304.449
304.164
303.912
303.664
303.449
303.234
302.985
302.735
302.457
302.206
301.955
301.737
301.518
301.266
301.009
300.717
300.427
300.106
299.817
299.529
299.278
299.027
298.735
298.438
298.099
297.761
297.386
297.049
296.711
296.417
296.122
295.78
295.43
295.031
294.635
294.196
293.802
293.411
293.074
292.74
292.356
291.974
291.552
291.162
316.639
316.332
316.029
315.736
315.451
315.178
314.905
314.621
314.332
314.036
313.747
313.464
313.195
312.935
312.687
312.442
312.188
311.931
311.669
311.414
311.166
310.928
310.69
310.445
310.193
309.932
309.666
309.397
309.137
308.884
308.642
308.403
308.155
307.901
307.638
307.371
307.1
306.837
306.581
306.336
306.092
305.839
305.578
305.305
305.026
304.742
304.464
304.192
303.933
303.682
303.442
303.203
302.954
302.701
302.441
302.187
301.936
301.693
301.447
301.191
300.924
300.644
300.356
300.061
299.771
299.485
299.208
298.928
298.633
298.326
298.003
297.67
297.328
296.991
296.659
296.337
296.011
295.668
295.311
294.934
294.548
294.151
293.763
293.382
293.016
292.65
292.27
291.882
291.48
291.077
316.702
316.393
316.09
315.795
315.505
315.221
314.938
314.653
314.367
314.079
313.795
313.517
313.245
312.981
312.722
312.466
312.209
311.951
311.693
311.438
311.186
310.938
310.691
310.44
310.186
309.928
309.667
309.406
309.148
308.893
308.643
308.394
308.142
307.886
307.626
307.363
307.1
306.839
306.582
306.328
306.074
305.816
305.554
305.286
305.014
304.74
304.469
304.202
303.941
303.685
303.434
303.184
302.931
302.676
302.418
302.161
301.906
301.651
301.393
301.13
300.86
300.581
300.297
300.008
299.719
299.43
299.141
298.849
298.549
298.24
297.92
297.594
297.261
296.928
296.594
296.261
295.923
295.577
295.219
294.851
294.475
294.093
293.712
293.334
292.958
292.581
292.198
291.807
291.409
291.006
316.755
316.446
316.143
315.844
315.551
315.262
314.974
314.688
314.402
314.118
313.836
313.558
313.286
313.018
312.754
312.492
312.232
311.972
311.713
311.456
311.201
310.948
310.695
310.441
310.186
309.928
309.669
309.41
309.153
308.897
308.642
308.389
308.134
307.877
307.618
307.357
307.096
306.836
306.577
306.32
306.061
305.801
305.539
305.273
305.005
304.736
304.469
304.203
303.941
303.682
303.425
303.169
302.912
302.654
302.395
302.135
301.874
301.612
301.348
301.08
300.806
300.527
300.244
299.956
299.666
299.374
299.08
298.782
298.478
298.167
297.849
297.525
297.196
296.864
296.529
296.192
295.849
295.5
295.144
294.78
294.41
294.035
293.658
293.28
292.902
292.52
292.135
291.744
291.347
290.944
316.8
316.491
316.187
315.887
315.591
315.299
315.01
314.722
314.436
314.152
313.871
313.593
313.319
313.049
312.781
312.516
312.253
311.991
311.731
311.472
311.214
310.958
310.701
310.445
310.188
309.93
309.671
309.413
309.155
308.898
308.642
308.385
308.128
307.871
307.612
307.352
307.092
306.831
306.572
306.312
306.052
305.79
305.527
305.263
304.997
304.731
304.465
304.2
303.937
303.676
303.416
303.156
302.895
302.634
302.372
302.109
301.844
301.578
301.309
301.037
300.761
300.48
300.196
299.908
299.617
299.322
299.025
298.723
298.416
298.104
297.787
297.464
297.136
296.804
296.469
296.129
295.785
295.435
295.079
294.718
294.351
293.98
293.606
293.229
292.849
292.466
292.08
291.689
291.292
290.891
316.838
316.53
316.225
315.924
315.627
315.333
315.042
314.753
314.467
314.183
313.902
313.623
313.348
313.076
312.806
312.539
312.273
312.009
311.747
311.486
311.226
310.967
310.708
310.45
310.191
309.933
309.674
309.415
309.157
308.899
308.641
308.383
308.125
307.866
307.607
307.347
307.087
306.826
306.566
306.305
306.044
305.782
305.519
305.255
304.99
304.725
304.46
304.195
303.931
303.668
303.405
303.143
302.88
302.616
302.351
302.085
301.817
301.547
301.275
301
300.721
300.439
300.153
299.864
299.571
299.275
298.975
298.671
298.363
298.05
297.732
297.409
297.081
296.75
296.414
296.073
295.728
295.379
295.023
294.663
294.298
293.929
293.557
293.181
292.801
292.418
292.031
291.641
291.245
290.845
316.871
316.563
316.258
315.956
315.658
315.363
315.071
314.781
314.494
314.21
313.928
313.649
313.373
313.099
312.827
312.558
312.291
312.025
311.761
311.498
311.236
310.975
310.715
310.455
310.195
309.936
309.676
309.417
309.158
308.899
308.64
308.381
308.122
307.863
307.603
307.343
307.082
306.822
306.561
306.299
306.037
305.775
305.512
305.248
304.983
304.719
304.454
304.189
303.924
303.66
303.395
303.131
302.865
302.599
302.332
302.063
301.793
301.52
301.245
300.968
300.687
300.403
300.116
299.825
299.531
299.233
298.932
298.626
298.317
298.003
297.684
297.361
297.033
296.701
296.365
296.024
295.679
295.329
294.975
294.616
294.252
293.884
293.513
293.137
292.758
292.376
291.989
291.599
291.204
290.806
316.898
316.59
316.285
315.983
315.685
315.389
315.096
314.806
314.518
314.233
313.951
313.671
313.393
313.118
312.846
312.575
312.306
312.039
311.773
311.508
311.245
310.983
310.721
310.46
310.199
309.939
309.678
309.418
309.159
308.899
308.639
308.38
308.12
307.86
307.6
307.339
307.079
306.818
306.556
306.294
306.032
305.769
305.506
305.242
304.977
304.713
304.448
304.182
303.917
303.651
303.386
303.119
302.852
302.584
302.315
302.044
301.771
301.497
301.22
300.94
300.658
300.372
300.083
299.791
299.496
299.197
298.894
298.587
298.277
297.962
297.643
297.319
296.991
296.659
296.323
295.982
295.637
295.287
294.933
294.574
294.212
293.845
293.474
293.099
292.721
292.339
291.953
291.563
291.169
290.772
316.921
316.613
316.308
316.006
315.707
315.411
315.118
314.827
314.539
314.253
313.97
313.689
313.411
313.135
312.861
312.589
312.319
312.05
311.783
311.518
311.253
310.989
310.727
310.464
310.203
309.942
309.681
309.42
309.159
308.899
308.639
308.379
308.119
307.858
307.597
307.337
307.075
306.814
306.552
306.29
306.027
305.764
305.501
305.237
304.972
304.707
304.442
304.176
303.91
303.644
303.377
303.109
302.841
302.571
302.3
302.027
301.753
301.477
301.198
300.917
300.633
300.346
300.056
299.763
299.466
299.166
298.862
298.555
298.243
297.927
297.608
297.284
296.956
296.623
296.287
295.946
295.601
295.251
294.897
294.539
294.177
293.811
293.441
293.066
292.689
292.307
291.922
291.533
291.14
290.744
316.94
316.632
316.327
316.025
315.726
315.429
315.136
314.844
314.556
314.27
313.986
313.705
313.425
313.149
312.874
312.601
312.33
312.06
311.792
311.525
311.26
310.995
310.732
310.468
310.206
309.944
309.683
309.421
309.16
308.899
308.639
308.378
308.117
307.856
307.595
307.334
307.073
306.811
306.549
306.287
306.024
305.76
305.497
305.232
304.968
304.703
304.437
304.171
303.904
303.637
303.369
303.1
302.831
302.56
302.287
302.014
301.738
301.46
301.18
300.898
300.612
300.324
300.033
299.739
299.441
299.14
298.836
298.527
298.215
297.899
297.579
297.254
296.926
296.594
296.257
295.916
295.571
295.221
294.868
294.51
294.148
293.783
293.413
293.039
292.662
292.281
291.896
291.508
291.116
290.72
316.955
316.647
316.342
316.04
315.741
315.444
315.15
314.858
314.569
314.283
313.998
313.717
313.437
313.159
312.884
312.61
312.338
312.068
311.799
311.532
311.265
311
310.735
310.472
310.209
309.946
309.684
309.422
309.161
308.9
308.639
308.377
308.116
307.855
307.594
307.332
307.071
306.809
306.546
306.284
306.021
305.757
305.493
305.229
304.964
304.699
304.433
304.166
303.899
303.631
303.363
303.093
302.823
302.551
302.277
302.002
301.726
301.447
301.166
300.882
300.596
300.307
300.015
299.72
299.422
299.12
298.815
298.506
298.193
297.876
297.556
297.231
296.903
296.57
296.233
295.892
295.547
295.198
294.844
294.487
294.126
293.76
293.391
293.018
292.641
292.26
291.876
291.488
291.096
290.702
316.965
316.658
316.353
316.051
315.751
315.455
315.16
314.868
314.579
314.292
314.008
313.726
313.445
313.167
312.891
312.617
312.345
312.074
311.804
311.536
311.269
311.004
310.739
310.474
310.211
309.948
309.685
309.423
309.162
308.9
308.638
308.377
308.116
307.854
307.593
307.331
307.069
306.807
306.545
306.282
306.019
305.755
305.491
305.226
304.961
304.696
304.43
304.163
303.895
303.627
303.358
303.088
302.817
302.544
302.27
301.994
301.717
301.437
301.155
300.871
300.584
300.294
300.002
299.706
299.407
299.105
298.799
298.49
298.176
297.859
297.539
297.214
296.885
296.552
296.215
295.874
295.529
295.18
294.827
294.47
294.109
293.743
293.374
293.001
292.625
292.244
291.86
291.473
291.082
290.688
316.973
316.665
316.36
316.058
315.759
315.462
315.167
314.875
314.586
314.299
314.014
313.731
313.451
313.173
312.896
312.622
312.349
312.078
311.808
311.539
311.272
311.006
310.741
310.476
310.212
309.949
309.686
309.424
309.162
308.9
308.638
308.377
308.115
307.854
307.592
307.33
307.068
306.806
306.543
306.28
306.017
305.753
305.489
305.225
304.959
304.694
304.427
304.16
303.893
303.624
303.355
303.084
302.812
302.539
302.265
301.989
301.71
301.43
301.148
300.863
300.576
300.286
299.993
299.697
299.397
299.095
298.788
298.479
298.165
297.848
297.527
297.202
296.874
296.541
296.204
295.863
295.518
295.169
294.815
294.458
294.097
293.732
293.363
292.991
292.614
292.234
291.85
291.463
291.073
290.679
316.976
316.669
316.364
316.062
315.762
315.465
315.171
314.879
314.589
314.302
314.017
313.734
313.454
313.175
312.899
312.624
312.351
312.08
311.81
311.541
311.274
311.007
310.742
310.477
310.213
309.95
309.687
309.424
309.162
308.9
308.638
308.377
308.115
307.853
307.592
307.33
307.068
306.805
306.543
306.28
306.016
305.753
305.488
305.224
304.959
304.693
304.426
304.159
303.891
303.623
303.353
303.082
302.81
302.537
302.262
301.986
301.707
301.427
301.144
300.859
300.572
300.281
299.988
299.692
299.392
299.09
298.783
298.473
298.16
297.843
297.522
297.197
296.868
296.535
296.198
295.857
295.512
295.163
294.81
294.453
294.092
293.727
293.358
292.985
292.609
292.229
291.845
291.458
291.068
290.674
290.829
290.271
289.711
289.157
288.609
288.065
287.525
286.988
286.453
285.92
285.388
284.856
284.325
283.795
283.265
290.711
290.186
289.65
289.112
288.574
288.038
287.503
286.97
286.439
285.908
285.378
284.849
284.321
283.792
283.264
290.624
290.114
289.592
289.066
288.537
288.008
287.479
286.951
286.423
285.896
285.369
284.842
284.315
283.789
283.263
290.554
290.051
289.539
289.022
288.501
287.979
287.455
286.931
286.407
285.883
285.358
284.834
284.31
283.786
283.262
290.495
289.997
289.492
288.981
288.467
287.95
287.431
286.911
286.391
285.87
285.348
284.827
284.305
283.783
283.261
290.445
289.95
289.45
288.945
288.435
287.923
287.409
286.892
286.375
285.857
285.338
284.819
284.3
283.78
283.26
290.401
289.91
289.413
288.912
288.407
287.898
287.387
286.875
286.361
285.845
285.329
284.812
284.295
283.777
283.259
290.363
289.875
289.381
288.883
288.381
287.876
287.368
286.859
286.347
285.834
285.32
284.805
284.29
283.774
283.258
290.331
289.844
289.353
288.858
288.359
287.856
287.351
286.844
286.335
285.824
285.312
284.799
284.286
283.772
283.257
290.304
289.819
289.33
288.837
288.34
287.84
287.337
286.831
286.324
285.815
285.305
284.794
284.282
283.769
283.256
290.281
289.798
289.311
288.819
288.324
287.826
287.324
286.821
286.315
285.808
285.299
284.789
284.279
283.767
283.256
290.264
289.782
289.295
288.805
288.311
287.814
287.315
286.812
286.308
285.802
285.294
284.786
284.276
283.766
283.255
290.251
289.769
289.284
288.795
288.302
287.806
287.307
286.806
286.303
285.797
285.291
284.783
284.274
283.765
283.255
290.242
289.761
289.276
288.788
288.295
287.8
287.302
286.802
286.299
285.794
285.288
284.781
284.273
283.764
283.255
290.238
289.757
289.272
288.784
288.292
287.797
287.3
286.799
286.297
285.793
285.287
284.78
284.272
283.764
283.255
)
;

boundaryField
{
    hot
    {
        type            fixedValue;
        value           uniform 323;
    }
    cold
    {
        type            fixedValue;
        value           uniform 283;
    }
    interface_left
    {
        type            fixedValue;
        value           nonuniform List<scalar> 
90
(
315.148
315.148
315.219
315.219
315.218
315.218
315.218
315.206
315.206
315.193
315.193
315.187
315.187
315.187
315.187
315.187
315.192
315.192
315.202
315.202
315.212
315.212
315.212
315.224
315.224
315.24
315.24
315.262
315.262
315.28
315.28
315.28
315.298
315.298
315.321
315.321
315.353
315.353
315.377
315.377
315.377
315.401
315.401
315.432
315.432
315.474
315.474
315.506
315.506
315.506
315.539
315.539
315.581
315.581
315.637
315.637
315.682
315.682
315.682
315.727
315.727
315.783
315.783
315.859
315.859
315.917
315.917
315.917
315.974
315.974
316.043
316.043
316.133
316.133
316.198
316.198
316.198
316.256
316.256
316.318
316.318
316.386
316.386
316.42
316.42
316.42
316.421
316.421
316.344
316.344
)
;
    }
    interface_right
    {
        type            fixedValue;
        value           nonuniform List<scalar> 
90
(
289.833
289.833
289.74
289.74
289.74
289.728
289.728
289.748
289.748
289.798
289.798
289.848
289.848
289.896
289.896
289.896
289.952
289.952
290.031
290.031
290.093
290.093
290.145
290.145
290.145
290.198
290.198
290.269
290.269
290.322
290.322
290.364
290.364
290.364
290.406
290.406
290.461
290.461
290.499
290.499
290.499
290.535
290.535
290.577
290.577
290.63
290.63
290.669
290.669
290.7
290.7
290.7
290.733
290.733
290.777
290.777
290.81
290.81
290.838
290.838
290.838
290.867
290.867
290.906
290.906
290.934
290.934
290.934
290.962
290.962
290.995
290.995
291.037
291.037
291.066
291.066
291.066
291.094
291.094
291.126
291.126
291.168
291.168
291.204
291.204
291.204
291.26
291.26
291.412
291.412
)
;
    }
    interface_top
    {
        type            fixedValue;
        value           nonuniform List<scalar> 
90
(
316.344
316.344
315.639
315.639
315.074
315.074
315.074
314.494
314.494
313.699
313.699
313.094
313.094
312.595
312.595
312.595
312.084
312.084
311.396
311.396
310.891
310.891
310.891
310.418
310.418
309.863
309.863
309.142
309.142
308.625
308.625
308.625
308.148
308.148
307.591
307.591
306.867
306.867
306.348
306.348
306.348
305.862
305.862
305.286
305.286
304.516
304.516
303.938
303.938
303.462
303.462
303.462
302.972
302.972
302.303
302.303
301.805
301.805
301.805
301.324
301.324
300.742
300.742
299.963
299.963
299.386
299.386
299.386
298.826
298.826
298.145
298.145
297.225
297.225
296.541
296.541
296.541
295.874
295.874
295.058
295.058
293.963
293.963
293.154
293.154
293.154
292.371
292.371
291.412
291.412
)
;
    }
    interface_bottom
    {
        type            fixedValue;
        value           nonuniform List<scalar> 
90
(
315.148
315.148
314.337
314.337
314.337
313.574
313.574
312.67
312.67
311.496
311.496
310.646
310.646
309.962
309.962
309.962
309.273
309.273
308.358
308.358
307.686
307.686
307.142
307.142
307.142
306.594
306.594
305.874
305.874
305.359
305.359
305.359
304.876
304.876
304.309
304.309
303.583
303.583
303.069
303.069
303.069
302.583
302.583
302.002
302.002
301.238
301.238
300.674
300.674
300.207
300.207
300.207
299.719
299.719
299.06
299.06
298.574
298.574
298.574
298.101
298.101
297.532
297.532
296.791
296.791
296.257
296.257
296.257
295.746
295.746
295.136
295.136
294.346
294.346
293.78
293.78
293.78
293.241
293.241
292.597
292.597
291.758
291.758
291.151
291.151
291.151
290.563
290.563
289.833
289.833
)
;
    }
    defaultFaces
    {
        type            empty;
    }
}


// ************************************************************************* //
