/*--------------------------------*- C++ -*----------------------------------*\
| =========                 |                                                 |
| \\      /  F ield         | OpenFOAM: The Open Source CFD Toolbox           |
|  \\    /   O peration     | Version:  5.x                                   |
|   \\  /    A nd           | Web:      www.OpenFOAM.org                      |
|    \\/     M anipulation  |                                                 |
\*---------------------------------------------------------------------------*/
FoamFile
{
    version     2.0;
    format      ascii;
    class       volScalarField;
    location    "3.2";
    object      T;
}
// * * * * * * * * * * * * * * * * * * * * * * * * * * * * * * * * * * * * * //

dimensions      [0 0 0 1 0 0 0];

internalField   nonuniform List<scalar> 
6300
(
322.76
322.279
321.799
321.319
320.84
320.362
319.886
319.411
318.938
318.466
317.997
317.531
317.067
316.606
316.147
322.76
322.279
321.798
321.318
320.839
320.361
319.884
319.409
318.936
318.464
317.995
317.528
317.064
316.603
316.144
322.759
322.278
321.797
321.317
320.837
320.358
319.881
319.405
318.932
318.46
317.99
317.523
317.058
316.597
316.138
322.759
322.277
321.795
321.314
320.834
320.355
319.877
319.4
318.925
318.453
317.983
317.515
317.05
316.588
316.129
322.758
322.276
321.793
321.311
320.83
320.349
319.87
319.393
318.917
318.444
317.973
317.504
317.038
316.576
316.116
322.758
322.274
321.79
321.307
320.824
320.343
319.863
319.384
318.907
318.432
317.96
317.491
317.024
316.56
316.1
322.757
322.272
321.787
321.302
320.818
320.335
319.854
319.373
318.895
318.419
317.945
317.474
317.006
316.542
316.081
322.756
322.269
321.783
321.297
320.811
320.326
319.843
319.361
318.881
318.402
317.927
317.454
316.985
316.52
316.058
322.756
322.267
321.778
321.29
320.803
320.316
319.831
319.346
318.864
318.384
317.906
317.431
316.96
316.494
316.032
322.755
322.264
321.774
321.283
320.794
320.305
319.817
319.33
318.845
318.362
317.882
317.404
316.931
316.463
316
322.754
322.261
321.768
321.276
320.784
320.293
319.802
319.313
318.825
318.338
317.854
317.373
316.897
316.427
315.963
322.753
322.258
321.763
321.268
320.774
320.28
319.787
319.294
318.802
318.312
317.823
317.338
316.857
316.383
315.919
322.751
322.254
321.757
321.26
320.763
320.267
319.77
319.274
318.778
318.283
317.79
317.298
316.81
316.33
315.862
322.75
322.251
321.752
321.252
320.753
320.253
319.754
319.254
318.754
318.254
317.754
317.254
316.756
316.264
315.788
322.749
322.248
321.746
321.244
320.742
320.24
319.737
319.234
318.729
318.224
317.717
317.208
316.697
316.183
315.678
315.73
315.353
314.978
314.606
314.236
313.869
313.504
313.143
312.784
312.428
312.076
311.726
311.381
311.039
310.7
310.366
310.035
309.709
309.386
309.067
308.752
308.44
308.133
307.829
307.528
307.231
306.937
306.646
306.358
306.073
305.79
305.509
305.23
304.954
304.679
304.406
304.134
303.863
303.594
303.326
303.059
302.793
302.528
302.263
302
301.736
301.474
301.212
300.95
300.688
300.427
300.166
299.905
299.644
299.382
299.12
298.857
298.594
298.33
298.065
297.799
297.532
297.264
296.994
296.723
296.45
296.176
295.9
295.623
295.343
295.062
294.779
294.494
294.207
293.918
293.627
293.334
293.039
292.741
292.441
292.139
291.835
291.528
291.219
290.907
290.593
290.277
289.958
289.637
289.313
315.727
315.35
314.975
314.602
314.233
313.865
313.5
313.138
312.779
312.423
312.071
311.721
311.376
311.033
310.695
310.36
310.03
309.703
309.38
309.061
308.746
308.435
308.128
307.824
307.523
307.227
306.933
306.642
306.354
306.069
305.786
305.506
305.227
304.951
304.676
304.403
304.132
303.862
303.593
303.325
303.058
302.792
302.527
302.262
301.999
301.736
301.473
301.211
300.949
300.688
300.427
300.166
299.905
299.644
299.382
299.121
298.858
298.595
298.331
298.067
297.801
297.534
297.266
296.996
296.725
296.453
296.178
295.903
295.625
295.346
295.065
294.782
294.497
294.21
293.921
293.63
293.337
293.042
292.744
292.444
292.142
291.838
291.531
291.222
290.911
290.597
290.28
289.962
289.64
289.316
315.72
315.343
314.968
314.595
314.225
313.857
313.492
313.13
312.77
312.414
312.061
311.711
311.365
311.023
310.684
310.349
310.018
309.691
309.369
309.05
308.735
308.424
308.117
307.814
307.514
307.217
306.924
306.634
306.346
306.062
305.78
305.5
305.222
304.946
304.672
304.399
304.128
303.858
303.589
303.321
303.055
302.789
302.524
302.26
301.997
301.734
301.471
301.21
300.948
300.687
300.426
300.166
299.905
299.644
299.383
299.122
298.86
298.597
298.334
298.069
297.804
297.537
297.269
297
296.729
296.457
296.183
295.907
295.63
295.351
295.07
294.787
294.502
294.216
293.927
293.636
293.343
293.048
292.75
292.451
292.149
291.845
291.538
291.229
290.918
290.604
290.287
289.968
289.647
289.323
315.711
315.333
314.958
314.585
314.214
313.846
313.48
313.117
312.757
312.4
312.046
311.696
311.349
311.006
310.667
310.332
310.001
309.674
309.352
309.033
308.718
308.408
308.101
307.798
307.499
307.203
306.911
306.621
306.335
306.051
305.769
305.49
305.213
304.938
304.664
304.392
304.122
303.852
303.584
303.317
303.051
302.785
302.521
302.257
301.994
301.731
301.469
301.207
300.946
300.686
300.426
300.165
299.905
299.645
299.385
299.124
298.862
298.6
298.337
298.073
297.808
297.542
297.275
297.006
296.735
296.463
296.19
295.914
295.637
295.359
295.078
294.795
294.511
294.224
293.935
293.645
293.352
293.057
292.76
292.46
292.159
291.855
291.548
291.239
290.928
290.614
290.298
289.979
289.657
289.333
315.698
315.32
314.944
314.571
314.199
313.831
313.464
313.1
312.739
312.381
312.027
311.675
311.328
310.984
310.645
310.309
309.978
309.651
309.328
309.01
308.696
308.386
308.08
307.778
307.479
307.185
306.893
306.605
306.319
306.036
305.756
305.478
305.202
304.927
304.655
304.384
304.114
303.845
303.577
303.311
303.045
302.78
302.516
302.252
301.989
301.727
301.466
301.205
300.944
300.684
300.424
300.165
299.905
299.646
299.386
299.126
298.866
298.604
298.342
298.079
297.815
297.549
297.282
297.014
296.744
296.472
296.199
295.924
295.647
295.369
295.088
294.806
294.521
294.235
293.947
293.656
293.364
293.069
292.772
292.473
292.172
291.868
291.561
291.253
290.942
290.628
290.312
289.993
289.672
289.347
315.682
315.303
314.927
314.553
314.181
313.812
313.444
313.08
312.717
312.358
312.002
311.649
311.301
310.956
310.616
310.28
309.949
309.622
309.299
308.981
308.667
308.358
308.053
307.752
307.454
307.161
306.871
306.584
306.3
306.018
305.739
305.463
305.188
304.915
304.643
304.373
304.104
303.836
303.569
303.303
303.038
302.774
302.51
302.247
301.984
301.723
301.461
301.201
300.941
300.681
300.423
300.164
299.906
299.647
299.389
299.13
298.87
298.61
298.348
298.086
297.823
297.558
297.291
297.023
296.754
296.483
296.21
295.936
295.659
295.381
295.101
294.819
294.535
294.249
293.961
293.671
293.379
293.084
292.788
292.489
292.188
291.884
291.578
291.27
290.959
290.646
290.33
290.011
289.689
289.365
315.662
315.283
314.907
314.533
314.16
313.79
313.421
313.055
312.691
312.33
311.972
311.618
311.268
310.922
310.581
310.245
309.913
309.586
309.263
308.945
308.632
308.324
308.02
307.72
307.424
307.132
306.844
306.559
306.276
305.997
305.72
305.445
305.171
304.9
304.629
304.36
304.092
303.825
303.56
303.294
303.03
302.766
302.503
302.241
301.978
301.717
301.456
301.196
300.937
300.678
300.42
300.163
299.906
299.648
299.391
299.133
298.875
298.616
298.356
298.095
297.832
297.568
297.302
297.035
296.766
296.496
296.224
295.95
295.674
295.397
295.117
294.835
294.551
294.266
293.978
293.689
293.397
293.103
292.807
292.508
292.207
291.904
291.598
291.29
290.98
290.667
290.351
290.033
289.711
289.387
315.639
315.26
314.884
314.509
314.137
313.765
313.395
313.027
312.66
312.297
311.936
311.58
311.229
310.882
310.54
310.203
309.871
309.543
309.221
308.903
308.591
308.283
307.98
307.682
307.388
307.099
306.812
306.529
306.249
305.972
305.697
305.424
305.152
304.882
304.614
304.346
304.079
303.813
303.549
303.285
303.021
302.758
302.496
302.233
301.971
301.71
301.449
301.19
300.931
300.674
300.417
300.161
299.905
299.65
299.394
299.138
298.881
298.624
298.365
298.105
297.844
297.581
297.316
297.049
296.781
296.511
296.24
295.967
295.692
295.415
295.135
294.854
294.57
294.285
293.998
293.709
293.418
293.124
292.829
292.53
292.23
291.927
291.622
291.314
291.005
290.692
290.377
290.059
289.738
289.413
315.612
315.234
314.858
314.484
314.111
313.738
313.366
312.995
312.626
312.259
311.895
311.536
311.182
310.834
310.491
310.154
309.821
309.494
309.171
308.854
308.542
308.235
307.934
307.638
307.347
307.06
306.776
306.495
306.218
305.943
305.671
305.4
305.131
304.863
304.596
304.33
304.064
303.8
303.536
303.274
303.012
302.75
302.487
302.225
301.963
301.702
301.441
301.182
300.924
300.668
300.413
300.159
299.905
299.651
299.397
299.143
298.889
298.633
298.376
298.118
297.858
297.596
297.331
297.065
296.798
296.529
296.259
295.986
295.712
295.435
295.156
294.875
294.592
294.307
294.021
293.732
293.442
293.149
292.854
292.556
292.256
291.953
291.648
291.341
291.033
290.721
290.407
290.09
289.769
289.444
315.581
315.204
314.83
314.457
314.084
313.711
313.337
312.962
312.588
312.216
311.847
311.485
311.128
310.779
310.435
310.098
309.765
309.437
309.114
308.796
308.485
308.18
307.881
307.588
307.3
307.016
306.735
306.457
306.182
305.911
305.642
305.375
305.109
304.843
304.578
304.312
304.048
303.785
303.523
303.262
303.002
302.741
302.479
302.217
301.954
301.692
301.431
301.172
300.915
300.66
300.407
300.156
299.904
299.653
299.401
299.149
298.897
298.644
298.39
298.133
297.875
297.613
297.349
297.084
296.817
296.549
296.28
296.009
295.736
295.46
295.181
294.899
294.616
294.331
294.045
293.758
293.469
293.178
292.883
292.585
292.284
291.982
291.677
291.371
291.064
290.755
290.442
290.126
289.805
289.48
315.546
315.171
314.799
314.429
314.058
313.685
313.308
312.928
312.546
312.167
311.792
311.424
311.064
310.714
310.371
310.034
309.702
309.373
309.049
308.73
308.419
308.115
307.82
307.531
307.247
306.966
306.689
306.414
306.143
305.875
305.611
305.348
305.086
304.823
304.558
304.294
304.03
303.768
303.508
303.25
302.992
302.733
302.472
302.209
301.945
301.681
301.418
301.158
300.902
300.65
300.4
300.152
299.904
299.654
299.405
299.155
298.906
298.657
298.406
298.152
297.895
297.634
297.37
297.103
296.837
296.57
296.303
296.035
295.763
295.488
295.209
294.926
294.642
294.357
294.072
293.787
293.501
293.211
292.917
292.618
292.317
292.013
291.708
291.404
291.099
290.792
290.482
290.168
289.848
289.523
315.503
315.132
314.766
314.402
314.036
313.663
313.283
312.895
312.503
312.111
311.726
311.35
310.988
310.638
310.298
309.965
309.633
309.303
308.975
308.653
308.341
308.04
307.748
307.466
307.189
306.913
306.639
306.366
306.098
305.835
305.577
305.321
305.064
304.803
304.54
304.275
304.009
303.748
303.49
303.237
302.984
302.728
302.468
302.203
301.935
301.666
301.4
301.139
300.884
300.636
300.391
300.149
299.904
299.657
299.408
299.161
298.915
298.672
298.427
298.177
297.921
297.659
297.393
297.124
296.857
296.592
296.329
296.065
295.796
295.522
295.241
294.956
294.668
294.382
294.099
293.818
293.536
293.25
292.956
292.656
292.352
292.044
291.739
291.436
291.136
290.835
290.529
290.217
289.898
289.574
315.451
315.088
314.728
314.378
314.024
313.653
313.269
312.868
312.46
312.046
311.646
311.258
310.894
310.546
310.217
309.894
309.563
309.229
308.891
308.564
308.248
307.949
307.664
307.394
307.129
306.859
306.586
306.311
306.045
305.787
305.541
305.297
305.046
304.789
304.523
304.255
303.984
303.721
303.466
303.223
302.98
302.729
302.471
302.201
301.927
301.648
301.376
301.111
300.858
300.614
300.381
300.148
299.907
299.661
299.41
299.164
298.922
298.688
298.454
298.209
297.955
297.69
297.419
297.142
296.873
296.61
296.356
296.102
295.838
295.565
295.279
294.988
294.692
294.403
294.122
293.851
293.58
293.297
293.006
292.701
292.39
292.074
291.765
291.464
291.174
290.885
290.584
290.276
289.956
289.634
315.382
315.039
314.677
314.359
314.037
313.661
313.281
312.85
312.427
311.961
311.547
311.133
310.775
310.426
310.128
309.833
309.497
309.162
308.791
308.46
308.128
307.839
307.557
307.316
307.078
306.806
306.537
306.242
305.98
305.722
305.5
305.283
305.035
304.788
304.51
304.24
303.945
303.684
303.427
303.207
302.989
302.74
302.489
302.206
301.927
301.619
301.342
301.064
300.819
300.578
300.368
300.159
299.916
299.673
299.403
299.16
298.917
298.707
298.496
298.253
298.007
297.728
297.453
297.15
296.881
296.614
296.384
296.155
295.891
295.625
295.324
295.029
294.704
294.415
294.129
293.883
293.639
293.358
293.074
292.753
292.438
292.091
291.782
291.475
291.212
290.95
290.65
290.351
290.018
289.708
315.277
315.018
314.564
314.345
314.126
313.674
313.366
312.821
312.456
311.803
311.446
310.93
310.642
310.233
310.033
309.834
309.427
309.145
308.636
308.355
307.947
307.719
307.393
307.233
307.074
306.75
306.527
306.127
305.909
305.603
305.455
305.312
305.025
304.829
304.488
304.26
303.857
303.639
303.334
303.187
303.043
302.754
302.555
302.205
301.968
301.544
301.31
300.968
300.775
300.495
300.357
300.216
299.927
299.725
299.357
299.155
298.866
298.725
298.585
298.302
298.106
297.76
297.527
297.111
296.885
296.564
296.409
296.257
295.948
295.736
295.362
295.111
294.664
294.422
294.079
293.913
293.751
293.422
293.196
292.799
292.531
292.053
291.793
291.425
291.247
291.072
290.715
290.473
290.047
289.81
288.954
288.559
288.161
287.76
287.356
286.949
286.54
286.129
285.715
285.3
284.884
284.466
284.048
283.629
283.21
288.957
288.562
288.164
287.763
287.358
286.951
286.542
286.13
285.717
285.302
284.885
284.467
284.049
283.629
283.21
288.964
288.569
288.17
287.768
287.364
286.956
286.546
286.134
285.72
285.304
284.887
284.469
284.05
283.63
283.21
288.974
288.578
288.179
287.777
287.372
286.963
286.553
286.14
285.725
285.309
284.891
284.472
284.052
283.631
283.21
288.988
288.592
288.192
287.789
287.382
286.973
286.561
286.147
285.732
285.314
284.895
284.475
284.054
283.633
283.211
289.005
288.608
288.208
287.803
287.396
286.985
286.572
286.157
285.74
285.321
284.901
284.479
284.057
283.635
283.212
289.026
288.629
288.227
287.821
287.412
287
286.585
286.168
285.749
285.329
284.907
284.484
284.061
283.637
283.212
289.052
288.653
288.25
287.842
287.431
287.017
286.6
286.181
285.761
285.338
284.915
284.49
284.065
283.639
283.213
289.082
288.682
288.277
287.867
287.454
287.037
286.618
286.196
285.773
285.349
284.923
284.497
284.069
283.642
283.214
289.118
288.716
288.308
287.896
287.479
287.059
286.637
286.213
285.787
285.36
284.932
284.504
284.074
283.645
283.215
289.16
288.756
288.345
287.928
287.508
287.084
286.659
286.231
285.803
285.373
284.942
284.511
284.08
283.648
283.216
289.21
288.802
288.386
287.965
287.539
287.111
286.682
286.251
285.819
285.386
284.953
284.519
284.086
283.651
283.217
289.27
288.857
288.434
288.005
287.574
287.14
286.706
286.271
285.836
285.4
284.964
284.528
284.091
283.655
283.218
289.345
288.922
288.487
288.049
287.609
287.17
286.731
286.292
285.853
285.414
284.975
284.536
284.097
283.658
283.219
289.448
288.998
288.544
288.093
287.645
287.199
286.755
286.312
285.87
285.428
284.986
284.545
284.103
283.662
283.221
322.748
322.245
321.741
321.237
320.733
320.228
319.722
319.216
318.708
318.198
317.685
317.168
316.643
316.102
315.517
322.747
322.242
321.737
321.231
320.724
320.218
319.71
319.201
318.69
318.177
317.66
317.138
316.606
316.058
315.475
322.747
322.24
321.732
321.225
320.717
320.208
319.698
319.187
318.673
318.158
317.638
317.113
316.581
316.038
315.485
322.746
322.237
321.728
321.219
320.709
320.199
319.687
319.174
318.659
318.141
317.62
317.094
316.563
316.026
315.484
322.745
322.235
321.725
321.214
320.703
320.191
319.677
319.163
318.646
318.127
317.605
317.079
316.55
316.016
315.481
322.744
322.233
321.721
321.209
320.697
320.183
319.669
319.152
318.635
318.115
317.592
317.067
316.539
316.009
315.478
322.744
322.231
321.718
321.205
320.691
320.177
319.661
319.144
318.625
318.104
317.582
317.057
316.53
316.001
315.473
322.743
322.23
321.716
321.201
320.686
320.171
319.654
319.136
318.617
318.095
317.572
317.048
316.521
315.993
315.465
322.743
322.228
321.713
321.198
320.682
320.166
319.648
319.129
318.609
318.088
317.565
317.04
316.514
315.986
315.459
322.742
322.227
321.711
321.195
320.678
320.161
319.643
319.124
318.603
318.081
317.558
317.033
316.507
315.979
315.449
322.742
322.226
321.709
321.193
320.675
320.157
319.638
319.119
318.598
318.076
317.552
317.027
316.501
315.974
315.445
322.742
322.225
321.708
321.19
320.672
320.154
319.635
319.114
318.593
318.071
317.548
317.023
316.497
315.969
315.439
322.741
322.224
321.706
321.188
320.67
320.151
319.632
319.111
318.59
318.067
317.544
317.019
316.493
315.966
315.437
322.741
322.223
321.705
321.187
320.668
320.149
319.629
319.108
318.587
318.064
317.541
317.016
316.49
315.963
315.435
322.741
322.223
321.704
321.186
320.667
320.147
319.627
319.106
318.584
318.062
317.538
317.014
316.488
315.962
315.434
322.741
322.222
321.704
321.185
320.665
320.146
319.625
319.104
318.583
318.06
317.537
317.013
316.487
315.961
315.434
322.741
322.222
321.703
321.184
320.665
320.145
319.624
319.103
318.582
318.059
317.536
317.012
316.487
315.961
315.435
322.741
322.222
321.703
321.184
320.664
320.144
319.624
319.103
318.581
318.059
317.536
317.012
316.488
315.962
315.436
322.741
322.222
321.703
321.183
320.664
320.144
319.623
319.102
318.581
318.059
317.536
317.013
316.488
315.964
315.438
322.741
322.222
321.702
321.183
320.664
320.144
319.623
319.103
318.581
318.059
317.537
317.014
316.49
315.965
315.44
322.741
322.222
321.703
321.183
320.664
320.144
319.624
319.103
318.582
318.06
317.538
317.015
316.492
315.968
315.444
322.741
322.222
321.703
321.184
320.664
320.145
319.625
319.104
318.583
318.062
317.54
317.017
316.494
315.97
315.446
322.741
322.222
321.703
321.184
320.665
320.146
319.626
319.106
318.585
318.064
317.542
317.02
316.497
315.973
315.448
322.741
322.222
321.704
321.185
320.666
320.147
319.627
319.107
318.587
318.066
317.545
317.023
316.5
315.977
315.453
322.741
322.223
321.704
321.186
320.667
320.148
319.629
319.109
318.589
318.069
317.548
317.026
316.504
315.981
315.457
322.741
322.223
321.705
321.187
320.668
320.149
319.631
319.111
318.592
318.072
317.551
317.03
316.508
315.986
315.464
322.741
322.223
321.706
321.188
320.67
320.151
319.633
319.114
318.594
318.075
317.555
317.034
316.513
315.992
315.469
322.741
322.224
321.706
321.189
320.671
320.153
319.635
319.116
318.598
318.078
317.559
317.039
316.519
315.998
315.478
322.742
322.225
321.707
321.19
320.673
320.155
319.638
319.119
318.601
318.082
317.563
317.044
316.524
316.004
315.484
322.742
322.225
321.708
321.192
320.675
320.158
319.64
319.123
318.605
318.086
317.568
317.049
316.53
316.01
315.492
322.742
322.226
321.71
321.193
320.677
320.16
319.643
319.126
318.609
318.091
317.573
317.054
316.535
316.016
315.496
322.742
322.227
321.711
321.195
320.679
320.163
319.646
319.13
318.613
318.096
317.578
317.06
316.541
316.021
315.5
322.742
322.227
321.712
321.197
320.681
320.166
319.65
319.134
318.617
318.1
317.583
317.066
316.547
316.028
315.509
322.743
322.228
321.713
321.199
320.684
320.169
319.653
319.138
318.622
318.106
317.589
317.072
316.554
316.036
315.515
322.743
322.229
321.715
321.201
320.686
320.172
319.657
319.142
318.627
318.111
317.595
317.079
316.562
316.044
315.527
322.743
322.23
321.716
321.203
320.689
320.175
319.661
319.147
318.632
318.117
317.602
317.086
316.57
316.053
315.535
322.744
322.231
321.718
321.205
320.692
320.179
319.665
319.152
318.638
318.123
317.609
317.094
316.578
316.063
315.55
322.744
322.232
321.72
321.207
320.695
320.182
319.67
319.157
318.643
318.13
317.616
317.101
316.587
316.072
315.558
322.744
322.233
321.721
321.21
320.698
320.186
319.674
319.162
318.649
318.136
317.623
317.109
316.595
316.082
315.57
322.745
322.234
321.723
321.212
320.701
320.19
319.679
319.167
318.655
318.143
317.63
317.117
316.604
316.09
315.576
322.745
322.235
321.725
321.215
320.705
320.195
319.684
319.173
318.662
318.15
317.638
317.126
316.612
316.098
315.582
322.745
322.236
321.727
321.218
320.709
320.199
319.689
319.179
318.668
318.158
317.646
317.134
316.622
316.108
315.594
322.746
322.238
321.729
321.221
320.712
320.203
319.694
319.185
318.675
318.165
317.655
317.144
316.632
316.119
315.603
322.746
322.239
321.731
321.224
320.716
320.208
319.7
319.192
318.683
318.174
317.664
317.154
316.643
316.131
315.62
322.747
322.24
321.734
321.227
320.72
320.213
319.706
319.198
318.69
318.182
317.673
317.164
316.654
316.144
315.631
322.747
322.242
321.736
321.23
320.724
320.218
319.712
319.205
318.698
318.191
317.683
317.175
316.666
316.158
315.652
322.748
322.243
321.738
321.234
320.729
320.224
319.718
319.212
318.706
318.2
317.693
317.186
316.678
316.171
315.663
322.748
322.245
321.741
321.237
320.733
320.229
319.725
319.22
318.715
318.209
317.703
317.197
316.69
316.184
315.68
322.749
322.246
321.744
321.241
320.738
320.235
319.731
319.228
318.724
318.219
317.714
317.208
316.702
316.196
315.689
322.749
322.248
321.746
321.245
320.743
320.241
319.738
319.236
318.733
318.229
317.725
317.22
316.715
316.207
315.697
322.75
322.249
321.749
321.249
320.748
320.247
319.746
319.244
318.742
318.24
317.736
317.233
316.728
316.222
315.715
322.75
322.251
321.752
321.253
320.753
320.253
319.753
319.253
318.752
318.25
317.748
317.246
316.742
316.237
315.728
322.751
322.253
321.755
321.257
320.758
320.26
319.761
319.262
318.762
318.262
317.761
317.26
316.757
316.254
315.751
322.752
322.255
321.758
321.261
320.764
320.267
319.769
319.271
318.773
318.274
317.774
317.274
316.773
316.272
315.766
322.752
322.257
321.761
321.266
320.77
320.274
319.777
319.281
318.783
318.286
317.788
317.289
316.79
316.292
315.796
322.753
322.259
321.765
321.27
320.776
320.281
319.786
319.29
318.795
318.298
317.802
317.304
316.807
316.31
315.812
322.754
322.261
321.768
321.275
320.782
320.288
319.795
319.301
318.806
318.311
317.816
317.32
316.824
316.328
315.836
322.754
322.263
321.771
321.28
320.788
320.296
319.804
319.311
318.818
318.325
317.83
317.336
316.84
316.344
315.848
322.755
322.265
321.775
321.285
320.795
320.304
319.813
319.322
318.83
318.338
317.845
317.352
316.857
316.361
315.86
322.756
322.267
321.779
321.29
320.801
320.312
319.823
319.333
318.843
318.352
317.861
317.369
316.876
316.381
315.885
322.757
322.27
321.783
321.295
320.808
320.321
319.833
319.345
318.856
318.367
317.877
317.387
316.895
316.401
315.902
322.757
322.272
321.786
321.301
320.815
320.329
319.843
319.357
318.87
318.382
317.894
317.405
316.916
316.425
315.934
322.758
322.274
321.79
321.306
320.822
320.338
319.853
319.369
318.883
318.398
317.912
317.425
316.938
316.449
315.956
322.759
322.277
321.795
321.312
320.83
320.347
319.864
319.381
318.898
318.414
317.929
317.445
316.96
316.476
315.996
322.76
322.279
321.799
321.318
320.837
320.356
319.875
319.394
318.912
318.43
317.948
317.465
316.982
316.5
316.018
322.761
322.282
321.803
321.324
320.845
320.366
319.886
319.407
318.927
318.446
317.966
317.485
317.004
316.525
316.051
322.761
322.284
321.807
321.33
320.853
320.375
319.898
319.42
318.942
318.463
317.984
317.505
317.026
316.546
316.066
322.762
322.287
321.812
321.336
320.861
320.385
319.909
319.433
318.957
318.48
318.003
317.526
317.047
316.567
316.081
322.763
322.29
321.816
321.342
320.868
320.395
319.921
319.446
318.972
318.497
318.022
317.547
317.07
316.592
316.114
322.764
322.292
321.82
321.349
320.877
320.405
319.932
319.46
318.988
318.515
318.042
317.568
317.094
316.618
316.136
322.765
322.295
321.825
321.355
320.885
320.415
319.944
319.474
319.004
318.533
318.062
317.591
317.119
316.647
316.175
322.766
322.298
321.829
321.361
320.893
320.425
319.956
319.488
319.019
318.551
318.082
317.614
317.145
316.676
316.202
322.767
322.3
321.834
321.368
320.901
320.435
319.968
319.502
319.035
318.569
318.103
317.637
317.172
316.708
316.25
322.768
322.303
321.839
321.374
320.91
320.445
319.98
319.516
319.051
318.587
318.123
317.66
317.197
316.736
316.276
322.769
322.306
321.843
321.381
320.918
320.455
319.992
319.53
319.067
318.605
318.143
317.682
317.221
316.763
316.313
322.77
322.309
321.848
321.387
320.926
320.465
320.005
319.544
319.083
318.623
318.163
317.703
317.244
316.786
316.329
322.771
322.312
321.853
321.393
320.934
320.476
320.017
319.558
319.099
318.64
318.182
317.724
317.266
316.808
316.345
322.771
322.314
321.857
321.4
320.943
320.486
320.029
319.572
319.115
318.658
318.201
317.745
317.289
316.833
316.378
322.772
322.317
321.862
321.407
320.951
320.496
320.041
319.585
319.13
318.675
318.22
317.766
317.311
316.857
316.399
322.773
322.32
321.867
321.413
320.96
320.506
320.053
319.599
319.146
318.692
318.239
317.786
317.334
316.883
316.435
322.774
322.323
321.871
321.42
320.968
320.516
320.065
319.613
319.161
318.709
318.258
317.807
317.357
316.908
316.457
322.775
322.326
321.876
321.426
320.977
320.527
320.077
319.627
319.176
318.726
318.276
317.827
317.378
316.933
316.494
322.776
322.329
321.881
321.433
320.985
320.537
320.089
319.64
319.192
318.743
318.294
317.846
317.398
316.954
316.512
322.777
322.332
321.886
321.44
320.994
320.548
320.101
319.654
319.207
318.759
318.312
317.864
317.417
316.972
316.534
322.778
322.335
321.891
321.447
321.003
320.559
320.114
319.669
319.223
318.776
318.329
317.881
317.433
316.986
316.543
322.779
322.338
321.896
321.454
321.012
320.57
320.127
319.684
319.239
318.794
318.347
317.899
317.449
316.998
316.548
322.78
322.341
321.901
321.461
321.021
320.581
320.14
319.699
319.256
318.813
318.367
317.918
317.465
317.009
316.551
322.781
322.344
321.906
321.469
321.031
320.593
320.154
319.715
319.275
318.832
318.388
317.939
317.485
317.021
316.551
322.782
322.347
321.912
321.477
321.041
320.605
320.169
319.732
319.294
318.854
318.412
317.965
317.51
317.039
316.536
322.783
322.35
321.917
321.484
321.051
320.618
320.184
319.75
319.315
318.878
318.439
317.996
317.546
317.079
316.572
289.594
289.072
288.593
288.13
287.675
287.225
286.777
286.331
285.885
285.441
284.997
284.553
284.109
283.665
283.222
289.627
289.109
288.626
288.158
287.7
287.246
286.795
286.346
285.899
285.452
285.006
284.56
284.114
283.668
283.223
289.604
289.122
288.647
288.181
287.721
287.265
286.812
286.361
285.912
285.463
285.014
284.566
284.119
283.671
283.224
289.6
289.13
288.663
288.199
287.739
287.283
286.828
286.375
285.924
285.473
285.023
284.573
284.123
283.674
283.225
289.6
289.137
288.675
288.214
287.755
287.298
286.843
286.389
285.935
285.483
285.031
284.579
284.128
283.677
283.226
289.598
289.144
288.686
288.228
287.77
287.313
286.856
286.401
285.946
285.492
285.039
284.585
284.132
283.679
283.226
289.602
289.153
288.698
288.241
287.784
287.327
286.87
286.413
285.957
285.502
285.046
284.591
284.137
283.682
283.227
289.616
289.165
288.712
288.255
287.798
287.34
286.882
286.425
285.968
285.511
285.054
284.597
284.141
283.684
283.228
289.628
289.18
288.726
288.27
287.812
287.354
286.895
286.436
285.978
285.519
285.061
284.603
284.145
283.687
283.229
289.656
289.199
288.743
288.285
287.827
287.367
286.907
286.448
285.988
285.528
285.068
284.609
284.149
283.689
283.23
289.673
289.218
288.761
288.301
287.842
287.381
286.92
286.459
285.998
285.537
285.075
284.614
284.153
283.692
283.231
289.702
289.239
288.779
288.318
287.857
287.395
286.933
286.47
286.008
285.545
285.082
284.62
284.157
283.694
283.231
289.719
289.259
288.797
288.335
287.872
287.409
286.946
286.482
286.018
285.554
285.089
284.625
284.161
283.696
283.232
289.746
289.279
288.816
288.352
287.888
287.424
286.959
286.493
286.028
285.562
285.096
284.631
284.165
283.699
283.233
289.76
289.298
288.834
288.37
287.905
287.438
286.972
286.505
286.038
285.571
285.104
284.636
284.169
283.701
283.234
289.774
289.317
288.854
288.388
287.921
287.454
286.985
286.517
286.048
285.58
285.111
284.642
284.173
283.704
283.235
289.806
289.341
288.875
288.407
287.938
287.469
286.999
286.529
286.059
285.588
285.118
284.647
284.177
283.706
283.235
289.828
289.365
288.897
288.427
287.956
287.484
287.013
286.541
286.069
285.597
285.125
284.653
284.181
283.708
283.236
289.87
289.393
288.92
288.447
287.974
287.5
287.027
286.553
286.08
285.606
285.132
284.658
284.185
283.711
283.237
289.894
289.419
288.943
288.467
287.991
287.516
287.041
286.565
286.09
285.615
285.139
284.664
284.189
283.713
283.238
289.929
289.445
288.965
288.487
288.009
287.532
287.055
286.578
286.101
285.624
285.147
284.67
284.193
283.716
283.239
289.949
289.467
288.986
288.506
288.027
287.547
287.069
286.59
286.111
285.632
285.154
284.675
284.196
283.718
283.239
289.978
289.49
289.007
288.525
288.044
287.563
287.082
286.602
286.121
285.641
285.161
284.681
284.2
283.72
283.24
289.992
289.509
289.026
288.543
288.061
287.578
287.096
286.614
286.132
285.65
285.168
284.686
284.204
283.723
283.241
290.006
289.528
289.045
288.562
288.077
287.593
287.109
286.626
286.142
285.658
285.175
284.692
284.208
283.725
283.242
290.036
289.551
289.066
288.58
288.094
287.608
287.123
286.637
286.152
285.667
285.182
284.697
284.212
283.727
283.242
290.056
289.573
289.086
288.598
288.111
287.623
287.136
286.649
286.162
285.675
285.189
284.702
284.216
283.729
283.243
290.093
289.598
289.107
288.617
288.127
287.638
287.149
286.66
286.172
285.684
285.195
284.707
284.22
283.732
283.244
290.114
289.62
289.127
288.635
288.143
287.652
287.162
286.672
286.182
285.692
285.202
284.713
284.223
283.734
283.245
290.144
289.643
289.147
288.652
288.159
287.666
287.174
286.683
286.191
285.7
285.209
284.718
284.227
283.736
283.245
290.16
289.662
289.165
288.669
288.174
287.68
287.187
286.693
286.2
285.708
285.215
284.723
284.23
283.738
283.246
290.184
289.681
289.182
288.685
288.189
287.694
287.199
286.704
286.21
285.715
285.221
284.728
284.234
283.74
283.247
290.195
289.696
289.198
288.7
288.203
287.707
287.21
286.714
286.219
285.723
285.228
284.733
284.237
283.742
283.247
290.206
289.711
289.214
288.715
288.217
287.719
287.222
286.724
286.227
285.73
285.234
284.737
284.241
283.744
283.248
290.229
289.729
289.23
288.73
288.231
287.732
287.233
286.734
286.236
285.738
285.24
284.742
284.244
283.746
283.249
290.244
289.746
289.246
288.745
288.244
287.744
287.244
286.744
286.244
285.745
285.246
284.747
284.247
283.748
283.249
290.272
289.765
289.262
288.76
288.258
287.756
287.255
286.754
286.253
285.752
285.251
284.751
284.251
283.75
283.25
290.287
289.782
289.277
288.774
288.271
287.768
287.265
286.763
286.261
285.759
285.257
284.755
284.254
283.752
283.251
290.308
289.798
289.292
288.788
288.283
287.779
287.276
286.772
286.269
285.766
285.263
284.76
284.257
283.754
283.251
290.318
289.812
289.306
288.801
288.296
287.791
287.286
286.781
286.277
285.772
285.268
284.764
284.26
283.756
283.252
290.327
289.825
289.32
288.814
288.308
287.802
287.296
286.79
286.285
285.779
285.274
284.768
284.263
283.758
283.253
290.347
289.84
289.334
288.827
288.32
287.813
287.306
286.799
286.292
285.786
285.279
284.772
284.266
283.76
283.253
290.36
289.856
289.349
288.841
288.332
287.824
287.316
286.808
286.3
285.792
285.284
284.776
284.269
283.761
283.254
290.383
289.873
289.364
288.854
288.345
287.835
287.326
286.816
286.307
285.798
285.289
284.781
284.272
283.763
283.254
290.398
289.889
289.379
288.868
288.357
287.846
287.335
286.825
286.315
285.805
285.294
284.784
284.275
283.765
283.255
290.424
289.908
289.394
288.881
288.369
287.857
287.345
286.833
286.322
285.811
285.299
284.788
284.277
283.766
283.255
290.439
289.924
289.409
288.894
288.381
287.867
287.354
286.842
286.329
285.817
285.304
284.792
284.28
283.768
283.256
290.46
289.94
289.423
288.907
288.392
287.878
287.364
286.85
286.336
285.823
285.309
284.796
284.283
283.77
283.257
290.472
289.954
289.436
288.919
288.403
287.888
287.373
286.858
286.343
285.828
285.314
284.8
284.285
283.771
283.257
290.488
289.967
289.448
288.931
288.414
287.898
287.381
286.866
286.35
285.834
285.319
284.803
284.288
283.773
283.258
290.496
289.978
289.46
288.942
288.425
287.907
287.39
286.873
286.356
285.84
285.323
284.807
284.291
283.774
283.258
290.504
289.99
289.472
288.953
288.435
287.917
287.399
286.881
286.363
285.845
285.328
284.81
284.293
283.776
283.259
290.522
290.003
289.484
288.964
288.445
287.926
287.407
286.888
286.369
285.851
285.332
284.814
284.296
283.777
283.259
290.533
290.016
289.496
288.976
288.455
287.935
287.415
286.895
286.376
285.856
285.337
284.817
284.298
283.779
283.26
290.555
290.03
289.508
288.987
288.465
287.944
287.423
286.902
286.382
285.861
285.341
284.821
284.3
283.78
283.26
290.566
290.043
289.52
288.997
288.475
287.953
287.431
286.909
286.388
285.866
285.345
284.824
284.303
283.782
283.261
290.584
290.057
289.532
289.008
288.485
287.962
287.439
286.916
286.394
285.871
285.349
284.827
284.305
283.783
283.261
290.594
290.068
289.543
289.018
288.494
287.97
287.446
286.923
286.4
285.876
285.353
284.83
284.307
283.784
283.261
290.608
290.08
289.553
289.028
288.503
287.978
287.454
286.93
286.405
285.881
285.357
284.833
284.309
283.786
283.262
290.615
290.089
289.563
289.038
288.512
287.987
287.461
286.936
286.411
285.886
285.361
284.836
284.312
283.787
283.262
290.622
290.099
289.573
289.047
288.521
287.995
287.469
286.943
286.417
285.891
285.365
284.839
284.314
283.788
283.263
290.637
290.11
289.584
289.057
288.53
288.003
287.476
286.949
286.422
285.895
285.369
284.842
284.316
283.79
283.263
290.647
290.121
289.594
289.066
288.538
288.01
287.483
286.955
286.428
285.9
285.373
284.845
284.318
283.791
283.264
290.666
290.134
289.605
289.076
288.547
288.018
287.49
286.961
286.433
285.905
285.376
284.848
284.32
283.792
283.264
290.676
290.145
289.615
289.085
288.556
288.026
287.497
286.967
286.438
285.909
285.38
284.851
284.322
283.793
283.264
290.69
290.156
289.625
289.094
288.564
288.034
287.503
286.973
286.443
285.913
285.384
284.854
284.324
283.794
283.265
290.697
290.166
289.635
289.103
288.572
288.041
287.51
286.979
286.449
285.918
285.387
284.857
284.326
283.796
283.265
290.704
290.175
289.644
289.113
288.581
288.049
287.517
286.985
286.454
285.922
285.391
284.859
284.328
283.797
283.266
290.718
290.186
289.654
289.122
288.589
288.056
287.524
286.991
286.459
285.926
285.394
284.862
284.33
283.798
283.266
290.727
290.197
289.664
289.131
288.597
288.064
287.53
286.997
286.463
285.93
285.397
284.864
284.332
283.799
283.266
290.744
290.209
289.675
289.14
288.606
288.071
287.537
287.002
286.468
285.934
285.4
284.867
284.333
283.8
283.267
290.755
290.221
289.686
289.15
288.614
288.078
287.543
287.008
286.473
285.938
285.404
284.869
284.335
283.801
283.267
290.775
290.235
289.697
289.159
288.622
288.086
287.549
287.013
286.477
285.942
285.407
284.872
284.337
283.802
283.267
290.786
290.246
289.707
289.168
288.63
288.093
287.555
287.018
286.482
285.945
285.409
284.874
284.338
283.803
283.268
290.801
290.257
289.717
289.177
288.638
288.099
287.561
287.023
286.486
285.949
285.412
284.876
284.34
283.804
283.268
290.808
290.267
289.726
289.185
288.645
288.106
287.566
287.028
286.489
285.952
285.414
284.877
284.341
283.804
283.268
290.815
290.276
289.735
289.193
288.652
288.112
287.571
287.032
286.493
285.954
285.417
284.879
284.342
283.805
283.268
290.829
290.286
289.744
289.201
288.659
288.117
287.576
287.036
286.496
285.957
285.418
284.88
284.343
283.806
283.269
290.838
290.296
289.753
289.209
288.665
288.122
287.58
287.039
286.498
285.959
285.42
284.881
284.344
283.806
283.269
290.855
290.308
289.762
289.216
288.671
288.127
287.584
287.042
286.501
285.96
285.421
284.882
284.344
283.806
283.269
290.866
290.319
289.771
289.224
288.677
288.131
287.587
287.044
286.502
285.961
285.421
284.883
284.344
283.806
283.269
290.886
290.332
289.78
289.23
288.681
288.134
287.589
287.045
286.502
285.961
285.421
284.882
284.344
283.806
283.269
290.897
290.343
289.788
289.236
288.685
288.136
287.589
287.045
286.502
285.961
285.421
284.882
284.344
283.806
283.269
290.915
290.353
289.795
289.24
288.687
288.136
287.589
287.044
286.501
285.959
285.42
284.881
284.343
283.805
283.268
290.923
290.362
289.8
289.242
288.687
288.135
287.587
287.041
286.498
285.957
285.417
284.879
284.342
283.805
283.268
290.933
290.37
289.804
289.241
288.684
288.131
287.583
287.037
286.494
285.954
285.414
284.877
284.34
283.804
283.268
290.96
290.379
289.805
289.238
288.678
288.125
287.576
287.031
286.489
285.949
285.411
284.874
284.338
283.802
283.267
290.979
290.384
289.8
289.229
288.668
288.115
287.567
287.023
286.482
285.943
285.406
284.87
284.335
283.801
283.267
291.026
290.382
289.786
289.213
288.653
288.101
287.555
287.013
286.473
285.936
285.4
284.866
284.332
283.799
283.266
290.993
290.347
289.756
289.188
288.633
288.084
287.541
287.001
286.463
285.928
285.394
284.861
284.329
283.797
283.266
322.785
322.354
321.924
321.493
321.062
320.632
320.201
319.77
319.338
318.906
318.472
318.036
317.598
317.156
316.718
322.786
322.358
321.93
321.502
321.075
320.647
320.22
319.792
319.365
318.938
318.51
318.083
317.657
317.235
316.824
322.787
322.362
321.937
321.512
321.087
320.663
320.239
319.815
319.392
318.97
318.549
318.129
317.713
317.303
316.903
322.789
322.366
321.943
321.521
321.099
320.678
320.257
319.837
319.418
319.001
318.585
318.172
317.763
317.361
316.966
322.79
322.37
321.95
321.53
321.111
320.692
320.274
319.858
319.443
319.03
318.619
318.211
317.808
317.41
317.019
322.791
322.373
321.955
321.538
321.122
320.706
320.291
319.878
319.466
319.056
318.649
318.246
317.847
317.452
317.064
322.792
322.376
321.961
321.546
321.132
320.718
320.306
319.896
319.487
319.08
318.677
318.277
317.88
317.489
317.103
322.793
322.379
321.966
321.553
321.141
320.73
320.32
319.912
319.506
319.102
318.701
318.303
317.909
317.52
317.135
322.794
322.382
321.97
321.559
321.149
320.74
320.332
319.926
319.522
319.12
318.722
318.326
317.934
317.546
317.163
322.795
322.384
321.974
321.565
321.156
320.748
320.342
319.938
319.536
319.136
318.739
318.345
317.955
317.568
317.186
322.795
322.386
321.977
321.569
321.162
320.756
320.351
319.948
319.548
319.149
318.754
318.361
317.972
317.586
317.205
322.796
322.388
321.98
321.573
321.167
320.762
320.358
319.956
319.557
319.16
318.765
318.373
317.985
317.6
317.219
322.796
322.389
321.982
321.576
321.17
320.766
320.363
319.963
319.564
319.167
318.774
318.383
317.995
317.611
317.23
322.797
322.39
321.983
321.577
321.173
320.769
320.367
319.967
319.568
319.172
318.779
318.389
318.002
317.618
317.237
322.797
322.39
321.984
321.578
321.174
320.77
320.369
319.969
319.571
319.175
318.782
318.392
318.005
317.621
317.241
316.366
316.135
315.724
315.49
315.147
314.979
314.809
314.457
314.21
313.757
313.504
313.13
312.919
312.614
312.464
312.314
312.005
311.79
311.4
311.187
310.883
310.737
310.595
310.309
310.114
309.774
309.545
309.14
308.921
308.611
308.463
308.32
308.034
307.839
307.501
307.273
306.869
306.65
306.342
306.193
306.049
305.759
305.56
305.211
304.974
304.546
304.308
303.96
303.763
303.479
303.339
303.198
302.907
302.703
302.332
302.127
301.833
301.69
301.547
301.26
301.061
300.709
300.468
300.035
299.796
299.455
299.289
299.124
298.789
298.556
298.143
297.86
297.349
297.068
296.663
296.466
296.271
295.872
295.594
295.101
294.764
294.155
293.822
293.345
293.115
292.89
292.428
292.116
291.569
291.27
316.472
316.172
315.851
315.562
315.274
315.023
314.771
314.479
314.185
313.857
313.559
313.257
312.992
312.731
312.506
312.282
312.024
311.766
311.481
311.226
310.973
310.756
310.542
310.297
310.052
309.777
309.507
309.212
308.951
308.694
308.475
308.26
308.015
307.77
307.495
307.226
306.932
306.67
306.413
306.193
305.975
305.726
305.475
305.191
304.911
304.6
304.32
304.038
303.79
303.545
303.333
303.12
302.875
302.629
302.355
302.108
301.86
301.645
301.429
301.18
300.926
300.638
300.352
300.035
299.749
299.464
299.216
298.967
298.679
298.385
298.049
297.714
297.343
297.008
296.673
296.382
296.089
295.749
295.402
295.006
294.612
294.175
293.783
293.394
293.059
292.726
292.344
291.963
291.542
291.153
316.55
316.239
315.931
315.634
315.345
315.068
314.791
314.504
314.211
313.911
313.618
313.332
313.059
312.797
312.546
312.298
312.042
311.782
311.518
311.262
311.011
310.772
310.533
310.287
310.034
309.772
309.506
309.237
308.976
308.723
308.482
308.243
307.996
307.743
307.481
307.215
306.946
306.685
306.431
306.188
305.946
305.695
305.437
305.167
304.891
304.61
304.335
304.067
303.811
303.564
303.327
303.09
302.846
302.596
302.339
302.088
301.84
301.6
301.358
301.105
300.842
300.565
300.281
299.989
299.702
299.42
299.145
298.868
298.576
298.273
297.952
297.623
297.283
296.95
296.62
296.3
295.977
295.636
295.281
294.907
294.523
294.128
293.742
293.364
292.999
292.635
292.256
291.869
291.469
291.067
316.614
316.301
315.994
315.694
315.401
315.113
314.826
314.538
314.247
313.956
313.669
313.387
313.112
312.845
312.584
312.325
312.066
311.805
311.545
311.288
311.035
310.785
310.536
310.285
310.03
309.771
309.51
309.248
308.99
308.735
308.486
308.237
307.985
307.731
307.472
307.211
306.949
306.69
306.434
306.182
305.93
305.675
305.415
305.15
304.881
304.611
304.342
304.078
303.82
303.568
303.32
303.073
302.823
302.571
302.317
302.063
301.81
301.559
301.305
301.044
300.777
300.502
300.221
299.936
299.65
299.364
299.078
298.789
298.492
298.185
297.869
297.545
297.216
296.885
296.554
296.224
295.888
295.544
295.189
294.823
294.449
294.069
293.69
293.313
292.94
292.564
292.182
291.793
291.397
290.994
316.668
316.355
316.048
315.745
315.448
315.155
314.864
314.574
314.285
313.997
313.712
313.431
313.155
312.884
312.617
312.353
312.091
311.829
311.568
311.309
311.053
310.798
310.544
310.289
310.032
309.774
309.515
309.255
308.998
308.742
308.488
308.234
307.98
307.724
307.466
307.207
306.947
306.689
306.432
306.176
305.92
305.662
305.402
305.139
304.874
304.608
304.343
304.081
303.821
303.565
303.312
303.059
302.805
302.55
302.293
302.037
301.779
301.521
301.26
300.994
300.724
300.448
300.168
299.883
299.597
299.308
299.017
298.721
298.42
298.112
297.797
297.476
297.15
296.82
296.488
296.153
295.813
295.467
295.113
294.751
294.383
294.01
293.635
293.259
292.882
292.502
292.118
291.729
291.333
290.932
316.715
316.402
316.093
315.79
315.49
315.194
314.901
314.61
314.32
314.033
313.749
313.468
313.191
312.917
312.647
312.38
312.114
311.851
311.588
311.327
311.068
310.81
310.552
310.295
310.037
309.778
309.519
309.261
309.003
308.746
308.489
308.234
307.977
307.72
307.462
307.204
306.945
306.686
306.428
306.171
305.912
305.653
305.392
305.13
304.867
304.603
304.34
304.079
303.818
303.56
303.303
303.046
302.788
302.53
302.271
302.011
301.75
301.486
301.221
300.951
300.678
300.401
300.12
299.835
299.547
299.255
298.961
298.662
298.358
298.049
297.734
297.414
297.089
296.76
296.427
296.09
295.748
295.4
295.047
294.688
294.323
293.954
293.581
293.206
292.828
292.447
292.062
291.672
291.277
290.878
316.754
316.441
316.133
315.828
315.527
315.229
314.935
314.642
314.353
314.065
313.781
313.5
313.221
312.946
312.674
312.404
312.136
311.87
311.606
311.343
311.082
310.821
310.561
310.302
310.043
309.783
309.524
309.265
309.006
308.748
308.491
308.233
307.976
307.718
307.46
307.201
306.942
306.683
306.424
306.166
305.906
305.646
305.385
305.124
304.861
304.599
304.336
304.074
303.813
303.553
303.293
303.033
302.773
302.512
302.25
301.987
301.723
301.456
301.187
300.915
300.639
300.36
300.077
299.791
299.501
299.208
298.911
298.61
298.304
297.994
297.679
297.358
297.034
296.704
296.371
296.033
295.691
295.343
294.99
294.632
294.269
293.902
293.531
293.157
292.779
292.398
292.013
291.623
291.229
290.831
316.788
316.475
316.166
315.861
315.559
315.26
314.965
314.672
314.381
314.094
313.809
313.527
313.247
312.971
312.697
312.425
312.156
311.888
311.622
311.357
311.094
310.831
310.57
310.309
310.049
309.788
309.528
309.269
309.009
308.751
308.492
308.234
307.975
307.717
307.458
307.199
306.94
306.68
306.421
306.161
305.901
305.641
305.38
305.118
304.856
304.593
304.331
304.069
303.807
303.545
303.284
303.022
302.759
302.496
302.232
301.966
301.698
301.429
301.157
300.882
300.605
300.324
300.04
299.752
299.461
299.166
298.867
298.565
298.258
297.946
297.63
297.31
296.985
296.655
296.322
295.983
295.641
295.293
294.941
294.584
294.222
293.856
293.487
293.113
292.736
292.355
291.97
291.581
291.188
290.791
316.816
316.504
316.195
315.889
315.587
315.288
314.991
314.698
314.407
314.118
313.833
313.55
313.27
312.992
312.717
312.444
312.172
311.903
311.636
311.369
311.105
310.841
310.578
310.316
310.054
309.793
309.532
309.272
309.012
308.752
308.493
308.234
307.975
307.716
307.456
307.197
306.937
306.678
306.418
306.157
305.897
305.636
305.375
305.113
304.851
304.589
304.326
304.063
303.801
303.538
303.275
303.011
302.747
302.481
302.215
301.947
301.677
301.406
301.132
300.855
300.575
300.293
300.007
299.718
299.425
299.129
298.829
298.525
298.217
297.905
297.589
297.268
296.942
296.613
296.279
295.94
295.598
295.25
294.898
294.542
294.181
293.816
293.447
293.074
292.697
292.317
291.933
291.544
291.152
290.756
316.839
316.527
316.219
315.913
315.61
315.31
315.014
314.719
314.428
314.139
313.853
313.57
313.288
313.01
312.733
312.459
312.187
311.916
311.647
311.38
311.114
310.849
310.585
310.322
310.059
309.797
309.536
309.275
309.014
308.754
308.494
308.234
307.975
307.715
307.455
307.195
306.935
306.675
306.415
306.154
305.894
305.632
305.371
305.109
304.847
304.584
304.321
304.058
303.794
303.531
303.266
303.001
302.735
302.469
302.2
301.931
301.659
301.386
301.11
300.832
300.551
300.267
299.979
299.689
299.395
299.098
298.797
298.492
298.183
297.87
297.553
297.232
296.906
296.577
296.242
295.904
295.561
295.214
294.862
294.506
294.146
293.782
293.413
293.041
292.665
292.285
291.901
291.513
291.122
290.727
316.859
316.547
316.238
315.932
315.629
315.329
315.032
314.738
314.446
314.157
313.87
313.586
313.304
313.024
312.747
312.472
312.199
311.927
311.657
311.389
311.122
310.856
310.591
310.327
310.064
309.801
309.539
309.277
309.016
308.756
308.495
308.235
307.974
307.714
307.454
307.194
306.934
306.673
306.413
306.152
305.891
305.629
305.367
305.105
304.843
304.58
304.317
304.053
303.789
303.524
303.259
302.993
302.726
302.458
302.188
301.917
301.644
301.369
301.092
300.812
300.53
300.245
299.957
299.665
299.37
299.072
298.77
298.465
298.155
297.842
297.524
297.202
296.877
296.546
296.212
295.874
295.531
295.184
294.832
294.477
294.117
293.753
293.385
293.013
292.638
292.258
291.875
291.488
291.097
290.703
316.874
316.562
316.254
315.948
315.645
315.344
315.047
314.752
314.46
314.17
313.883
313.598
313.316
313.036
312.758
312.482
312.208
311.936
311.665
311.396
311.128
310.862
310.596
310.331
310.067
309.804
309.542
309.28
309.018
308.757
308.496
308.235
307.974
307.714
307.454
307.193
306.932
306.672
306.411
306.15
305.888
305.627
305.365
305.102
304.84
304.577
304.313
304.049
303.784
303.519
303.253
302.986
302.718
302.449
302.178
301.906
301.632
301.356
301.078
300.797
300.514
300.228
299.938
299.646
299.351
299.052
298.749
298.443
298.133
297.819
297.501
297.179
296.853
296.523
296.188
295.85
295.507
295.16
294.808
294.453
294.094
293.73
293.363
292.991
292.616
292.237
291.854
291.468
291.078
290.684
316.885
316.574
316.265
315.959
315.656
315.356
315.058
314.763
314.47
314.18
313.893
313.608
313.325
313.045
312.766
312.49
312.215
311.942
311.671
311.401
311.133
310.866
310.6
310.334
310.07
309.807
309.544
309.281
309.019
308.758
308.496
308.235
307.975
307.714
307.453
307.192
306.932
306.671
306.41
306.148
305.887
305.625
305.363
305.1
304.837
304.574
304.31
304.046
303.781
303.515
303.248
302.981
302.712
302.442
302.171
301.898
301.623
301.346
301.067
300.786
300.502
300.215
299.925
299.632
299.336
299.036
298.733
298.427
298.116
297.802
297.484
297.161
296.835
296.505
296.17
295.832
295.489
295.142
294.791
294.435
294.076
293.713
293.346
292.975
292.6
292.221
291.839
291.453
291.063
290.67
316.892
316.581
316.272
315.967
315.663
315.363
315.065
314.77
314.477
314.187
313.9
313.614
313.331
313.05
312.772
312.495
312.22
311.947
311.675
311.405
311.136
310.869
310.602
310.337
310.072
309.808
309.545
309.282
309.02
308.758
308.497
308.236
307.975
307.714
307.453
307.192
306.931
306.67
306.409
306.147
305.886
305.624
305.361
305.099
304.836
304.572
304.308
304.043
303.778
303.512
303.245
302.977
302.708
302.438
302.166
301.892
301.617
301.34
301.06
300.778
300.494
300.206
299.916
299.623
299.326
299.026
298.723
298.416
298.105
297.791
297.472
297.15
296.823
296.493
296.158
295.82
295.477
295.13
294.779
294.424
294.065
293.702
293.335
292.964
292.589
292.21
291.828
291.443
291.054
290.661
316.896
316.585
316.276
315.97
315.667
315.367
315.069
314.774
314.481
314.191
313.903
313.617
313.334
313.053
312.774
312.497
312.222
311.949
311.677
311.407
311.138
310.87
310.603
310.338
310.073
309.809
309.546
309.283
309.021
308.759
308.497
308.236
307.975
307.714
307.453
307.192
306.931
306.67
306.408
306.147
305.885
305.623
305.361
305.098
304.835
304.571
304.307
304.042
303.777
303.511
303.244
302.975
302.706
302.436
302.163
301.89
301.614
301.336
301.057
300.774
300.49
300.202
299.911
299.618
299.321
299.021
298.718
298.41
298.1
297.785
297.466
297.144
296.817
296.487
296.152
295.814
295.471
295.124
294.773
294.418
294.059
293.696
293.329
292.958
292.584
292.205
291.823
291.438
291.049
290.656
290.822
290.265
289.705
289.152
288.604
288.061
287.522
286.986
286.451
285.918
285.386
284.855
284.325
283.795
283.265
290.702
290.179
289.644
289.106
288.568
288.033
287.499
286.967
286.436
285.906
285.376
284.848
284.32
283.792
283.264
290.615
290.105
289.585
289.059
288.531
288.003
287.475
286.947
286.42
285.893
285.366
284.84
284.314
283.788
283.263
290.544
290.042
289.531
289.014
288.494
287.973
287.45
286.927
286.403
285.88
285.356
284.832
284.309
283.785
283.262
290.484
289.987
289.483
288.973
288.46
287.943
287.426
286.906
286.387
285.866
285.346
284.825
284.303
283.782
283.261
290.432
289.939
289.44
288.936
288.427
287.916
287.402
286.887
286.371
285.853
285.335
284.817
284.298
283.779
283.26
290.388
289.898
289.402
288.902
288.398
287.891
287.381
286.869
286.356
285.841
285.326
284.81
284.293
283.776
283.259
290.349
289.862
289.37
288.873
288.372
287.868
287.361
286.853
286.342
285.83
285.317
284.803
284.288
283.773
283.258
290.316
289.831
289.341
288.847
288.349
287.848
287.344
286.838
286.329
285.82
285.309
284.796
284.284
283.77
283.257
290.289
289.805
289.318
288.826
288.33
287.831
287.329
286.825
286.319
285.811
285.301
284.791
284.28
283.768
283.256
290.266
289.784
289.298
288.808
288.314
287.817
287.317
286.814
286.309
285.803
285.295
284.786
284.277
283.766
283.255
290.248
289.767
289.282
288.793
288.301
287.805
287.306
286.805
286.302
285.797
285.29
284.783
284.274
283.765
283.255
290.235
289.755
289.271
288.783
288.291
287.796
287.299
286.799
286.296
285.792
285.287
284.78
284.272
283.763
283.255
290.226
289.746
289.263
288.776
288.285
287.791
287.294
286.794
286.293
285.789
285.284
284.778
284.271
283.763
283.254
290.221
289.742
289.259
288.772
288.282
287.788
287.291
286.792
286.291
285.788
285.283
284.777
284.27
283.762
283.254
)
;

boundaryField
{
    hot
    {
        type            fixedValue;
        value           uniform 323;
    }
    cold
    {
        type            fixedValue;
        value           uniform 283;
    }
    interface_left
    {
        type            fixedValue;
        value           nonuniform List<scalar> 
90
(
315.148
315.148
315.216
315.216
315.213
315.213
315.213
315.198
315.198
315.181
315.181
315.173
315.173
315.17
315.17
315.17
315.171
315.171
315.177
315.177
315.183
315.183
315.183
315.192
315.192
315.204
315.204
315.222
315.222
315.237
315.237
315.237
315.252
315.252
315.271
315.271
315.298
315.298
315.319
315.319
315.319
315.341
315.341
315.368
315.368
315.406
315.406
315.436
315.436
315.436
315.466
315.466
315.505
315.505
315.558
315.558
315.6
315.6
315.6
315.643
315.643
315.697
315.697
315.77
315.77
315.827
315.827
315.827
315.883
315.883
315.95
315.95
316.038
316.038
316.103
316.103
316.103
316.16
316.16
316.222
316.222
316.29
316.29
316.325
316.325
316.325
316.326
316.326
316.249
316.249
)
;
    }
    interface_right
    {
        type            fixedValue;
        value           nonuniform List<scalar> 
90
(
289.925
289.925
289.831
289.831
289.831
289.82
289.82
289.84
289.84
289.891
289.891
289.941
289.941
289.989
289.989
289.989
290.044
290.044
290.122
290.122
290.182
290.182
290.232
290.232
290.232
290.284
290.284
290.352
290.352
290.403
290.403
290.443
290.443
290.443
290.483
290.483
290.534
290.534
290.571
290.571
290.571
290.604
290.604
290.643
290.643
290.691
290.691
290.726
290.726
290.755
290.755
290.755
290.784
290.784
290.823
290.823
290.853
290.853
290.877
290.877
290.877
290.903
290.903
290.937
290.937
290.962
290.962
290.962
290.987
290.987
291.016
291.016
291.052
291.052
291.079
291.079
291.079
291.103
291.103
291.132
291.132
291.17
291.17
291.203
291.203
291.203
291.257
291.257
291.405
291.405
)
;
    }
    interface_top
    {
        type            fixedValue;
        value           nonuniform List<scalar> 
90
(
316.249
316.249
315.534
315.534
314.96
314.96
314.96
314.372
314.372
313.565
313.565
312.952
312.952
312.446
312.446
312.446
311.929
311.929
311.235
311.235
310.726
310.726
310.726
310.251
310.251
309.694
309.694
308.972
308.972
308.456
308.456
308.456
307.98
307.98
307.425
307.425
306.707
306.707
306.192
306.192
306.192
305.712
305.712
305.143
305.143
304.383
304.383
303.813
303.813
303.345
303.345
303.345
302.862
302.862
302.202
302.202
301.712
301.712
301.712
301.238
301.238
300.665
300.665
299.895
299.895
299.325
299.325
299.325
298.772
298.772
298.097
298.097
297.186
297.186
296.508
296.508
296.508
295.846
295.846
295.035
295.035
293.947
293.947
293.141
293.141
293.141
292.362
292.362
291.405
291.405
)
;
    }
    interface_bottom
    {
        type            fixedValue;
        value           nonuniform List<scalar> 
90
(
315.148
315.148
314.339
314.339
314.339
313.578
313.578
312.678
312.678
311.51
311.51
310.664
310.664
309.985
309.985
309.985
309.301
309.301
308.393
308.393
307.728
307.728
307.19
307.19
307.19
306.648
306.648
305.937
305.937
305.429
305.429
305.429
304.953
304.953
304.394
304.394
303.68
303.68
303.173
303.173
303.173
302.694
302.694
302.122
302.122
301.369
301.369
300.813
300.813
300.351
300.351
300.351
299.868
299.868
299.214
299.214
298.731
298.731
298.731
298.261
298.261
297.694
297.694
296.953
296.953
296.418
296.418
296.418
295.906
295.906
295.292
295.292
294.496
294.496
293.925
293.925
293.925
293.379
293.379
292.726
292.726
291.876
291.876
291.261
291.261
291.261
290.665
290.665
289.925
289.925
)
;
    }
    defaultFaces
    {
        type            empty;
    }
}


// ************************************************************************* //
