/*--------------------------------*- C++ -*----------------------------------*\
| =========                 |                                                 |
| \\      /  F ield         | OpenFOAM: The Open Source CFD Toolbox           |
|  \\    /   O peration     | Version:  5.x                                   |
|   \\  /    A nd           | Web:      www.OpenFOAM.org                      |
|    \\/     M anipulation  |                                                 |
\*---------------------------------------------------------------------------*/
FoamFile
{
    version     2.0;
    format      ascii;
    class       volScalarField;
    location    "2.6";
    object      gradTy;
}
// * * * * * * * * * * * * * * * * * * * * * * * * * * * * * * * * * * * * * //

dimensions      [0 -1 0 1 0 0 0];

internalField   nonuniform List<scalar> 
6300
(
32275.8
32227.4
32179.1
32130.8
32082.6
32034.5
31986.6
31938.9
31891.4
31844.1
31797.2
31750.5
31704.1
31658
31612.4
-0.0208
-0.0624834
-0.104403
-0.146668
-0.189314
-0.232282
-0.275386
-0.3183
-0.360553
-0.401551
-0.440632
-0.477162
-0.510663
-0.540973
-0.568375
-0.0345763
-0.103879
-0.17362
-0.244014
-0.315157
-0.386972
-0.459172
-0.531213
-0.602287
-0.671343
-0.737173
-0.798573
-0.854582
-0.904778
-0.949555
-0.0481949
-0.144832
-0.242182
-0.340612
-0.440324
-0.541277
-0.643112
-0.745088
-0.846032
-0.944352
-1.03813
-1.12536
-1.2043
-1.27398
-1.33475
-0.0615619
-0.185062
-0.309648
-0.43591
-0.564227
-0.694669
-0.826879
-0.959956
-1.09236
-1.22185
-1.34559
-1.46038
-1.56321
-1.65203
-1.72674
-0.0745557
-0.224207
-0.375436
-0.529144
-0.685993
-0.846277
-1.00976
-1.17547
-1.34156
-1.50507
-1.66196
-1.80733
-1.93607
-2.04412
-2.13012
-0.087007
-0.261768
-0.43873
-0.619215
-0.804299
-0.994657
-1.19036
-1.39058
-1.59328
-1.79485
-1.98979
-2.17083
-2.32957
-2.4582
-2.55242
-0.0987065
-0.297116
-0.498483
-0.704662
-0.917296
-1.13765
-1.36639
-1.60315
-1.84609
-2.09117
-2.33145
-2.55657
-2.7531
-2.90663
-3.00646
-0.109405
-0.329493
-0.553402
-0.783624
-1.02253
-1.27223
-1.53433
-1.80948
-2.0967
-2.39224
-2.6882
-2.97083
-3.21959
-3.40873
-3.51424
-0.118821
-0.358037
-0.601987
-0.853872
-1.11693
-1.39436
-1.68916
-2.00369
-2.3389
-2.69283
-3.05823
-3.41892
-3.74567
-3.99444
-4.1141
-0.12666
-0.381832
-0.642611
-0.912914
-1.19691
-1.49907
-1.8242
-2.17716
-2.5623
-2.98189
-3.43291
-3.9009
-4.34969
-4.70922
-4.87431
-0.132642
-0.400003
-0.673687
-0.958227
-1.25866
-1.58076
-1.93134
-2.31839
-2.75119
-3.23945
-3.79059
-4.40203
-5.04294
-5.61834
-5.92292
-0.136543
-0.411835
-0.693877
-0.987606
-1.29868
-1.63393
-2.00191
-2.41382
-2.88455
-3.43407
-4.08793
-4.87365
-5.8016
-6.79812
-7.52382
-0.138229
-0.416899
-0.702349
-0.999593
-1.31449
-1.65429
-2.0285
-2.45034
-2.93908
-3.52431
-4.25334
-5.20294
-6.4915
-8.24839
-10.2767
-0.137696
-0.415164
-0.698991
-0.99388
-1.30532
-1.64015
-2.0074
-2.41989
-2.89704
-3.47072
-4.19812
-5.19313
-6.71276
-9.42684
-15.3832
31570.9
31533.4
31496.2
31459.3
31422.7
31386.5
31350.5
31314.9
31279.7
31244.8
31210.3
31176.2
31142.5
31109.2
31076.4
31044
31012.1
30980.6
30949.5
30918.9
30888.7
30859
30829.7
30800.8
30772.2
30744.1
30716.3
30688.9
30661.8
30635
30608.4
30582.1
30556.1
30530.3
30504.6
30479.2
30453.9
30428.7
30403.7
30378.7
30353.9
30329.1
30304.5
30279.8
30255.2
30230.6
30206.1
30181.5
30157
30132.4
30107.7
30083
30058.3
30033.4
30008.5
29983.4
29958.2
29932.8
29907.2
29881.5
29855.6
29829.4
29803
29776.4
29749.5
29722.4
29695
29667.3
29639.3
29611.1
29582.5
29553.7
29524.5
29495
29465.2
29435.1
29404.7
29374
29342.9
29311.5
29279.8
29247.8
29215.4
29182.7
29149.7
29116.4
29082.7
29048.7
29014.4
28979.8
-0.591563
-0.611979
-0.632599
-0.654307
-0.677852
-0.703711
-0.731969
-0.762275
-0.793867
-0.825672
-0.856453
-0.884978
-0.910156
-0.931133
-0.947312
-0.958325
-0.963971
-0.964141
-0.958784
-0.947895
-0.93154
-0.909891
-0.883253
-0.852069
-0.816899
-0.778384
-0.737202
-0.694036
-0.649561
-0.604428
-0.559251
-0.514592
-0.470924
-0.428613
-0.387898
-0.348906
-0.311673
-0.276188
-0.242421
-0.210334
-0.179866
-0.150897
-0.123209
-0.0964577
-0.0701776
-0.043823
-0.0168337
0.0112857
0.0408956
0.072176
0.105115
0.139528
0.175098
0.21142
0.248037
0.284467
0.320224
0.354843
0.387906
0.419083
0.448159
0.475045
0.499767
0.522423
0.543139
0.562024
0.579144
0.594536
0.608235
0.620306
0.630874
0.640117
0.648239
0.655426
0.661807
0.667442
0.672328
0.67644
0.67977
0.682347
0.684233
0.685475
0.686047
0.685792
0.684389
0.681365
0.676146
0.668131
0.656779
0.641673
-0.986907
-1.01954
-1.0525
-1.08748
-1.12597
-1.16893
-1.21659
-1.26831
-1.32268
-1.37765
-1.43092
-1.4802
-1.52354
-1.55946
-1.58702
-1.60572
-1.61531
-1.61568
-1.60677
-1.58853
-1.561
-1.52444
-1.47935
-1.42649
-1.36687
-1.30161
-1.23189
-1.15888
-1.08373
-1.00754
-0.931368
-0.856192
-0.782846
-0.711958
-0.643916
-0.578883
-0.516863
-0.457788
-0.401589
-0.348228
-0.29766
-0.24975
-0.204172
-0.160345
-0.117433
-0.0744178
-0.0302418
0.0160327
0.0650781
0.117213
0.172387
0.23023
0.290145
0.351396
0.413179
0.474658
0.534985
0.593334
0.648955
0.701251
0.749844
0.79461
0.835648
0.873205
0.907556
0.938915
0.967386
0.992982
1.0157
1.03562
1.05296
1.06804
1.08128
1.09306
1.10361
1.11301
1.12119
1.12807
1.13358
1.13779
1.14087
1.14301
1.14423
1.14434
1.14279
1.13869
1.13097
1.11849
1.10024
1.07546
-1.38414
-1.42664
-1.46947
-1.51558
-1.56762
-1.62736
-1.69532
-1.77051
-1.85056
-1.93204
-2.01108
-2.08394
-2.14754
-2.19977
-2.23945
-2.26616
-2.27985
-2.28054
-2.26813
-2.24245
-2.2034
-2.1512
-2.08654
-2.01058
-1.92487
-1.83116
-1.73121
-1.62672
-1.5193
-1.41052
-1.30195
-1.19505
-1.09112
-0.991097
-0.895489
-0.804408
-0.7177
-0.635129
-0.556553
-0.481982
-0.411511
-0.345127
-0.282496
-0.222799
-0.164719
-0.106569
-0.0465571
0.0169031
0.0849241
0.157985
0.235925
0.318058
0.403375
0.490711
0.578864
0.666609
0.752695
0.835853
0.914892
0.988847
1.05714
1.11963
1.17664
1.22869
1.27637
1.32005
1.35985
1.39565
1.42728
1.45474
1.47834
1.49868
1.51651
1.53252
1.54712
1.56037
1.57201
1.58172
1.58931
1.59491
1.59893
1.60188
1.60407
1.60534
1.60488
1.60127
1.59269
1.57722
1.55316
1.51925
-1.78475
-1.83314
-1.88161
-1.93506
-1.99806
-2.07385
-2.16351
-2.26561
-2.37625
-2.48984
-2.60003
-2.70089
-2.78782
-2.85803
-2.91045
-2.94524
-2.96302
-2.96416
-2.94852
-2.91554
-2.86466
-2.79586
-2.70995
-2.60865
-2.49435
-2.36966
-2.23707
-2.09878
-1.95684
-1.81324
-1.67013
-1.52968
-1.39383
-1.26394
-1.14062
-1.02373
-0.912682
-0.806837
-0.705881
-0.609981
-0.519637
-0.43528
-0.356788
-0.283137
-0.21233
-0.14164
-0.0680935
0.0109358
0.0972266
0.191434
0.293107
0.400976
0.513353
0.628498
0.744769
0.860575
0.974232
1.08391
1.18774
1.28419
1.37234
1.45214
1.52431
1.59004
1.65048
1.70633
1.75762
1.80385
1.84439
1.87897
1.90797
1.93247
1.95389
1.97355
1.99215
2.0096
2.02517
2.03797
2.04748
2.05389
2.05813
2.06145
2.06486
2.06845
2.07114
2.07065
2.06399
2.04801
2.01997
1.97792
-2.19155
-2.2395
-2.28651
-2.34072
-2.41003
-2.50027
-2.61374
-2.74829
-2.89763
-3.05245
-3.20232
-3.33781
-3.4521
-3.5418
-3.60674
-3.64874
-3.67004
-3.67185
-3.65379
-3.6143
-3.55164
-3.46504
-3.35541
-3.22537
-3.07871
-2.91945
-2.75101
-2.57603
-2.39665
-2.21515
-2.03438
-1.8576
-1.68786
-1.52725
-1.37641
-1.23456
-1.1001
-0.971435
-0.847864
-0.729918
-0.619088
-0.516939
-0.424066
-0.339342
-0.259745
-0.180799
-0.0975066
-0.00547536
0.0981366
0.214129
0.341363
0.477385
0.619325
0.764635
0.91131
1.05759
1.20146
1.34031
1.47118
1.59141
1.69951
1.79556
1.88119
1.95892
2.03111
2.09908
2.16258
2.22015
2.26999
2.31112
2.34398
2.37058
2.39371
2.41599
2.43871
2.46141
2.48221
2.49887
2.50999
2.51588
2.51852
2.5208
2.52525
2.53278
2.54188
2.54883
2.5486
2.53605
2.50686
2.45808
-2.60966
-2.64715
-2.68099
-2.72463
-2.7918
-2.89324
-3.03355
-3.20966
-3.41108
-3.62212
-3.82528
-4.00521
-4.15171
-4.26119
-4.33599
-4.38199
-4.40508
-4.40809
-4.38987
-4.34635
-4.27303
-4.16734
-4.03019
-3.86594
-3.68114
-3.48236
-3.27432
-3.05954
-2.83943
-2.61595
-2.39283
-2.17529
-1.96866
-1.77641
-1.59916
-1.43468
-1.27908
-1.12862
-0.981663
-0.839526
-0.705955
-0.585161
-0.479528
-0.38809
-0.306147
-0.226143
-0.139427
-0.0384853
0.0812965
0.220715
0.377041
0.545345
0.720515
0.898874
1.07848
1.25816
1.43598
1.60828
1.76999
1.91619
2.04408
2.15403
2.24952
2.33581
2.41789
2.49831
2.57615
2.64762
2.70822
2.7552
2.78908
2.81371
2.83483
2.85784
2.88534
2.91601
2.94528
2.96776
2.98009
2.98262
2.97948
2.97705
2.98127
2.99487
3.01575
3.0374
3.05101
3.0481
3.022
2.96848
-3.04867
-3.06007
-3.06138
-3.07467
-3.12429
-3.2303
-3.40188
-3.63463
-3.91074
-4.2032
-4.48173
-4.72077
-4.90468
-5.03056
-5.10674
-5.14827
-5.16903
-5.1749
-5.16238
-5.12131
-5.041
-4.91493
-4.74396
-4.53604
-4.30366
-4.05856
-3.80725
-3.55067
-3.28694
-3.01616
-2.7431
-2.47718
-2.2286
-2.00381
-1.80336
-1.62186
-1.45047
-1.28057
-1.1083
-0.936567
-0.774173
-0.63129
-0.514276
-0.422882
-0.349463
-0.280843
-0.201512
-0.0982838
0.0365381
0.20333
0.395861
0.603823
0.817523
1.03174
1.24596
1.46184
1.67889
1.89197
2.09158
2.2678
2.41496
2.53381
2.63158
2.71927
2.80757
2.90177
2.99941
3.09127
3.16656
3.21867
3.24804
3.2624
3.27375
3.29373
3.32793
3.37315
3.41862
3.45176
3.4648
3.45798
3.43991
3.42418
3.42426
3.4469
3.48895
3.53794
3.57762
3.5939
3.57699
3.52142
-3.52656
-3.48756
-3.42456
-3.37252
-3.37569
-3.4731
-3.68235
-3.99736
-4.38704
-4.80454
-5.19526
-5.5159
-5.74138
-5.87167
-5.92753
-5.94459
-5.95455
-5.96832
-5.9761
-5.95289
-5.87491
-5.72724
-5.51096
-5.24136
-4.94448
-4.64367
-4.34768
-4.05198
-3.74453
-3.4195
-3.08292
-2.75389
-2.45407
-2.19589
-1.97999
-1.79416
-1.61936
-1.43557
-1.23377
-1.01972
-0.813813
-0.639645
-0.511574
-0.431197
-0.385251
-0.350317
-0.297326
-0.202856
-0.0534969
0.149686
0.393303
0.654924
0.9147
1.16556
1.412
1.66483
1.92853
2.1961
2.44791
2.66237
2.82775
2.94507
3.02929
3.10301
3.18995
3.30147
3.43218
3.56002
3.65951
3.71612
3.72984
3.71668
3.70145
3.71041
3.75585
3.83116
3.91093
3.96592
3.9793
3.95072
3.89812
3.8497
3.83586
3.87208
3.95319
4.05287
4.13888
4.18839
4.1885
4.13449
-4.07677
-3.94964
-3.77197
-3.59091
-3.49145
-3.55498
-3.81065
-4.25275
-4.82351
-5.44466
-6.00993
-6.44824
-6.71538
-6.82016
-6.80438
-6.75131
-6.73473
-6.77051
-6.83457
-6.86344
-6.80926
-6.63845
-6.35482
-5.98599
-5.59097
-5.22183
-4.88764
-4.57015
-4.2273
-3.83937
-3.41172
-2.98838
-2.61934
-2.32685
-2.11303
-1.95026
-1.80086
-1.61613
-1.37646
-1.09069
-0.807264
-0.581082
-0.439599
-0.389296
-0.404514
-0.445094
-0.452145
-0.385708
-0.220242
0.03866
0.365715
0.709627
1.0257
1.3068
1.56992
1.85326
2.17374
2.52407
2.85922
3.12881
3.31099
3.40526
3.44344
3.46902
3.53826
3.67487
3.87045
4.07096
4.21559
4.27676
4.25176
4.17535
4.09577
4.07599
4.14218
4.28418
4.44034
4.54139
4.55561
4.47944
4.35165
4.22675
4.17671
4.23391
4.39197
4.58871
4.75384
4.85513
4.87895
4.8323
-4.76113
-4.48443
-4.12411
-3.69155
-3.37216
-3.35979
-3.67015
-4.32254
-5.18707
-6.16495
-7.0071
-7.62677
-7.9229
-7.94198
-7.73463
-7.50519
-7.43927
-7.5317
-7.74344
-7.89334
-7.91134
-7.71189
-7.32115
-6.76813
-6.2
-5.7495
-5.40337
-5.12465
-4.77486
-4.31629
-3.7342
-3.14458
-2.67431
-2.34446
-2.17248
-2.08707
-2.03323
-1.87583
-1.5856
-1.15839
-0.718422
-0.400714
-0.236491
-0.25322
-0.387463
-0.588399
-0.713085
-0.711505
-0.521937
-0.170941
0.313381
0.803936
1.18658
1.47342
1.69821
1.9877
2.37541
2.87329
3.36433
3.72048
3.92021
3.94556
3.87506
3.77151
3.78886
3.96263
4.30089
4.6616
4.8911
4.96071
4.84698
4.63783
4.4032
4.31703
4.41858
4.7161
5.04837
5.24117
5.26135
5.08181
4.80034
4.49532
4.36251
4.44988
4.77445
5.16949
5.46015
5.63284
5.67029
5.64783
-5.69554
-5.13933
-4.57985
-3.62862
-2.80995
-2.69893
-3.03608
-4.08575
-5.3863
-7.07958
-8.32356
-9.27013
-9.52828
-9.38883
-8.69567
-8.02263
-7.91483
-8.12018
-8.74049
-9.11233
-9.32576
-9.06009
-8.52049
-7.57145
-6.63912
-6.12642
-5.82166
-5.78116
-5.4788
-4.97087
-4.06741
-3.1289
-2.52719
-2.1349
-2.10755
-2.17879
-2.4152
-2.32743
-1.9927
-1.24532
-0.454532
-0.00048634
0.225896
0.0506924
-0.2759
-0.843151
-1.15767
-1.30997
-1.05824
-0.574838
0.249608
1.05104
1.48268
1.72654
1.7304
1.9777
2.41529
3.22915
4.06032
4.53396
4.77697
4.62028
4.35059
3.89614
3.81036
4.00961
4.69502
5.43714
5.79275
5.90455
5.57543
5.13285
4.49269
4.28357
4.40861
5.09383
5.8531
6.18544
6.25067
5.82696
5.27902
4.51203
4.22748
4.32059
5.05188
5.89707
6.33295
6.60202
6.54471
6.63024
-7.13266
-5.79844
-5.59927
-3.37471
-1.22875
-1.3928
-1.37606
-3.48778
-5.02006
-8.64128
-10.0684
-11.9049
-11.7063
-11.6331
-9.62775
-7.72617
-7.93948
-8.11116
-10.0954
-10.5595
-11.4301
-10.8028
-10.3094
-8.35066
-6.47389
-6.20382
-5.85935
-6.81468
-6.47872
-6.19489
-4.45094
-2.628
-2.0783
-1.39963
-1.90047
-2.0325
-3.26381
-3.13446
-2.99374
-1.39441
0.294662
0.727981
1.26692
0.572936
0.182521
-1.46151
-1.83551
-2.48983
-1.92768
-1.46932
0.219536
1.83129
2.04979
2.32583
1.41262
1.69424
1.91402
3.56075
5.27192
5.68031
6.21001
5.45844
5.0929
3.49065
3.42215
3.35735
5.00829
6.77011
7.04633
7.48419
6.4681
5.91327
3.96236
3.76981
3.59285
5.36583
7.27345
7.51524
7.94496
6.75189
6.07407
3.83494
3.54956
3.27316
5.16609
7.21482
7.44669
8.04203
7.21436
7.91052
-9.9784
-4.82295
-9.53504
-3.00743
3.67898
-0.347004
3.34891
-3.72421
-1.6458
-13.3626
-11.2236
-17.4702
-13.7037
-16.6597
-10.4104
-4.38431
-8.0241
-5.49205
-13.6394
-11.4211
-15.6917
-12.3524
-14.2084
-9.01182
-3.99495
-6.38828
-4.02522
-9.7076
-7.40342
-9.52142
-4.94804
-0.293482
-1.81491
1.03437
-2.22429
-0.303026
-6.07159
-3.95763
-6.09496
-1.67245
2.85247
1.30471
4.08375
0.65838
2.44654
-3.90843
-2.10933
-5.42108
-2.64724
-4.13531
0.301015
4.61834
2.53457
4.63828
-0.625178
1.50044
-0.64151
3.80023
8.36018
6.65268
9.48884
5.74139
7.61682
0.877229
3.02936
0.235143
5.16266
10.2431
8.06796
11.1583
6.6974
8.70485
0.90082
3.23444
-0.0299388
5.44476
11.0934
8.57525
11.9769
6.93575
9.11827
0.345384
2.85955
-0.897183
5.05681
11.1497
8.03786
11.532
5.69059
10.206
-19.8578
10.3619
-29.6559
-2.86848
24.013
-10.4202
23.5818
-17.1383
21.5941
-38.0357
-0.30318
-37.454
-6.01992
-34.9415
-10.8713
12.877
-16.9957
12.5059
-32.1093
-2.9384
-30.9111
-6.42057
-28.2625
-9.41389
9.15508
-13.4216
9.39474
-24.1009
-1.95987
-22.4834
-5.56181
10.9347
-7.84519
12.264
-10.0071
12.5
-20.2303
1.34106
-18.6426
-2.09811
14.1547
-4.3494
15.8347
-6.76403
16.4364
-18.0978
4.97598
-17.1163
2.76967
-15.3333
0.552992
16.6221
-3.01157
17.5586
-13.3043
7.45093
-12.6787
3.86833
20.4724
1.08091
22.2468
-2.07393
22.5451
-14.5417
9.75791
-14.0079
5.09527
24.1627
1.50568
25.7047
-2.38934
25.6234
-16.7605
10.7586
-16.2386
5.27153
26.6722
1.10916
28.1648
-3.28396
27.9367
-19.3989
11.1982
-19.0523
4.74624
28.3379
-0.884669
28.4638
-10.7483
18.958
28941.4
28899.1
28856.4
28813.3
28769.9
28726.1
28682
28637.7
28593.1
28548.3
28503.4
28458.4
28413.2
28367.9
28322.7
0.620673
0.592053
0.558123
0.519625
0.47752
0.432837
0.386557
0.339525
0.292404
0.245653
0.199543
0.154178
0.109529
0.0654621
0.0217759
1.04055
0.992453
0.935112
0.869919
0.798624
0.72308
0.64502
0.56591
0.486871
0.408664
0.33171
0.256149
0.181894
0.108685
0.0361504
1.47042
1.40207
1.31993
1.22629
1.12395
1.01582
0.904517
0.792215
0.680506
0.570421
0.462487
0.356819
0.253214
0.151236
0.0502932
1.9152
1.82531
1.71611
1.59121
1.45495
1.3116
1.16492
1.01785
0.87246
0.729986
0.590971
0.455411
0.3229
0.192748
0.0640806
2.38134
2.26777
2.1279
1.96743
1.79292
1.61061
1.42562
1.24174
1.06144
0.886045
0.715963
0.550929
0.390213
0.23277
0.0773602
2.87736
2.73654
2.56025
2.35763
2.13864
1.91218
1.68509
1.46195
1.24545
1.03674
0.835864
0.6421
0.454233
0.270746
0.0899473
3.41498
3.24096
3.01908
2.76428
2.49183
2.21432
1.94046
1.6754
1.42157
1.17953
0.948604
0.727337
0.513848
0.306022
0.101625
4.01106
3.79371
3.51122
3.18892
2.85036
2.51291
2.18697
1.87747
1.58577
1.31112
1.05162
0.804751
0.567772
0.33785
0.112149
4.69053
4.41219
4.04372
3.63036
3.20838
2.80041
2.41718
2.06169
1.73281
1.42747
1.14191
0.872219
0.614602
0.365435
0.121262
5.49321
5.12049
4.62088
4.08038
3.55286
3.06371
2.61997
2.21941
1.85626
1.52395
1.21624
0.927552
0.652937
0.387998
0.128713
6.49761
5.95376
5.23737
4.51583
3.85852
3.28182
2.77983
2.33984
1.94887
1.59577
1.27149
0.968743
0.681551
0.40488
0.134296
7.9019
6.9602
5.85963
4.88586
4.08278
3.42509
2.87778
2.4113
2.00359
1.63872
1.30515
0.994321
0.699606
0.415653
0.137879
10.2394
8.12544
6.35677
5.08528
4.16137
3.45795
2.89496
2.42402
2.01543
1.6503
1.31601
1.00372
0.706857
0.420222
0.13944
14.7259
8.94413
6.35623
4.93681
4.01933
3.3505
2.82019
2.37439
1.98377
1.63094
1.30478
0.997633
0.703834
0.418914
0.139086
-0.135448
-0.408183
-0.686538
-0.974612
-1.27711
-1.59971
-1.94976
-2.33726
-2.7769
-3.29191
-3.92271
-4.74817
-5.94473
-7.97067
-12.1952
-0.131984
-0.397496
-0.667705
-0.945948
-1.23589
-1.54172
-1.86834
-2.22171
-2.60903
-3.03873
-3.51842
-4.04482
-4.55721
-4.72371
-2.92597
-0.12744
-0.38353
-0.643265
-0.909117
-1.1836
-1.46922
-1.7683
-2.08253
-2.41172
-2.75077
-3.08155
-3.35097
-3.40984
-2.84091
-0.502968
-0.122051
-0.367017
-0.614547
-0.86625
-1.12352
-1.38731
-1.65769
-1.93292
-2.20755
-2.46853
-2.68712
-2.80303
-2.69859
-2.18621
-1.18609
-0.116057
-0.348706
-0.582904
-0.819473
-1.05885
-1.30077
-1.54366
-1.78369
-2.01284
-2.21571
-2.36385
-2.40776
-2.27086
-1.86993
-1.24363
-0.109685
-0.329302
-0.549582
-0.770701
-0.992365
-1.21347
-1.43156
-1.64196
-1.83639
-2.0009
-2.11286
-2.13772
-2.02654
-1.70999
-1.01509
-0.103136
-0.309418
-0.515647
-0.721507
-0.92621
-1.1282
-1.32472
-1.51125
-1.68071
-1.82258
-1.9223
-1.96192
-1.92482
-1.81267
-1.71375
-0.0965758
-0.289555
-0.481939
-0.673074
-0.861884
-1.04665
-1.22475
-1.39233
-1.54413
-1.67352
-1.77343
-1.8392
-1.87516
-1.90599
-1.97591
-0.0901299
-0.270087
-0.449072
-0.626216
-0.800313
-0.969676
-1.132
-1.2843
-1.42307
-1.5449
-1.64822
-1.73703
-1.82894
-1.97205
-2.2829
-0.0838889
-0.251279
-0.417455
-0.581433
-0.741979
-0.897526
-1.04614
-1.18559
-1.3137
-1.42911
-1.53303
-1.63256
-1.74707
-1.92146
-2.26176
-0.0779122
-0.2333
-0.387336
-0.538994
-0.687067
-0.830132
-0.966571
-1.0947
-1.21308
-1.32122
-1.42081
-1.51756
-1.62351
-1.75549
-1.9036
-0.0722342
-0.216243
-0.358843
-0.499006
-0.63558
-0.767278
-0.89271
-1.0105
-1.1195
-1.21922
-1.31045
-1.39602
-1.48177
-1.57815
-1.70915
-0.0668706
-0.200149
-0.332017
-0.461472
-0.587429
-0.708715
-0.824094
-0.932331
-1.03229
-1.12306
-1.20393
-1.2742
-1.33258
-1.37659
-1.3965
-0.0618238
-0.185018
-0.306839
-0.426328
-0.54247
-0.654193
-0.760372
-0.859849
-0.951419
-1.0337
-1.10467
-1.16047
-1.19328
-1.19163
-1.1742
-0.0570867
-0.170826
-0.283254
-0.393469
-0.500531
-0.60346
-0.701238
-0.792792
-0.876939
-0.952151
-1.01587
-1.06254
-1.07784
-1.01748
-0.707565
-0.0526458
-0.157529
-0.26118
-0.362761
-0.461411
-0.556245
-0.646358
-0.730814
-0.808608
-0.878531
-0.938807
-0.986247
-1.01487
-1.0165
-1.00838
-0.0484836
-0.145071
-0.240517
-0.33405
-0.42489
-0.512249
-0.595341
-0.673396
-0.745684
-0.811561
-0.870579
-0.922871
-0.97057
-1.02215
-1.09984
-0.0445798
-0.133391
-0.221155
-0.307171
-0.390737
-0.471156
-0.547754
-0.619915
-0.687155
-0.749303
-0.80694
-0.862535
-0.923467
-1.00952
-1.16857
-0.0409128
-0.122422
-0.20298
-0.281956
-0.358721
-0.432658
-0.503183
-0.569785
-0.632102
-0.690125
-0.744643
-0.798364
-0.858811
-0.946057
-1.11557
-0.0374605
-0.112097
-0.185879
-0.258239
-0.328618
-0.396469
-0.461273
-0.522562
-0.57997
-0.633321
-0.682814
-0.729386
-0.77545
-0.825315
-0.874515
-0.0342011
-0.102349
-0.169737
-0.235861
-0.300224
-0.362339
-0.421738
-0.47797
-0.530594
-0.579136
-0.622922
-0.660623
-0.689372
-0.70489
-0.719673
-0.0311128
-0.0931149
-0.154447
-0.214668
-0.273341
-0.330039
-0.384341
-0.43582
-0.483995
-0.528195
-0.567163
-0.597932
-0.61242
-0.584835
-0.412094
-0.0281749
-0.0843303
-0.139904
-0.194513
-0.247782
-0.299345
-0.348842
-0.395903
-0.440103
-0.480834
-0.517008
-0.546399
-0.564627
-0.565458
-0.556849
-0.0253672
-0.0759348
-0.126005
-0.175251
-0.22336
-0.270029
-0.314972
-0.357913
-0.398566
-0.436589
-0.471482
-0.502474
-0.528846
-0.552497
-0.587427
-0.0226702
-0.0678702
-0.112652
-0.156744
-0.199891
-0.241855
-0.28243
-0.321449
-0.358803
-0.394471
-0.42859
-0.461615
-0.494857
-0.531583
-0.576527
-0.0200658
-0.0600815
-0.0997524
-0.138858
-0.177196
-0.21459
-0.250906
-0.286078
-0.320154
-0.353383
-0.386387
-0.420485
-0.458352
-0.50483
-0.565191
-0.0175372
-0.0525178
-0.0872206
-0.121471
-0.155112
-0.188019
-0.220116
-0.251407
-0.282037
-0.312399
-0.343346
-0.376612
-0.415773
-0.468294
-0.548374
-0.0150689
-0.0451328
-0.0749786
-0.104471
-0.133493
-0.161958
-0.189825
-0.217134
-0.244049
-0.270953
-0.298611
-0.328511
-0.363826
-0.412474
-0.498633
-0.0126472
-0.0378853
-0.0629578
-0.0877634
-0.112217
-0.136258
-0.159865
-0.183077
-0.206016
-0.228931
-0.252233
-0.276515
-0.302534
-0.330464
-0.351107
-0.0102599
-0.0307389
-0.0510985
-0.0712665
-0.091183
-0.110807
-0.130124
-0.149152
-0.167948
-0.186589
-0.205092
-0.223176
-0.23985
-0.253383
-0.267481
-0.00789626
-0.0236619
-0.039349
-0.0549108
-0.0703091
-0.0855181
-0.100526
-0.115334
-0.12994
-0.144297
-0.15816
-0.170683
-0.179296
-0.175781
-0.127071
-0.00554685
-0.0166261
-0.0276637
-0.0386357
-0.0495242
-0.0603181
-0.0710122
-0.0816008
-0.0920594
-0.102303
-0.112083
-0.120772
-0.127114
-0.129456
-0.129268
-0.00320307
-0.0096062
-0.0160015
-0.0223865
-0.0287631
-0.0351372
-0.0415166
-0.0479039
-0.0542822
-0.0605917
-0.0666937
-0.0723644
-0.0776533
-0.0847685
-0.105145
-0.000857099
-0.00257885
-0.00432429
-0.00611168
-0.00796291
-0.00990355
-0.0119611
-0.014159
-0.0165065
-0.018986
-0.0215403
-0.0240999
-0.0268431
-0.0307691
-0.0354738
0.00149832
0.00447756
0.00740361
0.0102383
0.0129394
0.0154593
0.0177456
0.0197444
0.0214084
0.0227113
0.0236747
0.0243955
0.0248682
0.0238816
0.0135084
0.00386991
0.0115833
0.019216
0.0267113
0.0340064
0.041031
0.047704
0.0539338
0.0596233
0.0646889
0.0691236
0.0731685
0.0776702
0.0851675
0.105898
0.00626387
0.0187569
0.0311446
0.0433526
0.0552995
0.0668922
0.0780203
0.0885498
0.0983193
0.107151
0.114913
0.121735
0.128466
0.137384
0.151444
0.00868582
0.0260156
0.0432182
0.0602042
0.0768757
0.0931202
0.108801
0.123742
0.137712
0.150399
0.161425
0.170479
0.177812
0.186145
0.20877
0.0111406
0.033374
0.0554618
0.0773023
0.0987849
0.119783
0.140142
0.159657
0.178038
0.194843
0.209376
0.220527
0.226515
0.225088
0.220842
0.0136325
0.0408446
0.0678962
0.0946765
0.121066
0.146932
0.172115
0.196404
0.219498
0.240903
0.25974
0.274271
0.28041
0.266091
0.185763
0.0161648
0.0484374
0.0805379
0.112349
0.143746
0.174598
0.204753
0.234027
0.262169
0.288781
0.313156
0.33395
0.348552
0.353019
0.352947
0.0187402
0.0561604
0.093399
0.130334
0.166839
0.202787
0.238047
0.27248
0.30594
0.338244
0.369115
0.39803
0.423778
0.443194
0.445897
0.0213609
0.0640197
0.106489
0.148642
0.190352
0.231495
0.271958
0.311653
0.350551
0.388734
0.426483
0.464405
0.503466
0.545055
0.59564
0.0240288
0.0720208
0.119816
0.167283
0.21429
0.260713
0.306444
0.351423
0.395698
0.439556
0.483776
0.53007
0.581462
0.640756
0.695836
0.0267453
0.0801683
0.133388
0.186266
0.238665
0.290449
0.341495
0.391724
0.441173
0.490161
0.53968
0.592279
0.654029
0.739473
0.888772
0.029512
0.0884668
0.147212
0.205605
0.263497
0.320733
0.377153
0.432608
0.487007
0.540435
0.5935
0.648218
0.710201
0.79394
0.93468
0.0323299
0.0969198
0.161298
0.225316
0.288815
0.351618
0.413518
0.474265
0.533549
0.590994
0.646228
0.699201
0.751315
0.808912
0.891379
0.0351994
0.105529
0.175648
0.245408
0.314644
0.383163
0.45072
0.516974
0.5814
0.643123
0.700577
0.750865
0.788665
0.806697
0.819801
0.0381199
0.114293
0.190263
0.265885
0.340998
0.415409
0.488863
0.560987
0.63116
0.698245
0.759955
0.811284
0.839773
0.807981
0.572362
0.0410895
0.123206
0.205133
0.286736
0.367867
0.448352
0.527966
0.606388
0.683094
0.757125
0.82659
0.887648
0.932774
0.950878
0.956279
0.0441051
0.132259
0.220242
0.307935
0.395211
0.481929
0.567929
0.653014
0.736914
0.819202
0.899106
0.975151
1.04457
1.10267
1.13924
0.0471625
0.141438
0.235565
0.329443
0.422966
0.516036
0.608562
0.700496
0.791881
0.882956
0.974339
1.06733
1.16429
1.26947
1.39698
0.0502565
0.150728
0.251075
0.351214
0.451062
0.550548
0.649637
0.748391
0.847092
0.94652
1.04849
1.15681
1.27834
1.42084
1.56607
0.0533817
0.160112
0.266743
0.373205
0.479431
0.585363
0.690977
0.796353
0.901827
1.00835
1.11827
1.23717
1.37788
1.57037
1.89362
0.056532
0.169572
0.282538
0.395377
0.508027
0.620424
0.732511
0.844278
0.955865
1.06783
1.18185
1.30247
1.4415
1.62918
1.94214
0.0597013
0.17909
0.298434
0.417696
0.536819
0.655725
0.774295
0.892355
1.00966
1.12592
1.2409
1.35503
1.47136
1.60106
1.77188
0.0628822
0.188645
0.314399
0.440126
0.565783
0.691284
0.816459
0.940982
1.06422
1.18491
1.30056
1.40615
1.49197
1.54443
1.59197
0.0660664
0.198212
0.330393
0.462619
0.594874
0.727091
0.859101
0.990527
1.12055
1.24742
1.36725
1.47105
1.53577
1.49129
1.06694
0.0692434
0.20776
0.346365
0.485105
0.62401
0.763065
0.902174
1.04107
1.1791
1.31484
1.44512
1.56315
1.65541
1.702
1.72912
0.0724012
0.217253
0.362252
0.507492
0.653058
0.799021
0.945418
1.09222
1.23927
1.38607
1.53151
1.6732
1.80678
1.92629
2.02351
0.0755263
0.226649
0.37798
0.529664
0.681848
0.834695
0.988402
1.14323
1.29961
1.45827
1.62054
1.78893
1.96797
2.16609
2.40768
0.0786047
0.235903
0.393472
0.5515
0.710191
0.869791
1.03062
1.19319
1.3584
1.52796
1.70534
1.8973
2.11592
2.37576
2.65327
0.0816224
0.244975
0.408653
0.572885
0.737919
0.904048
1.07166
1.24134
1.41417
1.59224
1.78002
1.98722
2.23528
2.57322
3.12628
0.0845667
0.253824
0.423456
0.593722
0.764898
0.93729
1.11127
1.28733
1.46631
1.6498
1.84125
2.04879
2.29225
2.62132
3.16425
0.087426
0.262417
0.437825
0.613937
0.791045
0.969447
1.14944
1.33131
1.51534
1.70183
1.89133
2.08548
2.28978
2.52096
2.81291
0.0901901
0.270722
0.451712
0.633469
0.816304
1.00051
1.18632
1.37381
1.56267
1.75178
1.93819
2.11515
2.26865
2.37844
2.48923
0.0928495
0.278712
0.46507
0.652259
0.840619
1.03047
1.22205
1.41536
1.60985
1.80362
1.99164
2.16115
2.27788
2.23527
1.61784
0.095396
0.286362
0.477854
0.670241
0.863907
1.05924
1.25658
1.45611
1.65753
1.85944
2.05796
2.24382
2.39778
2.4913
2.5647
0.0978223
0.293647
0.490021
0.68734
0.886044
1.08662
1.28961
1.49554
1.70486
1.91764
2.13307
2.34868
2.55966
2.76134
2.95573
0.100124
0.300552
0.501533
0.703481
0.906884
1.11234
1.32059
1.53264
1.7498
1.97399
2.20808
2.45676
2.72802
3.03644
3.41803
0.102301
0.307074
0.512375
0.718615
0.926303
1.13611
1.34895
1.56618
1.78987
2.02346
2.27296
2.54918
2.87057
3.26075
3.69948
0.104361
0.31323
0.522566
0.732744
0.944255
1.15777
1.37427
1.59524
1.82306
2.06188
2.3193
2.61024
2.96535
3.45136
4.23065
0.106316
0.319063
0.532171
0.745948
0.960813
1.17736
1.39649
1.61953
1.84862
2.08737
2.34236
2.62673
2.96923
3.4383
4.21215
0.108193
0.324644
0.54131
0.758395
0.976199
1.19517
1.41598
1.63961
1.86747
2.10159
2.34502
2.60287
2.88521
3.21358
3.61448
0.110022
0.330073
0.550157
0.770341
0.99077
1.2117
1.43351
1.65675
1.88196
2.10933
2.33767
2.56201
2.7692
2.93851
3.12957
0.111847
0.335479
0.558931
0.782113
1.00499
1.2276
1.45006
1.67252
1.89494
2.11638
2.33308
2.53306
2.67949
2.64831
1.93821
0.113715
0.341007
0.567887
0.794093
1.01939
1.24359
1.46658
1.6883
1.90859
2.12672
2.34008
2.54129
2.71311
2.82958
2.94568
0.115678
0.346819
0.577307
0.806697
1.03454
1.26042
1.48399
1.70507
1.92373
2.14035
2.35552
2.5699
2.78515
3.01108
3.29056
0.11779
0.35308
0.587483
0.820365
1.05105
1.27883
1.5031
1.72349
1.94027
2.15498
2.37148
2.59789
2.84973
3.15538
3.56532
0.120103
0.359953
0.598709
0.835552
1.06955
1.29968
1.5249
1.74441
1.95824
2.16833
2.38055
2.60819
2.87693
3.22721
3.68741
0.122661
0.367582
0.611255
0.852701
1.09073
1.32392
1.55063
1.76925
1.9788
2.18018
2.37887
2.58993
2.84747
3.22268
3.86134
0.125495
0.376072
0.625339
0.872207
1.11526
1.35263
1.58195
1.80038
2.00499
2.19388
2.36857
2.53934
2.73626
3.03514
3.64117
0.128616
0.385464
0.641077
0.894347
1.14371
1.38692
1.62081
1.84106
2.04209
2.2174
2.36095
2.47055
2.5542
2.63427
2.69845
0.132
0.395706
0.65843
0.91918
1.1764
1.42764
1.66911
1.89506
2.09701
2.26296
2.37687
2.41973
2.37461
2.24438
2.13217
0.135586
0.406619
0.677139
0.946442
1.21321
1.47511
1.72815
1.96567
2.1769
2.34461
2.44211
2.42996
2.25409
1.84192
1.03331
0.139264
0.41788
0.696673
0.975433
1.25337
1.5287
1.7979
2.0545
2.28697
2.475
2.58346
2.55383
2.29766
1.71472
0.808028
0.142875
0.429005
0.716209
1.00496
1.29531
1.5865
1.87635
2.16005
2.42787
2.66062
2.82068
2.83498
2.56811
1.81228
0.502882
0.146219
0.439373
0.734646
1.03335
1.33662
1.64518
1.95901
2.27658
2.5931
2.89672
3.15912
3.31134
3.17807
2.29417
-0.585606
0.149062
0.448255
0.750674
1.05854
1.3742
1.70013
2.03903
2.39379
2.76727
3.16145
3.57407
3.98592
4.30919
4.16194
1.81998
0.151158
0.454881
0.762891
1.07829
1.40458
1.74601
2.10798
2.49795
2.92706
3.41341
3.98963
4.72205
5.76683
7.55324
11.4347
11.1886
7.1935
5.40418
4.38214
3.67948
3.13476
2.67999
2.28202
1.92257
1.59046
1.27827
0.980652
0.693487
0.413374
0.137346
1.1793
3.68319
3.8966
3.61765
3.24416
2.86758
2.50799
2.16793
1.84555
1.53809
1.24278
0.957062
0.678583
0.40516
0.134724
-1.29245
1.76354
2.73078
2.91867
2.81093
2.58856
2.32242
2.04154
1.75814
1.47724
1.20059
0.928412
0.660145
0.394855
0.131411
-0.0428006
1.29427
2.10605
2.42488
2.45725
2.33995
2.14707
1.91687
1.66895
1.41338
1.15526
0.897008
0.639615
0.383254
0.127659
0.218845
1.18967
1.82355
2.12996
2.20747
2.14382
1.99763
1.80446
1.58502
1.35126
1.10997
0.864977
0.618344
0.371108
0.12371
0.538993
1.31897
1.7684
1.99391
2.05571
2.00497
1.8808
1.71025
1.511
1.29431
1.06721
0.834052
0.597472
0.35906
0.119773
1.49483
1.67773
1.86871
1.97148
1.98205
1.91711
1.79616
1.63592
1.44905
1.24455
1.02863
0.805475
0.577852
0.34761
0.11601
2.00033
2.03083
2.03022
2.01304
1.96081
1.8681
1.73878
1.58006
1.39929
1.20268
0.99505
0.779974
0.560035
0.337094
0.112535
2.86345
2.40546
2.20322
2.07887
1.96764
1.84449
1.70178
1.53949
1.3605
1.16843
0.966612
0.757831
0.544287
0.327694
0.109411
3.09392
2.60243
2.32207
2.13556
1.9827
1.83445
1.67836
1.51047
1.33078
1.14092
0.942985
0.738976
0.530644
0.31946
0.106661
3.0351
2.65274
2.37571
2.16883
1.99452
1.82981
1.66312
1.48962
1.30809
1.119
0.923555
0.723106
0.518972
0.312341
0.10427
2.97233
2.62984
2.38059
2.17944
1.99965
1.82653
1.65257
1.47433
1.29061
1.10148
0.907579
0.70978
0.509024
0.306215
0.102203
2.79072
2.54217
2.35201
2.17519
2.00011
1.82382
1.64499
1.4628
1.27688
1.08726
0.894291
0.698497
0.500493
0.300919
0.10041
2.51779
2.41392
2.31414
2.16971
2.00138
1.82284
1.63972
1.45386
1.2657
1.07535
0.88295
0.688737
0.493044
0.296267
0.0988293
1.67399
2.2828
2.30726
2.18078
2.00972
1.82502
1.63634
1.44649
1.25602
1.06485
0.872856
0.679995
0.486343
0.292069
0.0974014
2.73237
2.55746
2.40518
2.2228
2.02751
1.82994
1.63376
1.43954
1.2468
1.05491
0.863354
0.671793
0.480067
0.288142
0.0960658
3.17092
2.81639
2.52398
2.27377
2.04687
1.83389
1.62982
1.43154
1.23699
1.04474
0.853846
0.663699
0.473926
0.284317
0.0947677
3.72347
3.03216
2.61346
2.30855
2.05654
1.83165
1.62183
1.42095
1.22556
1.03361
0.843813
0.655341
0.467667
0.280448
0.0934592
3.75318
3.05861
2.62392
2.30657
2.04739
1.81892
1.60764
1.40654
1.21174
1.02099
0.832854
0.646426
0.461089
0.276417
0.0921015
3.30356
2.90459
2.55288
2.2642
2.0169
1.79424
1.58637
1.38774
1.19512
1.00654
0.820707
0.636751
0.454047
0.272137
0.0906656
3.06444
2.71773
2.43808
2.1931
1.96931
1.75929
1.55868
1.36476
1.17569
0.990176
0.807257
0.626205
0.446453
0.267552
0.0891322
2.66738
2.48433
2.29919
2.10729
1.91214
1.7178
1.52635
1.33841
1.15379
0.972013
0.792513
0.614756
0.438267
0.262633
0.0874909
2.32269
2.25239
2.16499
2.02376
1.85442
1.67429
1.49159
1.30976
1.12993
0.952271
0.776559
0.602428
0.429489
0.257373
0.0857385
1.47334
2.03235
2.06816
1.95977
1.80421
1.63255
1.45624
1.27971
1.10455
0.931183
0.759513
0.589275
0.420141
0.251781
0.0838768
2.28209
2.17567
2.07149
1.92855
1.7652
1.59405
1.42105
1.24872
1.07795
0.908919
0.741477
0.575358
0.410258
0.245873
0.0819112
2.58763
2.31744
2.10174
1.91153
1.73163
1.55683
1.38539
1.21664
1.05015
0.88556
0.72253
0.560739
0.399882
0.239674
0.0798493
2.92805
2.42141
2.1143
1.88739
1.69454
1.51727
1.34788
1.18301
1.02104
0.861126
0.702732
0.545477
0.389058
0.233212
0.0777005
2.90163
2.38683
2.0712
1.83962
1.64665
1.47225
1.30725
1.14736
0.990517
0.835647
0.682151
0.529643
0.377842
0.22652
0.0754762
2.47737
2.21397
1.96975
1.76507
1.58588
1.42072
1.26308
1.10962
0.958635
0.809226
0.660894
0.513326
0.366299
0.219638
0.0731894
2.25666
2.02781
1.84088
1.67286
1.5154
1.36397
1.21603
1.07018
0.925673
0.782072
0.639119
0.496641
0.354508
0.212613
0.0708555
1.90897
1.81259
1.69889
1.57335
1.44076
1.30481
1.16753
1.02983
0.892097
0.754483
0.617027
0.479727
0.34256
0.205495
0.0684911
1.63699
1.60943
1.56517
1.47877
1.36846
1.2466
1.11933
0.989512
0.85846
0.726802
0.594842
0.462731
0.33055
0.198338
0.0661136
1.01515
1.41791
1.46072
1.40085
1.30422
1.19217
1.07293
0.95007
0.825264
0.69935
0.572775
0.445797
0.31857
0.191194
0.0637397
1.52357
1.47638
1.42761
1.34851
1.25072
1.14274
1.02906
0.912001
0.792859
0.672375
0.551006
0.429048
0.306702
0.184111
0.0613847
1.69878
1.53599
1.41561
1.3092
1.20433
1.0973
0.987543
0.875404
0.761409
0.646036
0.529664
0.412583
0.295014
0.177127
0.0590615
1.86441
1.56619
1.39393
1.26887
1.15947
1.05378
0.947707
0.84012
0.730941
0.620413
0.508833
0.396472
0.283556
0.170273
0.0567803
1.81263
1.50899
1.3395
1.21773
1.11206
1.01055
0.908948
0.805968
0.701437
0.595545
0.488565
0.380762
0.272365
0.163571
0.0545484
1.47533
1.35866
1.25198
1.15547
1.06179
0.967415
0.871169
0.772921
0.672908
0.571458
0.468889
0.36548
0.261462
0.157034
0.0523704
1.24423
1.20145
1.15745
1.0913
1.01205
0.925599
0.834807
0.74113
0.645405
0.548174
0.449821
0.350637
0.250855
0.150669
0.0502483
0.747059
1.04515
1.07834
1.03629
0.967347
0.886822
0.800475
0.710792
0.61898
0.525698
0.431354
0.336229
0.240542
0.144473
0.0481819
1.0805
1.07285
1.05152
1.00002
0.930731
0.852112
0.768486
0.681964
0.593608
0.50399
0.413452
0.322231
0.230508
0.13844
0.0461688
1.18582
1.1101
1.0457
0.976192
0.900638
0.820908
0.738534
0.654442
0.569147
0.482952
0.396052
0.308601
0.220727
0.132555
0.0442048
1.25656
1.13956
1.04347
0.956641
0.873498
0.791568
0.709806
0.627787
0.545346
0.462434
0.379064
0.295284
0.211169
0.126803
0.0422849
1.29523
1.15458
1.03487
0.934616
0.845573
0.762144
0.681287
0.60146
0.521907
0.442267
0.362387
0.282224
0.201799
0.121167
0.0404038
1.37196
1.15515
1.0128
0.904897
0.813807
0.730971
0.652085
0.574981
0.498567
0.422303
0.345936
0.269369
0.192588
0.11563
0.0385567
1.32434
1.10408
0.966885
0.863592
0.776372
0.697092
0.621681
0.54806
0.475161
0.402445
0.329654
0.256685
0.183518
0.110184
0.0367406
1.0886
0.995415
0.897503
0.811214
0.733483
0.660565
0.590074
0.520679
0.451668
0.382676
0.313528
0.244162
0.174581
0.104824
0.0349542
0.97054
0.890115
0.820123
0.752979
0.687309
0.622391
0.557745
0.493074
0.428206
0.363053
0.297585
0.231814
0.165783
0.0995526
0.0331982
0.797301
0.777652
0.740838
0.693805
0.640665
0.584065
0.525472
0.46565
0.404986
0.343688
0.281885
0.219673
0.157141
0.0943781
0.031475
0.673606
0.677184
0.668725
0.638966
0.596482
0.547159
0.494092
0.438853
0.38225
0.324716
0.266503
0.20778
0.148679
0.089312
0.029788
0.411519
0.585163
0.611466
0.593061
0.55711
0.51289
0.464258
0.413049
0.360208
0.306257
0.25151
0.196178
0.140419
0.0843664
0.0281411
0.60045
0.595539
0.585311
0.559443
0.523548
0.481724
0.436254
0.388423
0.338982
0.288393
0.23696
0.1849
0.132383
0.0795522
0.0265375
0.662884
0.609695
0.570079
0.532891
0.494176
0.453134
0.409932
0.364961
0.3186
0.271158
0.222881
0.173968
0.124585
0.0748775
0.02498
0.719068
0.614514
0.553231
0.507506
0.466493
0.42609
0.384881
0.342512
0.299017
0.254548
0.209282
0.163392
0.117032
0.070347
0.02347
0.698918
0.589382
0.525664
0.478957
0.438462
0.399653
0.360681
0.320895
0.280159
0.238535
0.196156
0.153171
0.109727
0.065962
0.0220081
0.577909
0.532537
0.48637
0.446201
0.409335
0.373381
0.337093
0.299989
0.261968
0.223093
0.183489
0.143299
0.102665
0.0617208
0.0205937
0.516244
0.476345
0.443002
0.411256
0.379647
0.347389
0.314121
0.279774
0.244423
0.208204
0.171268
0.133767
0.0958405
0.0576195
0.0192254
0.42447
0.415697
0.398615
0.376316
0.350476
0.322142
0.291946
0.260308
0.227535
0.193861
0.159481
0.124561
0.0892428
0.0536514
0.0179011
0.358282
0.360912
0.357941
0.343951
0.323108
0.298234
0.270819
0.241686
0.211325
0.180057
0.148112
0.115665
0.082857
0.049807
0.0166174
0.217826
0.310122
0.324994
0.31646
0.298618
0.276135
0.250932
0.22397
0.1958
0.166774
0.137133
0.107051
0.0766625
0.0460731
0.0153699
0.31587
0.313192
0.308369
0.295552
0.277432
0.255977
0.232316
0.207146
0.180926
0.15397
0.126502
0.0986835
0.0706311
0.0424319
0.0141524
0.346692
0.317853
0.29737
0.278447
0.258648
0.237406
0.2148
0.191107
0.166618
0.141573
0.11616
0.0905125
0.0647254
0.0388604
0.0129571
0.371277
0.316814
0.285372
0.262069
0.240953
0.21984
0.198094
0.175681
0.152753
0.129485
0.106024
0.0824733
0.0588984
0.0353298
0.0117745
0.357325
0.299898
0.267819
0.244289
0.223337
0.20277
0.181908
0.160674
0.139184
0.117585
0.0959946
0.0744866
0.0530917
0.0318045
0.0105924
0.287517
0.265491
0.244434
0.224835
0.205528
0.185957
0.166035
0.145905
0.125752
0.105735
0.0859547
0.0664572
0.0472357
0.0282418
0.00939661
0.240392
0.23052
0.220143
0.205309
0.187985
0.169438
0.150363
0.131213
0.112289
0.0937759
0.0757659
0.0582728
0.0412473
0.0245909
0.00816993
0.142049
0.196024
0.199038
0.187642
0.171376
0.153335
0.134797
0.116426
0.0986029
0.0815254
0.0652664
0.0498011
0.0350289
0.020792
0.00689221
0.203582
0.197021
0.18802
0.173491
0.156086
0.137631
0.119167
0.101322
0.0844625
0.0687649
0.0542648
0.0408859
0.0284653
0.0167746
0.00553977
0.221515
0.199829
0.180927
0.161481
0.141621
0.121986
0.10316
0.0855956
0.0695787
0.055232
0.0425344
0.0313439
0.0214219
0.0124565
0.00408495
0.231266
0.200828
0.174305
0.14991
0.127101
0.105839
0.0863336
0.0688566
0.0535989
0.0406134
0.0298079
0.0209603
0.0137416
0.00774206
0.00249568
0.236184
0.199246
0.166304
0.137392
0.111612
0.0885367
0.0681581
0.0506405
0.0361062
0.024541
0.0157728
0.00948514
0.0052426
0.00252091
0.000734943
0.247621
0.195028
0.155618
0.122845
0.0943507
0.0694288
0.0480586
0.0304191
0.016618
0.00658692
6.66541e-05
-0.00337019
-0.00428437
-0.0033335
-0.0012396
0.23801
0.181797
0.14045
0.10547
0.0747071
0.0479206
0.0254325
0.00760069
-0.00542046
-0.0137436
-0.0177288
-0.0179369
-0.0150781
-0.00996498
-0.00347593
0.196517
0.158382
0.120991
0.0853051
0.0523922
0.0234875
-0.000364289
-0.0184892
-0.0306526
-0.037024
-0.0380947
-0.0345929
-0.0274085
-0.0175352
-0.00602782
0.166136
0.134582
0.100477
0.063367
0.027388
-0.00439567
-0.0300767
-0.0486498
-0.0598378
-0.0639223
-0.0615833
-0.0537653
-0.0415775
-0.0262232
-0.0089546
0.100088
0.1127
0.0821569
0.0407922
-0.000433792
-0.036458
-0.0646652
-0.0838705
-0.0938863
-0.0952181
-0.0888235
-0.0759312
-0.0579169
-0.0362239
-0.0123204
0.164371
0.120907
0.0714461
0.01827
-0.0317696
-0.0738897
-0.105446
-0.125405
-0.133896
-0.131816
-0.120523
-0.101613
-0.0767822
-0.0477428
-0.0161924
0.194789
0.133405
0.0634121
-0.00627689
-0.0685022
-0.118596
-0.15422
-0.174838
-0.181178
-0.174749
-0.157458
-0.131366
-0.0985415
-0.0609889
-0.0206383
0.246039
0.152017
0.0552695
-0.0358469
-0.11355
-0.173286
-0.213354
-0.234118
-0.237261
-0.225161
-0.200451
-0.165755
-0.123556
-0.0761617
-0.0257216
0.290021
0.172666
0.0433248
-0.0745745
-0.170963
-0.241563
-0.285828
-0.305567
-0.303861
-0.284268
-0.250327
-0.205312
-0.15215
-0.0934336
-0.0314963
0.404032
0.201782
0.0235522
-0.128092
-0.246177
-0.328056
-0.375266
-0.391838
-0.382814
-0.353275
-0.307839
-0.250486
-0.184572
-0.112926
-0.0379984
0.459499
0.214359
-0.0145543
-0.204771
-0.346437
-0.438558
-0.485911
-0.49581
-0.475943
-0.43326
-0.373574
-0.301565
-0.220944
-0.134683
-0.0452372
0.563243
0.215807
-0.0794045
-0.315034
-0.481022
-0.58009
-0.622496
-0.620377
-0.584844
-0.524987
-0.447815
-0.358583
-0.261205
-0.158633
-0.0531848
0.563806
0.181113
-0.185508
-0.473517
-0.662003
-0.760926
-0.789938
-0.768068
-0.710563
-0.628673
-0.530374
-0.421215
-0.305043
-0.184565
-0.0617656
0.486442
0.135393
-0.346109
-0.700968
-0.905115
-0.990285
-0.992661
-0.940432
-0.853136
-0.743684
-0.620419
-0.488674
-0.351841
-0.212089
-0.0708485
1.32855
0.180376
-0.594577
-1.03291
-1.23079
-1.27713
-1.23327
-1.13708
-1.01102
-0.868217
-0.716294
-0.55962
-0.400634
-0.24063
-0.0802412
1.76448
-0.0336928
-1.07674
-1.53162
-1.6616
-1.62662
-1.51021
-1.35442
-1.18046
-0.999013
-0.81541
-0.632129
-0.450104
-0.26942
-0.0896925
2.85109
-0.771997
-1.96731
-2.25567
-2.20679
-2.03265
-1.81448
-1.58436
-1.35503
-1.13125
-0.914247
-0.70372
-0.498614
-0.297528
-0.0989008
-0.228489
-3.19607
-3.48776
-3.21364
-2.83878
-2.46919
-2.12702
-1.8137
-1.52571
-1.2587
-1.00853
-0.771505
-0.544301
-0.323911
-0.10753
-12.2067
-7.47835
-5.40115
-4.24143
-3.46696
-2.88664
-2.41949
-2.0254
-1.68177
-1.3744
-1.09364
-0.832424
-0.585227
-0.347493
-0.115234
0.152262
0.4585
0.769998
1.09065
1.42501
1.77882
2.15975
2.57892
3.05356
3.61266
4.30939
5.25159
6.68671
9.26716
14.9782
0.151871
0.457563
0.769242
1.09137
1.42921
1.78938
2.18074
2.61587
3.1135
3.70305
4.43232
5.38037
6.67275
8.46033
10.6061
0.149521
0.450617
0.758003
1.07633
1.411
1.76867
2.15793
2.59028
3.08158
3.65378
4.33631
5.16424
6.16342
7.29377
8.27917
0.145112
0.43736
0.735787
1.04488
1.36972
1.71632
2.09198
2.50578
2.96885
3.49419
4.09469
4.77666
5.52463
6.27179
6.85445
0.138673
0.417905
0.702866
0.997625
1.30663
1.63484
1.9879
2.37206
2.79394
3.25941
3.77092
4.32186
4.8875
5.41512
5.81992
0.130339
0.39269
0.6601
0.936064
1.22424
1.52847
1.85269
2.20072
2.57567
2.97879
3.40728
3.8507
4.28678
4.67963
4.98418
0.120323
0.362391
0.608734
0.862223
1.12572
1.40201
1.69364
2.00255
2.32955
2.67335
3.02917
3.38675
3.72887
4.03197
4.27054
0.108877
0.327793
0.550185
0.778313
1.01432
1.26012
1.51719
1.78625
2.06677
2.35636
2.64993
2.93883
3.21046
3.4494
3.64039
0.0962611
0.289701
0.485865
0.686471
0.893058
1.10686
1.32863
1.55834
1.79484
2.03548
2.27567
2.50857
2.72517
2.91531
3.06949
0.082723
0.248868
0.417076
0.588605
0.764516
0.945558
1.13201
1.32347
1.51862
1.71497
1.90873
2.09468
2.26649
2.41737
2.54127
0.0684815
0.205958
0.344941
0.486318
0.630794
0.778783
0.930297
1.0848
1.24104
1.39693
1.54949
1.69489
1.8287
1.9464
2.04408
0.0537239
0.161532
0.270392
0.380905
0.493515
0.608431
0.725541
0.844317
0.963716
1.08212
1.19731
1.30659
1.40694
1.49538
1.56937
0.0386049
0.116051
0.194182
0.273378
0.353901
0.435843
0.519065
0.60314
0.687298
0.770396
0.850927
0.927096
0.996958
1.05863
1.11053
0.0232506
0.0698851
0.116904
0.164515
0.212853
0.261951
0.311704
0.36184
0.411889
0.461175
0.508826
0.553819
0.595062
0.631515
0.662329
-32277.9
-32233.7
-32189.6
-32145.5
-32101.6
-32057.8
-32014.2
-31970.8
-31927.6
-31884.7
-31842.2
-31800
-31758.1
-31716.7
-31675.7
19.4294
-9.50973
28.5649
0.111185
28.4296
5.6583
-17.2407
11.9411
-17.3446
27.9282
-1.76243
28.0393
2.55369
26.3975
6.50843
-13.2544
11.4375
-13.25
24.0644
-0.16803
23.4157
4.8478
-13.249
8.1053
-13.9798
10.9461
-13.7324
22.8784
-0.672759
21.7709
3.9896
-13.233
6.80283
-14.0862
9.17301
-14.1481
20.1451
-2.18833
18.8952
1.869
-14.7569
4.28052
-16.2108
6.524
-16.9306
18.0103
-5.29644
17.2058
-2.79126
15.239
-0.602432
-16.5239
2.5173
-17.7309
12.3025
-8.09854
11.4466
-4.81487
-21.0926
-2.65403
-23.3475
-0.319593
-24.5309
11.6324
-12.534
11.0636
-8.18721
-27.5226
-5.10785
-29.9049
-1.68719
-30.9076
13.5472
-15.7419
13.6355
-9.70462
-33.1785
-5.07415
-35.2745
0.0903837
-35.4363
19.7054
-15.6612
20.7794
-6.92367
-34.451
0.825454
-33.4769
13.3678
-21.0156
10.6976
6.34224
12.037
8.67115
11.7119
5.85531
0.139612
3.78504
1.39647
9.79933
7.73669
12.5155
9.30042
11.6234
6.34289
1.21988
4.08751
1.80008
8.39265
6.17568
8.94892
4.18636
-0.690657
1.32405
-1.56718
2.30175
0.437877
7.11787
5.07411
7.7477
3.20093
-1.47224
0.352889
-2.45516
1.07412
-0.783356
5.3864
3.34274
5.74836
1.30537
-3.26601
-1.61993
-4.42194
-0.975339
-2.77884
3.66587
1.87825
5.28302
2.50747
3.97196
-0.479992
-4.83534
-2.92747
-5.10938
-0.0876025
-2.28577
-0.317589
-4.78729
-9.3986
-7.98211
-10.9666
-7.62904
-9.68281
-3.27653
-5.58639
-2.96025
-8.06466
-13.3559
-11.409
-14.7685
-10.4546
-12.6843
-4.57905
-7.11278
-3.56281
-9.51372
-15.6797
-12.8907
-16.6385
-10.8801
-13.1928
-2.77362
-5.39195
-0.530895
-7.17955
-13.9975
-9.87762
-13.6306
-6.36722
-11.3945
8.35609
7.72068
8.555
8.00421
7.80502
5.84799
4.03852
4.31638
4.59635
6.73905
7.38242
8.50126
8.0705
7.79679
5.94871
4.1859
4.15903
4.06119
5.40477
5.33169
5.33188
3.68793
1.94179
1.60558
1.109
1.91092
2.3033
3.9179
4.02635
4.12027
2.59268
0.929349
0.573217
0.0485902
0.73079
1.02079
2.45383
2.46561
2.46239
0.925471
-0.729387
-1.11613
-1.63211
-0.915343
-0.50539
1.17543
1.57526
2.25946
1.70003
1.22424
-0.497074
-2.16627
-2.48324
-2.86152
-2.08104
-2.4727
-2.81127
-4.55591
-6.38476
-6.97284
-7.68934
-7.17492
-7.01707
-5.63395
-5.7464
-5.85175
-7.67278
-9.61201
-10.0687
-10.6815
-9.7988
-9.34318
-7.38461
-7.24377
-7.07936
-9.0126
-11.0758
-11.2939
-11.6912
-10.2274
-9.28281
-6.47808
-5.89251
-5.26663
-7.19116
-9.29387
-9.24337
-9.64748
-8.40348
-9.01831
7.03136
6.98412
7.06896
6.83245
6.43089
5.62965
4.93327
4.84624
5.11552
5.83943
6.34509
6.72004
6.61609
6.23886
5.43341
4.65387
4.33445
4.24837
4.45856
4.38392
4.08408
3.33833
2.5456
2.11972
1.91698
2.11146
2.41037
2.88837
3.00109
2.82938
2.18142
1.45005
1.03763
0.815883
0.953625
1.18028
1.56921
1.61139
1.3862
0.716643
-0.0177274
-0.42509
-0.616464
-0.412509
-0.0610839
0.530564
0.863673
1.02763
0.772992
0.270877
-0.588426
-1.44373
-1.95004
-2.28168
-2.386
-2.73551
-3.27972
-4.20276
-5.15721
-5.77828
-6.18435
-6.20704
-6.11548
-5.83747
-5.91644
-6.27248
-7.11052
-8.00287
-8.50342
-8.74804
-8.52793
-8.16628
-7.57261
-7.4087
-7.57535
-8.3244
-9.12879
-9.43893
-9.42387
-8.82735
-8.0515
-6.98708
-6.45123
-6.32992
-6.94628
-7.69096
-7.95446
-8.03756
-7.76295
-7.69781
6.00679
6.05786
6.04613
5.89874
5.63265
5.26068
4.95097
4.86343
4.98044
5.2545
5.49641
5.62879
5.55557
5.29792
4.88114
4.45963
4.17424
4.00925
3.92288
3.76075
3.47874
3.05673
2.62147
2.31286
2.15325
2.1619
2.2598
2.38515
2.38571
2.22461
1.89054
1.51171
1.22774
1.06572
1.04861
1.10628
1.18414
1.14242
0.950192
0.601382
0.223261
-0.0448915
-0.169934
-0.12191
0.037433
0.258139
0.39583
0.398809
0.202575
-0.167868
-0.685316
-1.22355
-1.66823
-2.02904
-2.33771
-2.71777
-3.20242
-3.8042
-4.4096
-4.89315
-5.23134
-5.40357
-5.48231
-5.52683
-5.68737
-5.99895
-6.46992
-6.95778
-7.30659
-7.48369
-7.46081
-7.3234
-7.14168
-7.09753
-7.23256
-7.55639
-7.89345
-8.05218
-7.99377
-7.68542
-7.23562
-6.73487
-6.41291
-6.33085
-6.51657
-6.7809
-6.92524
-6.94248
-6.8204
-6.65504
5.15078
5.21939
5.21587
5.13307
4.98388
4.79897
4.64556
4.58281
4.61589
4.71248
4.80199
4.83011
4.75706
4.58254
4.33207
4.06574
3.83698
3.65329
3.49259
3.30657
3.07132
2.79056
2.51135
2.28786
2.14368
2.08032
2.06625
2.05819
1.99976
1.86564
1.66092
1.43365
1.2392
1.10394
1.03308
1.00044
0.96856
0.887605
0.737196
0.525974
0.30367
0.127131
0.0254358
0.00656673
0.0459043
0.103685
0.12052
0.0554863
-0.118234
-0.396052
-0.753307
-1.13899
-1.50805
-1.85225
-2.18729
-2.55005
-2.95693
-3.40087
-3.83775
-4.21759
-4.51747
-4.7348
-4.8984
-5.04904
-5.24068
-5.49569
-5.80473
-6.11258
-6.35662
-6.50685
-6.55813
-6.54377
-6.51206
-6.52771
-6.61722
-6.76866
-6.91416
-6.97738
-6.92282
-6.74638
-6.4923
-6.22438
-6.02833
-5.94538
-5.97287
-6.04294
-6.07853
-6.04766
-5.93984
-5.76769
4.4133
4.48399
4.49891
4.46213
4.38565
4.29099
4.20864
4.16324
4.15889
4.17964
4.19495
4.17604
4.10362
3.97545
3.80475
3.61664
3.43372
3.26309
3.09765
2.92216
2.72833
2.52103
2.31989
2.14756
2.01665
1.92671
1.86297
1.80274
1.72174
1.60732
1.46275
1.30736
1.1645
1.04852
0.961665
0.892678
0.822856
0.732018
0.611015
0.465799
0.317492
0.190742
0.100967
0.0507103
0.0273662
0.00778676
-0.0372613
-0.131669
-0.289465
-0.510131
-0.780615
-1.07856
-1.38385
-1.68879
-1.9971
-2.31888
-2.65816
-3.00777
-3.34807
-3.65716
-3.92242
-4.14335
-4.33303
-4.51212
-4.70262
-4.91448
-5.14109
-5.3591
-5.54155
-5.67228
-5.74973
-5.78884
-5.81396
-5.85126
-5.91241
-5.98915
-6.05307
-6.07184
-6.02702
-5.91882
-5.76856
-5.61006
-5.48048
-5.40051
-5.36746
-5.35427
-5.32716
-5.26346
-5.15175
-4.98945
3.76173
3.82973
3.85732
3.84929
3.8146
3.76633
3.71957
3.68566
3.66686
3.65575
3.63831
3.60017
3.53161
3.4308
3.30369
3.16127
3.01395
2.86663
2.71839
2.56534
2.40591
2.24382
2.08811
1.94879
1.83178
1.73652
1.65578
1.57833
1.49296
1.3935
1.28121
1.16405
1.05208
0.952176
0.865489
0.787075
0.708342
0.62076
0.520555
0.410891
0.301051
0.201849
0.120313
0.0567946
0.00408538
-0.0507794
-0.123328
-0.226943
-0.369601
-0.551942
-0.767879
-1.00709
-1.25968
-1.52002
-1.78712
-2.06214
-2.34418
-2.62777
-2.90306
-3.15963
-3.39097
-3.5967
-3.78271
-3.95859
-4.13365
-4.31191
-4.48974
-4.65675
-4.80091
-4.91439
-4.9965
-5.05404
-5.09834
-5.14047
-5.18519
-5.22816
-5.25705
-5.25795
-5.22257
-5.1519
-5.05678
-4.95415
-4.86127
-4.78811
-4.73348
-4.68561
-4.62843
-4.54833
-4.43648
-4.28854
3.17192
3.2345
3.26791
3.27578
3.26409
3.24053
3.21307
3.18741
3.16489
3.14215
3.11264
3.06931
3.00725
2.92524
2.82588
2.71422
2.59541
2.47275
2.34729
2.21898
2.08854
1.95869
1.83398
1.7191
1.6168
1.52665
1.44507
1.36652
1.28564
1.19931
1.10781
1.01439
0.923365
0.837856
0.75844
0.682951
0.607569
0.528645
0.444653
0.357133
0.270153
0.188337
0.114499
0.0480632
-0.0153719
-0.0831898
-0.163995
-0.265358
-0.391997
-0.544807
-0.721097
-0.915877
-1.12386
-1.3411
-1.5653
-1.79491
-2.02762
-2.2594
-2.48472
-2.69815
-2.89616
-3.07823
-3.24681
-3.40608
-3.55993
-3.70985
-3.85389
-3.98724
-4.1044
-4.20166
-4.27863
-4.33834
-4.38587
-4.42597
-4.46055
-4.4875
-4.50143
-4.4964
-4.46901
-4.42031
-4.35594
-4.28434
-4.2138
-4.14915
-4.08986
-4.03043
-3.96274
-3.87896
-3.77319
-3.64199
2.62643
2.68166
2.71565
2.73087
2.73108
2.72081
2.70447
2.68514
2.66374
2.63884
2.60737
2.56596
2.51214
2.44521
2.36635
2.27801
2.18297
2.08345
1.98087
1.87627
1.7709
1.66672
1.56626
1.47187
1.38487
1.30502
1.23051
1.15863
1.08671
1.0131
0.937712
0.861813
0.787205
0.715254
0.646219
0.57915
0.512363
0.444286
0.37428
0.303029
0.232239
0.16374
0.098408
0.0353772
-0.0281674
-0.0965608
-0.174732
-0.267061
-0.376404
-0.503576
-0.647415
-0.805388
-0.974478
-1.15192
-1.33545
-1.523
-1.71221
-1.90012
-2.08335
-2.25873
-2.42417
-2.57904
-2.72419
-2.86126
-2.99178
-3.11616
-3.23333
-3.34098
-3.43651
-3.51812
-3.58556
-3.64014
-3.68408
-3.71941
-3.7469
-3.76557
-3.77311
-3.76705
-3.74617
-3.71132
-3.66552
-3.61303
-3.55791
-3.50249
-3.44651
-3.38719
-3.32025
-3.24124
-3.14649
-3.0337
2.11293
2.15943
2.19048
2.20764
2.21322
2.20991
2.20021
2.18593
2.16771
2.14503
2.11651
2.08056
2.03599
1.98245
1.92053
1.85154
1.77707
1.69862
1.61746
1.53473
1.45161
1.3695
1.28988
1.21406
1.14272
1.07576
1.01227
0.950897
0.89028
0.829524
0.768439
0.70746
0.647306
0.588539
0.531256
0.475028
0.419106
0.362795
0.305796
0.24836
0.191122
0.134681
0.0790983
0.0235249
-0.0338886
-0.0957604
-0.164991
-0.244168
-0.335045
-0.43825
-0.553285
-0.678797
-0.812972
-0.953899
-1.09972
-1.24861
-1.39859
-1.54751
-1.69316
-1.83356
-1.96731
-2.09379
-2.21312
-2.32582
-2.43237
-2.53279
-2.62642
-2.71211
-2.78857
-2.85491
-2.91094
-2.9572
-2.99463
-3.02409
-3.04589
-3.05961
-3.0643
-3.059
-3.04337
-3.01805
-2.98469
-2.94546
-2.9024
-2.85661
-2.80793
-2.75487
-2.69511
-2.62613
-2.54573
-2.45248
1.62249
1.65936
1.68521
1.70099
1.70809
1.70809
1.70246
1.69227
1.67801
1.65953
1.63626
1.60748
1.57266
1.53165
1.4848
1.43286
1.37678
1.31758
1.25623
1.19365
1.13078
1.06857
1.00797
0.949708
0.894201
0.841412
0.790906
0.741998
0.693984
0.646364
0.598955
0.551869
0.505362
0.459645
0.414737
0.370432
0.326386
0.282273
0.237929
0.193401
0.148858
0.104394
0.0597895
0.0143419
-0.033165
-0.0843336
-0.140893
-0.204386
-0.275886
-0.355834
-0.444015
-0.539668
-0.64168
-0.748754
-0.859522
-0.972566
-1.08641
-1.19954
-1.31045
-1.41787
-1.52082
-1.61876
-1.71151
-1.79914
-1.88171
-1.95909
-2.03087
-2.09642
-2.15511
-2.20645
-2.25031
-2.28688
-2.31655
-2.33969
-2.35641
-2.36657
-2.36979
-2.36575
-2.35442
-2.33627
-2.3122
-2.28335
-2.25071
-2.21483
-2.17558
-2.13213
-2.08321
-2.02739
-1.96341
-1.89042
1.14825
1.17491
1.19416
1.20655
1.21288
1.21407
1.21094
1.20415
1.19402
1.18056
1.16357
1.14274
1.11785
1.08887
1.05602
1.01973
0.980597
0.939255
0.896369
0.852592
0.808573
0.764941
0.722267
0.680994
0.641363
0.603384
0.56685
0.531423
0.49674
0.462524
0.428638
0.395082
0.361929
0.329244
0.297015
0.265137
0.233447
0.201781
0.170036
0.138183
0.106216
0.0740575
0.0414541
0.00789709
-0.0273831
-0.0653453
-0.107001
-0.153249
-0.204726
-0.261715
-0.32412
-0.391511
-0.463213
-0.538394
-0.616132
-0.69545
-0.775341
-0.854792
-0.932843
-1.00865
-1.08158
-1.1512
-1.21729
-1.27976
-1.33852
-1.39343
-1.44424
-1.49061
-1.53218
-1.56872
-1.60012
-1.62644
-1.64783
-1.66444
-1.67633
-1.68344
-1.68565
-1.68289
-1.67522
-1.66293
-1.64652
-1.62658
-1.6036
-1.57783
-1.54918
-1.51719
-1.48117
-1.44034
-1.39399
-1.34166
0.684901
0.701013
0.712844
0.720685
0.724944
0.726086
0.724549
0.720671
0.714646
0.70652
0.696228
0.683661
0.668742
0.651478
0.631997
0.610531
0.587398
0.56296
0.537597
0.511693
0.485622
0.459742
0.434365
0.409728
0.385965
0.363093
0.341023
0.319601
0.298654
0.278043
0.257684
0.237556
0.21767
0.198038
0.178646
0.15944
0.140344
0.12128
0.102186
0.0830232
0.0637473
0.044269
0.0244067
0.00385618
-0.0178092
-0.0411015
-0.0665517
-0.0946299
-0.125673
-0.159835
-0.197074
-0.237168
-0.279753
-0.324364
-0.370473
-0.417512
-0.4649
-0.512058
-0.558441
-0.603574
-0.647083
-0.688701
-0.728262
-0.765666
-0.800828
-0.833645
-0.863972
-0.891635
-0.916467
-0.938338
-0.957192
-0.973038
-0.985929
-0.995924
-1.00305
-1.00729
-1.00862
-1.00703
-1.00258
-0.99545
-0.98587
-0.974123
-0.960437
-0.944919
-0.927512
-0.907989
-0.886006
-0.861173
-0.833142
-0.801682
-31638.5
-31605
-31571.9
-31539.1
-31506.6
-31474.5
-31442.7
-31411.3
-31380.2
-31349.4
-31319
-31288.9
-31259.2
-31229.7
-31200.6
-31171.8
-31143.2
-31115
-31087
-31059.3
-31031.8
-31004.6
-30977.6
-30950.8
-30924.1
-30897.7
-30871.5
-30845.4
-30819.5
-30793.7
-30768.1
-30742.6
-30717.2
-30692
-30666.8
-30641.7
-30616.7
-30591.8
-30566.9
-30542.1
-30517.4
-30492.6
-30468
-30443.3
-30418.6
-30394
-30369.3
-30344.6
-30319.8
-30295.1
-30270.2
-30245.3
-30220.2
-30195
-30169.7
-30144.2
-30118.6
-30092.7
-30066.5
-30040.2
-30013.5
-29986.6
-29959.3
-29931.7
-29903.8
-29875.4
-29846.7
-29817.6
-29788.1
-29758.2
-29727.8
-29697
-29665.7
-29634
-29601.8
-29569.1
-29536
-29502.4
-29468.4
-29433.9
-29398.9
-29363.5
-29327.6
-29291.3
-29254.5
-29217.3
-29179.7
-29141.6
-29103.2
-29064.4
-16.3751
-9.67047
-6.66443
-5.02771
-3.98742
-3.24753
-2.67816
-2.21494
-1.82233
-1.47889
-1.17055
-0.887446
-0.62216
-0.368757
-0.122177
-11.3898
-8.90123
-6.82608
-5.34325
-4.27888
-3.48355
-2.86201
-2.35621
-1.93007
-1.5603
-1.23103
-0.930936
-0.651423
-0.385623
-0.127687
-8.88805
-7.71827
-6.39514
-5.24014
-4.3012
-3.54572
-2.93007
-2.41773
-1.98139
-1.60113
-1.26229
-0.953794
-0.666942
-0.394606
-0.130626
-7.41366
-6.68841
-5.79584
-4.92084
-4.13996
-3.46799
-2.89474
-2.40318
-1.97655
-1.60048
-1.26316
-0.954961
-0.667915
-0.395214
-0.13083
-6.3542
-5.82565
-5.17882
-4.50733
-3.86976
-3.29149
-2.77766
-2.32364
-1.9211
-1.56101
-1.23484
-0.934939
-0.654513
-0.387489
-0.128303
-5.49492
-5.08103
-4.5864
-4.05983
-3.54019
-3.05049
-2.60072
-2.19255
-1.82313
-1.48757
-1.18022
-0.895402
-0.627682
-0.371909
-0.123192
-4.75184
-4.4171
-4.02585
-3.60535
-3.18064
-2.7695
-2.38211
-2.02263
-1.69126
-1.38586
-1.10301
-0.838735
-0.58888
-0.349259
-0.115744
-4.08426
-3.80964
-3.49449
-3.15502
-2.80744
-2.46471
-2.13551
-1.82453
-1.53338
-1.26154
-1.00717
-0.767623
-0.539821
-0.320491
-0.106263
-3.46841
-3.24264
-2.98741
-2.71275
-2.42931
-2.14632
-1.87063
-1.60654
-1.35612
-1.11972
-0.896483
-0.68473
-0.48227
-0.286605
-0.0950735
-2.8889
-2.70506
-2.49969
-2.2792
-2.05066
-1.82057
-1.5941
-1.37482
-1.16478
-0.96469
-0.774275
-0.59252
-0.417902
-0.248576
-0.0824941
-2.33523
-2.18893
-2.02701
-1.85364
-1.67351
-1.49114
-1.31032
-1.13384
-0.963446
-0.799954
-0.643383
-0.49315
-0.34823
-0.207294
-0.0688199
-1.79991
-1.68835
-1.56575
-1.43479
-1.29856
-1.16013
-1.02217
-0.886729
-0.755192
-0.628279
-0.50614
-0.388458
-0.274568
-0.163549
-0.0543149
-1.27736
-1.19876
-1.1128
-1.02115
-0.925773
-0.828621
-0.731459
-0.635688
-0.542288
-0.45181
-0.36442
-0.279962
-0.198025
-0.118012
-0.0392023
-0.763235
-0.716474
-0.665501
-0.611226
-0.554724
-0.497094
-0.439335
-0.382258
-0.326445
-0.272238
-0.219758
-0.168935
-0.11955
-0.0712676
-0.0236773
-29021.3
-28973.7
-28925.7
-28877.3
-28828.4
-28779.1
-28729.6
-28679.7
-28629.6
-28579.2
-28528.7
-28478
-28427.2
-28376.4
-28325.5
)
;

boundaryField
{
    hot
    {
        type            calculated;
        value           nonuniform List<scalar> 
120
(
32275.8
-0.0208
-0.0345763
-0.0481949
-0.0615619
-0.0745557
-0.087007
-0.0987065
-0.109405
-0.118821
-0.12666
-0.132642
-0.136543
-0.138229
-0.137696
-0.135448
-0.131984
-0.12744
-0.122051
-0.116057
-0.109685
-0.103136
-0.0965758
-0.0901299
-0.0838889
-0.0779122
-0.0722342
-0.0668706
-0.0618238
-0.0570867
-0.0526458
-0.0484836
-0.0445798
-0.0409128
-0.0374605
-0.0342011
-0.0311128
-0.0281749
-0.0253672
-0.0226702
-0.0200658
-0.0175372
-0.0150689
-0.0126472
-0.0102599
-0.00789626
-0.00554685
-0.00320307
-0.000857099
0.00149832
0.00386991
0.00626387
0.00868582
0.0111406
0.0136325
0.0161648
0.0187402
0.0213609
0.0240288
0.0267453
0.029512
0.0323299
0.0351994
0.0381199
0.0410895
0.0441051
0.0471625
0.0502565
0.0533817
0.056532
0.0597013
0.0628822
0.0660664
0.0692434
0.0724012
0.0755263
0.0786047
0.0816224
0.0845667
0.087426
0.0901901
0.0928495
0.095396
0.0978223
0.100124
0.102301
0.104361
0.106316
0.108193
0.110022
0.111847
0.113715
0.115678
0.11779
0.120103
0.122661
0.125495
0.128616
0.132
0.135586
0.139264
0.142875
0.146219
0.149062
0.151158
0.152262
0.151871
0.149521
0.145112
0.138673
0.130339
0.120323
0.108877
0.0962611
0.082723
0.0684815
0.0537239
0.0386049
0.0232506
-32277.9
)
;
    }
    cold
    {
        type            calculated;
        value           nonuniform List<scalar> 
120
(
28322.7
0.0217759
0.0361504
0.0502932
0.0640806
0.0773602
0.0899473
0.101625
0.112149
0.121262
0.128713
0.134296
0.137879
0.13944
0.139086
0.137346
0.134724
0.131411
0.127659
0.12371
0.119773
0.11601
0.112535
0.109411
0.106661
0.10427
0.102203
0.10041
0.0988293
0.0974014
0.0960658
0.0947677
0.0934592
0.0921015
0.0906656
0.0891322
0.0874909
0.0857385
0.0838768
0.0819112
0.0798493
0.0777005
0.0754762
0.0731894
0.0708555
0.0684911
0.0661136
0.0637397
0.0613847
0.0590615
0.0567803
0.0545484
0.0523704
0.0502483
0.0481819
0.0461688
0.0442048
0.0422849
0.0404038
0.0385567
0.0367406
0.0349542
0.0331982
0.031475
0.029788
0.0281411
0.0265375
0.02498
0.02347
0.0220081
0.0205937
0.0192254
0.0179011
0.0166174
0.0153699
0.0141524
0.0129571
0.0117745
0.0105924
0.00939661
0.00816993
0.00689221
0.00553977
0.00408495
0.00249568
0.000734943
-0.0012396
-0.00347593
-0.00602782
-0.0089546
-0.0123204
-0.0161924
-0.0206383
-0.0257216
-0.0314963
-0.0379984
-0.0452372
-0.0531848
-0.0617656
-0.0708485
-0.0802412
-0.0896925
-0.0989008
-0.10753
-0.115234
-0.122177
-0.127687
-0.130626
-0.13083
-0.128303
-0.123192
-0.115744
-0.106263
-0.0950735
-0.0824941
-0.0688199
-0.0543149
-0.0392023
-0.0236773
-28325.5
)
;
    }
    interface_left
    {
        type            calculated;
        value           nonuniform List<scalar> 
90
(
-12.1952
-2.92597
-0.502968
-1.18609
-1.24363
-1.01509
-1.71375
-1.97591
-2.2829
-2.26176
-1.9036
-1.70915
-1.3965
-1.1742
-0.707565
-1.00838
-1.09984
-1.16857
-1.11557
-0.874515
-0.719673
-0.412094
-0.556849
-0.587427
-0.576527
-0.565191
-0.548374
-0.498633
-0.351107
-0.267481
-0.127071
-0.129268
-0.105145
-0.0354738
0.0135084
0.105898
0.151444
0.20877
0.220842
0.185763
0.352947
0.445897
0.59564
0.695836
0.888772
0.93468
0.891379
0.819801
0.572362
0.956279
1.13924
1.39698
1.56607
1.89362
1.94214
1.77188
1.59197
1.06694
1.72912
2.02351
2.40768
2.65327
3.12628
3.16425
2.81291
2.48923
1.61784
2.5647
2.95573
3.41803
3.69948
4.23065
4.21215
3.61448
3.12957
1.93821
2.94568
3.29056
3.56532
3.68741
3.86134
3.64117
2.69845
2.13217
1.03331
0.808028
0.502882
-0.585606
1.81998
11.4347
)
;
    }
    interface_right
    {
        type            calculated;
        value           nonuniform List<scalar> 
90
(
11.1886
1.1793
-1.29245
-0.0428006
0.218845
0.538993
1.49483
2.00033
2.86345
3.09392
3.0351
2.97233
2.79072
2.51779
1.67399
2.73237
3.17092
3.72347
3.75318
3.30356
3.06444
2.66738
2.32269
1.47334
2.28209
2.58763
2.92805
2.90163
2.47737
2.25666
1.90897
1.63699
1.01515
1.52357
1.69878
1.86441
1.81263
1.47533
1.24423
0.747059
1.0805
1.18582
1.25656
1.29523
1.37196
1.32434
1.0886
0.97054
0.797301
0.673606
0.411519
0.60045
0.662884
0.719068
0.698918
0.577909
0.516244
0.42447
0.358282
0.217826
0.31587
0.346692
0.371277
0.357325
0.287517
0.240392
0.142049
0.203582
0.221515
0.231266
0.236184
0.247621
0.23801
0.196517
0.166136
0.100088
0.164371
0.194789
0.246039
0.290021
0.404032
0.459499
0.563243
0.563806
0.486442
1.32855
1.76448
2.85109
-0.228489
-12.2067
)
;
    }
    interface_top
    {
        type            calculated;
        value           nonuniform List<scalar> 
90
(
26.5821
-23.7256
42.5234
-8.46501
42.1579
5.51786
-31.4931
20.2076
-33.3908
43.5851
-11.0521
40.6854
-4.58316
38.3543
6.52154
-25.251
18.6664
-26.301
37.3864
-6.77909
35.1358
5.21198
-23.6753
14.8212
-24.3226
19.0663
-26.2019
36.1537
-6.82758
33.0672
4.41545
-23.03
13.1632
-23.7825
16.7892
-25.8908
32.6027
-8.04965
29.5336
2.18959
-24.2451
10.2515
-25.9173
13.7782
-29.1696
30.3322
-12.356
26.9292
-8.33366
24.4224
-0.703755
-26.1009
8.0592
-28.527
22.9907
-13.8789
21.1605
-4.76909
-30.5656
2.99867
-33.3991
6.92045
-37.2791
24.4814
-19.4326
22.6681
-8.17053
-38.962
1.64645
-42.1586
7.05088
-46.5207
29.1981
-24.2715
27.8829
-9.70849
-47.3133
3.27855
-50.3937
10.9495
-54.5635
39.0227
-25.9698
38.2793
-6.74576
-51.2809
11.4485
-50.3367
30.9032
-29.0139
)
;
    }
    interface_bottom
    {
        type            calculated;
        value           nonuniform List<scalar> 
90
(
-27.7799
24.2754
-46.5864
-2.9212
40.5929
-20.7087
40.2721
-29.9309
41.8673
-59.0219
10.7868
-53.5325
2.41099
-49.6092
-10.9978
27.2585
-25.7526
28.1209
-47.8612
5.62651
-43.1631
0.078888
-39.5287
-9.53036
20.1436
-20.2143
21.1138
-36.2683
3.81532
-32.9485
-5.88953
20.2612
-13.8287
21.6137
-17.3305
23.7485
-32.1835
6.9485
-28.813
-2.34267
23.4557
-10.1224
25.4921
-13.9549
28.5301
-30.2917
11.9372
-26.6711
8.37893
-24.4922
0.725262
26.4359
-8.67211
28.6056
-24.243
13.3683
-22.6191
3.85174
30.2944
-4.79453
32.6476
-9.71357
35.4366
-27.7501
16.5593
-25.7162
5.00345
35.4885
-5.34933
37.5957
-11.2198
40.268
-31.8576
18.4144
-29.5317
5.12142
39.3775
-6.63996
41.4224
-13.1819
44.2507
-36.2508
19.7237
-33.898
4.55395
42.4878
-9.77514
42.7991
-25.4449
26.1543
)
;
    }
    defaultFaces
    {
        type            empty;
    }
}


// ************************************************************************* //
