/*--------------------------------*- C++ -*----------------------------------*\
| =========                 |                                                 |
| \\      /  F ield         | OpenFOAM: The Open Source CFD Toolbox           |
|  \\    /   O peration     | Version:  5.x                                   |
|   \\  /    A nd           | Web:      www.OpenFOAM.org                      |
|    \\/     M anipulation  |                                                 |
\*---------------------------------------------------------------------------*/
FoamFile
{
    version     2.0;
    format      ascii;
    class       volScalarField;
    location    "0.1";
    object      gradTx;
}
// * * * * * * * * * * * * * * * * * * * * * * * * * * * * * * * * * * * * * //

dimensions      [0 -1 0 1 0 0 0];

internalField   nonuniform List<scalar> 
6300
(
-81.5824
-81.4099
-81.0639
-80.5425
-79.8434
-78.9635
-77.8998
-76.65
-75.2124
-73.5872
-71.777
-69.7873
-67.6274
-65.3102
-62.8527
-81.7463
-81.5748
-81.2307
-80.712
-80.016
-79.1393
-78.0785
-76.8306
-75.3932
-73.766
-71.9508
-69.9525
-67.7802
-65.4467
-62.9695
-82.073
-81.9036
-81.5635
-81.0504
-80.361
-79.4913
-78.4369
-77.1933
-75.7572
-74.1266
-72.3018
-70.2868
-68.0896
-65.7234
-63.206
-82.5604
-82.3943
-82.0606
-81.5566
-80.8782
-80.0201
-78.9766
-77.7414
-76.3089
-74.6748
-72.8372
-70.7978
-68.5636
-66.1472
-63.5678
-83.2049
-83.0436
-82.7194
-82.2287
-81.5665
-80.7262
-79.7
-78.4793
-77.0552
-75.4201
-73.5683
-71.4984
-69.2149
-66.7299
-64.0642
-84.0015
-83.8469
-83.5356
-83.0635
-82.4244
-81.6099
-80.61
-79.4127
-78.0053
-76.3751
-74.5113
-72.407
-70.0628
-67.4892
-64.7088
-84.9435
-84.7976
-84.5035
-84.0564
-83.4487
-82.6705
-81.7089
-80.5482
-79.1705
-77.5567
-75.688
-73.5496
-71.1349
-68.4507
-65.5218
-86.0218
-85.8871
-85.6151
-85.2004
-84.6345
-83.9056
-82.9981
-81.8922
-80.5639
-78.9855
-77.1275
-74.9623
-72.471
-69.6524
-66.5321
-87.225
-87.1041
-86.8597
-86.486
-85.9738
-85.31
-84.4767
-83.4499
-82.199
-80.686
-78.8668
-76.6945
-74.1287
-71.1508
-67.7832
-88.5388
-88.4346
-88.2236
-87.9
-87.4547
-86.8742
-86.1391
-85.2223
-84.0871
-82.6844
-80.9513
-78.8129
-76.1923
-73.0336
-69.3428
-89.9464
-89.8616
-89.6895
-89.4253
-89.0607
-88.5829
-87.9731
-87.2034
-86.2334
-85.0042
-83.4325
-81.4059
-78.7868
-75.4427
-71.323
-91.4281
-91.3649
-91.2369
-91.0403
-90.769
-90.4129
-89.9563
-89.3746
-88.6287
-87.6567
-86.3596
-84.5827
-82.0985
-78.6204
-73.9261
-92.9618
-92.922
-92.8416
-92.7189
-92.5509
-92.3322
-92.0535
-91.6988
-91.2396
-90.624
-89.7562
-88.4569
-86.3948
-83.006
-77.5635
-94.5238
-94.5081
-94.4769
-94.4312
-94.3718
-94.2997
-94.2151
-94.1162
-93.9954
-93.8322
-93.5732
-93.0824
-92.0072
-89.4357
-83.268
-96.0898
-96.0976
-96.1149
-96.145
-96.1932
-96.2674
-96.3789
-96.5431
-96.7816
-97.1238
-97.6091
-98.2795
-99.1034
-99.4498
-94.6592
-60.4985
-58.2822
-56.0116
-53.7017
-51.3674
-49.0234
-46.6839
-44.362
-42.07
-39.8192
-37.6198
-35.4805
-33.409
-31.4119
-29.4942
-27.6599
-25.9118
-24.2515
-22.6798
-21.1964
-19.8004
-18.4904
-17.2641
-16.1192
-15.053
-14.0625
-13.1446
-12.2962
-11.5141
-10.7953
-10.1367
-9.53532
-8.9885
-8.4936
-8.04818
-7.65
-7.297
-6.98734
-6.71937
-6.49166
-6.30297
-6.15228
-6.03877
-5.96181
-5.92099
-5.9161
-5.94713
-6.01429
-6.11799
-6.25883
-6.43762
-6.65537
-6.91328
-7.21274
-7.55534
-7.94287
-8.37729
-8.86078
-9.39568
-9.98452
-10.63
-11.335
-12.1025
-12.9357
-13.8379
-14.8122
-15.8619
-16.9904
-18.2007
-19.4957
-20.8778
-22.3494
-23.912
-25.5665
-27.313
-29.1508
-31.0777
-33.0905
-35.1848
-37.3542
-39.5914
-41.8869
-44.23
-46.6084
-49.0083
-51.4146
-53.8115
-56.1822
-58.5103
-60.7794
-60.5948
-58.3584
-56.0671
-53.7362
-51.3814
-49.0177
-46.6596
-44.3205
-42.0128
-39.7479
-37.536
-35.386
-33.3055
-31.3011
-29.3778
-27.5397
-25.7892
-24.128
-22.5565
-21.0745
-19.6808
-18.3736
-17.1508
-16.0099
-14.9478
-13.9617
-13.0482
-12.2042
-11.4265
-10.712
-10.0574
-9.46
-8.91686
-8.42539
-7.98314
-7.58784
-7.23743
-6.93008
-6.66413
-6.43815
-6.25091
-6.10138
-5.98873
-5.91235
-5.87182
-5.86693
-5.89767
-5.96426
-6.06709
-6.20679
-6.38416
-6.60022
-6.85615
-7.15337
-7.49346
-7.8782
-8.30957
-8.78975
-9.32107
-9.90609
-10.5475
-11.2483
-12.0113
-12.84
-13.7374
-14.7071
-15.7523
-16.8764
-18.0825
-19.3738
-20.7529
-22.2222
-23.7834
-25.4377
-27.1854
-29.0258
-30.9573
-32.9766
-35.0793
-37.2595
-39.5095
-41.8203
-44.1808
-46.5786
-48.9996
-51.4284
-53.8485
-56.2426
-58.5935
-60.8842
-60.7896
-58.5122
-56.1783
-53.8048
-51.4083
-49.0047
-46.6091
-44.2354
-41.8962
-39.603
-37.366
-35.1944
-33.0959
-31.077
-29.1428
-27.297
-25.542
-23.8792
-22.3086
-20.8295
-19.4404
-18.1393
-16.9237
-15.7906
-14.7371
-13.7598
-12.8553
-12.0203
-11.2515
-10.5455
-9.89923
-9.30965
-8.7739
-8.28931
-7.8534
-7.46388
-7.11869
-6.81595
-6.55404
-6.33152
-6.14716
-5.99994
-5.88903
-5.81381
-5.77386
-5.76897
-5.79913
-5.86456
-5.96566
-6.10307
-6.2776
-6.49026
-6.74226
-7.03499
-7.37004
-7.74921
-8.17447
-8.648
-9.17217
-9.74953
-10.3828
-11.075
-11.8291
-12.6485
-13.5366
-14.4968
-15.5326
-16.6478
-17.8456
-19.1293
-20.502
-21.9663
-23.5245
-25.1781
-26.9278
-28.7734
-30.7136
-32.7456
-34.8653
-37.0668
-39.3427
-41.6839
-44.0794
-46.5164
-48.9803
-51.4548
-53.9224
-56.3645
-58.7622
-61.097
-61.0865
-58.7453
-56.3455
-53.9061
-51.4455
-48.981
-46.5285
-44.1024
-41.7155
-39.3796
-37.105
-34.901
-32.7754
-30.7348
-28.7843
-26.9275
-25.1664
-23.5017
-21.933
-20.4589
-19.0774
-17.786
-16.5815
-15.4608
-14.4204
-13.4567
-12.566
-11.7448
-10.9894
-10.2964
-9.66267
-9.08495
-8.56037
-8.08617
-7.65982
-7.27899
-6.94161
-6.6458
-6.38994
-6.1726
-5.99257
-5.84882
-5.74052
-5.66705
-5.62797
-5.62307
-5.65235
-5.71602
-5.81452
-5.94849
-6.11874
-6.32631
-6.57239
-6.85839
-7.18589
-7.55669
-7.97277
-8.43632
-8.94973
-9.51555
-10.1366
-10.8158
-11.5563
-12.3616
-13.2353
-14.181
-15.2026
-16.3039
-17.4887
-18.7605
-20.123
-21.5793
-23.1321
-24.7838
-26.5358
-28.3885
-30.3413
-32.3918
-34.5364
-36.7697
-39.0844
-41.4715
-43.92
-46.4167
-48.9464
-51.4915
-54.0327
-56.5492
-59.0197
-61.4231
-61.4918
-59.0608
-56.5686
-54.0374
-51.4885
-48.9408
-46.4112
-43.9147
-41.464
-39.0708
-36.7457
-34.4981
-32.3362
-30.2669
-28.2952
-26.4245
-24.6562
-22.9903
-21.4254
-19.9593
-18.5891
-17.3115
-16.1228
-15.0194
-13.9972
-13.0522
-12.1804
-11.3779
-10.6408
-9.9655
-9.34862
-8.78691
-8.27735
-7.81711
-7.40358
-7.0344
-6.70744
-6.42086
-6.17304
-5.96259
-5.78831
-5.64919
-5.5444
-5.47328
-5.43537
-5.43046
-5.45854
-5.51985
-5.61484
-5.74418
-5.90872
-6.10949
-6.34769
-6.62471
-6.94214
-7.30177
-7.70559
-8.15581
-8.65481
-9.20519
-9.80972
-10.4714
-11.1936
-11.9798
-12.8339
-13.7597
-14.7616
-15.8437
-17.0102
-18.2652
-19.6129
-21.0571
-22.6015
-24.2491
-26.0027
-27.8635
-29.8318
-31.9061
-34.0833
-36.3584
-38.7246
-41.1731
-43.6931
-46.2711
-48.8912
-51.5343
-54.1783
-56.7993
-59.3722
-61.872
-62.0142
-59.4624
-56.8466
-54.1941
-51.5299
-48.8754
-46.2483
-43.6631
-41.1323
-38.6672
-36.2783
-33.9755
-31.7679
-29.6627
-27.6652
-25.7786
-24.0032
-22.338
-20.7801
-19.3261
-17.9718
-16.713
-15.5456
-14.4649
-13.4666
-12.546
-11.6987
-10.9203
-10.2066
-9.55382
-8.95837
-8.41692
-7.92636
-7.48374
-7.08637
-6.73181
-6.4179
-6.14281
-5.90498
-5.70309
-5.53599
-5.40267
-5.3023
-5.23415
-5.19774
-5.19281
-5.21935
-5.27764
-5.36818
-5.49169
-5.64907
-5.84134
-6.06971
-6.33552
-6.64035
-6.98598
-7.37445
-7.80796
-8.28893
-8.81992
-9.40371
-10.0433
-10.7421
-11.5038
-12.3325
-13.2326
-14.2088
-15.2657
-16.4081
-17.6406
-18.9679
-20.3949
-21.9261
-23.5662
-25.3191
-27.1878
-29.1736
-31.2761
-33.4929
-35.8194
-38.2493
-40.7745
-43.3846
-46.0667
-48.8042
-51.576
-54.3569
-57.118
-59.8284
-62.4573
-62.6659
-59.9544
-57.1765
-54.3675
-51.5581
-48.7721
-46.0271
-43.336
-40.7094
-38.1574
-35.6907
-33.3202
-31.0564
-28.9078
-26.8805
-24.9769
-23.1964
-21.5357
-19.99
-18.5536
-17.2212
-15.9875
-14.8474
-13.7959
-12.8279
-11.9382
-11.1215
-10.373
-9.68815
-9.06288
-8.49354
-7.97676
-7.50931
-7.08813
-6.71036
-6.37343
-6.07515
-5.81374
-5.58776
-5.39603
-5.2375
-5.1112
-5.01622
-4.95175
-4.9172
-4.91224
-4.93687
-4.99141
-5.07648
-5.1929
-5.34164
-5.52374
-5.74035
-5.99275
-6.28246
-6.61126
-6.98122
-7.39465
-7.85396
-8.36168
-8.92046
-9.53325
-10.2034
-10.9348
-11.7319
-12.5997
-13.5435
-14.5686
-15.6802
-16.8835
-18.1838
-19.5867
-21.0984
-22.7252
-24.4733
-26.3477
-28.3516
-30.4858
-32.7484
-35.1352
-37.6403
-40.2565
-42.9751
-45.7846
-48.6689
-51.6053
-54.5639
-57.5088
-60.4004
-63.199
-63.4635
-60.5405
-57.5503
-54.5416
-51.5533
-48.6116
-45.7309
-42.9193
-40.1828
-37.5292
-34.9692
-32.5161
-30.1837
-27.9833
-25.9224
-24.003
-22.2221
-20.5728
-19.047
-17.6362
-16.3331
-15.1315
-14.0259
-13.0107
-12.0804
-11.2288
-10.4498
-9.73757
-9.08723
-8.49461
-7.95615
-7.46857
-7.02858
-6.63287
-6.2783
-5.96207
-5.68194
-5.43622
-5.22374
-5.04363
-4.89504
-4.77703
-4.68857
-4.62863
-4.5964
-4.59141
-4.61365
-4.66356
-4.74198
-4.84995
-4.98856
-5.15889
-5.36194
-5.59881
-5.87086
-6.1799
-6.52816
-6.91809
-7.35221
-7.8329
-8.36255
-8.94379
-9.57977
-10.2745
-11.0331
-11.8612
-12.7651
-13.7509
-14.8243
-15.9908
-17.2561
-18.6264
-20.1095
-21.7143
-23.4502
-25.3257
-27.3466
-29.5152
-31.8294
-34.2847
-36.8751
-39.5946
-42.4376
-45.3971
-48.4601
-51.6034
-54.7907
-57.9754
-61.1045
-64.125
-64.4295
-61.2216
-57.9502
-54.6864
-51.4829
-48.3652
-45.3381
-42.3979
-39.5411
-36.7708
-34.0989
-31.5438
-29.1262
-26.8635
-24.766
-22.8352
-21.0633
-19.4375
-17.9433
-16.5684
-15.3035
-14.1419
-13.0783
-12.1075
-11.2234
-10.4186
-9.68537
-9.0165
-8.40652
-7.85152
-7.34858
-6.89483
-6.48694
-6.12115
-5.79371
-5.50137
-5.24172
-5.01331
-4.81556
-4.64822
-4.5109
-4.40266
-4.32215
-4.2679
-4.23865
-4.23363
-4.25283
-4.29695
-4.36723
-4.46516
-4.59216
-4.7493
-4.93726
-5.15665
-5.40852
-5.69468
-6.01774
-6.38067
-6.78623
-7.23657
-7.73343
-8.27866
-8.87483
-9.52589
-10.2376
-11.0171
-11.8725
-12.811
-13.8386
-14.9604
-16.1815
-17.5084
-18.9502
-20.5195
-22.231
-24.0992
-26.1343
-28.3397
-30.7123
-33.2446
-35.9284
-38.7587
-41.7359
-44.8633
-48.1379
-51.5391
-55.0219
-58.5214
-61.9637
-65.2757
-65.5956
-61.9921
-58.338
-54.7451
-51.2906
-47.9907
-44.8239
-41.7607
-38.7798
-35.8764
-33.0659
-30.3796
-27.8519
-25.5119
-23.3758
-21.4442
-19.7001
-18.118
-16.6732
-15.3473
-14.1299
-13.0156
-12.0013
-11.0835
-10.2561
-9.50929
-8.83181
-8.21407
-7.64991
-7.13663
-6.67317
-6.25797
-5.88749
-5.5569
-5.2612
-4.99617
-4.75899
-4.5487
-4.36595
-4.21193
-4.08715
-3.99059
-3.92015
-3.8734
-3.84819
-3.84319
-3.85833
-3.89487
-3.95488
-4.04075
-4.15459
-4.2976
-4.46964
-4.67013
-4.89923
-5.15883
-5.4525
-5.78454
-6.15853
-6.57612
-7.03768
-7.54331
-8.0941
-8.69337
-9.34789
-10.0677
-10.8641
-11.7468
-12.7216
-13.7915
-14.9593
-16.2297
-17.6125
-19.1251
-20.7917
-22.6379
-24.6823
-26.9292
-29.3709
-31.9917
-34.7758
-37.7159
-40.8223
-44.121
-47.6359
-51.3593
-55.2296
-59.1494
-63.0095
-66.7087
-67.0078
-62.833
-58.6369
-54.605
-50.878
-47.4284
-44.1654
-41.0111
-37.9134
-34.8552
-31.8613
-28.9939
-26.3144
-23.8731
-21.6977
-19.7893
-18.1093
-16.6066
-15.2371
-13.9751
-12.8127
-11.75
-10.7898
-9.93347
-9.17669
-8.50369
-7.89569
-7.33776
-6.82317
-6.35303
-5.93113
-5.55948
-5.23329
-4.94498
-4.68704
-4.45331
-4.2399
-4.04672
-3.87723
-3.73574
-3.62494
-3.54304
-3.48615
-3.44999
-3.43075
-3.42582
-3.4351
-3.46108
-3.50739
-3.57816
-3.67716
-3.80628
-3.96326
-4.14466
-4.34837
-4.57631
-4.83447
-5.13059
-5.47072
-5.85515
-6.28137
-6.746
-7.24679
-7.78463
-8.36771
-9.01167
-9.73535
-10.5542
-11.4718
-12.4864
-13.5941
-14.7942
-16.0931
-17.5144
-19.0996
-20.8973
-22.9448
-25.2447
-27.7777
-30.5098
-33.405
-36.4393
-39.6369
-43.0719
-46.8368
-50.97
-55.3671
-59.8629
-64.2851
-68.5046
-68.7297
-63.7025
-58.6989
-54.0272
-50.069
-46.6014
-43.356
-40.1865
-36.9977
-33.7495
-30.4829
-27.3455
-24.4419
-21.8589
-19.6425
-17.8121
-16.2698
-14.9095
-13.6521
-12.4647
-11.3571
-10.3413
-9.43316
-8.64411
-7.98046
-7.40813
-6.89089
-6.40232
-5.9355
-5.50288
-5.11954
-4.79819
-4.52714
-4.29184
-4.08047
-3.88352
-3.69397
-3.51285
-3.35034
-3.21744
-3.12319
-3.06152
-3.02433
-3.00422
-2.99474
-2.98998
-2.98984
-3.00001
-3.02667
-3.0769
-3.15838
-3.27689
-3.42384
-3.58923
-3.76485
-3.95254
-4.16416
-4.4157
-4.72168
-5.07673
-5.47262
-5.89961
-6.34928
-6.81406
-7.30332
-7.84449
-8.47344
-9.22329
-10.0869
-11.0517
-12.1011
-13.2218
-14.4028
-15.6737
-17.1078
-18.8033
-20.8508
-23.2317
-25.9054
-28.8006
-31.8413
-34.9343
-38.1159
-41.5531
-45.5116
-50.2038
-55.3638
-60.6827
-65.8509
-70.7619
-70.8038
-64.5359
-58.2827
-52.4232
-48.5569
-45.4604
-42.4447
-39.3987
-36.1773
-32.6803
-28.928
-25.3702
-22.1164
-19.3249
-17.039
-15.4271
-14.1752
-13.0703
-11.9725
-10.8449
-9.77415
-8.78246
-7.90923
-7.17811
-6.65641
-6.23671
-5.84811
-5.43871
-5.00153
-4.58453
-4.22131
-3.967
-3.77192
-3.6066
-3.45543
-3.30532
-3.13807
-2.95426
-2.78283
-2.64545
-2.57643
-2.54666
-2.5398
-2.54509
-2.55383
-2.5494
-2.53164
-2.51705
-2.51388
-2.53251
-2.58815
-2.70847
-2.85984
-3.02108
-3.16604
-3.29648
-3.43859
-3.62472
-3.90442
-4.24205
-4.62183
-5.02348
-5.43308
-5.81149
-6.16758
-6.55445
-7.04121
-7.73266
-8.56072
-9.4999
-10.5103
-11.5684
-12.589
-13.6044
-14.746
-16.2094
-18.2841
-20.805
-23.7226
-26.8906
-30.2114
-33.3107
-36.2344
-39.2906
-43.1353
-48.7675
-55.1338
-61.7196
-67.7855
-73.5154
-72.8771
-65.3442
-57.2985
-47.9516
-45.9412
-44.2104
-41.5865
-38.8748
-35.7659
-31.9912
-27.1052
-22.968
-19.1354
-16.0717
-13.4729
-12.5311
-11.8759
-11.2276
-10.342
-9.14905
-8.08253
-7.05759
-6.18478
-5.41428
-5.189
-5.02387
-4.83851
-4.51813
-4.04135
-3.59132
-3.16868
-3.05283
-2.97615
-2.90323
-2.83106
-2.75395
-2.60807
-2.37983
-2.16816
-1.97678
-1.9749
-2.00055
-2.03959
-2.08282
-2.13372
-2.12983
-2.0707
-2.01938
-1.97143
-1.93651
-1.92646
-2.09707
-2.28348
-2.47831
-2.59012
-2.6256
-2.6517
-2.70108
-3.00599
-3.3491
-3.74219
-4.13872
-4.56484
-4.84425
-4.99081
-5.12396
-5.3178
-6.04924
-6.87888
-7.85038
-8.85638
-9.97457
-10.7888
-11.36
-11.9277
-12.7424
-15.083
-17.8164
-21.1891
-24.7716
-28.9115
-31.9508
-34.1719
-35.9012
-38.1916
-46.2792
-54.5907
-63.5056
-70.2014
-76.2079
-71.5518
-66.887
-58.1873
-32.9178
-42.9289
-44.2559
-40.8673
-38.9372
-36.3292
-32.9182
-24.2188
-20.1404
-15.0579
-12.1586
-7.5284
-9.23004
-9.57428
-9.73363
-9.1608
-7.27708
-6.33621
-5.11812
-4.31683
-2.86861
-3.6382
-3.84339
-4.02652
-3.82577
-3.04533
-2.56107
-1.67632
-2.08434
-2.17704
-2.20089
-2.21595
-2.30372
-2.19871
-1.78338
-1.52592
-1.03673
-1.33528
-1.43678
-1.535
-1.61123
-1.79431
-1.79162
-1.60022
-1.5185
-1.41177
-1.3062
-1.00602
-1.46449
-1.69667
-2.05695
-2.12601
-1.97011
-1.83309
-1.41126
-2.05457
-2.38642
-2.86012
-3.21415
-3.91091
-4.07151
-3.83654
-3.60923
-2.82339
-4.22809
-4.99695
-6.15609
-7.04643
-8.82477
-9.34534
-9.1275
-8.76047
-7.08506
-11.3248
-13.917
-18.3653
-21.8631
-29.2107
-31.7834
-32.8304
-31.7145
-24.9077
-43.4746
-53.1835
-68.4885
-73.6082
-74.5564
-63.1847
-65.6893
-68.0441
-70.2326
-72.2426
-74.0662
-75.699
-77.1399
-78.39
-79.4517
-80.3287
-81.0246
-81.543
-81.8869
-82.0582
-63.3109
-65.8356
-68.2063
-70.4063
-72.4238
-74.2511
-75.8846
-77.3241
-78.5711
-79.6291
-80.5021
-81.1943
-81.7096
-82.0512
-82.2215
-63.5672
-66.1324
-68.535
-70.7579
-72.7896
-74.6238
-76.2581
-77.6938
-78.9343
-79.9842
-80.8488
-81.5331
-82.0419
-82.3789
-82.5467
-63.9608
-66.5883
-69.0391
-71.2958
-73.3477
-75.1902
-76.8237
-78.2519
-79.4807
-80.517
-81.3677
-82.0395
-82.538
-82.8676
-83.0317
-64.5038
-67.2173
-69.7331
-72.0334
-74.1094
-75.9595
-77.588
-79.0023
-80.2121
-81.2274
-82.0576
-82.7109
-83.1945
-83.5137
-83.6724
-65.2143
-68.04
-70.6379
-72.9902
-75.0911
-76.9441
-78.5594
-79.95
-81.1305
-82.115
-82.9158
-83.5436
-84.0068
-84.312
-84.4634
-66.1185
-69.0866
-71.7837
-74.1931
-76.3146
-78.16
-79.7483
-81.1004
-82.2373
-83.1779
-83.9386
-84.532
-84.9684
-85.2552
-85.3972
-67.2541
-70.3998
-73.2124
-75.6782
-77.8077
-79.6263
-81.1659
-82.4583
-83.5323
-84.4127
-85.1197
-85.6685
-86.0705
-86.334
-86.4644
-68.676
-72.0417
-74.9826
-77.4935
-79.6049
-81.3643
-82.8227
-84.026
-85.0123
-85.8125
-86.4502
-86.9425
-87.3018
-87.5366
-87.6527
-70.4652
-74.1038
-77.1768
-79.7016
-81.7467
-83.3956
-84.7261
-85.8015
-86.6695
-87.3659
-87.9167
-88.3398
-88.6476
-88.8484
-88.9475
-72.7458
-76.726
-79.9131
-82.3822
-84.2766
-85.7371
-86.8763
-87.7751
-88.4887
-89.0555
-89.5012
-89.8425
-90.0904
-90.2519
-90.3316
-75.7174
-80.1348
-83.3602
-85.6294
-87.2316
-88.391
-89.2575
-89.9235
-90.4449
-90.8566
-91.18
-91.4282
-91.6089
-91.7268
-91.785
-79.743
-84.7286
-87.7552
-89.5343
-90.6194
-91.3285
-91.8291
-92.2057
-92.5003
-92.7356
-92.9238
-93.0707
-93.1791
-93.2506
-93.286
-85.6989
-91.2722
-93.3888
-94.1232
-94.3721
-94.4641
-94.5142
-94.5581
-94.6037
-94.6512
-94.698
-94.7404
-94.775
-94.7991
-94.8115
-96.8942
-101.261
-100.393
-99.1859
-98.2691
-97.6307
-97.1941
-96.8965
-96.6935
-96.5563
-96.4653
-96.4064
-96.3694
-96.3478
-96.3378
-97.5068
-97.5348
-97.5933
-97.6879
-97.8274
-98.0254
-98.3024
-98.6881
-99.2286
-99.9976
-101.126
-102.89
-106.033
-113.324
-138.19
-98.7669
-98.8114
-98.9035
-99.0503
-99.2633
-99.5599
-99.9664
-100.522
-101.285
-102.35
-103.873
-106.113
-109.44
-113.718
-112.333
-99.9874
-100.046
-100.167
-100.358
-100.632
-101.009
-101.518
-102.201
-103.122
-104.375
-106.111
-108.569
-112.173
-118.032
-132
-101.158
-101.228
-101.372
-101.598
-101.92
-102.357
-102.939
-103.706
-104.717
-106.054
-107.835
-110.218
-113.328
-116.7
-115.169
-102.271
-102.35
-102.511
-102.762
-103.117
-103.595
-104.221
-105.032
-106.075
-107.413
-109.132
-111.348
-114.289
-118.757
-129.245
-103.321
-103.405
-103.578
-103.845
-104.221
-104.72
-105.366
-106.187
-107.217
-108.498
-110.07
-111.964
-114.176
-116.62
-118.931
-104.302
-104.39
-104.568
-104.844
-105.228
-105.734
-106.379
-107.185
-108.175
-109.37
-110.775
-112.348
-113.889
-114.561
-110.372
-105.213
-105.301
-105.482
-105.759
-106.141
-106.64
-107.27
-108.046
-108.981
-110.085
-111.351
-112.742
-114.193
-115.863
-120.468
-106.052
-106.14
-106.318
-106.59
-106.964
-107.447
-108.051
-108.786
-109.659
-110.676
-111.829
-113.082
-114.332
-115.115
-112.493
-106.821
-106.907
-107.079
-107.342
-107.7
-108.16
-108.731
-109.418
-110.228
-111.164
-112.226
-113.415
-114.785
-116.72
-121.887
-107.522
-107.603
-107.768
-108.017
-108.355
-108.788
-109.32
-109.955
-110.698
-111.553
-112.523
-113.614
-114.833
-116.072
-115.961
-108.156
-108.233
-108.387
-108.621
-108.936
-109.337
-109.826
-110.407
-111.082
-111.853
-112.726
-113.713
-114.857
-116.35
-119.348
-108.727
-108.799
-108.942
-109.158
-109.448
-109.815
-110.26
-110.784
-111.388
-112.073
-112.84
-113.692
-114.631
-115.572
-115.702
-109.24
-109.305
-109.437
-109.634
-109.898
-110.229
-110.629
-111.096
-111.629
-112.226
-112.884
-113.603
-114.395
-115.35
-117.079
-109.697
-109.757
-109.876
-110.053
-110.29
-110.587
-110.941
-111.352
-111.815
-112.326
-112.877
-113.454
-114.035
-114.581
-114.99
-110.104
-110.157
-110.264
-110.422
-110.633
-110.894
-111.206
-111.563
-111.96
-112.39
-112.842
-113.292
-113.692
-113.898
-113.315
-110.464
-110.511
-110.606
-110.746
-110.93
-111.159
-111.429
-111.735
-112.072
-112.431
-112.799
-113.156
-113.475
-113.754
-114.342
-110.782
-110.823
-110.906
-111.028
-111.189
-111.386
-111.617
-111.877
-112.159
-112.456
-112.755
-113.039
-113.278
-113.388
-112.929
-111.062
-111.098
-111.169
-111.274
-111.412
-111.58
-111.775
-111.993
-112.227
-112.47
-112.712
-112.944
-113.161
-113.408
-114.056
-111.307
-111.338
-111.399
-111.489
-111.605
-111.746
-111.909
-112.089
-112.28
-112.475
-112.668
-112.85
-113.015
-113.142
-113.029
-111.522
-111.548
-111.6
-111.675
-111.771
-111.888
-112.022
-112.168
-112.32
-112.474
-112.622
-112.759
-112.887
-113.033
-113.378
-111.71
-111.732
-111.774
-111.836
-111.915
-112.01
-112.117
-112.233
-112.351
-112.467
-112.575
-112.667
-112.737
-112.777
-112.765
-111.874
-111.892
-111.926
-111.976
-112.039
-112.114
-112.198
-112.286
-112.375
-112.458
-112.53
-112.582
-112.601
-112.549
-112.269
-112.016
-112.03
-112.058
-112.096
-112.145
-112.203
-112.266
-112.331
-112.393
-112.448
-112.49
-112.511
-112.505
-112.471
-112.511
-112.14
-112.151
-112.172
-112.201
-112.237
-112.279
-112.324
-112.368
-112.407
-112.439
-112.456
-112.452
-112.418
-112.334
-112.098
-112.248
-112.256
-112.27
-112.291
-112.316
-112.344
-112.373
-112.399
-112.419
-112.43
-112.427
-112.404
-112.359
-112.294
-112.293
-112.341
-112.346
-112.356
-112.369
-112.384
-112.399
-112.414
-112.425
-112.429
-112.422
-112.402
-112.364
-112.303
-112.202
-111.964
-112.421
-112.424
-112.429
-112.436
-112.442
-112.447
-112.45
-112.448
-112.437
-112.416
-112.382
-112.332
-112.267
-112.198
-112.207
-112.491
-112.492
-112.493
-112.493
-112.492
-112.488
-112.48
-112.466
-112.443
-112.409
-112.363
-112.302
-112.226
-112.129
-111.968
-112.551
-112.55
-112.548
-112.543
-112.535
-112.523
-112.506
-112.482
-112.448
-112.403
-112.346
-112.274
-112.19
-112.098
-112.04
-112.602
-112.6
-112.595
-112.586
-112.572
-112.553
-112.528
-112.495
-112.452
-112.397
-112.33
-112.248
-112.15
-112.034
-111.895
-112.647
-112.643
-112.635
-112.622
-112.603
-112.579
-112.547
-112.506
-112.455
-112.392
-112.316
-112.224
-112.114
-111.977
-111.778
-112.685
-112.68
-112.67
-112.654
-112.631
-112.6
-112.563
-112.515
-112.457
-112.387
-112.303
-112.204
-112.088
-111.956
-111.83
-112.718
-112.712
-112.7
-112.68
-112.654
-112.619
-112.576
-112.523
-112.459
-112.382
-112.293
-112.188
-112.066
-111.921
-111.732
-112.746
-112.739
-112.725
-112.703
-112.673
-112.635
-112.587
-112.53
-112.46
-112.379
-112.284
-112.175
-112.05
-111.91
-111.775
-112.769
-112.762
-112.747
-112.723
-112.69
-112.648
-112.597
-112.535
-112.462
-112.376
-112.277
-112.164
-112.035
-111.887
-111.698
-112.79
-112.782
-112.765
-112.739
-112.704
-112.66
-112.605
-112.54
-112.463
-112.374
-112.271
-112.155
-112.026
-111.885
-111.753
-112.807
-112.798
-112.78
-112.753
-112.716
-112.669
-112.612
-112.544
-112.464
-112.372
-112.266
-112.148
-112.016
-111.869
-111.698
-112.821
-112.812
-112.793
-112.765
-112.726
-112.677
-112.618
-112.548
-112.465
-112.37
-112.262
-112.141
-112.007
-111.861
-111.713
-112.832
-112.823
-112.804
-112.774
-112.734
-112.684
-112.623
-112.55
-112.465
-112.368
-112.258
-112.135
-111.998
-111.847
-111.681
-112.842
-112.832
-112.812
-112.782
-112.741
-112.689
-112.626
-112.552
-112.466
-112.367
-112.255
-112.13
-111.991
-111.836
-111.657
-112.849
-112.839
-112.819
-112.788
-112.746
-112.693
-112.629
-112.554
-112.466
-112.366
-112.253
-112.126
-111.986
-111.832
-111.668
-112.855
-112.845
-112.824
-112.793
-112.75
-112.696
-112.632
-112.555
-112.466
-112.365
-112.251
-112.123
-111.982
-111.826
-111.651
-112.859
-112.848
-112.828
-112.796
-112.752
-112.698
-112.633
-112.556
-112.467
-112.365
-112.25
-112.122
-111.98
-111.825
-111.659
-112.861
-112.85
-112.829
-112.797
-112.754
-112.7
-112.634
-112.557
-112.467
-112.365
-112.25
-112.121
-111.979
-111.823
-111.651
-112.861
-112.851
-112.83
-112.798
-112.754
-112.7
-112.634
-112.557
-112.467
-112.365
-112.25
-112.121
-111.979
-111.824
-111.656
-112.86
-112.85
-112.829
-112.797
-112.754
-112.699
-112.634
-112.557
-112.467
-112.365
-112.251
-112.122
-111.981
-111.825
-111.656
-112.857
-112.847
-112.826
-112.795
-112.752
-112.698
-112.633
-112.557
-112.468
-112.366
-112.252
-112.124
-111.983
-111.827
-111.654
-112.853
-112.843
-112.822
-112.791
-112.749
-112.696
-112.632
-112.556
-112.468
-112.367
-112.254
-112.127
-111.987
-111.832
-111.663
-112.847
-112.837
-112.817
-112.786
-112.745
-112.692
-112.629
-112.555
-112.468
-112.368
-112.256
-112.131
-111.992
-111.84
-111.677
-112.838
-112.829
-112.809
-112.78
-112.739
-112.688
-112.626
-112.553
-112.468
-112.37
-112.259
-112.135
-111.998
-111.846
-111.675
-112.828
-112.819
-112.8
-112.771
-112.732
-112.682
-112.622
-112.551
-112.468
-112.372
-112.263
-112.141
-112.005
-111.857
-111.702
-112.815
-112.806
-112.788
-112.761
-112.723
-112.675
-112.618
-112.549
-112.467
-112.374
-112.267
-112.147
-112.013
-111.864
-111.691
-112.8
-112.791
-112.774
-112.748
-112.712
-112.667
-112.612
-112.546
-112.467
-112.376
-112.273
-112.155
-112.023
-111.878
-111.737
-112.781
-112.773
-112.758
-112.733
-112.7
-112.657
-112.605
-112.542
-112.467
-112.379
-112.279
-112.164
-112.033
-111.883
-111.695
-112.759
-112.752
-112.738
-112.715
-112.684
-112.645
-112.596
-112.537
-112.466
-112.383
-112.287
-112.175
-112.048
-111.904
-111.758
-112.733
-112.727
-112.714
-112.694
-112.666
-112.63
-112.586
-112.531
-112.465
-112.387
-112.296
-112.189
-112.066
-111.919
-111.728
-112.702
-112.697
-112.686
-112.669
-112.645
-112.613
-112.574
-112.525
-112.464
-112.392
-112.307
-112.207
-112.091
-111.957
-111.802
-112.667
-112.663
-112.654
-112.64
-112.62
-112.593
-112.559
-112.517
-112.463
-112.398
-112.32
-112.227
-112.12
-112.001
-111.891
-112.625
-112.622
-112.616
-112.606
-112.59
-112.569
-112.542
-112.507
-112.461
-112.404
-112.334
-112.249
-112.149
-112.029
-111.863
-112.576
-112.575
-112.572
-112.565
-112.556
-112.542
-112.522
-112.495
-112.458
-112.41
-112.349
-112.274
-112.183
-112.082
-112.007
-112.519
-112.52
-112.52
-112.519
-112.515
-112.509
-112.498
-112.481
-112.454
-112.417
-112.366
-112.3
-112.216
-112.109
-111.937
-112.454
-112.456
-112.46
-112.464
-112.468
-112.471
-112.47
-112.464
-112.45
-112.424
-112.386
-112.33
-112.256
-112.173
-112.156
-112.377
-112.382
-112.39
-112.401
-112.413
-112.426
-112.437
-112.444
-112.443
-112.433
-112.408
-112.364
-112.295
-112.184
-111.945
-112.289
-112.296
-112.309
-112.327
-112.349
-112.373
-112.398
-112.42
-112.436
-112.442
-112.434
-112.407
-112.354
-112.274
-112.233
-112.187
-112.197
-112.215
-112.242
-112.274
-112.312
-112.352
-112.391
-112.426
-112.452
-112.466
-112.459
-112.423
-112.33
-112.077
-112.069
-112.082
-112.107
-112.143
-112.187
-112.24
-112.297
-112.357
-112.413
-112.463
-112.502
-112.524
-112.522
-112.489
-112.408
-111.934
-111.95
-111.982
-112.028
-112.086
-112.155
-112.233
-112.314
-112.396
-112.473
-112.542
-112.596
-112.636
-112.672
-112.808
-111.778
-111.798
-111.837
-111.895
-111.968
-112.056
-112.156
-112.263
-112.373
-112.481
-112.582
-112.671
-112.742
-112.778
-112.647
-111.599
-111.623
-111.671
-111.741
-111.832
-111.94
-112.065
-112.201
-112.342
-112.484
-112.622
-112.749
-112.865
-112.992
-113.299
-111.394
-111.423
-111.48
-111.564
-111.673
-111.805
-111.957
-112.125
-112.301
-112.482
-112.66
-112.825
-112.972
-113.074
-112.923
-111.16
-111.194
-111.261
-111.36
-111.489
-111.647
-111.829
-112.033
-112.25
-112.474
-112.697
-112.907
-113.101
-113.321
-113.935
-110.893
-110.932
-111.01
-111.126
-111.277
-111.462
-111.678
-111.921
-112.184
-112.459
-112.734
-112.992
-113.204
-113.288
-112.815
-110.59
-110.635
-110.724
-110.857
-111.031
-111.246
-111.5
-111.787
-112.101
-112.434
-112.773
-113.099
-113.386
-113.633
-114.178
-110.246
-110.297
-110.398
-110.549
-110.749
-110.996
-111.289
-111.624
-111.995
-112.396
-112.813
-113.226
-113.588
-113.762
-113.179
-109.858
-109.915
-110.029
-110.198
-110.423
-110.704
-111.039
-111.426
-111.86
-112.336
-112.847
-113.378
-113.911
-114.407
-114.774
-109.422
-109.484
-109.61
-109.799
-110.05
-110.366
-110.745
-111.186
-111.686
-112.244
-112.856
-113.521
-114.25
-115.132
-116.754
-108.932
-109.001
-109.139
-109.346
-109.624
-109.974
-110.397
-110.894
-111.463
-112.105
-112.82
-113.61
-114.475
-115.336
-115.425
-108.385
-108.46
-108.609
-108.834
-109.137
-109.522
-109.99
-110.542
-111.181
-111.906
-112.722
-113.637
-114.693
-116.066
-118.855
-107.778
-107.857
-108.017
-108.259
-108.586
-109.002
-109.513
-110.121
-110.828
-111.635
-112.544
-113.558
-114.68
-115.806
-115.651
-107.107
-107.19
-107.358
-107.614
-107.962
-108.409
-108.96
-109.621
-110.395
-111.284
-112.284
-113.393
-114.654
-116.424
-121.18
-106.368
-106.454
-106.629
-106.896
-107.261
-107.733
-108.321
-109.032
-109.873
-110.846
-111.938
-113.113
-114.265
-114.957
-112.459
-105.56
-105.648
-105.826
-106.1
-106.477
-106.968
-107.586
-108.343
-109.25
-110.314
-111.524
-112.837
-114.183
-115.694
-119.834
-104.682
-104.77
-104.948
-105.223
-105.604
-106.105
-106.744
-107.539
-108.509
-109.672
-111.028
-112.528
-113.976
-114.592
-110.745
-103.734
-103.819
-103.993
-104.262
-104.639
-105.139
-105.784
-106.602
-107.623
-108.885
-110.419
-112.244
-114.335
-116.577
-118.608
-102.717
-102.798
-102.962
-103.218
-103.578
-104.062
-104.696
-105.514
-106.561
-107.897
-109.598
-111.764
-114.575
-118.695
-128.026
-101.637
-101.709
-101.858
-102.091
-102.422
-102.872
-103.471
-104.257
-105.288
-106.646
-108.444
-110.825
-113.895
-117.181
-115.968
-100.497
-100.559
-100.686
-100.887
-101.175
-101.571
-102.105
-102.82
-103.778
-105.079
-106.873
-109.397
-113.051
-118.776
-131.308
-99.3058
-99.3544
-99.4548
-99.6141
-99.8448
-100.166
-100.605
-101.203
-102.021
-103.16
-104.784
-107.173
-110.758
-115.631
-116.322
-98.0724
-98.1052
-98.1733
-98.2825
-98.443
-98.6701
-98.9864
-99.424
-100.032
-100.894
-102.153
-104.109
-107.558
-115.377
-141.117
-141.298
-115.204
-107.111
-103.549
-101.574
-100.337
-99.512
-98.9413
-98.5376
-98.2497
-98.0453
-97.9023
-97.8057
-97.7458
-97.717
-117.527
-115.367
-110.061
-106.402
-104.055
-102.503
-101.434
-100.675
-100.125
-99.7229
-99.4305
-99.2213
-99.0771
-98.9865
-98.9426
-130.733
-117.703
-111.856
-108.333
-105.975
-104.323
-103.13
-102.253
-101.6
-101.112
-100.75
-100.486
-100.302
-100.186
-100.129
-117.787
-115.037
-112.025
-109.443
-107.395
-105.813
-104.599
-103.667
-102.951
-102.404
-101.991
-101.686
-101.472
-101.335
-101.268
-106.895
-112.54
-111.881
-110.169
-108.48
-107.037
-105.861
-104.92
-104.176
-103.595
-103.148
-102.815
-102.578
-102.426
-102.351
-120.388
-114.405
-112.457
-110.868
-109.384
-108.066
-106.949
-106.026
-105.278
-104.682
-104.218
-103.868
-103.616
-103.454
-103.374
-110.023
-113.454
-112.772
-111.482
-110.159
-108.947
-107.891
-107
-106.264
-105.669
-105.2
-104.842
-104.583
-104.415
-104.332
-120.749
-115.345
-113.496
-112.109
-110.847
-109.708
-108.709
-107.856
-107.143
-106.559
-106.094
-105.737
-105.477
-105.307
-105.224
-112.044
-114.756
-113.888
-112.636
-111.438
-110.36
-109.416
-108.605
-107.922
-107.358
-106.905
-106.555
-106.299
-106.131
-106.048
-122.319
-116.641
-114.534
-113.115
-111.935
-110.91
-110.02
-109.255
-108.608
-108.07
-107.636
-107.298
-107.049
-106.886
-106.805
-115.956
-116.035
-114.693
-113.417
-112.313
-111.356
-110.527
-109.814
-109.207
-108.701
-108.29
-107.968
-107.731
-107.575
-107.497
-119.662
-116.405
-114.796
-113.59
-112.578
-111.704
-110.945
-110.288
-109.727
-109.256
-108.872
-108.57
-108.347
-108.199
-108.125
-115.78
-115.622
-114.609
-113.619
-112.738
-111.962
-111.28
-110.686
-110.175
-109.743
-109.388
-109.108
-108.9
-108.762
-108.693
-117.289
-115.423
-114.397
-113.562
-112.816
-112.145
-111.546
-111.017
-110.557
-110.166
-109.843
-109.586
-109.395
-109.268
-109.204
-115.078
-114.63
-114.045
-113.432
-112.833
-112.269
-111.753
-111.29
-110.882
-110.532
-110.242
-110.01
-109.836
-109.72
-109.662
-113.309
-113.925
-113.704
-113.283
-112.815
-112.351
-111.914
-111.514
-111.158
-110.849
-110.59
-110.383
-110.227
-110.123
-110.07
-114.422
-113.791
-113.493
-113.158
-112.786
-112.406
-112.039
-111.699
-111.391
-111.121
-110.894
-110.711
-110.572
-110.479
-110.433
-112.923
-113.416
-113.3
-113.049
-112.753
-112.443
-112.138
-111.851
-111.588
-111.355
-111.158
-110.998
-110.876
-110.795
-110.753
-114.147
-113.454
-113.193
-112.963
-112.72
-112.467
-112.215
-111.976
-111.754
-111.556
-111.387
-111.249
-111.144
-111.072
-111.036
-113.042
-113.184
-113.054
-112.878
-112.684
-112.48
-112.276
-112.079
-111.894
-111.728
-111.585
-111.467
-111.377
-111.316
-111.285
-113.447
-113.096
-112.94
-112.798
-112.646
-112.486
-112.323
-112.164
-112.013
-111.875
-111.756
-111.657
-111.581
-111.53
-111.503
-112.739
-112.863
-112.807
-112.715
-112.605
-112.485
-112.359
-112.233
-112.112
-112.001
-111.903
-111.822
-111.759
-111.716
-111.694
-112.908
-112.746
-112.692
-112.635
-112.563
-112.478
-112.386
-112.29
-112.196
-112.108
-112.03
-111.965
-111.914
-111.879
-111.861
-112.476
-112.548
-112.569
-112.557
-112.522
-112.469
-112.405
-112.337
-112.267
-112.2
-112.14
-112.088
-112.048
-112.02
-112.006
-112.118
-112.376
-112.462
-112.488
-112.483
-112.458
-112.42
-112.375
-112.326
-112.278
-112.233
-112.195
-112.165
-112.143
-112.132
-112.284
-112.315
-112.387
-112.431
-112.449
-112.447
-112.431
-112.407
-112.377
-112.344
-112.314
-112.287
-112.265
-112.25
-112.241
-111.975
-112.217
-112.323
-112.385
-112.421
-112.437
-112.44
-112.433
-112.419
-112.401
-112.383
-112.366
-112.352
-112.342
-112.336
-112.198
-112.204
-112.281
-112.348
-112.397
-112.429
-112.447
-112.455
-112.455
-112.45
-112.442
-112.434
-112.427
-112.421
-112.418
-111.964
-112.135
-112.237
-112.316
-112.376
-112.421
-112.452
-112.473
-112.485
-112.491
-112.493
-112.493
-112.492
-112.49
-112.489
-112.037
-112.105
-112.201
-112.287
-112.358
-112.414
-112.457
-112.489
-112.511
-112.526
-112.537
-112.543
-112.547
-112.549
-112.549
-111.882
-112.048
-112.164
-112.261
-112.341
-112.407
-112.46
-112.501
-112.533
-112.556
-112.574
-112.586
-112.595
-112.6
-112.602
-111.912
-112.017
-112.133
-112.237
-112.326
-112.4
-112.462
-112.512
-112.551
-112.582
-112.606
-112.623
-112.636
-112.643
-112.647
-111.816
-111.97
-112.101
-112.215
-112.312
-112.394
-112.463
-112.52
-112.567
-112.603
-112.633
-112.655
-112.671
-112.681
-112.685
-111.737
-111.929
-112.074
-112.196
-112.3
-112.389
-112.464
-112.528
-112.58
-112.622
-112.656
-112.682
-112.701
-112.713
-112.718
-111.769
-111.913
-112.055
-112.18
-112.29
-112.384
-112.465
-112.534
-112.591
-112.637
-112.675
-112.705
-112.726
-112.74
-112.746
-111.701
-111.889
-112.038
-112.168
-112.281
-112.38
-112.465
-112.539
-112.6
-112.65
-112.692
-112.724
-112.748
-112.763
-112.77
-111.745
-111.884
-112.027
-112.158
-112.274
-112.377
-112.466
-112.543
-112.608
-112.661
-112.706
-112.74
-112.766
-112.782
-112.79
-111.697
-111.868
-112.016
-112.149
-112.269
-112.374
-112.466
-112.546
-112.614
-112.671
-112.717
-112.754
-112.781
-112.799
-112.807
-111.708
-111.86
-112.007
-112.142
-112.264
-112.371
-112.466
-112.549
-112.619
-112.678
-112.727
-112.765
-112.794
-112.812
-112.821
-111.68
-111.847
-111.998
-112.136
-112.259
-112.369
-112.466
-112.551
-112.624
-112.684
-112.735
-112.775
-112.804
-112.823
-112.833
-111.659
-111.836
-111.991
-112.13
-112.256
-112.367
-112.466
-112.553
-112.627
-112.689
-112.741
-112.782
-112.813
-112.832
-112.842
-111.667
-111.832
-111.986
-112.126
-112.253
-112.366
-112.466
-112.554
-112.63
-112.693
-112.746
-112.788
-112.819
-112.839
-112.849
-111.653
-111.826
-111.982
-112.124
-112.251
-112.365
-112.466
-112.555
-112.632
-112.696
-112.75
-112.792
-112.824
-112.844
-112.854
-111.658
-111.825
-111.98
-112.122
-112.25
-112.364
-112.466
-112.556
-112.633
-112.698
-112.752
-112.795
-112.827
-112.848
-112.858
-111.654
-111.823
-111.979
-112.121
-112.249
-112.364
-112.466
-112.556
-112.633
-112.699
-112.753
-112.797
-112.829
-112.85
-112.86
-111.653
-111.823
-111.978
-112.12
-112.249
-112.364
-112.466
-112.556
-112.633
-112.699
-112.753
-112.797
-112.829
-112.85
-112.86
-111.658
-111.824
-111.979
-112.121
-112.249
-112.364
-112.466
-112.556
-112.633
-112.698
-112.752
-112.796
-112.828
-112.849
-112.859
-111.651
-111.825
-111.981
-112.122
-112.25
-112.364
-112.466
-112.555
-112.632
-112.696
-112.75
-112.793
-112.825
-112.846
-112.856
-111.665
-111.83
-111.984
-112.125
-112.252
-112.365
-112.466
-112.554
-112.63
-112.694
-112.747
-112.789
-112.821
-112.841
-112.851
-111.655
-111.833
-111.988
-112.128
-112.254
-112.366
-112.465
-112.553
-112.627
-112.69
-112.742
-112.784
-112.815
-112.835
-112.844
-111.677
-111.843
-111.995
-112.133
-112.257
-112.367
-112.465
-112.551
-112.624
-112.685
-112.736
-112.777
-112.807
-112.826
-112.836
-111.705
-111.856
-112.003
-112.138
-112.26
-112.369
-112.465
-112.548
-112.62
-112.679
-112.729
-112.768
-112.797
-112.816
-112.825
-111.692
-111.863
-112.011
-112.144
-112.264
-112.37
-112.464
-112.545
-112.614
-112.672
-112.72
-112.758
-112.785
-112.804
-112.812
-111.742
-111.878
-112.02
-112.151
-112.269
-112.372
-112.463
-112.542
-112.608
-112.663
-112.709
-112.745
-112.771
-112.788
-112.797
-111.692
-111.88
-112.029
-112.159
-112.274
-112.375
-112.462
-112.538
-112.601
-112.653
-112.696
-112.73
-112.754
-112.77
-112.778
-111.763
-111.901
-112.042
-112.169
-112.281
-112.378
-112.461
-112.533
-112.592
-112.641
-112.68
-112.711
-112.734
-112.749
-112.756
-111.723
-111.911
-112.057
-112.182
-112.289
-112.381
-112.46
-112.527
-112.581
-112.626
-112.662
-112.69
-112.71
-112.723
-112.729
-111.812
-111.943
-112.079
-112.198
-112.3
-112.386
-112.459
-112.52
-112.569
-112.609
-112.641
-112.665
-112.682
-112.693
-112.699
-111.765
-111.963
-112.103
-112.216
-112.312
-112.391
-112.457
-112.511
-112.555
-112.589
-112.615
-112.636
-112.65
-112.659
-112.663
-111.873
-112.016
-112.137
-112.24
-112.326
-112.397
-112.455
-112.502
-112.538
-112.565
-112.586
-112.601
-112.612
-112.618
-112.621
-112.004
-112.075
-112.175
-112.266
-112.342
-112.404
-112.453
-112.49
-112.517
-112.537
-112.551
-112.561
-112.567
-112.571
-112.572
-111.94
-112.106
-112.21
-112.294
-112.36
-112.411
-112.449
-112.476
-112.494
-112.504
-112.511
-112.514
-112.516
-112.516
-112.515
-112.153
-112.17
-112.252
-112.325
-112.38
-112.419
-112.445
-112.459
-112.466
-112.466
-112.464
-112.46
-112.456
-112.452
-112.45
-111.946
-112.182
-112.291
-112.36
-112.403
-112.428
-112.439
-112.44
-112.433
-112.421
-112.409
-112.397
-112.386
-112.378
-112.373
-112.232
-112.272
-112.351
-112.403
-112.43
-112.437
-112.431
-112.416
-112.394
-112.369
-112.345
-112.323
-112.305
-112.292
-112.285
-112.076
-112.328
-112.42
-112.456
-112.462
-112.448
-112.422
-112.387
-112.348
-112.307
-112.27
-112.238
-112.211
-112.193
-112.183
-112.406
-112.486
-112.519
-112.52
-112.498
-112.459
-112.409
-112.352
-112.293
-112.235
-112.183
-112.138
-112.103
-112.078
-112.065
-112.805
-112.669
-112.632
-112.593
-112.538
-112.469
-112.392
-112.31
-112.228
-112.151
-112.082
-112.024
-111.978
-111.946
-111.93
-112.645
-112.775
-112.739
-112.667
-112.578
-112.476
-112.368
-112.259
-112.152
-112.052
-111.964
-111.891
-111.833
-111.794
-111.774
-113.297
-112.989
-112.861
-112.745
-112.618
-112.48
-112.338
-112.196
-112.061
-111.936
-111.828
-111.737
-111.667
-111.619
-111.595
-112.919
-113.07
-112.968
-112.822
-112.656
-112.478
-112.297
-112.121
-111.953
-111.801
-111.669
-111.56
-111.476
-111.419
-111.39
-113.931
-113.317
-113.097
-112.903
-112.693
-112.47
-112.246
-112.029
-111.825
-111.643
-111.485
-111.356
-111.257
-111.19
-111.156
-112.81
-113.283
-113.199
-112.987
-112.729
-112.454
-112.18
-111.917
-111.674
-111.458
-111.273
-111.122
-111.007
-110.929
-110.89
-114.174
-113.628
-113.381
-113.095
-112.769
-112.429
-112.096
-111.783
-111.496
-111.243
-111.028
-110.853
-110.721
-110.631
-110.586
-113.174
-113.756
-113.582
-113.221
-112.808
-112.391
-111.991
-111.62
-111.285
-110.992
-110.745
-110.546
-110.395
-110.294
-110.243
-114.769
-114.401
-113.905
-113.373
-112.842
-112.332
-111.856
-111.422
-111.035
-110.7
-110.42
-110.195
-110.025
-109.912
-109.855
-116.748
-115.126
-114.245
-113.516
-112.851
-112.24
-111.682
-111.182
-110.741
-110.362
-110.047
-109.795
-109.607
-109.482
-109.419
-115.417
-115.329
-114.469
-113.604
-112.815
-112.101
-111.459
-110.89
-110.394
-109.97
-109.62
-109.343
-109.136
-108.998
-108.929
-118.847
-116.059
-114.686
-113.632
-112.717
-111.902
-111.176
-110.539
-109.986
-109.518
-109.134
-108.831
-108.606
-108.457
-108.383
-115.641
-115.797
-114.673
-113.552
-112.539
-111.631
-110.824
-110.117
-109.51
-108.999
-108.583
-108.256
-108.014
-107.855
-107.776
-121.169
-116.415
-114.647
-113.387
-112.279
-111.28
-110.391
-109.618
-108.957
-108.406
-107.96
-107.612
-107.356
-107.188
-107.105
-112.45
-114.948
-114.257
-113.107
-111.933
-110.842
-109.87
-109.029
-108.318
-107.731
-107.259
-106.894
-106.627
-106.453
-106.366
-119.821
-115.685
-114.176
-112.832
-111.519
-110.31
-109.247
-108.34
-107.583
-106.966
-106.475
-106.098
-105.825
-105.647
-105.559
-110.739
-114.584
-113.97
-112.523
-111.023
-109.668
-108.506
-107.536
-106.742
-106.104
-105.603
-105.221
-104.946
-104.768
-104.681
-118.598
-116.569
-114.328
-112.24
-110.416
-108.882
-107.621
-106.6
-105.783
-105.138
-104.638
-104.261
-103.992
-103.818
-103.733
-128.008
-118.686
-114.57
-111.761
-109.595
-107.895
-106.559
-105.513
-104.695
-104.062
-103.578
-103.217
-102.961
-102.797
-102.717
-115.965
-117.175
-113.891
-110.823
-108.442
-106.645
-105.287
-104.256
-103.47
-102.873
-102.423
-102.091
-101.858
-101.709
-101.637
-131.292
-118.772
-113.049
-109.396
-106.872
-105.079
-103.778
-102.82
-102.106
-101.572
-101.176
-100.888
-100.687
-100.559
-100.498
-116.338
-115.634
-110.759
-107.174
-104.784
-103.161
-102.022
-101.204
-100.606
-100.168
-99.8464
-99.6153
-99.4556
-99.3552
-99.3068
-141.121
-115.38
-107.561
-104.111
-102.155
-100.896
-100.034
-99.4254
-98.9883
-98.6725
-98.4453
-98.2843
-98.1747
-98.1065
-98.0739
-96.6816
-96.6948
-96.7227
-96.7693
-96.841
-96.9479
-97.1036
-97.3262
-97.6414
-98.0876
-98.7164
-99.5866
-100.689
-101.393
-96.8871
-95.1397
-95.1295
-95.1096
-95.0814
-95.0468
-95.009
-94.9707
-94.9323
-94.8903
-94.8317
-94.7125
-94.4081
-93.5811
-91.3347
-85.605
-93.5968
-93.5625
-93.4934
-93.3882
-93.2449
-93.0599
-92.8262
-92.5297
-92.1448
-91.6253
-90.8817
-89.7408
-87.881
-84.7486
-79.6354
-92.0772
-92.0194
-91.9021
-91.722
-91.4739
-91.1491
-90.7336
-90.2041
-89.5234
-88.633
-87.4371
-85.7828
-83.4445
-80.1342
-75.6195
-90.605
-90.525
-90.3627
-90.1134
-89.7694
-89.319
-88.7446
-88.0189
-87.1021
-85.937
-84.4408
-82.4995
-79.9722
-76.717
-72.6628
-89.2026
-89.1027
-88.9
-88.5892
-88.1614
-87.6035
-86.897
-86.0148
-84.9199
-83.5634
-81.881
-79.7945
-77.2207
-74.0928
-70.3965
-87.8904
-87.7731
-87.5356
-87.1722
-86.6738
-86.0276
-85.2158
-84.2142
-82.991
-81.5075
-79.7175
-77.5697
-75.0173
-72.0314
-68.6196
-86.6862
-86.5543
-86.2876
-85.8807
-85.3249
-84.6085
-83.7157
-82.626
-81.3141
-79.7508
-77.9043
-75.7428
-73.2415
-70.3913
-67.2078
-85.6048
-85.461
-85.1707
-84.7289
-84.1279
-83.3574
-82.4041
-81.2517
-79.8808
-78.2703
-76.3994
-74.2495
-71.8094
-69.0802
-66.0803
-84.6585
-84.5052
-84.1964
-83.7274
-83.0918
-82.2809
-81.2838
-80.0881
-78.6795
-77.0436
-75.1672
-73.0409
-70.6615
-68.0357
-65.1824
-83.8571
-83.6965
-83.3734
-82.884
-82.2227
-81.3824
-80.3547
-79.1301
-77.6986
-76.0508
-74.1791
-72.08
-69.7553
-67.2147
-64.4768
-83.208
-83.042
-82.7084
-82.204
-81.5243
-80.6635
-79.615
-78.3719
-76.9273
-75.2754
-73.4128
-71.3395
-69.0606
-66.5872
-63.9375
-82.7167
-82.547
-82.206
-81.6913
-80.999
-80.1245
-79.0626
-77.8082
-76.3566
-74.7047
-72.8516
-70.7997
-68.556
-66.1324
-63.5466
-82.3873
-82.2151
-81.8695
-81.3483
-80.6483
-79.7654
-78.6956
-77.4348
-75.98
-74.3293
-72.4837
-70.447
-68.227
-65.8363
-63.292
-82.2219
-82.0486
-81.7008
-81.1765
-80.4728
-79.586
-78.5125
-77.2489
-75.7927
-74.1431
-72.3016
-70.2726
-68.0647
-65.6904
-63.1666
-74.3094
-72.6506
-67.4023
-52.3549
-42.8056
-24.5733
-31.3054
-32.4211
-31.43
-28.9002
-21.6446
-18.1842
-13.773
-11.1994
-6.98901
-8.60434
-8.92496
-9.03975
-8.45206
-6.54314
-5.40603
-3.42859
-4.19005
-4.31895
-4.2595
-4.21639
-4.26589
-4.00356
-3.13946
-2.6203
-1.69806
-2.10041
-2.18826
-2.2032
-2.21409
-2.29665
-2.18999
-1.77421
-1.51715
-1.02993
-1.32649
-1.42739
-1.52514
-1.60112
-1.78355
-1.78118
-1.59135
-1.51041
-1.40466
-1.29985
-1.00128
-1.45832
-1.6899
-2.04935
-2.11842
-1.96339
-1.82697
-1.40654
-2.04822
-2.37927
-2.85187
-3.20501
-3.89998
-4.06007
-3.8255
-3.59856
-2.8144
-4.21468
-4.9807
-6.13513
-7.02136
-8.79114
-9.30766
-9.086
-8.71741
-7.04466
-11.2525
-13.8199
-18.2178
-21.6716
-28.9196
-31.445
-32.4296
-31.3115
-24.5782
-42.8113
-52.3629
-67.4181
-72.6658
-74.3148
-75.9135
-69.6485
-62.8489
-53.9798
-45.7533
-37.7778
-35.519
-33.8151
-31.6302
-28.63
-24.5365
-20.9878
-17.6404
-14.921
-12.5828
-11.7427
-11.1369
-10.5102
-9.63769
-8.44528
-7.35449
-6.3442
-5.9966
-5.74391
-5.49664
-5.25751
-5.00601
-4.63636
-4.11462
-3.63382
-3.1881
-3.06023
-2.976
-2.89698
-2.8207
-2.74052
-2.5931
-2.36437
-2.15289
-1.96207
-1.96006
-1.98568
-2.02478
-2.06818
-2.11931
-2.11599
-2.05779
-2.00734
-1.96023
-1.92604
-1.9166
-2.08709
-2.27329
-2.4679
-2.57973
-2.61547
-2.64179
-2.69129
-2.99555
-3.33786
-3.72999
-4.12547
-4.55038
-4.82886
-4.97469
-5.10699
-5.29961
-6.02812
-6.85421
-7.82125
-8.8221
-9.93395
-10.7421
-11.3068
-11.867
-12.6709
-14.9899
-17.696
-21.0318
-24.5717
-28.6578
-31.6522
-33.8321
-35.5327
-37.7896
-45.7647
-53.9917
-62.8622
-69.6608
-75.9226
-73.2714
-67.4143
-61.2768
-54.6835
-48.346
-42.7575
-38.9438
-35.914
-33.0183
-29.9481
-26.6567
-23.5129
-20.6131
-18.1016
-16.0265
-14.5499
-13.3858
-12.3407
-11.2898
-10.2062
-9.19136
-8.30919
-7.67006
-7.16459
-6.72552
-6.31989
-5.91963
-5.4913
-5.0336
-4.59924
-4.22255
-3.9593
-3.75833
-3.58892
-3.43506
-3.28329
-3.11532
-2.9315
-2.76052
-2.62379
-2.55534
-2.52614
-2.51989
-2.52581
-2.53524
-2.53162
-2.51477
-2.50107
-2.49873
-2.51806
-2.57422
-2.69478
-2.84624
-3.00749
-3.15248
-3.28296
-3.42503
-3.61093
-3.89009
-4.22695
-4.60577
-5.00631
-5.41468
-5.7918
-6.14649
-6.53169
-7.01626
-7.70467
-8.52892
-9.46349
-10.4685
-11.5202
-12.5338
-13.541
-14.6724
-16.1223
-18.1781
-20.6752
-23.5635
-26.698
-29.9819
-33.0461
-35.937
-38.9632
-42.7744
-48.3613
-54.698
-61.2907
-67.427
-73.2824
-70.5701
-65.5815
-60.3614
-55.0218
-49.8646
-45.1881
-41.2478
-37.8295
-34.668
-31.5956
-28.5747
-25.6965
-23.0355
-20.6618
-18.6152
-16.9139
-15.4693
-14.1857
-12.9947
-11.8728
-10.8417
-9.92826
-9.1549
-8.49329
-7.9098
-7.37798
-6.87693
-6.39163
-5.92183
-5.48423
-5.09605
-4.77102
-4.49749
-4.26068
-4.04859
-3.85154
-3.66241
-3.4821
-3.32065
-3.18893
-3.09584
-3.0353
-2.99922
-2.9802
-2.97178
-2.96809
-2.969
-2.98016
-3.00772
-3.05871
-3.14078
-3.25969
-3.40689
-3.57241
-3.74808
-3.93573
-4.14717
-4.39836
-4.70376
-5.058
-5.4529
-5.87869
-6.32698
-6.79019
-7.27763
-7.81663
-8.44292
-9.18947
-10.0491
-11.0091
-12.0529
-13.1672
-14.3407
-15.6028
-17.026
-18.7082
-20.739
-23.0998
-25.7503
-28.6197
-31.6335
-34.7001
-37.8567
-41.2713
-45.2087
-49.883
-55.0387
-60.3769
-65.5955
-70.5827
-68.3538
-64.0802
-59.6181
-55.0995
-50.6945
-46.5636
-42.8067
-39.3827
-36.1981
-33.1776
-30.2958
-27.5757
-25.0521
-22.7582
-20.7132
-18.9147
-17.3267
-15.9029
-14.6051
-13.4138
-12.3272
-11.3498
-10.4827
-9.71329
-9.02325
-8.3952
-7.81486
-7.27276
-6.76662
-6.30081
-5.88121
-5.51107
-5.18618
-4.8992
-4.64272
-4.41059
-4.19892
-4.00758
-3.83997
-3.70034
-3.59134
-3.51113
-3.45585
-3.42121
-3.4034
-3.39981
-3.41035
-3.43747
-3.4848
-3.55643
-3.65613
-3.78577
-3.94311
-4.12472
-4.3285
-4.55636
-4.81429
-5.10998
-5.44949
-5.83308
-6.25823
-6.72157
-7.22083
-7.75689
-8.33788
-8.97938
-9.70013
-10.5155
-11.429
-12.4387
-13.5409
-14.7345
-16.0259
-17.4385
-19.0134
-20.7988
-22.832
-25.1154
-27.63
-30.3425
-33.2177
-36.2327
-39.4128
-42.8331
-46.5869
-50.7152
-55.1182
-59.6352
-64.0957
-68.3678
-66.5887
-62.8486
-58.9563
-55.0147
-51.1324
-47.4047
-43.8912
-40.5974
-37.4983
-34.5669
-31.7916
-29.1791
-26.7445
-24.503
-22.4622
-20.6183
-18.9535
-17.444
-16.0674
-14.8086
-13.6598
-12.6167
-11.674
-10.8227
-10.0511
-9.3472
-8.70103
-8.10529
-7.55635
-7.05371
-6.59791
-6.18855
-5.8228
-5.49625
-5.20416
-4.94246
-4.7084
-4.50106
-4.3211
-4.1697
-4.04737
-3.95308
-3.88474
-3.83994
-3.81652
-3.81315
-3.82978
-3.86766
-3.92883
-4.01569
-4.13034
-4.27398
-4.44647
-4.64723
-4.87643
-5.13595
-5.42936
-5.76095
-6.13426
-6.55096
-7.01139
-7.51565
-8.06481
-8.66216
-9.31443
-10.0316
-10.825
-11.7041
-12.6747
-13.7399
-14.9022
-16.1663
-17.5419
-19.0463
-20.7036
-22.5391
-24.5713
-26.8049
-29.2322
-31.8381
-34.6077
-37.5343
-40.6292
-43.9194
-47.4299
-51.1549
-55.0351
-58.9749
-62.8655
-66.6041
-65.1788
-61.8343
-58.3651
-54.8455
-51.3495
-47.9408
-44.6634
-41.5368
-38.5627
-35.7371
-33.0589
-30.5324
-28.1652
-25.9645
-23.9337
-22.0694
-20.3622
-18.7986
-17.3649
-16.0498
-14.8447
-13.743
-12.7378
-11.8213
-10.9849
-10.2196
-9.51792
-8.8736
-8.28251
-7.74208
-7.25054
-6.80594
-6.40559
-6.04619
-5.72432
-5.43692
-5.18172
-4.95736
-4.76331
-4.59936
-4.46514
-4.35974
-4.28183
-4.22994
-4.20283
-4.19975
-4.22068
-4.26633
-4.33794
-4.437
-4.56492
-4.72279
-4.91128
-5.131
-5.383
-5.6691
-5.9919
-6.35435
-6.7592
-7.20861
-7.7043
-8.2481
-8.84256
-9.49161
-10.201
-10.9778
-11.8301
-12.765
-13.7885
-14.9057
-16.1215
-17.4425
-18.8777
-20.4395
-22.1427
-24.0017
-26.0268
-28.2216
-30.5832
-33.1044
-35.7779
-38.5992
-41.5695
-44.6928
-47.9672
-51.3734
-54.8673
-58.385
-61.8524
-65.1953
-64.0456
-60.9982
-57.8461
-54.6432
-51.4423
-48.2901
-45.222
-42.2605
-39.4178
-36.7003
-34.1131
-31.6616
-29.3514
-27.1871
-25.1704
-23.2996
-21.5691
-19.9709
-18.4964
-17.1369
-15.8852
-14.7343
-13.6778
-12.7086
-11.8197
-11.0041
-10.2555
-9.56854
-8.93883
-8.36306
-7.83846
-7.3624
-6.93212
-6.54472
-6.19737
-5.8875
-5.61302
-5.37237
-5.16446
-4.98848
-4.84363
-4.72901
-4.64361
-4.58644
-4.55669
-4.55392
-4.57812
-4.62977
-4.70969
-4.81892
-4.95858
-5.12974
-5.3334
-5.57065
-5.84288
-6.15188
-6.49988
-6.88933
-7.32273
-7.80246
-8.33091
-8.91068
-9.54491
-10.2376
-10.9938
-11.8192
-12.72
-13.7023
-14.7717
-15.9338
-17.1941
-18.559
-20.036
-21.6342
-23.3629
-25.2307
-27.2435
-29.4037
-31.7096
-34.1569
-36.7401
-39.454
-42.2934
-45.252
-48.3174
-51.4671
-54.6657
-57.8667
-61.0171
-64.0629
-63.1328
-60.3112
-57.3995
-54.4381
-51.4664
-48.5204
-45.6297
-42.8164
-40.0962
-37.4801
-34.9764
-32.592
-30.3325
-28.2018
-26.202
-24.3324
-22.59
-20.97
-19.4665
-18.0734
-16.7846
-15.594
-14.4958
-13.4841
-12.5526
-11.6957
-10.9079
-10.1842
-9.52062
-8.91342
-8.35945
-7.8558
-7.39965
-6.98826
-6.61905
-6.28966
-5.99808
-5.74265
-5.52202
-5.3351
-5.18089
-5.05848
-4.96699
-4.90566
-4.87392
-4.87145
-4.89828
-4.95474
-5.04147
-5.15929
-5.30919
-5.49221
-5.7095
-5.96235
-6.25228
-6.58106
-6.95079
-7.36373
-7.82232
-8.32907
-8.88664
-9.49794
-10.1663
-10.8957
-11.6904
-12.5556
-13.4963
-14.518
-15.6257
-16.8248
-18.1205
-19.5185
-21.0248
-22.6458
-24.3877
-26.2557
-28.2531
-30.3808
-32.6371
-35.0183
-37.5187
-40.1317
-42.8491
-45.6597
-48.548
-51.4916
-54.4612
-57.4208
-60.3308
-63.1508
-62.4013
-59.7522
-57.024
-54.2476
-51.4542
-48.6727
-45.9281
-43.2411
-40.6281
-38.1017
-35.672
-33.3468
-31.1322
-29.0327
-27.0507
-25.1866
-23.4392
-21.8057
-20.282
-18.8639
-17.5464
-16.3246
-15.1934
-14.1475
-13.1819
-12.2913
-11.4711
-10.7168
-10.0244
-9.39019
-8.81097
-8.2837
-7.80554
-7.37381
-6.98605
-6.63999
-6.33364
-6.06529
-5.83349
-5.637
-5.47473
-5.34576
-5.24926
-5.18459
-5.15128
-5.14908
-5.17804
-5.23843
-5.33077
-5.45581
-5.61445
-5.80773
-6.03684
-6.30316
-6.60825
-6.9539
-7.34214
-7.77518
-8.25543
-8.78546
-9.36802
-10.0062
-10.7032
-11.4628
-12.2892
-13.1867
-14.1599
-15.2135
-16.3523
-17.5808
-18.9039
-20.3263
-21.8527
-23.4878
-25.2354
-27.0988
-29.0794
-31.177
-33.3892
-35.7119
-38.1391
-40.6628
-43.2733
-45.9579
-48.7003
-51.4798
-54.2712
-57.0458
-59.7724
-62.4199
-61.8235
-59.3058
-56.7167
-54.0816
-51.4256
-48.7729
-46.1452
-43.5616
-41.038
-38.5874
-36.2206
-33.946
-31.7703
-29.6985
-27.7336
-25.8771
-24.1287
-22.4871
-20.9498
-19.5135
-18.1745
-16.9287
-15.7718
-14.6992
-13.7065
-12.7892
-11.9429
-11.1636
-10.4475
-9.79092
-9.19072
-8.64383
-8.14742
-7.69885
-7.29571
-6.93577
-6.61707
-6.33785
-6.09662
-5.89206
-5.72306
-5.58866
-5.48809
-5.42073
-5.38617
-5.38421
-5.41488
-5.47845
-5.57538
-5.70636
-5.87226
-6.0741
-6.31312
-6.5907
-6.90842
-7.26809
-7.67171
-8.12147
-8.61976
-9.16918
-9.77249
-10.4327
-11.1532
-11.9374
-12.7891
-13.7124
-14.7114
-15.7903
-16.9534
-18.2048
-19.5485
-20.9885
-22.5286
-24.1718
-25.9209
-27.7773
-29.7415
-31.812
-33.9861
-36.2588
-38.6236
-41.072
-43.5935
-46.1749
-48.8006
-51.4514
-54.1055
-56.739
-59.3264
-61.8427
-61.3803
-58.9605
-56.475
-53.9452
-51.3926
-48.8379
-46.3006
-43.7979
-41.3452
-38.9555
-36.6395
-34.4062
-32.2626
-30.2141
-28.2644
-26.4156
-24.6685
-23.0225
-21.4761
-20.027
-18.6723
-17.4087
-16.2324
-15.1396
-14.1262
-13.1882
-12.3216
-11.5228
-10.7879
-10.1137
-9.49676
-8.93425
-8.4233
-7.96132
-7.54591
-7.17489
-6.84627
-6.55832
-6.30948
-6.09844
-5.92403
-5.78531
-5.68151
-5.61204
-5.57651
-5.57475
-5.60677
-5.67283
-5.77339
-5.90908
-6.08077
-6.28948
-6.53643
-6.82302
-7.15086
-7.52173
-7.93763
-8.40074
-8.91344
-9.47831
-10.0981
-10.7759
-11.5147
-12.318
-13.1895
-14.1327
-15.1515
-16.2498
-17.4312
-18.6996
-20.0584
-21.5109
-23.0598
-24.7076
-26.4557
-28.3048
-30.2541
-32.3018
-34.4442
-36.6761
-38.9904
-41.3784
-43.8293
-46.33
-48.8656
-51.4185
-53.9694
-56.4975
-58.9814
-61.3998
-61.0582
-58.708
-56.2962
-53.8415
-51.3628
-48.8789
-46.4072
-43.9641
-41.5641
-39.2199
-36.9423
-34.7403
-32.6214
-30.5911
-28.6537
-26.8117
-25.0665
-23.4182
-21.8661
-20.4084
-19.0429
-17.7666
-16.5766
-15.4691
-14.4408
-13.4877
-12.6064
-11.7931
-11.0444
-10.3569
-9.72758
-9.1534
-8.63159
-8.15958
-7.73499
-7.35566
-7.0196
-6.72507
-6.47051
-6.25458
-6.07612
-5.93417
-5.82796
-5.75693
-5.72068
-5.71906
-5.75209
-5.82
-5.92325
-6.06247
-6.23849
-6.45235
-6.70525
-6.99861
-7.33402
-7.71328
-8.13838
-8.61148
-9.13497
-9.71138
-10.3435
-11.0342
-11.7866
-12.6041
-13.4899
-14.4477
-15.4809
-16.5931
-17.7878
-19.0682
-20.4374
-21.8982
-23.4528
-25.1028
-26.8491
-28.6916
-30.629
-32.6587
-34.7768
-36.9776
-39.2539
-41.5966
-43.995
-46.4364
-48.9063
-51.3886
-53.8657
-56.3188
-58.7291
-61.0779
-60.8481
-58.5428
-56.1782
-53.7718
-51.3408
-48.9027
-46.474
-44.07
-41.7048
-39.3908
-37.1388
-34.9579
-32.8556
-30.8378
-28.9089
-27.0719
-25.3285
-23.6793
-22.1238
-20.6608
-19.2885
-18.0043
-16.8054
-15.6885
-14.6504
-13.6876
-12.7965
-11.9737
-11.2158
-10.5197
-9.88207
-9.30013
-8.7711
-8.29242
-7.86173
-7.47685
-7.13583
-6.83691
-6.57853
-6.35933
-6.17817
-6.03406
-5.92626
-5.85418
-5.81747
-5.81594
-5.84963
-5.91878
-6.02381
-6.16537
-6.34428
-6.56156
-6.81844
-7.11631
-7.45677
-7.84162
-8.27284
-8.75259
-9.28325
-9.86734
-10.5076
-11.2069
-11.9683
-12.795
-13.6903
-14.6575
-15.7001
-16.8213
-18.0245
-19.3126
-20.6884
-22.1543
-23.7122
-25.3632
-27.1077
-28.9453
-30.8743
-32.8918
-34.9933
-37.1732
-39.424
-41.7366
-44.1004
-46.5028
-48.93
-51.3665
-53.7959
-56.2008
-58.5639
-60.8679
-60.7445
-58.461
-56.1196
-53.7368
-51.3292
-48.9137
-46.5061
-44.1214
-41.7735
-39.4746
-37.2354
-35.0651
-32.9713
-30.9598
-29.0353
-27.2009
-25.4585
-23.8089
-22.2519
-20.7865
-19.4109
-18.1228
-16.9195
-15.7981
-14.7552
-13.7875
-12.8916
-12.0641
-11.3017
-10.6012
-9.95948
-9.37368
-8.84105
-8.35904
-7.92529
-7.53765
-7.19415
-6.89303
-6.63274
-6.41191
-6.22938
-6.0842
-5.9756
-5.90301
-5.86606
-5.86458
-5.8986
-5.96836
-6.07429
-6.21701
-6.39736
-6.61636
-6.87522
-7.17534
-7.51833
-7.90598
-8.34025
-8.82333
-9.35756
-9.94547
-10.5898
-11.2934
-12.0592
-12.8905
-13.7905
-14.7624
-15.8096
-16.9353
-18.1426
-19.4344
-20.8134
-22.2817
-23.841
-25.4923
-27.2359
-29.071
-30.9956
-33.0068
-35.1
-37.2694
-39.5075
-41.8051
-44.1516
-46.5348
-48.9408
-51.3549
-53.7609
-56.1422
-58.4822
-60.7643
-96.8908
-101.398
-100.693
-99.5903
-98.7195
-98.0908
-97.6443
-97.3285
-97.1062
-96.951
-96.844
-96.7717
-96.7248
-96.6967
-96.6836
-85.6123
-91.341
-93.5868
-94.4133
-94.717
-94.8361
-94.8943
-94.9356
-94.9742
-95.0129
-95.0505
-95.0845
-95.1124
-95.1321
-95.1423
-79.6448
-84.7567
-87.8885
-89.7475
-90.8874
-91.6309
-92.1498
-92.534
-92.8306
-93.0645
-93.2492
-93.392
-93.4968
-93.5658
-93.6
-75.6307
-80.144
-83.4534
-85.7906
-87.444
-88.6396
-89.5294
-90.2094
-90.7389
-91.1545
-91.4789
-91.7265
-91.9061
-92.0232
-92.0811
-72.6754
-76.7282
-79.9823
-82.5085
-84.4489
-85.9446
-87.109
-88.0251
-88.7507
-89.3251
-89.775
-90.1184
-90.3674
-90.5295
-90.6095
-70.4103
-74.1052
-77.2319
-79.8045
-81.8901
-83.5719
-84.9277
-86.0219
-86.9038
-87.6102
-88.1675
-88.5948
-88.9053
-89.1078
-89.2077
-68.6345
-72.0448
-75.0293
-77.5806
-79.7274
-81.5168
-82.9995
-84.2219
-85.2233
-86.0348
-86.6805
-87.1783
-87.5415
-87.7789
-87.8962
-67.2236
-70.4056
-73.2545
-75.7546
-77.9151
-79.7609
-81.3233
-82.6345
-83.7237
-84.6161
-85.332
-85.8873
-86.294
-86.5606
-86.6925
-66.0968
-69.0952
-71.8231
-74.2621
-76.4109
-78.281
-79.8905
-81.2608
-82.4127
-83.3654
-84.1353
-84.7359
-85.1775
-85.4678
-85.6117
-65.1995
-68.0513
-70.6758
-73.054
-75.1793
-77.0547
-78.6898
-80.0977
-81.2928
-82.2892
-83.0995
-83.7348
-84.2036
-84.5126
-84.666
-64.4944
-67.2308
-69.7701
-72.0935
-74.1916
-76.0622
-77.7092
-79.1399
-80.3639
-81.3909
-82.2307
-82.8917
-83.3811
-83.7043
-83.865
-63.9554
-66.6036
-69.0757
-71.3533
-73.4255
-75.2871
-76.9381
-78.3819
-79.6244
-80.6723
-81.5327
-82.2122
-82.7165
-83.0501
-83.2162
-63.5647
-66.1491
-68.5713
-70.8138
-72.8645
-74.7166
-76.3677
-77.8185
-79.0722
-80.1336
-81.0078
-81.6998
-82.2145
-82.5554
-82.7252
-63.3104
-65.8531
-68.2425
-70.4611
-72.4967
-74.3414
-75.9911
-77.4453
-78.7054
-79.7747
-80.6573
-81.3571
-81.8782
-82.2237
-82.3958
-63.185
-65.7072
-68.0802
-70.2869
-72.3147
-74.1553
-75.804
-77.2594
-78.5224
-79.5954
-80.4819
-81.1854
-81.7096
-82.0573
-82.2306
)
;

boundaryField
{
    hot
    {
        type            calculated;
        value           nonuniform List<scalar> 
120
(
-81.6255
-81.7891
-82.1153
-82.6018
-83.2451
-84.0401
-84.9798
-86.0553
-87.255
-88.5647
-89.9675
-91.4438
-92.9717
-94.5278
-96.0879
-97.5
-98.756
-99.973
-101.141
-102.252
-103.3
-104.28
-105.191
-106.03
-106.8
-107.501
-108.137
-108.709
-109.223
-109.682
-110.09
-110.452
-110.771
-111.052
-111.299
-111.516
-111.705
-111.869
-112.013
-112.138
-112.246
-112.339
-112.42
-112.49
-112.551
-112.603
-112.648
-112.686
-112.719
-112.747
-112.771
-112.792
-112.809
-112.823
-112.835
-112.844
-112.852
-112.857
-112.861
-112.863
-112.864
-112.863
-112.86
-112.855
-112.849
-112.841
-112.83
-112.817
-112.802
-112.783
-112.761
-112.734
-112.704
-112.668
-112.625
-112.576
-112.519
-112.453
-112.376
-112.287
-112.185
-112.066
-111.93
-111.773
-111.593
-111.387
-111.151
-110.883
-110.579
-110.234
-109.844
-109.406
-108.915
-108.367
-107.758
-107.086
-106.346
-105.538
-104.66
-103.713
-102.698
-101.619
-100.482
-99.2938
-98.0644
-96.6784
-95.1423
-93.6053
-92.0916
-90.6248
-89.2274
-87.9196
-86.719
-85.6406
-84.6967
-83.8971
-83.2494
-82.7591
-82.4302
-82.2652
)
;
    }
    cold
    {
        type            calculated;
        value           nonuniform List<scalar> 
120
(
-82.101
-82.2639
-82.5886
-83.0725
-83.7119
-84.501
-85.4326
-86.4968
-87.6815
-88.9721
-90.3513
-91.7995
-93.2948
-94.8145
-96.3354
-97.71
-98.9318
-100.115
-101.251
-102.333
-103.354
-104.311
-105.203
-106.027
-106.785
-107.477
-108.107
-108.676
-109.189
-109.648
-110.057
-110.421
-110.743
-111.027
-111.277
-111.497
-111.689
-111.856
-112.002
-112.129
-112.239
-112.334
-112.417
-112.488
-112.549
-112.602
-112.648
-112.686
-112.72
-112.748
-112.772
-112.792
-112.809
-112.823
-112.835
-112.844
-112.852
-112.857
-112.86
-112.862
-112.863
-112.861
-112.858
-112.853
-112.847
-112.838
-112.828
-112.814
-112.799
-112.78
-112.757
-112.731
-112.7
-112.664
-112.621
-112.572
-112.515
-112.449
-112.372
-112.283
-112.18
-112.062
-111.926
-111.769
-111.589
-111.383
-111.148
-110.88
-110.575
-110.23
-109.841
-109.403
-108.912
-108.365
-107.756
-107.084
-106.345
-105.537
-104.659
-103.712
-102.697
-101.619
-100.482
-99.2949
-98.0658
-96.6804
-95.1449
-93.6085
-92.0954
-90.6293
-89.2326
-87.9253
-86.7254
-85.6476
-84.7042
-83.905
-83.2576
-82.7675
-82.4388
-82.2738
)
;
    }
    interface_left
    {
        type            calculated;
        value           nonuniform List<scalar> 
90
(
-157.82
-108.657
-142.267
-112.015
-136.954
-119.981
-106.234
-124.135
-109.691
-125.858
-115.255
-121.475
-115.381
-118.271
-115.142
-112.705
-114.796
-112.463
-114.563
-112.868
-113.64
-112.742
-112.04
-112.573
-111.921
-112.327
-111.79
-112.251
-111.86
-112.029
-111.82
-111.655
-111.774
-111.621
-111.713
-111.588
-111.692
-111.603
-111.64
-111.594
-111.56
-111.585
-111.559
-111.574
-111.561
-111.568
-111.569
-111.563
-111.575
-111.594
-111.583
-111.625
-111.597
-111.67
-111.588
-111.688
-111.616
-111.719
-111.844
-111.762
-111.983
-111.826
-112.18
-111.776
-112.237
-111.889
-112.353
-112.922
-112.511
-113.535
-112.738
-114.421
-112.348
-114.607
-112.583
-114.909
-117.877
-115.103
-120.84
-114.959
-124.846
-109.819
-123.135
-106.953
-119.502
-134.835
-113.182
-140.288
-114.296
-161.285
)
;
    }
    interface_right
    {
        type            calculated;
        value           nonuniform List<scalar> 
90
(
-161.632
-116.617
-140.045
-118.954
-101.406
-125.236
-106.519
-125.032
-109.089
-126.676
-115.219
-121.972
-115.448
-118.575
-115.248
-112.663
-114.912
-112.424
-114.69
-112.852
-113.711
-112.6
-113.039
-112.425
-111.924
-112.295
-111.8
-112.23
-111.851
-112.018
-111.78
-111.868
-111.734
-111.624
-111.7
-111.594
-111.681
-111.603
-111.633
-111.593
-111.563
-111.583
-111.562
-111.572
-111.565
-111.564
-111.572
-111.56
-111.582
-111.559
-111.59
-111.631
-111.598
-111.679
-111.584
-111.698
-111.614
-111.753
-111.645
-111.795
-111.984
-111.833
-112.177
-111.779
-112.237
-111.889
-112.352
-112.921
-112.508
-113.533
-112.734
-114.418
-112.342
-114.602
-112.577
-114.903
-117.872
-115.095
-120.833
-114.948
-124.833
-109.81
-123.119
-106.95
-119.49
-134.81
-113.182
-140.263
-114.322
-161.289
)
;
    }
    interface_top
    {
        type            calculated;
        value           nonuniform List<scalar> 
90
(
-74.3094
-72.6506
-67.4023
-52.3549
-42.8056
-24.5733
-31.3054
-32.4211
-31.43
-28.9002
-21.6446
-18.1842
-13.773
-11.1994
-6.98901
-8.60434
-8.92496
-9.03975
-8.45206
-6.54314
-5.40603
-3.42859
-4.19005
-4.31895
-4.2595
-4.21639
-4.26589
-4.00356
-3.13946
-2.6203
-1.69806
-2.10041
-2.18826
-2.2032
-2.21409
-2.29665
-2.18999
-1.77421
-1.51715
-1.02993
-1.32649
-1.42739
-1.52514
-1.60112
-1.78355
-1.78118
-1.59135
-1.51041
-1.40466
-1.29985
-1.00128
-1.45832
-1.6899
-2.04935
-2.11842
-1.96339
-1.82697
-1.40654
-2.04822
-2.37927
-2.85187
-3.20501
-3.89998
-4.06007
-3.8255
-3.59856
-2.8144
-4.21468
-4.9807
-6.13513
-7.02136
-8.79114
-9.30766
-9.086
-8.71741
-7.04466
-11.2525
-13.8199
-18.2178
-21.6716
-28.9196
-31.445
-32.4296
-31.3115
-24.5782
-42.8113
-52.3629
-67.4181
-72.6658
-74.3148
)
;
    }
    interface_bottom
    {
        type            calculated;
        value           nonuniform List<scalar> 
90
(
-71.5518
-66.887
-58.1873
-32.9178
-42.9289
-44.2559
-40.8673
-38.9372
-36.3292
-32.9182
-24.2188
-20.1404
-15.0579
-12.1586
-7.5284
-9.23004
-9.57428
-9.73363
-9.1608
-7.27708
-6.33621
-5.11812
-4.31683
-2.86861
-3.6382
-3.84339
-4.02652
-3.82577
-3.04533
-2.56107
-1.67632
-2.08434
-2.17704
-2.20089
-2.21595
-2.30372
-2.19871
-1.78338
-1.52592
-1.03673
-1.33528
-1.43678
-1.535
-1.61123
-1.79431
-1.79162
-1.60022
-1.5185
-1.41177
-1.3062
-1.00602
-1.46449
-1.69667
-2.05695
-2.12601
-1.97011
-1.83309
-1.41126
-2.05457
-2.38642
-2.86012
-3.21415
-3.91091
-4.07151
-3.83654
-3.60923
-2.82339
-4.22809
-4.99695
-6.15609
-7.04643
-8.82477
-9.34534
-9.1275
-8.76047
-7.08506
-11.3248
-13.917
-18.3653
-21.8631
-29.2107
-31.7834
-32.8304
-31.7145
-24.9077
-43.4746
-53.1835
-68.4885
-73.6082
-74.5564
)
;
    }
    defaultFaces
    {
        type            empty;
    }
}


// ************************************************************************* //
