/*--------------------------------*- C++ -*----------------------------------*\
| =========                 |                                                 |
| \\      /  F ield         | OpenFOAM: The Open Source CFD Toolbox           |
|  \\    /   O peration     | Version:  5.x                                   |
|   \\  /    A nd           | Web:      www.OpenFOAM.org                      |
|    \\/     M anipulation  |                                                 |
\*---------------------------------------------------------------------------*/
FoamFile
{
    version     2.0;
    format      ascii;
    class       volScalarField;
    location    "0.6";
    object      T;
}
// * * * * * * * * * * * * * * * * * * * * * * * * * * * * * * * * * * * * * //

dimensions      [0 0 0 1 0 0 0];

internalField   nonuniform List<scalar> 
6300
(
322.686
322.057
321.43
320.805
320.182
319.564
318.95
318.341
317.738
317.143
316.556
315.977
315.408
314.849
314.301
322.685
322.056
321.428
320.802
320.179
319.559
318.944
318.335
317.731
317.135
316.547
315.967
315.398
314.838
314.29
322.684
322.054
321.424
320.796
320.172
319.551
318.934
318.323
317.718
317.12
316.53
315.949
315.377
314.816
314.267
322.683
322.05
321.418
320.788
320.161
319.537
318.918
318.304
317.697
317.096
316.504
315.92
315.347
314.784
314.232
322.682
322.045
321.41
320.777
320.147
319.52
318.897
318.28
317.669
317.065
316.469
315.883
315.306
314.74
314.186
322.68
322.04
321.401
320.763
320.129
319.498
318.871
318.25
317.634
317.026
316.426
315.835
315.254
314.685
314.127
322.677
322.033
321.389
320.747
320.108
319.472
318.84
318.213
317.593
316.979
316.373
315.777
315.192
314.617
314.056
322.675
322.025
321.376
320.728
320.083
319.442
318.804
318.171
317.544
316.924
316.312
315.709
315.118
314.538
313.972
322.672
322.016
321.361
320.707
320.056
319.408
318.763
318.123
317.489
316.861
316.241
315.631
315.032
314.445
313.873
322.669
322.006
321.344
320.684
320.026
319.37
318.718
318.07
317.427
316.79
316.161
315.542
314.933
314.339
313.76
322.665
321.995
321.327
320.659
319.993
319.329
318.668
318.011
317.359
316.712
316.072
315.441
314.822
314.217
313.63
322.661
321.984
321.308
320.632
319.958
319.285
318.615
317.948
317.285
316.626
315.974
315.329
314.696
314.078
313.48
322.657
321.972
321.288
320.604
319.921
319.24
318.56
317.882
317.207
316.535
315.868
315.207
314.555
313.918
313.304
322.653
321.96
321.267
320.575
319.883
319.192
318.502
317.813
317.126
316.44
315.756
315.076
314.4
313.735
313.094
322.649
321.948
321.246
320.545
319.844
319.144
318.444
317.743
317.043
316.343
315.642
314.94
314.235
313.529
312.83
313.81
313.372
312.943
312.523
312.112
311.711
311.32
310.939
310.568
310.208
309.858
309.52
309.191
308.874
308.568
308.272
307.987
307.712
307.448
307.194
306.95
306.715
306.49
306.274
306.066
305.867
305.675
305.491
305.314
305.144
304.98
304.821
304.669
304.521
304.378
304.238
304.103
303.971
303.842
303.716
303.591
303.469
303.348
303.228
303.109
302.99
302.87
302.751
302.63
302.509
302.385
302.26
302.132
302.002
301.868
301.731
301.589
301.443
301.292
301.136
300.975
300.807
300.632
300.451
300.262
300.066
299.861
299.648
299.426
299.195
298.955
298.705
298.445
298.174
297.893
297.602
297.299
296.986
296.661
296.325
295.978
295.62
295.25
294.87
294.478
294.076
293.663
293.24
292.807
292.364
313.798
313.36
312.93
312.509
312.098
311.697
311.306
310.924
310.554
310.193
309.843
309.504
309.176
308.859
308.552
308.257
307.972
307.698
307.434
307.18
306.936
306.702
306.477
306.261
306.054
305.855
305.664
305.481
305.305
305.135
304.971
304.814
304.662
304.514
304.372
304.233
304.098
303.967
303.838
303.713
303.589
303.467
303.346
303.227
303.108
302.99
302.871
302.752
302.632
302.511
302.388
302.263
302.136
302.006
301.873
301.736
301.595
301.45
301.3
301.144
300.983
300.816
300.642
300.461
300.273
300.077
299.873
299.661
299.439
299.209
298.969
298.719
298.459
298.189
297.909
297.617
297.315
297.001
296.677
296.341
295.994
295.635
295.266
294.885
294.494
294.091
293.678
293.254
292.82
292.377
313.774
313.335
312.904
312.483
312.071
311.669
311.277
310.895
310.524
310.163
309.813
309.474
309.146
308.828
308.522
308.227
307.942
307.668
307.405
307.152
306.909
306.676
306.452
306.237
306.031
305.833
305.643
305.461
305.286
305.117
304.955
304.799
304.648
304.501
304.36
304.223
304.089
303.959
303.831
303.706
303.584
303.463
303.343
303.225
303.107
302.99
302.872
302.754
302.636
302.516
302.394
302.27
302.144
302.015
301.883
301.748
301.608
301.464
301.315
301.161
301
300.834
300.662
300.482
300.295
300.1
299.897
299.686
299.465
299.236
298.997
298.748
298.488
298.219
297.939
297.648
297.346
297.033
296.708
296.373
296.026
295.667
295.297
294.916
294.524
294.121
293.707
293.283
292.848
292.403
313.738
313.297
312.865
312.443
312.03
311.627
311.234
310.852
310.479
310.118
309.767
309.428
309.099
308.782
308.476
308.181
307.897
307.624
307.362
307.11
306.868
306.636
306.413
306.2
305.996
305.8
305.612
305.431
305.258
305.091
304.93
304.776
304.626
304.482
304.342
304.207
304.075
303.946
303.82
303.697
303.576
303.457
303.339
303.222
303.106
302.99
302.874
302.758
302.641
302.522
302.402
302.28
302.156
302.029
301.899
301.765
301.627
301.485
301.337
301.185
301.026
300.862
300.691
300.513
300.328
300.134
299.933
299.723
299.504
299.276
299.038
298.79
298.532
298.264
297.985
297.694
297.393
297.08
296.756
296.42
296.073
295.715
295.345
294.963
294.57
294.166
293.751
293.326
292.89
292.443
313.689
313.246
312.813
312.389
311.975
311.571
311.177
310.793
310.42
310.058
309.706
309.366
309.037
308.72
308.414
308.12
307.837
307.565
307.304
307.053
306.813
306.583
306.362
306.151
305.949
305.755
305.569
305.391
305.22
305.056
304.898
304.745
304.598
304.456
304.319
304.186
304.056
303.929
303.806
303.685
303.566
303.449
303.333
303.219
303.104
302.991
302.877
302.763
302.648
302.531
302.414
302.294
302.172
302.047
301.919
301.788
301.652
301.512
301.367
301.217
301.061
300.899
300.73
300.554
300.371
300.18
299.981
299.773
299.556
299.33
299.094
298.848
298.591
298.324
298.046
297.756
297.456
297.144
296.82
296.485
296.137
295.778
295.408
295.026
294.632
294.227
293.811
293.383
292.946
292.497
313.628
313.183
312.748
312.322
311.906
311.5
311.105
310.72
310.345
309.981
309.629
309.288
308.959
308.642
308.337
308.043
307.761
307.49
307.231
306.982
306.744
306.516
306.298
306.089
305.89
305.699
305.516
305.341
305.173
305.012
304.857
304.707
304.563
304.424
304.29
304.159
304.032
303.909
303.788
303.67
303.554
303.439
303.326
303.214
303.102
302.991
302.88
302.768
302.656
302.543
302.428
302.311
302.192
302.07
301.945
301.816
301.684
301.547
301.405
301.257
301.104
300.945
300.779
300.607
300.426
300.238
300.041
299.836
299.621
299.397
299.164
298.919
298.665
298.399
298.123
297.835
297.535
297.224
296.901
296.565
296.218
295.859
295.488
295.105
294.71
294.304
293.886
293.456
293.016
292.565
313.553
313.106
312.669
312.241
311.823
311.416
311.018
310.631
310.255
309.889
309.536
309.194
308.865
308.547
308.242
307.95
307.669
307.4
307.142
306.896
306.66
306.435
306.22
306.015
305.819
305.631
305.452
305.28
305.116
304.959
304.807
304.662
304.521
304.386
304.255
304.128
304.004
303.884
303.767
303.652
303.539
303.427
303.317
303.208
303.1
302.992
302.884
302.775
302.666
302.556
302.444
302.331
302.215
302.097
301.975
301.85
301.721
301.588
301.45
301.306
301.157
301.001
300.839
300.669
300.492
300.307
300.114
299.912
299.7
299.479
299.248
299.006
298.754
298.49
298.216
297.929
297.631
297.321
296.998
296.663
296.316
295.956
295.584
295.2
294.804
294.396
293.977
293.545
293.102
292.647
313.465
313.015
312.576
312.146
311.726
311.317
310.917
310.527
310.148
309.781
309.426
309.083
308.752
308.435
308.131
307.839
307.56
307.293
307.038
306.794
306.561
306.34
306.128
305.927
305.735
305.552
305.377
305.21
305.05
304.897
304.75
304.609
304.473
304.341
304.214
304.091
303.972
303.855
303.742
303.63
303.521
303.414
303.307
303.202
303.097
302.992
302.888
302.783
302.678
302.571
302.464
302.354
302.243
302.128
302.011
301.89
301.765
301.636
301.502
301.363
301.218
301.066
300.908
300.742
300.569
300.389
300.199
300.001
299.793
299.575
299.347
299.108
298.858
298.597
298.325
298.041
297.744
297.435
297.113
296.778
296.431
296.07
295.698
295.313
294.916
294.506
294.084
293.65
293.204
292.745
313.363
312.91
312.468
312.037
311.615
311.203
310.801
310.408
310.026
309.656
309.298
308.953
308.622
308.305
308.001
307.712
307.435
307.17
306.917
306.677
306.447
306.23
306.023
305.826
305.639
305.461
305.291
305.129
304.974
304.826
304.685
304.548
304.417
304.291
304.169
304.05
303.935
303.823
303.713
303.607
303.502
303.398
303.296
303.195
303.094
302.993
302.893
302.792
302.691
302.589
302.485
302.381
302.274
302.164
302.051
301.936
301.816
301.692
301.562
301.428
301.288
301.141
300.987
300.826
300.658
300.482
300.297
300.103
299.9
299.686
299.461
299.226
298.979
298.721
298.451
298.169
297.875
297.567
297.246
296.911
296.563
296.202
295.829
295.443
295.044
294.633
294.209
293.772
293.322
292.859
313.246
312.79
312.346
311.913
311.491
311.077
310.671
310.275
309.888
309.513
309.151
308.803
308.471
308.155
307.853
307.566
307.291
307.03
306.78
306.543
306.318
306.104
305.903
305.712
305.531
305.358
305.195
305.038
304.889
304.747
304.611
304.481
304.356
304.235
304.117
304.004
303.893
303.786
303.682
303.58
303.48
303.381
303.284
303.187
303.09
302.994
302.897
302.801
302.705
302.608
302.51
302.41
302.308
302.204
302.097
301.986
301.872
301.754
301.63
301.501
301.366
301.225
301.076
300.921
300.758
300.587
300.408
300.219
300.021
299.811
299.591
299.359
299.115
298.861
298.594
298.316
298.024
297.719
297.398
297.064
296.714
296.352
295.977
295.59
295.191
294.779
294.353
293.913
293.459
292.99
313.111
312.653
312.209
311.776
311.354
310.938
310.529
310.127
309.734
309.351
308.984
308.632
308.299
307.983
307.685
307.401
307.13
306.872
306.625
306.392
306.171
305.963
305.767
305.583
305.409
305.244
305.087
304.937
304.795
304.659
304.53
304.407
304.288
304.173
304.061
303.953
303.848
303.746
303.647
303.55
303.456
303.363
303.27
303.178
303.086
302.994
302.902
302.811
302.72
302.628
302.536
302.442
302.346
302.248
302.147
302.042
301.934
301.823
301.706
301.584
301.455
301.319
301.176
301.026
300.869
300.704
300.532
300.35
300.157
299.953
299.737
299.508
299.268
299.017
298.755
298.481
298.194
297.891
297.571
297.236
296.885
296.519
296.142
295.755
295.356
294.944
294.517
294.075
293.616
293.141
312.955
312.497
312.054
311.626
311.207
310.791
310.378
309.968
309.564
309.17
308.793
308.436
308.101
307.788
307.495
307.218
306.952
306.697
306.453
306.222
306.005
305.803
305.616
305.441
305.276
305.119
304.969
304.826
304.69
304.562
304.441
304.326
304.214
304.106
304
303.897
303.797
303.701
303.608
303.518
303.43
303.343
303.257
303.169
303.082
302.994
302.907
302.82
302.735
302.65
302.564
302.478
302.388
302.296
302.201
302.103
302.002
301.899
301.79
301.675
301.553
301.423
301.285
301.141
300.99
300.833
300.669
300.495
300.31
300.112
299.899
299.674
299.436
299.189
298.932
298.665
298.385
298.086
297.768
297.43
297.074
296.703
296.323
295.935
295.539
295.13
294.704
294.259
293.794
293.313
312.774
312.318
311.878
311.462
311.055
310.64
310.223
309.799
309.379
308.964
308.574
308.207
307.872
307.564
307.284
307.019
306.759
306.507
306.262
306.033
305.819
305.624
305.446
305.284
305.131
304.984
304.841
304.703
304.575
304.455
304.344
304.239
304.137
304.036
303.936
303.838
303.742
303.651
303.565
303.483
303.404
303.324
303.243
303.161
303.077
302.993
302.91
302.828
302.749
302.671
302.595
302.517
302.434
302.349
302.259
302.168
302.075
301.981
301.883
301.776
301.662
301.537
301.405
301.264
301.12
300.971
300.819
300.658
300.482
300.29
300.081
299.857
299.618
299.374
299.124
298.869
298.601
298.309
297.993
297.649
297.285
296.901
296.515
296.126
295.74
295.342
294.917
294.471
293.997
293.51
312.555
312.116
311.669
311.287
310.915
310.493
310.079
309.624
309.189
308.723
308.321
307.932
307.606
307.301
307.05
306.813
306.555
306.309
306.048
305.821
305.604
305.422
305.253
305.112
304.981
304.841
304.707
304.568
304.447
304.334
304.239
304.151
304.056
303.965
303.868
303.776
303.679
303.595
303.514
303.445
303.379
303.306
303.233
303.154
303.075
302.989
302.911
302.833
302.762
302.691
302.627
302.561
302.485
302.407
302.318
302.235
302.149
302.07
301.987
301.889
301.785
301.663
301.537
301.392
301.256
301.113
300.982
300.842
300.674
300.495
300.282
300.061
299.807
299.568
299.32
299.093
298.853
298.565
298.258
297.896
297.525
297.101
296.711
296.311
295.957
295.593
295.161
294.72
294.219
293.74
312.264
311.925
311.365
311.1
310.847
310.334
309.996
309.419
309.044
308.393
308.048
307.568
307.31
306.961
306.794
306.639
306.334
306.132
305.783
305.596
305.341
305.202
305.017
304.928
304.845
304.687
304.582
304.404
304.31
304.185
304.126
304.071
303.97
303.903
303.793
303.721
303.599
303.534
303.447
303.404
303.363
303.287
303.234
303.144
303.083
302.975
302.914
302.826
302.775
302.701
302.662
302.621
302.54
302.48
302.37
302.306
302.213
302.164
302.113
302.01
301.934
301.795
301.695
301.509
301.401
301.24
301.157
301.067
300.884
300.747
300.495
300.313
299.973
299.777
299.484
299.334
299.176
298.845
298.603
298.157
297.84
297.252
296.921
296.429
296.188
295.94
295.419
295.057
294.406
294.032
291.866
291.31
290.743
290.164
289.575
288.976
288.369
287.755
287.134
286.507
285.876
285.241
284.602
283.962
283.321
291.879
291.322
290.754
290.174
289.584
288.984
288.376
287.761
287.139
286.512
285.879
285.243
284.605
283.964
283.321
291.904
291.346
290.776
290.194
289.602
289.001
288.391
287.774
287.15
286.521
285.887
285.249
284.609
283.966
283.322
291.942
291.382
290.809
290.224
289.63
289.026
288.413
287.793
287.166
286.534
285.898
285.258
284.615
283.97
283.323
291.993
291.429
290.853
290.265
289.667
289.059
288.442
287.818
287.188
286.553
285.913
285.269
284.623
283.974
283.325
292.057
291.49
290.909
290.316
289.713
289.1
288.478
287.85
287.215
286.575
285.931
285.283
284.633
283.98
283.327
292.136
291.563
290.976
290.378
289.768
289.149
288.522
287.888
287.247
286.602
285.952
285.3
284.644
283.987
283.329
292.228
291.649
291.056
290.45
289.833
289.207
288.572
287.931
287.284
286.633
285.977
285.319
284.658
283.995
283.332
292.336
291.749
291.147
290.533
289.907
289.272
288.629
287.98
287.326
286.667
286.005
285.34
284.673
284.004
283.335
292.46
291.864
291.252
290.626
289.99
289.345
288.692
288.034
287.371
286.705
286.035
285.363
284.689
284.014
283.338
292.602
291.994
291.369
290.731
290.082
289.425
288.761
288.093
287.421
286.746
286.068
285.388
284.707
284.024
283.342
292.764
292.141
291.5
290.845
290.181
289.51
288.835
288.156
287.473
286.789
286.102
285.414
284.725
284.036
283.345
292.95
292.307
291.643
290.969
290.287
289.601
288.912
288.221
287.528
286.834
286.138
285.442
284.745
284.047
283.349
293.166
292.492
291.798
291.099
290.397
289.694
288.991
288.288
287.584
286.88
286.175
285.47
284.764
284.059
283.353
293.43
292.696
291.96
291.23
290.507
289.787
289.07
288.355
287.64
286.926
286.212
285.498
284.784
284.071
283.357
322.645
321.936
321.227
320.518
319.809
319.099
318.39
317.679
316.968
316.255
315.539
314.817
314.086
313.332
312.516
322.642
321.926
321.21
320.493
319.777
319.059
318.341
317.622
316.901
316.177
315.448
314.713
313.965
313.197
312.395
322.639
321.916
321.193
320.469
319.745
319.02
318.294
317.566
316.836
316.102
315.364
314.617
313.86
313.084
312.28
322.635
321.906
321.176
320.445
319.714
318.982
318.248
317.512
316.774
316.031
315.284
314.53
313.766
312.992
312.211
322.632
321.896
321.159
320.422
319.684
318.944
318.203
317.46
316.714
315.964
315.21
314.449
313.682
312.903
312.105
322.629
321.886
321.143
320.399
319.655
318.908
318.16
317.41
316.657
315.9
315.14
314.374
313.604
312.83
312.054
322.626
321.877
321.128
320.377
319.626
318.874
318.119
317.362
316.603
315.84
315.073
314.303
313.53
312.758
312.002
322.623
321.868
321.113
320.357
319.599
318.84
318.08
317.317
316.551
315.782
315.009
314.233
313.455
312.676
311.894
322.62
321.859
321.098
320.336
319.573
318.809
318.042
317.273
316.501
315.726
314.948
314.166
313.381
312.595
311.821
322.617
321.851
321.085
320.317
319.549
318.778
318.006
317.232
316.454
315.673
314.889
314.1
313.307
312.507
311.69
322.614
321.843
321.072
320.299
319.525
318.75
317.972
317.192
316.409
315.623
314.833
314.038
313.238
312.432
311.622
322.612
321.836
321.059
320.282
319.503
318.722
317.94
317.155
316.367
315.576
314.781
313.981
313.174
312.358
311.525
322.61
321.829
321.047
320.265
319.482
318.697
317.91
317.12
316.328
315.532
314.732
313.928
313.117
312.298
311.474
322.607
321.822
321.036
320.25
319.462
318.673
317.881
317.087
316.291
315.491
314.687
313.879
313.065
312.243
311.404
322.605
321.816
321.026
320.235
319.443
318.65
317.854
317.057
316.256
315.453
314.646
313.835
313.019
312.199
311.373
322.603
321.81
321.016
320.222
319.426
318.629
317.829
317.028
316.224
315.418
314.607
313.794
312.977
312.158
311.345
322.602
321.805
321.007
320.209
319.409
318.609
317.806
317.002
316.194
315.385
314.572
313.756
312.936
312.115
311.288
322.6
321.799
320.999
320.197
319.394
318.59
317.784
316.977
316.167
315.354
314.538
313.72
312.898
312.074
311.253
322.598
321.795
320.991
320.186
319.38
318.573
317.764
316.954
316.141
315.326
314.508
313.686
312.862
312.032
311.192
322.597
321.79
320.983
320.175
319.367
318.557
317.746
316.932
316.117
315.299
314.479
313.656
312.829
311.997
311.162
322.595
321.786
320.976
320.166
319.355
318.542
317.728
316.913
316.095
315.275
314.453
313.628
312.799
311.966
311.122
322.594
321.782
320.97
320.157
319.343
318.528
317.712
316.894
316.075
315.253
314.429
313.603
312.774
311.941
311.105
322.593
321.779
320.964
320.149
319.333
318.516
317.697
316.878
316.056
315.233
314.408
313.58
312.75
311.919
311.09
322.592
321.775
320.958
320.141
319.323
318.504
317.684
316.862
316.039
315.214
314.387
313.559
312.729
311.896
311.062
322.591
321.772
320.953
320.134
319.314
318.493
317.671
316.848
316.023
315.197
314.369
313.539
312.708
311.876
311.045
322.59
321.769
320.949
320.128
319.306
318.483
317.66
316.835
316.009
315.181
314.352
313.521
312.689
311.855
311.018
322.589
321.767
320.945
320.122
319.298
318.474
317.649
316.823
315.995
315.167
314.336
313.504
312.671
311.836
311.001
322.588
321.765
320.941
320.116
319.291
318.466
317.639
316.812
315.983
315.153
314.322
313.489
312.654
311.817
310.975
322.587
321.762
320.937
320.111
319.285
318.458
317.631
316.802
315.972
315.141
314.309
313.475
312.64
311.802
310.962
322.587
321.76
320.934
320.107
319.279
318.451
317.623
316.793
315.962
315.13
314.297
313.463
312.627
311.788
310.946
322.586
321.759
320.931
320.103
319.274
318.445
317.615
316.785
315.953
315.121
314.287
313.452
312.616
311.778
310.939
322.586
321.757
320.928
320.099
319.269
318.439
317.609
316.777
315.945
315.112
314.278
313.442
312.606
311.769
310.933
322.585
321.756
320.926
320.096
319.265
318.434
317.603
316.771
315.938
315.104
314.269
313.434
312.598
311.76
310.922
322.585
321.754
320.924
320.093
319.261
318.43
317.597
316.765
315.931
315.097
314.262
313.426
312.59
311.753
310.916
322.584
321.753
320.922
320.09
319.258
318.425
317.593
316.759
315.925
315.09
314.255
313.419
312.582
311.745
310.906
322.584
321.752
320.92
320.087
319.255
318.422
317.588
316.754
315.92
315.085
314.249
313.413
312.576
311.738
310.901
322.584
321.751
320.918
320.085
319.252
318.419
317.585
316.75
315.915
315.08
314.244
313.407
312.57
311.732
310.892
322.583
321.75
320.917
320.083
319.25
318.416
317.581
316.746
315.911
315.075
314.239
313.402
312.565
311.727
310.888
322.583
321.749
320.916
320.082
319.248
318.413
317.578
316.743
315.908
315.072
314.235
313.398
312.561
311.722
310.883
322.583
321.749
320.915
320.08
319.246
318.411
317.576
316.741
315.905
315.068
314.232
313.395
312.557
311.719
310.88
322.583
321.748
320.914
320.079
319.244
318.409
317.574
316.738
315.902
315.066
314.229
313.392
312.554
311.716
310.879
322.583
321.748
320.913
320.078
319.243
318.408
317.572
316.736
315.9
315.064
314.227
313.389
312.552
311.714
310.876
322.583
321.748
320.913
320.077
319.242
318.407
317.571
316.735
315.898
315.062
314.225
313.387
312.55
311.712
310.874
322.582
321.747
320.912
320.077
319.241
318.406
317.57
316.734
315.897
315.06
314.223
313.386
312.548
311.711
310.873
322.582
321.747
320.912
320.076
319.241
318.405
317.569
316.733
315.896
315.059
314.222
313.385
312.547
311.71
310.872
322.582
321.747
320.912
320.076
319.241
318.405
317.569
316.732
315.896
315.059
314.222
313.384
312.547
311.709
310.871
322.582
321.747
320.912
320.076
319.241
318.405
317.569
316.732
315.896
315.059
314.222
313.384
312.547
311.709
310.87
322.582
321.747
320.912
320.076
319.241
318.405
317.569
316.733
315.896
315.059
314.222
313.384
312.547
311.709
310.871
322.582
321.747
320.912
320.077
319.241
318.405
317.569
316.733
315.897
315.06
314.223
313.385
312.547
311.709
310.871
322.582
321.747
320.912
320.077
319.242
318.406
317.57
316.734
315.898
315.061
314.224
313.386
312.549
311.71
310.872
322.583
321.748
320.913
320.078
319.243
318.407
317.572
316.736
315.899
315.062
314.225
313.388
312.55
311.712
310.873
322.583
321.748
320.914
320.079
319.244
318.409
317.573
316.737
315.901
315.065
314.228
313.39
312.552
311.714
310.875
322.583
321.749
320.914
320.08
319.245
318.41
317.575
316.739
315.903
315.067
314.23
313.393
312.555
311.717
310.879
322.583
321.749
320.915
320.081
319.247
318.412
317.577
316.742
315.906
315.07
314.233
313.396
312.559
311.721
310.882
322.583
321.75
320.917
320.083
319.249
318.415
317.58
316.745
315.91
315.074
314.237
313.4
312.563
311.725
310.887
322.584
321.751
320.918
320.085
319.251
318.418
317.583
316.749
315.914
315.078
314.242
313.405
312.567
311.729
310.891
322.584
321.752
320.919
320.087
319.254
318.421
317.587
316.753
315.918
315.083
314.247
313.41
312.572
311.735
310.897
322.584
321.753
320.921
320.089
319.257
318.424
317.591
316.757
315.923
315.088
314.252
313.416
312.578
311.74
310.901
322.585
321.754
320.923
320.092
319.26
318.428
317.596
316.763
315.929
315.094
314.259
313.422
312.585
311.746
310.905
322.585
321.755
320.925
320.095
319.264
318.433
317.601
316.769
315.935
315.101
314.266
313.43
312.592
311.754
310.914
322.586
321.757
320.928
320.098
319.268
318.438
317.607
316.775
315.943
315.109
314.275
313.439
312.601
311.762
310.921
322.586
321.758
320.93
320.102
319.273
318.444
317.614
316.783
315.951
315.118
314.284
313.449
312.612
311.774
310.934
322.587
321.76
320.933
320.106
319.278
318.45
317.621
316.791
315.96
315.128
314.295
313.46
312.624
311.786
310.945
322.587
321.762
320.937
320.111
319.284
318.457
317.629
316.8
315.97
315.139
314.306
313.472
312.637
311.801
310.966
322.588
321.764
320.94
320.116
319.291
318.465
317.638
316.81
315.981
315.151
314.319
313.486
312.651
311.815
310.978
322.589
321.767
320.944
320.121
319.298
318.473
317.648
316.821
315.993
315.164
314.333
313.501
312.667
311.831
310.998
322.59
321.769
320.948
320.127
319.305
318.482
317.659
316.833
316.007
315.179
314.349
313.517
312.683
311.847
311.008
322.591
321.772
320.953
320.134
319.314
318.492
317.67
316.847
316.022
315.195
314.366
313.535
312.701
311.864
311.02
322.592
321.775
320.958
320.141
319.323
318.503
317.683
316.861
316.038
315.213
314.385
313.555
312.722
311.885
311.046
322.593
321.778
320.964
320.148
319.332
318.515
317.697
316.877
316.055
315.232
314.406
313.578
312.746
311.91
311.066
322.594
321.782
320.97
320.157
319.343
318.528
317.712
316.894
316.075
315.253
314.429
313.603
312.773
311.94
311.104
322.595
321.786
320.976
320.166
319.355
318.542
317.728
316.913
316.096
315.276
314.454
313.63
312.803
311.972
311.132
322.597
321.79
320.983
320.176
319.367
318.557
317.746
316.933
316.118
315.301
314.482
313.66
312.835
312.01
311.187
322.598
321.795
320.991
320.186
319.38
318.573
317.765
316.955
316.142
315.328
314.511
313.691
312.869
312.046
311.219
322.6
321.799
320.999
320.197
319.395
318.591
317.785
316.978
316.168
315.356
314.542
313.725
312.905
312.084
311.268
322.602
321.805
321.007
320.209
319.41
318.609
317.807
317.003
316.196
315.387
314.575
313.76
312.941
312.119
311.293
322.603
321.81
321.016
320.222
319.426
318.629
317.83
317.029
316.226
315.42
314.611
313.798
312.981
312.157
311.32
322.605
321.816
321.026
320.235
319.443
318.65
317.855
317.058
316.258
315.456
314.65
313.84
313.025
312.204
311.379
322.607
321.822
321.036
320.25
319.462
318.673
317.882
317.088
316.292
315.494
314.691
313.885
313.074
312.255
311.422
322.61
321.829
321.047
320.265
319.482
318.697
317.91
317.121
316.329
315.534
314.736
313.934
313.128
312.316
311.503
322.612
321.836
321.059
320.281
319.502
318.722
317.94
317.155
316.367
315.577
314.783
313.986
313.185
312.379
311.56
322.614
321.843
321.071
320.298
319.524
318.749
317.971
317.191
316.408
315.623
314.833
314.041
313.247
312.452
311.667
322.617
321.851
321.084
320.316
319.548
318.777
318.005
317.23
316.452
315.671
314.886
314.098
313.308
312.518
311.725
322.62
321.859
321.098
320.335
319.572
318.807
318.04
317.27
316.497
315.721
314.941
314.157
313.37
312.585
311.812
322.623
321.867
321.112
320.355
319.598
318.838
318.077
317.313
316.546
315.775
314.999
314.218
313.432
312.643
311.852
322.625
321.876
321.127
320.376
319.625
318.871
318.116
317.358
316.597
315.832
315.061
314.283
313.497
312.702
311.891
322.629
321.885
321.142
320.398
319.653
318.906
318.157
317.406
316.652
315.892
315.127
314.353
313.569
312.773
311.969
322.632
321.895
321.158
320.42
319.682
318.942
318.2
317.457
316.709
315.958
315.199
314.432
313.65
312.849
312.02
322.635
321.905
321.174
320.443
319.712
318.979
318.245
317.509
316.77
316.027
315.278
314.52
313.745
312.944
312.098
322.638
321.915
321.191
320.467
319.743
319.018
318.292
317.564
316.835
316.102
315.364
314.619
313.859
313.071
312.21
293.743
292.885
292.101
291.345
290.604
289.87
289.141
288.415
287.691
286.968
286.246
285.524
284.803
284.082
283.361
293.849
293.005
292.209
291.44
290.687
289.942
289.204
288.469
287.736
287.005
286.276
285.547
284.819
284.091
283.364
293.912
293.091
292.298
291.524
290.763
290.01
289.263
288.52
287.78
287.042
286.306
285.57
284.835
284.101
283.367
293.948
293.157
292.374
291.599
290.833
290.074
289.32
288.57
287.823
287.078
286.334
285.592
284.851
284.11
283.37
293.986
293.218
292.442
291.668
290.899
290.134
289.374
288.617
287.863
287.112
286.362
285.614
284.866
284.12
283.373
294.062
293.286
292.509
291.733
290.96
290.191
289.425
288.662
287.902
287.145
286.389
285.634
284.881
284.128
283.376
294.117
293.352
292.575
291.797
291.02
290.245
289.474
288.706
287.94
287.176
286.415
285.654
284.895
284.137
283.379
294.215
293.427
292.643
291.859
291.077
290.297
289.521
288.747
287.976
287.206
286.439
285.674
284.909
284.145
283.382
294.28
293.499
292.709
291.919
291.131
290.347
289.565
288.786
288.01
287.235
286.463
285.692
284.922
284.153
283.384
294.396
293.578
292.775
291.978
291.184
290.394
289.607
288.823
288.042
287.263
286.485
285.709
284.934
284.16
283.387
294.458
293.646
292.837
292.033
291.234
290.439
289.648
288.859
288.073
287.289
286.507
285.726
284.946
284.167
283.389
294.545
293.711
292.894
292.085
291.281
290.482
289.686
288.892
288.102
287.313
286.527
285.742
284.957
284.174
283.391
294.591
293.766
292.946
292.133
291.325
290.521
289.721
288.924
288.129
287.337
286.546
285.756
284.968
284.181
283.393
294.653
293.816
292.993
292.177
291.366
290.559
289.755
288.954
288.155
287.359
286.564
285.77
284.978
284.187
283.395
294.682
293.856
293.035
292.217
291.404
290.593
289.786
288.982
288.18
287.379
286.581
285.784
284.988
284.192
283.397
294.708
293.893
293.074
292.255
291.439
290.626
289.816
289.008
288.202
287.399
286.597
285.796
284.997
284.198
283.399
294.76
293.934
293.111
292.29
291.472
290.656
289.843
289.032
288.224
287.417
286.612
285.808
285.005
284.203
283.401
294.794
293.972
293.147
292.323
291.503
290.684
289.868
289.055
288.243
287.434
286.626
285.819
285.013
284.207
283.402
294.852
294.012
293.181
292.355
291.531
290.71
289.892
289.076
288.262
287.449
286.639
285.829
285.02
284.212
283.404
294.881
294.046
293.213
292.384
291.558
290.735
289.914
289.096
288.279
287.464
286.651
285.838
285.027
284.216
283.405
294.922
294.077
293.241
292.41
291.582
290.757
289.934
289.114
288.295
287.478
286.662
285.847
285.033
284.22
283.406
294.943
294.103
293.266
292.434
291.604
290.777
289.953
289.13
288.31
287.49
286.672
285.855
285.039
284.223
283.408
294.97
294.126
293.289
292.455
291.624
290.796
289.97
289.146
288.323
287.502
286.682
285.863
285.044
284.226
283.409
294.982
294.144
293.308
292.474
291.642
290.813
289.986
289.16
288.335
287.512
286.69
285.869
285.049
284.229
283.41
294.993
294.16
293.325
292.491
291.659
290.828
290
289.172
288.347
287.522
286.698
285.876
285.054
284.232
283.411
295.014
294.177
293.341
292.507
291.674
290.842
290.013
289.184
288.357
287.531
286.706
285.881
285.058
284.234
283.411
295.027
294.192
293.356
292.521
291.687
290.855
290.024
289.195
288.366
287.539
286.713
285.887
285.062
284.237
283.412
295.049
294.208
293.37
292.534
291.7
290.867
290.035
289.204
288.375
287.546
286.719
285.892
285.065
284.239
283.413
295.06
294.221
293.383
292.546
291.711
290.877
290.045
289.213
288.383
287.553
286.724
285.896
285.068
284.241
283.414
295.075
294.233
293.394
292.557
291.721
290.887
290.053
289.221
288.39
287.559
286.729
285.9
285.071
284.243
283.414
295.082
294.242
293.403
292.566
291.73
290.895
290.061
289.228
288.396
287.565
286.734
285.903
285.074
284.244
283.415
295.092
294.251
293.412
292.574
291.738
290.902
290.068
289.234
288.402
287.569
286.738
285.907
285.076
284.245
283.415
295.096
294.257
293.419
292.581
291.745
290.909
290.074
289.24
288.407
287.574
286.741
285.91
285.078
284.247
283.416
295.1
294.262
293.425
292.587
291.751
290.915
290.08
289.245
288.411
287.578
286.745
285.912
285.08
284.248
283.416
295.106
294.268
293.43
292.593
291.756
290.92
290.084
289.25
288.415
287.581
286.748
285.914
285.082
284.249
283.416
295.11
294.273
293.435
292.598
291.761
290.925
290.089
289.253
288.419
287.584
286.75
285.916
285.083
284.25
283.417
295.117
294.277
293.439
292.602
291.765
290.928
290.092
289.257
288.422
287.587
286.752
285.918
285.084
284.25
283.417
295.12
294.281
293.443
292.606
291.769
290.932
290.096
289.26
288.424
287.589
286.754
285.92
285.085
284.251
283.417
295.123
294.284
293.446
292.609
291.772
290.935
290.098
289.262
288.426
287.591
286.756
285.921
285.086
284.252
283.417
295.125
294.287
293.449
292.611
291.774
290.937
290.101
289.264
288.428
287.593
286.757
285.922
285.087
284.252
283.417
295.126
294.288
293.451
292.613
291.776
290.939
290.102
289.266
288.43
287.594
286.758
285.923
285.088
284.253
283.418
295.128
294.29
293.452
292.615
291.778
290.941
290.104
289.267
288.431
287.595
286.759
285.924
285.088
284.253
283.418
295.129
294.291
293.454
292.616
291.779
290.942
290.105
289.268
288.432
287.596
286.76
285.924
285.089
284.253
283.418
295.13
294.292
293.454
292.617
291.78
290.943
290.106
289.269
288.433
287.596
286.76
285.925
285.089
284.253
283.418
295.13
294.293
293.455
292.617
291.78
290.943
290.106
289.269
288.433
287.597
286.761
285.925
285.089
284.253
283.418
295.13
294.293
293.455
292.617
291.78
290.943
290.106
289.269
288.433
287.597
286.761
285.925
285.089
284.253
283.418
295.13
294.292
293.455
292.617
291.78
290.943
290.106
289.269
288.433
287.597
286.761
285.925
285.089
284.253
283.418
295.129
294.291
293.454
292.616
291.779
290.942
290.105
289.269
288.432
287.596
286.76
285.924
285.089
284.253
283.418
295.128
294.29
293.453
292.615
291.778
290.941
290.104
289.268
288.431
287.595
286.76
285.924
285.088
284.253
283.418
295.126
294.289
293.451
292.614
291.776
290.939
290.103
289.266
288.43
287.594
286.759
285.923
285.088
284.253
283.418
295.125
294.287
293.449
292.612
291.774
290.938
290.101
289.265
288.429
287.593
286.758
285.922
285.087
284.252
283.417
295.124
294.285
293.447
292.609
291.772
290.935
290.099
289.263
288.427
287.592
286.756
285.921
285.087
284.252
283.417
295.12
294.281
293.444
292.606
291.769
290.933
290.096
289.26
288.425
287.59
286.755
285.92
285.086
284.251
283.417
295.117
294.278
293.44
292.602
291.766
290.929
290.093
289.258
288.423
287.588
286.753
285.919
285.085
284.251
283.417
295.11
294.273
293.435
292.598
291.762
290.926
290.09
289.255
288.42
287.585
286.751
285.917
285.084
284.25
283.417
295.106
294.268
293.43
292.594
291.757
290.921
290.086
289.251
288.416
287.582
286.749
285.915
285.082
284.249
283.416
295.098
294.262
293.425
292.588
291.752
290.916
290.081
289.247
288.413
287.579
286.746
285.913
285.081
284.248
283.416
295.094
294.256
293.419
292.582
291.746
290.911
290.076
289.242
288.409
287.576
286.743
285.911
285.079
284.247
283.416
295.085
294.249
293.412
292.576
291.74
290.905
290.071
289.237
288.404
287.572
286.74
285.908
285.077
284.246
283.415
295.081
294.242
293.405
292.568
291.733
290.898
290.064
289.231
288.399
287.567
286.736
285.905
285.075
284.245
283.415
295.076
294.235
293.397
292.56
291.725
290.891
290.057
289.225
288.393
287.562
286.732
285.902
285.073
284.243
283.414
295.064
294.225
293.387
292.551
291.716
290.882
290.049
289.218
288.387
287.557
286.727
285.898
285.07
284.242
283.414
295.054
294.213
293.376
292.54
291.706
290.873
290.041
289.21
288.38
287.551
286.722
285.895
285.067
284.24
283.413
295.035
294.199
293.363
292.528
291.695
290.862
290.031
289.201
288.372
287.544
286.717
285.89
285.064
284.238
283.413
295.023
294.186
293.35
292.515
291.682
290.851
290.02
289.191
288.364
287.537
286.711
285.885
285.061
284.236
283.412
295.004
294.17
293.335
292.501
291.669
290.838
290.009
289.181
288.354
287.529
286.704
285.88
285.057
284.234
283.411
294.994
294.156
293.32
292.486
291.654
290.824
289.996
289.169
288.344
287.52
286.697
285.874
285.053
284.231
283.41
294.983
294.14
293.302
292.469
291.638
290.809
289.982
289.156
288.333
287.51
286.689
285.868
285.048
284.229
283.41
294.958
294.119
293.282
292.449
291.619
290.792
289.966
289.143
288.32
287.5
286.68
285.861
285.043
284.226
283.409
294.939
294.096
293.26
292.428
291.599
290.773
289.949
289.127
288.307
287.488
286.67
285.854
285.038
284.223
283.407
294.902
294.067
293.234
292.404
291.577
290.753
289.931
289.111
288.293
287.476
286.66
285.846
285.032
284.219
283.406
294.875
294.036
293.205
292.378
291.553
290.731
289.911
289.093
288.277
287.462
286.649
285.837
285.026
284.215
283.405
294.822
294
293.174
292.349
291.527
290.707
289.889
289.074
288.26
287.448
286.637
285.828
285.019
284.211
283.404
294.792
293.965
293.141
292.319
291.499
290.681
289.866
289.053
288.242
287.432
286.625
285.818
285.012
284.207
283.402
294.744
293.928
293.107
292.287
291.469
290.654
289.841
289.031
288.222
287.416
286.611
285.807
285.004
284.202
283.401
294.721
293.895
293.072
292.253
291.437
290.624
289.814
289.007
288.201
287.398
286.596
285.796
284.996
284.197
283.399
294.695
293.858
293.034
292.216
291.403
290.593
289.786
288.981
288.179
287.379
286.58
285.783
284.987
284.192
283.397
294.639
293.813
292.992
292.177
291.366
290.559
289.755
288.954
288.155
287.358
286.564
285.77
284.978
284.186
283.395
294.598
293.765
292.946
292.133
291.326
290.522
289.722
288.925
288.13
287.337
286.546
285.756
284.968
284.18
283.393
294.52
293.706
292.894
292.087
291.283
290.483
289.687
288.893
288.102
287.314
286.527
285.742
284.957
284.174
283.391
294.467
293.647
292.839
292.037
291.238
290.442
289.65
288.86
288.074
287.289
286.507
285.726
284.946
284.167
283.389
294.365
293.578
292.781
291.984
291.19
290.398
289.61
288.825
288.043
287.263
286.485
285.709
284.934
284.16
283.387
294.31
293.515
292.722
291.929
291.139
290.352
289.568
288.788
288.011
287.236
286.463
285.692
284.922
284.153
283.384
294.229
293.452
292.662
291.873
291.086
290.303
289.524
288.749
287.976
287.207
286.439
285.673
284.909
284.145
283.382
294.19
293.396
292.603
291.814
291.03
290.251
289.477
288.707
287.94
287.176
286.414
285.654
284.895
284.137
283.379
294.153
293.339
292.54
291.751
290.97
290.196
289.427
288.663
287.902
287.144
286.388
285.634
284.88
284.128
283.376
294.081
293.272
292.471
291.683
290.906
290.137
289.374
288.616
287.862
287.11
286.361
285.612
284.865
284.119
283.373
294.032
293.199
292.392
291.607
290.835
290.073
289.318
288.567
287.82
287.075
286.332
285.59
284.85
284.11
283.37
293.959
293.106
292.299
291.52
290.757
290.004
289.258
288.515
287.776
287.038
286.302
285.568
284.834
284.1
283.367
293.848
292.98
292.187
291.423
290.673
289.931
289.194
288.461
287.73
287.001
286.272
285.544
284.817
284.09
283.363
322.642
321.926
321.21
320.494
319.777
319.061
318.344
317.626
316.908
316.188
315.465
314.738
314.006
313.267
312.531
322.646
321.938
321.23
320.523
319.815
319.108
318.402
317.695
316.99
316.284
315.579
314.875
314.173
313.478
312.803
322.65
321.95
321.25
320.551
319.853
319.156
318.459
317.764
317.071
316.38
315.693
315.009
314.333
313.67
313.027
322.654
321.962
321.27
320.58
319.89
319.202
318.515
317.832
317.151
316.474
315.802
315.137
314.482
313.84
313.218
322.658
321.973
321.289
320.607
319.925
319.246
318.57
317.896
317.227
316.562
315.905
315.255
314.617
313.992
313.385
322.661
321.984
321.308
320.632
319.959
319.288
318.62
317.957
317.298
316.645
315.999
315.363
314.738
314.126
313.531
322.665
321.994
321.324
320.656
319.99
319.327
318.668
318.013
317.363
316.72
316.085
315.459
314.845
314.245
313.659
322.668
322.003
321.34
320.678
320.019
319.363
318.71
318.063
317.422
316.787
316.161
315.545
314.94
314.348
313.77
322.67
322.012
321.354
320.698
320.044
319.394
318.749
318.108
317.474
316.846
316.228
315.619
315.022
314.437
313.866
322.673
322.019
321.366
320.715
320.067
319.422
318.782
318.147
317.518
316.897
316.285
315.682
315.091
314.512
313.946
322.675
322.025
321.376
320.729
320.085
319.445
318.809
318.179
317.556
316.94
316.332
315.735
315.148
314.574
314.012
322.676
322.03
321.384
320.741
320.1
319.464
318.832
318.205
317.586
316.974
316.37
315.777
315.194
314.623
314.065
322.678
322.033
321.391
320.75
320.112
319.478
318.849
318.225
317.608
316.999
316.399
315.808
315.228
314.66
314.104
322.679
322.036
321.395
320.756
320.12
319.487
318.86
318.238
317.623
317.016
316.418
315.829
315.251
314.684
314.13
322.679
322.037
321.397
320.759
320.123
319.492
318.866
318.245
317.631
317.025
316.427
315.839
315.262
314.696
314.143
311.928
311.555
310.911
310.553
310.04
309.795
309.557
309.074
308.749
308.171
307.861
307.426
307.189
306.869
306.716
306.573
306.294
306.111
305.797
305.632
305.414
305.311
305.219
305.046
304.935
304.754
304.638
304.445
304.344
304.213
304.15
304.093
303.988
303.919
303.807
303.733
303.61
303.543
303.455
303.412
303.371
303.294
303.241
303.152
303.09
302.983
302.922
302.835
302.783
302.71
302.672
302.632
302.552
302.492
302.384
302.321
302.23
302.182
302.132
302.031
301.955
301.82
301.721
301.539
301.433
301.276
301.195
301.107
300.928
300.794
300.548
300.369
300.036
299.844
299.556
299.409
299.253
298.928
298.689
298.249
297.935
297.352
297.023
296.534
296.294
296.046
295.526
295.164
294.511
294.135
312.23
311.753
311.255
310.819
310.392
310.033
309.684
309.29
308.906
308.49
308.127
307.773
307.474
307.194
306.962
306.745
306.508
306.284
306.047
305.844
305.654
305.498
305.354
305.199
305.053
304.899
304.755
304.606
304.479
304.36
304.262
304.171
304.074
303.981
303.882
303.788
303.69
303.605
303.523
303.454
303.387
303.314
303.241
303.162
303.083
302.998
302.92
302.842
302.772
302.702
302.638
302.573
302.498
302.421
302.333
302.251
302.167
302.089
302.007
301.911
301.809
301.689
301.565
301.424
301.29
301.15
301.021
300.884
300.719
300.543
300.335
300.118
299.868
299.633
299.389
299.165
298.929
298.644
298.341
297.983
297.615
297.194
296.807
296.408
296.055
295.691
295.26
294.818
294.315
293.834
312.467
311.983
311.512
311.069
310.649
310.256
309.875
309.491
309.112
308.734
308.378
308.041
307.733
307.449
307.189
306.945
306.705
306.474
306.249
306.04
305.846
305.669
305.503
305.34
305.183
305.029
304.88
304.736
304.603
304.479
304.365
304.258
304.153
304.05
303.949
303.85
303.753
303.661
303.574
303.492
303.413
303.333
303.252
303.169
303.086
303.002
302.92
302.839
302.76
302.683
302.607
302.53
302.448
302.364
302.275
302.185
302.094
302.001
301.904
301.8
301.687
301.565
301.435
301.296
301.154
301.008
300.859
300.7
300.527
300.339
300.133
299.913
299.678
299.437
299.19
298.939
298.675
298.385
298.072
297.731
297.37
296.989
296.604
296.216
295.831
295.434
295.009
294.561
294.086
293.597
312.671
312.192
311.73
311.288
310.866
310.462
310.071
309.688
309.314
308.949
308.6
308.269
307.959
307.668
307.396
307.138
306.891
306.654
306.428
306.214
306.013
305.825
305.646
305.475
305.31
305.151
304.998
304.851
304.713
304.582
304.459
304.342
304.229
304.119
304.012
303.908
303.807
303.71
303.617
303.527
303.439
303.352
303.265
303.178
303.091
303.004
302.917
302.831
302.746
302.662
302.577
302.492
302.403
302.312
302.218
302.122
302.022
301.92
301.813
301.699
301.579
301.451
301.316
301.173
301.025
300.87
300.709
300.538
300.356
300.16
299.951
299.729
299.495
299.251
298.997
298.733
298.455
298.159
297.844
297.509
297.155
296.786
296.408
296.02
295.625
295.216
294.79
294.343
293.877
293.394
312.848
312.376
311.92
311.48
311.057
310.65
310.256
309.873
309.502
309.142
308.798
308.469
308.156
307.861
307.581
307.316
307.062
306.82
306.59
306.371
306.163
305.966
305.779
305.6
305.429
305.264
305.106
304.955
304.811
304.674
304.544
304.42
304.3
304.184
304.071
303.963
303.857
303.755
303.656
303.559
303.465
303.372
303.279
303.187
303.096
303.004
302.913
302.822
302.732
302.641
302.55
302.457
302.362
302.265
302.165
302.062
301.955
301.845
301.73
301.609
301.482
301.348
301.207
301.059
300.904
300.742
300.572
300.393
300.203
300.002
299.788
299.562
299.325
299.077
298.818
298.547
298.262
297.961
297.645
297.311
296.962
296.598
296.222
295.835
295.437
295.025
294.598
294.154
293.693
293.217
313.003
312.537
312.085
311.649
311.226
310.819
310.424
310.042
309.672
309.315
308.972
308.644
308.33
308.031
307.747
307.476
307.217
306.971
306.735
306.511
306.298
306.094
305.9
305.715
305.538
305.368
305.205
305.049
304.9
304.758
304.622
304.491
304.365
304.244
304.126
304.012
303.902
303.795
303.69
303.588
303.488
303.39
303.293
303.196
303.1
303.004
302.909
302.813
302.717
302.621
302.524
302.425
302.325
302.222
302.116
302.006
301.894
301.777
301.655
301.528
301.395
301.255
301.108
300.955
300.794
300.626
300.449
300.263
300.067
299.86
299.642
299.412
299.172
298.92
298.656
298.38
298.09
297.787
297.469
297.136
296.788
296.427
296.053
295.667
295.268
294.856
294.429
293.988
293.532
293.062
313.138
312.678
312.23
311.796
311.376
310.969
310.575
310.193
309.825
309.469
309.127
308.798
308.483
308.182
307.894
307.619
307.356
307.105
306.865
306.636
306.418
306.209
306.01
305.819
305.637
305.462
305.294
305.134
304.98
304.832
304.691
304.555
304.424
304.298
304.176
304.057
303.942
303.83
303.721
303.615
303.51
303.407
303.305
303.204
303.104
303.004
302.904
302.804
302.704
302.603
302.501
302.397
302.291
302.182
302.071
301.956
301.838
301.715
301.588
301.455
301.316
301.171
301.02
300.861
300.695
300.521
300.338
300.146
299.945
299.734
299.512
299.278
299.034
298.778
298.511
298.231
297.939
297.633
297.314
296.981
296.634
296.274
295.901
295.516
295.117
294.706
294.282
293.844
293.392
292.927
313.256
312.799
312.356
311.924
311.506
311.1
310.707
310.327
309.959
309.604
309.261
308.932
308.616
308.313
308.022
307.744
307.478
307.223
306.98
306.747
306.524
306.311
306.107
305.911
305.724
305.545
305.373
305.209
305.051
304.899
304.753
304.612
304.477
304.346
304.22
304.097
303.978
303.862
303.749
303.638
303.529
303.422
303.317
303.212
303.108
303.004
302.9
302.796
302.691
302.586
302.479
302.371
302.26
302.147
302.031
301.912
301.788
301.661
301.528
301.39
301.247
301.097
300.941
300.777
300.606
300.427
300.24
300.044
299.838
299.623
299.397
299.16
298.913
298.654
298.384
298.101
297.806
297.499
297.179
296.845
296.499
296.139
295.767
295.383
294.986
294.576
294.153
293.718
293.27
292.81
313.356
312.904
312.463
312.035
311.618
311.214
310.822
310.442
310.075
309.72
309.378
309.048
308.731
308.426
308.134
307.853
307.584
307.326
307.079
306.843
306.616
306.399
306.191
305.992
305.801
305.618
305.443
305.274
305.112
304.957
304.807
304.663
304.524
304.389
304.259
304.132
304.01
303.89
303.773
303.659
303.546
303.436
303.326
303.218
303.111
303.003
302.896
302.788
302.68
302.571
302.46
302.348
302.233
302.116
301.996
301.872
301.745
301.613
301.476
301.334
301.186
301.032
300.872
300.704
300.529
300.346
300.155
299.955
299.746
299.526
299.297
299.058
298.807
298.546
298.273
297.988
297.692
297.383
297.062
296.728
296.382
296.023
295.651
295.268
294.872
294.463
294.043
293.61
293.166
292.71
313.441
312.992
312.554
312.128
311.713
311.31
310.92
310.541
310.174
309.819
309.477
309.146
308.828
308.522
308.228
307.945
307.674
307.414
307.164
306.924
306.695
306.475
306.264
306.061
305.867
305.681
305.502
305.33
305.165
305.006
304.853
304.706
304.563
304.426
304.292
304.163
304.037
303.914
303.794
303.676
303.561
303.447
303.335
303.224
303.113
303.003
302.892
302.782
302.67
302.558
302.444
302.328
302.21
302.09
301.966
301.839
301.707
301.572
301.431
301.286
301.134
300.977
300.813
300.642
300.463
300.277
300.082
299.879
299.667
299.444
299.213
298.97
298.718
298.454
298.179
297.893
297.595
297.285
296.963
296.628
296.282
295.923
295.553
295.17
294.775
294.368
293.95
293.519
293.078
292.625
313.51
313.064
312.629
312.205
311.792
311.39
311
310.622
310.255
309.901
309.558
309.228
308.909
308.602
308.306
308.022
307.748
307.486
307.234
306.992
306.76
306.538
306.324
306.119
305.922
305.733
305.552
305.377
305.209
305.048
304.892
304.742
304.597
304.456
304.32
304.188
304.059
303.934
303.811
303.691
303.573
303.457
303.342
303.228
303.115
303.002
302.889
302.776
302.662
302.547
302.43
302.312
302.191
302.067
301.941
301.81
301.676
301.538
301.394
301.246
301.091
300.931
300.764
300.59
300.409
300.219
300.022
299.816
299.601
299.377
299.142
298.898
298.643
298.378
298.101
297.814
297.514
297.203
296.881
296.546
296.2
295.842
295.471
295.089
294.695
294.29
293.873
293.445
293.005
292.555
313.565
313.122
312.688
312.265
311.854
311.453
311.064
310.686
310.32
309.966
309.623
309.292
308.972
308.664
308.368
308.082
307.808
307.544
307.29
307.046
306.812
306.588
306.372
306.165
305.966
305.775
305.591
305.415
305.245
305.081
304.923
304.771
304.623
304.481
304.342
304.208
304.077
303.95
303.825
303.703
303.583
303.465
303.348
303.232
303.117
303.002
302.887
302.771
302.655
302.538
302.419
302.298
302.175
302.049
301.92
301.788
301.651
301.51
301.365
301.214
301.057
300.894
300.725
300.548
300.365
300.173
299.974
299.766
299.549
299.322
299.086
298.84
298.584
298.317
298.039
297.751
297.451
297.139
296.816
296.481
296.135
295.776
295.407
295.025
294.632
294.228
293.812
293.385
292.948
292.5
313.606
313.164
312.732
312.311
311.9
311.5
311.111
310.734
310.368
310.014
309.671
309.34
309.02
308.711
308.414
308.128
307.852
307.587
307.332
307.087
306.852
306.625
306.408
306.199
305.999
305.806
305.621
305.443
305.271
305.106
304.946
304.792
304.643
304.499
304.359
304.223
304.091
303.962
303.836
303.712
303.59
303.471
303.352
303.235
303.118
303.001
302.885
302.768
302.65
302.531
302.411
302.288
302.163
302.036
301.905
301.771
301.633
301.49
301.342
301.19
301.031
300.867
300.695
300.517
300.332
300.139
299.938
299.728
299.51
299.282
299.045
298.797
298.54
298.272
297.993
297.704
297.403
297.091
296.767
296.432
296.086
295.728
295.358
294.977
294.585
294.181
293.767
293.341
292.905
292.459
313.634
313.192
312.761
312.341
311.93
311.531
311.143
310.766
310.4
310.046
309.703
309.372
309.052
308.743
308.445
308.158
307.881
307.615
307.36
307.114
306.877
306.65
306.432
306.222
306.021
305.827
305.641
305.461
305.289
305.122
304.962
304.806
304.656
304.511
304.37
304.233
304.1
303.97
303.843
303.718
303.595
303.475
303.355
303.237
303.119
303.001
302.884
302.766
302.647
302.527
302.405
302.282
302.156
302.027
301.895
301.76
301.62
301.476
301.327
301.173
301.014
300.848
300.676
300.497
300.31
300.116
299.914
299.703
299.484
299.255
299.017
298.769
298.51
298.242
297.963
297.672
297.371
297.059
296.735
296.4
296.054
295.696
295.326
294.946
294.554
294.151
293.737
293.312
292.877
292.432
313.647
313.207
312.776
312.356
311.946
311.547
311.159
310.782
310.416
310.062
309.719
309.388
309.067
308.758
308.46
308.173
307.896
307.63
307.374
307.127
306.89
306.663
306.444
306.234
306.032
305.838
305.651
305.471
305.297
305.13
304.969
304.814
304.663
304.517
304.376
304.238
304.105
303.974
303.846
303.721
303.598
303.476
303.356
303.237
303.119
303.001
302.883
302.764
302.645
302.524
302.402
302.278
302.152
302.022
301.89
301.754
301.614
301.469
301.32
301.165
301.005
300.839
300.666
300.486
300.299
300.105
299.902
299.691
299.471
299.242
299.003
298.754
298.496
298.227
297.947
297.657
297.356
297.043
296.719
296.384
296.038
295.68
295.31
294.93
294.538
294.135
293.722
293.297
292.863
292.419
293.527
292.786
292.042
291.305
290.573
289.846
289.122
288.4
287.679
286.958
286.238
285.518
284.799
284.079
283.36
293.256
292.576
291.876
291.169
290.46
289.751
289.041
288.332
287.622
286.911
286.201
285.49
284.779
284.067
283.356
293.033
292.385
291.716
291.035
290.348
289.656
288.961
288.263
287.565
286.865
286.163
285.461
284.759
284.055
283.352
292.842
292.215
291.569
290.909
290.239
289.563
288.882
288.197
287.509
286.819
286.127
285.433
284.739
284.044
283.348
292.675
292.064
291.434
290.791
290.137
289.475
288.806
288.133
287.455
286.775
286.092
285.407
284.72
284.032
283.344
292.529
291.93
291.314
290.684
290.043
289.393
288.736
288.073
287.405
286.733
286.058
285.381
284.702
284.022
283.341
292.402
291.812
291.206
290.588
289.958
289.318
288.671
288.017
287.358
286.694
286.027
285.357
284.685
284.012
283.337
292.291
291.709
291.112
290.503
289.882
289.251
288.613
287.967
287.316
286.659
285.999
285.336
284.67
284.003
283.334
292.196
291.62
291.031
290.429
289.815
289.192
288.561
287.922
287.278
286.628
285.974
285.316
284.656
283.994
283.332
292.115
291.545
290.961
290.365
289.758
289.142
288.517
287.884
287.245
286.6
285.952
285.299
284.644
283.987
283.329
292.049
291.483
290.904
290.313
289.711
289.099
288.479
287.851
287.217
286.577
285.933
285.285
284.634
283.981
283.327
291.997
291.434
290.859
290.271
289.673
289.066
288.449
287.825
287.195
286.559
285.918
285.273
284.626
283.976
283.326
291.958
291.398
290.825
290.24
289.645
289.04
288.427
287.806
287.178
286.545
285.907
285.265
284.62
283.973
283.324
291.932
291.373
290.802
290.219
289.626
289.023
288.412
287.793
287.167
286.535
285.899
285.259
284.615
283.97
283.324
291.919
291.361
290.791
290.209
289.617
289.015
288.404
287.786
287.161
286.531
285.895
285.256
284.613
283.969
283.323
)
;

boundaryField
{
    hot
    {
        type            fixedValue;
        value           uniform 323;
    }
    cold
    {
        type            fixedValue;
        value           uniform 283;
    }
    interface_left
    {
        type            fixedValue;
        value           nonuniform List<scalar> 
90
(
311.995
311.995
311.851
311.851
311.671
311.671
311.671
311.481
311.481
311.243
311.243
311.08
311.08
310.963
310.963
310.963
310.866
310.866
310.756
310.756
310.69
310.69
310.69
310.642
310.642
310.596
310.596
310.55
310.55
310.523
310.523
310.523
310.505
310.505
310.489
310.489
310.474
310.474
310.466
310.466
310.466
310.461
310.461
310.458
310.458
310.456
310.456
310.457
310.457
310.457
310.459
310.459
310.465
310.465
310.475
310.475
310.486
310.486
310.486
310.5
310.5
310.522
310.522
310.559
310.559
310.593
310.593
310.593
310.636
310.636
310.699
310.699
310.798
310.798
310.884
310.884
310.884
310.983
310.983
311.12
311.12
311.315
311.315
311.463
311.463
311.463
311.59
311.59
311.655
311.655
)
;
    }
    interface_right
    {
        type            fixedValue;
        value           nonuniform List<scalar> 
90
(
294.297
294.297
294.337
294.337
294.337
294.462
294.462
294.628
294.628
294.84
294.84
294.986
294.986
295.091
295.091
295.091
295.182
295.182
295.286
295.286
295.353
295.353
295.397
295.397
295.397
295.433
295.433
295.472
295.472
295.496
295.496
295.511
295.511
295.511
295.522
295.522
295.533
295.533
295.539
295.539
295.539
295.543
295.543
295.544
295.544
295.545
295.545
295.543
295.543
295.54
295.54
295.54
295.534
295.534
295.522
295.522
295.51
295.51
295.496
295.496
295.496
295.476
295.476
295.442
295.442
295.409
295.409
295.409
295.368
295.368
295.307
295.307
295.212
295.212
295.13
295.13
295.13
295.035
295.035
294.905
294.905
294.721
294.721
294.581
294.581
294.581
294.463
294.463
294.407
294.407
)
;
    }
    interface_top
    {
        type            fixedValue;
        value           nonuniform List<scalar> 
90
(
311.655
311.655
310.538
310.538
309.675
309.675
309.675
308.856
308.856
307.824
307.824
307.113
307.113
306.589
306.589
306.589
306.123
306.123
305.567
305.567
305.213
305.213
305.213
304.929
304.929
304.638
304.638
304.301
304.301
304.091
304.091
304.091
303.921
303.921
303.743
303.743
303.529
303.529
303.389
303.389
303.389
303.267
303.267
303.127
303.127
302.942
302.942
302.805
302.805
302.689
302.689
302.689
302.562
302.562
302.376
302.376
302.229
302.229
302.229
302.071
302.071
301.857
301.857
301.54
301.54
301.283
301.283
301.283
300.997
300.997
300.603
300.603
300.015
300.015
299.534
299.534
299.534
299.003
299.003
298.286
298.286
297.243
297.243
296.414
296.414
296.414
295.54
295.54
294.407
294.407
)
;
    }
    interface_bottom
    {
        type            fixedValue;
        value           nonuniform List<scalar> 
90
(
311.995
311.995
311.004
311.004
311.004
310.133
310.133
309.175
309.175
308.012
308.012
307.232
307.232
306.663
306.663
306.663
306.154
306.154
305.537
305.537
305.128
305.128
304.834
304.834
304.834
304.575
304.575
304.265
304.265
304.067
304.067
304.067
303.904
303.904
303.73
303.73
303.52
303.52
303.382
303.382
303.382
303.26
303.26
303.12
303.12
302.934
302.934
302.796
302.796
302.68
302.68
302.68
302.551
302.551
302.362
302.362
302.212
302.212
302.212
302.051
302.051
301.833
301.833
301.508
301.508
301.245
301.245
301.245
300.952
300.952
300.549
300.549
299.948
299.948
299.458
299.458
299.458
298.917
298.917
298.189
298.189
297.136
297.136
296.304
296.304
296.304
295.429
295.429
294.297
294.297
)
;
    }
    defaultFaces
    {
        type            empty;
    }
}


// ************************************************************************* //
