/*--------------------------------*- C++ -*----------------------------------*\
| =========                 |                                                 |
| \\      /  F ield         | OpenFOAM: The Open Source CFD Toolbox           |
|  \\    /   O peration     | Version:  5.x                                   |
|   \\  /    A nd           | Web:      www.OpenFOAM.org                      |
|    \\/     M anipulation  |                                                 |
\*---------------------------------------------------------------------------*/
FoamFile
{
    version     2.0;
    format      ascii;
    class       volScalarField;
    location    "3.8";
    object      gradTy;
}
// * * * * * * * * * * * * * * * * * * * * * * * * * * * * * * * * * * * * * //

dimensions      [0 -1 0 1 0 0 0];

internalField   nonuniform List<scalar> 
6300
(
32275.6
32226.8
32178.1
32129.4
32080.7
32032.2
31983.8
31935.5
31887.4
31839.4
31791.6
31744.1
31696.7
31649.6
31602.8
-0.0152038
-0.0456769
-0.0763335
-0.107255
-0.138456
-0.169858
-0.201269
-0.232373
-0.26273
-0.291802
-0.319019
-0.343872
-0.36605
-0.385587
-0.402988
-0.0252624
-0.0759174
-0.126928
-0.178453
-0.230543
-0.283093
-0.335799
-0.38813
-0.439322
-0.488414
-0.534343
-0.576113
-0.613039
-0.645038
-0.672906
-0.0351991
-0.105804
-0.176999
-0.249071
-0.322154
-0.396154
-0.470682
-0.545001
-0.617986
-0.688158
-0.753792
-0.813161
-0.864915
-0.908585
-0.945099
-0.0449311
-0.135108
-0.226199
-0.318687
-0.412856
-0.508693
-0.605786
-0.703215
-0.799476
-0.892452
-0.97952
-1.05784
-1.12489
-1.17931
-1.22183
-0.0543399
-0.163485
-0.273986
-0.386605
-0.501871
-0.619957
-0.740528
-0.862572
-0.984221
-1.10262
-1.21397
-1.31374
-1.39745
-1.46191
-1.50684
-0.0632822
-0.190503
-0.319653
-0.451872
-0.58806
-0.728728
-0.873792
-1.02232
-1.1722
-1.31985
-1.45997
-1.58568
-1.68926
-1.76399
-1.807
-0.0715689
-0.215595
-0.36225
-0.513169
-0.66977
-0.833101
-1.00359
-1.1807
-1.3624
-1.54459
-1.72037
-1.87971
-2.00989
-2.09774
-2.13443
-0.0789676
-0.238055
-0.400582
-0.56878
-0.744746
-0.930308
-1.12677
-1.33447
-1.55211
-1.7757
-1.99717
-2.20287
-2.3728
-2.48254
-2.5105
-0.0852136
-0.257073
-0.433238
-0.616614
-0.810118
-1.01661
-1.23868
-1.47828
-1.73584
-2.0089
-2.2897
-2.56171
-2.7958
-2.94902
-2.97313
-0.0900267
-0.271779
-0.458678
-0.654312
-0.862494
-1.08731
-1.33307
-1.60409
-1.90403
-2.23431
-2.59095
-2.95838
-3.29955
-3.54449
-3.59079
-0.0931391
-0.281336
-0.475376
-0.679453
-0.898225
-1.13704
-1.40217
-1.70096
-2.04182
-2.43331
-2.88132
-3.38118
-3.89943
-4.33849
-4.49313
-0.0943313
-0.285045
-0.48203
-0.689887
-0.9139
-1.16045
-1.43757
-1.75573
-2.12891
-2.57572
-3.11974
-3.78549
-4.57842
-5.41686
-5.95064
-0.0934711
-0.282476
-0.477805
-0.684153
-0.907025
-1.15327
-1.43189
-1.75545
-2.14232
-2.62083
-3.23634
-4.06253
-5.21186
-6.79994
-8.59187
-0.0905466
-0.273578
-0.462553
-0.661887
-0.876765
-1.11368
-1.38126
-1.69179
-2.06401
-2.52885
-3.14219
-4.01637
-5.4066
-7.97925
-13.7565
31560.1
31521.5
31483.1
31444.8
31406.8
31369
31331.5
31294.2
31257.1
31220.3
31183.9
31147.7
31111.8
31076.3
31041.1
31006.2
30971.7
30937.6
30903.9
30870.5
30837.5
30804.9
30772.6
30740.7
30709.1
30677.8
30646.9
30616.2
30585.8
30555.7
30525.9
30496.2
30466.8
30437.6
30408.6
30379.8
30351.1
30322.6
30294.3
30266
30238
30210
30182.2
30154.5
30126.9
30099.5
30072.1
30044.9
30017.8
29990.7
29963.8
29937
29910.2
29883.5
29856.8
29830.2
29803.6
29777.1
29750.5
29724
29697.4
29670.8
29644.2
29617.6
29590.9
29564.1
29537.3
29510.4
29483.4
29456.4
29429.2
29401.9
29374.6
29347.1
29319.5
29291.8
29263.9
29235.9
29207.7
29179.4
29150.9
29122.3
29093.5
29064.5
29035.3
29005.9
28976.3
28946.6
28916.6
28886.4
-0.417922
-0.431686
-0.446625
-0.46372
-0.48379
-0.507342
-0.534457
-0.564744
-0.597371
-0.631174
-0.664817
-0.696965
-0.726434
-0.752289
-0.773865
-0.790737
-0.802651
-0.809453
-0.811047
-0.80739
-0.798523
-0.784608
-0.765964
-0.743065
-0.716523
-0.687037
-0.655352
-0.622224
-0.588396
-0.554586
-0.521471
-0.489661
-0.459666
-0.431858
-0.406462
-0.383563
-0.36314
-0.345115
-0.329385
-0.315842
-0.30435
-0.294702
-0.286574
-0.279489
-0.272831
-0.265883
-0.257914
-0.248267
-0.236449
-0.222178
-0.205401
-0.186265
-0.165075
-0.142236
-0.11821
-0.0934835
-0.0685427
-0.0438502
-0.0198118
0.00326001
0.0251767
0.045886
0.0654569
0.0840392
0.101811
0.118928
0.135502
0.151597
0.16726
0.182553
0.197573
0.212459
0.227359
0.242397
0.257633
0.273051
0.288566
0.304057
0.319409
0.334527
0.349343
0.363776
0.377686
0.390827
0.402825
0.413186
0.42134
0.426707
0.428769
0.427126
-0.696311
-0.7177
-0.741058
-0.768264
-0.800924
-0.84006
-0.885885
-0.937695
-0.993935
-1.05241
-1.11062
-1.16609
-1.21672
-1.26088
-1.29754
-1.32608
-1.3462
-1.3577
-1.36044
-1.35429
-1.33926
-1.31557
-1.28375
-1.24462
-1.19928
-1.14896
-1.09495
-1.03856
-0.981047
-0.923626
-0.867471
-0.813655
-0.763076
-0.716382
-0.673928
-0.635803
-0.6019
-0.572029
-0.545999
-0.523658
-0.504848
-0.489299
-0.476518
-0.465705
-0.455754
-0.445348
-0.433115
-0.417832
-0.39859
-0.374898
-0.346705
-0.314333
-0.278374
-0.239576
-0.198759
-0.156772
-0.114468
-0.0726662
-0.032103
0.00665237
0.0432672
0.0776782
0.110064
0.140758
0.170132
0.198491
0.226015
0.252771
0.278785
0.304123
0.328949
0.353532
0.378181
0.403158
0.42859
0.454431
0.48049
0.506508
0.532254
0.557579
0.582419
0.606718
0.630314
0.652838
0.673648
0.691848
0.706382
0.716168
0.720244
0.717896
-0.974452
-1.00079
-1.02985
-1.06486
-1.10863
-1.16304
-1.22859
-1.30416
-1.38717
-1.47392
-1.56024
-1.6421
-1.71618
-1.78017
-1.83277
-1.87344
-1.90203
-1.91845
-1.92249
-1.91384
-1.89232
-1.85811
-1.81191
-1.755
-1.68906
-1.61603
-1.53785
-1.45639
-1.37342
-1.2907
-1.20996
-1.13284
-1.06075
-0.994649
-0.935012
-0.881812
-0.834706
-0.793261
-0.757151
-0.726242
-0.700499
-0.679762
-0.663482
-0.650533
-0.639192
-0.627299
-0.612568
-0.59296
-0.567
-0.533965
-0.493892
-0.447435
-0.395633
-0.339694
-0.280866
-0.220395
-0.159545
-0.0995789
-0.0416723
0.0132442
0.0646462
0.1125
0.157218
0.199486
0.240024
0.279363
0.317736
0.355116
0.391384
0.426527
0.460773
0.494603
0.528623
0.563355
0.599047
0.635586
0.672559
0.709437
0.745786
0.78141
0.816352
0.850743
0.884558
0.917386
0.948293
0.975853
0.998326
1.01392
1.02104
1.01854
-1.25315
-1.28002
-1.31016
-1.34891
-1.40109
-1.47008
-1.55694
-1.66002
-1.77511
-1.89617
-2.0164
-2.12943
-2.23032
-2.31602
-2.38535
-2.43836
-2.47557
-2.49723
-2.50301
-2.49214
-2.46389
-2.41814
-2.35575
-2.2786
-2.18932
-2.09079
-1.98576
-1.87665
-1.76572
-1.65522
-1.54753
-1.44512
-1.35011
-1.26395
-1.18717
-1.1194
-1.05973
-1.00718
-0.961196
-0.921779
-0.889344
-0.864218
-0.846066
-0.833472
-0.823858
-0.813775
-0.79949
-0.777686
-0.746056
-0.703629
-0.650741
-0.588705
-0.519322
-0.444451
-0.365816
-0.285045
-0.203831
-0.124007
-0.0474171
0.0244165
0.0906562
0.151362
0.207426
0.260237
0.311178
0.361166
0.41043
0.458614
0.505163
0.549786
0.592767
0.634984
0.677631
0.721769
0.767893
0.815734
0.864395
0.912767
0.960012
1.00589
1.05075
1.09528
1.13992
1.18441
1.22748
1.26692
1.29992
1.32362
1.33551
1.3338
-1.5341
-1.55445
-1.57802
-1.61353
-1.66928
-1.75132
-1.86187
-1.99851
-2.1544
-2.31956
-2.48285
-2.63418
-2.76625
-2.8754
-2.96135
-3.02596
-3.07142
-3.09881
-3.10745
-3.0954
-3.06059
-3.00206
-2.92078
-2.81964
-2.70285
-2.57487
-2.43946
-2.29951
-2.15737
-2.01562
-1.87749
-1.74669
-1.62668
-1.51972
-1.42633
-1.3453
-1.27445
-1.21164
-1.15576
-1.10724
-1.06765
-1.03862
-1.02064
-1.01212
-1.0092
-1.00631
-0.997249
-0.976575
-0.940677
-0.888375
-0.820785
-0.740583
-0.650943
-0.554663
-0.453878
-0.350371
-0.246155
-0.143823
-0.0463567
0.043598
0.124588
0.196857
0.26227
0.32363
0.38365
0.44396
0.504628
0.564413
0.621662
0.675359
0.725812
0.774693
0.824442
0.877274
0.934218
0.994652
1.0566
1.11768
1.17617
1.23177
1.28561
1.33962
1.39546
1.45344
1.51187
1.56721
1.6149
1.65029
1.66952
1.66994
-1.82139
-1.8242
-1.82862
-1.84895
-1.89953
-1.99141
-2.12914
-2.30918
-2.52024
-2.74555
-2.96644
-3.16657
-3.33507
-3.46806
-3.56799
-3.64101
-3.6932
-3.72728
-3.74158
-3.73132
-3.69132
-3.61864
-3.51427
-3.38307
-3.23238
-3.0695
-2.89959
-2.72538
-2.54833
-2.37069
-2.19674
-2.03258
-1.88432
-1.75583
-1.64753
-1.55642
-1.47748
-1.40595
-1.33959
-1.27972
-1.23059
-1.19698
-1.18145
-1.18256
-1.19437
-1.20757
-1.2116
-1.19724
-1.15878
-1.09499
-1.00885
-0.905911
-0.791988
-0.671224
-0.545725
-0.416584
-0.285631
-0.156497
-0.0343465
0.0758225
0.171208
0.252356
0.32308
0.389083
0.455834
0.526368
0.600223
0.67399
0.743399
0.80573
0.861244
0.913277
0.966933
1.02698
1.09563
1.1715
1.25018
1.32642
1.39661
1.4603
1.52032
1.58142
1.64804
1.72192
1.80079
1.87864
1.94765
2.00031
2.03072
2.03513
-2.12338
-2.09153
-2.05619
-2.04064
-2.07014
-2.1653
-2.33527
-2.57498
-2.86536
-3.17766
-3.47969
-3.74427
-3.95476
-4.10808
-4.21307
-4.28577
-4.34076
-4.3839
-4.41076
-4.40973
-4.36875
-4.28051
-4.146
-3.97417
-3.77908
-3.57382
-3.3655
-3.1549
-2.93971
-2.71999
-2.50143
-2.29512
-2.11298
-1.96236
-1.84349
-1.74947
-1.6693
-1.5923
-1.51351
-1.43618
-1.37061
-1.32871
-1.31773
-1.33699
-1.37692
-1.42145
-1.4518
-1.45201
-1.41271
-1.33317
-1.22046
-1.08641
-0.942233
-0.793956
-0.642164
-0.484756
-0.321834
-0.158462
-0.00442925
0.129988
0.238984
0.323516
0.391337
0.454104
0.52321
0.604627
0.696575
0.790466
0.875945
0.946526
1.00229
1.05012
1.10081
1.16487
1.24722
1.34486
1.44783
1.5444
1.62691
1.69462
1.75397
1.81574
1.89062
1.98367
2.09158
2.20321
2.30435
2.38271
2.42973
2.4406
-2.45664
-2.36371
-2.25505
-2.16724
-2.14592
-2.23113
-2.44061
-2.76743
-3.1785
-3.62413
-4.04642
-4.39937
-4.6563
-4.81713
-4.90411
-4.95541
-5.00479
-5.06331
-5.11942
-5.145
-5.1135
-5.00829
-4.83069
-4.59799
-4.33959
-4.0817
-3.83378
-3.59016
-3.33667
-3.06667
-2.78749
-2.52185
-2.29525
-2.12211
-2.00259
-1.92149
-1.85546
-1.78006
-1.68418
-1.5745
-1.47533
-1.41465
-1.40922
-1.46035
-1.55157
-1.65445
-1.73405
-1.76233
-1.72321
-1.61774
-1.46137
-1.28009
-1.09695
-0.920315
-0.74525
-0.559426
-0.357239
-0.14553
0.0551838
0.22221
0.343437
0.420186
0.468313
0.511432
0.574285
0.66914
0.791538
0.920449
1.03132
1.11002
1.15612
1.18416
1.21675
1.2777
1.37806
1.51178
1.65589
1.78379
1.87969
1.94208
1.98523
2.03224
2.10807
2.22504
2.37795
2.5438
2.69473
2.81103
2.88154
2.90215
-2.85299
-2.65836
-2.42368
-2.19783
-2.06803
-2.11773
-2.3766
-2.83815
-3.44143
-4.10374
-4.71252
-5.19225
-5.49566
-5.63199
-5.64594
-5.62719
-5.65499
-5.7455
-5.87129
-5.96173
-5.96361
-5.83952
-5.5939
-5.25793
-4.89846
-4.57429
-4.29492
-4.0386
-3.75636
-3.42553
-3.053
-2.69123
-2.3994
-2.20345
-2.10515
-2.07057
-2.05386
-1.99606
-1.8734
-1.69639
-1.52324
-1.41968
-1.41785
-1.52453
-1.70795
-1.9195
-2.08872
-2.16816
-2.12775
-1.97406
-1.73659
-1.47485
-1.2407
-1.04278
-0.862191
-0.656012
-0.404706
-0.115111
0.164966
0.382045
0.5136
0.559734
0.554163
0.541999
0.580927
0.695639
0.878757
1.07803
1.23463
1.32204
1.3375
1.31323
1.29341
1.33528
1.46234
1.66525
1.88872
2.07067
2.1821
2.2186
2.21225
2.2085
2.26756
2.41584
2.64686
2.907
3.13602
3.30627
3.40614
3.44162
-3.37219
-3.0105
-2.5795
-2.09008
-1.73165
-1.70315
-2.02076
-2.70478
-3.6194
-4.66046
-5.5645
-6.23912
-6.57571
-6.62319
-6.43503
-6.23206
-6.21508
-6.37705
-6.67423
-6.90617
-6.99531
-6.84602
-6.48748
-5.95198
-5.40677
-5.00269
-4.72314
-4.52469
-4.24634
-3.84476
-3.3034
-2.76026
-2.3659
-2.14458
-2.11637
-2.19435
-2.31187
-2.30592
-2.14139
-1.81323
-1.47153
-1.27876
-1.27077
-1.4788
-1.82444
-2.24609
-2.5733
-2.74727
-2.69607
-2.45173
-2.04745
-1.63058
-1.33303
-1.14098
-1.01671
-0.818305
-0.508039
-0.0717245
0.364723
0.664291
0.806029
0.772993
0.648768
0.498259
0.477714
0.622911
0.942005
1.29636
1.5369
1.637
1.57541
1.43521
1.28059
1.26958
1.43682
1.78855
2.18079
2.45858
2.59189
2.55629
2.43502
2.29383
2.29812
2.48708
2.87345
3.31461
3.66155
3.90245
4.02302
4.08789
-4.12601
-3.46246
-2.81954
-1.79388
-0.920547
-0.790635
-1.13786
-2.24002
-3.61598
-5.41528
-6.74771
-7.77369
-8.07313
-7.95484
-7.24664
-6.57044
-6.51886
-6.81536
-7.57267
-8.05786
-8.37204
-8.15563
-7.63778
-6.662
-5.71393
-5.25395
-5.03682
-5.12813
-4.91614
-4.46771
-3.55892
-2.61769
-2.08593
-1.81044
-1.97755
-2.26417
-2.75072
-2.84728
-2.64824
-1.95292
-1.20876
-0.8753
-0.816259
-1.23856
-1.8352
-2.71251
-3.28245
-3.65458
-3.54658
-3.16386
-2.38064
-1.61877
-1.27771
-1.14594
-1.28234
-1.14607
-0.797297
-0.0329706
0.757129
1.16934
1.34566
1.11309
0.776757
0.262915
0.131401
0.295354
0.950094
1.67425
2.03709
2.18055
1.92229
1.57383
1.05691
0.943195
1.14168
1.84969
2.63393
3.0509
3.24141
3.01386
2.68311
2.1664
2.05957
2.27097
3.0182
3.85503
4.33709
4.66927
4.71756
4.88306
-5.35495
-3.88483
-3.61081
-1.27814
0.961384
0.809289
0.832459
-1.38068
-3.00265
-6.84211
-8.37193
-10.3542
-10.1717
-10.1356
-8.01175
-6.00888
-6.32093
-6.58966
-8.86252
-9.45538
-10.5124
-9.8988
-9.4469
-7.33154
-5.31759
-5.15487
-4.90572
-6.16773
-5.92578
-5.7529
-3.8604
-1.88471
-1.43615
-0.838226
-1.66588
-2.04533
-3.75039
-3.81353
-3.86892
-2.16206
-0.353678
-0.0757504
0.332281
-0.746408
-1.44094
-3.62062
-4.27556
-5.25236
-4.79169
-4.45173
-2.68208
-0.999966
-0.919994
-0.763727
-1.93957
-1.77883
-1.6839
-0.030276
1.69475
2.01515
2.47513
1.60369
1.16144
-0.521892
-0.639292
-0.737864
0.859277
2.57347
2.85424
3.30363
2.40016
1.95609
0.253688
0.168318
0.113867
1.80205
3.61686
3.97024
4.49389
3.62101
3.19998
1.44971
1.36373
1.28413
3.03471
4.90705
5.22919
5.84565
5.24418
5.93614
-7.92122
-2.58467
-7.36638
-0.628142
6.28747
2.15712
6.02341
-1.37234
0.804211
-11.5946
-9.34433
-16.0515
-12.0592
-15.3222
-8.60226
-2.11338
-6.18496
-3.47751
-12.5712
-10.1841
-15.0578
-11.4087
-13.6509
-7.85444
-2.25491
-5.1796
-2.59792
-9.3724
-6.83531
-9.5137
-4.28098
1.04806
-1.0007
2.18762
-1.9989
0.0831589
-7.11368
-4.79016
-7.62646
-2.51656
2.70611
0.53732
3.62261
-0.806575
1.09285
-6.7235
-4.80427
-8.91921
-5.86208
-7.79739
-2.85651
1.92691
-0.671142
1.53774
-4.52046
-2.3158
-4.81403
-0.129375
4.65606
2.66101
5.52289
1.47729
3.33434
-3.56058
-1.43605
-4.21184
0.600935
5.53787
3.4296
6.37583
2.21753
4.15139
-2.87699
-0.650064
-3.42228
1.57304
6.70522
4.64539
7.75826
3.57847
5.63186
-1.66255
0.659586
-2.33724
2.87675
8.19218
5.69829
8.77661
3.90912
7.84391
-17.2937
13.286
-27.7104
-0.233431
27.5198
-8.01023
27.4317
-15.1482
25.5995
-37.4417
2.58179
-37.1561
-3.49939
-34.8845
-8.86035
16.9889
-15.8111
16.6279
-32.8125
-0.457632
-31.8765
-4.43566
-29.4311
-8.09435
13.0821
-13.1341
13.1822
-25.9864
-0.23519
-24.6673
-4.84101
14.6041
-8.10746
15.8324
-11.3596
15.5724
-24.1873
1.6624
-22.8276
-3.03454
16.4085
-6.41665
17.7327
-9.98116
17.6162
-23.8469
3.35494
-22.9152
0.255274
-21.0462
-2.80564
15.4816
-7.34577
15.7423
-19.0014
3.91788
-18.289
-0.375164
17.3797
-3.68868
18.5158
-7.15052
18.1085
-19.5888
4.82205
-18.6149
0.162252
18.6458
-3.27505
19.677
-6.73927
19.2508
-19.3367
5.72887
-18.145
1.14562
20.1487
-2.12943
21.5228
-5.44105
21.5233
-18.6237
7.61364
-17.7831
2.57174
22.7218
-1.85747
23.1486
-10.1022
15.1665
28852.9
28816.2
28779.1
28741.8
28704.3
28666.5
28628.5
28590.3
28551.9
28513.4
28474.8
28436
28397.2
28358.4
28319.5
0.420988
0.408608
0.390864
0.368391
0.342023
0.312674
0.281228
0.248463
0.215012
0.181344
0.147766
0.114448
0.0814479
0.0487352
0.016221
0.707786
0.686831
0.656584
0.618228
0.573288
0.523403
0.470132
0.414828
0.358564
0.302112
0.245967
0.190384
0.135425
0.0810098
0.02696
1.0045
0.974347
0.930413
0.874646
0.809491
0.737508
0.661066
0.582156
0.502307
0.42258
0.343614
0.2657
0.188861
0.112922
0.0375718
1.31594
1.27553
1.21597
1.14035
1.05243
0.955991
0.854401
0.750371
0.645891
0.542262
0.440193
0.339936
0.241398
0.144244
0.047979
1.64827
1.59583
1.51755
1.41832
1.30384
1.17957
1.05012
0.918996
0.788595
0.660355
0.53494
0.412439
0.292544
0.174674
0.0580795
2.00944
1.942
1.8401
1.71155
1.565
1.40825
1.24744
1.08684
0.929101
0.775597
0.626749
0.482321
0.341654
0.203822
0.0677433
2.41027
2.32281
2.18944
2.0229
1.83639
1.64097
1.44448
1.25174
1.06531
0.886144
0.71411
0.548425
0.387918
0.23121
0.076812
2.86594
2.74999
2.57231
2.35452
2.11696
1.87489
1.63772
1.41024
1.19419
0.989501
0.795085
0.609325
0.430368
0.256278
0.0851032
3.3987
3.23943
2.9958
2.70639
2.40258
2.1043
1.82144
1.5573
1.31164
1.08252
0.867356
0.663387
0.467929
0.278418
0.0924199
4.04358
3.81302
3.46492
3.07269
2.68309
2.31877
1.98672
1.686
1.41256
1.16156
0.928379
0.708902
0.499515
0.297032
0.0985707
4.86883
4.50269
3.97695
3.43511
2.938
2.50116
2.12091
1.78756
1.49106
1.22274
0.975666
0.744293
0.524172
0.311608
0.103396
6.04536
5.35252
4.50566
3.75191
3.13207
2.62691
2.20831
1.85238
1.54139
1.26268
1.00722
0.768405
0.541254
0.321823
0.106797
8.0347
6.3564
4.94265
3.93494
3.21126
2.66614
2.23311
1.8723
1.55945
1.27937
1.0221
0.780822
0.550598
0.327622
0.108763
11.9096
7.09473
4.97326
3.83378
3.11185
2.59338
2.18584
1.84431
1.54475
1.2732
1.02094
0.782156
0.552672
0.329294
0.109389
-0.0862287
-0.260402
-0.439823
-0.628343
-0.83041
-1.05146
-1.29852
-1.58126
-1.91392
-2.31919
-2.83692
-3.54593
-4.62629
-6.55993
-10.8494
-0.0809833
-0.244385
-0.412154
-0.587416
-0.773639
-0.974816
-1.1957
-1.44205
-1.72092
-2.0405
-2.4081
-2.81954
-3.21078
-3.23616
-1.21376
-0.0747402
-0.225332
-0.379276
-0.538869
-0.706471
-0.884476
-1.07516
-1.28021
-1.49959
-1.72843
-1.94884
-2.10722
-2.04921
-1.33423
1.25502
-0.0677236
-0.203945
-0.342469
-0.484751
-0.632067
-0.785318
-0.944605
-1.10837
-1.27162
-1.42214
-1.5327
-1.54527
-1.34364
-0.734014
0.379736
-0.0601671
-0.180954
-0.303046
-0.427126
-0.55353
-0.68195
-0.810915
-0.93685
-1.05241
-1.14352
-1.18462
-1.13219
-0.921122
-0.48394
0.155386
-0.0522951
-0.157051
-0.262233
-0.367876
-0.47358
-0.57819
-0.679305
-0.772495
-0.850099
-0.899536
-0.901462
-0.829369
-0.655494
-0.374222
-0.0591005
-0.0443065
-0.132846
-0.22109
-0.308572
-0.394374
-0.476839
-0.55318
-0.618934
-0.667293
-0.688456
-0.669632
-0.597244
-0.464377
-0.287957
-0.136808
-0.0363662
-0.10884
-0.180466
-0.25042
-0.317465
-0.379719
-0.434384
-0.477429
-0.503333
-0.505073
-0.474924
-0.407074
-0.303447
-0.184071
-0.102579
-0.0286026
-0.0854158
-0.140988
-0.194269
-0.243859
-0.287845
-0.32363
-0.347805
-0.356122
-0.343781
-0.306331
-0.241682
-0.153387
-0.0538074
0.0427589
-0.021108
-0.0628441
-0.103088
-0.140662
-0.174121
-0.201634
-0.22091
-0.229164
-0.223229
-0.199884
-0.156572
-0.0926392
-0.0110974
0.0786299
0.150497
-0.0139433
-0.0412995
-0.0670242
-0.0898932
-0.108484
-0.121112
-0.125807
-0.120346
-0.102397
-0.0698155
-0.021078
0.0442499
0.125572
0.223554
0.353124
-0.00714315
-0.0208777
-0.0329276
-0.0420727
-0.0469582
-0.0460658
-0.0377216
-0.0201637
0.00830414
0.0490708
0.10295
0.170112
0.250728
0.346631
0.458332
-0.000722565
-0.00161526
-0.0008308
0.00281346
0.0105846
0.0238409
0.0440043
0.0724794
0.110498
0.158888
0.217814
0.28672
0.365318
0.458829
0.599832
0.00531808
0.0164933
0.029298
0.0448586
0.0643494
0.0889877
0.119998
0.158534
0.205524
0.261423
0.325805
0.396692
0.469601
0.538137
0.614656
0.0109881
0.0334811
0.0575315
0.0842003
0.114572
0.149748
0.190809
0.238759
0.294399
0.358104
0.429336
0.505353
0.576967
0.611991
0.478617
0.016303
0.0493985
0.0839657
0.120997
0.161494
0.20646
0.25688
0.313687
0.377711
0.449593
0.529601
0.617169
0.709791
0.802873
0.914746
0.0212818
0.0643051
0.108708
0.155414
0.205348
0.259427
0.318562
0.383649
0.455607
0.535475
0.624675
0.725574
0.842356
0.980812
1.13304
0.0259453
0.078265
0.131871
0.187619
0.246358
0.308927
0.376156
0.448887
0.528052
0.614915
0.711685
0.823055
0.959954
1.14928
1.46473
0.0303148
0.0913435
0.153567
0.217775
0.284746
0.355236
0.42998
0.509705
0.595197
0.687517
0.788614
0.902905
1.04123
1.23029
1.53387
0.0344113
0.103604
0.173906
0.246044
0.320727
0.398635
0.480395
0.56657
0.657646
0.754072
0.856448
0.966172
1.08734
1.23187
1.42829
0.0382548
0.115108
0.19299
0.272574
0.35451
0.439406
0.527796
0.620083
0.716429
0.816544
0.919253
1.0216
1.1173
1.19754
1.28941
0.0418636
0.125911
0.210915
0.297503
0.386277
0.477797
0.572543
0.670828
0.772641
0.877263
0.982385
1.08177
1.15804
1.15526
0.851766
0.0452544
0.136062
0.227763
0.320945
0.416177
0.513999
0.614884
0.719177
0.826949
0.937682
1.04958
1.15813
1.25372
1.32192
1.38642
0.0484422
0.145606
0.243606
0.342995
0.444323
0.548124
0.654914
0.765164
0.879249
0.997337
1.11916
1.24363
1.36849
1.49127
1.61193
0.0514408
0.154583
0.258506
0.363734
0.470794
0.580226
0.692599
0.808543
0.928817
1.05444
1.18697
1.32897
1.48481
1.6622
1.88049
0.0542633
0.163031
0.272525
0.383235
0.495662
0.610339
0.727863
0.848973
0.974719
1.1068
1.24828
1.40482
1.58626
1.80486
2.04736
0.0569228
0.17099
0.285725
0.401577
0.519013
0.638529
0.760695
0.886244
1.01627
1.15269
1.29921
1.46351
1.662
1.93107
2.36109
0.0594331
0.178501
0.298172
0.418856
0.540964
0.664932
0.791237
0.920463
1.05345
1.19162
1.33787
1.49859
1.68883
1.94566
2.36633
0.0618085
0.185606
0.309943
0.43518
0.561671
0.689767
0.81981
0.952132
1.08707
1.225
1.36658
1.51332
1.66952
1.84663
2.06383
0.0640636
0.192351
0.321116
0.45067
0.581311
0.713307
0.846861
0.982046
1.11866
1.25591
1.39178
1.52163
1.63575
1.71991
1.80736
0.0662127
0.198779
0.331765
0.465442
0.600058
0.735821
0.872841
1.01103
1.14986
1.28783
1.42125
1.54101
1.62284
1.59104
1.15062
0.0682691
0.204931
0.341962
0.479598
0.618058
0.757519
0.898072
1.03963
1.1817
1.32296
1.4603
1.58687
1.68891
1.74608
1.78616
0.0702446
0.210842
0.351764
0.493221
0.635412
0.778517
0.922672
1.06793
1.21416
1.36087
1.50691
1.64992
1.78622
1.91312
2.03793
0.0721499
0.216544
0.361222
0.506371
0.65218
0.798844
0.946572
1.09561
1.24633
1.39931
1.55569
1.71777
1.89015
2.08175
2.31448
0.0739948
0.222065
0.370378
0.5191
0.668405
0.818492
0.969625
1.12221
1.27698
1.43542
1.60058
1.77862
1.98082
2.22198
2.48896
0.0757888
0.227433
0.379278
0.531462
0.684134
0.837474
0.991735
1.14735
1.30515
1.46694
1.63661
1.82281
2.04455
2.34443
2.8275
0.0775418
0.232677
0.387969
0.543523
0.69945
0.855875
1.01297
1.17102
1.33062
1.49303
1.66126
1.84248
2.05412
2.33982
2.81582
0.0792637
0.237829
0.396506
0.555365
0.714469
0.87387
1.03361
1.1937
1.35418
1.51514
1.67698
1.84117
2.01237
2.2032
2.43282
0.0809646
0.242918
0.404942
0.567074
0.729331
0.891691
1.05406
1.21617
1.37747
1.53669
1.69116
1.83516
1.95705
2.03981
2.12154
0.0826537
0.247975
0.413331
0.578735
0.744171
0.909568
1.07474
1.23928
1.40224
1.56159
1.7127
1.84466
1.92895
1.87729
1.34694
0.0843389
0.253021
0.421715
0.590413
0.759088
0.927658
1.09594
1.26353
1.42959
1.59226
1.74763
1.88743
1.99533
2.04731
2.07486
0.0860258
0.258076
0.430121
0.602147
0.774127
0.946007
1.11768
1.28893
1.45933
1.62806
1.79345
1.9525
2.10062
2.23444
2.36256
0.0877189
0.263151
0.438566
0.61395
0.789286
0.964561
1.13977
1.31497
1.4903
1.66621
1.84375
2.02532
2.21593
2.42567
2.67948
0.0894209
0.268254
0.44706
0.625824
0.804537
0.983217
1.16195
1.34097
1.52093
1.70328
1.89133
2.09198
2.31805
2.58644
2.88137
0.0911343
0.27339
0.45561
0.63777
0.81986
1.0019
1.18398
1.36641
1.54994
1.73645
1.93025
2.14112
2.3909
2.72891
3.27722
0.0928613
0.278568
0.464226
0.649804
0.835269
1.0206
1.20584
1.39113
1.57696
1.76462
1.95739
2.16337
2.40258
2.72551
3.26658
0.0946044
0.283794
0.472926
0.661952
0.850815
1.03944
1.22772
1.41554
1.60275
1.7893
1.97546
2.1627
2.35622
2.57076
2.82965
0.0963655
0.289077
0.481724
0.674252
0.866577
1.05857
1.24999
1.44042
1.62907
1.81431
1.99285
2.15781
2.29533
2.38536
2.47191
0.0981454
0.294418
0.490632
0.686729
0.88262
1.07814
1.273
1.46661
1.65779
1.84403
2.01978
2.17212
2.26747
2.20251
1.57682
0.0999427
0.299815
0.499645
0.699388
0.898965
1.09824
1.29694
1.49455
1.69
1.88107
2.06306
2.22615
2.351
2.40919
2.43732
0.101754
0.305257
0.508745
0.712196
0.915569
1.11879
1.3217
1.52405
1.72531
1.92446
2.11953
2.30688
2.48087
2.63689
2.78238
0.103572
0.310724
0.517896
0.725096
0.932328
1.1396
1.34692
1.55436
1.76212
1.97073
2.18143
2.39703
2.62333
2.87203
3.17274
0.105391
0.316192
0.527051
0.738007
0.949108
1.16043
1.37211
1.58451
1.7984
2.01559
2.24001
2.47986
2.75033
3.07117
3.42188
0.107201
0.321634
0.536163
0.750854
0.965782
1.18106
1.39688
1.61368
1.83246
2.05548
2.28794
2.54156
2.84243
3.2497
3.91058
0.108993
0.327024
0.545187
0.763569
0.982259
1.20136
1.42102
1.64154
1.86361
2.08886
2.32127
2.57057
2.86074
3.25227
3.90554
0.110759
0.332335
0.554083
0.776106
0.998496
1.22132
1.44462
1.66838
1.89261
2.11732
2.34296
2.57133
2.80874
3.07321
3.39446
0.112489
0.337542
0.56281
0.788422
1.01447
1.24101
1.46794
1.69497
1.92131
2.1452
2.36282
2.56596
2.73801
2.85485
2.96938
0.114173
0.342612
0.571321
0.800464
1.03016
1.26047
1.49126
1.72208
1.95175
2.17748
2.39281
2.58233
2.70566
2.63822
1.89635
0.115798
0.347507
0.579555
0.812152
1.04548
1.27964
1.5146
1.75004
1.98497
2.21702
2.44081
2.64479
2.80585
2.89004
2.94203
0.117347
0.352179
0.587429
0.823366
1.06025
1.2983
1.53768
1.77841
2.02024
2.26232
2.50263
2.73717
2.95949
3.16435
3.36057
0.118803
0.356575
0.594847
0.833956
1.07425
1.31608
1.55986
1.80607
2.05539
2.30888
2.56853
2.83818
3.12532
3.44478
3.83347
0.120148
0.360637
0.601706
0.843755
1.08721
1.33256
1.58041
1.83163
2.08767
2.35121
2.62755
2.92712
3.26881
3.67723
4.12946
0.121364
0.364308
0.607904
0.852606
1.0989
1.34736
1.59868
1.8539
2.11479
2.38469
2.6705
2.98694
3.36602
3.87937
4.70376
0.122433
0.367537
0.613354
0.860378
1.10913
1.3602
1.61427
1.87228
2.13569
2.40716
2.69224
3.00337
3.37007
3.86564
4.6845
0.123343
0.370281
0.617985
0.866976
1.11779
1.371
1.62719
1.88697
2.15103
2.42023
2.69595
2.98133
3.28468
3.62753
4.0411
0.124079
0.372506
0.621741
0.872332
1.12483
1.37978
1.63764
1.89872
2.16284
2.4288
2.69304
2.94694
3.17191
3.34041
3.51575
0.124633
0.37418
0.624574
0.876389
1.1302
1.38656
1.64592
1.9084
2.17342
2.43859
2.69736
2.93274
3.0984
3.04865
2.21333
0.124995
0.375276
0.626437
0.879084
1.13384
1.39131
1.65206
1.91637
2.18391
2.45285
2.718
2.96706
3.17452
3.3025
3.40493
0.125158
0.37577
0.627286
0.88034
1.13561
1.39383
1.65576
1.92213
2.19347
2.46978
2.74985
3.03039
3.30587
3.5742
3.85701
0.125117
0.375647
0.627083
0.880079
1.13537
1.39381
1.65642
1.92448
2.19962
2.48412
2.78143
3.09732
3.44223
3.83593
4.32271
0.124873
0.374905
0.625812
0.878246
1.13297
1.39092
1.65334
1.92194
2.19929
2.48959
2.80014
3.14418
3.54478
4.03311
4.59666
0.124434
0.373562
0.623495
0.874844
1.12835
1.38497
1.64601
1.91336
2.19001
2.48102
2.79563
3.15186
3.58645
4.17813
5.11269
0.123816
0.371669
0.620207
0.869963
1.1216
1.37598
1.63432
1.89836
2.17079
2.45609
2.76227
3.10519
3.51908
4.08513
5.02037
0.123048
0.369309
0.616087
0.863795
1.11296
1.36428
1.6187
1.87755
2.14267
2.41667
2.70344
3.00933
3.34607
3.73584
4.19198
0.122166
0.366596
0.611332
0.856634
1.10285
1.35044
1.60004
1.85243
2.10841
2.36841
2.63138
2.89213
3.13627
3.34053
3.57248
0.12122
0.363677
0.606196
0.848857
1.0918
1.33524
1.57948
1.82483
2.07137
2.3181
2.5609
2.78653
2.95418
2.92607
2.14576
0.120264
0.360721
0.600972
0.8409
1.08042
1.3195
1.55816
1.79644
2.0342
2.27054
2.50237
2.72127
2.90806
3.03402
3.1574
0.119358
0.357913
0.595982
0.83324
1.06937
1.30407
1.53713
1.76844
1.99804
2.22613
2.45286
2.67835
2.90421
3.1438
3.46059
0.118566
0.355447
0.591565
0.826378
1.05932
1.28981
1.51734
1.74163
1.96295
2.18266
2.40423
2.63523
2.89087
3.2
3.61073
0.11795
0.353516
0.58806
0.820828
1.05098
1.27761
1.49981
1.71692
1.929
2.1379
2.34908
2.57505
2.84039
3.18568
3.6507
0.117567
0.352299
0.585794
0.817103
1.04511
1.26851
1.48584
1.6957
1.89728
2.09156
2.28367
2.48755
2.73441
3.08827
3.67369
0.117462
0.351946
0.58505
0.815676
1.04245
1.26363
1.47707
1.68024
1.87065
2.04673
2.21012
2.37025
2.55414
2.83008
3.39121
0.117666
0.352552
0.586033
0.816928
1.04368
1.26415
1.47543
1.67366
1.85396
2.01073
2.13884
2.2365
2.30994
2.37389
2.39405
0.118178
0.354135
0.588812
0.821063
1.04927
1.27104
1.48286
1.67954
1.85361
1.99462
2.08874
2.11959
2.07237
1.94813
1.83102
0.118968
0.356608
0.593274
0.828008
1.05932
1.28485
1.50079
1.70111
1.87622
2.01108
2.08258
2.05692
1.88829
1.51745
0.824808
0.119962
0.359755
0.599077
0.837324
1.07339
1.3053
1.52956
1.74018
1.92679
2.07153
2.14392
2.09358
1.84463
1.31026
0.483161
0.121046
0.363228
0.60562
0.848147
1.09034
1.33104
1.5678
1.79592
2.00643
2.18224
2.29051
2.2682
1.99921
1.30635
0.140918
0.122066
0.366551
0.612064
0.85919
1.10832
1.3595
1.61203
1.86388
2.11017
2.33986
2.52781
2.61415
2.44815
1.63059
-0.912218
0.122841
0.369156
0.617381
0.868828
1.12488
1.38699
1.65672
1.93571
2.22545
2.52651
2.83573
3.13537
3.34952
3.15286
1.08075
0.123175
0.37043
0.620449
0.875257
1.1372
1.40916
1.69496
2.00006
2.33288
2.70756
3.15037
3.71605
4.53602
5.97716
9.21506
9.04495
5.66468
4.20243
3.39316
2.84927
2.43283
2.08655
1.783
1.50742
1.25109
1.00839
0.775437
0.549361
0.327866
0.109003
0.468137
2.70432
2.95579
2.77617
2.50841
2.23133
1.9627
1.70535
1.45843
1.22032
0.989343
0.763959
0.542777
0.324518
0.107983
-1.58431
1.12232
2.00843
2.22035
2.17399
2.02398
1.83103
1.62046
1.40333
1.18459
0.966404
0.749553
0.534155
0.319968
0.106566
-0.289536
0.804517
1.52919
1.84387
1.91158
1.84648
1.71163
1.54012
1.34933
1.14848
0.942523
0.734129
0.524685
0.314868
0.10496
-0.156648
0.743187
1.33464
1.63892
1.74141
1.71744
1.61769
1.47319
1.30231
1.11589
0.920327
0.719425
0.515468
0.309828
0.103359
0.127141
0.89599
1.33951
1.57411
1.65908
1.64103
1.55484
1.42456
1.26609
1.08965
0.901828
0.706838
0.507414
0.305362
0.10193
1.04695
1.27472
1.48946
1.61325
1.6483
1.61196
1.5226
1.39553
1.24233
1.07132
0.888304
0.697326
0.501183
0.301853
0.100799
1.56204
1.66253
1.70258
1.71405
1.68713
1.61973
1.51655
1.38464
1.23095
1.06131
0.880311
0.691403
0.497167
0.299543
0.100047
2.47623
2.09232
1.93558
1.84155
1.75409
1.65237
1.53046
1.38889
1.23064
1.05921
0.877814
0.689183
0.495505
0.298533
0.09971
2.77486
2.36439
2.12505
1.96453
1.83097
1.69904
1.55802
1.40474
1.23951
1.06402
0.88035
0.690475
0.496134
0.298813
0.0997885
2.89113
2.51764
2.25983
2.06881
1.90676
1.75202
1.59412
1.42891
1.2555
1.07453
0.887205
0.694875
0.49884
0.300278
0.100252
2.92233
2.59059
2.34826
2.15303
1.97748
1.80722
1.6353
1.45877
1.27677
1.08947
0.897547
0.701858
0.503306
0.302763
0.101049
2.88279
2.6015
2.404
2.22361
2.04456
1.86357
1.67969
1.49247
1.30174
1.10764
0.910517
0.71084
0.509165
0.306065
0.102116
2.66371
2.55426
2.4479
2.29331
2.11302
1.92195
1.72643
1.52861
1.32908
1.12794
0.925272
0.721222
0.51602
0.309963
0.10338
1.84149
2.50492
2.52532
2.38092
2.18898
1.98343
1.77477
1.56596
1.35754
1.14932
0.941007
0.732417
0.523481
0.314231
0.104769
3.11619
2.90217
2.71721
2.50161
2.27444
2.0471
1.82322
1.60307
1.3859
1.17078
0.956954
0.743867
0.531169
0.318654
0.106212
3.68283
3.27931
2.93041
2.63039
2.36005
2.1084
1.86909
1.63815
1.41286
1.19138
0.972407
0.755063
0.538742
0.323032
0.107644
4.46001
3.61857
3.10972
2.73863
2.43274
2.16113
1.90919
1.66932
1.43721
1.21026
0.986753
0.765566
0.545903
0.327195
0.109009
4.56532
3.72694
3.19339
2.80168
2.48167
2.20024
1.94093
1.69512
1.45802
1.22676
0.999515
0.775029
0.552414
0.331002
0.110262
4.14292
3.6237
3.17863
2.81501
2.50386
2.22403
1.96332
1.71491
1.4748
1.24052
1.01039
0.783213
0.558104
0.334351
0.111367
3.91723
3.46905
3.10737
2.792
2.50433
2.23456
1.97721
1.72896
1.48758
1.25142
1.01923
0.789986
0.562867
0.337174
0.112302
3.52548
3.2544
3.00402
2.74981
2.49243
2.2365
1.98482
1.73829
1.49676
1.25961
1.02605
0.795306
0.566655
0.339437
0.113054
3.12595
3.02545
2.90338
2.70992
2.47956
2.23552
1.98887
1.74418
1.50294
1.26533
1.03095
0.799199
0.569463
0.341129
0.113619
2.04527
2.81155
2.85239
2.69576
2.47624
2.23638
1.9916
1.7477
1.50665
1.26885
1.03404
0.80172
0.571315
0.342259
0.113998
3.27316
3.10149
2.93858
2.72538
2.48712
2.24069
1.99375
1.74928
1.50815
1.27034
1.03544
0.802934
0.572249
0.342846
0.114198
3.77552
3.38544
3.05976
2.77249
2.50373
2.2454
1.99423
1.74858
1.50739
1.26984
1.03522
0.802906
0.572313
0.342918
0.114228
4.40172
3.62474
3.15434
2.80686
2.51315
2.24519
1.99091
1.74482
1.50414
1.26735
1.03344
0.801707
0.571563
0.342512
0.114101
4.43189
3.65124
3.16364
2.804
2.50478
2.23551
1.98196
1.73733
1.49825
1.26289
1.03019
0.799431
0.570075
0.341674
0.11383
3.91043
3.47435
3.08416
2.7593
2.47568
2.21495
1.96685
1.72605
1.48981
1.25663
1.02563
0.79621
0.567944
0.340461
0.113437
3.6405
3.26568
2.95939
2.68606
2.43075
2.18568
1.94671
1.71166
1.4793
1.24891
1.02
0.792221
0.565289
0.338942
0.112942
3.20462
3.00953
2.81183
2.6004
2.37878
2.1522
1.9239
1.69545
1.46747
1.24019
1.01362
0.787677
0.562248
0.337195
0.112373
2.81031
2.75527
2.6739
2.52194
2.33031
2.11996
1.90125
1.67895
1.45522
1.23104
1.00685
0.782808
0.558966
0.335301
0.111753
1.81265
2.51939
2.58506
2.47115
2.29491
2.09357
1.88113
1.66348
1.44333
1.22195
1.00001
0.777832
0.555585
0.333339
0.11111
2.84182
2.7288
2.62099
2.46377
2.27703
2.07494
1.86467
1.64982
1.43233
1.2133
0.993373
0.772937
0.552227
0.331377
0.110465
3.24338
2.93468
2.69129
2.47701
2.26989
2.06205
1.85143
1.63804
1.42247
1.20533
0.987134
0.768267
0.548988
0.329472
0.109836
3.71095
3.09531
2.74147
2.48538
2.26335
2.05114
1.84017
1.62784
1.41375
1.19813
0.981406
0.763916
0.545937
0.327665
0.109237
3.68871
3.07424
2.72387
2.47023
2.25005
2.03943
1.8299
1.61893
1.40613
1.19177
0.976251
0.75994
0.543115
0.325979
0.108677
3.14497
2.86988
2.63918
2.43196
2.23019
2.02701
1.82068
1.61136
1.39966
1.18626
0.971692
0.756356
0.540534
0.324422
0.108156
2.72597
2.63481
2.53829
2.39003
2.21138
2.01681
1.81361
1.60548
1.39444
1.18162
0.967713
0.753146
0.538181
0.322986
0.107674
1.72203
2.4036
2.4734
2.36934
2.20371
2.01266
1.81
1.6017
1.3905
1.17778
0.964242
0.750249
0.536012
0.321647
0.107222
2.63657
2.59731
2.52935
2.39154
2.21378
2.01661
1.81037
1.59997
1.38769
1.17458
0.961131
0.747558
0.533959
0.320366
0.106787
2.98837
2.81108
2.63387
2.44161
2.23743
2.02691
1.81368
1.59962
1.38552
1.17168
0.958155
0.744925
0.531927
0.319092
0.106353
3.3619
3.02492
2.74893
2.50013
2.26558
2.03913
1.81763
1.59935
1.38323
1.1686
0.955025
0.74217
0.529808
0.317766
0.105903
3.5875
3.19653
2.84521
2.54891
2.2882
2.04798
1.81941
1.59763
1.37996
1.16487
0.951443
0.739111
0.527496
0.316332
0.105417
4.016
3.34073
2.90338
2.57312
2.2967
2.04879
1.81652
1.59312
1.37497
1.16004
0.947152
0.735594
0.524898
0.314741
0.104882
3.99268
3.31986
2.88732
2.5601
2.2855
2.03882
1.80752
1.58503
1.3678
1.15384
0.94199
0.731517
0.521953
0.312961
0.104286
3.48345
3.13228
2.79825
2.51069
2.25502
2.01822
1.79246
1.57335
1.35843
1.14625
0.93592
0.726851
0.518638
0.310977
0.103626
3.23171
2.93294
2.67703
2.43927
2.21152
1.99003
1.77285
1.55884
1.34723
1.13744
0.929025
0.721631
0.514968
0.308794
0.102901
2.8514
2.70398
2.54331
2.36105
2.16376
1.9589
1.7511
1.54273
1.33482
1.12773
0.921474
0.715945
0.510988
0.306434
0.102118
2.50807
2.48435
2.42471
2.2934
2.12136
1.92986
1.7298
1.52636
1.32192
1.1175
0.913469
0.709903
0.506756
0.303924
0.101286
1.63894
2.2898
2.35599
2.25417
2.09257
1.90683
1.71089
1.51075
1.30908
1.10707
0.905193
0.703611
0.502332
0.301297
0.100415
2.5942
2.50139
2.40401
2.25661
2.08063
1.89094
1.69496
1.49627
1.29655
1.0966
0.896764
0.697149
0.497769
0.29858
0.0995128
2.9868
2.71629
2.48686
2.27906
2.07833
1.87947
1.68097
1.48256
1.28425
1.08613
0.888231
0.690565
0.493102
0.295796
0.0985874
3.48543
2.90278
2.55479
2.29674
2.07483
1.86781
1.66699
1.46883
1.27188
1.07555
0.879589
0.68388
0.488355
0.29296
0.0976445
3.51579
2.92644
2.56038
2.28946
2.06111
1.8519
1.65122
1.45433
1.25916
1.06478
0.870824
0.677107
0.483545
0.290087
0.0966888
3.12473
2.79517
2.50004
2.25276
2.0342
1.83014
1.63288
1.43872
1.24594
1.05379
0.861943
0.670265
0.478692
0.287188
0.0957246
2.92443
2.64015
2.40657
2.19627
1.99732
1.8037
1.61245
1.4222
1.23235
1.04264
0.852996
0.663391
0.473819
0.284277
0.0947564
2.60529
2.45004
2.29705
2.13201
1.95682
1.77568
1.59139
1.40548
1.21872
1.03151
0.844075
0.656533
0.468953
0.281368
0.0937883
2.2988
2.25848
2.196
2.07496
1.92055
1.74989
1.57151
1.38941
1.20546
1.0206
0.835277
0.649741
0.464119
0.278472
0.0928233
1.49947
2.08244
2.13572
2.04121
1.89564
1.72953
1.55428
1.37468
1.19292
1.01006
0.826677
0.643048
0.459329
0.275593
0.0918625
2.37795
2.27436
2.17816
2.04306
1.88509
1.71557
1.54012
1.36151
1.18119
0.999961
0.818296
0.636455
0.454579
0.272725
0.0909036
2.72835
2.46125
2.24771
2.06093
1.88265
1.7058
1.52822
1.34959
1.17015
0.990221
0.810086
0.629927
0.449839
0.269851
0.0899404
3.1509
2.61105
2.29876
2.07303
1.87932
1.69659
1.51711
1.3383
1.15951
0.980682
0.801941
0.623386
0.445057
0.266938
0.0889621
3.1441
2.60296
2.28979
2.06303
1.86844
1.68519
1.50559
1.32707
1.14895
0.971141
0.793716
0.616725
0.440157
0.26394
0.0879534
2.69937
2.43667
2.22094
2.03081
1.84977
1.6713
1.49336
1.31563
1.13823
0.96139
0.785237
0.609807
0.43504
0.260799
0.0868943
2.34422
2.23789
2.13441
1.99242
1.82941
1.65708
1.48106
1.30401
1.1272
0.951217
0.776302
0.602465
0.429582
0.257439
0.0857599
1.47682
2.03724
2.07472
1.96876
1.81559
1.64547
1.46953
1.29229
1.11564
0.940361
0.766666
0.594498
0.423638
0.25377
0.0845203
2.27144
2.19984
2.11472
1.97801
1.81363
1.63795
1.45895
1.2802
1.1032
0.928458
0.756015
0.585657
0.417029
0.249689
0.0831403
2.5682
2.37194
2.19064
2.00659
1.81962
1.6328
1.44824
1.26696
1.08924
0.915014
0.743962
0.575651
0.409551
0.245071
0.0815795
2.86582
2.53376
2.26855
2.03733
1.82558
1.62612
1.43532
1.25129
1.07293
0.899414
0.730052
0.564144
0.400972
0.239781
0.0797929
3.03139
2.64928
2.32295
2.05468
1.82311
1.61348
1.41773
1.23175
1.05329
0.880984
0.713785
0.550772
0.39104
0.233672
0.0777312
3.32964
2.72618
2.33713
2.04666
1.8055
1.59124
1.39342
1.20703
1.02944
0.859056
0.694656
0.535155
0.37949
0.226584
0.0753425
3.25639
2.65428
2.28296
2.00452
1.7693
1.55764
1.36123
1.17625
1.00065
0.833021
0.672165
0.516907
0.366047
0.218354
0.0725718
2.70897
2.42224
2.16438
1.93247
1.71681
1.5135
1.32115
1.13901
0.966367
0.802332
0.64583
0.495636
0.350427
0.208811
0.0693621
2.31171
2.17024
2.02791
1.84924
1.6558
1.4618
1.27402
1.09523
0.926162
0.766461
0.615152
0.470936
0.332333
0.197775
0.0656538
1.41195
1.91896
1.91674
1.77638
1.59526
1.40584
1.22068
1.04474
0.879506
0.724807
0.57959
0.442369
0.311453
0.18506
0.0613848
2.1212
2.02138
1.90157
1.73192
1.54055
1.34695
1.161
0.986854
0.825585
0.676613
0.538512
0.409455
0.287452
0.170471
0.0564912
2.36965
2.13778
1.92108
1.70264
1.48744
1.2828
1.09316
0.920075
0.763171
0.620912
0.491191
0.371671
0.259984
0.153811
0.0509092
2.59405
2.24374
1.94186
1.67121
1.42709
1.20828
1.01385
0.842105
0.690632
0.556547
0.43682
0.328476
0.228707
0.134893
0.0445792
2.72868
2.31613
1.94103
1.62144
1.34921
1.11688
0.918816
0.7501
0.606059
0.482251
0.374577
0.279354
0.193313
0.113555
0.0374516
3.0037
2.36262
1.90172
1.53888
1.2437
1.00172
0.803439
0.641
0.507475
0.396787
0.30372
0.223879
0.153577
0.0896907
0.0294953
2.96464
2.28406
1.79439
1.40941
1.10129
0.85626
0.663202
0.511854
0.393071
0.299122
0.223709
0.161803
0.109403
0.0632741
0.0207065
2.58469
2.07299
1.61445
1.22665
0.91514
0.674747
0.494028
0.360122
0.261454
0.188616
0.134344
0.0931475
0.0608893
0.0343942
0.0111197
2.2672
1.82509
1.38545
0.990989
0.679676
0.451849
0.292372
0.183942
0.111923
0.0652451
0.0359228
0.018304
0.00838762
0.00328628
0.000816798
1.52292
1.57555
1.12515
0.697662
0.386328
0.181563
0.0553088
-0.0175057
-0.0551873
-0.0701588
-0.0706067
-0.0618725
-0.047446
-0.0296423
-0.0100644
2.85728
1.6754
0.848989
0.323706
0.0190723
-0.143134
-0.218799
-0.243321
-0.238053
-0.215634
-0.183499
-0.14599
-0.105616
-0.063797
-0.0213268
3.4787
1.52845
0.363792
-0.203537
-0.447029
-0.527802
-0.528328
-0.489776
-0.432805
-0.367845
-0.300112
-0.232087
-0.16478
-0.0983991
-0.0327151
4.78387
0.835937
-0.53608
-0.955837
-1.02616
-0.968104
-0.864894
-0.74896
-0.633073
-0.521965
-0.416917
-0.317676
-0.223295
-0.132512
-0.0439248
1.61144
-1.64545
-2.09699
-1.95092
-1.69453
-1.43971
-1.21021
-1.00805
-0.829989
-0.67186
-0.529679
-0.399883
-0.279306
-0.165096
-0.0546212
-10.9246
-6.07485
-4.07269
-3.02262
-2.36183
-1.89368
-1.53648
-1.25035
-1.01303
-0.810663
-0.633834
-0.475683
-0.330891
-0.195083
-0.064462
0.122769
0.369464
0.619716
0.8762
1.14212
1.42162
1.72042
2.04701
2.41493
2.84749
3.38816
4.12636
5.2689
7.36241
12.0673
0.121252
0.365106
0.613121
0.868445
1.13487
1.41728
1.72239
2.05992
2.4447
2.90037
3.46586
4.20606
5.22431
6.64313
8.3373
0.118379
0.356578
0.599203
0.849567
1.1116
1.39022
1.69193
2.02561
2.40367
2.84354
3.36876
4.00734
4.77908
5.64743
6.37697
0.114064
0.343617
0.577528
0.818997
1.0717
1.34005
1.62952
1.94696
2.30093
2.70141
3.15817
3.67536
4.23864
4.79031
5.192
0.108322
0.326287
0.548276
0.777166
1.01613
1.26876
1.53915
1.83189
2.15179
2.503
2.88669
3.29641
3.7105
4.08389
4.34512
0.101252
0.304918
0.512097
0.725224
0.946857
1.17968
1.42645
1.68975
1.97158
2.2723
2.58886
2.91182
3.22186
3.4884
3.67349
0.0930163
0.28002
0.469943
0.664739
0.866347
1.07662
1.2972
1.5292
1.77275
2.02623
2.28505
2.54008
2.77643
2.97404
3.1114
0.0838047
0.252191
0.422894
0.597407
0.777117
0.963205
1.15648
1.35709
1.56416
1.77521
1.98556
2.18751
2.37018
2.52042
2.62534
0.073813
0.222034
0.372017
0.52485
0.681466
0.84254
1.00833
1.17843
1.35154
1.52503
1.69472
1.85456
1.99675
2.11258
2.19404
0.0632231
0.190107
0.318276
0.448485
0.581323
0.717114
0.855782
0.996688
1.13842
1.27861
1.41379
1.53936
1.64981
1.73933
1.80277
0.0521928
0.156887
0.262479
0.369469
0.4782
0.588774
0.700954
0.814045
0.926762
1.03713
1.14243
1.23928
1.32382
1.39217
1.44099
0.0408525
0.122765
0.205275
0.288695
0.373208
0.458799
0.545184
0.631735
0.717397
0.800642
0.879464
0.951461
1.014
1.0645
1.10083
0.0293051
0.0880455
0.147156
0.206821
0.267123
0.328005
0.389217
0.45027
0.510392
0.568508
0.623249
0.673018
0.716115
0.75091
0.776068
0.0176289
0.0529574
0.0884856
0.124306
0.160452
0.19687
0.233392
0.269713
0.305364
0.33971
0.371958
0.401196
0.426469
0.446877
0.461696
-32281.2
-32243.7
-32206.2
-32168.8
-32131.4
-32094.2
-32057.1
-32020.1
-31983.3
-31946.8
-31910.4
-31874.4
-31838.6
-31803.1
-31767.9
15.5055
-8.83869
23.0963
-0.873981
22.6938
3.47132
-15.8797
8.34804
-16.4507
21.4727
-3.83133
21.3796
-0.584661
19.8883
2.49738
-14.9417
6.54065
-15.5547
17.7882
-4.27262
17.4449
0.187721
-16.8523
3.16303
-18.0584
5.92979
-18.3051
18.0415
-5.58128
17.571
-0.658799
-18.5643
2.52354
-19.6798
5.40757
-19.9023
18.0091
-6.67365
17.4717
-1.65054
-20.5163
1.60972
-22.034
4.75414
-22.6815
18.9925
-8.56127
18.9252
-4.89363
17.3216
-1.57077
-20.575
2.76899
-21.4671
15.0517
-9.34074
14.5617
-4.76568
-24.0334
-1.70089
-26.0695
1.3672
-26.9428
15.5854
-12.474
15.1468
-6.97927
-29.0523
-3.16452
-31.2069
0.808254
-31.9202
17.8604
-14.672
17.9416
-7.72539
-33.3684
-2.53072
-35.2058
3.03668
-35.0409
23.8795
-13.7118
24.7757
-4.39739
-33.2018
3.65855
-31.8822
16.5716
-18.5924
8.26751
4.51874
9.21775
6.29104
8.71086
3.66643
-1.27468
1.60883
-0.566033
6.3386
4.42602
8.33737
5.43753
7.30645
2.58015
-2.02474
0.356402
-1.79494
4.0077
1.89983
4.3852
-0.109531
-4.7334
-2.90325
-5.72556
-2.03137
-3.87268
2.76072
0.728068
3.52932
-1.10882
-5.90216
-3.91552
-6.82738
-2.93732
-4.84425
2.08226
-0.0435952
2.86871
-2.00305
-7.04167
-4.95087
-8.01176
-3.77482
-5.68081
2.19412
0.312132
4.70475
1.64486
3.71923
-1.39484
-6.40534
-3.83766
-6.2332
0.0709574
-2.34043
0.294417
-4.83857
-10.1421
-8.22173
-11.567
-7.43573
-9.68324
-2.01257
-4.53976
-1.31007
-7.04561
-12.9897
-10.6117
-14.3073
-9.32535
-11.7383
-2.58704
-5.31399
-1.28742
-7.75259
-14.4429
-11.3166
-15.3205
-9.05666
-11.5045
-0.346207
-3.10192
2.05331
-4.92384
-12.0684
-7.76633
-11.6643
-4.18152
-9.42732
6.3356
5.7104
6.31917
5.75613
5.47538
3.71176
2.0619
2.15252
2.24302
3.89993
4.29565
5.10184
4.59139
4.22025
2.48667
0.830963
0.697426
0.509614
1.6167
1.45645
1.37522
-0.222437
-1.90989
-2.27167
-2.77815
-2.02312
-1.64556
-0.0427708
0.0748429
0.198577
-1.33712
-3.00497
-3.30252
-3.77144
-2.93634
-2.50813
-0.810905
-0.670225
-0.526986
-2.117
-3.83519
-4.09466
-4.50004
-3.45952
-2.76627
-0.555769
0.148607
1.21453
0.78861
0.466902
-1.36943
-3.1497
-3.29853
-3.52815
-2.3606
-2.60792
-2.78829
-4.66706
-6.65423
-7.1611
-7.83184
-7.05416
-6.70682
-4.92639
-4.8963
-4.85785
-6.81246
-8.91169
-9.3135
-9.90408
-8.81091
-8.2096
-5.93035
-5.68161
-5.40874
-7.4561
-9.65368
-9.83523
-10.2214
-8.60544
-7.56124
-4.53592
-3.884
-3.19861
-5.20942
-7.4183
-7.38323
-7.83491
-6.60531
-7.33744
5.25075
5.12637
5.10921
4.81601
4.37655
3.59459
2.8936
2.6978
2.79797
3.27884
3.57575
3.76382
3.54621
3.09757
2.28272
1.49645
1.11831
0.95128
1.05243
0.901065
0.5507
-0.204221
-0.993474
-1.42984
-1.64543
-1.4694
-1.18083
-0.705703
-0.585274
-0.740661
-1.3732
-2.07908
-2.44084
-2.59136
-2.34751
-1.99747
-1.46074
-1.29864
-1.42492
-2.04449
-2.72741
-3.02654
-3.06861
-2.64236
-2.03485
-1.13507
-0.533827
-0.125686
-0.216014
-0.602695
-1.42307
-2.24173
-2.64147
-2.83348
-2.75318
-2.9703
-3.42382
-4.338
-5.29664
-5.8631
-6.18111
-6.05159
-5.79282
-5.31846
-5.26365
-5.53442
-6.36989
-7.27692
-7.74245
-7.92448
-7.58719
-7.09622
-6.34873
-6.0831
-6.18803
-6.94246
-7.7668
-8.05844
-8.00477
-7.33015
-6.47013
-5.30729
-4.71367
-4.56739
-5.20921
-5.99902
-6.29881
-6.4263
-6.20392
-6.22493
4.42242
4.38844
4.29721
4.08691
3.77129
3.36125
2.99827
2.81739
2.80523
2.92317
3.01306
3.01044
2.83417
2.50269
2.03805
1.57474
1.23572
1.00728
0.852301
0.632716
0.309213
-0.136084
-0.584721
-0.905421
-1.07612
-1.07724
-0.984222
-0.857378
-0.847739
-0.992335
-1.3032
-1.64825
-1.88287
-1.97873
-1.91112
-1.75523
-1.57063
-1.51137
-1.61206
-1.88031
-2.17188
-2.32815
-2.31117
-2.08582
-1.72389
-1.28408
-0.937805
-0.747697
-0.79346
-1.04733
-1.47879
-1.93661
-2.2832
-2.53059
-2.71708
-2.9919
-3.39558
-3.94453
-4.50342
-4.92256
-5.17449
-5.23485
-5.189
-5.10609
-5.16183
-5.3975
-5.82394
-6.27758
-6.5794
-6.69243
-6.58456
-6.35199
-6.07302
-5.9507
-6.03176
-6.32788
-6.64674
-6.77871
-6.68205
-6.32168
-5.81491
-5.2588
-4.89895
-4.80105
-4.99567
-5.28514
-5.46233
-5.52149
-5.45222
-5.35567
3.74229
3.73087
3.65455
3.50723
3.29964
3.05769
2.83817
2.69137
2.62245
2.60509
2.5807
2.5042
2.34262
2.09644
1.78832
1.47081
1.19061
0.954166
0.741807
0.510566
0.239604
-0.066686
-0.363798
-0.600641
-0.754692
-0.824367
-0.840063
-0.844044
-0.891894
-1.00838
-1.18778
-1.38026
-1.52851
-1.60531
-1.60564
-1.55811
-1.50379
-1.4975
-1.56161
-1.6862
-1.81481
-1.88281
-1.85727
-1.72941
-1.52848
-1.30175
-1.12017
-1.03328
-1.07439
-1.23931
-1.49958
-1.79461
-2.07066
-2.31822
-2.55659
-2.83066
-3.1608
-3.53931
-3.91392
-4.22523
-4.44607
-4.57329
-4.64072
-4.69617
-4.80297
-4.98782
-5.24074
-5.49869
-5.68993
-5.7801
-5.76307
-5.67608
-5.57316
-5.52679
-5.56709
-5.68178
-5.79696
-5.82925
-5.74008
-5.52497
-5.23159
-4.92851
-4.70777
-4.61419
-4.64614
-4.73342
-4.79614
-4.80174
-4.7399
-4.62372
3.16814
3.16618
3.11355
3.0137
2.87683
2.72118
2.57268
2.45251
2.36466
2.29637
2.22258
2.11968
1.97206
1.77856
1.55122
1.31226
1.08157
0.865414
0.657543
0.444646
0.21988
-0.0115043
-0.23068
-0.416116
-0.555823
-0.650291
-0.713857
-0.768632
-0.838305
-0.934951
-1.05463
-1.17709
-1.27814
-1.34311
-1.37016
-1.37188
-1.36889
-1.38335
-1.42517
-1.48741
-1.54606
-1.57324
-1.55173
-1.47924
-1.37116
-1.25537
-1.1671
-1.13545
-1.17796
-1.29484
-1.47119
-1.68079
-1.89993
-2.11986
-2.34549
-2.58944
-2.8571
-3.14041
-3.41629
-3.65884
-3.8531
-3.99845
-4.11026
-4.21287
-4.33229
-4.48063
-4.65081
-4.81634
-4.94645
-5.02257
-5.0427
-5.02348
-4.99223
-4.97842
-4.9956
-5.0353
-5.0668
-5.05494
-4.97968
-4.84117
-4.6624
-4.47983
-4.33367
-4.24672
-4.2171
-4.21722
-4.21231
-4.17909
-4.10572
-3.98908
2.67182
2.67517
2.64131
2.57435
2.48195
2.37531
2.26739
2.16808
2.07974
1.99662
1.90744
1.80066
1.66868
1.51057
1.33202
1.143
0.952816
0.765954
0.58176
0.397083
0.210969
0.0273978
-0.144836
-0.296114
-0.420766
-0.519375
-0.598969
-0.67042
-0.744523
-0.826999
-0.916106
-1.00338
-1.07838
-1.13414
-1.16982
-1.19109
-1.20751
-1.22847
-1.25802
-1.29247
-1.32133
-1.33249
-1.31834
-1.27906
-1.2237
-1.16812
-1.13127
-1.12962
-1.17327
-1.26357
-1.39379
-1.55207
-1.72697
-1.91218
-2.10691
-2.31303
-2.52985
-2.75122
-2.9657
-3.16104
-3.32961
-3.47099
-3.59216
-3.70449
-3.81914
-3.94117
-4.06677
-4.18427
-4.27999
-4.34496
-4.37828
-4.38755
-4.38552
-4.3848
-4.3911
-4.40006
-4.39852
-4.37143
-4.30985
-4.21487
-4.09821
-3.97827
-3.87391
-3.79633
-3.74496
-3.70801
-3.66905
-3.61405
-3.53367
-3.42294
2.23223
2.23848
2.21749
2.17243
2.10844
2.03221
1.95064
1.86885
1.78833
1.70664
1.6187
1.51906
1.40405
1.27316
1.1291
0.976617
0.820511
0.663898
0.507941
0.352873
0.199702
0.0512959
-0.0878277
-0.213097
-0.321844
-0.414464
-0.49442
-0.566992
-0.637285
-0.708091
-0.778815
-0.845928
-0.90493
-0.952679
-0.988806
-1.01588
-1.0382
-1.05982
-1.08241
-1.10421
-1.12071
-1.12685
-1.1198
-1.10071
-1.07524
-1.05261
-1.04347
-1.05729
-1.10015
-1.17358
-1.27479
-1.39824
-1.53798
-1.68964
-1.85083
-2.02008
-2.19495
-2.3709
-2.54162
-2.70078
-2.84431
-2.97167
-3.08584
-3.19185
-3.29448
-3.39571
-3.49358
-3.58275
-3.65702
-3.71219
-3.74776
-3.76719
-3.77625
-3.78043
-3.78214
-3.77936
-3.76644
-3.73706
-3.68761
-3.61928
-3.53826
-3.45382
-3.37515
-3.30779
-3.25168
-3.20137
-3.14863
-3.08533
-3.00517
-2.90415
1.83396
1.84137
1.82871
1.79815
1.75299
1.69719
1.63467
1.56829
1.49908
1.42617
1.34735
1.26013
1.16283
1.05527
0.938854
0.816041
0.689523
0.561493
0.433448
0.306543
0.182195
0.0624563
-0.0501327
-0.153225
-0.245491
-0.327132
-0.399839
-0.466181
-0.528636
-0.588629
-0.646051
-0.699477
-0.747005
-0.787277
-0.820159
-0.846823
-0.869209
-0.889108
-0.907255
-0.922932
-0.934325
-0.939561
-0.937952
-0.930888
-0.922078
-0.917037
-0.92199
-0.942521
-0.982404
-1.04297
-1.1232
-1.22038
-1.33125
-1.45279
-1.5826
-1.7185
-1.85794
-1.99761
-2.13367
-2.26254
-2.38181
-2.49087
-2.59079
-2.68365
-2.77137
-2.85467
-2.93247
-3.00227
-3.06119
-3.10723
-3.14013
-3.16141
-3.17365
-3.17927
-3.17932
-3.17294
-3.15778
-3.13131
-3.09227
-3.0417
-2.98297
-2.92083
-2.85986
-2.80285
-2.74981
-2.69806
-2.64327
-2.58077
-2.50659
-2.41801
1.46591
1.47322
1.46579
1.44501
1.41294
1.37197
1.32438
1.27189
1.21527
1.15434
1.08821
1.01583
0.936514
0.850285
0.757958
0.660937
0.560855
0.459252
0.357457
0.256678
0.158195
0.0634695
-0.0259631
-0.108793
-0.184287
-0.252508
-0.314266
-0.370813
-0.423375
-0.47271
-0.518883
-0.561359
-0.599368
-0.632357
-0.660306
-0.683769
-0.703643
-0.720757
-0.735496
-0.747658
-0.756646
-0.761964
-0.763795
-0.763422
-0.763326
-0.766912
-0.777921
-0.799725
-0.834709
-0.883909
-0.947011
-1.02267
-1.10897
-1.2039
-1.30545
-1.41168
-1.52044
-1.62935
-1.73592
-1.83795
-1.93388
-2.02308
-2.10577
-2.18269
-2.25451
-2.3214
-2.38275
-2.43733
-2.48376
-2.52108
-2.54912
-2.56853
-2.58047
-2.586
-2.58563
-2.57904
-2.56531
-2.54354
-2.51342
-2.47578
-2.43249
-2.38605
-2.33877
-2.29209
-2.24598
-2.19905
-2.14893
-2.09296
-2.02871
-1.95446
1.1199
1.12627
1.12205
1.1081
1.08569
1.05624
1.02113
0.98141
0.93766
0.889958
0.838031
0.781494
0.720125
0.654048
0.583791
0.510211
0.434344
0.357257
0.279971
0.203472
0.128752
0.0568272
-0.0113358
-0.0749558
-0.133591
-0.187225
-0.23623
-0.281214
-0.322791
-0.361376
-0.39707
-0.429702
-0.458987
-0.484722
-0.506935
-0.525906
-0.54207
-0.555842
-0.567465
-0.576965
-0.58426
-0.589396
-0.592815
-0.595555
-0.599272
-0.606093
-0.618296
-0.637941
-0.66653
-0.704807
-0.752728
-0.809594
-0.874274
-0.945411
-1.02155
-1.10118
-1.18269
-1.26441
-1.34469
-1.42211
-1.4956
-1.56462
-1.62903
-1.689
-1.7447
-1.79606
-1.84273
-1.88407
-1.91939
-1.94823
-1.97046
-1.98636
-1.99644
-2.00118
-2.00084
-1.99534
-1.98438
-1.96769
-1.94535
-1.91793
-1.8865
-1.85238
-1.81678
-1.78042
-1.74326
-1.70454
-1.66296
-1.61698
-1.56518
-1.50649
0.789537
0.7944
0.792112
0.783182
0.768345
0.74844
0.724273
0.696485
0.665479
0.631401
0.594219
0.553837
0.510227
0.463532
0.414101
0.362464
0.309271
0.25522
0.201018
0.147362
0.0949383
0.0444137
-0.00361006
-0.0486616
-0.0904665
-0.12898
-0.164362
-0.196901
-0.226902
-0.25459
-0.280053
-0.303255
-0.324107
-0.34255
-0.358623
-0.372476
-0.38433
-0.394408
-0.402875
-0.409829
-0.415363
-0.419672
-0.423186
-0.426644
-0.431111
-0.437879
-0.448307
-0.463622
-0.48474
-0.51215
-0.545888
-0.585589
-0.630587
-0.680026
-0.732931
-0.788259
-0.844918
-0.901803
-0.957859
-1.01217
-1.06404
-1.11302
-1.15893
-1.20171
-1.24133
-1.2777
-1.31059
-1.33966
-1.36457
-1.38507
-1.40109
-1.41274
-1.42024
-1.42382
-1.42362
-1.41963
-1.41181
-1.40012
-1.38471
-1.36596
-1.34446
-1.32093
-1.29598
-1.26997
-1.24286
-1.21423
-1.18337
-1.14943
-1.11159
-1.06925
0.469737
0.472774
0.471664
0.466682
0.458209
0.446683
0.432527
0.416091
0.39761
0.377203
0.354902
0.330708
0.304649
0.276833
0.247461
0.216829
0.185298
0.153265
0.12114
0.0893337
0.0582449
0.0282517
-0.00031353
-0.0271939
-0.0522353
-0.0753981
-0.0967439
-0.116399
-0.134503
-0.151168
-0.166449
-0.180352
-0.192855
-0.20395
-0.213666
-0.222082
-0.229304
-0.235448
-0.240614
-0.244888
-0.248374
-0.25124
-0.253775
-0.256421
-0.259772
-0.264527
-0.271409
-0.281073
-0.294011
-0.310499
-0.330576
-0.354066
-0.380616
-0.409752
-0.440921
-0.473519
-0.506916
-0.540484
-0.573628
-0.605832
-0.636693
-0.665937
-0.693407
-0.719021
-0.742721
-0.764425
-0.784005
-0.801296
-0.816133
-0.828399
-0.838054
-0.845137
-0.849738
-0.851957
-0.851865
-0.849487
-0.844831
-0.83793
-0.828893
-0.817938
-0.805372
-0.791536
-0.776725
-0.7611
-0.744638
-0.72713
-0.708216
-0.687468
-0.664478
-0.63893
-31735.9
-31707
-31678.4
-31650
-31621.8
-31593.9
-31566.1
-31538.6
-31511.2
-31484.1
-31457.1
-31430.3
-31403.7
-31377.2
-31350.9
-31324.6
-31298.5
-31272.5
-31246.6
-31220.7
-31194.9
-31169.1
-31143.3
-31117.6
-31091.8
-31066
-31040.2
-31014.4
-30988.5
-30962.6
-30936.6
-30910.6
-30884.4
-30858.2
-30832
-30805.6
-30779.1
-30752.5
-30725.9
-30699.1
-30672.3
-30645.3
-30618.2
-30591
-30563.7
-30536.3
-30508.8
-30481.2
-30453.4
-30425.6
-30397.6
-30369.4
-30341.1
-30312.6
-30284
-30255.1
-30226.1
-30196.8
-30167.3
-30137.5
-30107.4
-30077.1
-30046.5
-30015.5
-29984.2
-29952.6
-29920.6
-29888.3
-29855.6
-29822.6
-29789.2
-29755.3
-29721.1
-29686.6
-29651.6
-29616.2
-29580.5
-29544.3
-29507.8
-29470.9
-29433.6
-29396
-29358
-29319.6
-29280.9
-29241.8
-29202.4
-29162.7
-29122.7
-29082.4
-14.8708
-8.27183
-5.37608
-3.85386
-2.92659
-2.29656
-1.83395
-1.4749
-1.18443
-0.941525
-0.732475
-0.547688
-0.379988
-0.223657
-0.0738441
-9.79297
-7.51053
-5.5801
-4.22055
-3.26944
-2.58122
-2.06247
-1.65626
-1.32732
-1.05291
-0.817615
-0.610421
-0.423025
-0.248798
-0.0821132
-7.39617
-6.39727
-5.21332
-4.17879
-3.34933
-2.69634
-2.17838
-1.76029
-1.41565
-1.12516
-0.874635
-0.653343
-0.452887
-0.26639
-0.0879229
-6.06237
-5.46912
-4.69715
-3.93193
-3.25265
-2.67632
-2.19435
-1.79083
-1.44979
-1.15743
-0.902403
-0.675417
-0.468783
-0.275949
-0.0911097
-5.1446
-4.71969
-4.17415
-3.59905
-3.05292
-2.56186
-2.1318
-1.75884
-1.43521
-1.15236
-0.902114
-0.677128
-0.470874
-0.277507
-0.0916757
-4.42149
-4.0908
-3.68063
-3.23709
-2.79803
-2.38631
-2.01212
-1.67747
-1.37985
-1.11466
-0.876555
-0.6601
-0.460072
-0.271525
-0.0897609
-3.80832
-3.5413
-3.22034
-2.87054
-2.51574
-2.17318
-1.85286
-1.55903
-1.29203
-1.04987
-0.829337
-0.626638
-0.437783
-0.25876
-0.0856032
-3.26485
-3.04562
-2.78879
-2.50894
-2.22115
-1.93775
-1.6671
-1.41377
-1.17936
-0.963451
-0.764281
-0.579331
-0.405661
-0.240128
-0.0794964
-2.76804
-2.58744
-2.38023
-2.15522
-1.92213
-1.68957
-1.46402
-1.24957
-1.04821
-0.860293
-0.685008
-0.520746
-0.365407
-0.216596
-0.0717545
-2.30329
-2.15584
-1.98943
-1.80957
-1.62257
-1.43439
-1.24984
-1.07228
-0.903608
-0.744514
-0.59472
-0.453246
-0.318631
-0.189099
-0.062684
-1.86082
-1.74316
-1.61208
-1.47104
-1.32417
-1.17557
-1.02868
-0.886092
-0.74943
-0.619434
-0.496109
-0.378884
-0.266769
-0.158484
-0.0525634
-1.43379
-1.34387
-1.24464
-1.13829
-1.0275
-0.914992
-0.803184
-0.693953
-0.58856
-0.487661
-0.391377
-0.299393
-0.21106
-0.125489
-0.041635
-1.01737
-0.953896
-0.884321
-0.80998
-0.732537
-0.653725
-0.575115
-0.497977
-0.423198
-0.351275
-0.282347
-0.216253
-0.15259
-0.0907791
-0.0301264
-0.607836
-0.570032
-0.528768
-0.48477
-0.438944
-0.392249
-0.34557
-0.299637
-0.254975
-0.211889
-0.170482
-0.13068
-0.0922663
-0.0549157
-0.0182301
-29037.7
-28988.5
-28939
-28889.1
-28838.9
-28788.4
-28737.7
-28686.7
-28635.5
-28584.2
-28532.7
-28481.1
-28429.4
-28377.7
-28325.9
)
;

boundaryField
{
    hot
    {
        type            calculated;
        value           nonuniform List<scalar> 
120
(
32275.6
-0.0152038
-0.0252624
-0.0351991
-0.0449311
-0.0543399
-0.0632822
-0.0715689
-0.0789676
-0.0852136
-0.0900267
-0.0931391
-0.0943313
-0.0934711
-0.0905466
-0.0862287
-0.0809833
-0.0747402
-0.0677236
-0.0601671
-0.0522951
-0.0443065
-0.0363662
-0.0286026
-0.021108
-0.0139433
-0.00714315
-0.000722565
0.00531808
0.0109881
0.016303
0.0212818
0.0259453
0.0303148
0.0344113
0.0382548
0.0418636
0.0452544
0.0484422
0.0514408
0.0542633
0.0569228
0.0594331
0.0618085
0.0640636
0.0662127
0.0682691
0.0702446
0.0721499
0.0739948
0.0757888
0.0775418
0.0792637
0.0809646
0.0826537
0.0843389
0.0860258
0.0877189
0.0894209
0.0911343
0.0928613
0.0946044
0.0963655
0.0981454
0.0999427
0.101754
0.103572
0.105391
0.107201
0.108993
0.110759
0.112489
0.114173
0.115798
0.117347
0.118803
0.120148
0.121364
0.122433
0.123343
0.124079
0.124633
0.124995
0.125158
0.125117
0.124873
0.124434
0.123816
0.123048
0.122166
0.12122
0.120264
0.119358
0.118566
0.11795
0.117567
0.117462
0.117666
0.118178
0.118968
0.119962
0.121046
0.122066
0.122841
0.123175
0.122769
0.121252
0.118379
0.114064
0.108322
0.101252
0.0930163
0.0838047
0.073813
0.0632231
0.0521928
0.0408525
0.0293051
0.0176289
-32281.2
)
;
    }
    cold
    {
        type            calculated;
        value           nonuniform List<scalar> 
120
(
28319.5
0.016221
0.02696
0.0375718
0.047979
0.0580795
0.0677433
0.076812
0.0851032
0.0924199
0.0985707
0.103396
0.106797
0.108763
0.109389
0.109003
0.107983
0.106566
0.10496
0.103359
0.10193
0.100799
0.100047
0.09971
0.0997885
0.100252
0.101049
0.102116
0.10338
0.104769
0.106212
0.107644
0.109009
0.110262
0.111367
0.112302
0.113054
0.113619
0.113998
0.114198
0.114228
0.114101
0.11383
0.113437
0.112942
0.112373
0.111753
0.11111
0.110465
0.109836
0.109237
0.108677
0.108156
0.107674
0.107222
0.106787
0.106353
0.105903
0.105417
0.104882
0.104286
0.103626
0.102901
0.102118
0.101286
0.100415
0.0995128
0.0985874
0.0976445
0.0966888
0.0957246
0.0947564
0.0937883
0.0928233
0.0918625
0.0909036
0.0899404
0.0889621
0.0879534
0.0868943
0.0857599
0.0845203
0.0831403
0.0815795
0.0797929
0.0777312
0.0753425
0.0725718
0.0693621
0.0656538
0.0613848
0.0564912
0.0509092
0.0445792
0.0374516
0.0294953
0.0207065
0.0111197
0.000816798
-0.0100644
-0.0213268
-0.0327151
-0.0439248
-0.0546212
-0.064462
-0.0738441
-0.0821132
-0.0879229
-0.0911097
-0.0916757
-0.0897609
-0.0856032
-0.0794964
-0.0717545
-0.062684
-0.0525634
-0.041635
-0.0301264
-0.0182301
-28325.9
)
;
    }
    interface_left
    {
        type            calculated;
        value           nonuniform List<scalar> 
90
(
-10.8494
-1.21376
1.25502
0.379736
0.155386
-0.0591005
-0.136808
-0.102579
0.0427589
0.150497
0.353124
0.458332
0.599832
0.614656
0.478617
0.914746
1.13304
1.46473
1.53387
1.42829
1.28941
0.851766
1.38642
1.61193
1.88049
2.04736
2.36109
2.36633
2.06383
1.80736
1.15062
1.78616
2.03793
2.31448
2.48896
2.8275
2.81582
2.43282
2.12154
1.34694
2.07486
2.36256
2.67948
2.88137
3.27722
3.26658
2.82965
2.47191
1.57682
2.43732
2.78238
3.17274
3.42188
3.91058
3.90554
3.39446
2.96938
1.89635
2.94203
3.36057
3.83347
4.12946
4.70376
4.6845
4.0411
3.51575
2.21333
3.40493
3.85701
4.32271
4.59666
5.11269
5.02037
4.19198
3.57248
2.14576
3.1574
3.46059
3.61073
3.6507
3.67369
3.39121
2.39405
1.83102
0.824808
0.483161
0.140918
-0.912218
1.08075
9.21506
)
;
    }
    interface_right
    {
        type            calculated;
        value           nonuniform List<scalar> 
90
(
9.04495
0.468137
-1.58431
-0.289536
-0.156648
0.127141
1.04695
1.56204
2.47623
2.77486
2.89113
2.92233
2.88279
2.66371
1.84149
3.11619
3.68283
4.46001
4.56532
4.14292
3.91723
3.52548
3.12595
2.04527
3.27316
3.77552
4.40172
4.43189
3.91043
3.6405
3.20462
2.81031
1.81265
2.84182
3.24338
3.71095
3.68871
3.14497
2.72597
1.72203
2.63657
2.98837
3.3619
3.5875
4.016
3.99268
3.48345
3.23171
2.8514
2.50807
1.63894
2.5942
2.9868
3.48543
3.51579
3.12473
2.92443
2.60529
2.2988
1.49947
2.37795
2.72835
3.1509
3.1441
2.69937
2.34422
1.47682
2.27144
2.5682
2.86582
3.03139
3.32964
3.25639
2.70897
2.31171
1.41195
2.1212
2.36965
2.59405
2.72868
3.0037
2.96464
2.58469
2.2672
1.52292
2.85728
3.4787
4.78387
1.61144
-10.9246
)
;
    }
    interface_top
    {
        type            calculated;
        value           nonuniform List<scalar> 
90
(
21.4386
-20.8043
34.8261
-8.04619
34.1869
3.34508
-27.8329
15.2285
-30.0096
34.5953
-11.822
32.0639
-6.83503
30.1435
2.40717
-25.5601
12.761
-27.3826
29.607
-10.5195
28.1322
0.384322
-26.7948
9.35173
-28.2086
13.5855
-30.8565
31.0458
-12.0899
29.0096
-0.382251
-28.9809
9.0596
-30.2683
13.4248
-32.9951
31.5735
-13.4863
29.396
-1.41459
-31.5449
8.38909
-33.4954
13.1237
-37.3004
33.5
-17.1864
30.5745
-11.6654
28.4347
-1.70132
-32.1782
9.49108
-34.502
27.9662
-16.3205
26.3183
-4.66023
-35.3268
5.13132
-37.8903
10.0068
-41.816
30.6957
-20.4351
28.7007
-6.8641
-42.0941
4.67996
-44.9586
10.7916
-49.2877
35.4387
-24.0308
33.7924
-7.62153
-48.7366
6.70682
-51.4178
14.8786
-55.3672
44.6111
-24.4928
43.3499
-4.09245
-50.6813
14.8576
-49.165
34.8741
-26.3053
)
;
    }
    interface_bottom
    {
        type            calculated;
        value           nonuniform List<scalar> 
90
(
-24.875
27.69
-44.9289
-0.174683
44.7466
-18.5362
45.0071
-28.4071
47.136
-59.5138
14.5528
-54.2155
5.72992
-50.6608
-8.88656
32.8227
-25.3156
33.9917
-50.1524
9.23992
-45.4874
3.05482
-42.1543
-8.12565
25.8275
-20.903
26.8981
-40.0891
6.66341
-36.9561
-5.14924
25.8157
-15.219
27.1643
-20.1916
29.1667
-38.6108
8.47676
-35.1497
-3.3269
27.7015
-13.4701
29.3709
-18.7852
31.9662
-38.4931
11.4747
-34.2806
6.71192
-31.8026
-2.71274
26.656
-13.9929
27.9933
-31.3842
10.278
-29.3053
-0.534221
27.8163
-10.1628
29.237
-15.3714
31.0159
-33.1768
11.3621
-30.3217
-0.0942417
29.4409
-10.0537
30.6779
-15.2446
32.4576
-33.2829
12.4023
-30.1157
0.889608
31.2007
-9.02418
32.8674
-14.079
35.3623
-33.0507
14.7855
-30.3847
2.39515
34.697
-9.37639
35.3279
-22.6127
21.1931
)
;
    }
    defaultFaces
    {
        type            empty;
    }
}


// ************************************************************************* //
