/*--------------------------------*- C++ -*----------------------------------*\
| =========                 |                                                 |
| \\      /  F ield         | OpenFOAM: The Open Source CFD Toolbox           |
|  \\    /   O peration     | Version:  5.x                                   |
|   \\  /    A nd           | Web:      www.OpenFOAM.org                      |
|    \\/     M anipulation  |                                                 |
\*---------------------------------------------------------------------------*/
FoamFile
{
    version     2.0;
    format      ascii;
    class       volScalarField;
    location    "3.8";
    object      T;
}
// * * * * * * * * * * * * * * * * * * * * * * * * * * * * * * * * * * * * * //

dimensions      [0 0 0 1 0 0 0];

internalField   nonuniform List<scalar> 
6300
(
322.756
322.268
321.781
321.294
320.808
320.323
319.838
319.356
318.874
318.395
317.917
317.442
316.968
316.498
316.029
322.756
322.268
321.78
321.293
320.807
320.322
319.837
319.354
318.873
318.393
317.915
317.439
316.966
316.495
316.027
322.756
322.267
321.779
321.292
320.805
320.319
319.834
319.351
318.869
318.389
317.911
317.435
316.961
316.49
316.021
322.755
322.267
321.778
321.29
320.802
320.316
319.83
319.346
318.864
318.383
317.904
317.428
316.954
316.482
316.013
322.755
322.265
321.776
321.287
320.799
320.311
319.825
319.34
318.857
318.375
317.896
317.419
316.944
316.472
316.002
322.755
322.264
321.773
321.283
320.794
320.306
319.818
319.332
318.848
318.365
317.885
317.407
316.931
316.458
315.989
322.754
322.262
321.77
321.279
320.789
320.299
319.81
319.323
318.837
318.353
317.871
317.392
316.916
316.442
315.972
322.753
322.26
321.767
321.274
320.782
320.291
319.801
319.312
318.824
318.339
317.856
317.375
316.897
316.423
315.952
322.753
322.258
321.763
321.269
320.775
320.282
319.79
319.299
318.81
318.322
317.837
317.355
316.876
316.4
315.929
322.752
322.255
321.759
321.263
320.767
320.272
319.778
319.285
318.793
318.303
317.816
317.331
316.85
316.374
315.902
322.751
322.253
321.755
321.257
320.759
320.262
319.765
319.27
318.775
318.282
317.791
317.303
316.82
316.341
315.87
322.75
322.25
321.75
321.25
320.75
320.251
319.752
319.253
318.755
318.259
317.764
317.272
316.784
316.303
315.83
322.749
322.247
321.745
321.243
320.741
320.239
319.737
319.236
318.734
318.233
317.734
317.236
316.742
316.255
315.78
322.748
322.244
321.74
321.236
320.732
320.228
319.723
319.218
318.713
318.207
317.701
317.196
316.692
316.194
315.711
322.747
322.241
321.735
321.229
320.723
320.216
319.709
319.201
318.691
318.181
317.669
317.155
316.637
316.119
315.608
315.602
315.216
314.832
314.45
314.07
313.692
313.317
312.944
312.573
312.206
311.841
311.479
311.12
310.765
310.413
310.065
309.72
309.379
309.042
308.708
308.378
308.052
307.729
307.409
307.093
306.781
306.471
306.164
305.86
305.559
305.26
304.964
304.67
304.378
304.088
303.799
303.512
303.227
302.944
302.662
302.381
302.101
301.823
301.546
301.27
300.996
300.722
300.45
300.179
299.908
299.639
299.37
299.102
298.835
298.569
298.302
298.037
297.771
297.505
297.24
296.974
296.708
296.442
296.176
295.908
295.641
295.373
295.103
294.834
294.563
294.291
294.019
293.745
293.47
293.194
292.917
292.638
292.358
292.076
291.793
291.508
291.222
290.934
290.644
290.352
290.058
289.762
289.464
289.164
288.862
315.6
315.213
314.829
314.447
314.067
313.689
313.313
312.94
312.569
312.201
311.836
311.474
311.116
310.76
310.408
310.06
309.715
309.374
309.036
308.703
308.373
308.046
307.724
307.404
307.089
306.776
306.467
306.16
305.857
305.556
305.257
304.961
304.667
304.375
304.085
303.797
303.51
303.225
302.942
302.659
302.379
302.099
301.821
301.544
301.269
300.994
300.721
300.448
300.177
299.907
299.637
299.369
299.101
298.834
298.568
298.302
298.036
297.771
297.505
297.24
296.974
296.709
296.443
296.176
295.909
295.642
295.373
295.105
294.835
294.564
294.293
294.02
293.747
293.472
293.196
292.919
292.64
292.36
292.078
291.795
291.511
291.224
290.936
290.646
290.354
290.061
289.765
289.467
289.167
288.865
315.594
315.208
314.823
314.441
314.06
313.682
313.306
312.932
312.561
312.193
311.827
311.465
311.106
310.75
310.398
310.049
309.704
309.363
309.025
308.692
308.362
308.036
307.713
307.395
307.079
306.767
306.458
306.152
305.849
305.548
305.25
304.954
304.661
304.369
304.079
303.791
303.505
303.22
302.937
302.655
302.375
302.095
301.817
301.541
301.265
300.99
300.717
300.445
300.174
299.904
299.635
299.367
299.099
298.832
298.566
298.301
298.035
297.77
297.505
297.24
296.975
296.709
296.443
296.177
295.911
295.643
295.375
295.107
294.837
294.567
294.295
294.023
293.75
293.475
293.199
292.922
292.644
292.364
292.083
291.8
291.515
291.229
290.941
290.651
290.36
290.066
289.77
289.473
289.173
288.871
315.586
315.199
314.814
314.431
314.051
313.672
313.295
312.921
312.549
312.18
311.814
311.451
311.091
310.735
310.382
310.033
309.688
309.347
309.009
308.676
308.346
308.02
307.698
307.38
307.065
306.753
306.445
306.139
305.837
305.537
305.24
304.945
304.652
304.361
304.071
303.784
303.498
303.214
302.931
302.649
302.369
302.09
301.812
301.535
301.259
300.985
300.712
300.44
300.169
299.899
299.631
299.363
299.096
298.83
298.564
298.299
298.034
297.769
297.505
297.24
296.975
296.71
296.445
296.179
295.913
295.646
295.378
295.11
294.84
294.57
294.299
294.027
293.754
293.48
293.204
292.928
292.65
292.37
292.089
291.806
291.522
291.236
290.949
290.659
290.368
290.074
289.779
289.481
289.181
288.88
315.574
315.188
314.802
314.419
314.038
313.659
313.281
312.906
312.534
312.163
311.796
311.432
311.071
310.714
310.361
310.012
309.666
309.325
308.987
308.654
308.324
307.999
307.677
307.359
307.045
306.735
306.427
306.123
305.821
305.522
305.226
304.932
304.64
304.349
304.061
303.774
303.488
303.205
302.922
302.641
302.361
302.082
301.804
301.528
301.252
300.978
300.705
300.433
300.163
299.893
299.625
299.358
299.091
298.826
298.561
298.296
298.032
297.768
297.504
297.24
296.976
296.712
296.447
296.181
295.915
295.649
295.382
295.114
294.845
294.575
294.305
294.033
293.76
293.486
293.211
292.935
292.657
292.378
292.098
291.815
291.532
291.246
290.959
290.67
290.379
290.086
289.79
289.493
289.193
288.891
315.561
315.173
314.788
314.404
314.023
313.643
313.264
312.888
312.514
312.142
311.774
311.408
311.047
310.689
310.334
309.984
309.638
309.297
308.959
308.626
308.297
307.972
307.651
307.334
307.021
306.711
306.405
306.102
305.802
305.504
305.209
304.916
304.625
304.335
304.048
303.761
303.477
303.193
302.911
302.631
302.351
302.072
301.795
301.518
301.243
300.969
300.696
300.424
300.154
299.885
299.618
299.351
299.085
298.821
298.557
298.293
298.03
297.767
297.504
297.241
296.977
296.713
296.449
296.184
295.919
295.653
295.386
295.119
294.85
294.581
294.311
294.04
293.768
293.494
293.22
292.944
292.667
292.388
292.108
291.827
291.543
291.258
290.972
290.683
290.392
290.1
289.805
289.508
289.208
288.906
315.544
315.156
314.771
314.387
314.005
313.624
313.244
312.866
312.49
312.117
311.747
311.379
311.016
310.657
310.302
309.951
309.605
309.263
308.925
308.592
308.263
307.939
307.619
307.303
306.991
306.683
306.378
306.077
305.778
305.482
305.188
304.897
304.607
304.319
304.032
303.747
303.463
303.18
302.899
302.619
302.339
302.061
301.784
301.507
301.232
300.958
300.685
300.414
300.144
299.875
299.608
299.343
299.078
298.815
298.552
298.289
298.027
297.765
297.503
297.241
296.979
296.715
296.452
296.188
295.923
295.658
295.392
295.125
294.857
294.589
294.319
294.048
293.777
293.504
293.23
292.955
292.678
292.401
292.121
291.84
291.557
291.273
290.987
290.699
290.409
290.117
289.823
289.526
289.227
288.925
315.524
315.137
314.751
314.367
313.985
313.603
313.222
312.842
312.463
312.087
311.714
311.345
310.98
310.619
310.263
309.912
309.565
309.222
308.884
308.551
308.223
307.899
307.581
307.266
306.956
306.65
306.347
306.047
305.751
305.457
305.165
304.875
304.587
304.3
304.015
303.73
303.447
303.165
302.885
302.605
302.326
302.048
301.771
301.495
301.219
300.945
300.672
300.4
300.131
299.863
299.597
299.333
299.07
298.807
298.546
298.285
298.024
297.764
297.503
297.242
296.98
296.718
296.455
296.192
295.928
295.663
295.398
295.132
294.865
294.597
294.328
294.058
293.787
293.515
293.242
292.967
292.692
292.415
292.136
291.856
291.574
291.29
291.004
290.717
290.428
290.137
289.844
289.548
289.249
288.947
315.501
315.115
314.73
314.346
313.963
313.58
313.197
312.815
312.433
312.053
311.677
311.305
310.937
310.575
310.218
309.865
309.518
309.175
308.837
308.503
308.176
307.853
307.536
307.224
306.916
306.612
306.311
306.014
305.719
305.428
305.138
304.851
304.565
304.28
303.995
303.712
303.43
303.148
302.869
302.59
302.312
302.034
301.757
301.481
301.204
300.929
300.656
300.385
300.115
299.849
299.584
299.321
299.059
298.799
298.539
298.279
298.021
297.762
297.503
297.244
296.983
296.722
296.46
296.197
295.933
295.67
295.406
295.141
294.875
294.608
294.339
294.069
293.799
293.527
293.255
292.982
292.707
292.431
292.154
291.874
291.592
291.309
291.025
290.738
290.451
290.161
289.869
289.574
289.275
288.973
315.475
315.09
314.706
314.324
313.942
313.558
313.173
312.786
312.4
312.015
311.633
311.257
310.887
310.523
310.165
309.812
309.464
309.121
308.782
308.448
308.121
307.799
307.484
307.174
306.869
306.568
306.27
305.976
305.684
305.395
305.109
304.825
304.541
304.258
303.975
303.692
303.41
303.13
302.851
302.573
302.297
302.02
301.743
301.465
301.188
300.912
300.637
300.365
300.096
299.831
299.568
299.307
299.048
298.789
298.531
298.273
298.017
297.761
297.504
297.246
296.987
296.727
296.465
296.202
295.939
295.677
295.414
295.151
294.886
294.62
294.351
294.082
293.811
293.54
293.269
292.998
292.725
292.451
292.174
291.895
291.613
291.331
291.047
290.762
290.476
290.188
289.898
289.604
289.306
289.005
315.444
315.061
314.681
314.302
313.922
313.538
313.15
312.758
312.364
311.971
311.583
311.201
310.827
310.462
310.105
309.753
309.405
309.06
308.719
308.384
308.056
307.736
307.424
307.118
306.818
306.52
306.225
305.933
305.644
305.359
305.077
304.797
304.517
304.236
303.953
303.671
303.389
303.109
302.831
302.556
302.281
302.006
301.729
301.45
301.17
300.891
300.614
300.341
300.073
299.809
299.549
299.292
299.035
298.778
298.521
298.266
298.013
297.76
297.506
297.251
296.994
296.733
296.471
296.208
295.945
295.684
295.423
295.162
294.899
294.634
294.366
294.096
293.824
293.554
293.284
293.015
292.745
292.473
292.197
291.918
291.637
291.353
291.07
290.787
290.504
290.219
289.931
289.64
289.343
289.042
315.408
315.029
314.655
314.282
313.907
313.524
313.132
312.732
312.327
311.922
311.522
311.132
310.755
310.39
310.036
309.688
309.34
308.993
308.648
308.31
307.981
307.662
307.354
307.055
306.761
306.468
306.176
305.885
305.599
305.318
305.043
304.769
304.494
304.215
303.932
303.648
303.364
303.084
302.808
302.537
302.267
301.994
301.717
301.436
301.152
300.867
300.586
300.31
300.043
299.782
299.527
299.275
299.021
298.766
298.51
298.257
298.007
297.759
297.511
297.26
297.003
296.742
296.478
296.212
295.949
295.689
295.433
295.177
294.917
294.652
294.383
294.111
293.837
293.566
293.298
293.033
292.769
292.5
292.226
291.946
291.662
291.376
291.093
290.812
290.533
290.254
289.971
289.682
289.387
289.087
315.362
314.992
314.625
314.266
313.903
313.522
313.127
312.713
312.292
311.863
311.448
311.045
310.666
310.303
309.96
309.621
309.274
308.924
308.568
308.223
307.889
307.573
307.271
306.985
306.703
306.415
306.124
305.83
305.546
305.27
305.006
304.745
304.475
304.199
303.914
303.625
303.334
303.052
302.778
302.517
302.257
301.989
301.713
301.425
301.134
300.837
300.548
300.268
300.002
299.746
299.502
299.259
299.009
298.755
298.496
298.243
297.997
297.759
297.522
297.275
297.02
296.755
296.486
296.213
295.948
295.69
295.442
295.196
294.94
294.678
294.404
294.127
293.846
293.573
293.307
293.052
292.798
292.534
292.262
291.979
291.69
291.397
291.111
290.832
290.564
290.296
290.018
289.733
289.438
289.14
315.3
314.952
314.583
314.257
313.926
313.54
313.149
312.705
312.267
311.785
311.355
310.925
310.552
310.188
309.876
309.568
309.214
308.861
308.471
308.121
307.77
307.464
307.165
306.909
306.655
306.365
306.078
305.762
305.48
305.203
304.966
304.732
304.465
304.198
303.899
303.607
303.289
303.007
302.731
302.494
302.26
301.993
301.724
301.421
301.123
300.794
300.5
300.205
299.947
299.693
299.474
299.255
299.003
298.751
298.472
298.222
297.973
297.759
297.545
297.3
297.053
296.774
296.501
296.202
295.936
295.674
295.45
295.228
294.974
294.718
294.431
294.15
293.842
293.569
293.3
293.069
292.841
292.579
292.315
292.018
291.726
291.405
291.12
290.837
290.594
290.353
290.076
289.799
289.492
289.205
315.203
314.94
314.478
314.254
314.029
313.565
313.248
312.686
312.308
311.631
311.261
310.724
310.425
309.997
309.788
309.579
309.151
308.854
308.316
308.019
307.588
307.345
306.998
306.828
306.658
306.311
306.072
305.643
305.409
305.079
304.92
304.766
304.455
304.243
303.874
303.627
303.191
302.956
302.626
302.467
302.311
301.999
301.785
301.409
301.155
300.702
300.452
300.09
299.885
299.59
299.445
299.298
298.996
298.786
298.405
298.197
297.9
297.756
297.615
297.328
297.131
296.785
296.553
296.142
295.919
295.605
295.454
295.307
295.009
294.805
294.449
294.21
293.788
293.56
293.238
293.083
292.932
292.627
292.417
292.05
291.803
291.363
291.124
290.785
290.622
290.46
290.132
289.909
289.516
289.297
288.528
288.161
287.79
287.417
287.042
286.664
286.284
285.902
285.519
285.134
284.747
284.36
283.972
283.583
283.195
288.531
288.163
287.793
287.42
287.044
286.666
286.286
285.904
285.52
285.135
284.748
284.361
283.973
283.584
283.195
288.536
288.169
287.798
287.425
287.049
286.67
286.29
285.907
285.523
285.137
284.75
284.362
283.974
283.584
283.195
288.545
288.177
287.806
287.432
287.055
286.676
286.295
285.912
285.527
285.141
284.753
284.365
283.975
283.585
283.195
288.557
288.188
287.817
287.442
287.065
286.685
286.303
285.919
285.533
285.146
284.757
284.368
283.977
283.587
283.196
288.571
288.202
287.83
287.455
287.076
286.696
286.312
285.927
285.54
285.152
284.762
284.371
283.98
283.588
283.196
288.59
288.22
287.847
287.47
287.091
286.708
286.324
285.937
285.549
285.159
284.768
284.376
283.983
283.59
283.197
288.612
288.241
287.867
287.489
287.108
286.724
286.337
285.949
285.559
285.167
284.775
284.381
283.987
283.592
283.197
288.638
288.267
287.891
287.511
287.128
286.741
286.353
285.962
285.57
285.177
284.782
284.387
283.991
283.595
283.198
288.669
288.296
287.918
287.536
287.15
286.761
286.37
285.977
285.583
285.187
284.79
284.393
283.996
283.597
283.199
288.706
288.331
287.951
287.565
287.176
286.783
286.389
285.993
285.596
285.198
284.799
284.4
284
283.6
283.2
288.75
288.373
287.988
287.598
287.204
286.808
286.41
286.011
285.611
285.21
284.809
284.407
284.006
283.603
283.201
288.803
288.421
288.03
287.634
287.234
286.833
286.432
286.029
285.626
285.223
284.819
284.415
284.011
283.607
283.202
288.871
288.48
288.078
287.673
287.266
286.86
286.454
286.048
285.642
285.235
284.829
284.423
284.016
283.61
283.203
288.964
288.549
288.129
287.712
287.299
286.887
286.476
286.066
285.657
285.248
284.839
284.431
284.022
283.613
283.204
322.746
322.239
321.731
321.223
320.715
320.206
319.696
319.185
318.673
318.159
317.641
317.119
316.589
316.042
315.451
322.746
322.237
321.728
321.218
320.708
320.198
319.686
319.173
318.658
318.14
317.619
317.092
316.556
316.002
315.413
322.745
322.235
321.724
321.214
320.702
320.19
319.676
319.161
318.644
318.125
317.601
317.072
316.535
315.988
315.43
322.744
322.233
321.721
321.209
320.697
320.183
319.668
319.152
318.633
318.112
317.587
317.057
316.522
315.98
315.434
322.744
322.231
321.719
321.206
320.692
320.177
319.661
319.143
318.623
318.101
317.575
317.046
316.513
315.976
315.437
322.743
322.23
321.716
321.202
320.687
320.172
319.655
319.136
318.615
318.092
317.567
317.038
316.506
315.972
315.437
322.743
322.229
321.714
321.199
320.684
320.167
319.649
319.13
318.609
318.086
317.56
317.032
316.502
315.969
315.436
322.743
322.228
321.713
321.197
320.681
320.164
319.645
319.126
318.604
318.081
317.556
317.028
316.499
315.967
315.434
322.742
322.227
321.711
321.195
320.679
320.161
319.642
319.122
318.601
318.077
317.552
317.026
316.497
315.966
315.434
322.742
322.226
321.71
321.194
320.677
320.159
319.64
319.12
318.598
318.075
317.551
317.024
316.496
315.966
315.435
322.742
322.226
321.71
321.193
320.676
320.158
319.638
319.118
318.597
318.074
317.55
317.024
316.497
315.968
315.437
322.742
322.226
321.709
321.192
320.675
320.157
319.638
319.118
318.597
318.074
317.55
317.025
316.498
315.97
315.441
322.742
322.226
321.709
321.192
320.675
320.157
319.638
319.118
318.597
318.075
317.552
317.027
316.501
315.973
315.444
322.742
322.226
321.709
321.192
320.675
320.157
319.639
319.119
318.598
318.077
317.554
317.03
316.504
315.978
315.451
322.742
322.226
321.71
321.193
320.676
320.158
319.64
319.121
318.601
318.079
317.557
317.033
316.509
315.982
315.454
322.742
322.226
321.71
321.194
320.677
320.16
319.642
319.123
318.603
318.083
317.561
317.038
316.514
315.988
315.459
322.742
322.227
321.711
321.195
320.679
320.162
319.644
319.126
318.607
318.087
317.566
317.044
316.52
315.996
315.47
322.742
322.227
321.712
321.196
320.68
320.164
319.647
319.129
318.611
318.092
317.571
317.05
316.528
316.004
315.478
322.743
322.228
321.713
321.198
320.683
320.167
319.65
319.133
318.616
318.097
317.578
317.057
316.536
316.015
315.494
322.743
322.229
321.715
321.2
320.685
320.17
319.654
319.138
318.621
318.103
317.585
317.065
316.545
316.025
315.503
322.743
322.23
321.716
321.202
320.688
320.173
319.658
319.143
318.627
318.11
317.592
317.074
316.555
316.035
315.518
322.744
322.231
321.718
321.205
320.691
320.177
319.663
319.148
318.633
318.117
317.6
317.082
316.564
316.045
315.525
322.744
322.232
321.72
321.207
320.694
320.181
319.668
319.154
318.639
318.124
317.608
317.092
316.574
316.055
315.532
322.744
322.233
321.722
321.21
320.698
320.186
319.673
319.16
318.647
318.132
317.617
317.102
316.585
316.067
315.548
322.745
322.234
321.724
321.213
320.702
320.191
319.679
319.167
318.654
318.141
317.627
317.112
316.597
316.079
315.559
322.745
322.236
321.726
321.216
320.706
320.196
319.685
319.174
318.662
318.15
317.637
317.124
316.61
316.094
315.579
322.746
322.237
321.728
321.219
320.71
320.201
319.691
319.181
318.67
318.159
317.648
317.136
316.623
316.11
315.593
322.746
322.238
321.731
321.223
320.715
320.206
319.697
319.188
318.679
318.169
317.659
317.148
316.637
316.127
315.619
322.747
322.24
321.733
321.226
320.719
320.212
319.704
319.196
318.688
318.179
317.67
317.161
316.651
316.142
315.633
322.747
322.242
321.736
321.23
320.724
320.218
319.711
319.204
318.697
318.19
317.682
317.173
316.665
316.157
315.653
322.748
322.243
321.739
321.234
320.729
320.224
319.718
319.213
318.707
318.2
317.693
317.186
316.679
316.171
315.663
322.748
322.245
321.741
321.238
320.734
320.23
319.726
319.221
318.716
318.211
317.705
317.199
316.692
316.184
315.672
322.749
322.247
321.744
321.242
320.739
320.236
319.733
319.23
318.726
318.222
317.718
317.213
316.707
316.2
315.692
322.749
322.248
321.747
321.246
320.745
320.243
319.741
319.239
318.736
318.234
317.73
317.227
316.722
316.216
315.706
322.75
322.25
321.75
321.25
320.75
320.25
319.749
319.248
318.747
318.245
317.744
317.241
316.738
316.234
315.731
322.751
322.252
321.753
321.255
320.756
320.257
319.757
319.258
318.758
318.258
317.757
317.256
316.755
316.253
315.748
322.751
322.254
321.757
321.259
320.761
320.264
319.766
319.267
318.769
318.27
317.771
317.272
316.772
316.274
315.778
322.752
322.256
321.76
321.264
320.767
320.271
319.774
319.277
318.78
318.282
317.785
317.287
316.789
316.292
315.795
322.753
322.258
321.763
321.268
320.773
320.278
319.783
319.287
318.791
318.295
317.799
317.302
316.806
316.31
315.819
322.753
322.26
321.767
321.273
320.779
320.286
319.792
319.297
318.803
318.308
317.813
317.318
316.822
316.326
315.83
322.754
322.262
321.77
321.278
320.786
320.293
319.801
319.308
318.815
318.321
317.827
317.333
316.838
316.342
315.841
322.755
322.264
321.774
321.283
320.792
320.301
319.81
319.318
318.827
318.335
317.842
317.349
316.855
316.36
315.865
322.755
322.266
321.777
321.288
320.799
320.309
319.819
319.329
318.839
318.348
317.857
317.366
316.873
316.379
315.88
322.756
322.269
321.781
321.293
320.805
320.317
319.829
319.34
318.852
318.362
317.873
317.383
316.892
316.4
315.909
322.757
322.271
321.785
321.298
320.812
320.325
319.839
319.352
318.864
318.377
317.889
317.4
316.912
316.422
315.929
322.758
322.273
321.789
321.304
320.819
320.334
319.849
319.363
318.877
318.391
317.905
317.418
316.932
316.446
315.964
322.759
322.275
321.792
321.309
320.826
320.342
319.859
319.375
318.891
318.406
317.921
317.436
316.952
316.467
315.983
322.759
322.278
321.796
321.315
320.833
320.351
319.869
319.387
318.904
318.421
317.938
317.454
316.971
316.489
316.011
322.76
322.28
321.8
321.32
320.84
320.36
319.88
319.399
318.918
318.436
317.955
317.472
316.99
316.507
316.024
322.761
322.283
321.805
321.326
320.848
320.369
319.89
319.411
318.932
318.452
317.972
317.491
317.009
316.525
316.037
322.762
322.285
321.809
321.332
320.855
320.378
319.901
319.424
318.946
318.468
317.989
317.51
317.029
316.547
316.065
322.763
322.288
321.813
321.338
320.863
320.388
319.912
319.437
318.961
318.484
318.007
317.529
317.05
316.569
316.084
322.764
322.29
321.817
321.344
320.871
320.397
319.924
319.45
318.975
318.501
318.025
317.549
317.073
316.595
316.118
322.764
322.293
321.822
321.35
320.879
320.407
319.935
319.463
318.99
318.518
318.044
317.57
317.096
316.621
316.141
322.765
322.296
321.826
321.357
320.887
320.417
319.947
319.477
319.006
318.535
318.063
317.592
317.12
316.649
316.183
322.766
322.299
321.831
321.363
320.895
320.427
319.959
319.49
319.022
318.552
318.083
317.613
317.144
316.675
316.206
322.767
322.301
321.836
321.37
320.904
320.437
319.971
319.504
319.037
318.57
318.103
317.635
317.167
316.7
316.239
322.768
322.304
321.84
321.376
320.912
320.448
319.983
319.519
319.054
318.588
318.122
317.656
317.189
316.722
316.255
322.769
322.307
321.845
321.383
320.921
320.458
319.996
319.533
319.07
318.606
318.142
317.678
317.212
316.744
316.271
322.77
322.31
321.85
321.39
320.93
320.469
320.009
319.548
319.087
318.625
318.163
317.7
317.236
316.771
316.304
322.771
322.313
321.855
321.397
320.939
320.48
320.022
319.563
319.104
318.644
318.184
317.723
317.261
316.797
316.327
322.772
322.316
321.86
321.404
320.948
320.491
320.035
319.578
319.121
318.664
318.206
317.747
317.288
316.828
316.368
322.773
322.319
321.865
321.411
320.957
320.502
320.048
319.593
319.138
318.683
318.228
317.772
317.316
316.858
316.396
322.774
322.322
321.87
321.418
320.966
320.514
320.061
319.609
319.156
318.703
318.25
317.797
317.344
316.893
316.447
322.775
322.325
321.875
321.425
320.975
320.525
320.075
319.624
319.174
318.723
318.273
317.822
317.372
316.923
316.474
322.776
322.328
321.88
321.432
320.984
320.536
320.088
319.64
319.192
318.744
318.295
317.847
317.399
316.953
316.514
322.777
322.331
321.886
321.44
320.994
320.548
320.102
319.656
319.21
318.764
318.318
317.871
317.425
316.979
316.533
322.778
322.334
321.891
321.447
321.003
320.56
320.116
319.672
319.228
318.784
318.34
317.896
317.451
317.004
316.551
322.779
322.338
321.896
321.454
321.013
320.571
320.13
319.688
319.246
318.805
318.363
317.921
317.478
317.034
316.589
322.78
322.341
321.901
321.462
321.022
320.583
320.143
319.704
319.265
318.825
318.386
317.946
317.506
317.063
316.615
322.781
322.344
321.906
321.469
321.032
320.594
320.157
319.72
319.283
318.846
318.409
317.972
317.535
317.098
316.661
322.782
322.347
321.912
321.476
321.041
320.606
320.171
319.736
319.301
318.867
318.433
317.999
317.565
317.131
316.692
322.783
322.35
321.917
321.484
321.05
320.617
320.185
319.752
319.32
318.888
318.456
318.025
317.595
317.167
316.747
322.784
322.353
321.922
321.491
321.06
320.629
320.198
319.768
319.338
318.908
318.479
318.05
317.624
317.199
316.775
322.785
322.356
321.927
321.498
321.069
320.64
320.212
319.783
319.355
318.928
318.501
318.075
317.651
317.229
316.816
322.786
322.359
321.932
321.505
321.078
320.651
320.225
319.799
319.373
318.947
318.523
318.099
317.676
317.254
316.835
322.787
322.362
321.937
321.512
321.087
320.662
320.238
319.814
319.39
318.966
318.544
318.122
317.7
317.278
316.852
322.788
322.365
321.942
321.519
321.096
320.673
320.251
319.829
319.407
318.985
318.564
318.144
317.724
317.305
316.888
322.789
322.368
321.947
321.526
321.105
320.684
320.264
319.843
319.423
319.004
318.585
318.166
317.748
317.331
316.91
322.79
322.371
321.952
321.533
321.114
320.695
320.276
319.858
319.439
319.022
318.604
318.188
317.772
317.358
316.948
322.791
322.374
321.957
321.54
321.123
320.706
320.289
319.872
319.455
319.039
318.624
318.209
317.796
317.384
316.971
322.792
322.377
321.962
321.547
321.131
320.716
320.301
319.886
319.471
319.056
318.642
318.229
317.818
317.41
317.009
322.793
322.38
321.967
321.553
321.14
320.727
320.313
319.9
319.486
319.073
318.661
318.249
317.838
317.431
317.027
322.794
322.383
321.972
321.56
321.149
320.737
320.325
319.914
319.502
319.09
318.678
318.267
317.857
317.449
317.049
322.795
322.386
321.976
321.567
321.157
320.748
320.338
319.928
319.517
319.107
318.695
318.284
317.873
317.463
317.058
322.796
322.389
321.981
321.574
321.166
320.759
320.351
319.942
319.533
319.123
318.713
318.301
317.888
317.475
317.063
322.797
322.392
321.986
321.581
321.175
320.77
320.363
319.957
319.549
319.141
318.731
318.319
317.904
317.485
317.066
322.798
322.395
321.992
321.588
321.184
320.781
320.377
319.972
319.567
319.16
318.751
318.339
317.921
317.496
317.065
322.799
322.398
321.997
321.595
321.194
320.792
320.39
319.988
319.585
319.18
318.773
318.362
317.944
317.512
317.051
322.8
322.401
322.002
321.603
321.203
320.804
320.404
320.004
319.604
319.202
318.798
318.391
317.977
317.549
317.083
289.097
288.615
288.173
287.746
287.326
286.91
286.496
286.083
285.671
285.26
284.849
284.438
284.027
283.616
283.205
289.127
288.649
288.203
287.772
287.349
286.929
286.513
286.098
285.684
285.27
284.857
284.444
284.032
283.619
283.206
289.105
288.66
288.223
287.792
287.368
286.947
286.529
286.112
285.696
285.28
284.865
284.451
284.036
283.622
283.207
289.1
288.668
288.237
287.809
287.385
286.963
286.543
286.125
285.707
285.29
284.873
284.457
284.04
283.624
283.208
289.1
288.674
288.248
287.823
287.4
286.978
286.557
286.137
285.718
285.299
284.881
284.463
284.045
283.627
283.209
289.098
288.68
288.259
287.836
287.414
286.992
286.57
286.149
285.729
285.308
284.889
284.469
284.049
283.629
283.21
289.102
288.689
288.27
287.849
287.427
287.005
286.583
286.161
285.739
285.317
284.896
284.475
284.053
283.632
283.211
289.115
288.701
288.284
287.863
287.441
287.019
286.596
286.173
285.749
285.326
284.903
284.48
284.057
283.634
283.211
289.128
288.717
288.299
287.878
287.456
287.032
286.608
286.184
285.76
285.335
284.911
284.486
284.061
283.637
283.212
289.156
288.736
288.316
287.894
287.471
287.046
286.621
286.196
285.77
285.344
284.918
284.492
284.066
283.639
283.213
289.174
288.756
288.334
287.911
287.486
287.061
286.634
286.207
285.78
285.353
284.925
284.498
284.07
283.642
283.214
289.205
288.778
288.354
287.928
287.502
287.075
286.648
286.219
285.791
285.362
284.933
284.503
284.074
283.644
283.215
289.223
288.799
288.373
287.947
287.519
287.091
286.661
286.232
285.802
285.371
284.94
284.509
284.078
283.647
283.216
289.253
288.822
288.394
287.965
287.536
287.106
286.676
286.244
285.813
285.38
284.948
284.515
284.082
283.649
283.217
289.267
288.842
288.414
287.985
287.554
287.123
286.69
286.257
285.824
285.39
284.956
284.521
284.087
283.652
283.217
289.283
288.863
288.436
288.005
287.573
287.139
286.705
286.27
285.835
285.4
284.964
284.527
284.091
283.655
283.218
289.319
288.89
288.459
288.027
287.592
287.157
286.721
286.284
285.847
285.409
284.972
284.534
284.096
283.657
283.219
289.345
288.918
288.485
288.049
287.612
287.175
286.736
286.298
285.859
285.419
284.98
284.54
284.1
283.66
283.22
289.393
288.95
288.511
288.072
287.633
287.193
286.752
286.312
285.871
285.43
284.988
284.546
284.105
283.663
283.221
289.421
288.98
288.538
288.096
287.654
287.211
286.769
286.326
285.883
285.44
284.996
284.553
284.109
283.666
283.222
289.463
289.011
288.564
288.119
287.674
287.23
286.785
286.34
285.895
285.45
285.005
284.56
284.114
283.668
283.223
289.486
289.038
288.59
288.142
287.695
287.249
286.802
286.355
285.908
285.461
285.013
284.566
284.119
283.671
283.224
289.521
289.065
288.614
288.165
287.716
287.267
286.818
286.369
285.92
285.471
285.022
284.573
284.123
283.674
283.225
289.538
289.088
288.638
288.187
287.737
287.286
286.835
286.384
285.933
285.482
285.031
284.579
284.128
283.677
283.226
289.555
289.112
288.662
288.21
287.757
287.304
286.851
286.398
285.945
285.492
285.039
284.586
284.133
283.68
283.227
289.593
289.14
288.687
288.233
287.778
287.323
286.868
286.413
285.958
285.503
285.048
284.593
284.138
283.683
283.228
289.618
289.168
288.713
288.256
287.799
287.342
286.885
286.428
285.971
285.514
285.057
284.599
284.142
283.685
283.228
289.666
289.2
288.74
288.28
287.82
287.361
286.901
286.442
285.983
285.524
285.065
284.606
284.147
283.688
283.229
289.692
289.229
288.766
288.303
287.841
287.379
286.918
286.457
285.996
285.535
285.074
284.613
284.152
283.691
283.23
289.731
289.258
288.791
288.326
287.861
287.397
286.934
286.471
286.008
285.545
285.082
284.619
284.157
283.694
283.231
289.753
289.284
288.815
288.348
287.881
287.416
286.95
286.485
286.02
285.555
285.091
284.626
284.161
283.697
283.232
289.785
289.308
288.838
288.369
287.901
287.433
286.966
286.499
286.032
285.566
285.099
284.633
284.166
283.7
283.233
289.8
289.33
288.859
288.39
287.92
287.451
286.982
286.513
286.044
285.576
285.107
284.639
284.171
283.702
283.234
289.815
289.35
288.881
288.41
287.939
287.468
286.997
286.527
286.056
285.586
285.116
284.646
284.175
283.705
283.235
289.847
289.375
288.903
288.431
287.958
287.485
287.013
286.541
286.068
285.596
285.124
284.652
284.18
283.708
283.236
289.869
289.399
288.926
288.451
287.977
287.503
287.028
286.554
286.08
285.606
285.132
284.658
284.185
283.711
283.237
289.909
289.427
288.949
288.472
287.996
287.52
287.044
286.568
286.092
285.616
285.14
284.665
284.189
283.713
283.238
289.93
289.451
288.971
288.493
288.014
287.537
287.059
286.581
286.104
285.626
285.148
284.671
284.194
283.716
283.239
289.961
289.474
288.993
288.513
288.033
287.553
287.074
286.595
286.115
285.636
285.157
284.677
284.198
283.719
283.24
289.976
289.495
289.013
288.532
288.051
287.57
287.089
286.608
286.127
285.646
285.165
284.684
284.203
283.722
283.241
289.99
289.514
289.034
288.552
288.07
287.587
287.104
286.621
286.138
285.655
285.173
284.69
284.207
283.724
283.241
290.02
289.538
289.056
288.572
288.088
287.604
287.119
286.635
286.15
285.665
285.181
284.696
284.211
283.727
283.242
290.04
289.561
289.078
288.593
288.107
287.621
287.134
286.648
286.161
285.675
285.189
284.702
284.216
283.73
283.243
290.076
289.588
289.101
288.614
288.126
287.638
287.15
286.661
286.173
285.685
285.197
284.708
284.22
283.732
283.244
290.1
289.615
289.125
288.635
288.145
287.655
287.165
286.675
286.184
285.694
285.204
284.715
284.225
283.735
283.245
290.143
289.644
289.15
288.657
288.164
287.672
287.18
286.688
286.196
285.704
285.212
284.721
284.229
283.737
283.246
290.166
289.67
289.173
288.678
288.183
287.689
287.195
286.701
286.207
285.714
285.22
284.727
284.233
283.74
283.247
290.201
289.696
289.196
288.699
288.202
287.706
287.21
286.714
286.219
285.723
285.228
284.733
284.238
283.743
283.248
290.22
289.719
289.218
288.719
288.22
287.722
287.224
286.727
286.23
285.733
285.236
284.739
284.242
283.745
283.248
290.248
289.741
289.239
288.738
288.238
287.738
287.239
286.74
286.241
285.742
285.243
284.745
284.246
283.748
283.249
290.262
289.76
289.258
288.757
288.255
287.754
287.253
286.752
286.252
285.751
285.251
284.751
284.25
283.75
283.25
290.276
289.779
289.278
288.776
288.273
287.77
287.267
286.765
286.263
285.76
285.258
284.756
284.255
283.753
283.251
290.305
289.802
289.299
288.794
288.29
287.786
287.281
286.777
286.273
285.77
285.266
284.762
284.259
283.755
283.252
290.325
289.825
289.32
288.814
288.307
287.801
287.295
286.79
286.284
285.779
285.273
284.768
284.263
283.758
283.253
290.363
289.85
289.341
288.833
288.325
287.817
287.309
286.802
286.295
285.787
285.28
284.774
284.267
283.76
283.253
290.384
289.873
289.362
288.852
288.342
287.832
287.323
286.814
286.305
285.796
285.288
284.779
284.271
283.762
283.254
290.415
289.897
289.383
288.87
288.359
287.847
287.336
286.826
286.315
285.805
285.295
284.785
284.275
283.765
283.255
290.433
289.917
289.402
288.888
288.375
287.862
287.35
286.838
286.326
285.814
285.302
284.79
284.279
283.767
283.256
290.459
289.938
289.421
288.906
288.391
287.877
287.363
286.849
286.336
285.822
285.309
284.796
284.283
283.77
283.257
290.471
289.955
289.439
288.923
288.407
287.891
287.376
286.861
286.346
285.831
285.316
284.801
284.286
283.772
283.257
290.484
289.972
289.457
288.94
288.423
287.906
287.389
286.872
286.356
285.839
285.323
284.806
284.29
283.774
283.258
290.511
289.993
289.475
288.957
288.438
287.92
287.402
286.883
286.365
285.847
285.329
284.812
284.294
283.776
283.259
290.529
290.013
289.494
288.974
288.454
287.934
287.414
286.895
286.375
285.856
285.336
284.817
284.298
283.779
283.26
290.563
290.036
289.514
288.991
288.47
287.948
287.427
286.906
286.385
285.864
285.343
284.822
284.301
283.781
283.26
290.581
290.057
289.532
289.009
288.485
287.962
287.439
286.917
286.394
285.872
285.349
284.827
284.305
283.783
283.261
290.608
290.077
289.551
289.025
288.501
287.976
287.452
286.928
286.404
285.88
285.356
284.832
284.309
283.785
283.262
290.621
290.094
289.568
289.042
288.516
287.99
287.464
286.938
286.413
285.888
285.362
284.837
284.312
283.787
283.262
290.633
290.111
289.585
289.058
288.531
288.004
287.476
286.949
286.422
285.895
285.369
284.842
284.316
283.789
283.263
290.658
290.131
289.603
289.075
288.546
288.017
287.488
286.96
286.431
285.903
285.375
284.847
284.319
283.791
283.264
290.676
290.151
289.622
289.092
288.561
288.031
287.5
286.97
286.44
285.911
285.381
284.852
284.323
283.793
283.264
290.706
290.173
289.641
289.109
288.576
288.044
287.512
286.981
286.449
285.918
285.387
284.856
284.326
283.795
283.265
290.726
290.195
289.66
289.126
288.592
288.058
287.524
286.991
286.458
285.925
285.393
284.861
284.329
283.797
283.266
290.762
290.218
289.68
289.143
288.607
288.071
287.536
287.001
286.466
285.932
285.399
284.865
284.332
283.799
283.266
290.78
290.239
289.698
289.159
288.621
288.084
287.547
287.01
286.475
285.939
285.404
284.87
284.335
283.801
283.267
290.807
290.259
289.716
289.175
288.635
288.096
287.558
287.02
286.482
285.946
285.409
284.874
284.338
283.803
283.268
290.819
290.275
289.732
289.19
288.649
288.108
287.568
287.029
286.49
285.952
285.414
284.877
284.341
283.804
283.268
290.83
290.291
289.748
289.205
288.662
288.119
287.578
287.037
286.497
285.958
285.419
284.881
284.343
283.806
283.269
290.854
290.309
289.764
289.219
288.674
288.13
287.587
287.045
286.504
285.963
285.423
284.884
284.346
283.807
283.269
290.87
290.326
289.78
289.233
288.687
288.141
287.596
287.052
286.51
285.968
285.427
284.887
284.348
283.808
283.269
290.897
290.346
289.796
289.247
288.698
288.151
287.604
287.059
286.515
285.973
285.431
284.89
284.349
283.809
283.27
290.915
290.365
289.812
289.26
288.709
288.159
287.611
287.065
286.52
285.976
285.434
284.892
284.351
283.81
283.27
290.948
290.386
289.828
289.272
288.719
288.167
287.618
287.07
286.524
285.979
285.436
284.893
284.352
283.811
283.27
290.965
290.403
289.842
289.284
288.727
288.174
287.623
287.074
286.527
285.981
285.437
284.895
284.353
283.811
283.27
290.991
290.42
289.855
289.293
288.734
288.179
287.626
287.076
286.528
285.982
285.438
284.895
284.353
283.811
283.27
291.003
290.434
289.865
289.3
288.739
288.181
287.627
287.077
286.528
285.982
285.438
284.895
284.353
283.811
283.27
291.016
290.446
289.874
289.305
288.741
288.182
287.627
287.076
286.527
285.981
285.437
284.894
284.352
283.811
283.27
291.05
290.461
289.879
289.305
288.739
288.179
287.624
287.073
286.524
285.979
285.435
284.892
284.351
283.81
283.27
291.074
290.472
289.88
289.301
288.733
288.173
287.618
287.067
286.52
285.975
285.432
284.89
284.349
283.809
283.27
291.13
290.475
289.87
289.29
288.722
288.163
287.609
287.06
286.514
285.97
285.428
284.887
284.347
283.808
283.269
291.101
290.444
289.845
289.269
288.705
288.149
287.598
287.051
286.506
285.964
285.423
284.883
284.345
283.807
283.269
322.801
322.404
322.008
321.611
321.214
320.817
320.42
320.023
319.626
319.228
318.828
318.428
318.024
317.618
317.216
322.803
322.408
322.014
321.619
321.225
320.831
320.437
320.044
319.65
319.257
318.863
318.47
318.078
317.69
317.312
322.804
322.412
322.02
321.628
321.236
320.845
320.454
320.064
319.674
319.286
318.898
318.512
318.129
317.751
317.383
322.805
322.415
322.026
321.636
321.247
320.859
320.471
320.084
319.698
319.313
318.931
318.55
318.174
317.803
317.44
322.806
322.419
322.031
321.644
321.258
320.872
320.487
320.103
319.72
319.34
318.961
318.585
318.214
317.847
317.487
322.807
322.422
322.037
321.652
321.268
320.884
320.502
320.121
319.741
319.364
318.988
318.616
318.248
317.885
317.527
322.808
322.425
322.042
321.659
321.277
320.896
320.516
320.137
319.76
319.385
319.013
318.643
318.278
317.917
317.56
322.809
322.427
322.046
321.665
321.285
320.906
320.528
320.151
319.777
319.404
319.034
318.667
318.304
317.944
317.589
322.81
322.43
322.05
321.671
321.292
320.915
320.539
320.164
319.791
319.421
319.052
318.687
318.325
317.967
317.613
322.811
322.432
322.053
321.676
321.299
320.923
320.548
320.175
319.804
319.435
319.068
318.704
318.344
317.986
317.633
322.811
322.434
322.056
321.68
321.304
320.929
320.556
320.184
319.814
319.446
319.081
318.718
318.358
318.002
317.649
322.812
322.435
322.059
321.683
321.308
320.934
320.562
320.191
319.822
319.455
319.091
318.729
318.37
318.014
317.662
322.812
322.436
322.06
321.686
321.311
320.938
320.567
320.197
319.828
319.462
319.098
318.737
318.379
318.023
317.671
322.812
322.437
322.062
321.687
321.314
320.941
320.57
320.2
319.832
319.467
319.103
318.742
318.384
318.029
317.677
322.812
322.437
322.062
321.688
321.315
320.942
320.571
320.202
319.834
319.469
319.106
318.745
318.387
318.032
317.68
316.893
316.682
316.305
316.09
315.776
315.622
315.466
315.144
314.918
314.504
314.272
313.929
313.734
313.453
313.314
313.175
312.887
312.687
312.322
312.121
311.834
311.695
311.559
311.285
311.097
310.769
310.547
310.15
309.935
309.629
309.482
309.339
309.051
308.854
308.511
308.279
307.865
307.64
307.32
307.166
307.015
306.711
306.502
306.134
305.881
305.426
305.173
304.8
304.589
304.283
304.133
303.98
303.667
303.447
303.046
302.825
302.506
302.352
302.198
301.888
301.673
301.294
301.035
300.569
300.313
299.947
299.769
299.593
299.236
298.988
298.549
298.248
297.707
297.409
296.982
296.775
296.57
296.151
295.86
295.344
294.993
294.36
294.014
293.519
293.282
293.049
292.573
292.253
291.693
291.387
316.989
316.713
316.418
316.153
315.888
315.658
315.427
315.159
314.889
314.587
314.313
314.036
313.791
313.549
313.34
313.131
312.891
312.649
312.381
312.141
311.901
311.695
311.49
311.255
311.018
310.752
310.489
310.201
309.944
309.69
309.472
309.257
309.011
308.764
308.485
308.211
307.909
307.641
307.375
307.147
306.92
306.66
306.396
306.097
305.801
305.471
305.174
304.873
304.607
304.346
304.118
303.891
303.627
303.363
303.068
302.801
302.534
302.303
302.071
301.803
301.531
301.221
300.914
300.574
300.268
299.963
299.699
299.433
299.126
298.813
298.457
298.103
297.71
297.356
297.003
296.697
296.39
296.033
295.67
295.256
294.846
294.391
293.985
293.581
293.235
292.891
292.498
292.107
291.675
291.278
317.059
316.772
316.489
316.216
315.951
315.696
315.441
315.177
314.907
314.631
314.36
314.096
313.843
313.599
313.366
313.134
312.894
312.651
312.402
312.159
311.922
311.693
311.464
311.227
310.983
310.728
310.469
310.205
309.949
309.699
309.459
309.221
308.973
308.718
308.452
308.182
307.907
307.639
307.377
307.126
306.874
306.612
306.342
306.058
305.768
305.47
305.179
304.894
304.622
304.358
304.105
303.852
303.59
303.322
303.048
302.778
302.512
302.255
301.995
301.724
301.442
301.145
300.841
300.529
300.223
299.921
299.629
299.334
299.024
298.702
298.362
298.014
297.655
297.303
296.956
296.62
296.281
295.924
295.554
295.163
294.763
294.353
293.952
293.56
293.183
292.807
292.418
292.02
291.609
291.198
317.116
316.827
316.545
316.268
315.998
315.732
315.468
315.202
314.934
314.665
314.399
314.138
313.883
313.634
313.39
313.148
312.904
312.66
312.414
312.17
311.929
311.691
311.452
311.21
310.963
310.711
310.456
310.2
309.945
309.694
309.446
309.197
308.945
308.688
308.426
308.161
307.893
307.628
307.365
307.105
306.844
306.578
306.306
306.028
305.745
305.46
305.177
304.897
304.623
304.355
304.091
303.828
303.561
303.292
303.02
302.749
302.479
302.209
301.938
301.66
301.374
301.08
300.78
300.475
300.17
299.866
299.562
299.255
298.94
298.615
298.281
297.939
297.591
297.243
296.895
296.548
296.196
295.836
295.466
295.084
294.695
294.3
293.907
293.517
293.13
292.743
292.35
291.95
291.543
291.131
317.164
316.875
316.591
316.312
316.038
315.767
315.499
315.231
314.963
314.696
314.432
314.171
313.914
313.661
313.412
313.164
312.917
312.67
312.423
312.177
311.933
311.689
311.445
311.199
310.95
310.699
310.446
310.191
309.937
309.684
309.432
309.179
308.924
308.666
308.405
308.142
307.877
307.613
307.349
307.085
306.82
306.552
306.28
306.005
305.727
305.448
305.169
304.891
304.617
304.346
304.076
303.807
303.537
303.266
302.992
302.718
302.444
302.168
301.889
301.606
301.318
301.024
300.725
300.422
300.117
299.81
299.501
299.188
298.869
298.543
298.211
297.872
297.528
297.182
296.833
296.481
296.125
295.763
295.393
295.017
294.634
294.246
293.858
293.468
293.079
292.687
292.292
291.891
291.485
291.074
317.204
316.915
316.631
316.35
316.073
315.8
315.528
315.259
314.99
314.724
314.46
314.198
313.939
313.684
313.431
313.179
312.929
312.68
312.431
312.183
311.935
311.688
311.44
311.191
310.941
310.69
310.436
310.183
309.928
309.674
309.419
309.164
308.907
308.649
308.388
308.125
307.862
307.597
307.333
307.067
306.8
306.531
306.26
305.986
305.711
305.434
305.158
304.882
304.607
304.334
304.061
303.789
303.516
303.242
302.966
302.689
302.411
302.131
301.848
301.561
301.27
300.975
300.676
300.373
300.067
299.758
299.446
299.129
298.808
298.481
298.149
297.812
297.47
297.124
296.774
296.421
296.064
295.701
295.332
294.958
294.578
294.195
293.809
293.421
293.03
292.637
292.241
291.84
291.434
291.024
317.238
316.95
316.664
316.383
316.104
315.829
315.555
315.284
315.015
314.748
314.483
314.221
313.961
313.703
313.447
313.193
312.941
312.689
312.438
312.187
311.937
311.687
311.437
311.187
310.935
310.682
310.429
310.174
309.92
309.664
309.408
309.151
308.893
308.634
308.373
308.111
307.847
307.583
307.317
307.051
306.783
306.514
306.243
305.971
305.697
305.422
305.146
304.871
304.596
304.321
304.046
303.772
303.496
303.219
302.941
302.662
302.381
302.097
301.811
301.522
301.229
300.933
300.632
300.329
300.021
299.711
299.396
299.078
298.755
298.428
298.095
297.758
297.417
297.071
296.721
296.368
296.009
295.647
295.279
294.906
294.529
294.148
293.764
293.376
292.986
292.593
292.196
291.795
291.39
290.981
317.267
316.979
316.693
316.41
316.131
315.854
315.58
315.308
315.038
314.77
314.504
314.24
313.979
313.719
313.462
313.206
312.951
312.697
312.444
312.192
311.939
311.688
311.436
311.183
310.93
310.677
310.422
310.167
309.912
309.655
309.398
309.141
308.882
308.622
308.36
308.098
307.834
307.57
307.304
307.037
306.769
306.5
306.229
305.957
305.684
305.409
305.134
304.859
304.584
304.308
304.032
303.755
303.478
303.199
302.919
302.637
302.354
302.068
301.779
301.488
301.193
300.895
300.594
300.289
299.98
299.668
299.353
299.033
298.709
298.381
298.048
297.711
297.37
297.024
296.674
296.32
295.962
295.6
295.232
294.861
294.485
294.106
293.722
293.336
292.946
292.553
292.156
291.756
291.352
290.944
317.292
317.003
316.717
316.434
316.154
315.876
315.601
315.328
315.057
314.788
314.522
314.257
313.994
313.733
313.474
313.216
312.96
312.704
312.449
312.195
311.942
311.688
311.434
311.181
310.927
310.672
310.417
310.161
309.905
309.648
309.39
309.131
308.872
308.611
308.35
308.087
307.823
307.558
307.292
307.025
306.757
306.488
306.217
305.945
305.672
305.398
305.123
304.848
304.572
304.296
304.019
303.741
303.461
303.181
302.899
302.616
302.33
302.042
301.752
301.459
301.163
300.863
300.561
300.254
299.945
299.632
299.315
298.994
298.67
298.341
298.008
297.67
297.329
296.983
296.634
296.28
295.921
295.559
295.192
294.822
294.447
294.068
293.686
293.3
292.911
292.518
292.122
291.723
291.32
290.913
317.312
317.023
316.737
316.454
316.173
315.895
315.619
315.345
315.073
314.804
314.536
314.271
314.007
313.745
313.484
313.225
312.967
312.71
312.454
312.199
311.943
311.689
311.434
311.179
310.924
310.668
310.412
310.156
309.899
309.641
309.383
309.124
308.864
308.603
308.341
308.078
307.814
307.549
307.282
307.015
306.747
306.477
306.207
305.935
305.662
305.388
305.114
304.838
304.562
304.285
304.007
303.727
303.447
303.165
302.882
302.597
302.31
302.02
301.728
301.434
301.136
300.836
300.532
300.225
299.915
299.601
299.283
298.961
298.636
298.307
297.973
297.636
297.294
296.949
296.599
296.245
295.887
295.525
295.159
294.788
294.414
294.036
293.655
293.27
292.881
292.489
292.093
291.694
291.292
290.886
317.329
317.04
316.754
316.47
316.189
315.91
315.633
315.359
315.087
314.817
314.548
314.282
314.017
313.754
313.493
313.233
312.973
312.715
312.458
312.201
311.945
311.689
311.433
311.178
310.922
310.665
310.409
310.152
309.894
309.636
309.377
309.117
308.857
308.596
308.333
308.07
307.806
307.54
307.274
307.007
306.738
306.469
306.198
305.926
305.654
305.38
305.105
304.829
304.553
304.275
303.996
303.716
303.435
303.152
302.868
302.581
302.293
302.002
301.709
301.413
301.115
300.813
300.509
300.201
299.889
299.575
299.256
298.934
298.608
298.279
297.945
297.607
297.265
296.92
296.57
296.216
295.858
295.496
295.131
294.761
294.387
294.01
293.629
293.244
292.856
292.464
292.069
291.671
291.269
290.864
317.341
317.053
316.767
316.483
316.201
315.922
315.645
315.37
315.098
314.827
314.558
314.291
314.026
313.762
313.5
313.238
312.978
312.719
312.461
312.204
311.947
311.69
311.433
311.177
310.92
310.663
310.406
310.148
309.89
309.632
309.372
309.112
308.852
308.59
308.327
308.064
307.8
307.534
307.268
307
306.732
306.462
306.191
305.92
305.647
305.373
305.098
304.822
304.545
304.267
303.988
303.707
303.425
303.141
302.856
302.569
302.279
301.988
301.694
301.397
301.098
300.795
300.49
300.181
299.87
299.554
299.235
298.913
298.586
298.256
297.922
297.584
297.243
296.897
296.547
296.193
295.836
295.474
295.108
294.739
294.366
293.989
293.608
293.224
292.836
292.445
292.05
291.653
291.251
290.847
317.351
317.062
316.776
316.492
316.211
315.931
315.654
315.379
315.106
314.835
314.565
314.298
314.032
313.767
313.504
313.243
312.982
312.723
312.464
312.205
311.948
311.69
311.433
311.176
310.919
310.662
310.404
310.146
309.888
309.629
309.369
309.109
308.848
308.586
308.323
308.059
307.795
307.529
307.263
306.995
306.727
306.457
306.186
305.914
305.642
305.368
305.093
304.817
304.539
304.261
303.981
303.7
303.417
303.133
302.847
302.559
302.269
301.977
301.682
301.385
301.085
300.782
300.476
300.167
299.855
299.539
299.219
298.897
298.57
298.24
297.905
297.567
297.226
296.88
296.53
296.176
295.819
295.457
295.092
294.723
294.35
293.973
293.593
293.209
292.821
292.43
292.036
291.639
291.238
290.834
317.357
317.069
316.782
316.498
316.217
315.937
315.66
315.384
315.111
314.84
314.57
314.302
314.036
313.771
313.508
313.246
312.985
312.725
312.465
312.207
311.949
311.691
311.433
311.176
310.918
310.661
310.403
310.145
309.886
309.627
309.367
309.106
308.845
308.583
308.32
308.057
307.792
307.526
307.26
306.992
306.723
306.454
306.183
305.911
305.638
305.364
305.089
304.813
304.535
304.257
303.977
303.695
303.412
303.128
302.841
302.553
302.262
301.97
301.675
301.377
301.076
300.773
300.467
300.157
299.845
299.529
299.209
298.886
298.559
298.229
297.894
297.556
297.214
296.868
296.519
296.165
295.807
295.446
295.081
294.712
294.339
293.962
293.582
293.198
292.811
292.421
292.027
291.63
291.229
290.826
317.36
317.072
316.786
316.502
316.22
315.94
315.663
315.387
315.114
314.842
314.572
314.304
314.038
313.773
313.509
313.247
312.986
312.726
312.466
312.207
311.949
311.691
311.433
311.176
310.918
310.66
310.402
310.144
309.885
309.626
309.366
309.105
308.844
308.582
308.319
308.055
307.79
307.525
307.258
306.99
306.722
306.452
306.181
305.909
305.636
305.362
305.087
304.811
304.533
304.255
303.974
303.693
303.41
303.125
302.838
302.55
302.259
301.966
301.671
301.373
301.072
300.769
300.462
300.153
299.84
299.524
299.204
298.881
298.554
298.223
297.889
297.551
297.209
296.863
296.513
296.159
295.802
295.44
295.075
294.706
294.333
293.957
293.577
293.193
292.806
292.416
292.022
291.625
291.225
290.822
290.933
290.367
289.798
289.236
288.68
288.129
287.582
287.038
286.496
285.956
285.417
284.879
284.341
283.805
283.268
290.819
290.286
289.741
289.194
288.649
288.105
287.563
287.022
286.483
285.946
285.409
284.873
284.337
283.802
283.267
290.737
290.217
289.687
289.152
288.615
288.078
287.541
287.005
286.47
285.935
285.4
284.867
284.333
283.8
283.267
290.671
290.158
289.637
289.111
288.582
288.051
287.519
286.987
286.455
285.923
285.391
284.86
284.328
283.797
283.266
290.615
290.107
289.593
289.073
288.55
288.024
287.497
286.969
286.441
285.912
285.382
284.853
284.324
283.794
283.265
290.568
290.064
289.554
289.039
288.521
287.999
287.476
286.952
286.426
285.9
285.373
284.846
284.319
283.791
283.264
290.527
290.026
289.519
289.008
288.494
287.977
287.457
286.936
286.413
285.889
285.365
284.84
284.314
283.789
283.263
290.492
289.993
289.489
288.982
288.47
287.956
287.439
286.921
286.401
285.879
285.357
284.834
284.31
283.786
283.262
290.462
289.965
289.463
288.958
288.449
287.938
287.424
286.907
286.389
285.87
285.35
284.828
284.306
283.784
283.261
290.436
289.941
289.442
288.938
288.432
287.922
287.41
286.896
286.38
285.862
285.343
284.823
284.303
283.782
283.261
290.416
289.922
289.424
288.922
288.417
287.909
287.399
286.886
286.371
285.855
285.338
284.819
284.3
283.78
283.26
290.399
289.906
289.409
288.909
288.405
287.899
287.389
286.878
286.365
285.85
285.333
284.816
284.298
283.779
283.26
290.387
289.895
289.399
288.899
288.396
287.891
287.383
286.872
286.359
285.845
285.33
284.813
284.296
283.778
283.259
290.379
289.887
289.392
288.893
288.391
287.886
287.378
286.868
286.356
285.843
285.328
284.811
284.294
283.777
283.259
290.375
289.883
289.388
288.89
288.388
287.883
287.376
286.866
286.354
285.841
285.326
284.811
284.294
283.777
283.259
)
;

boundaryField
{
    hot
    {
        type            fixedValue;
        value           uniform 323;
    }
    cold
    {
        type            fixedValue;
        value           uniform 283;
    }
    interface_left
    {
        type            fixedValue;
        value           nonuniform List<scalar> 
90
(
315.079
315.079
315.161
315.161
315.169
315.169
315.169
315.167
315.167
315.169
315.169
315.177
315.177
315.19
315.19
315.19
315.208
315.208
315.239
315.239
315.265
315.265
315.265
315.292
315.292
315.326
315.326
315.373
315.373
315.409
315.409
315.409
315.444
315.444
315.485
315.485
315.541
315.541
315.582
315.582
315.582
315.622
315.622
315.671
315.671
315.735
315.735
315.783
315.783
315.783
315.83
315.83
315.887
315.887
315.964
315.964
316.022
316.022
316.022
316.079
316.079
316.149
316.149
316.241
316.241
316.31
316.31
316.31
316.377
316.377
316.455
316.455
316.556
316.556
316.627
316.627
316.627
316.689
316.689
316.754
316.754
316.824
316.824
316.859
316.859
316.859
316.86
316.86
316.787
316.787
)
;
    }
    interface_right
    {
        type            fixedValue;
        value           nonuniform List<scalar> 
90
(
289.402
289.402
289.313
289.313
289.313
289.301
289.301
289.321
289.321
289.373
289.373
289.426
289.426
289.478
289.478
289.478
289.54
289.54
289.63
289.63
289.701
289.701
289.762
289.762
289.762
289.827
289.827
289.914
289.914
289.98
289.98
290.034
290.034
290.034
290.09
290.09
290.163
290.163
290.216
290.216
290.216
290.267
290.267
290.328
290.328
290.406
290.406
290.464
290.464
290.512
290.512
290.512
290.563
290.563
290.632
290.632
290.684
290.684
290.729
290.729
290.729
290.776
290.776
290.838
290.838
290.884
290.884
290.884
290.928
290.928
290.981
290.981
291.046
291.046
291.091
291.091
291.091
291.133
291.133
291.18
291.18
291.24
291.24
291.286
291.286
291.286
291.352
291.352
291.519
291.519
)
;
    }
    interface_top
    {
        type            fixedValue;
        value           nonuniform List<scalar> 
90
(
316.787
316.787
316.131
316.131
315.606
315.606
315.606
315.069
315.069
314.332
314.332
313.77
313.77
313.304
313.304
313.304
312.825
312.825
312.175
312.175
311.695
311.695
311.695
311.24
311.24
310.703
310.703
309.997
309.997
309.485
309.485
309.485
309.008
309.008
308.445
308.445
307.709
307.709
307.175
307.175
307.175
306.671
306.671
306.07
306.07
305.26
305.26
304.649
304.649
304.143
304.143
304.143
303.621
303.621
302.908
302.908
302.376
302.376
302.376
301.864
301.864
301.245
301.245
300.417
300.417
299.805
299.805
299.805
299.214
299.214
298.496
298.496
297.53
297.53
296.814
296.814
296.814
296.118
296.118
295.27
295.27
294.137
294.137
293.302
293.302
293.302
292.499
292.499
291.519
291.519
)
;
    }
    interface_bottom
    {
        type            fixedValue;
        value           nonuniform List<scalar> 
90
(
315.079
315.079
314.253
314.253
314.253
313.472
313.472
312.543
312.543
311.333
311.333
310.453
310.453
309.743
309.743
309.743
309.023
309.023
308.065
308.065
307.359
307.359
306.787
306.787
306.787
306.206
306.206
305.441
305.441
304.894
304.894
304.894
304.378
304.378
303.771
303.771
302.997
302.997
302.448
302.448
302.448
301.93
301.93
301.314
301.314
300.508
300.508
299.917
299.917
299.429
299.429
299.429
298.924
298.924
298.247
298.247
297.752
297.752
297.752
297.275
297.275
296.706
296.706
295.974
295.974
295.452
295.452
295.452
294.957
294.957
294.371
294.371
293.62
293.62
293.087
293.087
293.087
292.58
292.58
291.979
291.979
291.197
291.197
290.633
290.633
290.633
290.084
290.084
289.402
289.402
)
;
    }
    defaultFaces
    {
        type            empty;
    }
}


// ************************************************************************* //
