/*--------------------------------*- C++ -*----------------------------------*\
| =========                 |                                                 |
| \\      /  F ield         | OpenFOAM: The Open Source CFD Toolbox           |
|  \\    /   O peration     | Version:  5.x                                   |
|   \\  /    A nd           | Web:      www.OpenFOAM.org                      |
|    \\/     M anipulation  |                                                 |
\*---------------------------------------------------------------------------*/
FoamFile
{
    version     2.0;
    format      ascii;
    class       volScalarField;
    location    "3";
    object      T;
}
// * * * * * * * * * * * * * * * * * * * * * * * * * * * * * * * * * * * * * //

dimensions      [0 0 0 1 0 0 0];

internalField   nonuniform List<scalar> 
6300
(
322.76
322.279
321.799
321.32
320.841
320.364
319.887
319.413
318.94
318.47
318.002
317.536
317.073
316.613
316.157
322.76
322.279
321.799
321.319
320.84
320.362
319.886
319.411
318.938
318.467
317.999
317.533
317.07
316.61
316.153
322.759
322.278
321.797
321.317
320.838
320.359
319.883
319.407
318.934
318.463
317.994
317.528
317.064
316.604
316.147
322.759
322.277
321.795
321.315
320.834
320.355
319.878
319.402
318.928
318.456
317.986
317.519
317.055
316.594
316.137
322.758
322.276
321.793
321.311
320.83
320.35
319.871
319.394
318.919
318.446
317.976
317.508
317.043
316.582
316.123
322.758
322.274
321.79
321.307
320.824
320.343
319.863
319.385
318.908
318.434
317.962
317.494
317.028
316.565
316.107
322.757
322.272
321.786
321.302
320.818
320.335
319.853
319.373
318.895
318.419
317.946
317.476
317.009
316.546
316.086
322.756
322.269
321.782
321.296
320.81
320.326
319.842
319.36
318.88
318.402
317.927
317.455
316.987
316.522
316.062
322.755
322.266
321.778
321.289
320.802
320.315
319.829
319.345
318.863
318.382
317.905
317.431
316.961
316.495
316.034
322.754
322.263
321.773
321.282
320.792
320.303
319.815
319.328
318.843
318.36
317.879
317.403
316.93
316.462
316.001
322.753
322.26
321.767
321.274
320.782
320.29
319.799
319.31
318.821
318.335
317.851
317.37
316.894
316.424
315.961
322.752
322.257
321.761
321.266
320.771
320.277
319.783
319.29
318.797
318.307
317.818
317.333
316.852
316.378
315.914
322.751
322.253
321.755
321.258
320.76
320.263
319.765
319.269
318.772
318.277
317.783
317.291
316.803
316.323
315.856
322.75
322.25
321.749
321.249
320.749
320.248
319.748
319.247
318.746
318.246
317.745
317.245
316.747
316.255
315.778
322.749
322.246
321.743
321.24
320.737
320.234
319.73
319.226
318.72
318.214
317.707
317.197
316.685
316.171
315.665
315.741
315.366
314.993
314.622
314.255
313.89
313.527
313.168
312.812
312.459
312.11
311.764
311.422
311.083
310.749
310.418
310.092
309.769
309.45
309.136
308.826
308.519
308.216
307.917
307.622
307.33
307.041
306.756
306.473
306.193
305.916
305.641
305.368
305.097
304.828
304.56
304.294
304.03
303.766
303.504
303.242
302.982
302.722
302.463
302.204
301.946
301.689
301.431
301.174
300.917
300.66
300.403
300.145
299.887
299.629
299.37
299.11
298.849
298.587
298.324
298.059
297.793
297.525
297.256
296.985
296.712
296.437
296.16
295.881
295.6
295.317
295.031
294.744
294.454
294.161
293.866
293.569
293.269
292.967
292.662
292.355
292.045
291.732
291.417
291.099
290.779
290.455
290.13
289.801
289.47
315.738
315.362
314.989
314.619
314.251
313.885
313.523
313.164
312.807
312.454
312.105
311.759
311.416
311.078
310.743
310.412
310.086
309.763
309.445
309.13
308.82
308.513
308.211
307.912
307.617
307.325
307.037
306.752
306.469
306.189
305.912
305.638
305.365
305.094
304.825
304.558
304.292
304.028
303.765
303.502
303.241
302.981
302.721
302.462
302.204
301.946
301.688
301.431
301.174
300.917
300.66
300.403
300.146
299.888
299.63
299.371
299.111
298.85
298.589
298.326
298.061
297.795
297.528
297.258
296.988
296.715
296.44
296.163
295.884
295.603
295.32
295.035
294.747
294.457
294.164
293.87
293.572
293.273
292.97
292.666
292.358
292.049
291.736
291.421
291.103
290.782
290.459
290.133
289.805
289.473
315.731
315.355
314.982
314.611
314.243
313.877
313.515
313.155
312.798
312.445
312.095
311.748
311.405
311.066
310.732
310.401
310.074
309.751
309.433
309.119
308.808
308.502
308.2
307.902
307.607
307.316
307.028
306.743
306.461
306.182
305.905
305.631
305.359
305.089
304.82
304.554
304.288
304.024
303.761
303.499
303.239
302.978
302.719
302.46
302.202
301.944
301.687
301.43
301.173
300.917
300.66
300.404
300.147
299.889
299.631
299.373
299.114
298.853
298.592
298.329
298.065
297.799
297.532
297.263
296.993
296.72
296.445
296.169
295.89
295.609
295.326
295.041
294.753
294.463
294.171
293.876
293.579
293.28
292.978
292.673
292.366
292.056
291.743
291.428
291.11
290.79
290.467
290.141
289.812
289.481
315.72
315.344
314.971
314.6
314.231
313.865
313.502
313.141
312.784
312.43
312.079
311.732
311.389
311.049
310.714
310.383
310.056
309.734
309.415
309.101
308.791
308.485
308.184
307.886
307.592
307.301
307.014
306.73
306.449
306.171
305.895
305.622
305.35
305.081
304.813
304.547
304.282
304.019
303.756
303.495
303.235
302.975
302.716
302.458
302.2
301.942
301.685
301.429
301.173
300.916
300.66
300.404
300.148
299.891
299.634
299.376
299.117
298.858
298.597
298.335
298.071
297.806
297.539
297.271
297
296.728
296.454
296.177
295.899
295.618
295.335
295.05
294.763
294.473
294.181
293.887
293.59
293.29
292.988
292.684
292.377
292.067
291.754
291.439
291.122
290.801
290.478
290.152
289.823
289.492
315.707
315.33
314.956
314.585
314.215
313.849
313.485
313.124
312.765
312.41
312.059
311.711
311.367
311.027
310.691
310.359
310.032
309.71
309.391
309.077
308.768
308.463
308.162
307.865
307.572
307.282
306.996
306.713
306.433
306.156
305.882
305.609
305.339
305.07
304.804
304.538
304.275
304.012
303.75
303.489
303.23
302.97
302.712
302.454
302.197
301.94
301.683
301.427
301.171
300.916
300.66
300.405
300.15
299.894
299.637
299.38
299.123
298.864
298.604
298.342
298.079
297.815
297.548
297.28
297.01
296.739
296.465
296.189
295.911
295.63
295.348
295.063
294.776
294.486
294.194
293.9
293.603
293.304
293.002
292.698
292.391
292.081
291.769
291.454
291.137
290.817
290.493
290.167
289.839
289.507
315.689
315.313
314.938
314.566
314.196
313.829
313.464
313.101
312.742
312.386
312.033
311.683
311.338
310.998
310.661
310.329
310.002
309.679
309.361
309.048
308.739
308.434
308.134
307.838
307.546
307.258
306.973
306.692
306.413
306.138
305.865
305.594
305.325
305.058
304.792
304.528
304.265
304.003
303.742
303.482
303.223
302.965
302.707
302.449
302.193
301.936
301.68
301.425
301.17
300.915
300.66
300.406
300.152
299.897
299.642
299.386
299.129
298.871
298.612
298.352
298.09
297.826
297.56
297.293
297.023
296.752
296.479
296.203
295.926
295.646
295.363
295.079
294.792
294.503
294.211
293.917
293.621
293.322
293.02
292.716
292.409
292.1
291.788
291.473
291.156
290.836
290.513
290.187
289.858
289.526
315.669
315.291
314.917
314.544
314.174
313.805
313.439
313.075
312.714
312.356
312.001
311.651
311.304
310.962
310.625
310.293
309.965
309.642
309.324
309.011
308.703
308.399
308.1
307.805
307.515
307.228
306.945
306.666
306.389
306.116
305.844
305.575
305.308
305.042
304.778
304.515
304.253
303.993
303.733
303.474
303.216
302.958
302.701
302.444
302.188
301.932
301.676
301.421
301.167
300.914
300.66
300.407
300.154
299.901
299.647
299.392
299.137
298.88
298.623
298.363
298.102
297.839
297.574
297.308
297.039
296.768
296.496
296.221
295.943
295.664
295.382
295.098
294.811
294.522
294.231
293.937
293.641
293.343
293.041
292.737
292.431
292.122
291.81
291.496
291.179
290.859
290.536
290.21
289.881
289.549
315.644
315.267
314.892
314.519
314.148
313.779
313.411
313.045
312.682
312.321
311.964
311.611
311.263
310.92
310.582
310.249
309.921
309.598
309.28
308.967
308.66
308.357
308.06
307.767
307.478
307.194
306.913
306.636
306.361
306.09
305.821
305.554
305.289
305.025
304.762
304.501
304.24
303.981
303.723
303.465
303.208
302.951
302.695
302.438
302.182
301.927
301.672
301.417
301.164
300.911
300.66
300.408
300.156
299.905
299.653
299.4
299.146
298.891
298.635
298.377
298.117
297.855
297.591
297.325
297.057
296.787
296.515
296.241
295.965
295.686
295.404
295.12
294.834
294.545
294.254
293.961
293.665
293.367
293.066
292.763
292.456
292.147
291.836
291.522
291.206
290.886
290.564
290.239
289.91
289.577
315.616
315.239
314.864
314.492
314.12
313.75
313.381
313.012
312.645
312.281
311.921
311.565
311.215
310.871
310.532
310.199
309.87
309.547
309.229
308.917
308.609
308.308
308.012
307.722
307.436
307.154
306.876
306.601
306.329
306.061
305.794
305.53
305.267
305.006
304.745
304.485
304.226
303.968
303.711
303.455
303.199
302.943
302.688
302.432
302.176
301.92
301.666
301.412
301.16
300.908
300.658
300.409
300.159
299.909
299.659
299.409
299.157
298.904
298.65
298.394
298.135
297.874
297.611
297.346
297.078
296.809
296.538
296.265
295.989
295.711
295.429
295.146
294.859
294.571
294.281
293.988
293.693
293.396
293.095
292.792
292.485
292.176
291.865
291.552
291.236
290.918
290.597
290.272
289.943
289.61
315.583
315.207
314.833
314.462
314.091
313.72
313.348
312.976
312.605
312.236
311.871
311.512
311.159
310.813
310.474
310.14
309.812
309.489
309.17
308.857
308.551
308.251
307.958
307.67
307.387
307.108
306.833
306.561
306.293
306.028
305.765
305.504
305.244
304.985
304.726
304.468
304.21
303.953
303.698
303.444
303.19
302.936
302.681
302.425
302.169
301.913
301.658
301.404
301.153
300.904
300.656
300.409
300.162
299.915
299.667
299.418
299.169
298.919
298.668
298.413
298.156
297.896
297.633
297.368
297.102
296.834
296.564
296.292
296.018
295.74
295.459
295.174
294.888
294.6
294.31
294.019
293.725
293.428
293.128
292.825
292.518
292.209
291.898
291.585
291.271
290.954
290.634
290.31
289.982
289.649
315.545
315.171
314.8
314.432
314.063
313.691
313.317
312.939
312.561
312.185
311.813
311.448
311.093
310.746
310.407
310.075
309.747
309.423
309.103
308.789
308.483
308.185
307.895
307.611
307.333
307.058
306.786
306.517
306.252
305.991
305.733
305.476
305.221
304.964
304.707
304.449
304.192
303.937
303.684
303.432
303.181
302.929
302.675
302.419
302.162
301.904
301.648
301.394
301.144
300.897
300.653
300.409
300.165
299.92
299.675
299.429
299.183
298.937
298.689
298.437
298.182
297.922
297.659
297.394
297.127
296.861
296.593
296.324
296.051
295.773
295.492
295.206
294.919
294.63
294.342
294.052
293.761
293.466
293.166
292.862
292.554
292.243
291.932
291.621
291.309
290.995
290.677
290.355
290.027
289.694
315.5
315.13
314.764
314.402
314.038
313.667
313.289
312.904
312.515
312.126
311.744
311.372
311.014
310.667
310.332
310.003
309.676
309.35
309.027
308.711
308.404
308.107
307.822
307.545
307.273
307.003
306.734
306.468
306.206
305.949
305.698
305.448
305.198
304.944
304.688
304.429
304.172
303.917
303.667
303.42
303.175
302.926
302.673
302.415
302.154
301.892
301.633
301.378
301.13
300.887
300.648
300.41
300.17
299.927
299.683
299.44
299.198
298.957
298.714
298.467
298.213
297.953
297.688
297.42
297.153
296.888
296.625
296.36
296.09
295.813
295.53
295.242
294.951
294.661
294.374
294.089
293.802
293.51
293.211
292.905
292.593
292.279
291.966
291.656
291.349
291.041
290.727
290.407
290.081
289.748
315.444
315.082
314.723
314.374
314.022
313.653
313.272
312.873
312.469
312.058
311.661
311.277
310.917
310.573
310.248
309.929
309.603
309.274
308.941
308.619
308.308
308.015
307.735
307.471
307.211
306.946
306.68
306.411
306.151
305.9
305.66
305.423
305.178
304.929
304.67
304.41
304.146
303.891
303.644
303.407
303.172
302.928
302.677
302.415
302.149
301.877
301.612
301.354
301.108
300.87
300.641
300.414
300.178
299.937
299.69
299.448
299.21
298.979
298.748
298.505
298.254
297.99
297.72
297.445
297.176
296.913
296.659
296.404
296.138
295.863
295.575
295.281
294.981
294.689
294.403
294.127
293.851
293.563
293.266
292.954
292.637
292.313
291.997
291.688
291.391
291.094
290.786
290.47
290.142
289.811
315.372
315.03
314.669
314.352
314.031
313.657
313.279
312.852
312.432
311.97
311.559
311.15
310.795
310.45
310.156
309.865
309.533
309.203
308.839
308.513
308.187
307.903
307.627
307.39
307.157
306.892
306.629
306.341
306.085
305.834
305.618
305.407
305.166
304.926
304.657
304.394
304.108
303.855
303.606
303.392
303.181
302.94
302.697
302.422
302.151
301.852
301.583
301.312
301.074
300.839
300.634
300.429
300.192
299.954
299.689
299.45
299.211
299.004
298.796
298.556
298.312
298.035
297.762
297.46
297.191
296.924
296.694
296.464
296.199
295.931
295.628
295.329
295
294.707
294.416
294.166
293.917
293.631
293.341
293.013
292.69
292.334
292.017
291.703
291.433
291.165
290.856
290.549
290.207
289.889
315.263
315.004
314.552
314.334
314.115
313.666
313.359
312.818
312.456
311.808
311.454
310.944
310.659
310.255
310.058
309.862
309.46
309.183
308.682
308.405
308.005
307.781
307.461
307.305
307.149
306.833
306.615
306.225
306.013
305.715
305.572
305.432
305.154
304.964
304.633
304.413
304.023
303.812
303.516
303.373
303.234
302.954
302.762
302.423
302.194
301.783
301.555
301.223
301.035
300.763
300.628
300.491
300.208
300.011
299.651
299.452
299.168
299.029
298.891
298.611
298.417
298.075
297.843
297.429
297.203
296.883
296.728
296.575
296.264
296.051
295.674
295.42
294.967
294.721
294.372
294.203
294.038
293.702
293.471
293.064
292.789
292.3
292.033
291.655
291.472
291.292
290.926
290.677
290.239
289.995
289.103
288.699
288.291
287.88
287.466
287.049
286.63
286.208
285.785
285.359
284.932
284.504
284.075
283.645
283.215
289.106
288.702
288.294
287.883
287.469
287.052
286.632
286.21
285.786
285.361
284.933
284.505
284.076
283.646
283.215
289.113
288.709
288.301
287.889
287.474
287.057
286.637
286.214
285.79
285.363
284.936
284.507
284.077
283.646
283.216
289.124
288.719
288.31
287.898
287.483
287.065
286.644
286.22
285.795
285.368
284.939
284.509
284.079
283.648
283.216
289.139
288.733
288.324
287.911
287.494
287.075
286.653
286.228
285.802
285.374
284.944
284.513
284.081
283.649
283.216
289.157
288.751
288.34
287.926
287.508
287.088
286.664
286.238
285.81
285.381
284.95
284.518
284.085
283.651
283.217
289.18
288.772
288.361
287.945
287.526
287.103
286.678
286.25
285.821
285.389
284.957
284.523
284.088
283.653
283.218
289.207
288.798
288.385
287.968
287.546
287.121
286.694
286.264
285.832
285.399
284.965
284.529
284.093
283.656
283.219
289.239
288.829
288.414
287.994
287.57
287.142
286.712
286.28
285.846
285.41
284.973
284.536
284.097
283.659
283.22
289.277
288.865
288.447
288.024
287.597
287.166
286.733
286.297
285.861
285.422
284.983
284.543
284.103
283.662
283.221
289.322
288.907
288.485
288.058
287.627
287.192
286.755
286.317
285.877
285.436
284.994
284.551
284.108
283.665
283.222
289.374
288.956
288.529
288.097
287.66
287.22
286.779
286.337
285.894
285.449
285.005
284.56
284.114
283.669
283.223
289.437
289.013
288.579
288.139
287.696
287.251
286.805
286.358
285.911
285.464
285.016
284.569
284.121
283.672
283.224
289.516
289.081
288.635
288.184
287.733
287.282
286.831
286.38
285.929
285.479
285.028
284.577
284.127
283.676
283.225
289.623
289.161
288.694
288.23
287.77
287.312
286.856
286.402
285.947
285.493
285.04
284.586
284.133
283.68
283.227
322.748
322.243
321.738
321.233
320.727
320.221
319.714
319.207
318.698
318.187
317.673
317.155
316.63
316.087
315.501
322.747
322.24
321.733
321.226
320.718
320.21
319.701
319.19
318.678
318.164
317.646
317.123
316.591
316.042
315.458
322.746
322.237
321.728
321.219
320.71
320.199
319.688
319.175
318.661
318.143
317.623
317.097
316.563
316.019
315.465
322.745
322.235
321.724
321.213
320.702
320.189
319.676
319.161
318.645
318.125
317.603
317.076
316.544
316.005
315.462
322.744
322.232
321.72
321.208
320.694
320.18
319.665
319.149
318.63
318.11
317.586
317.059
316.528
315.993
315.456
322.743
322.23
321.716
321.202
320.688
320.172
319.655
319.137
318.618
318.096
317.572
317.045
316.515
315.983
315.451
322.743
322.228
321.713
321.197
320.681
320.164
319.647
319.127
318.607
318.084
317.559
317.033
316.504
315.974
315.446
322.742
322.226
321.71
321.193
320.676
320.158
319.639
319.118
318.597
318.073
317.548
317.022
316.493
315.964
315.434
322.741
322.224
321.707
321.189
320.671
320.152
319.631
319.11
318.588
318.064
317.539
317.012
316.483
315.954
315.426
322.741
322.223
321.704
321.185
320.666
320.146
319.625
319.103
318.58
318.056
317.53
317.003
316.474
315.944
315.412
322.74
322.221
321.702
321.182
320.662
320.141
319.619
319.097
318.573
318.048
317.522
316.995
316.466
315.936
315.405
322.74
322.22
321.7
321.179
320.658
320.137
319.614
319.091
318.567
318.042
317.515
316.988
316.459
315.928
315.395
322.74
322.219
321.698
321.177
320.655
320.133
319.61
319.086
318.562
318.036
317.51
316.982
316.453
315.922
315.39
322.739
322.218
321.696
321.175
320.652
320.13
319.606
319.082
318.557
318.031
317.505
316.977
316.448
315.917
315.385
322.739
322.217
321.695
321.173
320.65
320.127
319.603
319.079
318.553
318.027
317.5
316.972
316.443
315.913
315.382
322.739
322.216
321.694
321.171
320.648
320.124
319.6
319.075
318.55
318.024
317.497
316.969
316.44
315.91
315.38
322.739
322.216
321.693
321.17
320.646
320.122
319.598
319.073
318.547
318.021
317.494
316.966
316.437
315.908
315.377
322.738
322.215
321.692
321.168
320.645
320.12
319.596
319.071
318.545
318.018
317.491
316.963
316.435
315.906
315.376
322.738
322.215
321.691
321.168
320.643
320.119
319.594
319.069
318.543
318.017
317.489
316.962
316.433
315.904
315.374
322.738
322.215
321.691
321.167
320.643
320.118
319.593
319.068
318.542
318.015
317.488
316.96
316.432
315.903
315.373
322.738
322.214
321.69
321.166
320.642
320.117
319.592
319.067
318.541
318.014
317.487
316.959
316.431
315.902
315.373
322.738
322.214
321.69
321.166
320.641
320.117
319.592
319.066
318.54
318.014
317.487
316.959
316.431
315.902
315.373
322.738
322.214
321.69
321.166
320.641
320.116
319.591
319.066
318.54
318.014
317.487
316.959
316.431
315.902
315.373
322.738
322.214
321.69
321.166
320.641
320.116
319.591
319.066
318.54
318.014
317.487
316.96
316.432
315.903
315.374
322.738
322.214
321.69
321.166
320.641
320.116
319.591
319.066
318.54
318.014
317.488
316.961
316.433
315.905
315.376
322.738
322.214
321.69
321.166
320.641
320.117
319.592
319.067
318.541
318.015
317.489
316.962
316.435
315.907
315.378
322.738
322.214
321.69
321.166
320.642
320.117
319.593
319.068
318.542
318.016
317.49
316.964
316.437
315.909
315.38
322.738
322.214
321.691
321.167
320.643
320.118
319.594
319.069
318.544
318.018
317.492
316.966
316.439
315.912
315.385
322.738
322.215
321.691
321.167
320.643
320.119
319.595
319.07
318.545
318.02
317.494
316.968
316.442
315.915
315.388
322.738
322.215
321.692
321.168
320.644
320.12
319.596
319.072
318.547
318.022
317.497
316.971
316.444
315.918
315.392
322.738
322.215
321.692
321.169
320.645
320.122
319.598
319.074
318.549
318.024
317.499
316.974
316.448
315.921
315.394
322.739
322.216
321.693
321.17
320.647
320.123
319.6
319.076
318.552
318.027
317.502
316.977
316.451
315.924
315.397
322.739
322.216
321.694
321.171
320.648
320.125
319.602
319.078
318.554
318.03
317.506
316.98
316.455
315.929
315.402
322.739
322.217
321.694
321.172
320.65
320.127
319.604
319.081
318.557
318.033
317.509
316.984
316.459
315.933
315.406
322.739
322.217
321.695
321.173
320.651
320.129
319.606
319.084
318.561
318.037
317.513
316.989
316.464
315.939
315.413
322.739
322.218
321.696
321.175
320.653
320.131
319.609
319.087
318.564
318.041
317.518
316.994
316.469
315.945
315.418
322.74
322.219
321.698
321.176
320.655
320.134
319.612
319.09
318.568
318.045
317.522
316.999
316.475
315.951
315.428
322.74
322.219
321.699
321.178
320.657
320.136
319.615
319.094
318.572
318.05
317.527
317.004
316.481
315.958
315.434
322.74
322.22
321.7
321.18
320.66
320.139
319.618
319.097
318.576
318.054
317.532
317.01
316.487
315.964
315.443
322.74
322.221
321.701
321.182
320.662
320.142
319.622
319.101
318.581
318.059
317.538
317.016
316.493
315.97
315.447
322.741
322.222
321.703
321.184
320.665
320.145
319.626
319.106
318.586
318.065
317.544
317.022
316.5
315.977
315.451
322.741
322.223
321.704
321.186
320.667
320.149
319.63
319.11
318.591
318.071
317.55
317.029
316.507
315.984
315.461
322.741
322.224
321.706
321.188
320.67
320.152
319.634
319.115
318.596
318.077
317.557
317.036
316.515
315.992
315.468
322.742
322.225
321.708
321.191
320.673
320.156
319.638
319.12
318.602
318.083
317.564
317.044
316.523
316.002
315.481
322.742
322.226
321.71
321.193
320.677
320.16
319.643
319.126
318.608
318.09
317.571
317.052
316.533
316.012
315.49
322.742
322.227
321.711
321.196
320.68
320.164
319.648
319.131
318.614
318.097
317.579
317.061
316.542
316.024
315.506
322.743
322.228
321.713
321.199
320.684
320.169
319.653
319.137
318.621
318.104
317.587
317.07
316.552
316.034
315.516
322.743
322.229
321.716
321.202
320.688
320.173
319.658
319.143
318.628
318.112
317.596
317.079
316.562
316.045
315.53
322.744
322.231
321.718
321.205
320.691
320.178
319.664
319.15
318.635
318.12
317.605
317.089
316.572
316.055
315.537
322.744
322.232
321.72
321.208
320.696
320.183
319.67
319.157
318.643
318.129
317.614
317.099
316.582
316.065
315.544
322.745
322.234
321.723
321.211
320.7
320.188
319.676
319.164
318.651
318.138
317.624
317.109
316.594
316.077
315.559
322.745
322.235
321.725
321.215
320.704
320.194
319.683
319.172
318.66
318.148
317.635
317.121
316.606
316.09
315.57
322.746
322.237
321.728
321.219
320.709
320.2
319.69
319.179
318.669
318.157
317.646
317.133
316.619
316.105
315.59
322.746
322.238
321.73
321.222
320.714
320.206
319.697
319.188
318.678
318.168
317.657
317.146
316.634
316.12
315.604
322.747
322.24
321.733
321.226
320.719
320.212
319.704
319.196
318.688
318.179
317.669
317.159
316.649
316.138
315.63
322.747
322.242
321.736
321.231
320.725
320.218
319.712
319.205
318.698
318.19
317.682
317.173
316.664
316.154
315.645
322.748
322.244
321.739
321.235
320.73
320.225
319.72
319.214
318.708
318.202
317.694
317.187
316.679
316.171
315.666
322.749
322.246
321.742
321.239
320.736
320.232
319.728
319.224
318.719
318.214
317.708
317.201
316.694
316.186
315.677
322.749
322.248
321.746
321.244
320.742
320.24
319.737
319.234
318.73
318.226
317.721
317.216
316.709
316.201
315.688
322.75
322.25
321.749
321.249
320.748
320.247
319.746
319.244
318.742
318.239
317.736
317.231
316.726
316.219
315.711
322.751
322.252
321.753
321.254
320.754
320.255
319.755
319.255
318.754
318.253
317.751
317.248
316.744
316.238
315.727
322.751
322.254
321.756
321.259
320.761
320.263
319.764
319.266
318.767
318.267
317.766
317.265
316.763
316.26
315.756
322.752
322.256
321.76
321.264
320.768
320.271
319.774
319.277
318.779
318.281
317.783
317.283
316.783
316.282
315.777
322.753
322.258
321.764
321.269
320.774
320.279
319.784
319.289
318.793
318.296
317.799
317.302
316.805
316.308
315.814
322.754
322.261
321.768
321.275
320.782
320.288
319.795
319.301
318.806
318.312
317.817
317.321
316.826
316.331
315.835
322.754
322.263
321.772
321.28
320.789
320.297
319.805
319.313
318.82
318.327
317.834
317.34
316.846
316.354
315.866
322.755
322.266
321.776
321.286
320.796
320.306
319.816
319.325
318.834
318.343
317.851
317.359
316.867
316.374
315.88
322.756
322.268
321.78
321.292
320.804
320.315
319.827
319.338
318.849
318.359
317.869
317.379
316.887
316.394
315.895
322.757
322.271
321.784
321.298
320.811
320.325
319.838
319.351
318.864
318.376
317.888
317.399
316.909
316.418
315.926
322.758
322.273
321.789
321.304
320.819
320.334
319.849
319.364
318.879
318.393
317.907
317.42
316.932
316.442
315.947
322.759
322.276
321.793
321.31
320.827
320.344
319.861
319.377
318.894
318.41
317.926
317.442
316.957
316.471
315.985
322.759
322.278
321.797
321.316
320.835
320.354
319.872
319.391
318.909
318.428
317.946
317.464
316.982
316.499
316.011
322.76
322.281
321.802
321.323
320.843
320.364
319.884
319.405
318.925
318.445
317.966
317.486
317.007
316.53
316.058
322.761
322.284
321.806
321.329
320.851
320.374
319.896
319.418
318.941
318.463
317.986
317.509
317.032
316.557
316.083
322.762
322.287
321.811
321.335
320.859
320.384
319.908
319.432
318.956
318.481
318.005
317.53
317.056
316.584
316.119
322.763
322.289
321.815
321.342
320.868
320.394
319.92
319.446
318.972
318.498
318.025
317.551
317.079
316.607
316.136
322.764
322.292
321.82
321.348
320.876
320.404
319.932
319.46
318.988
318.516
318.044
317.572
317.1
316.628
316.151
322.765
322.295
321.825
321.355
320.884
320.414
319.944
319.473
319.003
318.533
318.063
317.593
317.123
316.653
316.184
322.766
322.298
321.829
321.361
320.893
320.424
319.956
319.487
319.019
318.55
318.082
317.614
317.146
316.677
316.205
322.767
322.3
321.834
321.368
320.901
320.435
319.968
319.501
319.034
318.567
318.101
317.634
317.169
316.704
316.241
322.768
322.303
321.839
321.374
320.91
320.445
319.98
319.515
319.05
318.585
318.12
317.655
317.191
316.728
316.264
322.769
322.306
321.844
321.381
320.918
320.455
319.992
319.529
319.065
318.602
318.138
317.675
317.213
316.754
316.302
322.77
322.309
321.849
321.388
320.927
320.466
320.005
319.543
319.081
318.619
318.156
317.694
317.234
316.775
316.32
322.771
322.312
321.854
321.395
320.936
320.477
320.017
319.557
319.097
318.636
318.174
317.713
317.252
316.794
316.342
322.772
322.315
321.859
321.402
320.945
320.488
320.03
319.572
319.113
318.653
318.193
317.731
317.269
316.809
316.351
322.773
322.319
321.864
321.409
320.955
320.499
320.044
319.587
319.13
318.671
318.211
317.749
317.286
316.821
316.357
322.774
322.322
321.869
321.417
320.964
320.511
320.058
319.603
319.148
318.691
318.231
317.769
317.303
316.833
316.361
322.775
322.325
321.875
321.425
320.974
320.524
320.072
319.62
319.167
318.711
318.254
317.792
317.323
316.846
316.361
322.776
322.328
321.881
321.433
320.985
320.536
320.087
319.638
319.187
318.734
318.279
317.818
317.35
316.865
316.346
322.777
322.332
321.886
321.441
320.995
320.549
320.103
319.656
319.208
318.759
318.307
317.851
317.387
316.907
316.384
289.774
289.237
288.745
288.269
287.802
287.339
286.879
286.421
285.963
285.507
285.05
284.595
284.139
283.683
283.228
289.809
289.276
288.779
288.299
287.828
287.361
286.898
286.437
285.977
285.518
285.06
284.602
284.144
283.686
283.229
289.787
289.291
288.802
288.323
287.85
287.382
286.916
286.453
285.991
285.53
285.069
284.609
284.149
283.689
283.23
289.783
289.3
288.819
288.342
287.869
287.4
286.933
286.467
286.003
285.54
285.078
284.616
284.154
283.692
283.231
289.783
289.307
288.832
288.358
287.886
287.416
286.948
286.481
286.016
285.551
285.086
284.622
284.159
283.695
283.232
289.782
289.315
288.844
288.372
287.901
287.431
286.962
286.494
286.027
285.56
285.094
284.629
284.163
283.698
283.233
289.787
289.324
288.856
288.387
287.916
287.446
286.976
286.507
286.038
285.57
285.102
284.635
284.168
283.7
283.233
289.801
289.338
288.87
288.401
287.93
287.46
286.989
286.519
286.049
285.579
285.11
284.641
284.172
283.703
283.234
289.815
289.353
288.886
288.416
287.945
287.474
287.002
286.531
286.059
285.588
285.117
284.647
284.176
283.706
283.235
289.843
289.373
288.903
288.432
287.96
287.488
287.015
286.542
286.07
285.597
285.125
284.652
284.18
283.708
283.236
289.861
289.392
288.921
288.448
287.975
287.502
287.028
286.554
286.08
285.606
285.132
284.658
284.184
283.711
283.237
289.89
289.413
288.939
288.465
287.991
287.516
287.041
286.565
286.09
285.614
285.139
284.664
284.188
283.713
283.238
289.907
289.433
288.958
288.482
288.006
287.53
287.054
286.577
286.1
285.623
285.146
284.669
284.192
283.715
283.238
289.934
289.454
288.977
288.5
288.022
287.545
287.067
286.588
286.11
285.632
285.153
284.675
284.196
283.718
283.239
289.947
289.472
288.995
288.517
288.038
287.559
287.08
286.6
286.12
285.64
285.16
284.68
284.2
283.72
283.24
289.962
289.491
289.014
288.535
288.055
287.574
287.093
286.612
286.13
285.649
285.167
284.686
284.204
283.722
283.241
289.993
289.514
289.035
288.554
288.072
287.589
287.106
286.624
286.141
285.657
285.174
284.691
284.208
283.725
283.242
290.015
289.538
289.056
288.573
288.089
287.604
287.12
286.635
286.151
285.666
285.181
284.697
284.212
283.727
283.242
290.056
289.565
289.079
288.592
288.106
287.62
287.134
286.647
286.161
285.675
285.188
284.702
284.216
283.729
283.243
290.078
289.59
289.101
288.612
288.123
287.635
287.147
286.659
286.171
285.683
285.195
284.707
284.22
283.732
283.244
290.113
289.615
289.122
288.631
288.141
287.65
287.161
286.671
286.181
285.692
285.202
284.713
284.223
283.734
283.245
290.132
289.637
289.143
288.65
288.157
287.666
287.174
286.683
286.191
285.7
285.209
284.718
284.227
283.736
283.245
290.159
289.659
289.162
288.668
288.174
287.68
287.187
286.694
286.201
285.709
285.216
284.723
284.231
283.739
283.246
290.173
289.677
289.181
288.685
288.19
287.695
287.2
286.706
286.211
285.717
285.223
284.729
284.235
283.741
283.247
290.186
289.695
289.199
288.703
288.206
287.709
287.213
286.717
286.221
285.725
285.229
284.734
284.238
283.743
283.248
290.214
289.716
289.218
288.72
288.222
287.723
287.226
286.728
286.23
285.733
285.236
284.739
284.242
283.745
283.248
290.233
289.737
289.237
288.737
288.237
287.737
287.238
286.739
286.24
285.741
285.242
284.744
284.246
283.747
283.249
290.268
289.761
289.257
288.755
288.253
287.751
287.25
286.749
286.249
285.749
285.249
284.749
284.249
283.749
283.25
290.287
289.781
289.276
288.771
288.268
287.765
287.262
286.76
286.258
285.756
285.255
284.754
284.253
283.752
283.251
290.314
289.802
289.294
288.788
288.282
287.778
287.274
286.77
286.267
285.764
285.261
284.758
284.256
283.754
283.251
290.33
289.82
289.311
288.803
288.296
287.79
287.285
286.78
286.276
285.771
285.267
284.763
284.259
283.756
283.252
290.351
289.837
289.326
288.818
288.31
287.803
287.296
286.79
286.284
285.778
285.273
284.768
284.262
283.757
283.252
290.361
289.851
289.341
288.832
288.323
287.815
287.307
286.799
286.292
285.785
285.279
284.772
284.266
283.759
283.253
290.371
289.865
289.355
288.845
288.336
287.826
287.317
286.808
286.3
285.792
285.284
284.776
284.269
283.761
283.254
290.392
289.881
289.37
288.859
288.348
287.837
287.327
286.817
286.308
285.799
285.289
284.781
284.272
283.763
283.254
290.406
289.896
289.384
288.872
288.36
287.848
287.337
286.826
286.315
285.805
285.295
284.785
284.275
283.765
283.255
290.431
289.913
289.398
288.885
288.372
287.859
287.347
286.835
286.323
285.811
285.3
284.789
284.278
283.766
283.255
290.444
289.928
289.412
288.897
288.383
287.869
287.356
286.843
286.33
285.817
285.305
284.793
284.28
283.768
283.256
290.462
289.942
289.425
288.909
288.394
287.88
287.365
286.851
286.337
285.823
285.31
284.796
284.283
283.77
283.257
290.471
289.954
289.437
288.921
288.405
287.89
287.374
286.859
286.344
285.829
285.315
284.8
284.286
283.771
283.257
290.479
289.965
289.449
288.932
288.416
287.899
287.383
286.867
286.351
285.835
285.319
284.804
284.288
283.773
283.258
290.496
289.978
289.461
288.944
288.426
287.909
287.392
286.874
286.357
285.841
285.324
284.807
284.291
283.775
283.258
290.507
289.991
289.474
288.955
288.437
287.918
287.4
286.882
286.364
285.846
285.328
284.811
284.293
283.776
283.259
290.526
290.006
289.486
288.967
288.447
287.928
287.408
286.889
286.37
285.852
285.333
284.814
284.296
283.778
283.259
290.538
290.02
289.499
288.978
288.457
287.937
287.416
286.896
286.376
285.857
285.337
284.818
284.298
283.779
283.26
290.561
290.035
289.512
288.989
288.467
287.946
287.424
286.903
286.383
285.862
285.341
284.821
284.301
283.78
283.26
290.573
290.048
289.524
289
288.477
287.955
287.432
286.91
286.389
285.867
285.345
284.824
284.303
283.782
283.261
290.59
290.061
289.535
289.011
288.487
287.963
287.44
286.917
286.394
285.872
285.349
284.827
284.305
283.783
283.261
290.599
290.072
289.546
289.021
288.496
287.971
287.447
286.924
286.4
285.877
285.353
284.83
284.307
283.784
283.261
290.613
290.083
289.556
289.03
288.504
287.979
287.454
286.93
286.405
285.881
285.357
284.833
284.309
283.786
283.262
290.619
290.092
289.566
289.039
288.513
287.987
287.461
286.936
286.411
285.886
285.361
284.836
284.311
283.787
283.262
290.625
290.101
289.575
289.048
288.521
287.995
287.468
286.942
286.416
285.89
285.365
284.839
284.314
283.788
283.263
290.639
290.111
289.584
289.057
288.529
288.002
287.475
286.948
286.421
285.895
285.368
284.842
284.315
283.789
283.263
290.648
290.122
289.594
289.065
288.537
288.009
287.481
286.954
286.426
285.899
285.372
284.844
284.317
283.79
283.263
290.664
290.133
289.603
289.074
288.545
288.016
287.488
286.959
286.431
285.903
285.375
284.847
284.319
283.792
283.264
290.673
290.143
289.612
289.082
288.553
288.023
287.494
286.965
286.436
285.907
285.378
284.85
284.321
283.793
283.264
290.687
290.153
289.621
289.09
288.56
288.03
287.5
286.97
286.44
285.911
285.381
284.852
284.323
283.794
283.265
290.694
290.162
289.63
289.098
288.567
288.036
287.506
286.975
286.445
285.915
285.385
284.855
284.325
283.795
283.265
290.705
290.17
289.638
289.106
288.574
288.043
287.511
286.98
286.449
285.918
285.388
284.857
284.326
283.796
283.265
290.71
290.178
289.645
289.113
288.581
288.049
287.517
286.985
286.453
285.922
285.391
284.859
284.328
283.797
283.266
290.715
290.185
289.653
289.12
288.587
288.055
287.522
286.99
286.458
285.926
285.394
284.862
284.33
283.798
283.266
290.726
290.193
289.66
289.127
288.594
288.061
287.528
286.995
286.462
285.929
285.396
284.864
284.331
283.799
283.266
290.734
290.202
289.668
289.134
288.6
288.067
287.533
286.999
286.466
285.932
285.399
284.866
284.333
283.8
283.267
290.747
290.211
289.676
289.141
288.607
288.072
287.538
287.004
286.47
285.936
285.402
284.868
284.334
283.801
283.267
290.755
290.219
289.683
289.148
288.613
288.078
287.543
287.008
286.474
285.939
285.405
284.87
284.336
283.801
283.267
290.765
290.227
289.691
289.155
288.619
288.084
287.548
287.013
286.477
285.942
285.407
284.872
284.337
283.802
283.267
290.77
290.234
289.698
289.161
288.625
288.089
287.553
287.017
286.481
285.945
285.41
284.874
284.339
283.803
283.268
290.775
290.241
289.704
289.168
288.631
288.094
287.558
287.021
286.485
285.948
285.412
284.876
284.34
283.804
283.268
290.785
290.248
289.712
289.174
288.637
288.1
287.563
287.025
286.488
285.951
285.415
284.878
284.341
283.805
283.268
290.792
290.256
289.719
289.181
288.643
288.105
287.567
287.029
286.492
285.954
285.417
284.88
284.343
283.806
283.268
290.804
290.265
289.727
289.188
288.649
288.11
287.572
287.033
286.495
285.957
285.419
284.881
284.344
283.806
283.269
290.812
290.274
289.734
289.195
288.655
288.116
287.576
287.037
286.498
285.96
285.421
284.883
284.345
283.807
283.269
290.827
290.283
289.742
289.201
288.661
288.121
287.581
287.041
286.501
285.962
285.423
284.885
284.346
283.808
283.269
290.834
290.292
289.749
289.208
288.666
288.125
287.585
287.044
286.504
285.965
285.425
284.886
284.347
283.808
283.269
290.845
290.3
289.756
289.214
288.672
288.13
287.589
287.048
286.507
285.967
285.427
284.887
284.348
283.809
283.27
290.85
290.306
289.763
289.22
288.677
288.134
287.592
287.05
286.509
285.969
285.428
284.888
284.349
283.809
283.27
290.855
290.313
289.769
289.225
288.682
288.138
287.595
287.053
286.511
285.97
285.429
284.889
284.349
283.809
283.27
290.865
290.32
289.776
289.231
288.686
288.142
287.598
287.055
286.513
285.971
285.43
284.89
284.349
283.81
283.27
290.872
290.328
289.782
289.236
288.69
288.145
287.601
287.057
286.514
285.972
285.431
284.89
284.35
283.81
283.27
290.884
290.336
289.789
289.241
288.694
288.148
287.602
287.058
286.515
285.973
285.431
284.89
284.35
283.81
283.27
290.893
290.345
289.795
289.246
288.697
288.15
287.604
287.059
286.515
285.972
285.431
284.89
284.349
283.809
283.27
290.908
290.354
289.801
289.25
288.7
288.151
287.604
287.058
286.514
285.972
285.43
284.889
284.349
283.809
283.27
290.917
290.362
289.807
289.253
288.701
288.151
287.603
287.057
286.513
285.97
285.428
284.888
284.348
283.808
283.269
290.931
290.37
289.811
289.255
288.701
288.15
287.601
287.055
286.51
285.967
285.426
284.886
284.347
283.808
283.269
290.938
290.376
289.814
289.255
288.699
288.146
287.597
287.051
286.506
285.964
285.423
284.884
284.345
283.807
283.269
290.947
290.382
289.815
289.253
288.695
288.141
287.591
287.045
286.501
285.96
285.42
284.881
284.343
283.805
283.268
290.971
290.389
289.814
289.247
288.687
288.133
287.584
287.038
286.495
285.954
285.415
284.877
284.34
283.804
283.268
290.988
290.392
289.807
289.236
288.675
288.122
287.573
287.028
286.487
285.947
285.409
284.873
284.337
283.802
283.267
291.031
290.387
289.791
289.219
288.658
288.106
287.56
287.017
286.477
285.939
285.403
284.868
284.334
283.8
283.267
290.996
290.35
289.759
289.192
288.636
288.088
287.544
287.004
286.466
285.93
285.396
284.863
284.33
283.798
283.266
322.779
322.336
321.893
321.45
321.007
320.564
320.121
319.677
319.233
318.788
318.342
317.893
317.441
316.986
316.535
322.78
322.34
321.9
321.46
321.02
320.58
320.14
319.701
319.261
318.821
318.382
317.942
317.504
317.069
316.646
322.781
322.344
321.907
321.469
321.033
320.596
320.16
319.724
319.289
318.855
318.422
317.99
317.562
317.14
316.728
322.783
322.348
321.913
321.479
321.045
320.612
320.179
319.747
319.316
318.887
318.46
318.035
317.615
317.2
316.795
322.784
322.352
321.92
321.488
321.057
320.627
320.197
319.769
319.342
318.917
318.495
318.076
317.661
317.252
316.851
322.785
322.355
321.926
321.497
321.069
320.641
320.215
319.79
319.366
318.945
318.527
318.112
317.702
317.297
316.898
322.786
322.359
321.932
321.505
321.079
320.654
320.231
319.809
319.388
318.971
318.556
318.145
317.737
317.335
316.939
322.787
322.362
321.937
321.512
321.089
320.666
320.245
319.825
319.408
318.993
318.581
318.173
317.768
317.368
316.973
322.788
322.365
321.941
321.519
321.097
320.677
320.258
319.84
319.425
319.013
318.603
318.197
317.794
317.396
317.003
322.789
322.367
321.946
321.525
321.105
320.686
320.269
319.853
319.44
319.029
318.621
318.217
317.816
317.419
317.027
322.79
322.369
321.949
321.529
321.111
320.694
320.278
319.864
319.452
319.043
318.637
318.234
317.834
317.438
317.047
322.79
322.371
321.952
321.533
321.116
320.7
320.285
319.873
319.462
319.054
318.649
318.247
317.848
317.453
317.063
322.791
322.372
321.954
321.536
321.12
320.704
320.291
319.879
319.469
319.062
318.658
318.257
317.859
317.465
317.074
322.791
322.373
321.955
321.538
321.122
320.708
320.294
319.883
319.474
319.068
318.664
318.263
317.866
317.472
317.082
322.791
322.373
321.956
321.539
321.123
320.709
320.296
319.885
319.477
319.07
318.667
318.266
317.869
317.476
317.086
316.173
315.936
315.512
315.271
314.919
314.745
314.57
314.208
313.954
313.488
313.228
312.845
312.628
312.316
312.163
312.009
311.694
311.476
311.079
310.863
310.555
310.407
310.264
309.976
309.78
309.439
309.21
308.805
308.586
308.278
308.131
307.989
307.706
307.514
307.18
306.956
306.559
306.344
306.042
305.897
305.756
305.474
305.28
304.94
304.709
304.294
304.063
303.726
303.535
303.261
303.125
302.988
302.707
302.509
302.15
301.952
301.667
301.527
301.389
301.111
300.917
300.574
300.34
299.918
299.686
299.353
299.191
299.03
298.702
298.474
298.069
297.791
297.289
297.013
296.615
296.421
296.229
295.835
295.561
295.073
294.74
294.138
293.808
293.335
293.107
292.883
292.424
292.114
291.569
291.27
316.284
315.975
315.644
315.347
315.051
314.793
314.534
314.234
313.932
313.595
313.289
312.98
312.709
312.442
312.211
311.983
311.72
311.458
311.168
310.91
310.654
310.434
310.218
309.972
309.726
309.45
309.18
308.885
308.624
308.368
308.151
307.937
307.694
307.452
307.181
306.916
306.627
306.37
306.118
305.902
305.689
305.446
305.201
304.925
304.652
304.35
304.078
303.804
303.563
303.326
303.12
302.914
302.676
302.437
302.172
301.931
301.691
301.482
301.272
301.03
300.783
300.503
300.224
299.915
299.637
299.358
299.116
298.873
298.59
298.302
297.972
297.644
297.279
296.95
296.62
296.334
296.045
295.709
295.367
294.975
294.585
294.153
293.765
293.379
293.046
292.716
292.336
291.957
291.538
291.15
316.365
316.045
315.729
315.423
315.127
314.842
314.558
314.263
313.962
313.655
313.355
313.061
312.782
312.514
312.258
312.005
311.745
311.481
311.213
310.952
310.699
310.457
310.217
309.969
309.715
309.451
309.185
308.916
308.656
308.404
308.164
307.927
307.682
307.432
307.174
306.912
306.647
306.39
306.141
305.903
305.666
305.42
305.168
304.905
304.637
304.363
304.095
303.834
303.586
303.345
303.115
302.885
302.648
302.405
302.156
301.912
301.671
301.437
301.202
300.955
300.699
300.429
300.152
299.867
299.588
299.312
299.043
298.772
298.486
298.188
297.874
297.55
297.217
296.888
296.564
296.249
295.93
295.594
295.243
294.873
294.493
294.102
293.72
293.345
292.983
292.621
292.245
291.859
291.461
291.061
316.433
316.111
315.796
315.488
315.186
314.89
314.596
314.3
314.003
313.705
313.41
313.121
312.841
312.568
312.301
312.038
311.774
311.51
311.246
310.985
310.729
310.477
310.226
309.973
309.717
309.457
309.196
308.934
308.676
308.423
308.174
307.927
307.678
307.426
307.17
306.913
306.655
306.4
306.149
305.902
305.655
305.405
305.151
304.892
304.63
304.366
304.104
303.847
303.596
303.35
303.109
302.869
302.626
302.381
302.134
301.887
301.641
301.396
301.148
300.895
300.634
300.366
300.092
299.813
299.533
299.254
298.974
298.691
298.4
298.099
297.789
297.47
297.146
296.821
296.495
296.169
295.839
295.499
295.148
294.786
294.416
294.04
293.665
293.291
292.92
292.547
292.168
291.781
291.386
290.985
316.49
316.169
315.852
315.542
315.237
314.936
314.638
314.341
314.044
313.749
313.458
313.17
312.889
312.612
312.34
312.072
311.805
311.539
311.274
311.012
310.753
310.496
310.24
309.983
309.725
309.466
309.206
308.947
308.69
308.435
308.182
307.931
307.678
307.425
307.17
306.914
306.658
306.404
306.151
305.9
305.649
305.396
305.141
304.884
304.625
304.365
304.107
303.851
303.599
303.349
303.102
302.856
302.609
302.36
302.111
301.86
301.61
301.358
301.103
300.844
300.581
300.311
300.037
299.76
299.479
299.196
298.911
298.622
298.326
298.024
297.715
297.399
297.078
296.754
296.427
296.097
295.761
295.419
295.069
294.711
294.347
293.978
293.607
293.234
292.86
292.483
292.101
291.713
291.32
290.92
316.539
316.218
315.901
315.589
315.282
314.979
314.678
314.38
314.083
313.789
313.499
313.212
312.929
312.65
312.375
312.103
311.833
311.565
311.299
311.035
310.773
310.513
310.254
309.994
309.735
309.476
309.216
308.958
308.7
308.444
308.189
307.935
307.681
307.426
307.171
306.915
306.66
306.405
306.151
305.898
305.645
305.39
305.135
304.879
304.621
304.364
304.107
303.851
303.597
303.345
303.094
302.844
302.593
302.341
302.089
301.835
301.58
301.323
301.064
300.801
300.535
300.264
299.989
299.71
299.428
299.143
298.854
298.561
298.263
297.96
297.65
297.335
297.015
296.691
296.363
296.031
295.694
295.351
295.001
294.646
294.285
293.919
293.55
293.178
292.803
292.425
292.042
291.655
291.262
290.864
316.581
316.26
315.943
315.63
315.322
315.017
314.715
314.416
314.119
313.825
313.535
313.247
312.963
312.683
312.406
312.131
311.859
311.59
311.322
311.056
310.792
310.529
310.267
310.006
309.746
309.486
309.226
308.967
308.709
308.451
308.195
307.939
307.684
307.428
307.172
306.917
306.661
306.406
306.151
305.896
305.642
305.387
305.131
304.874
304.618
304.361
304.104
303.848
303.593
303.339
303.086
302.832
302.578
302.324
302.068
301.812
301.553
301.293
301.03
300.764
300.495
300.222
299.945
299.665
299.382
299.094
298.803
298.508
298.208
297.903
297.593
297.278
296.959
296.634
296.306
295.973
295.634
295.291
294.942
294.588
294.229
293.866
293.498
293.127
292.752
292.374
291.991
291.604
291.212
290.815
316.616
316.296
315.979
315.666
315.356
315.05
314.748
314.448
314.151
313.857
313.566
313.278
312.993
312.711
312.433
312.156
311.883
311.611
311.342
311.074
310.808
310.543
310.28
310.017
309.756
309.495
309.234
308.975
308.716
308.458
308.2
307.943
307.687
307.43
307.174
306.918
306.662
306.406
306.151
305.895
305.64
305.384
305.128
304.871
304.614
304.357
304.101
303.844
303.588
303.333
303.077
302.821
302.565
302.308
302.05
301.79
301.529
301.266
301
300.732
300.46
300.186
299.907
299.626
299.34
299.051
298.759
298.462
298.16
297.854
297.544
297.228
296.908
296.584
296.255
295.921
295.583
295.239
294.891
294.538
294.18
293.818
293.451
293.081
292.707
292.328
291.946
291.559
291.168
290.773
316.646
316.326
316.009
315.696
315.386
315.08
314.776
314.476
314.179
313.884
313.593
313.304
313.018
312.736
312.456
312.178
311.903
311.63
311.359
311.09
310.822
310.556
310.291
310.028
309.765
309.503
309.242
308.982
308.722
308.463
308.205
307.947
307.69
307.433
307.176
306.919
306.663
306.406
306.15
305.894
305.638
305.381
305.125
304.868
304.611
304.354
304.097
303.84
303.583
303.326
303.069
302.811
302.553
302.294
302.034
301.772
301.508
301.243
300.975
300.704
300.431
300.154
299.874
299.591
299.304
299.014
298.72
298.421
298.119
297.812
297.501
297.185
296.865
296.54
296.211
295.877
295.538
295.195
294.847
294.494
294.137
293.776
293.41
293.041
292.667
292.289
291.907
291.521
291.131
290.737
316.671
316.352
316.035
315.722
315.412
315.105
314.801
314.5
314.202
313.907
313.615
313.326
313.04
312.756
312.475
312.196
311.92
311.646
311.374
311.103
310.835
310.567
310.302
310.037
309.773
309.51
309.249
308.988
308.727
308.468
308.209
307.95
307.692
307.435
307.177
306.92
306.663
306.406
306.15
305.893
305.636
305.38
305.123
304.866
304.608
304.351
304.093
303.836
303.578
303.32
303.061
302.802
302.542
302.281
302.019
301.756
301.49
301.223
300.953
300.681
300.406
300.128
299.846
299.562
299.274
298.982
298.687
298.387
298.084
297.776
297.465
297.148
296.828
296.503
296.173
295.839
295.5
295.157
294.81
294.457
294.101
293.74
293.375
293.006
292.633
292.256
291.874
291.489
291.1
290.707
316.692
316.372
316.056
315.743
315.432
315.125
314.821
314.52
314.222
313.927
313.634
313.344
313.057
312.773
312.491
312.212
311.934
311.659
311.386
311.115
310.845
310.577
310.31
310.045
309.78
309.517
309.254
308.993
308.732
308.472
308.212
307.953
307.695
307.436
307.179
306.921
306.664
306.407
306.149
305.892
305.635
305.378
305.121
304.864
304.606
304.348
304.09
303.832
303.573
303.314
303.055
302.794
302.533
302.271
302.007
301.742
301.475
301.206
300.935
300.661
300.385
300.106
299.823
299.538
299.249
298.956
298.66
298.359
298.055
297.747
297.435
297.118
296.797
296.472
296.142
295.808
295.469
295.126
294.779
294.427
294.071
293.71
293.346
292.977
292.604
292.228
291.847
291.463
291.074
290.682
316.708
316.389
316.072
315.759
315.449
315.142
314.837
314.536
314.237
313.942
313.649
313.359
313.071
312.786
312.504
312.224
311.946
311.67
311.396
311.124
310.853
310.585
310.317
310.051
309.786
309.522
309.259
308.997
308.735
308.475
308.215
307.955
307.696
307.438
307.18
306.922
306.664
306.407
306.149
305.892
305.634
305.377
305.119
304.862
304.604
304.346
304.087
303.829
303.569
303.31
303.049
302.788
302.526
302.262
301.998
301.731
301.463
301.193
300.921
300.646
300.369
300.088
299.805
299.518
299.228
298.935
298.638
298.337
298.032
297.724
297.411
297.094
296.772
296.447
296.117
295.783
295.444
295.101
294.754
294.402
294.047
293.687
293.322
292.954
292.582
292.206
291.825
291.442
291.054
290.663
316.72
316.401
316.085
315.771
315.461
315.154
314.849
314.548
314.249
313.953
313.66
313.37
313.082
312.796
312.513
312.233
311.954
311.678
311.403
311.131
310.86
310.59
310.322
310.056
309.79
309.526
309.262
309
308.738
308.477
308.217
307.957
307.698
307.439
307.181
306.922
306.665
306.407
306.149
305.891
305.634
305.376
305.118
304.86
304.602
304.344
304.085
303.826
303.566
303.306
303.045
302.783
302.52
302.256
301.99
301.723
301.454
301.183
300.91
300.635
300.356
300.075
299.791
299.504
299.213
298.919
298.622
298.32
298.015
297.706
297.393
297.076
296.754
296.428
296.099
295.764
295.426
295.083
294.736
294.384
294.029
293.669
293.305
292.937
292.565
292.189
291.809
291.426
291.039
290.648
316.728
316.409
316.093
315.78
315.469
315.162
314.857
314.556
314.257
313.961
313.667
313.377
313.089
312.803
312.52
312.239
311.96
311.683
311.408
311.135
310.864
310.594
310.326
310.059
309.793
309.528
309.265
309.002
308.74
308.479
308.218
307.958
307.699
307.44
307.181
306.923
306.665
306.407
306.149
305.891
305.633
305.376
305.118
304.86
304.601
304.343
304.084
303.824
303.564
303.303
303.042
302.78
302.516
302.252
301.986
301.718
301.448
301.177
300.903
300.627
300.348
300.067
299.782
299.494
299.203
298.909
298.611
298.309
298.004
297.695
297.381
297.064
296.742
296.416
296.086
295.752
295.413
295.071
294.723
294.372
294.017
293.657
293.293
292.925
292.554
292.178
291.799
291.415
291.029
290.638
316.732
316.413
316.097
315.784
315.473
315.166
314.861
314.56
314.261
313.965
313.671
313.38
313.092
312.806
312.523
312.242
311.963
311.686
311.411
311.138
310.866
310.596
310.328
310.06
309.795
309.53
309.266
309.003
308.741
308.48
308.219
307.959
307.699
307.44
307.182
306.923
306.665
306.407
306.149
305.891
305.633
305.375
305.117
304.859
304.601
304.342
304.083
303.823
303.563
303.302
303.041
302.778
302.514
302.25
301.983
301.715
301.445
301.174
300.9
300.623
300.344
300.062
299.777
299.49
299.198
298.904
298.606
298.304
297.998
297.689
297.375
297.058
296.736
296.41
296.08
295.746
295.407
295.064
294.717
294.366
294.011
293.651
293.287
292.92
292.548
292.173
291.793
291.41
291.024
290.634
290.822
290.266
289.707
289.153
288.606
288.063
287.524
286.987
286.453
285.92
285.387
284.856
284.325
283.795
283.265
290.7
290.177
289.643
289.105
288.568
288.033
287.5
286.968
286.437
285.906
285.377
284.848
284.32
283.792
283.264
290.61
290.101
289.581
289.057
288.529
288.002
287.474
286.946
286.419
285.893
285.366
284.84
284.314
283.789
283.263
290.536
290.035
289.526
289.01
288.491
287.97
287.448
286.925
286.402
285.879
285.355
284.832
284.308
283.785
283.262
290.474
289.978
289.476
288.967
288.455
287.939
287.422
286.904
286.384
285.865
285.344
284.824
284.303
283.782
283.261
290.42
289.929
289.431
288.928
288.421
287.911
287.398
286.884
286.368
285.851
285.333
284.815
284.297
283.778
283.259
290.374
289.886
289.392
288.893
288.391
287.884
287.375
286.865
286.352
285.838
285.323
284.808
284.292
283.775
283.258
290.334
289.849
289.358
288.863
288.363
287.861
287.355
286.847
286.337
285.826
285.314
284.801
284.287
283.772
283.257
290.3
289.817
289.329
288.836
288.34
287.84
287.337
286.832
286.324
285.816
285.305
284.794
284.282
283.769
283.257
290.271
289.79
289.304
288.814
288.319
287.822
287.321
286.818
286.313
285.806
285.298
284.788
284.278
283.767
283.256
290.247
289.768
289.283
288.795
288.303
287.807
287.308
286.807
286.304
285.798
285.291
284.783
284.275
283.765
283.255
290.228
289.75
289.267
288.78
288.289
287.795
287.298
286.798
286.296
285.792
285.286
284.779
284.272
283.763
283.254
290.215
289.737
289.255
288.769
288.279
287.786
287.29
286.791
286.29
285.787
285.282
284.776
284.27
283.762
283.254
290.205
289.728
289.247
288.761
288.272
287.78
287.284
286.786
286.286
285.784
285.28
284.774
284.268
283.761
283.254
290.201
289.724
289.243
288.758
288.269
287.777
287.282
286.784
286.284
285.782
285.278
284.773
284.267
283.761
283.254
)
;

boundaryField
{
    hot
    {
        type            fixedValue;
        value           uniform 323;
    }
    cold
    {
        type            fixedValue;
        value           uniform 283;
    }
    interface_left
    {
        type            fixedValue;
        value           nonuniform List<scalar> 
90
(
315.132
315.132
315.193
315.193
315.186
315.186
315.186
315.166
315.166
315.141
315.141
315.125
315.125
315.117
315.117
315.117
315.111
315.111
315.108
315.108
315.108
315.108
315.108
315.11
315.11
315.115
315.115
315.123
315.123
315.131
315.131
315.131
315.14
315.14
315.153
315.153
315.171
315.171
315.186
315.186
315.186
315.202
315.202
315.223
315.223
315.254
315.254
315.279
315.279
315.279
315.304
315.304
315.338
315.338
315.386
315.386
315.423
315.423
315.423
315.463
315.463
315.512
315.512
315.581
315.581
315.635
315.635
315.635
315.688
315.688
315.753
315.753
315.839
315.839
315.902
315.902
315.902
315.959
315.959
316.021
316.021
316.09
316.09
316.127
316.127
316.127
316.129
316.129
316.051
316.051
)
;
    }
    interface_right
    {
        type            fixedValue;
        value           nonuniform List<scalar> 
90
(
290.115
290.115
290.021
290.021
290.021
290.01
290.01
290.033
290.033
290.085
290.085
290.136
290.136
290.184
290.184
290.184
290.238
290.238
290.313
290.313
290.371
290.371
290.419
290.419
290.419
290.468
290.468
290.532
290.532
290.579
290.579
290.616
290.616
290.616
290.652
290.652
290.697
290.697
290.729
290.729
290.729
290.757
290.757
290.79
290.79
290.83
290.83
290.859
290.859
290.882
290.882
290.882
290.905
290.905
290.935
290.935
290.957
290.957
290.976
290.976
290.976
290.995
290.995
291.02
291.02
291.038
291.038
291.038
291.056
291.056
291.076
291.076
291.103
291.103
291.122
291.122
291.122
291.14
291.14
291.161
291.161
291.19
291.19
291.218
291.218
291.218
291.266
291.266
291.409
291.409
)
;
    }
    interface_top
    {
        type            fixedValue;
        value           nonuniform List<scalar> 
90
(
316.051
316.051
315.315
315.315
314.724
314.724
314.724
314.119
314.119
313.289
313.289
312.659
312.659
312.141
312.141
312.141
311.614
311.614
310.907
310.907
310.393
310.393
310.393
309.913
309.913
309.354
309.354
308.632
308.632
308.119
308.119
308.119
307.648
307.648
307.102
307.102
306.396
306.396
305.893
305.893
305.893
305.425
305.425
304.872
304.872
304.134
304.134
303.583
303.583
303.13
303.13
303.13
302.663
302.663
302.025
302.025
301.55
301.55
301.55
301.091
301.091
300.533
300.533
299.783
299.783
299.228
299.228
299.228
298.688
298.688
298.026
298.026
297.132
297.132
296.465
296.465
296.465
295.812
295.812
295.011
295.011
293.934
293.934
293.135
293.135
293.135
292.36
292.36
291.409
291.409
)
;
    }
    interface_bottom
    {
        type            fixedValue;
        value           nonuniform List<scalar> 
90
(
315.132
315.132
314.325
314.325
314.325
313.568
313.568
312.673
312.673
311.515
311.515
310.678
310.678
310.008
310.008
310.008
309.334
309.334
308.441
308.441
307.787
307.787
307.261
307.261
307.261
306.732
306.732
306.039
306.039
305.545
305.545
305.545
305.083
305.083
304.543
304.543
303.85
303.85
303.361
303.361
303.361
302.898
302.898
302.345
302.345
301.615
301.615
301.074
301.074
300.625
300.625
300.625
300.154
300.154
299.513
299.513
299.039
299.039
299.039
298.575
298.575
298.013
298.013
297.276
297.276
296.741
296.741
296.741
296.226
296.226
295.607
295.607
294.8
294.8
294.218
294.218
294.218
293.661
293.661
292.993
292.993
292.12
292.12
291.488
291.488
291.488
290.875
290.875
290.115
290.115
)
;
    }
    defaultFaces
    {
        type            empty;
    }
}


// ************************************************************************* //
