/*--------------------------------*- C++ -*----------------------------------*\
| =========                 |                                                 |
| \\      /  F ield         | OpenFOAM: The Open Source CFD Toolbox           |
|  \\    /   O peration     | Version:  5.x                                   |
|   \\  /    A nd           | Web:      www.OpenFOAM.org                      |
|    \\/     M anipulation  |                                                 |
\*---------------------------------------------------------------------------*/
FoamFile
{
    version     2.0;
    format      ascii;
    class       volScalarField;
    location    "0.9";
    object      gradTx;
}
// * * * * * * * * * * * * * * * * * * * * * * * * * * * * * * * * * * * * * //

dimensions      [0 -1 0 1 0 0 0];

internalField   nonuniform List<scalar> 
6300
(
-58.1252
-58.0619
-57.935
-57.7442
-57.4886
-57.1678
-56.781
-56.3278
-55.8082
-55.2227
-54.5724
-53.8593
-53.0862
-52.2564
-51.3739
-58.1873
-58.1242
-57.9978
-57.8075
-57.5527
-57.2325
-56.8462
-56.3931
-55.873
-55.2864
-54.6342
-53.9184
-53.1419
-52.3082
-51.4218
-58.311
-58.2485
-58.1231
-57.9342
-57.6809
-57.3621
-56.9768
-56.5241
-56.0033
-55.4145
-54.7585
-54.0372
-53.2536
-52.412
-51.5171
-58.4961
-58.4344
-58.3106
-58.124
-57.8732
-57.557
-57.1737
-56.722
-56.2005
-55.6087
-54.947
-54.2172
-53.4226
-52.568
-51.6596
-58.7414
-58.681
-58.5597
-58.3765
-58.1298
-57.8177
-57.4379
-56.9883
-56.4667
-55.8716
-55.2026
-54.4611
-53.6505
-52.7768
-51.8483
-59.0458
-58.9873
-58.8695
-58.6912
-58.4504
-58.1446
-57.7708
-57.3255
-56.8053
-56.2073
-55.5297
-54.7729
-53.9405
-53.0397
-52.0817
-59.4074
-59.3513
-59.2384
-59.067
-58.8347
-58.5384
-58.1738
-57.7363
-57.2205
-56.6214
-55.9349
-55.1594
-54.2978
-53.3588
-52.358
-59.8237
-59.7709
-59.6644
-59.5023
-59.2818
-58.999
-58.6486
-58.224
-57.7179
-57.1217
-56.4279
-55.6311
-54.7315
-53.7389
-52.6747
-60.2914
-60.2427
-60.1445
-59.9946
-59.79
-59.5259
-59.196
-58.7922
-58.3039
-57.7186
-57.0228
-56.2043
-55.2573
-54.1896
-53.03
-60.8062
-60.7627
-60.6748
-60.5404
-60.3561
-60.1171
-59.8162
-59.4436
-58.9857
-58.4249
-57.7392
-56.9049
-55.9027
-54.7311
-53.425
-61.3631
-61.3257
-61.2501
-61.1344
-60.9756
-60.7688
-60.5068
-60.1789
-59.7692
-59.2547
-58.603
-57.7721
-56.7163
-55.4058
-53.8705
-61.9558
-61.9254
-61.864
-61.7702
-61.6416
-61.4742
-61.2619
-60.9946
-60.6561
-60.2202
-59.6445
-58.863
-57.7831
-56.3043
-54.4031
-62.5773
-62.5546
-62.5088
-62.4393
-62.3448
-62.2231
-62.0705
-61.88
-61.6391
-61.3242
-60.8902
-60.2508
-59.2472
-57.6239
-55.1294
-63.2199
-63.2052
-63.1757
-63.1318
-63.0736
-63.0016
-62.9155
-62.8143
-62.6944
-62.5455
-62.3396
-62.0013
-61.3298
-59.8135
-56.3918
-63.8757
-63.8688
-63.8554
-63.8368
-63.8149
-63.7925
-63.774
-63.7657
-63.7771
-63.8222
-63.9196
-64.0835
-64.2561
-63.9074
-59.7162
-50.5238
-49.7165
-48.8797
-48.0152
-47.1242
-46.2077
-45.2665
-44.3016
-43.3142
-42.3058
-41.2787
-40.2355
-39.1798
-38.1151
-37.0457
-35.9757
-34.9095
-33.8514
-32.8055
-31.7759
-30.7665
-29.781
-28.8227
-27.895
-27.0005
-26.1419
-25.3211
-24.5401
-23.8003
-23.1026
-22.448
-21.8369
-21.2698
-20.7466
-20.2674
-19.832
-19.4402
-19.0918
-18.7865
-18.5241
-18.3044
-18.1272
-17.9922
-17.8993
-17.8487
-17.8402
-17.8742
-17.951
-18.0709
-18.2344
-18.442
-18.694
-18.9909
-19.3328
-19.7198
-20.1518
-20.6285
-21.1496
-21.7143
-22.3218
-22.9713
-23.6614
-24.391
-25.1587
-25.9629
-26.8021
-27.6744
-28.578
-29.5106
-30.4701
-31.454
-32.4599
-33.4853
-34.5274
-35.5836
-36.651
-37.7267
-38.8078
-39.8911
-40.9735
-42.0521
-43.1239
-44.1858
-45.235
-46.2685
-47.283
-48.2753
-49.2417
-50.1787
-51.0824
-50.5683
-49.7581
-48.9191
-48.0528
-47.1604
-46.2427
-45.3003
-44.3338
-43.3441
-42.3326
-41.3016
-40.2538
-39.1926
-38.1222
-37.0466
-35.9705
-34.8982
-33.8342
-32.7825
-31.7474
-30.7327
-29.7422
-28.7795
-27.8477
-26.9497
-26.088
-25.2648
-24.4817
-23.7403
-23.0415
-22.3862
-21.7747
-21.2074
-20.6843
-20.2053
-19.7702
-19.3787
-19.0307
-18.7258
-18.4638
-18.2444
-18.0674
-17.9325
-17.8397
-17.7889
-17.7802
-17.8137
-17.8899
-18.0092
-18.172
-18.379
-18.6306
-18.9271
-19.2689
-19.656
-20.0884
-20.5657
-21.0877
-21.6536
-22.2625
-22.9136
-23.6055
-24.3371
-25.1069
-25.9134
-26.7552
-27.6302
-28.5367
-29.4726
-30.4354
-31.4229
-32.4325
-33.4616
-34.5076
-35.5677
-36.6393
-37.7193
-38.8046
-39.8923
-40.979
-42.0618
-43.1378
-44.2039
-45.2574
-46.2953
-47.3145
-48.3118
-49.2835
-50.2258
-51.1348
-50.6564
-49.8406
-48.9971
-48.1274
-47.2326
-46.3129
-45.3684
-44.399
-43.405
-42.3876
-41.3486
-40.2912
-39.219
-38.1366
-37.0487
-35.9601
-34.8755
-33.7994
-32.7361
-31.6899
-30.6646
-29.6642
-28.6924
-27.7524
-26.8473
-25.9795
-25.1513
-24.3643
-23.6198
-22.9188
-22.2621
-21.6499
-21.0824
-20.5595
-20.081
-19.6465
-19.2558
-18.9086
-18.6044
-18.3431
-18.1244
-17.948
-17.8135
-17.7208
-17.6698
-17.6604
-17.693
-17.768
-17.8858
-18.0473
-18.253
-18.5035
-18.7994
-19.1409
-19.5282
-19.9612
-20.4399
-20.9636
-21.5319
-22.1436
-22.7979
-23.4935
-24.229
-25.003
-25.8142
-26.661
-27.5416
-28.4541
-29.3963
-30.366
-31.3605
-32.3774
-33.414
-34.4677
-35.5358
-36.6156
-37.7042
-38.7983
-39.8947
-40.9901
-42.0813
-43.1655
-44.2398
-45.3017
-46.3484
-47.3771
-48.3845
-49.3668
-50.3201
-51.2399
-50.7872
-49.9624
-49.112
-48.2376
-47.3399
-46.4184
-45.472
-44.4993
-43.4996
-42.4733
-41.4222
-40.3497
-39.2602
-38.1591
-37.052
-35.9442
-34.8408
-33.7466
-32.6658
-31.6026
-30.5612
-29.5457
-28.56
-27.6076
-26.6918
-25.815
-24.9794
-24.1865
-23.4375
-22.7334
-22.0747
-21.4616
-20.8941
-20.3718
-19.8943
-19.461
-19.0715
-18.7254
-18.4224
-18.1623
-17.9447
-17.7692
-17.6355
-17.5431
-17.4917
-17.4814
-17.5124
-17.5853
-17.7009
-17.86
-18.0635
-18.3123
-18.607
-18.9479
-19.3354
-19.7695
-20.2501
-20.7766
-21.3484
-21.9646
-22.6238
-23.3249
-24.0663
-24.8466
-25.6646
-26.5189
-27.4077
-28.3292
-29.2813
-30.2613
-31.2666
-32.2944
-33.3421
-34.4073
-35.4874
-36.5797
-37.6813
-38.7888
-39.8986
-41.0071
-42.1109
-43.2072
-44.2934
-45.3674
-46.4271
-47.4699
-48.4927
-49.4915
-50.4618
-51.3985
-50.9584
-50.1206
-49.2606
-48.3808
-47.481
-46.5595
-45.613
-44.6381
-43.6322
-42.5945
-41.5266
-40.4326
-39.3183
-38.1905
-37.0563
-35.9222
-34.7934
-33.6748
-32.5705
-31.4845
-30.4212
-29.385
-28.3803
-27.411
-26.4807
-25.592
-24.7467
-23.9462
-23.1916
-22.4836
-21.8226
-21.2087
-20.6416
-20.1206
-19.6448
-19.2134
-18.8257
-18.4812
-18.1799
-17.9213
-17.7054
-17.5315
-17.399
-17.3073
-17.2557
-17.244
-17.2727
-17.3424
-17.4543
-17.6097
-17.81
-18.0562
-18.349
-18.6891
-19.0767
-19.5121
-19.995
-20.5253
-21.1021
-21.7244
-22.3906
-23.0991
-23.8483
-24.6369
-25.4638
-26.3277
-27.2275
-28.1612
-29.1267
-30.1209
-31.1407
-32.1832
-33.2457
-34.3259
-35.4216
-36.5307
-37.65
-38.776
-39.9043
-41.0307
-42.1513
-43.2631
-44.3641
-45.4533
-46.5295
-47.5909
-48.6346
-49.6565
-50.6509
-51.6119
-51.1663
-50.3099
-49.4374
-48.5521
-47.6531
-46.7362
-45.7947
-44.8214
-43.8104
-42.759
-41.6686
-40.5447
-39.3957
-38.2313
-37.061
-35.8925
-34.7318
-33.5829
-32.4492
-31.3343
-30.2427
-29.1795
-28.15
-27.1591
-26.2106
-25.3072
-24.4502
-23.6407
-22.8794
-22.1669
-21.5036
-20.8895
-20.3238
-19.8054
-19.3325
-18.9039
-18.5186
-18.1761
-17.8766
-17.6201
-17.4066
-17.2352
-17.1051
-17.0147
-16.9631
-16.9497
-16.9749
-17.0398
-17.1461
-17.2961
-17.4915
-17.7338
-18.0241
-18.3628
-18.7504
-19.187
-19.6729
-20.208
-20.7915
-21.4219
-22.0973
-22.8155
-23.5746
-24.373
-25.2103
-26.0858
-26.999
-27.9484
-28.9313
-29.9441
-30.9828
-32.0437
-33.1242
-34.2224
-35.3371
-36.467
-37.6093
-38.7598
-39.9129
-41.0627
-42.2041
-43.3341
-44.4517
-45.5576
-46.6527
-47.7368
-48.8076
-49.8601
-50.8876
-51.8819
-51.405
-50.5214
-49.6323
-48.7425
-47.8504
-46.9479
-46.022
-45.0587
-44.0466
-42.9795
-41.8589
-40.6931
-39.4954
-38.2808
-37.0631
-35.8522
-34.6535
-33.4694
-32.3012
-31.1511
-30.0239
-28.9261
-27.8648
-26.8468
-25.8765
-24.9561
-24.0862
-23.2667
-22.4978
-21.7802
-21.1147
-20.5014
-19.939
-19.4253
-18.9575
-18.5332
-18.1508
-17.8103
-17.5124
-17.2582
-17.0479
-16.8808
-16.7548
-16.6675
-16.6167
-16.6011
-16.621
-16.6785
-16.7764
-16.918
-17.1064
-17.3436
-17.6305
-17.9673
-18.3544
-18.7921
-19.2811
-19.822
-20.4142
-21.0557
-21.7435
-22.4742
-23.2449
-24.0543
-24.9024
-25.7905
-26.7192
-27.688
-28.6935
-29.7306
-30.7934
-31.8767
-32.9776
-34.0954
-35.2312
-36.3857
-37.5571
-38.74
-39.9263
-41.1065
-42.2733
-43.4228
-44.5559
-45.677
-46.7912
-47.9015
-49.0061
-50.0992
-51.1712
-52.2109
-51.6647
-50.7401
-49.8275
-48.9357
-48.0624
-47.1927
-46.3028
-45.3664
-44.3617
-43.2771
-42.1143
-40.8875
-39.6194
-38.335
-37.0557
-35.7944
-34.5547
-33.3336
-32.1274
-30.9356
-29.7634
-28.6205
-27.5182
-26.4665
-25.4711
-24.5332
-23.6505
-22.8207
-22.0432
-21.3194
-20.6516
-20.0408
-19.4851
-18.9802
-18.521
-18.1029
-17.7238
-17.3841
-17.0865
-16.834
-16.6283
-16.4682
-16.35
-16.2689
-16.2205
-16.2022
-16.2144
-16.2601
-16.3446
-16.4737
-16.6522
-16.8828
-17.1659
-17.5007
-17.8865
-18.3242
-18.8157
-19.3632
-19.9668
-20.6238
-21.3289
-22.076
-22.8605
-23.6805
-24.538
-25.4373
-26.3827
-27.3753
-28.4109
-29.4808
-30.575
-31.685
-32.807
-33.9429
-35.0987
-36.2803
-37.4883
-38.7156
-39.9482
-41.1698
-42.3671
-43.5348
-44.6771
-45.8059
-46.9351
-48.0735
-49.2208
-50.3679
-51.5004
-52.6022
-51.9306
-50.9409
-49.9919
-49.1017
-48.2686
-47.4661
-46.6501
-45.772
-44.7917
-43.6873
-42.4618
-41.1415
-39.767
-38.3822
-37.0226
-35.706
-34.4293
-33.177
-31.9333
-30.6925
-29.4615
-28.2571
-27.0995
-26.0057
-24.9839
-24.0314
-23.1395
-22.3004
-21.512
-20.7788
-20.1075
-19.5018
-18.9589
-18.4705
-18.0262
-17.6177
-17.241
-16.8983
-16.5966
-16.3437
-16.1442
-15.9963
-15.8929
-15.8244
-15.7821
-15.7607
-15.7604
-15.787
-15.8499
-15.9594
-16.124
-16.3475
-16.6281
-16.9616
-17.3451
-17.7797
-18.2708
-18.8247
-19.4437
-20.1236
-20.8546
-21.6252
-22.426
-23.2539
-24.1142
-25.0185
-25.9792
-27.0016
-28.0795
-29.1969
-30.3346
-31.4767
-32.6169
-33.7621
-34.9295
-36.1371
-37.3922
-38.6837
-39.986
-41.2678
-42.5036
-43.6833
-44.8174
-45.9338
-47.0651
-48.2323
-49.4352
-50.6567
-51.873
-53.0605
-52.1803
-51.0822
-50.0707
-49.1846
-48.4301
-47.7582
-47.0861
-46.3246
-45.4
-44.2717
-42.946
-41.4736
-39.9296
-38.3933
-36.9279
-35.5605
-34.2694
-33.0084
-31.7358
-30.4358
-29.1221
-27.8271
-26.5897
-25.4421
-24.3977
-23.4433
-22.5535
-21.7079
-20.9025
-20.1501
-19.4699
-18.8736
-18.3555
-17.8982
-17.4812
-17.0877
-16.7104
-16.3548
-16.0375
-15.7777
-15.587
-15.4615
-15.3866
-15.3434
-15.3148
-15.2899
-15.269
-15.2629
-15.2891
-15.3671
-15.5124
-15.731
-16.0153
-16.3518
-16.7311
-17.155
-17.6368
-18.1934
-18.834
-19.5509
-20.3247
-21.1319
-21.9533
-22.7816
-23.6279
-24.5197
-25.4878
-26.5491
-27.6918
-28.8846
-30.0886
-31.2717
-32.4202
-33.55
-34.7028
-35.9258
-37.2438
-38.6367
-40.0534
-41.432
-42.7209
-43.8971
-44.9827
-46.04
-47.1429
-48.3392
-49.622
-50.9522
-52.2863
-53.5922
-52.3812
-51.0975
-49.9685
-49.0776
-48.4722
-48.0502
-47.6505
-47.1115
-46.3015
-45.1402
-43.6414
-41.9091
-40.0811
-38.3024
-36.6925
-35.3055
-34.0667
-32.8571
-31.5784
-30.1994
-28.7564
-27.3148
-25.9513
-24.7309
-23.6827
-22.7631
-21.905
-21.0585
-20.2174
-19.4186
-18.7126
-18.1337
-17.6655
-17.269
-16.9033
-16.5357
-16.1497
-15.7571
-15.3967
-15.1135
-14.9369
-14.855
-14.8358
-14.8428
-14.8432
-14.8147
-14.7573
-14.6933
-14.6551
-14.6789
-14.7963
-15.0211
-15.3284
-15.6817
-16.054
-16.448
-16.8962
-17.4424
-18.1154
-18.8973
-19.7477
-20.6193
-21.472
-22.2845
-23.0771
-23.9118
-24.8633
-25.98
-27.2332
-28.5569
-29.8736
-31.1171
-32.251
-33.3052
-34.3756
-35.5784
-36.9876
-38.5555
-40.1757
-41.7255
-43.1003
-44.2412
-45.1885
-46.08
-47.0857
-48.3209
-49.74
-51.2411
-52.7393
-54.2035
-52.4812
-50.8893
-49.5226
-48.5589
-48.25
-48.3102
-48.4154
-48.2886
-47.7086
-46.4949
-44.6728
-42.4827
-40.1619
-37.9687
-36.1367
-34.8373
-33.8227
-32.8057
-31.566
-30.0561
-28.3891
-26.691
-25.1077
-23.7724
-22.7836
-21.995
-21.2406
-20.4023
-19.4724
-18.5546
-17.7731
-17.2353
-16.8732
-16.5967
-16.3293
-16.0112
-15.5995
-15.1141
-14.646
-14.2967
-14.1517
-14.1592
-14.2484
-14.3527
-14.4145
-14.3824
-14.2563
-14.0877
-13.933
-13.8568
-13.9269
-14.1932
-14.5765
-14.9854
-15.3468
-15.6639
-16.0157
-16.5099
-17.241
-18.1463
-19.1413
-20.1349
-21.0497
-21.8169
-22.467
-23.1365
-24.0019
-25.2151
-26.6738
-28.24
-29.7648
-31.1212
-32.1971
-33.0378
-33.858
-34.934
-36.5034
-38.3992
-40.3994
-42.2708
-43.8162
-44.8642
-45.4741
-45.9552
-46.6976
-48.037
-49.739
-51.5332
-53.2402
-54.8839
-52.3583
-50.3557
-48.4957
-47.0965
-47.4951
-48.5044
-49.5137
-50.1179
-50.0281
-48.7255
-46.2342
-43.2447
-40.0591
-37.1152
-34.8143
-33.9597
-33.5828
-33.0755
-31.9436
-30.1399
-28.0676
-25.9026
-23.908
-22.316
-21.5973
-21.1784
-20.6983
-19.879
-18.711
-17.4953
-16.4837
-16.0853
-15.9588
-15.9124
-15.8293
-15.6227
-15.1567
-14.4476
-13.7252
-13.187
-13.148
-13.347
-13.6408
-13.9248
-14.1223
-14.0868
-13.8177
-13.4636
-13.0989
-12.8253
-12.776
-13.1984
-13.7888
-14.3585
-14.7046
-14.8311
-14.9314
-15.2373
-16.1169
-17.2676
-18.5379
-19.7655
-20.841
-21.5193
-21.8299
-22.0804
-22.6408
-24.0978
-25.9609
-27.9835
-29.8994
-31.5301
-32.4827
-32.8006
-32.9726
-33.5798
-35.5493
-38.093
-40.8086
-43.2858
-45.2484
-46.1176
-45.945
-45.4535
-45.4494
-47.2302
-49.6046
-51.9499
-53.8313
-55.5106
-51.48
-49.6158
-46.8041
-43.0449
-45.8603
-48.6986
-51.195
-52.9463
-54.094
-52.6678
-48.5129
-44.2893
-39.6086
-35.3359
-31.4098
-32.3946
-33.5313
-34.2457
-33.2893
-30.6112
-27.8804
-24.8696
-22.1297
-19.6026
-19.9803
-20.4511
-20.6453
-19.8592
-18.0192
-16.1432
-14.3124
-14.5447
-14.9301
-15.282
-15.5084
-15.6089
-15.0653
-13.8011
-12.5406
-11.3593
-11.8029
-12.3994
-13.0484
-13.6229
-14.1671
-14.1286
-13.5027
-12.856
-12.1346
-11.4722
-10.947
-11.9626
-13.0319
-14.0549
-14.3801
-14.037
-13.552
-13.1399
-14.6033
-16.2179
-17.9972
-19.6162
-21.2055
-21.7522
-21.2807
-20.579
-19.9896
-22.3966
-25.0191
-27.882
-30.4454
-32.9165
-33.683
-32.774
-31.4612
-30.2645
-33.7685
-37.5397
-41.5612
-45.0419
-48.2551
-48.8711
-46.8747
-44.2496
-41.6305
-45.5679
-49.5111
-53.0338
-54.7127
-55.359
-46.7017
-50.2396
-46.4764
-29.5252
-44.192
-49.3845
-53.949
-56.6436
-61.8661
-60.5396
-50.8908
-45.9921
-38.571
-33.0579
-20.9342
-30.6114
-34.0889
-37.8224
-37.1154
-31.1594
-28.0975
-23.4475
-20.0456
-12.7073
-18.23
-20.1234
-22.0051
-21.3581
-17.3804
-14.7268
-9.17145
-12.7846
-13.951
-14.8332
-15.3703
-16.524
-16.013
-13.1505
-11.2432
-7.19263
-10.2389
-11.3771
-12.5647
-13.3661
-15.0521
-15.0179
-13.2189
-12.3572
-11.0865
-9.92251
-6.90002
-10.651
-12.3427
-14.7573
-15.0193
-13.4484
-12.0688
-8.34278
-12.8732
-14.9323
-17.6887
-19.5113
-23.0727
-23.4529
-21.0643
-18.917
-13.0247
-20.3861
-23.7321
-28.2128
-31.1256
-36.7587
-37.297
-33.3298
-29.7833
-20.1805
-31.6036
-36.6262
-43.0929
-47.1833
-55.0017
-55.3861
-48.7097
-43.0363
-28.3698
-43.8965
-50.0225
-56.7714
-57.0795
-50.4222
-52.0316
-53.013
-53.9304
-54.7794
-55.5569
-56.2607
-56.8901
-57.4449
-57.926
-58.3344
-58.6717
-58.9393
-59.1386
-59.2708
-59.3367
-52.0894
-53.076
-53.9977
-54.8499
-55.6293
-56.3341
-56.9634
-57.5175
-57.9973
-58.4043
-58.74
-59.0062
-59.2043
-59.3357
-59.4012
-52.2056
-53.2031
-54.1335
-54.992
-55.7754
-56.4817
-57.1107
-57.663
-58.1402
-58.544
-58.8765
-59.1398
-59.3355
-59.4652
-59.5298
-52.3818
-53.3963
-54.3402
-55.2083
-55.9972
-56.7055
-57.3334
-57.8825
-58.3551
-58.7537
-59.081
-59.3395
-59.5314
-59.6584
-59.7216
-52.6204
-53.6589
-54.6217
-55.5027
-56.2985
-57.0085
-57.6338
-58.1774
-58.6426
-59.0332
-59.3528
-59.6045
-59.7908
-59.914
-59.9752
-52.925
-53.9962
-54.9841
-55.8812
-56.6846
-57.3948
-58.0148
-58.5493
-59.0035
-59.3826
-59.6912
-59.9333
-60.1121
-60.23
-60.2886
-53.301
-54.416
-55.436
-56.3524
-57.1629
-57.8702
-58.4802
-59.0003
-59.4383
-59.8011
-60.0947
-60.324
-60.4929
-60.6039
-60.659
-53.7564
-54.9298
-55.9906
-56.9284
-57.743
-58.4415
-59.0342
-59.5324
-59.947
-60.2874
-60.5611
-60.7738
-60.9299
-61.0324
-61.0831
-54.3029
-55.5551
-56.6669
-57.6263
-58.4381
-59.1172
-59.6811
-60.1467
-60.5289
-60.8393
-61.0872
-61.2789
-61.4191
-61.5109
-61.5564
-54.9588
-56.3198
-57.4942
-58.4703
-59.2648
-59.9064
-60.4244
-60.8429
-61.181
-61.4526
-61.668
-61.834
-61.9551
-62.0344
-62.0736
-55.7522
-57.2699
-58.5183
-59.4947
-60.2432
-60.8181
-61.2654
-61.6178
-61.8978
-62.1209
-62.297
-62.4326
-62.5315
-62.5963
-62.6284
-56.7257
-58.4884
-59.8135
-60.7453
-61.3941
-61.8567
-62.1998
-62.4631
-62.67
-62.8347
-62.9652
-63.0663
-63.1405
-63.1894
-63.2137
-57.951
-60.1429
-61.5007
-62.2769
-62.7293
-63.0139
-63.2124
-63.3627
-63.4828
-63.5811
-63.6614
-63.7253
-63.7734
-63.8055
-63.8216
-59.6464
-62.6297
-63.7681
-64.1309
-64.2303
-64.2563
-64.2713
-64.2907
-64.3156
-64.3439
-64.3725
-64.3988
-64.4205
-64.4359
-64.4439
-63.1189
-66.9601
-66.8099
-66.2459
-65.803
-65.5089
-65.324
-65.2108
-65.1432
-65.1047
-65.0845
-65.0754
-65.0724
-65.072
-65.0723
-64.4816
-64.4814
-64.4818
-64.4848
-64.4934
-64.5126
-64.5501
-64.6182
-64.737
-64.9427
-65.3054
-65.9829
-67.4149
-71.1809
-84.3957
-65.0314
-65.0367
-65.0483
-65.0687
-65.1017
-65.1534
-65.2333
-65.3565
-65.548
-65.8511
-66.3455
-67.1846
-68.6644
-71.2301
-74.2098
-65.5763
-65.5863
-65.6076
-65.6428
-65.6959
-65.7734
-65.8852
-66.0461
-66.28
-66.6253
-67.1451
-67.9405
-69.1579
-70.9902
-74.0605
-66.1128
-66.1269
-66.1562
-66.2032
-66.2719
-66.3685
-66.5016
-66.6837
-66.9331
-67.2769
-67.7524
-68.4019
-69.2231
-69.8891
-68.1118
-66.6384
-66.6556
-66.6911
-66.7473
-66.8276
-66.9371
-67.0826
-67.2729
-67.5192
-67.8357
-68.2378
-68.7426
-69.3945
-70.4833
-73.9946
-67.1506
-67.1703
-67.2106
-67.2734
-67.3617
-67.4795
-67.6311
-67.8216
-68.0551
-68.3337
-68.6507
-68.9797
-69.2611
-69.3934
-69.2876
-67.6479
-67.6693
-67.713
-67.7806
-67.8744
-67.997
-68.1512
-68.3386
-68.5584
-68.8039
-69.0538
-69.2484
-69.2298
-68.4673
-64.5266
-68.1288
-68.1516
-68.1977
-68.2685
-68.3657
-68.4913
-68.6465
-68.8313
-69.0423
-69.2704
-69.4935
-69.6635
-69.714
-69.7466
-71.7414
-68.5926
-68.6162
-68.6639
-68.7369
-68.8363
-68.9637
-69.1198
-69.3038
-69.5127
-69.7395
-69.9683
-70.1598
-70.2093
-69.6616
-65.6685
-69.0385
-69.0626
-69.1114
-69.1856
-69.2863
-69.4149
-69.5718
-69.757
-69.9692
-70.2066
-70.4674
-70.7531
-71.1181
-71.9674
-76.1305
-69.4662
-69.4906
-69.5398
-69.6146
-69.7159
-69.845
-70.0026
-70.1894
-70.4064
-70.6566
-70.9474
-71.2896
-71.6892
-71.9699
-70.217
-69.8754
-69.8999
-69.9492
-70.0239
-70.1252
-70.2539
-70.4114
-70.5988
-70.8187
-71.0777
-71.3901
-71.7844
-72.3417
-73.3828
-76.8115
-70.2661
-70.2905
-70.3394
-70.4137
-70.514
-70.6417
-70.7977
-70.9835
-71.2022
-71.4609
-71.7741
-72.1641
-72.657
-73.1355
-72.1043
-70.6384
-70.6624
-70.7108
-70.784
-70.8829
-71.0083
-71.1614
-71.3433
-71.5561
-71.8054
-72.1029
-72.4706
-72.9808
-73.9346
-76.9166
-70.9925
-71.016
-71.0635
-71.1352
-71.232
-71.3545
-71.5035
-71.6794
-71.8829
-72.1159
-72.381
-72.6761
-72.9954
-73.3231
-73.6076
-71.3285
-71.3516
-71.3979
-71.4678
-71.562
-71.681
-71.8251
-71.9941
-72.1873
-72.4032
-72.6366
-72.8628
-73.0028
-72.7398
-70.5181
-71.647
-71.6694
-71.7144
-71.7823
-71.8735
-71.9886
-72.1276
-72.2898
-72.474
-72.6778
-72.8954
-73.1076
-73.2886
-73.5147
-74.9866
-71.9484
-71.9701
-72.0136
-72.0792
-72.1674
-72.2783
-72.4121
-72.5681
-72.7451
-72.9421
-73.156
-73.372
-73.5419
-73.4225
-71.4206
-72.2331
-72.254
-72.2959
-72.3592
-72.4441
-72.5508
-72.6795
-72.8295
-73.0006
-73.1939
-73.4134
-73.6664
-73.9947
-74.6356
-77.1319
-72.5016
-72.5217
-72.5621
-72.6229
-72.7043
-72.8068
-72.9301
-73.074
-73.2387
-73.4268
-73.6457
-73.9066
-74.2291
-74.5584
-73.9538
-72.7546
-72.7739
-72.8126
-72.8708
-72.9488
-73.0468
-73.1646
-73.3019
-73.4587
-73.6377
-73.8469
-74.1019
-74.4575
-75.1277
-77.1673
-72.9925
-73.0109
-73.048
-73.1037
-73.1783
-73.2717
-73.3838
-73.5138
-73.6612
-73.827
-74.0145
-74.2255
-74.4662
-74.7439
-75.0308
-73.2159
-73.2336
-73.2689
-73.3222
-73.3933
-73.4823
-73.5887
-73.7115
-73.8491
-74.0005
-74.1638
-74.3264
-74.4479
-74.3516
-73.116
-73.4254
-73.4423
-73.4761
-73.5268
-73.5947
-73.6794
-73.7805
-73.8965
-74.0254
-74.1651
-74.3119
-74.4539
-74.5797
-74.7486
-75.6882
-73.6215
-73.6376
-73.6699
-73.7183
-73.783
-73.8638
-73.96
-74.0702
-74.1923
-74.324
-74.4614
-74.5906
-74.6803
-74.6083
-73.6129
-73.8048
-73.8202
-73.851
-73.8972
-73.9589
-74.0361
-74.128
-74.2335
-74.3507
-74.4783
-74.6146
-74.7527
-74.892
-75.1072
-76.107
-73.9758
-73.9905
-74.0198
-74.0639
-74.1229
-74.1967
-74.2848
-74.3862
-74.5
-74.6259
-74.7649
-74.912
-75.0497
-75.0592
-74.0799
-74.135
-74.1489
-74.1769
-74.219
-74.2753
-74.3459
-74.4304
-74.5282
-74.6389
-74.7638
-74.9075
-75.0758
-75.2951
-75.6961
-77.0936
-74.2827
-74.296
-74.3227
-74.3629
-74.4166
-74.4841
-74.565
-74.6589
-74.7659
-74.8881
-75.0313
-75.2023
-75.4132
-75.6389
-75.4019
-74.4196
-74.4323
-74.4577
-74.4959
-74.5472
-74.6115
-74.6887
-74.7783
-74.8804
-74.9971
-75.1339
-75.299
-75.5199
-75.9011
-76.9544
-74.546
-74.558
-74.5822
-74.6186
-74.6674
-74.7286
-74.8019
-74.8868
-74.9829
-75.0913
-75.2152
-75.355
-75.5139
-75.6946
-75.8745
-74.6623
-74.6738
-74.6968
-74.7314
-74.7777
-74.8358
-74.9053
-74.9853
-75.075
-75.1742
-75.2834
-75.3958
-75.4917
-75.4866
-74.9419
-74.769
-74.7799
-74.8018
-74.8347
-74.8787
-74.9338
-74.9995
-75.0748
-75.1584
-75.2496
-75.3477
-75.446
-75.5385
-75.6514
-76.1139
-74.8665
-74.8768
-74.8976
-74.9289
-74.9707
-75.023
-75.0852
-75.1562
-75.2347
-75.3196
-75.4099
-75.4982
-75.57
-75.5716
-75.1687
-74.955
-74.9649
-74.9847
-75.0144
-75.0542
-75.1038
-75.1629
-75.2303
-75.3046
-75.3851
-75.4718
-75.56
-75.6489
-75.7707
-76.2269
-75.0351
-75.0445
-75.0633
-75.0917
-75.1295
-75.1768
-75.2331
-75.2973
-75.3682
-75.4458
-75.5307
-75.6194
-75.7038
-75.7358
-75.3633
-75.107
-75.1159
-75.1339
-75.1609
-75.197
-75.2422
-75.2959
-75.3573
-75.4254
-75.5007
-75.5853
-75.6799
-75.794
-75.9798
-76.561
-75.1709
-75.1795
-75.1967
-75.2225
-75.2571
-75.3002
-75.3516
-75.4104
-75.4757
-75.5484
-75.6311
-75.7248
-75.8333
-75.9472
-75.8867
-75.2273
-75.2355
-75.252
-75.2767
-75.3098
-75.3512
-75.4004
-75.4566
-75.5191
-75.5885
-75.6676
-75.7576
-75.8676
-76.034
-76.4355
-75.2763
-75.2842
-75.3
-75.3238
-75.3556
-75.3953
-75.4425
-75.4963
-75.5557
-75.6212
-75.6946
-75.7746
-75.8616
-75.9555
-76.0422
-75.3181
-75.3257
-75.341
-75.364
-75.3946
-75.4329
-75.4782
-75.5297
-75.5863
-75.6478
-75.7153
-75.7849
-75.8495
-75.8802
-75.731
-75.353
-75.3603
-75.3752
-75.3974
-75.4271
-75.4641
-75.5079
-75.5574
-75.6115
-75.6697
-75.7328
-75.7969
-75.8596
-75.9281
-76.097
-75.381
-75.3882
-75.4027
-75.4244
-75.4533
-75.4893
-75.5318
-75.5798
-75.6318
-75.6876
-75.7476
-75.808
-75.8645
-75.9043
-75.8436
-75.4024
-75.4095
-75.4237
-75.4449
-75.4733
-75.5086
-75.5502
-75.597
-75.6477
-75.702
-75.7604
-75.8199
-75.8799
-75.9484
-76.0897
-75.4173
-75.4243
-75.4382
-75.4593
-75.4873
-75.5221
-75.5631
-75.6093
-75.6593
-75.7128
-75.7706
-75.8297
-75.8882
-75.9401
-75.9362
-75.4256
-75.4325
-75.4465
-75.4674
-75.4952
-75.5299
-75.5708
-75.6167
-75.6666
-75.72
-75.778
-75.838
-75.8998
-75.9687
-76.0757
-75.4274
-75.4344
-75.4483
-75.4693
-75.4972
-75.532
-75.573
-75.6192
-75.6694
-75.7235
-75.7823
-75.8433
-75.9053
-75.9689
-76.0377
-75.4227
-75.4298
-75.4439
-75.465
-75.4932
-75.5284
-75.5699
-75.6167
-75.6677
-75.7229
-75.7833
-75.846
-75.9085
-75.9638
-75.9783
-75.4115
-75.4187
-75.433
-75.4545
-75.4832
-75.519
-75.5612
-75.6091
-75.6613
-75.7181
-75.7808
-75.847
-75.9157
-75.985
-76.0421
-75.3937
-75.401
-75.4156
-75.4377
-75.467
-75.5036
-75.547
-75.5961
-75.6499
-75.7087
-75.774
-75.8444
-75.9212
-76.0128
-76.1676
-75.3691
-75.3766
-75.3917
-75.4144
-75.4446
-75.4823
-75.5269
-75.5775
-75.6331
-75.694
-75.7619
-75.8356
-75.9152
-75.9948
-76.002
-75.3376
-75.3454
-75.361
-75.3844
-75.4157
-75.4547
-75.5009
-75.5533
-75.6109
-75.6738
-75.744
-75.8207
-75.908
-76.0254
-76.2838
-75.299
-75.3071
-75.3233
-75.3477
-75.3803
-75.4208
-75.4688
-75.5233
-75.583
-75.648
-75.7198
-75.7967
-75.8788
-75.9563
-75.9019
-75.2531
-75.2616
-75.2785
-75.304
-75.338
-75.3803
-75.4304
-75.4873
-75.5495
-75.6169
-75.6901
-75.7671
-75.8515
-75.9769
-76.3693
-75.1998
-75.2086
-75.2264
-75.253
-75.2886
-75.333
-75.3856
-75.4453
-75.5107
-75.581
-75.6561
-75.7305
-75.7945
-75.8102
-75.5325
-75.1385
-75.1478
-75.1665
-75.1945
-75.2319
-75.2786
-75.334
-75.3971
-75.4664
-75.5412
-75.6208
-75.6991
-75.77
-75.8454
-76.1238
-75.0692
-75.079
-75.0986
-75.128
-75.1675
-75.2167
-75.2754
-75.3424
-75.4166
-75.4974
-75.5845
-75.671
-75.7412
-75.7377
-75.3819
-74.9914
-75.0017
-75.0223
-75.0534
-75.0949
-75.1469
-75.2091
-75.2805
-75.3602
-75.4486
-75.5468
-75.6523
-75.7625
-75.8728
-75.9637
-74.9048
-74.9156
-74.9374
-74.9701
-75.0138
-75.0688
-75.1345
-75.2104
-75.296
-75.3922
-75.5023
-75.6283
-75.7825
-76.0194
-76.6309
-74.809
-74.8204
-74.8433
-74.8777
-74.9238
-74.9817
-75.0511
-75.1314
-75.2225
-75.3256
-75.4449
-75.5829
-75.7439
-75.904
-75.7612
-74.7036
-74.7156
-74.7396
-74.7758
-74.8243
-74.8852
-74.9582
-75.0428
-75.1386
-75.2472
-75.3727
-75.5195
-75.7047
-75.997
-76.7985
-74.5883
-74.6008
-74.6261
-74.6641
-74.715
-74.7789
-74.8554
-74.9441
-75.044
-75.1563
-75.2838
-75.4276
-75.5898
-75.7345
-75.4386
-74.4625
-74.4757
-74.5021
-74.542
-74.5954
-74.6623
-74.7425
-74.8351
-74.939
-75.0542
-75.1817
-75.3211
-75.4859
-75.7761
-76.8717
-74.3258
-74.3397
-74.3674
-74.4091
-74.465
-74.5352
-74.6192
-74.7161
-74.8243
-74.9428
-75.0696
-75.1948
-75.2938
-75.2565
-74.3756
-74.178
-74.1924
-74.2214
-74.2651
-74.3236
-74.3971
-74.4851
-74.5868
-74.7006
-74.8249
-74.9567
-75.0848
-75.1951
-75.3206
-76.0027
-74.0184
-74.0334
-74.0637
-74.1093
-74.1705
-74.2474
-74.3398
-74.4469
-74.5676
-74.701
-74.8447
-74.9852
-75.0847
-74.9963
-74.0046
-73.8466
-73.8623
-73.8939
-73.9414
-74.0052
-74.0855
-74.1824
-74.2953
-74.424
-74.5693
-74.7329
-74.9122
-75.1034
-75.2973
-75.4619
-73.6623
-73.6786
-73.7114
-73.7608
-73.8272
-73.9108
-74.0119
-74.1304
-74.2669
-74.4241
-74.6084
-74.8291
-75.1189
-75.6166
-77.0561
-73.465
-73.4819
-73.5159
-73.5671
-73.6359
-73.7226
-73.8275
-73.9508
-74.0935
-74.2594
-74.4568
-74.6958
-74.9889
-75.2799
-74.8528
-73.2542
-73.2718
-73.3069
-73.3598
-73.4309
-73.5204
-73.6285
-73.7554
-73.902
-74.072
-74.2745
-74.5231
-74.8589
-75.44
-77.1953
-73.0297
-73.0478
-73.084
-73.1386
-73.2118
-73.3039
-73.4147
-73.5441
-73.6922
-73.8616
-74.0581
-74.288
-74.5572
-74.7828
-74.0131
-72.7909
-72.8095
-72.8469
-72.9032
-72.9785
-73.0729
-73.1861
-73.3174
-73.4658
-73.6316
-73.8166
-74.0236
-74.2845
-74.8147
-77.0854
-72.5375
-72.5567
-72.5952
-72.6531
-72.7305
-72.8274
-72.9432
-73.0765
-73.2255
-73.3875
-73.5581
-73.7198
-73.8234
-73.6359
-71.6568
-72.2691
-72.2889
-72.3286
-72.3882
-72.4679
-72.5674
-72.6862
-72.8226
-72.974
-73.1368
-73.3038
-73.4545
-73.563
-73.6994
-74.9767
-71.9854
-72.0058
-72.0467
-72.1081
-72.1901
-72.2927
-72.4151
-72.5559
-72.7127
-72.8826
-73.0588
-73.2164
-73.282
-72.9687
-70.8644
-71.6858
-71.7068
-71.749
-71.8123
-71.8969
-72.0028
-72.1294
-72.2758
-72.4405
-72.6234
-72.8249
-73.0402
-73.2628
-73.4796
-73.6551
-71.37
-71.3917
-71.4351
-71.5004
-71.5878
-71.6972
-71.8283
-71.9805
-72.1537
-72.3506
-72.5794
-72.857
-73.2462
-74.0173
-76.5901
-71.0375
-71.0598
-71.1046
-71.1719
-71.2621
-71.3751
-71.5107
-71.6684
-71.8486
-72.0551
-72.2982
-72.5942
-72.9633
-73.3018
-72.2978
-70.6879
-70.7109
-70.7569
-70.8263
-70.9193
-71.0359
-71.1759
-71.3385
-71.5233
-71.7334
-71.9784
-72.2786
-72.7002
-73.5166
-76.3668
-70.3208
-70.3444
-70.3917
-70.463
-70.5589
-70.6793
-70.8237
-70.9908
-71.1787
-71.3869
-71.6183
-71.8767
-72.1617
-72.317
-70.7096
-69.9358
-69.9598
-70.0083
-70.0815
-70.1802
-70.3046
-70.454
-70.6264
-70.818
-71.0236
-71.2377
-71.4545
-71.7119
-72.3393
-75.6858
-69.5325
-69.5569
-69.6062
-69.6811
-69.7825
-69.9111
-70.0666
-70.2466
-70.4456
-70.6539
-70.8532
-71.0022
-71.0039
-70.4715
-67.0505
-69.1107
-69.1353
-69.185
-69.261
-69.3648
-69.4978
-69.6605
-69.8513
-70.0649
-70.2898
-70.5018
-70.6503
-70.6656
-70.6076
-72.018
-68.6703
-68.6947
-68.7442
-68.8204
-68.9257
-69.0625
-69.233
-69.438
-69.6746
-69.9341
-70.1928
-70.3889
-70.3771
-69.7221
-66.5431
-68.2115
-68.2352
-68.2835
-68.3585
-68.4635
-68.6025
-68.7801
-69.0004
-69.2666
-69.5784
-69.9254
-70.27
-70.534
-70.5875
-70.3242
-67.7349
-67.7571
-67.8028
-67.8746
-67.9767
-68.1146
-68.2957
-68.5289
-68.8253
-69.1978
-69.658
-70.2054
-70.8358
-71.6709
-73.9431
-67.2414
-67.2613
-67.3027
-67.3686
-67.4638
-67.5954
-67.7734
-68.0114
-68.3293
-68.7556
-69.3284
-70.0811
-70.9944
-71.7544
-70.6125
-66.7325
-66.7493
-66.7844
-66.8411
-66.9246
-67.0429
-67.2077
-67.4365
-67.7562
-68.2112
-68.8723
-69.8436
-71.2581
-73.1568
-75.0566
-66.2106
-66.2232
-66.2499
-66.2937
-66.3601
-66.4568
-66.5961
-66.7963
-67.0877
-67.5232
-68.199
-69.2964
-71.1846
-74.5565
-79.8438
-65.6786
-65.686
-65.7021
-65.7297
-65.7734
-65.8401
-65.9405
-66.0908
-66.3175
-66.6678
-67.2315
-68.1984
-70.0795
-74.6241
-89.3178
-89.3185
-74.5868
-69.9764
-68.0712
-67.1066
-66.5563
-66.2217
-66.0102
-65.8732
-65.7838
-65.7257
-65.6887
-65.6659
-65.6529
-65.6471
-80.4036
-74.4899
-70.9754
-69.0755
-68.0027
-67.3581
-66.951
-66.6834
-66.5024
-66.3782
-66.293
-66.2353
-66.1975
-66.1748
-66.1641
-74.5356
-72.7257
-70.8519
-69.5037
-68.5999
-67.9944
-67.582
-67.2946
-67.0906
-66.9445
-66.8402
-66.767
-66.7175
-66.687
-66.6725
-71.0207
-71.0045
-70.3621
-69.6215
-68.9887
-68.496
-68.1246
-67.8461
-67.637
-67.4805
-67.3647
-67.281
-67.2232
-67.1869
-67.1694
-67.536
-69.7169
-69.9394
-69.6625
-69.2787
-68.9127
-68.6013
-68.3476
-68.1453
-67.987
-67.8659
-67.776
-67.7127
-67.6724
-67.6528
-70.6053
-69.7878
-69.8623
-69.7758
-69.5548
-69.2909
-69.0364
-68.8114
-68.6214
-68.4665
-68.3442
-68.2515
-68.185
-68.1421
-68.1212
-66.2124
-69.2379
-69.8958
-69.9804
-69.8593
-69.6619
-69.4494
-69.2488
-69.0715
-68.922
-68.8011
-68.7075
-68.6396
-68.5953
-68.5736
-72.0301
-70.3306
-70.3262
-70.326
-70.2152
-70.0428
-69.8527
-69.668
-69.5006
-69.3564
-69.2377
-69.1447
-69.0763
-69.0316
-69.0094
-66.7565
-70.2447
-70.7523
-70.7465
-70.6121
-70.4354
-70.2505
-70.0731
-69.9118
-69.7718
-69.6555
-69.5635
-69.4955
-69.4506
-69.4284
-75.7875
-72.2274
-71.5335
-71.2543
-71.0369
-70.833
-70.6414
-70.4649
-70.3066
-70.1695
-70.0552
-69.9645
-69.8971
-69.8526
-69.8305
-70.6051
-72.218
-72.0254
-71.7172
-71.4506
-71.2213
-71.0202
-70.842
-70.685
-70.5498
-70.4374
-70.3481
-70.2816
-70.2375
-70.2156
-76.4306
-73.461
-72.5961
-72.149
-71.8369
-71.5892
-71.3815
-71.2022
-71.0463
-70.9131
-70.8025
-70.7146
-70.6491
-70.6057
-70.5841
-72.233
-73.2407
-72.8752
-72.485
-72.1767
-71.9285
-71.7215
-71.5439
-71.3902
-71.2592
-71.1506
-71.0642
-70.9999
-70.9572
-70.9359
-76.6226
-73.9726
-73.1699
-72.7621
-72.473
-72.2384
-72.0393
-71.8667
-71.7167
-71.5884
-71.482
-71.3973
-71.3342
-71.2923
-71.2715
-73.6089
-73.4199
-73.1891
-72.9544
-72.7299
-72.5229
-72.337
-72.1716
-72.0261
-71.9011
-71.7971
-71.7142
-71.6524
-71.6114
-71.5909
-70.7484
-72.8947
-73.2094
-73.1375
-72.9731
-72.7919
-72.6188
-72.4605
-72.3196
-72.1978
-72.0962
-72.0152
-71.9548
-71.9146
-71.8946
-74.9496
-73.6399
-73.4969
-73.3826
-73.2261
-73.0546
-72.8884
-72.7351
-72.5979
-72.479
-72.3798
-72.3007
-72.2416
-72.2023
-72.1828
-71.5521
-73.5734
-73.7629
-73.6549
-73.4878
-73.3129
-73.1473
-72.9962
-72.8616
-72.7453
-72.6482
-72.5709
-72.5132
-72.4748
-72.4558
-77.1006
-74.7773
-74.234
-73.966
-73.7533
-73.5638
-73.3945
-73.2436
-73.1108
-72.9967
-72.9017
-72.8262
-72.7698
-72.7325
-72.7139
-73.9573
-74.7436
-74.5125
-74.2366
-74.0009
-73.8
-73.627
-73.4763
-73.3452
-73.2333
-73.1405
-73.0668
-73.0119
-72.9755
-72.9574
-77.2105
-75.4149
-74.8206
-74.4772
-74.2226
-74.0159
-73.8423
-73.6932
-73.5645
-73.4551
-73.3647
-73.293
-73.2396
-73.2043
-73.1867
-74.8126
-75.2503
-74.9532
-74.6538
-74.4094
-74.2079
-74.0387
-73.8936
-73.7686
-73.6624
-73.5747
-73.5051
-73.4534
-73.4192
-73.4022
-77.0681
-75.5944
-75.0859
-74.79
-74.5647
-74.3768
-74.2166
-74.0779
-73.9577
-73.8553
-73.7707
-73.7036
-73.6536
-73.6206
-73.6041
-75.4343
-75.2666
-75.0696
-74.8751
-74.6922
-74.5257
-74.3778
-74.2471
-74.1326
-74.0346
-73.9533
-73.8887
-73.8407
-73.8088
-73.793
-73.9392
-74.9577
-75.0502
-74.9498
-74.8068
-74.6609
-74.5252
-74.4027
-74.2942
-74.2007
-74.1229
-74.0611
-74.015
-73.9844
-73.9692
-75.9889
-75.2902
-75.1635
-75.0519
-74.9218
-74.788
-74.6617
-74.5464
-74.4436
-74.3545
-74.2803
-74.2211
-74.177
-74.1478
-74.1332
-74.3162
-75.2241
-75.2647
-75.1648
-75.0376
-74.9091
-74.7889
-74.6793
-74.5814
-74.4966
-74.4258
-74.3694
-74.3273
-74.2993
-74.2854
-76.885
-75.7587
-75.4622
-75.2945
-75.1528
-75.0236
-74.9068
-74.8018
-74.7084
-74.6276
-74.5601
-74.5063
-74.4662
-74.4396
-74.4263
-75.4082
-75.7156
-75.5689
-75.4039
-75.2576
-75.1285
-75.0148
-74.914
-74.8248
-74.7478
-74.6836
-74.6324
-74.5943
-74.569
-74.5564
-76.8122
-75.9863
-75.687
-75.4983
-75.3489
-75.222
-75.1122
-75.0158
-74.9309
-74.8577
-74.7967
-74.7482
-74.7119
-74.6879
-74.676
-75.7397
-75.8897
-75.7269
-75.5631
-75.423
-75.3026
-75.1986
-75.1073
-75.027
-74.9577
-74.9
-74.854
-74.8197
-74.7969
-74.7856
-76.6418
-76.0089
-75.7662
-75.6094
-75.4818
-75.3711
-75.2745
-75.1891
-75.1136
-75.0483
-74.9938
-74.9503
-74.9179
-74.8964
-74.8857
-75.9485
-75.8558
-75.7444
-75.6332
-75.5271
-75.429
-75.3408
-75.2617
-75.1912
-75.1299
-75.0786
-75.0377
-75.0071
-74.9868
-74.9767
-75.3417
-75.7142
-75.7211
-75.6515
-75.5653
-75.4791
-75.3992
-75.3262
-75.2606
-75.2032
-75.155
-75.1165
-75.0877
-75.0685
-75.059
-76.1146
-75.8251
-75.7494
-75.6793
-75.6019
-75.524
-75.4509
-75.3835
-75.3223
-75.2686
-75.2234
-75.1871
-75.16
-75.142
-75.133
-75.4938
-75.7861
-75.7727
-75.7099
-75.6373
-75.5648
-75.4969
-75.4342
-75.3771
-75.3267
-75.2842
-75.2501
-75.2246
-75.2076
-75.1992
-76.3713
-75.9578
-75.8288
-75.7454
-75.6711
-75.6014
-75.5376
-75.4788
-75.4253
-75.378
-75.338
-75.3058
-75.2818
-75.2658
-75.2578
-75.8783
-75.9307
-75.8518
-75.7724
-75.6999
-75.6333
-75.573
-75.5177
-75.4673
-75.4227
-75.3849
-75.3546
-75.3319
-75.3168
-75.3092
-76.2826
-75.9933
-75.8739
-75.7926
-75.7231
-75.66
-75.6031
-75.551
-75.5034
-75.4613
-75.4255
-75.3968
-75.3752
-75.3609
-75.3537
-75.9977
-75.9365
-75.868
-75.8026
-75.7402
-75.6816
-75.6282
-75.5791
-75.534
-75.4939
-75.4599
-75.4326
-75.4121
-75.3984
-75.3916
-75.7768
-75.8834
-75.8588
-75.8085
-75.7531
-75.6989
-75.6486
-75.6021
-75.5591
-75.5209
-75.4885
-75.4623
-75.4427
-75.4297
-75.4232
-76.0442
-75.92
-75.866
-75.8157
-75.7637
-75.7125
-75.6648
-75.6203
-75.5792
-75.5425
-75.5113
-75.4862
-75.4673
-75.4548
-75.4485
-75.879
-75.9063
-75.8694
-75.822
-75.772
-75.7228
-75.677
-75.6341
-75.5944
-75.5589
-75.5287
-75.5044
-75.4861
-75.4739
-75.4679
-76.0383
-75.9359
-75.8786
-75.8281
-75.7783
-75.7301
-75.6853
-75.6436
-75.6049
-75.5702
-75.5407
-75.517
-75.4991
-75.4873
-75.4814
-75.9686
-75.9326
-75.882
-75.8316
-75.7819
-75.7341
-75.6899
-75.6488
-75.6106
-75.5765
-75.5475
-75.5241
-75.5066
-75.4949
-75.4891
-75.9948
-75.938
-75.8838
-75.8325
-75.7826
-75.7347
-75.6907
-75.6497
-75.6118
-75.5779
-75.5491
-75.5259
-75.5085
-75.4969
-75.4912
-76.0329
-75.9403
-75.8822
-75.8305
-75.7802
-75.7319
-75.6875
-75.6463
-75.6083
-75.5743
-75.5455
-75.5222
-75.5049
-75.4933
-75.4876
-75.9081
-75.9171
-75.875
-75.8255
-75.7748
-75.7257
-75.6805
-75.6386
-75.6001
-75.5658
-75.5367
-75.5133
-75.4958
-75.4841
-75.4783
-76.0474
-75.928
-75.8715
-75.8193
-75.7667
-75.7159
-75.6694
-75.6265
-75.5871
-75.5522
-75.5226
-75.4989
-75.4811
-75.4693
-75.4634
-75.8041
-75.8939
-75.8637
-75.8113
-75.7557
-75.7024
-75.654
-75.6097
-75.5693
-75.5335
-75.5032
-75.479
-75.4608
-75.4488
-75.4428
-76.0071
-75.9418
-75.8701
-75.8034
-75.7414
-75.6847
-75.634
-75.5881
-75.5464
-75.5095
-75.4784
-75.4535
-75.4348
-75.4225
-75.4163
-76.2772
-75.9926
-75.8718
-75.79
-75.722
-75.6619
-75.6091
-75.5614
-75.5182
-75.4802
-75.4481
-75.4223
-75.4031
-75.3903
-75.3839
-75.8879
-75.9284
-75.8449
-75.7652
-75.6954
-75.6334
-75.5788
-75.5294
-75.4847
-75.4453
-75.412
-75.3853
-75.3653
-75.3521
-75.3455
-76.3709
-75.9487
-75.8142
-75.7313
-75.6617
-75.5991
-75.543
-75.4921
-75.4457
-75.4047
-75.3701
-75.3423
-75.3215
-75.3076
-75.3008
-75.4942
-75.7678
-75.7464
-75.686
-75.6215
-75.5593
-75.5021
-75.4493
-75.401
-75.3583
-75.3221
-75.2931
-75.2713
-75.2568
-75.2496
-76.1237
-75.7904
-75.7042
-75.6416
-75.5782
-75.5153
-75.4563
-75.4013
-75.3507
-75.3059
-75.268
-75.2375
-75.2146
-75.1994
-75.1918
-75.3366
-75.64
-75.6442
-75.5955
-75.533
-75.4679
-75.4059
-75.3479
-75.2946
-75.2474
-75.2074
-75.1752
-75.1511
-75.1351
-75.1271
-76.0305
-75.6958
-75.6196
-75.557
-75.4879
-75.4176
-75.351
-75.2891
-75.2324
-75.1824
-75.1401
-75.1061
-75.0806
-75.0637
-75.0552
-75.1576
-75.5708
-75.5843
-75.5208
-75.4422
-75.3638
-75.2911
-75.2244
-75.1638
-75.1106
-75.0657
-75.0297
-75.0027
-74.9848
-74.9758
-75.8405
-75.7218
-75.6012
-75.4929
-75.3946
-75.3054
-75.2254
-75.1532
-75.0883
-75.0316
-74.9839
-74.9456
-74.917
-74.898
-74.8886
-76.6277
-75.8726
-75.6081
-75.4559
-75.3392
-75.2396
-75.1525
-75.0747
-75.0054
-74.9449
-74.8942
-74.8536
-74.8233
-74.8031
-74.7931
-75.4825
-75.6813
-75.5358
-75.3922
-75.2704
-75.1644
-75.0713
-74.9883
-74.9143
-74.85
-74.7962
-74.7531
-74.721
-74.6996
-74.689
-76.6997
-75.7277
-75.4607
-75.3112
-75.1889
-75.0794
-74.9814
-74.8933
-74.8148
-74.7465
-74.6894
-74.6438
-74.6097
-74.5871
-74.5758
-74.5367
-75.283
-75.3026
-75.2092
-75.0968
-74.9856
-74.8828
-74.7895
-74.7062
-74.6338
-74.5733
-74.5251
-74.489
-74.4651
-74.4532
-75.9544
-75.3417
-75.2215
-75.1183
-75.0022
-74.8852
-74.776
-74.6767
-74.5882
-74.5115
-74.4475
-74.3965
-74.3585
-74.3333
-74.3207
-74.1906
-75.0567
-75.1272
-75.0341
-74.9068
-74.7785
-74.6604
-74.5541
-74.4601
-74.379
-74.3114
-74.2577
-74.2176
-74.1911
-74.1779
-75.4762
-75.3228
-75.1451
-74.9717
-74.8102
-74.6641
-74.5349
-74.4209
-74.3211
-74.2355
-74.1645
-74.108
-74.066
-74.0381
-74.0242
-76.8902
-75.6041
-75.1586
-74.8989
-74.7014
-74.537
-74.397
-74.2757
-74.1705
-74.0806
-74.0062
-73.947
-73.903
-73.8738
-73.8593
-74.9186
-75.3003
-75.0416
-74.7809
-74.5679
-74.3922
-74.2443
-74.1172
-74.0073
-73.9136
-73.8359
-73.7742
-73.7283
-73.6978
-73.6826
-77.0044
-75.4396
-74.9246
-74.6275
-74.4069
-74.2271
-74.0755
-73.9446
-73.8311
-73.734
-73.6534
-73.5892
-73.5414
-73.5096
-73.4938
-74.1487
-74.8484
-74.6548
-74.419
-74.216
-74.0416
-73.8905
-73.7579
-73.6416
-73.5415
-73.4581
-73.3916
-73.3419
-73.3088
-73.2924
-76.8788
-74.8758
-74.413
-74.1856
-74.0034
-73.8393
-73.691
-73.5576
-73.4389
-73.3361
-73.2499
-73.181
-73.1294
-73.095
-73.0779
-72.0659
-73.8321
-74.0063
-73.9187
-73.7766
-73.625
-73.4794
-73.3448
-73.2235
-73.1176
-73.0286
-72.9571
-72.9035
-72.8678
-72.85
-75.0037
-73.8924
-73.78
-73.6876
-73.5548
-73.4057
-73.2586
-73.1207
-72.9957
-72.8861
-72.7937
-72.7195
-72.6638
-72.6266
-72.6081
-71.401
-73.2575
-73.5383
-73.4826
-73.3427
-73.1843
-73.0296
-72.8855
-72.7553
-72.6412
-72.5451
-72.4678
-72.4098
-72.3711
-72.3517
-73.8639
-73.7154
-73.5289
-73.3339
-73.1417
-72.9595
-72.7915
-72.6387
-72.5019
-72.3826
-72.2822
-72.2015
-72.1409
-72.1006
-72.0804
-76.4512
-74.198
-73.524
-73.1811
-72.9323
-72.7238
-72.5412
-72.3787
-72.2345
-72.1094
-72.0043
-71.92
-71.8567
-71.8146
-71.7935
-72.6955
-73.5826
-73.2878
-72.9609
-72.6934
-72.4694
-72.2754
-72.1038
-71.9523
-71.8209
-71.7109
-71.6226
-71.5565
-71.5125
-71.4905
-76.2733
-73.7862
-73.0726
-72.6974
-72.4227
-72.1932
-71.9922
-71.813
-71.6542
-71.5164
-71.401
-71.3087
-71.2396
-71.1936
-71.1707
-71.3399
-72.7567
-72.621
-72.362
-72.1192
-71.8965
-71.6922
-71.5062
-71.3397
-71.1951
-71.074
-70.9774
-70.9053
-70.8574
-70.8336
-75.7018
-72.8038
-72.2538
-72.0132
-71.8002
-71.5861
-71.3781
-71.1837
-71.0083
-70.856
-70.729
-70.6279
-70.5528
-70.5031
-70.4784
-68.2428
-71.219
-71.6702
-71.6435
-71.4804
-71.2706
-71.0529
-70.8459
-70.6593
-70.4981
-70.3647
-70.2593
-70.1814
-70.13
-70.1046
-72.59
-71.3862
-71.4173
-71.3665
-71.1916
-70.9599
-70.7188
-70.4921
-70.2909
-70.1197
-69.9797
-69.8704
-69.7902
-69.7377
-69.7118
-67.9768
-70.6945
-71.2201
-71.1737
-70.9407
-70.6549
-70.3732
-70.1188
-69.9
-69.7182
-69.5724
-69.4601
-69.3786
-69.3256
-69.2995
-71.3108
-71.5238
-71.4189
-71.1088
-70.7252
-70.3461
-70.0072
-69.7192
-69.4817
-69.2905
-69.1407
-69.0272
-68.9459
-68.8935
-68.8679
-74.5154
-72.5725
-71.7588
-71.0933
-70.505
-70.0084
-69.6046
-69.2829
-69.0297
-68.8329
-68.6825
-68.5708
-68.4919
-68.4416
-68.4171
-71.9836
-72.8357
-71.9944
-71.0226
-70.2197
-69.6052
-69.1436
-68.7974
-68.5371
-68.3417
-68.1964
-68.0906
-68.0169
-67.9704
-67.9479
-75.9819
-74.2737
-72.3193
-70.8331
-69.8024
-69.0945
-68.6012
-68.2508
-67.9981
-67.8146
-67.6817
-67.5869
-67.5219
-67.4814
-67.4619
-81.6895
-75.8813
-72.3176
-70.3259
-69.1598
-68.4337
-67.958
-67.6348
-67.4098
-67.2513
-67.1393
-67.0613
-67.0088
-66.9765
-66.9612
-90.9419
-75.929
-71.2229
-69.2441
-68.2107
-67.5977
-67.2076
-66.9493
-66.7742
-66.6544
-66.5723
-66.5168
-66.4806
-66.4588
-66.4485
-65.0863
-65.0871
-65.0895
-65.0958
-65.1092
-65.1348
-65.1797
-65.2543
-65.3742
-65.5636
-65.8574
-66.2898
-66.8286
-66.944
-63.1017
-64.4375
-64.4301
-64.4157
-64.3955
-64.3709
-64.3442
-64.3178
-64.2938
-64.2736
-64.2541
-64.2178
-64.0988
-63.7043
-62.5211
-59.4754
-63.7944
-63.7783
-63.7461
-63.6978
-63.6333
-63.5518
-63.4514
-63.3274
-63.1702
-62.9606
-62.6588
-62.1808
-61.3677
-59.9593
-57.6977
-63.1656
-63.1408
-63.0909
-63.0149
-62.9112
-62.7768
-62.6067
-62.3919
-62.1174
-61.7586
-61.2742
-60.5959
-59.6249
-58.2489
-56.4212
-62.5598
-62.5268
-62.4601
-62.3581
-62.2182
-62.036
-61.8048
-61.514
-61.1472
-60.681
-60.0816
-59.3017
-58.2859
-56.9886
-55.4122
-61.9853
-61.9448
-61.863
-61.7377
-61.566
-61.3428
-61.061
-60.7099
-60.2748
-59.7359
-59.0683
-58.2418
-57.227
-56.0067
-54.5925
-61.4497
-61.4026
-61.3076
-61.1624
-60.9638
-60.7069
-60.3848
-59.988
-59.5043
-58.9183
-58.2126
-57.3689
-56.3722
-55.2174
-53.9165
-60.9594
-60.9069
-60.8008
-60.6391
-60.4186
-60.1348
-59.7817
-59.3514
-58.8342
-58.2188
-57.4935
-56.6476
-55.674
-54.5728
-53.3546
-60.5201
-60.463
-60.348
-60.173
-59.9353
-59.6308
-59.2546
-58.8003
-58.2606
-57.6276
-56.8937
-56.0528
-55.1021
-54.044
-52.8875
-60.1364
-60.0757
-59.9535
-59.7682
-59.5172
-59.1973
-58.8043
-58.3333
-57.779
-57.1361
-56.3996
-55.5666
-54.6365
-53.6126
-52.5025
-59.8117
-59.7483
-59.6207
-59.4276
-59.1667
-58.8355
-58.4306
-57.9483
-57.3849
-56.7367
-56.001
-55.1763
-54.2636
-53.2664
-52.1912
-59.549
-59.4836
-59.352
-59.1531
-58.8852
-58.546
-58.1329
-57.6433
-57.0743
-56.4237
-55.69
-54.8729
-53.9742
-52.9972
-51.9477
-59.3504
-59.2834
-59.1491
-58.9462
-58.6735
-58.3289
-57.9105
-57.4162
-56.844
-56.1925
-55.4611
-54.6502
-53.7618
-52.7994
-51.7681
-59.2171
-59.1493
-59.0132
-58.8079
-58.5321
-58.1843
-57.7627
-57.2656
-56.6918
-56.0401
-55.3105
-54.5039
-53.6223
-52.6693
-51.6498
-59.1503
-59.082
-58.9451
-58.7386
-58.4613
-58.1119
-57.6889
-57.1906
-56.616
-55.9644
-55.2358
-54.4313
-53.5532
-52.6048
-51.5909
-50.2861
-56.5131
-56.0817
-49.335
-43.2506
-27.9075
-42.255
-47.7643
-54.1809
-53.7244
-45.929
-41.8357
-35.3578
-30.3927
-19.2401
-28.0979
-31.1874
-34.2876
-33.3367
-27.137
-22.9448
-14.0707
-19.6778
-21.3974
-22.4781
-23.0889
-24.41
-23.4197
-18.7973
-15.8122
-9.73293
-13.4733
-14.6473
-15.4663
-15.9726
-17.0947
-16.5303
-13.522
-11.5308
-7.33513
-10.3976
-11.5234
-12.6647
-13.4399
-15.087
-15.0284
-13.1891
-12.3027
-10.9914
-9.81552
-6.80218
-10.4559
-12.0961
-14.4293
-14.6694
-13.1092
-11.7523
-8.11183
-12.4751
-14.4541
-17.0957
-18.8543
-22.3078
-22.6826
-20.3863
-18.3173
-12.6275
-19.7397
-22.9872
-27.3561
-30.2264
-35.8158
-36.4018
-32.641
-29.2216
-19.8634
-31.1516
-36.1621
-42.6909
-46.8698
-54.9231
-55.44
-48.9827
-43.3642
-28.6412
-44.4314
-50.683
-57.6019
-57.96
-51.2851
-55.0744
-54.2538
-52.4652
-48.8904
-44.9238
-40.9677
-43.4597
-45.9542
-47.815
-47.1161
-43.8607
-40.3455
-36.2892
-32.4828
-28.9054
-29.7801
-30.7263
-31.1932
-30.0655
-27.2351
-24.2913
-21.3597
-21.6456
-22.1265
-22.4844
-22.6179
-22.5036
-21.4347
-19.2677
-17.1256
-15.0593
-15.2165
-15.5541
-15.8554
-16.0374
-16.0912
-15.4884
-14.1431
-12.8084
-11.5543
-11.9626
-12.5288
-13.1434
-13.6864
-14.1981
-14.1297
-13.472
-12.7961
-12.0447
-11.3577
-10.8068
-11.7743
-12.7982
-13.7765
-14.0752
-13.7207
-13.2307
-12.8108
-14.2103
-15.7601
-17.471
-19.0347
-20.5766
-21.1138
-20.6697
-20.0038
-19.4481
-21.7915
-24.3536
-27.1634
-29.7006
-32.171
-32.9834
-32.1715
-30.9568
-29.8595
-33.3859
-37.191
-41.2766
-44.8505
-48.1966
-48.9378
-47.0701
-44.5334
-41.9844
-46.0502
-50.1085
-53.7401
-55.4942
-56.2007
-55.1677
-53.3872
-51.4196
-49.0091
-46.5811
-44.7422
-44.6603
-45.0562
-45.1348
-44.189
-42.1663
-39.6347
-36.861
-34.2436
-32.1603
-31.3596
-30.956
-30.3959
-29.2469
-27.4975
-25.6212
-24.0162
-23.3333
-23.0341
-22.8152
-22.5047
-21.9734
-21.0322
-19.7036
-18.3312
-17.1848
-16.7011
-16.5146
-16.4175
-16.2882
-16.0347
-15.517
-14.7501
-13.9711
-13.3808
-13.3014
-13.4657
-13.7265
-13.9792
-14.1461
-14.0809
-13.7823
-13.3995
-13.0063
-12.7049
-12.6258
-13.0127
-13.5672
-14.1034
-14.4227
-14.5284
-14.6094
-14.8909
-15.7302
-16.8353
-18.0596
-19.2477
-20.2936
-20.9595
-21.2736
-21.5326
-22.095
-23.5292
-25.3643
-27.3642
-29.2722
-30.9149
-31.9047
-32.283
-32.5237
-33.1981
-35.2191
-37.8166
-40.5992
-43.1596
-45.2211
-46.1925
-46.1208
-45.7198
-45.802
-47.6793
-50.148
-52.5809
-54.5365
-56.2806
-54.5066
-52.789
-51.0109
-49.1521
-47.3892
-45.9863
-45.1721
-44.6148
-43.9296
-42.8127
-41.2047
-39.2726
-37.2078
-35.2356
-33.5686
-32.3679
-31.4116
-30.4473
-29.2939
-27.9434
-26.5613
-25.3459
-24.4695
-23.8269
-23.2789
-22.7109
-22.0345
-21.189
-20.2039
-19.2123
-18.3573
-17.7591
-17.3474
-17.0273
-16.7191
-16.3602
-15.9057
-15.3757
-14.8634
-14.4726
-14.2906
-14.2647
-14.3226
-14.3969
-14.4298
-14.3694
-14.2153
-14.0192
-13.837
-13.7332
-13.7747
-14.0109
-14.3638
-14.7439
-15.0792
-15.3725
-15.7007
-16.1686
-16.8684
-17.7399
-18.7017
-19.6664
-20.559
-21.3131
-21.9579
-22.6256
-23.4873
-24.6908
-26.1386
-27.6984
-29.2266
-30.5998
-31.7075
-32.5933
-33.4665
-34.5982
-36.2224
-38.1762
-40.2418
-42.1876
-43.8153
-44.9492
-45.6454
-46.2101
-47.0344
-48.4564
-50.2386
-52.1078
-53.882
-55.5851
-53.8018
-52.2768
-50.7173
-49.1562
-47.6779
-46.3823
-45.3134
-44.3571
-43.3458
-42.1433
-40.7096
-39.1018
-37.4215
-35.7882
-34.306
-33.0244
-31.8796
-30.7714
-29.6254
-28.4354
-27.2623
-26.1882
-25.2701
-24.4844
-23.7728
-23.074
-22.3403
-21.548
-20.7149
-19.8977
-19.1614
-18.5497
-18.0494
-17.6215
-17.2243
-16.8243
-16.4046
-15.9772
-15.582
-15.2649
-15.0563
-14.9443
-14.8963
-14.8756
-14.849
-14.7939
-14.7102
-14.6202
-14.5559
-14.5535
-14.6443
-14.8421
-15.1226
-15.4498
-15.7973
-16.1674
-16.592
-17.1135
-17.7604
-18.5157
-19.3407
-20.19
-21.025
-21.8251
-22.6103
-23.4404
-24.3883
-25.5014
-26.7527
-28.0789
-29.4053
-30.6677
-31.8304
-32.9226
-34.0377
-35.2897
-36.7513
-38.3754
-40.0569
-41.6737
-43.1204
-44.3362
-45.3593
-46.326
-47.4058
-48.7138
-50.2032
-51.7704
-53.3291
-54.8473
-53.1717
-51.8132
-50.425
-49.0404
-47.7029
-46.4512
-45.2921
-44.1783
-43.037
-41.8066
-40.4653
-39.0354
-37.5677
-36.1236
-34.7547
-33.4845
-32.2952
-31.1504
-30.021
-28.9037
-27.8215
-26.8068
-25.8806
-25.0363
-24.2489
-23.4887
-22.7314
-21.9669
-21.2039
-20.4677
-19.7872
-19.1811
-18.6481
-18.1725
-17.7346
-17.3181
-16.9157
-16.5336
-16.1891
-15.902
-15.6844
-15.5326
-15.4321
-15.3638
-15.3103
-15.2609
-15.2155
-15.185
-15.1869
-15.2404
-15.3612
-15.5552
-15.8151
-16.1277
-16.4838
-16.8851
-17.3446
-17.8789
-18.4972
-19.1923
-19.9458
-20.7352
-21.5422
-22.3597
-23.1988
-24.0864
-25.0525
-26.1139
-27.2597
-28.4598
-29.6769
-30.8799
-32.0556
-33.2195
-34.4122
-35.6799
-37.0465
-38.492
-39.9655
-41.405
-42.7581
-44.0008
-45.154
-46.2789
-47.4485
-48.7099
-50.0555
-51.4448
-52.8336
-54.1888
-52.6256
-51.3913
-50.1267
-48.856
-47.6035
-46.3863
-45.205
-44.0389
-42.8561
-41.6294
-40.3483
-39.0234
-37.6802
-36.3506
-35.0618
-33.8282
-32.6474
-31.5079
-30.3998
-29.3222
-28.2843
-27.2988
-26.3739
-25.507
-24.687
-23.8999
-23.134
-22.3845
-21.6556
-20.9586
-20.3067
-19.7086
-19.1652
-18.6704
-18.2154
-17.7926
-17.399
-17.0371
-16.7147
-16.4403
-16.2187
-16.0485
-15.9227
-15.8318
-15.7671
-15.7233
-15.7005
-15.7046
-15.7448
-15.8317
-15.9737
-16.1745
-16.4327
-16.7443
-17.1063
-17.52
-17.9907
-18.5246
-19.1243
-19.7859
-20.5002
-21.2562
-22.0451
-22.8642
-23.7187
-24.6201
-25.5806
-26.6056
-27.6894
-28.8169
-29.9696
-31.1321
-32.2984
-33.4753
-34.6793
-35.9281
-37.2283
-38.5687
-39.9233
-41.2606
-42.5546
-43.7942
-44.9893
-46.1668
-47.3585
-48.5846
-49.8442
-51.1194
-52.3856
-53.6186
-52.1564
-51.0123
-49.8361
-48.6446
-47.4525
-46.2692
-45.0955
-43.923
-42.7384
-41.5301
-40.2946
-39.0377
-37.7734
-36.5189
-35.2899
-34.0961
-32.9404
-31.8208
-30.7351
-29.6842
-28.6722
-27.7045
-26.7845
-25.9109
-25.0788
-24.2817
-23.514
-22.7736
-22.0625
-21.3858
-20.7497
-20.1586
-19.6135
-19.1122
-18.651
-18.2265
-17.8375
-17.4851
-17.1726
-16.9036
-16.6802
-16.5015
-16.3642
-16.2635
-16.195
-16.1565
-16.1481
-16.1731
-16.2368
-16.3449
-16.5025
-16.7123
-16.9748
-17.2893
-17.6554
-18.0739
-18.5469
-19.0766
-19.6633
-20.3046
-20.9957
-21.7309
-22.5057
-23.3187
-24.1718
-25.0697
-26.0166
-27.0136
-28.057
-29.1387
-30.2488
-31.3794
-32.5266
-33.6924
-34.8826
-36.1025
-37.3526
-38.6252
-39.9062
-41.1788
-42.4293
-43.6517
-44.8495
-46.0339
-47.2182
-48.4105
-49.6097
-50.806
-51.9847
-53.1291
-51.7569
-50.6785
-49.5668
-48.4335
-47.2883
-46.1377
-44.9839
-43.8242
-42.6543
-41.4701
-40.2714
-39.0627
-37.8524
-36.6507
-35.4674
-34.3097
-33.1818
-32.0852
-31.021
-29.9907
-28.997
-28.0425
-27.1288
-26.2557
-25.4211
-24.6218
-23.8557
-23.1216
-22.4207
-21.7554
-21.1289
-20.5434
-19.9997
-19.4973
-19.0347
-18.6106
-18.2243
-17.8766
-17.5689
-17.3026
-17.0785
-16.8963
-16.7541
-16.6497
-16.5812
-16.5473
-16.5487
-16.5872
-16.6658
-16.7882
-16.9572
-17.1751
-17.443
-17.7613
-18.1302
-18.5503
-19.0225
-19.5475
-20.1248
-20.7528
-21.4286
-22.1493
-22.9123
-23.7162
-24.5616
-25.4495
-26.3811
-27.3556
-28.3703
-29.4201
-30.4993
-31.6032
-32.7286
-33.875
-35.0433
-36.2339
-37.4446
-38.6699
-39.9012
-41.1287
-42.3446
-43.5444
-44.7287
-45.901
-47.066
-48.2259
-49.3786
-50.5175
-51.6326
-52.7125
-51.4218
-50.3919
-49.328
-48.2386
-47.131
-46.0105
-44.88
-43.7401
-42.5903
-41.4306
-40.2626
-39.0901
-37.919
-36.756
-35.6081
-34.4808
-33.3783
-32.3034
-31.2584
-30.2451
-29.2658
-28.3222
-27.4156
-26.5461
-25.713
-24.9153
-24.152
-23.4228
-22.7285
-22.0703
-21.45
-20.8689
-20.3276
-19.8262
-19.3641
-18.9411
-18.5568
-18.2118
-17.9065
-17.6418
-17.4178
-17.2344
-17.0907
-16.9856
-16.9184
-16.8887
-16.8969
-16.9444
-17.0331
-17.1652
-17.3426
-17.5672
-17.8398
-18.1613
-18.5321
-18.9527
-19.4233
-19.944
-20.5142
-21.1328
-21.798
-22.5079
-23.2606
-24.0551
-24.8908
-25.7674
-26.6845
-27.6407
-28.6335
-29.6596
-30.7151
-31.7964
-32.9009
-34.0266
-35.1724
-36.3364
-37.516
-38.7063
-39.9016
-41.0956
-42.2828
-43.4597
-44.6248
-45.7784
-46.9207
-48.0512
-49.1668
-50.2624
-51.3307
-52.3632
-51.1474
-50.1533
-49.125
-48.0693
-46.9918
-45.8973
-44.7892
-43.6696
-42.5403
-41.403
-40.2602
-39.1156
-37.9737
-36.8399
-35.7193
-34.6165
-33.5354
-32.4791
-31.4503
-30.4512
-29.4837
-28.5494
-27.6495
-26.7847
-25.9549
-25.16
-24.3999
-23.6747
-22.985
-22.3317
-21.7158
-21.138
-20.5991
-20.0993
-19.6385
-19.2167
-18.834
-18.4907
-18.187
-17.9233
-17.6998
-17.5164
-17.3726
-17.2682
-17.2028
-17.1765
-17.1897
-17.2435
-17.339
-17.4778
-17.6614
-17.8909
-18.1674
-18.4914
-18.8635
-19.2839
-19.7529
-20.2701
-20.835
-21.4468
-22.1041
-22.8055
-23.5497
-24.3354
-25.1618
-26.0278
-26.9323
-27.8737
-28.8496
-29.8575
-30.8943
-31.957
-33.0429
-34.1498
-35.2754
-36.4171
-37.5719
-38.7357
-39.904
-41.0722
-42.2359
-43.3918
-44.5376
-45.6716
-46.7922
-47.8974
-48.9836
-50.0462
-51.0796
-52.0772
-50.9309
-49.963
-48.961
-47.9305
-46.8765
-45.8032
-44.7143
-43.6129
-42.5015
-41.3829
-40.2602
-39.1369
-38.017
-36.9049
-35.8049
-34.7211
-33.657
-32.6158
-31.6001
-30.6122
-29.6542
-28.7276
-27.8338
-26.9734
-26.1472
-25.3554
-24.5983
-23.8764
-23.1901
-22.5402
-21.9274
-21.3523
-20.8155
-20.3172
-19.8577
-19.4371
-19.0557
-18.7136
-18.411
-18.1482
-17.9252
-17.7422
-17.5991
-17.4957
-17.4321
-17.4085
-17.4253
-17.4834
-17.5837
-17.7272
-17.9151
-18.1482
-18.4274
-18.7533
-19.1263
-19.5465
-20.0139
-20.5284
-21.0894
-21.6961
-22.3476
-23.0425
-23.7798
-24.5582
-25.3765
-26.2335
-27.1278
-28.0575
-29.0205
-30.0144
-31.0366
-32.0845
-33.1553
-34.2465
-35.3554
-36.4793
-37.6149
-38.7587
-39.9068
-41.0551
-42.2001
-43.3384
-44.4672
-45.5838
-46.6859
-47.7703
-48.8337
-49.8717
-50.8794
-51.8515
-50.7703
-49.8207
-48.8374
-47.8251
-46.7882
-45.731
-44.6571
-43.57
-42.4728
-41.3687
-40.261
-39.1532
-38.0491
-36.9525
-35.8674
-34.7975
-33.746
-32.716
-31.7102
-30.7309
-29.7801
-28.8594
-27.9704
-27.1139
-26.2907
-25.5016
-24.7471
-24.0276
-23.3438
-22.6963
-22.0857
-21.5125
-20.9772
-20.4803
-20.0219
-19.6023
-19.2218
-18.8806
-18.5788
-18.3167
-18.0943
-17.9119
-17.7694
-17.667
-17.6049
-17.5833
-17.6027
-17.6637
-17.7671
-17.9138
-18.1046
-18.3403
-18.6214
-18.9486
-19.322
-19.7419
-20.2083
-20.7208
-21.279
-21.8821
-22.5293
-23.2195
-23.9515
-24.7243
-25.5364
-26.3865
-27.2729
-28.194
-29.1475
-30.1312
-31.1427
-32.1794
-33.2387
-34.318
-35.4143
-36.5249
-37.6465
-38.7757
-39.9091
-41.043
-42.1739
-43.2986
-44.4139
-45.5168
-46.6044
-47.6733
-48.7199
-49.7402
-50.7298
-51.6841
-50.664
-49.7261
-48.7547
-47.7542
-46.7287
-45.6822
-44.6186
-43.5413
-42.4538
-41.3594
-40.2617
-39.1641
-38.0703
-36.9838
-35.9084
-34.8475
-33.8043
-32.7817
-31.7825
-30.8089
-29.863
-28.9464
-28.0607
-27.2069
-26.3861
-25.5989
-24.8461
-24.1283
-23.4462
-22.8002
-22.191
-21.6191
-21.0849
-20.5889
-20.1313
-19.7124
-19.3325
-18.9919
-18.6906
-18.429
-18.2071
-18.0251
-17.8832
-17.7816
-17.7205
-17.7001
-17.7212
-17.784
-17.8894
-18.0381
-18.2307
-18.4679
-18.7502
-19.0781
-19.4519
-19.8716
-20.3372
-20.8484
-21.4047
-22.0055
-22.6499
-23.337
-24.0656
-24.8346
-25.6424
-26.4878
-27.3691
-28.2843
-29.2316
-30.2086
-31.2131
-32.2424
-33.294
-34.3652
-35.4531
-36.5548
-37.6672
-38.7869
-39.9107
-41.035
-42.1566
-43.272
-44.3781
-45.4717
-46.5494
-47.6079
-48.6436
-49.6524
-50.6304
-51.5733
-50.611
-49.6789
-48.7134
-47.7187
-46.6988
-45.6577
-44.5991
-43.5268
-42.4442
-41.3548
-40.2621
-39.1696
-38.0808
-36.9993
-35.9287
-34.8722
-33.8332
-32.8143
-31.8184
-30.8477
-29.9042
-28.9897
-28.1056
-27.2533
-26.4336
-25.6475
-24.8956
-24.1787
-23.4973
-22.8521
-22.2436
-21.6723
-21.1387
-20.6431
-20.1859
-19.7674
-19.3879
-19.0475
-18.7465
-18.4851
-18.2635
-18.0818
-17.9402
-17.839
-17.7783
-17.7587
-17.7805
-17.8443
-17.9506
-18.1002
-18.2936
-18.5316
-18.8145
-19.1428
-19.5167
-19.9363
-20.4015
-20.912
-21.4675
-22.0671
-22.7102
-23.3957
-24.1226
-24.8895
-25.6953
-26.5383
-27.417
-28.3294
-29.2735
-30.2472
-31.2481
-32.2737
-33.3215
-34.3886
-35.4723
-36.5696
-37.6774
-38.7925
-39.9115
-41.0311
-42.1479
-43.2587
-44.3601
-45.4489
-46.5217
-47.5751
-48.6052
-49.6084
-50.5807
-51.5181
-64.2267
-68.1069
-67.9339
-67.3308
-66.8443
-66.5066
-66.2802
-66.1301
-66.0316
-65.9677
-65.9271
-65.9021
-65.8872
-65.8791
-65.8755
-60.5883
-63.625
-64.7742
-65.1255
-65.2033
-65.2031
-65.1903
-65.1833
-65.1851
-65.1938
-65.2062
-65.2196
-65.2316
-65.2405
-65.2452
-58.7879
-61.0294
-62.411
-63.1924
-63.6386
-63.9107
-64.0928
-64.2262
-64.3304
-64.4146
-64.4829
-64.537
-64.5775
-64.6045
-64.6181
-57.4832
-59.2923
-60.6466
-61.5931
-62.2464
-62.7067
-63.0426
-63.2966
-63.4941
-63.6498
-63.7723
-63.8665
-63.9353
-63.9805
-64.0029
-56.4467
-58.0088
-59.2889
-60.2856
-61.0458
-61.6256
-62.0728
-62.4223
-62.6983
-62.9169
-63.0884
-63.2198
-63.3154
-63.3777
-63.4086
-55.6024
-57.006
-58.2133
-59.2133
-60.0242
-60.6759
-61.1992
-61.62
-61.9586
-62.2295
-62.4434
-62.6076
-62.7271
-62.8051
-62.8436
-54.9051
-56.1985
-57.3436
-58.3291
-59.1605
-59.8534
-60.4268
-60.8988
-61.2851
-61.5979
-61.8468
-62.0388
-62.1788
-62.2705
-62.3158
-54.325
-55.5383
-56.6326
-57.5977
-58.434
-59.1492
-59.7545
-60.2622
-60.6837
-61.0289
-61.3057
-61.5204
-61.6777
-61.7808
-61.8318
-53.8425
-54.9963
-56.0496
-56.9941
-57.8277
-58.5537
-59.1787
-59.7105
-60.1575
-60.5269
-60.8254
-61.0582
-61.2293
-61.3418
-61.3976
-53.4447
-54.5537
-55.5746
-56.5003
-57.3279
-58.0582
-58.6948
-59.2426
-59.7074
-60.0947
-60.4096
-60.6563
-60.8383
-60.9582
-61.0178
-53.1229
-54.1983
-55.194
-56.1037
-56.9244
-57.6554
-58.2985
-58.8566
-59.3337
-59.7337
-60.0606
-60.3178
-60.5081
-60.6337
-60.6962
-52.8711
-53.9218
-54.8983
-55.7953
-56.6094
-57.3395
-57.9859
-58.5505
-59.0358
-59.4447
-59.7801
-60.0449
-60.2412
-60.3711
-60.4357
-52.6853
-53.7185
-54.6813
-55.5687
-56.3775
-57.1061
-57.7541
-58.3225
-58.8131
-59.2278
-59.5691
-59.839
-60.0397
-60.1725
-60.2386
-52.5628
-53.5849
-54.5387
-55.4198
-56.2249
-56.9521
-57.6008
-58.1714
-58.665
-59.0833
-59.4281
-59.7013
-59.9046
-60.0393
-60.1064
-52.502
-53.5186
-54.4681
-55.346
-56.1492
-56.8756
-57.5245
-58.096
-58.5911
-59.011
-59.3576
-59.6323
-59.8369
-59.9725
-60.0401
)
;

boundaryField
{
    hot
    {
        type            calculated;
        value           nonuniform List<scalar> 
120
(
-58.141
-58.203
-58.3267
-58.5115
-58.7565
-59.0604
-59.4214
-59.8368
-60.3035
-60.817
-61.3724
-61.9633
-62.583
-63.2236
-63.8775
-64.4817
-65.0301
-65.5738
-66.1094
-66.6342
-67.1458
-67.6426
-68.1232
-68.5867
-69.0325
-69.4601
-69.8693
-70.2601
-70.6324
-70.9866
-71.3228
-71.6415
-71.943
-72.2279
-72.4966
-72.7497
-72.9879
-73.2115
-73.4212
-73.6175
-73.801
-73.9722
-74.1315
-74.2794
-74.4164
-74.543
-74.6594
-74.7663
-74.8639
-74.9526
-75.0327
-75.1047
-75.1688
-75.2252
-75.2743
-75.3162
-75.3511
-75.3792
-75.4007
-75.4155
-75.4238
-75.4257
-75.421
-75.4097
-75.3918
-75.3672
-75.3356
-75.297
-75.251
-75.1975
-75.1362
-75.0668
-74.9889
-74.9021
-74.8062
-74.7006
-74.5851
-74.4592
-74.3224
-74.1744
-74.0146
-73.8427
-73.6582
-73.4608
-73.2499
-73.0252
-72.7863
-72.5327
-72.2642
-71.9803
-71.6805
-71.3646
-71.0319
-70.6822
-70.315
-69.9298
-69.5264
-69.1046
-68.6643
-68.2057
-67.7294
-67.2365
-66.7284
-66.2076
-65.6769
-65.0862
-64.4394
-63.7984
-63.1718
-62.568
-61.9954
-61.4614
-60.9725
-60.5344
-60.1515
-59.8275
-59.5654
-59.3671
-59.2341
-59.1674
)
;
    }
    cold
    {
        type            calculated;
        value           nonuniform List<scalar> 
120
(
-59.3531
-59.4175
-59.5459
-59.7374
-59.9905
-60.3032
-60.6728
-61.0958
-61.5677
-62.0834
-62.6364
-63.2198
-63.8256
-64.4459
-65.0725
-65.6457
-66.1616
-66.669
-67.1651
-67.648
-68.116
-68.5682
-69.0039
-69.4229
-69.825
-70.2102
-70.5787
-70.9306
-71.2663
-71.5859
-71.8896
-72.1779
-72.451
-72.7092
-72.9529
-73.1823
-73.3979
-73.6
-73.7891
-73.9654
-74.1296
-74.282
-74.423
-74.5532
-74.673
-74.7828
-74.883
-74.9742
-75.0566
-75.1308
-75.1971
-75.2558
-75.3074
-75.352
-75.39
-75.4216
-75.447
-75.4664
-75.4799
-75.4877
-75.4897
-75.4862
-75.4769
-75.462
-75.4413
-75.4148
-75.3823
-75.3438
-75.2991
-75.2478
-75.19
-75.1252
-75.0532
-74.9736
-74.8862
-74.7906
-74.6863
-74.573
-74.4503
-74.3176
-74.1746
-74.0207
-73.8556
-73.6788
-73.4898
-73.2883
-73.0736
-72.8455
-72.6035
-72.3469
-72.0754
-71.7883
-71.485
-71.165
-70.8276
-70.4722
-70.0983
-69.7053
-69.2931
-68.8615
-68.411
-67.9424
-67.4572
-66.9574
-66.4461
-65.8747
-65.2465
-64.6215
-64.0085
-63.4162
-62.8532
-62.327
-61.8445
-61.4115
-61.0326
-60.7117
-60.4519
-60.2552
-60.1232
-60.057
)
;
    }
    interface_left
    {
        type            calculated;
        value           nonuniform List<scalar> 
90
(
-94.8313
-75.5724
-76.034
-66.1164
-76.7888
-69.1685
-61.2571
-73.6903
-62.1933
-79.6596
-68.3976
-79.5343
-70.8701
-79.2501
-73.7295
-68.593
-76.3123
-69.6026
-79.1794
-73.1999
-78.751
-75.1695
-72.0199
-76.5173
-72.7196
-76.9628
-73.1544
-78.2185
-75.0571
-77.7569
-75.9592
-74.4429
-76.5083
-74.7941
-76.6067
-74.999
-77.0212
-75.7714
-76.7331
-76.0808
-75.5813
-76.2288
-75.7704
-76.1932
-75.9098
-76.1459
-76.0747
-75.969
-76.0654
-76.2716
-75.9714
-76.4725
-75.8129
-76.682
-75.2674
-76.3602
-75.0583
-76.0009
-77.0926
-75.5457
-77.4136
-75.0844
-77.7697
-73.5711
-76.6088
-73.1342
-75.5311
-78.1671
-74.2966
-78.5672
-73.1631
-78.9774
-69.8934
-76.1586
-69.0697
-73.7263
-78.6272
-71.1608
-78.6549
-69.0956
-78.5537
-64.109
-73.4519
-63.936
-70.1068
-75.7166
-69.1995
-75.8939
-82.9635
-100.731
)
;
    }
    interface_right
    {
        type            calculated;
        value           nonuniform List<scalar> 
90
(
-100.725
-84.0273
-75.2774
-70.7827
-65.666
-71.4934
-63.7293
-73.6923
-63.7307
-78.8201
-68.9638
-78.806
-71.0778
-78.7164
-73.686
-68.9154
-76.1595
-69.75
-79.0358
-73.0883
-78.6138
-74.2429
-78.2057
-75.5047
-73.0456
-76.6103
-73.4875
-77.8086
-75.0417
-77.4466
-75.5154
-77.1203
-75.9865
-75.0038
-76.3611
-75.2155
-76.701
-75.7889
-76.4975
-76.024
-75.6688
-76.1392
-75.8376
-76.1092
-75.9795
-76.0236
-76.0939
-75.8812
-76.1362
-75.7087
-76.0356
-76.4866
-75.807
-76.705
-75.2273
-76.4024
-75.0567
-76.3184
-74.7833
-75.8958
-77.2073
-75.2165
-77.4897
-73.8482
-76.4941
-73.4269
-75.5413
-77.882
-74.4219
-78.2288
-73.382
-78.5504
-70.4958
-76.0357
-69.8199
-73.9234
-78.2362
-71.694
-78.2705
-69.9199
-78.1847
-65.6814
-73.8103
-65.7379
-71.1165
-75.9941
-70.8098
-76.6097
-85.2012
-102.571
)
;
    }
    interface_top
    {
        type            calculated;
        value           nonuniform List<scalar> 
90
(
-50.2861
-56.5131
-56.0817
-49.335
-43.2506
-27.9075
-42.255
-47.7643
-54.1809
-53.7244
-45.929
-41.8357
-35.3578
-30.3927
-19.2401
-28.0979
-31.1874
-34.2876
-33.3367
-27.137
-22.9448
-14.0707
-19.6778
-21.3974
-22.4781
-23.0889
-24.41
-23.4197
-18.7973
-15.8122
-9.73293
-13.4733
-14.6473
-15.4663
-15.9726
-17.0947
-16.5303
-13.522
-11.5308
-7.33513
-10.3976
-11.5234
-12.6647
-13.4399
-15.087
-15.0284
-13.1891
-12.3027
-10.9914
-9.81552
-6.80218
-10.4559
-12.0961
-14.4293
-14.6694
-13.1092
-11.7523
-8.11183
-12.4751
-14.4541
-17.0957
-18.8543
-22.3078
-22.6826
-20.3863
-18.3173
-12.6275
-19.7397
-22.9872
-27.3561
-30.2264
-35.8158
-36.4018
-32.641
-29.2216
-19.8634
-31.1516
-36.1621
-42.6909
-46.8698
-54.9231
-55.44
-48.9827
-43.3642
-28.6412
-44.4314
-50.683
-57.6019
-57.96
-51.2851
)
;
    }
    interface_bottom
    {
        type            calculated;
        value           nonuniform List<scalar> 
90
(
-46.7017
-50.2396
-46.4764
-29.5252
-44.192
-49.3845
-53.949
-56.6436
-61.8661
-60.5396
-50.8908
-45.9921
-38.571
-33.0579
-20.9342
-30.6114
-34.0889
-37.8224
-37.1154
-31.1594
-28.0975
-23.4475
-20.0456
-12.7073
-18.23
-20.1234
-22.0051
-21.3581
-17.3804
-14.7268
-9.17145
-12.7846
-13.951
-14.8332
-15.3703
-16.524
-16.013
-13.1505
-11.2432
-7.19263
-10.2389
-11.3771
-12.5647
-13.3661
-15.0521
-15.0179
-13.2189
-12.3572
-11.0865
-9.92251
-6.90002
-10.651
-12.3427
-14.7573
-15.0193
-13.4484
-12.0688
-8.34278
-12.8732
-14.9323
-17.6887
-19.5113
-23.0727
-23.4529
-21.0643
-18.917
-13.0247
-20.3861
-23.7321
-28.2128
-31.1256
-36.7587
-37.297
-33.3298
-29.7833
-20.1805
-31.6036
-36.6262
-43.0929
-47.1833
-55.0017
-55.3861
-48.7097
-43.0363
-28.3698
-43.8965
-50.0225
-56.7714
-57.0795
-50.4222
)
;
    }
    defaultFaces
    {
        type            empty;
    }
}


// ************************************************************************* //
