/*--------------------------------*- C++ -*----------------------------------*\
| =========                 |                                                 |
| \\      /  F ield         | OpenFOAM: The Open Source CFD Toolbox           |
|  \\    /   O peration     | Version:  5.x                                   |
|   \\  /    A nd           | Web:      www.OpenFOAM.org                      |
|    \\/     M anipulation  |                                                 |
\*---------------------------------------------------------------------------*/
FoamFile
{
    version     2.0;
    format      ascii;
    class       volScalarField;
    location    "0.9";
    object      gradTy;
}
// * * * * * * * * * * * * * * * * * * * * * * * * * * * * * * * * * * * * * //

dimensions      [0 -1 0 1 0 0 0];

internalField   nonuniform List<scalar> 
6300
(
32270.9
32212.8
32154.7
32096.8
32039.2
31981.8
31924.8
31868.2
31812.1
31756.5
31701.5
31647.3
31593.8
31541.1
31489.2
-0.0464032
-0.139404
-0.232984
-0.327459
-0.42302
-0.519707
-0.617353
-0.71555
-0.813619
-0.910618
-1.00539
-1.09668
-1.18324
-1.26413
-1.33882
-0.0771118
-0.23169
-0.3873
-0.544517
-0.703724
-0.865037
-1.02822
-1.19262
-1.35709
-1.52002
-1.67937
-1.83284
-1.97818
-2.11355
-2.23791
-0.107454
-0.322917
-0.539984
-0.759556
-0.982287
-1.20845
-1.43783
-1.66956
-1.90205
-2.13295
-2.35915
-2.57707
-2.78302
-2.97391
-3.14788
-0.137241
-0.412517
-0.690111
-0.971371
-1.25733
-1.54856
-1.84496
-2.1456
-2.44848
-2.75043
-3.04708
-3.3331
-3.60278
-3.85099
-4.07448
-0.166229
-0.499775
-0.83653
-1.17842
-1.52703
-1.8834
-2.24776
-2.61927
-2.9957
-3.37306
-3.74549
-4.10533
-4.44386
-4.75267
-5.02586
-0.194107
-0.583774
-0.977739
-1.37866
-1.78887
-2.2101
-2.64323
-3.08786
-3.5418
-4.00043
-4.45626
-4.89865
-5.31442
-5.68973
-6.01365
-0.220521
-0.663434
-1.11192
-1.56954
-2.03956
-2.52475
-3.02704
-3.54698
-4.08299
-4.6304
-5.18025
-5.71834
-6.22514
-6.67785
-7.05592
-0.245049
-0.737482
-1.2369
-1.7479
-2.27494
-2.82216
-3.39303
-3.98982
-4.61258
-5.25768
-5.91571
-6.56898
-7.18955
-7.74015
-8.18173
-0.267227
-0.804492
-1.35021
-1.91012
-2.49001
-3.09573
-3.73292
-4.40647
-5.11957
-5.87173
-6.65558
-7.45188
-8.2234
-8.91084
-9.43964
-0.286577
-0.862986
-1.44925
-2.05221
-2.67909
-3.33767
-4.03621
-4.78332
-5.58719
-6.45373
-7.38254
-8.35899
-9.34063
-10.2393
-10.9138
-0.302648
-0.911566
-1.53149
-2.17023
-2.83632
-3.53943
-4.29069
-5.10314
-5.99181
-6.97302
-8.06131
-9.26023
-10.54
-11.7912
-12.7581
-0.315074
-0.949074
-1.59481
-2.26075
-2.95637
-3.69283
-4.48376
-5.34644
-6.30348
-7.38474
-8.62879
-10.0799
-11.7671
-13.6267
-15.2764
-0.323626
-0.974779
-1.63783
-2.32143
-3.03541
-3.79156
-4.6048
-5.49507
-6.49051
-7.63311
-8.98854
-10.6626
-12.8213
-15.6714
-19.1048
-0.328256
-0.988513
-1.6602
-2.35159
-3.0721
-3.83299
-4.64857
-5.53818
-6.52993
-7.66806
-9.02901
-10.7599
-13.1833
-17.1321
-25.2119
31442.5
31400.7
31359.6
31319.2
31279.6
31240.6
31202.5
31165.2
31128.6
31093
31058.1
31024.1
30991
30958.8
30927.5
30897.1
30867.6
30838.9
30811.2
30784.3
30758.2
30733
30708.6
30685
30662.2
30640
30618.6
30597.9
30577.8
30558.3
30539.3
30520.9
30503
30485.5
30468.5
30451.8
30435.5
30419.4
30403.7
30388.2
30372.9
30357.7
30342.7
30327.8
30312.9
30298.1
30283.2
30268.3
30253.4
30238.3
30223
30207.6
30191.9
30176
30159.8
30143.2
30126.2
30108.9
30091
30072.7
30053.9
30034.5
30014.5
29993.9
29972.6
29950.6
29928
29904.6
29880.4
29855.4
29829.6
29803
29775.5
29747.2
29718
29687.9
29656.9
29625.1
29592.3
29558.6
29524
29488.5
29452.1
29414.8
29376.7
29337.7
29297.8
29257.2
29215.7
29173.5
-1.40168
-1.45502
-1.50514
-1.55278
-1.59861
-1.64308
-1.6863
-1.72799
-1.76746
-1.80371
-1.83561
-1.86201
-1.88195
-1.8947
-1.89985
-1.89722
-1.88684
-1.86886
-1.84351
-1.81105
-1.77179
-1.72612
-1.6745
-1.61749
-1.5557
-1.4898
-1.42044
-1.34828
-1.27391
-1.19791
-1.12078
-1.04298
-0.964886
-0.88681
-0.808966
-0.731493
-0.65446
-0.577896
-0.501805
-0.426176
-0.350985
-0.276181
-0.201671
-0.127313
-0.0529153
0.0217451
0.096895
0.172731
0.249389
0.326924
0.405302
0.484408
0.564058
0.644013
0.723996
0.803696
0.882781
0.960906
1.03773
1.11293
1.18622
1.25737
1.32616
1.3924
1.45586
1.51632
1.57348
1.62704
1.67672
1.72226
1.76347
1.80018
1.83227
1.85963
1.88209
1.89946
1.91157
1.91826
1.91947
1.91523
1.90566
1.89088
1.87097
1.84589
1.81544
1.77927
1.737
1.68823
1.63272
1.5704
-2.34194
-2.42981
-2.51219
-2.59052
-2.66616
-2.74009
-2.81259
-2.88316
-2.95051
-3.01275
-3.0677
-3.11326
-3.14763
-3.16958
-3.17843
-3.17401
-3.15648
-3.12617
-3.08351
-3.02891
-2.96288
-2.88603
-2.79913
-2.70313
-2.59911
-2.48822
-2.37161
-2.25039
-2.12556
-1.99809
-1.86883
-1.73855
-1.60793
-1.47747
-1.34753
-1.21831
-1.08989
-0.962292
-0.835505
-0.709513
-0.584293
-0.459783
-0.335844
-0.212235
-0.0886108
0.0354464
0.160368
0.286529
0.414189
0.543451
0.67425
0.806372
0.939484
1.07317
1.20695
1.3403
1.47265
1.60338
1.73192
1.85769
1.98022
2.09912
2.21408
2.32479
2.43095
2.53213
2.62786
2.71759
2.80078
2.87699
2.94589
3.00727
3.06096
3.10679
3.14451
3.17376
3.19416
3.20542
3.20738
3.20015
3.18399
3.15925
3.12615
3.08468
3.03447
2.97486
2.90501
2.82414
2.7317
2.62754
-3.29194
-3.41264
-3.52522
-3.63229
-3.73639
-3.83936
-3.9419
-4.04323
-4.14118
-4.23253
-4.31361
-4.38087
-4.43147
-4.46358
-4.4764
-4.46995
-4.44478
-4.40156
-4.34094
-4.2635
-4.16981
-4.06065
-3.9371
-3.80055
-3.65264
-3.4951
-3.32966
-3.15789
-2.98123
-2.80103
-2.61851
-2.43481
-2.2509
-2.06754
-1.88519
-1.70408
-1.52425
-1.34562
-1.16814
-0.99181
-0.816636
-0.642606
-0.469572
-0.297196
-0.124931
0.0479153
0.22208
0.398207
0.576737
0.757834
0.941376
1.12701
1.31419
1.50232
1.69067
1.87851
2.06498
2.24921
2.43026
2.6073
2.77964
2.94676
3.10831
3.26398
3.41341
3.55605
3.69114
3.8178
3.93516
4.04251
4.13942
4.22569
4.30123
4.36592
4.41939
4.46106
4.49021
4.50622
4.50881
4.49819
4.47496
4.43991
4.39366
4.33631
4.26729
4.18541
4.08914
3.97696
3.8478
3.70125
-4.25651
-4.40698
-4.54603
-4.67822
-4.80811
-4.93919
-5.0729
-5.20813
-5.34133
-5.46714
-5.57943
-5.6725
-5.74198
-5.78541
-5.80214
-5.79292
-5.75911
-5.70206
-5.62268
-5.52154
-5.39908
-5.25609
-5.09388
-4.91441
-4.72009
-4.51346
-4.29689
-4.0725
-3.8421
-3.60738
-3.36997
-3.13144
-2.89317
-2.65621
-2.42114
-2.1881
-1.95693
-1.72736
-1.49921
-1.2725
-1.04739
-0.824047
-0.602404
-0.38204
-0.162132
0.0584484
0.28093
0.506395
0.735562
0.96867
1.20548
1.44538
1.68755
1.93111
2.17514
2.41867
2.66057
2.89959
3.13438
3.3637
3.58658
3.80243
4.01101
4.21218
4.40567
4.59083
4.76655
4.9314
5.08394
5.22308
5.34828
5.45955
5.55715
5.64118
5.71126
5.76639
5.80517
5.82634
5.82928
5.81439
5.78296
5.73672
5.67716
5.60475
5.51863
5.41671
5.29617
5.15427
4.98897
4.79942
-5.24267
-5.41772
-5.57668
-5.72742
-5.87813
-6.03526
-6.20175
-6.37604
-6.55226
-6.72135
-6.87312
-6.99827
-7.09022
-7.14587
-7.16547
-7.1515
-7.10715
-7.03492
-6.936
-6.81049
-6.65817
-6.47941
-6.27573
-6.0499
-5.80552
-5.54633
-5.27562
-4.99596
-4.70939
-4.4178
-4.12323
-3.82787
-3.53374
-3.24233
-2.95432
-2.66957
-2.38744
-2.10717
-1.82831
-1.55097
-1.2757
-1.00311
-0.733452
-0.466273
-0.200332
0.0662265
0.33548
0.609256
0.888728
1.17421
1.46517
1.76054
2.05899
2.35932
2.66045
2.96127
3.26044
3.5562
3.84652
4.1295
4.40378
4.66875
4.92454
5.17159
5.41008
5.63938
5.85779
6.0629
6.25218
6.42387
6.57738
6.71328
6.83277
6.93671
7.02484
7.09542
7.14566
7.17286
7.17561
7.15458
7.11244
7.05291
6.97932
6.89309
6.79291
6.67496
6.53411
6.36538
6.16518
5.93187
-6.26032
-6.45136
-6.61888
-6.77639
-6.93858
-7.11752
-7.31902
-7.5409
-7.77316
-8.00031
-8.20492
-8.3717
-8.49057
-8.55811
-8.577
-8.55372
-8.49523
-8.40612
-8.28754
-8.13799
-7.9553
-7.7386
-7.48948
-7.2121
-6.91227
-6.59583
-6.26727
-5.9294
-5.58393
-5.23255
-4.87768
-4.52256
-4.17044
-3.82361
-3.48284
-3.14734
-2.81533
-2.48498
-2.15527
-1.82653
-1.5002
-1.178
-0.860981
-0.548774
-0.239465
0.0700819
0.383477
0.703872
1.0332
1.3718
1.7185
2.0712
2.4277
2.78635
3.14615
3.50624
3.8652
4.22059
4.5692
4.90782
5.23433
5.54823
5.85059
6.14326
6.42767
6.7035
6.9681
7.21705
7.44565
7.65072
7.83168
7.99051
8.1306
8.25483
8.36352
8.45354
8.51913
8.55437
8.55597
8.52497
8.46673
8.38912
8.29947
8.20132
8.09257
7.966
7.81198
7.62164
7.38886
7.11097
-7.32541
-7.51841
-7.67499
-7.81805
-7.97428
-8.16654
-8.40615
-8.68996
-9.00057
-9.31088
-9.59038
-9.81332
-9.96405
-10.0397
-10.0485
-10.0059
-9.92673
-9.81911
-9.68305
-9.51259
-9.30085
-9.04393
-8.74339
-8.40614
-8.04249
-7.66233
-7.27191
-6.87342
-6.46665
-6.05196
-5.63218
-5.21265
-4.79925
-4.39592
-4.00354
-3.61984
-3.24066
-2.86168
-2.48068
-2.09848
-1.71861
-1.34536
-0.981495
-0.627042
-0.278892
0.0684281
0.421414
0.78562
1.16431
1.55768
1.96312
2.37631
2.7932
3.21161
3.63129
4.0527
4.47493
4.8946
5.30604
5.70334
6.08279
6.44404
6.79026
7.1265
7.45725
7.78336
8.10052
8.40003
8.67246
8.91172
9.11722
9.29407
9.45061
9.59464
9.72834
9.84607
9.93552
9.98349
9.98243
9.93372
9.84806
9.74178
9.631
9.52392
9.417
9.2957
9.14128
8.93816
8.67668
8.35327
-8.46472
-8.63716
-8.74975
-8.83989
-8.95717
-9.1463
-9.42845
-9.7991
-10.227
-10.6644
-11.0558
-11.3575
-11.5443
-11.6159
-11.5928
-11.5095
-11.3978
-11.2717
-11.1268
-10.9454
-10.7103
-10.4109
-10.0491
-9.63717
-9.19549
-8.74267
-8.28728
-7.82854
-7.35994
-6.87795
-6.38557
-5.89321
-5.41289
-4.95186
-4.51119
-4.08534
-3.66519
-3.24086
-2.80742
-2.36669
-1.92715
-1.49889
-1.08821
-0.696033
-0.316965
0.0587368
0.443276
0.846559
1.2743
1.72615
2.19651
2.67599
3.15635
3.63485
4.11372
4.59769
5.08804
5.58012
6.06286
6.52416
6.95695
7.36097
7.74372
8.11695
8.49282
8.87535
9.2575
9.62112
9.94606
10.2203
10.4429
10.6257
10.7874
10.948
11.1148
11.2779
11.4102
11.4818
11.476
11.3941
11.2575
11.0993
10.9556
10.8447
10.7605
10.6715
10.5391
10.3372
10.0522
9.6822
-9.7253
-9.84113
-9.85582
-9.82164
-9.83573
-9.99129
-10.3225
-10.825
-11.4387
-12.0831
-12.6495
-13.0661
-13.2892
-13.3278
-13.2227
-13.0528
-12.8889
-12.7506
-12.6223
-12.4548
-12.2114
-11.8672
-11.4262
-10.9104
-10.3639
-9.82608
-9.3069
-8.79729
-8.27199
-7.71844
-7.1385
-6.55599
-5.99835
-5.4781
-4.99714
-4.54233
-4.09546
-3.63288
-3.14443
-2.63299
-2.11923
-1.62691
-1.16814
-0.746023
-0.350114
0.0363652
0.438168
0.872272
1.34958
1.86792
2.41673
2.97436
3.52207
4.05743
4.58866
5.13332
5.69843
6.27884
6.85033
7.38574
7.8722
8.30818
8.71044
9.10314
9.51827
9.96733
10.4406
10.8973
11.292
11.6025
11.8253
11.9867
12.125
12.2916
12.5057
12.7532
12.9713
13.0903
13.0781
12.9322
12.6967
12.435
12.2317
12.1257
12.1099
12.1085
12.0361
11.8546
11.5491
11.1326
-11.1921
-11.1899
-11.0314
-10.7331
-10.51
-10.583
-10.9699
-11.6908
-12.6066
-13.6146
-14.4593
-15.0536
-15.3002
-15.2472
-14.9463
-14.5878
-14.3437
-14.2156
-14.1748
-14.0741
-13.8584
-13.4634
-12.9117
-12.2284
-11.5203
-10.8833
-10.3133
-9.78926
-9.22534
-8.59752
-7.8957
-7.1835
-6.53051
-5.94827
-5.44591
-4.98834
-4.54881
-4.06262
-3.51495
-2.90303
-2.28077
-1.70695
-1.19555
-0.75852
-0.369922
-0.00830033
0.386329
0.835585
1.3656
1.96572
2.62417
3.28698
3.90562
4.486
5.04436
5.63958
6.28693
6.9905
7.68989
8.31799
8.86033
9.30416
9.69113
10.0572
10.495
11.0246
11.6477
12.2629
12.7593
13.1113
13.2965
13.3811
13.4219
13.567
13.8487
14.271
14.6752
14.888
14.8731
14.5997
14.174
13.6869
13.3681
13.2774
13.4388
13.6484
13.6906
13.5509
13.2064
12.756
-13.0258
-12.7633
-12.4076
-11.536
-10.7568
-10.7217
-11.1353
-12.2744
-13.6406
-15.38
-16.6284
-17.5406
-17.7413
-17.5223
-16.752
-15.9571
-15.6305
-15.5538
-15.8125
-15.8582
-15.7629
-15.2842
-14.586
-13.5815
-12.5736
-11.8436
-11.253
-10.838
-10.2702
-9.58266
-8.66739
-7.72529
-6.9604
-6.30305
-5.82984
-5.40805
-5.06904
-4.5806
-3.97777
-3.18771
-2.37235
-1.69698
-1.11571
-0.70116
-0.350776
-0.100421
0.255882
0.682623
1.28065
1.97949
2.82526
3.6631
4.34417
4.94615
5.44685
6.07062
6.79428
7.70801
8.63186
9.37346
9.98997
10.3816
10.7015
10.9075
11.3392
11.9469
12.8653
13.799
14.4339
14.8592
14.9116
14.8378
14.5675
14.6447
14.988
15.8138
16.6535
17.0125
17.0389
16.485
15.7386
14.6948
14.1749
14.0644
14.697
15.428
15.6059
15.5408
15.0152
14.6308
-15.5871
-14.4702
-14.5259
-12.2048
-9.93086
-10.2134
-10.2545
-12.5298
-14.1359
-17.8509
-19.2801
-21.051
-20.7855
-20.59
-18.5915
-16.6509
-16.5559
-16.4081
-17.7559
-17.8442
-18.2185
-17.4202
-16.7006
-14.9385
-13.2258
-12.6024
-11.9392
-12.1062
-11.4866
-10.8952
-9.47711
-8.01137
-7.2349
-6.39215
-6.13931
-5.70814
-5.80409
-5.263
-4.7099
-3.50854
-2.26207
-1.55124
-0.795538
-0.55123
-0.187435
-0.345029
0.0240596
0.282991
1.05053
1.78165
3.03772
4.26491
4.89654
5.55207
5.67194
6.35766
7.02772
8.41076
9.83603
10.6088
11.4431
11.5622
11.8753
11.4324
11.9292
12.4209
14.0605
15.7645
16.4093
17.1435
16.7076
16.5763
15.2115
15.338
15.4313
17.3353
19.3226
19.6143
20.0388
18.6461
17.7296
14.947
14.3905
13.7798
15.8119
18.0025
17.8694
18.1924
16.619
16.9653
-20.1621
-14.4871
-20.0653
-12.8043
-5.42248
-10.0518
-6.15582
-13.7478
-11.5939
-23.6128
-21.4389
-27.4933
-23.7284
-26.2532
-20.3474
-14.6865
-17.5571
-15.1082
-21.5128
-19.418
-22.3623
-19.443
-20.3164
-16.2243
-12.3092
-13.4182
-11.43
-14.5072
-12.6625
-13.3984
-10.3555
-7.30488
-7.60487
-5.63174
-6.7056
-5.24926
-7.45665
-5.96283
-6.37575
-3.89443
-1.38048
-1.47013
0.261073
-0.573387
0.726672
-1.34821
-0.0492945
-0.849261
0.87269
0.827678
3.29171
5.72433
5.41451
6.92934
5.08216
6.66715
6.23436
9.05264
11.9798
11.7557
13.9259
12.4633
14.1378
10.6036
12.5264
11.2416
15.1625
19.255
18.2556
21.1123
18.0646
20.0904
13.7074
16.0785
13.2664
18.7362
24.4325
22.0243
25.6549
20.1207
22.407
11.993
14.6833
9.68911
16.6976
23.9222
19.4756
23.5739
15.4577
20.8671
-34.2918
1.70237
-44.0917
-13.5766
16.3834
-22.165
14.4872
-28.9984
11.3588
-49.8106
-11.7474
-48.0738
-17.6126
-44.0552
-21.7489
-0.435161
-26.2169
-1.05795
-37.5075
-13.7346
-34.9489
-16.0032
-31.0818
-17.2544
-4.15695
-18.6933
-3.62567
-23.9952
-10.1218
-21.3428
-11.2442
-1.77292
-11.2476
-0.483076
-10.9149
0.485857
-14.4388
-3.91678
-12.2092
-4.32707
3.25069
-4.01077
5.01258
-3.66905
6.50091
-7.20974
2.89968
-5.61328
3.23912
-3.73954
3.59083
11.1329
3.30494
13.1478
-0.45023
9.88198
0.759102
9.53745
18.6613
9.4545
21.6398
8.84685
23.9001
1.91605
17.7418
2.5651
16.0167
30.077
14.5482
33.5824
12.1144
35.7121
-0.403942
24.2811
-0.82628
19.8094
41.2112
15.7365
44.4665
10.3319
45.371
-9.83312
26.0397
-11.6872
17.2702
46.6463
8.77536
46.5425
-5.18238
34.2405
29126.3
29073.7
29020.2
28965.8
28910.5
28854.6
28797.9
28740.7
28683
28624.8
28566.2
28507.4
28448.3
28389
28329.7
1.4946
1.4032
1.30445
1.20004
1.09181
0.981548
0.870842
0.760944
0.652739
0.546747
0.443159
0.341889
0.242634
0.144929
0.0481989
2.50042
2.34665
2.18021
2.00416
1.82179
1.63629
1.4504
1.26626
1.08535
0.908499
0.73596
0.56753
0.40264
0.240454
0.07996
3.5214
3.30281
3.06561
2.81461
2.55493
2.29143
2.02818
1.76831
1.51385
1.26587
1.02459
0.78958
0.559901
0.334263
0.111138
4.56478
4.27756
3.9648
3.63371
3.29188
2.94626
2.60255
2.26487
1.93579
1.61644
1.30687
1.00622
0.713067
0.425526
0.141452
5.63942
5.27785
4.8823
4.46354
4.0326
3.5992
3.17089
2.75283
2.34792
1.95716
1.58011
1.21529
0.860551
0.513277
0.17058
6.75636
6.31189
5.82281
5.30538
4.77565
4.24698
3.72898
3.22766
2.74589
2.28411
1.84102
1.41419
1.00049
0.596402
0.198149
7.93023
7.38989
6.79111
6.15905
5.51724
4.88377
4.27024
3.68291
3.12388
2.59235
2.0856
1.59986
1.13075
0.673636
0.223742
9.18174
8.52525
7.79173
7.02167
6.2498
5.49992
4.78486
4.10966
3.47433
2.87576
2.30913
1.76882
1.24895
0.743596
0.246905
10.543
9.73693
8.82821
7.88549
6.95983
6.08046
5.25887
4.49611
3.78781
3.12713
2.50626
1.91728
1.35257
0.804844
0.267173
12.0674
11.0516
9.89885
8.7323
7.62385
6.60299
5.67354
4.82762
4.0534
3.33854
2.67138
2.0414
1.43912
0.855992
0.284097
13.8554
12.5025
10.9825
9.5201
8.20017
7.03402
6.00436
5.08706
4.25939
3.50206
2.79921
2.13769
1.50644
0.895853
0.297301
16.1488
14.1188
12.0075
10.1642
8.62194
7.32802
6.22236
5.25653
4.39476
3.61093
2.88556
2.2036
1.553
0.923619
0.306531
19.5812
15.8162
12.7639
10.507
8.79496
7.4332
6.29998
5.32154
4.45195
3.66118
2.92834
2.23803
1.57824
0.939028
0.311712
25.3742
16.8003
12.7237
10.3041
8.61747
7.30933
6.22229
5.27729
4.43008
3.65332
2.92843
2.24182
1.5828
0.942465
0.312972
-0.329321
-0.991408
-1.66399
-2.35457
-3.07154
-3.82468
-4.626
-5.49117
-6.44202
-7.51154
-8.75446
-10.2714
-12.2686
-15.2168
-20.2623
-0.327623
-0.985931
-1.65353
-2.33692
-3.04312
-3.77991
-4.55611
-5.38198
-6.26969
-7.23356
-8.28874
-9.4412
-10.6378
-11.5328
-10.4089
-0.323779
-0.973954
-1.63201
-2.30332
-2.99335
-3.70764
-4.45154
-5.22959
-6.04409
-6.89172
-7.75503
-8.58005
-9.21571
-9.25052
-7.60652
-0.318102
-0.956452
-1.60123
-2.25663
-2.92663
-3.61468
-4.32307
-5.05161
-5.79515
-6.53865
-7.2476
-7.84992
-8.21013
-8.1338
-7.60182
-0.310913
-0.934435
-1.56299
-2.19971
-2.84728
-3.50748
-4.18041
-4.86291
-5.54588
-6.20934
-6.81405
-7.2873
-7.50742
-7.33288
-6.91264
-0.302526
-0.90887
-1.51901
-2.13518
-2.75905
-3.39133
-4.03091
-4.67359
-5.30975
-5.9206
-6.47169
-6.89969
-7.07862
-6.70207
-4.6595
-0.293224
-0.880619
-1.47077
-2.0652
-2.66491
-3.27001
-3.87911
-4.4885
-5.09077
-5.67307
-6.2148
-6.68436
-7.03532
-7.22782
-7.45914
-0.283247
-0.850405
-1.41948
-1.99147
-2.56695
-3.14581
-3.72699
-4.30811
-4.88527
-5.45334
-6.00796
-6.55083
-7.10174
-7.72619
-8.53486
-0.272792
-0.818811
-1.36608
-1.91522
-2.46654
-3.01993
-3.57482
-4.13029
-4.68572
-5.24257
-5.80913
-6.41129
-7.11675
-8.09622
-9.78163
-0.262016
-0.786301
-1.3113
-1.83736
-2.36459
-2.89291
-3.42213
-3.95235
-4.48491
-5.02473
-5.58537
-6.19964
-6.94112
-7.97558
-9.7111
-0.251047
-0.753245
-1.25573
-1.75859
-2.26177
-2.76516
-3.26866
-3.77264
-4.27884
-4.79213
-5.32416
-5.89934
-6.56168
-7.36771
-8.26017
-0.239989
-0.719949
-1.19983
-1.67949
-2.15872
-2.63722
-3.11473
-3.59128
-4.06765
-4.54628
-5.03278
-5.53822
-6.08217
-6.69948
-7.48084
-0.228932
-0.686671
-1.14401
-1.60062
-2.05608
-2.50986
-2.96136
-3.4099
-3.85472
-4.29476
-4.72805
-5.15011
-5.55144
-5.91703
-6.21361
-0.217951
-0.653637
-1.08865
-1.52248
-1.95452
-2.38399
-2.80994
-3.23098
-3.64494
-4.04776
-4.43096
-4.77615
-5.04533
-5.18226
-5.27053
-0.20711
-0.621037
-1.03407
-1.44553
-1.85465
-2.26048
-2.6618
-3.05685
-3.44276
-3.81422
-4.16013
-4.45476
-4.63087
-4.48108
-3.19713
-0.196464
-0.589036
-0.980524
-1.37014
-1.75699
-2.14003
-2.51793
-2.88894
-3.25046
-3.59827
-3.92479
-4.21549
-4.44257
-4.56736
-4.67245
-0.186056
-0.557764
-0.928244
-1.29662
-1.66192
-2.02306
-2.37876
-2.72752
-3.06757
-3.39697
-3.7142
-4.02024
-4.32517
-4.66718
-5.14443
-0.175921
-0.527322
-0.87739
-1.22518
-1.56969
-1.90981
-2.24434
-2.57206
-2.89195
-3.204
-3.51129
-3.82564
-4.18189
-4.67295
-5.52701
-0.166085
-0.497789
-0.828084
-1.15599
-1.48046
-1.80038
-2.11459
-2.42195
-2.72169
-3.01423
-3.30338
-3.60183
-3.94488
-4.42651
-5.30794
-0.156566
-0.469216
-0.780411
-1.08914
-1.39434
-1.69487
-1.98953
-2.27707
-2.55635
-2.82673
-3.08893
-3.34694
-3.61156
-3.90233
-4.20198
-0.147376
-0.441639
-0.734425
-1.02471
-1.31143
-1.5934
-1.86936
-2.13785
-2.39713
-2.64485
-2.87732
-3.08739
-3.26001
-3.37191
-3.48257
-0.138521
-0.415074
-0.690153
-0.962741
-1.23177
-1.49607
-1.75435
-2.005
-2.24587
-2.47349
-2.68121
-2.85379
-2.95058
-2.8423
-2.01932
-0.130001
-0.389522
-0.647592
-0.903217
-1.15536
-1.4029
-1.64458
-1.8789
-2.10377
-2.31592
-2.50946
-2.67278
-2.78351
-2.80898
-2.78915
-0.121812
-0.364969
-0.606715
-0.846093
-1.08212
-1.31376
-1.53991
-1.75932
-1.97045
-2.17125
-2.35865
-2.52826
-2.67563
-2.80709
-2.9836
-0.113946
-0.341387
-0.567469
-0.79128
-1.0119
-1.22841
-1.43989
-1.64545
-1.84429
-2.03584
-2.2202
-2.39917
-2.57878
-2.7739
-3.0091
-0.106392
-0.318743
-0.52979
-0.738669
-0.944527
-1.14654
-1.34397
-1.53624
-1.72317
-1.90542
-2.08547
-2.26962
-2.47116
-2.71287
-3.01232
-0.0991384
-0.296998
-0.493608
-0.688145
-0.879808
-1.06785
-1.25162
-1.43073
-1.60529
-1.7765
-1.9479
-2.12798
-2.33566
-2.61177
-3.04236
-0.0921729
-0.276117
-0.45886
-0.63961
-0.817597
-0.9921
-1.1625
-1.32837
-1.48972
-1.64745
-1.8043
-1.96717
-2.15266
-2.40343
-2.84826
-0.0854852
-0.256068
-0.425491
-0.592987
-0.757799
-0.9192
-1.07651
-1.22914
-1.37668
-1.519
-1.65654
-1.79067
-1.92434
-2.06034
-2.17033
-0.0790657
-0.236823
-0.393458
-0.548223
-0.700367
-0.849137
-0.993767
-1.13345
-1.26725
-1.39389
-1.51115
-1.61452
-1.69441
-1.73537
-1.7612
-0.0729057
-0.218356
-0.362723
-0.505277
-0.645275
-0.781947
-0.914462
-1.04185
-1.16281
-1.27529
-1.37542
-1.45469
-1.49156
-1.42093
-0.994174
-0.066996
-0.200642
-0.333246
-0.464104
-0.592492
-0.717646
-0.838721
-0.954711
-1.06426
-1.16529
-1.25421
-1.32432
-1.36338
-1.35382
-1.31162
-0.0613269
-0.183651
-0.304982
-0.424648
-0.541956
-0.656178
-0.766517
-0.872054
-0.971643
-1.06373
-1.14606
-1.21553
-1.26901
-1.30943
-1.37101
-0.0558872
-0.16735
-0.277876
-0.38683
-0.493566
-0.597409
-0.697653
-0.793538
-0.884252
-0.968944
-1.04687
-1.11789
-1.18374
-1.25038
-1.3269
-0.0506641
-0.151701
-0.251862
-0.350557
-0.447187
-0.541145
-0.631821
-0.718625
-0.801058
-0.878879
-0.952503
-1.02386
-1.09796
-1.18451
-1.29497
-0.0456439
-0.136662
-0.226868
-0.315719
-0.402667
-0.487165
-0.568684
-0.646759
-0.721085
-0.79175
-0.85973
-0.927965
-1.00356
-1.10208
-1.25442
-0.0408118
-0.122188
-0.202819
-0.282207
-0.359852
-0.435258
-0.507948
-0.577508
-0.643671
-0.706504
-0.766804
-0.826985
-0.893289
-0.982328
-1.14704
-0.0361522
-0.108232
-0.179636
-0.24991
-0.318598
-0.385242
-0.449393
-0.510627
-0.568586
-0.623039
-0.67398
-0.721784
-0.767261
-0.810067
-0.832298
-0.0316494
-0.094747
-0.157239
-0.218717
-0.278767
-0.336963
-0.39287
-0.446032
-0.495953
-0.542029
-0.583355
-0.618228
-0.643119
-0.652134
-0.653052
-0.027287
-0.0816843
-0.135549
-0.188521
-0.240227
-0.29028
-0.338261
-0.383698
-0.426005
-0.464336
-0.497227
-0.521629
-0.530028
-0.499857
-0.345547
-0.023048
-0.0689929
-0.114482
-0.159206
-0.20284
-0.24504
-0.285426
-0.323549
-0.35883
-0.390436
-0.417009
-0.436169
-0.443743
-0.433812
-0.410828
-0.0189144
-0.0566191
-0.0939496
-0.13065
-0.166451
-0.201065
-0.234168
-0.265381
-0.294222
-0.320046
-0.341951
-0.358775
-0.369634
-0.376856
-0.398501
-0.0148674
-0.0445064
-0.0738567
-0.10272
-0.13089
-0.158142
-0.184229
-0.208866
-0.231719
-0.252387
-0.270432
-0.285541
-0.298066
-0.309906
-0.322439
-0.0108871
-0.0325952
-0.0541035
-0.0752752
-0.0959678
-0.11603
-0.135299
-0.153598
-0.170743
-0.186561
-0.200959
-0.214117
-0.226987
-0.242491
-0.26994
-0.00695313
-0.0208234
-0.0345851
-0.0481643
-0.0614853
-0.0744708
-0.0870437
-0.0991341
-0.110694
-0.121729
-0.132354
-0.142904
-0.154089
-0.166796
-0.178442
-0.00304434
-0.00912749
-0.0151941
-0.0212335
-0.0272368
-0.0331988
-0.0391247
-0.0450408
-0.0510147
-0.057186
-0.0638029
-0.0712567
-0.0801408
-0.0918461
-0.114772
0.000860537
0.00255672
0.00417779
0.00567185
0.00698317
0.0080482
0.00878764
0.00909241
0.00880034
0.00766444
0.00532875
0.00137983
-0.00423608
-0.00910905
0.00167218
0.00478273
0.0142932
0.0236381
0.0327046
0.0413749
0.0495225
0.0570033
0.0636414
0.069202
0.073349
0.0755834
0.0751741
0.0711544
0.0627579
0.0519253
0.00874324
0.0261451
0.0432926
0.0600135
0.0761314
0.0914619
0.105807
0.118941
0.130588
0.140366
0.14768
0.151479
0.14959
0.136322
0.090777
0.0127627
0.0381745
0.0632446
0.0877431
0.111437
0.134089
0.155455
0.175279
0.193278
0.209099
0.222225
0.231743
0.235937
0.232308
0.224087
0.0168615
0.0504422
0.0835953
0.116034
0.14747
0.177614
0.20618
0.232891
0.257486
0.279714
0.299289
0.315716
0.32773
0.3315
0.31254
0.0210596
0.0630082
0.104444
0.145024
0.184403
0.222239
0.258199
0.291981
0.323349
0.352182
0.378553
0.402769
0.425266
0.446499
0.471538
0.0253767
0.0759316
0.12589
0.174852
0.222414
0.268173
0.311738
0.352759
0.390983
0.426374
0.459332
0.491037
0.523704
0.558882
0.581941
0.0298321
0.0892708
0.148032
0.205657
0.261682
0.315636
0.367052
0.415489
0.460599
0.502273
0.540999
0.57866
0.620425
0.679715
0.795716
0.0344447
0.103083
0.170965
0.237577
0.302394
0.364871
0.424445
0.480543
0.532615
0.580239
0.623429
0.66346
0.705008
0.761207
0.862821
0.0392324
0.117422
0.194783
0.270749
0.344736
0.416128
0.484262
0.548407
0.607737
0.661304
0.708076
0.747236
0.77945
0.811203
0.866466
0.044212
0.132339
0.219572
0.3053
0.388887
0.469656
0.546859
0.619629
0.686879
0.74711
0.798034
0.835865
0.854249
0.844915
0.821397
0.0493983
0.147879
0.245411
0.341343
0.435001
0.525668
0.612546
0.694699
0.770915
0.839402
0.89711
0.938032
0.948331
0.888518
0.610303
0.0548042
0.164082
0.272363
0.378969
0.4832
0.584318
0.681524
0.773908
0.860336
0.939203
1.00787
1.0615
1.09114
1.08383
1.05368
0.0604406
0.180978
0.300481
0.418249
0.533565
0.645692
0.753861
0.857267
0.955029
1.04611
1.12909
1.20166
1.25964
1.29505
1.28651
0.0663163
0.198594
0.329807
0.459235
0.586151
0.70982
0.829516
0.944558
1.05438
1.15867
1.25757
1.35199
1.44386
1.53684
1.6472
0.0724385
0.216952
0.360374
0.501969
0.640995
0.776712
0.908412
1.03549
1.15759
1.27499
1.3892
1.50414
1.62734
1.76661
1.8924
0.0788133
0.23607
0.392212
0.546489
0.69814
0.846399
0.990525
1.12988
1.26409
1.39355
1.52034
1.65058
1.79971
2.0058
2.37339
0.0854454
0.255961
0.425346
0.592834
0.757641
0.918957
1.07596
1.22784
1.37392
1.51397
1.6491
1.78394
1.93257
2.1329
2.47915
0.0923382
0.276637
0.459797
0.641042
0.819565
0.994513
1.16495
1.32983
1.48794
1.63785
1.77807
1.90775
2.02956
2.15872
2.34177
0.0994932
0.298103
0.495576
0.691136
0.88397
1.0732
1.2578
1.43653
1.60765
1.76846
1.91437
2.03706
2.12149
2.14717
2.14951
0.106909
0.320355
0.53268
0.743119
0.950876
1.15508
1.35473
1.54853
1.73453
1.90942
2.06682
2.19294
2.25424
2.15186
1.50987
0.114583
0.343384
0.571089
0.796959
1.02024
1.24012
1.45572
1.66592
1.86911
2.06254
2.24099
2.39387
2.50066
2.5313
2.52146
0.122509
0.36717
0.610766
0.85259
1.09194
1.32813
1.56045
1.78818
2.01046
2.22607
2.43289
2.62681
2.79999
2.93886
3.01186
0.13068
0.391691
0.651665
0.909925
1.16583
1.4188
1.66835
1.9142
2.15642
2.39568
2.63375
2.87414
3.12315
3.39216
3.71973
0.13909
0.416927
0.693742
0.968881
1.24174
1.51182
1.77879
2.04273
2.30441
2.56611
2.83296
3.11549
3.43239
3.8048
4.18282
0.147735
0.442863
0.736969
1.0294
1.31956
1.60696
1.89132
2.17278
2.45237
2.73292
3.02126
3.33293
3.70308
4.21353
5.0793
0.156616
0.4695
0.781343
1.09148
1.39927
1.70418
2.00582
2.3041
2.59961
2.89428
3.19331
3.50974
3.87629
4.37548
5.21459
0.165735
0.496846
0.826886
1.15515
1.48095
1.80363
2.12259
2.43731
2.74737
3.05256
3.35321
3.65169
3.95734
4.30133
4.75805
0.175098
0.524924
0.873641
1.2205
1.56475
1.90562
2.24226
2.5737
2.89846
3.21391
3.51457
3.78858
4.01169
4.14885
4.27545
0.184711
0.553755
0.921657
1.28763
1.65086
2.01048
2.36549
2.71465
3.05594
3.38546
3.69434
3.96074
4.12564
4.00361
2.86725
0.194582
0.583362
0.970982
1.35663
1.73944
2.11847
2.49272
2.86098
3.22152
3.57125
3.90352
4.20327
4.43875
4.56268
4.65214
0.204711
0.613754
1.02164
1.42755
1.83057
2.22973
2.62404
3.01257
3.39449
3.76905
4.13516
4.4903
4.82921
5.14555
5.43009
0.215095
0.644925
1.07365
1.50042
1.92431
2.34427
2.75928
3.16864
3.57245
3.97259
4.37428
4.78844
5.23519
5.75035
6.41702
0.225721
0.676841
1.12696
1.57524
2.0207
2.46215
2.89835
3.32845
3.75282
4.17491
4.60458
5.06377
5.59347
6.24972
7.00619
0.236559
0.709428
1.18148
1.65197
2.11981
2.58358
3.04156
3.4921
3.93462
4.37179
4.81421
5.28993
5.86365
6.67925
8.07824
0.247559
0.742548
1.23706
1.73046
2.22165
2.70892
3.1898
3.66119
4.11998
4.56483
5.00052
5.44782
5.96561
6.70337
8.04369
0.258638
0.775967
1.29334
1.8104
2.32613
2.83859
3.3445
3.83887
4.31484
4.76403
5.17855
5.5565
5.91453
6.30872
6.81381
0.269667
0.809318
1.34979
1.89117
2.43278
2.9727
3.50707
4.02917
4.5281
4.9871
5.38175
5.67876
5.83804
5.83674
5.86221
0.280462
0.842059
1.40554
1.9717
2.54051
3.11053
3.67801
4.23539
4.76888
5.25461
5.65253
5.89635
5.87278
5.34585
3.53418
0.290776
0.873449
1.45937
2.05031
2.64728
3.24999
3.85582
4.45802
5.04261
5.58287
6.03003
6.2993
6.25675
5.74681
4.85639
0.300298
0.90254
1.50965
2.12462
2.74995
3.38717
4.03599
4.69269
5.3469
5.97551
6.53078
6.91843
6.96493
6.41163
5.18182
0.30866
0.928202
1.5544
2.19165
2.84425
3.51615
4.21055
4.92889
5.66871
6.41878
7.14761
7.77406
8.08925
7.54582
4.72675
0.315464
0.949194
1.59139
2.24793
2.92502
3.62936
4.36832
5.14998
5.98313
6.87649
7.83518
8.84543
9.80942
10.2597
8.0487
0.320306
0.964254
1.61835
2.28983
2.98674
3.71842
4.49629
5.33514
6.25549
7.28845
8.48646
9.94846
11.8861
14.821
20.1833
19.5351
14.1584
11.3313
9.50528
8.13487
7.00791
6.03012
5.15349
4.35019
3.60207
2.89602
2.22184
1.57108
0.936385
0.311097
6.9875
9.45859
9.22078
8.40799
7.50173
6.616
5.77601
4.98371
4.23469
3.52286
2.84187
2.18552
1.54795
0.923563
0.306991
3.32665
6.63933
7.50911
7.3752
6.85396
6.192
5.48848
4.78363
4.09318
3.4221
2.77047
2.13607
1.5156
0.905264
0.30107
2.88343
5.51603
6.49404
6.61101
6.30357
5.79654
5.20158
4.57333
3.93803
3.30769
2.687
2.07685
1.47613
0.882654
0.293707
4.61646
5.54136
6.07656
6.14118
5.89145
5.46181
4.93753
4.36769
3.77927
3.18643
2.59608
2.01098
1.43155
0.856858
0.285263
5.41069
5.83695
5.9855
5.88927
5.60395
5.19252
4.70485
4.17475
3.6234
3.06332
2.50141
1.94109
1.3836
0.82887
0.276063
6.71542
6.32498
6.06405
5.76832
5.40371
4.97591
4.50139
3.99636
3.47344
2.94133
2.40552
1.86914
1.33367
0.799504
0.266374
7.37465
6.72266
6.16638
5.69488
5.24705
4.79147
4.31888
3.83021
3.32971
2.82179
2.30993
1.79647
1.28276
0.769382
0.256406
8.4856
7.05348
6.20947
5.60468
5.0955
4.6186
4.14731
3.67209
3.19098
2.70485
2.21533
1.72388
1.23155
0.738944
0.24631
8.45401
6.9755
6.08607
5.44779
4.92129
4.4416
3.97825
3.5179
3.05559
2.59016
2.12197
1.65183
1.18049
0.708487
0.23619
7.26826
6.48808
5.78794
5.213
4.71433
4.25304
3.80692
3.36491
2.92222
2.47725
2.02988
1.58055
1.12981
0.678202
0.226117
6.62984
5.94476
5.40259
4.925
4.48119
4.05374
3.63255
3.21225
2.79032
2.36592
1.93906
1.51016
1.0797
0.648215
0.216135
5.58606
5.30193
4.97216
4.61332
4.23651
3.8499
3.45741
3.06057
2.66001
2.25619
1.84959
1.44077
1.03027
0.618609
0.206276
4.77673
4.69058
4.56172
4.31392
3.99847
3.65
3.28516
2.91135
2.53186
2.14829
1.7616
1.3725
0.981593
0.589443
0.196561
2.94029
4.10873
4.23372
4.06133
3.78322
3.46131
3.11901
2.76597
2.40645
2.04248
1.67521
1.30542
0.933743
0.560762
0.187006
4.37608
4.25138
4.11209
3.88203
3.59825
3.28666
2.9602
2.625
2.28404
1.93889
1.5905
1.23959
0.886768
0.532596
0.177621
4.86776
4.40404
4.05337
3.73992
3.43249
3.12223
2.80736
2.48795
2.16448
1.83748
1.5075
1.17506
0.840698
0.504968
0.168414
5.33361
4.47811
3.9687
3.59353
3.2686
2.96092
2.65758
2.35363
2.04729
1.73809
1.42615
1.11181
0.795551
0.477895
0.159393
5.19503
4.31175
3.79073
3.41219
3.09265
2.79651
2.50817
2.22092
1.93202
1.64056
1.34642
1.04987
0.75135
0.451394
0.150562
4.27882
3.89375
3.51375
3.1898
2.90039
2.62662
2.35794
2.08928
1.81849
1.54484
1.26832
0.98926
0.708128
0.425487
0.141931
3.80583
3.47219
3.19782
2.94336
2.69723
2.45314
2.20765
1.95909
1.7069
1.45108
1.19197
0.930062
0.665935
0.400206
0.13351
3.08343
3.00946
2.86803
2.69111
2.4926
2.2806
2.05944
1.83139
1.59779
1.35957
1.11753
0.872383
0.624839
0.375586
0.125309
2.58245
2.59356
2.56286
2.45383
2.29731
2.1144
1.91599
1.70751
1.49185
1.27069
1.04522
0.816354
0.584917
0.351669
0.117342
1.54803
2.2067
2.31208
2.24952
2.12033
1.95894
1.7795
1.58861
1.3897
1.1848
0.975244
0.762096
0.546242
0.328494
0.109622
2.20626
2.20408
2.17793
2.09147
1.96569
1.816
1.65095
1.47526
1.29171
1.1021
0.907753
0.709706
0.508875
0.306095
0.102159
2.40537
2.21812
2.08568
1.96072
1.82766
1.68373
1.52979
1.36736
1.19791
1.0227
0.842817
0.65924
0.472854
0.284494
0.094961
2.55043
2.19413
1.98825
1.83562
1.69718
1.55842
1.41451
1.26433
1.1081
0.946521
0.780441
0.610719
0.4382
0.263705
0.088032
2.44367
2.06572
1.85388
1.70069
1.56694
1.43669
1.3036
1.1655
1.022
0.873468
0.720588
0.564136
0.404917
0.243732
0.081374
1.95186
1.822
1.6788
1.55229
1.43428
1.31693
1.19618
1.07042
0.939383
0.803435
0.663214
0.519473
0.372996
0.224573
0.0749865
1.70114
1.58759
1.49217
1.39801
1.30116
1.19957
1.09224
0.979006
0.860184
0.736369
0.608285
0.476708
0.342425
0.206221
0.0688675
1.33193
1.34065
1.30471
1.24562
1.17137
1.0862
0.992421
0.891482
0.784456
0.672269
0.555782
0.435822
0.313191
0.188667
0.063014
1.09269
1.12475
1.13337
1.10377
1.0492
0.978826
0.897588
0.808196
0.712319
0.611158
0.505693
0.396794
0.285272
0.171898
0.0574212
0.634946
0.925163
0.988612
0.979291
0.93802
0.879015
0.808434
0.729423
0.643859
0.553041
0.457992
0.359591
0.25864
0.155895
0.052083
0.857558
0.883089
0.894421
0.877032
0.839177
0.787264
0.72515
0.655213
0.579056
0.497869
0.412622
0.324162
0.233257
0.140635
0.0469912
0.906418
0.850913
0.820211
0.789014
0.750121
0.702618
0.647315
0.585336
0.517754
0.445521
0.36949
0.290433
0.209071
0.126085
0.0421352
0.905666
0.801554
0.74638
0.706369
0.667066
0.623408
0.574132
0.519364
0.459691
0.39582
0.328464
0.25831
0.186014
0.112208
0.0375022
0.835629
0.718251
0.662055
0.623261
0.587057
0.548121
0.50478
0.456811
0.404553
0.348545
0.289386
0.227678
0.164011
0.0989571
0.0330772
0.608243
0.5925
0.565677
0.538381
0.508966
0.475911
0.438658
0.397249
0.352028
0.303466
0.252084
0.198412
0.142973
0.0862819
0.0288434
0.476642
0.474476
0.469657
0.454997
0.433424
0.406635
0.375437
0.340348
0.301832
0.260352
0.216378
0.170376
0.122808
0.0741277
0.0247829
0.248612
0.358323
0.380496
0.376437
0.361521
0.340438
0.314932
0.285838
0.253703
0.218978
0.182086
0.143433
0.103419
0.0624367
0.0208764
0.289705
0.302982
0.309574
0.305437
0.293917
0.277328
0.256931
0.23345
0.207379
0.179117
0.149022
0.117439
0.0847038
0.0511493
0.0171042
0.273613
0.252302
0.246123
0.239582
0.229847
0.216876
0.201082
0.182871
0.162586
0.140533
0.116996
0.0922478
0.066561
0.0402043
0.013446
0.202005
0.191133
0.182939
0.17596
0.168038
0.158395
0.146922
0.133739
0.119028
0.102987
0.0858142
0.0677126
0.0488858
0.0295396
0.00988124
0.150442
0.128121
0.118924
0.113005
0.107436
0.101194
0.0939575
0.0856748
0.0764002
0.0662303
0.0552819
0.0436839
0.0315733
0.0190929
0.0063892
0.0552577
0.0560065
0.0526457
0.049817
0.0473088
0.0446922
0.0417265
0.0383058
0.0343991
0.0300187
0.0252041
0.0200138
0.0145196
0.00880243
0.00294937
-0.00475587
-0.0132448
-0.0139944
-0.0135869
-0.0127356
-0.0115614
-0.0101833
-0.00872102
-0.00726866
-0.0058877
-0.00460985
-0.00344309
-0.0023779
-0.00139276
-0.000458447
-0.10654
-0.0878654
-0.0814333
-0.077295
-0.0729994
-0.0679529
-0.0621483
-0.0557373
-0.0488833
-0.0417195
-0.0343443
-0.0268277
-0.0192185
-0.0115519
-0.00385395
-0.161957
-0.153984
-0.147278
-0.141111
-0.133782
-0.124869
-0.114533
-0.103059
-0.0907105
-0.0776956
-0.0641751
-0.0502751
-0.0360982
-0.0217323
-0.00725617
-0.24055
-0.219226
-0.212751
-0.205736
-0.195662
-0.182775
-0.167707
-0.150987
-0.132999
-0.114021
-0.094268
-0.0739136
-0.0531083
-0.0319888
-0.0106834
-0.262103
-0.274161
-0.278605
-0.27249
-0.259496
-0.242197
-0.222031
-0.199796
-0.175973
-0.150884
-0.124777
-0.0978644
-0.0703363
-0.0423741
-0.0141533
-0.233367
-0.334394
-0.351798
-0.344027
-0.326323
-0.303614
-0.277793
-0.24971
-0.219825
-0.188452
-0.155846
-0.122242
-0.0878652
-0.0529387
-0.0176828
-0.458603
-0.452712
-0.442483
-0.422471
-0.396631
-0.367196
-0.33513
-0.300876
-0.264712
-0.226876
-0.187607
-0.147155
-0.105776
-0.063732
-0.0212885
-0.592702
-0.574057
-0.539975
-0.504973
-0.46944
-0.432612
-0.39399
-0.353371
-0.310761
-0.266295
-0.220191
-0.172712
-0.124148
-0.0748027
-0.0249867
-0.830775
-0.706145
-0.638121
-0.587858
-0.543157
-0.499281
-0.454242
-0.407253
-0.358099
-0.306851
-0.253728
-0.199021
-0.143062
-0.0862003
-0.028794
-0.91389
-0.798946
-0.723953
-0.666894
-0.616309
-0.566764
-0.515854
-0.462641
-0.406891
-0.348709
-0.288364
-0.2262
-0.162603
-0.0979757
-0.0327276
-0.950757
-0.864031
-0.79735
-0.741448
-0.688748
-0.635203
-0.57907
-0.519792
-0.457373
-0.39207
-0.324261
-0.254373
-0.182859
-0.110182
-0.0368049
-0.976771
-0.915221
-0.863283
-0.813793
-0.761783
-0.705446
-0.644474
-0.579127
-0.509856
-0.437171
-0.361599
-0.283674
-0.203923
-0.122872
-0.0410439
-1.01058
-0.959761
-0.927534
-0.887901
-0.837832
-0.778913
-0.71292
-0.64119
-0.564709
-0.484273
-0.40057
-0.31424
-0.225888
-0.136103
-0.0454624
-0.965807
-0.991412
-0.996946
-0.969266
-0.920035
-0.857296
-0.785354
-0.706549
-0.622308
-0.533639
-0.441363
-0.346207
-0.248845
-0.149926
-0.0500781
-0.727195
-1.03702
-1.08944
-1.06561
-1.01162
-0.942071
-0.862553
-0.775683
-0.682976
-0.585506
-0.484153
-0.379701
-0.272882
-0.164392
-0.0549073
-1.28343
-1.2614
-1.23489
-1.1829
-1.11403
-1.03377
-0.944854
-0.848867
-0.746947
-0.640063
-0.529087
-0.414834
-0.298074
-0.179546
-0.0599651
-1.57195
-1.4889
-1.39803
-1.31193
-1.22433
-1.13147
-1.03206
-0.926162
-0.814359
-0.697453
-0.576289
-0.451701
-0.32449
-0.195428
-0.0652645
-2.03583
-1.72184
-1.55789
-1.44198
-1.3383
-1.2337
-1.12378
-1.00755
-0.885303
-0.757788
-0.62586
-0.490381
-0.352184
-0.21207
-0.0708163
-2.14765
-1.85059
-1.68437
-1.56355
-1.45289
-1.33961
-1.21986
-1.09309
-0.959895
-0.821175
-0.677885
-0.530939
-0.381202
-0.2295
-0.0766293
-2.05093
-1.88848
-1.77933
-1.67804
-1.56929
-1.45001
-1.3208
-1.18309
-1.0383
-0.88772
-0.732434
-0.573422
-0.411576
-0.247735
-0.0827097
-1.89148
-1.88934
-1.86883
-1.79769
-1.69297
-1.56727
-1.42762
-1.27796
-1.12072
-0.95751
-0.789553
-0.617858
-0.443323
-0.266787
-0.0890609
-1.33654
-1.90296
-1.99345
-1.94064
-1.83121
-1.6942
-1.54135
-1.37808
-1.20725
-1.03057
-0.849248
-0.664249
-0.476446
-0.286657
-0.0956839
-2.24454
-2.24706
-2.21757
-2.12287
-1.98856
-1.83208
-1.66226
-1.48342
-1.29782
-1.10684
-0.911469
-0.712568
-0.510931
-0.307341
-0.102578
-2.68438
-2.61335
-2.48693
-2.33255
-2.16126
-1.97919
-1.7894
-1.59341
-1.39209
-1.18611
-0.976114
-0.762763
-0.546756
-0.328828
-0.109739
-3.31797
-3.01806
-2.77564
-2.55393
-2.3414
-2.13159
-1.92079
-1.70704
-1.48954
-1.26814
-1.04306
-0.814774
-0.583893
-0.351109
-0.117166
-3.72646
-3.38277
-3.04989
-2.76886
-2.51957
-2.28462
-2.05415
-1.82323
-1.58966
-1.35267
-1.11219
-0.868557
-0.622329
-0.374181
-0.124859
-4.50755
-3.7399
-3.28803
-2.96167
-2.6877
-2.43447
-2.18774
-1.94118
-1.69211
-1.43958
-1.18346
-0.924107
-0.662071
-0.398052
-0.13282
-4.61901
-3.87762
-3.43891
-3.11798
-2.84134
-2.57969
-2.32113
-2.06081
-1.79691
-1.52891
-1.25695
-0.981479
-0.70316
-0.422747
-0.141059
-4.19737
-3.80501
-3.50788
-3.24341
-2.98448
-2.72267
-2.45562
-2.18284
-1.90448
-1.62094
-1.33281
-1.04079
-0.74567
-0.448308
-0.149588
-3.76643
-3.66613
-3.55402
-3.36485
-3.1295
-2.86915
-2.59397
-2.30866
-2.01556
-1.71609
-1.41131
-1.1022
-0.789703
-0.47479
-0.158424
-2.52488
-3.53529
-3.65352
-3.51818
-3.29177
-3.0258
-2.73922
-2.43976
-2.13098
-1.81485
-1.49277
-1.1659
-0.835376
-0.502254
-0.167589
-4.08832
-4.02386
-3.92893
-3.73458
-3.48136
-3.1966
-2.89327
-2.57722
-2.25141
-1.91767
-1.57746
-1.2321
-0.882804
-0.530765
-0.177101
-4.76741
-4.53338
-4.27319
-3.99167
-3.6927
-3.38014
-3.05598
-2.72132
-2.37722
-2.02488
-1.66566
-1.30095
-0.932092
-0.560373
-0.186975
-5.62306
-5.06081
-4.63203
-4.26064
-3.91329
-3.57157
-3.22581
-2.87184
-2.50863
-2.13677
-1.75758
-1.3726
-0.983315
-0.591112
-0.197222
-6.12957
-5.49527
-4.95074
-4.51267
-4.12977
-3.7656
-3.40118
-3.02864
-2.64591
-2.25363
-1.85343
-1.44715
-1.03651
-0.622985
-0.207837
-7.04045
-5.86706
-5.19522
-4.72611
-4.33304
-3.95957
-3.58201
-3.19236
-2.78972
-2.37589
-1.95339
-1.52463
-1.09163
-0.655945
-0.218803
-6.99968
-5.89015
-5.29856
-4.88645
-4.52245
-4.15613
-3.77101
-3.36497
-2.94118
-2.50405
-2.05759
-1.60498
-1.14854
-0.689869
-0.230072
-5.90629
-5.55316
-5.2769
-5.01304
-4.71323
-4.36544
-3.97431
-3.54976
-3.10182
-2.63859
-2.16595
-1.68788
-1.20691
-0.72453
-0.241563
-5.08119
-5.1624
-5.24625
-5.16422
-4.93707
-4.60452
-4.2005
-3.75062
-3.27297
-2.77957
-2.27799
-1.77271
-1.26618
-0.759548
-0.253143
-3.07686
-4.76938
-5.33043
-5.41577
-5.2339
-4.89284
-4.45814
-3.97053
-3.45494
-2.92617
-2.39252
-1.85831
-1.32545
-0.794356
-0.264621
-4.1703
-5.16175
-5.74462
-5.85241
-5.64116
-5.24585
-4.7521
-4.20955
-3.64592
-3.07605
-2.50734
-1.9429
-1.38341
-0.828172
-0.275735
-4.44698
-5.83746
-6.48839
-6.51008
-6.17618
-5.66699
-5.07956
-4.4629
-3.84104
-3.22502
-2.61912
-2.02397
-1.43835
-0.85999
-0.286154
-4.01404
-7.02627
-7.66879
-7.41414
-6.83277
-6.14229
-5.42699
-4.71958
-4.03189
-3.36684
-2.72332
-2.09835
-1.48816
-0.888619
-0.295493
-7.48512
-9.86018
-9.47157
-8.54455
-7.56479
-6.63452
-5.76863
-4.96228
-4.20684
-3.49359
-2.81453
-2.16238
-1.5305
-0.912744
-0.303329
-20.1234
-14.6129
-11.6475
-9.71118
-8.26208
-7.08162
-6.06855
-5.16937
-4.3523
-3.59648
-2.88696
-2.21224
-1.56295
-0.931028
-0.309233
0.322783
0.972161
1.63318
2.31427
3.02505
3.77708
4.58507
5.46901
6.45809
7.5987
8.97219
10.7373
13.2453
17.4081
26.0465
0.321943
0.969987
1.63073
2.31343
3.02869
3.78931
4.6116
5.51756
6.53848
7.72152
9.14147
10.9202
13.2506
16.3811
20.2352
0.316923
0.955044
1.60621
2.27989
2.9868
3.73966
4.55423
5.45077
6.45619
7.60691
8.95171
10.5505
12.4546
14.6299
16.7268
0.307605
0.92699
1.55909
2.213
2.89882
3.62813
4.41462
5.27469
6.22805
7.29768
8.50768
9.87491
11.3867
12.9567
14.3574
0.294089
0.886164
1.49006
2.11408
2.76719
3.45925
4.20118
5.00494
5.88312
6.84753
7.90577
9.05348
10.2599
11.4514
12.5021
0.276659
0.833466
1.40081
1.98596
2.59649
3.24033
3.92565
4.66042
5.45158
6.30334
7.21429
8.17233
9.14711
10.086
10.9184
0.255722
0.77018
1.2937
1.83238
2.39238
2.97979
3.60038
4.25907
4.95892
5.69972
6.47604
7.27444
8.07023
8.82743
9.50412
0.231757
0.697785
1.17135
1.6574
2.16077
2.68595
3.23683
3.81612
4.42456
5.0598
5.71522
6.37865
7.0313
7.6487
8.20465
0.205257
0.617806
1.03643
1.46504
1.90729
2.36639
2.84481
3.34383
3.86292
4.39898
4.94565
5.49287
6.02669
6.53036
6.98687
0.1767
0.531701
0.891453
1.25895
1.63689
2.02748
2.43221
2.85147
3.28416
3.7272
4.17511
4.61998
5.05162
5.45849
5.82924
0.146527
0.440794
0.738655
1.04233
1.35375
1.67438
2.00506
2.34571
2.69508
3.05046
3.40747
3.76013
4.10113
4.42249
4.71657
0.115123
0.34625
0.579977
0.817881
1.06129
1.31115
1.56788
1.83122
2.10001
2.37209
2.64417
2.91193
3.17026
3.41375
3.63729
0.082826
0.249072
0.417067
0.587854
0.76229
0.940948
1.12402
1.31122
1.50164
1.69372
1.88519
2.07315
2.25425
2.42498
2.58209
0.0499264
0.150122
0.251322
0.354121
0.458995
0.566249
0.67596
0.78791
0.901541
1.01591
1.12969
1.24121
1.34857
1.44982
1.54313
-32270.4
-32211.2
-32152.2
-32093.3
-32034.6
-31976.3
-31918.3
-31860.8
-31803.9
-31747.5
-31691.9
-31637
-31582.9
-31529.8
-31477.7
35.2838
-3.87494
47.0386
9.72989
46.984
18.0511
-10.412
26.6487
-8.48424
45.5061
11.336
44.511
16.6813
41.1434
20.6232
1.02217
24.7424
1.77831
34.7619
13.5299
32.1902
16.9049
2.66487
18.2912
2.21732
18.8455
2.15143
24.7978
9.8197
22.0501
11.3447
1.38987
11.5199
0.305461
11.2478
-0.540213
14.9455
4.13023
12.6911
4.64738
-3.05006
4.36404
-4.74334
4.00669
-6.1992
7.53656
-2.56337
5.92303
-2.87493
4.00615
-3.23941
-10.668
-3.0199
-12.6686
0.580967
-9.51674
-0.681116
-9.23978
-18.1167
-9.26987
-21.0874
-8.83482
-23.4209
-2.25371
-17.5998
-2.99775
-16.0647
-29.7274
-14.8457
-33.3496
-12.7252
-35.7354
-0.645363
-24.8208
-0.271968
-20.5857
-41.7077
-16.7757
-45.2441
-11.5984
-46.5276
8.65609
-27.3215
10.8369
-18.3447
-48.0178
-9.5969
-47.8616
4.7116
-35.3133
21.6559
16.2963
24.2608
20.1814
24.5324
17.406
10.5035
15.4016
12.7602
22.94
20.7063
26.0756
22.5405
24.8229
19.3314
14.0561
16.6134
14.2489
19.8565
17.657
19.556
15.4267
11.2681
12.3804
9.90421
12.0995
10.3911
14.13
12.3806
13.3747
10.2814
7.16481
7.59157
5.60872
6.79889
5.34573
7.6822
6.19014
6.65882
4.15659
1.62079
1.73677
0.00223964
0.851948
-0.447163
1.63606
0.342412
1.14172
-0.571658
-0.537383
-2.97948
-5.39036
-5.11018
-6.61628
-4.83862
-6.41073
-6.02126
-8.7917
-11.6705
-11.5043
-13.6548
-12.3076
-13.9826
-10.629
-12.5467
-11.3685
-15.2261
-19.2581
-18.384
-21.239
-18.3908
-20.4438
-14.3067
-16.6962
-14.0084
-19.448
-25.1207
-22.8375
-26.4994
-21.0944
-23.4076
-13.0094
-15.7014
-10.6245
-17.6643
-24.9252
-20.3709
-24.4793
-16.1867
-21.6264
17.6044
17.2797
18.8251
18.4916
18.607
16.4372
14.4248
15.0101
15.541
18.248
19.1271
20.4613
20.0212
19.6958
17.7273
15.8098
15.5708
15.2387
16.1924
15.8817
15.6022
13.99
12.2803
11.6367
10.8634
10.9746
10.7858
11.3655
10.9906
10.5853
9.25168
7.83696
7.13285
6.34258
6.15621
5.77448
5.93208
5.42666
4.90484
3.71416
2.47297
1.77416
1.02638
0.791494
0.434282
0.598463
0.234531
-0.0210203
-0.784757
-1.51462
-2.76436
-3.98787
-4.62816
-5.29254
-5.43432
-6.12923
-6.81082
-8.18753
-9.60895
-10.4026
-11.2588
-11.4281
-11.7852
-11.4134
-11.9512
-12.4869
-14.1361
-15.8529
-16.5522
-17.3405
-16.998
-16.9455
-15.6886
-15.8822
-16.0401
-17.9736
-19.9891
-20.3374
-20.8101
-19.4751
-18.591
-15.824
-15.2671
-14.6368
-16.6644
-18.8451
-18.6695
-18.9535
-17.3093
-17.6099
15.1685
15.5694
16.0939
16.1547
15.9712
15.2406
14.6045
14.6963
15.1871
16.1872
16.8919
17.4011
17.3359
16.9339
16.0487
15.1458
14.6614
14.3762
14.3484
14.0608
13.5668
12.6932
11.7568
11.0792
10.5482
10.2812
10.0738
9.97543
9.64395
9.13273
8.33851
7.48558
6.79802
6.20659
5.79472
5.42651
5.13672
4.68682
4.1141
3.34444
2.54401
1.88199
1.31184
0.907126
0.564873
0.321421
-0.0293297
-0.451827
-1.04651
-1.74314
-2.58697
-3.42528
-4.11145
-4.72139
-5.23344
-5.86685
-6.59934
-7.51898
-8.45154
-9.2108
-9.85191
-10.2784
-10.6372
-10.8879
-11.3585
-12.0018
-12.9483
-13.9129
-14.5918
-15.0699
-15.1874
-15.1808
-14.9814
-15.1189
-15.5144
-16.3806
-17.2574
-17.6575
-17.723
-17.2056
-16.4848
-15.4551
-14.9379
-14.8205
-15.4431
-16.157
-16.3051
-16.203
-15.6298
-15.1968
13.2153
13.6793
14.0284
14.1675
14.1215
13.9061
13.7341
13.8061
14.0978
14.5499
14.9362
15.1661
15.1339
14.8662
14.3939
13.8777
13.4634
13.1414
12.8774
12.5355
12.0771
11.4853
10.8597
10.3094
9.85187
9.5011
9.20371
8.92035
8.5555
8.08702
7.50932
6.89552
6.32429
5.81159
5.37
4.96533
4.57172
4.12366
3.60681
3.01891
2.41563
1.85745
1.35901
0.932861
0.553274
0.199053
-0.189671
-0.634415
-1.16119
-1.75937
-2.41723
-3.08147
-3.70415
-4.29084
-4.85738
-5.46135
-6.11789
-6.83129
-7.54318
-8.18861
-8.7535
-9.22537
-9.64419
-10.0447
-10.5164
-11.0788
-11.7337
-12.3832
-12.9196
-13.3174
-13.5541
-13.6927
-13.7875
-13.9827
-14.3093
-14.7708
-15.2107
-15.4576
-15.4739
-15.2274
-14.8217
-14.3464
-14.0314
-13.9369
-14.0887
-14.282
-14.3
-14.1293
-13.7476
-13.2557
11.5264
11.9538
12.2643
12.446
12.5145
12.508
12.5112
12.5984
12.7764
13.0064
13.2047
13.3075
13.27
13.092
12.8014
12.4621
12.1316
11.8223
11.5179
11.177
10.7789
10.3254
9.85338
9.40555
9.00127
8.64367
8.31303
7.98222
7.61592
7.19827
6.73182
6.2439
5.76608
5.31402
4.89196
4.48808
4.08502
3.65947
3.20177
2.71549
2.22228
1.74689
1.30211
0.891589
0.505214
0.126462
-0.269245
-0.698762
-1.17291
-1.68954
-2.23815
-2.79733
-3.3485
-3.88914
-4.42723
-4.97997
-5.55436
-6.14557
-6.73026
-7.28216
-7.78873
-8.24841
-8.67725
-9.09854
-9.54315
-10.0222
-10.5262
-11.0157
-11.4464
-11.7964
-12.0615
-12.2666
-12.4485
-12.6566
-12.909
-13.1913
-13.441
-13.5888
-13.6021
-13.4775
-13.2579
-13.006
-12.8062
-12.6977
-12.6736
-12.6582
-12.5659
-12.359
-12.0233
-11.5728
10.0185
10.397
10.686
10.8877
11.0158
11.0963
11.1675
11.2602
11.3802
11.509
11.6106
11.6512
11.6086
11.4799
11.2792
11.0339
10.7695
10.4963
10.2109
9.90123
9.56049
9.19234
8.81239
8.43909
8.08357
7.74754
7.42273
7.09537
6.75043
6.37993
5.98539
5.57784
5.17087
4.77336
4.38781
4.00974
3.63079
3.24164
2.83793
2.42208
2.00324
1.5922
1.19582
0.815461
0.446082
0.0781895
-0.300233
-0.698957
-1.12362
-1.57383
-2.04404
-2.52492
-3.00828
-3.49135
-3.97628
-4.4677
-4.96694
-5.46958
-5.96497
-6.44137
-6.89191
-7.31627
-7.72161
-8.11921
-8.52076
-8.93005
-9.34018
-9.73339
-10.0899
-10.3978
-10.6557
-10.8744
-11.0719
-11.2669
-11.466
-11.6589
-11.8182
-11.914
-11.9292
-11.8645
-11.7407
-11.5905
-11.4497
-11.3367
-11.2456
-11.1448
-10.9961
-10.7733
-10.4637
-10.066
8.63829
8.96804
9.23232
9.43459
9.58444
9.69729
9.79159
9.88157
9.97045
10.0498
10.1032
10.1139
10.0704
9.97041
9.82033
9.63247
9.41905
9.18713
8.93797
8.66948
8.38089
8.07558
7.7612
7.44644
7.13721
6.83476
6.53562
6.23339
5.92139
5.59584
5.25738
4.91066
4.56176
4.21524
3.87269
3.5325
3.19109
2.84468
2.49151
2.1329
1.77293
1.41636
1.06643
0.723523
0.384833
0.0451276
-0.301908
-0.661694
-1.03741
-1.42918
-1.83442
-2.24881
-2.6683
-3.09071
-3.51578
-3.94394
-4.37436
-4.80379
-5.22676
-5.63753
-6.03247
-6.4112
-6.77671
-7.1338
-7.48674
-7.83622
-8.17794
-8.5033
-8.80293
-9.07065
-9.30552
-9.51211
-9.69811
-9.87062
-10.0313
-10.1739
-10.2861
-10.3542
-10.3704
-10.3357
-10.2605
-10.1607
-10.0523
-9.94351
-9.83078
-9.69974
-9.53183
-9.31176
-9.03025
-8.68424
7.34947
7.632
7.8665
8.05546
8.20486
8.32338
8.42043
8.50299
8.57289
8.62638
8.65582
8.653
8.61213
8.53166
8.4145
8.26648
8.09395
7.90155
7.69173
7.46552
7.22429
6.97088
6.70957
6.44493
6.18021
5.91641
5.6522
5.38479
5.11123
4.82979
4.54074
4.24614
3.9488
3.65102
3.35382
3.05673
2.75836
2.45724
2.15275
1.8456
1.53763
1.23095
0.926941
0.625554
0.325126
0.0227346
-0.285067
-0.601304
-0.927823
-1.2649
-1.61134
-1.96503
-2.32376
-2.68589
-3.05041
-3.41648
-3.78273
-4.14679
-4.50555
-4.85589
-5.19572
-5.52451
-5.84322
-6.15359
-6.45689
-6.75269
-7.03832
-7.3093
-7.56088
-7.78974
-7.99502
-8.17832
-8.34259
-8.49021
-8.62108
-8.73171
-8.81603
-8.86785
-8.8836
-8.86405
-8.81429
-8.74198
-8.65432
-8.55479
-8.44133
-8.30684
-8.14187
-7.93781
-7.68886
-7.39275
6.12765
6.36424
6.56534
6.73238
6.86882
6.97943
7.06917
7.14167
7.19803
7.23664
7.25396
7.24603
7.20995
7.1449
7.05224
6.93498
6.79663
6.64031
6.46833
6.28249
6.08458
5.87689
5.66214
5.44299
5.22138
4.99814
4.77293
4.54464
4.31202
4.07435
3.83178
3.58529
3.33621
3.08576
2.83457
2.58262
2.32944
2.07453
1.81772
1.55941
1.30042
1.04167
0.783671
0.526221
0.268286
0.00818805
-0.256007
-0.526014
-0.802926
-1.087
-1.37767
-1.67383
-1.97416
-2.27744
-2.5826
-2.88856
-3.19399
-3.49718
-3.79616
-4.08907
-4.37454
-4.65195
-4.92137
-5.18315
-5.43738
-5.68334
-5.91928
-6.14269
-6.35096
-6.54217
-6.71551
-6.87128
-7.01033
-7.1332
-7.2393
-7.32658
-7.392
-7.43261
-7.44679
-7.43498
-7.39967
-7.34443
-7.27249
-7.18523
-7.08135
-6.95712
-6.80757
-6.62795
-6.41489
-6.16709
4.95555
5.14734
5.31296
5.45312
5.56968
5.66524
5.74246
5.8033
5.84845
5.87728
5.88819
5.8793
5.84923
5.79761
5.72518
5.6336
5.52496
5.40137
5.26469
5.1166
4.95875
4.7929
4.62089
4.44441
4.26475
4.08259
3.89798
3.7106
3.51998
3.32587
3.1284
2.92807
2.72556
2.52152
2.31637
2.11022
1.90298
1.69451
1.48483
1.27415
1.06284
0.851275
0.639598
0.427575
0.214548
-0.000468856
-0.218586
-0.44079
-0.667731
-0.899595
-1.1361
-1.37662
-1.62032
-1.8663
-2.11365
-2.36141
-2.60849
-2.85363
-3.09553
-3.33295
-3.56494
-3.79088
-4.01048
-4.22355
-4.42975
-4.62836
-4.81821
-4.99777
-5.16552
-5.32023
-5.46118
-5.58817
-5.70121
-5.80017
-5.88442
-5.95272
-6.00346
-6.0352
-6.04714
-6.03949
-6.01343
-5.97059
-5.91235
-5.83919
-5.75025
-5.64349
-5.51623
-5.36589
-5.19063
-4.98983
3.82019
3.96821
4.09737
4.20793
4.30088
4.37759
4.43947
4.48762
4.52248
4.54385
4.55104
4.54318
4.51968
4.4804
4.42581
4.3569
4.27497
4.18141
4.07761
3.9649
3.84456
3.71791
3.5862
3.45056
3.31187
3.17067
3.02717
2.88134
2.73308
2.58235
2.42926
2.27409
2.11721
1.959
1.79971
1.63948
1.47835
1.31632
1.15345
0.989843
0.825676
0.661079
0.496053
0.330396
0.163688
-0.00465812
-0.175285
-0.348765
-0.525477
-0.705543
-0.888809
-1.07489
-1.26325
-1.45326
-1.64421
-1.83536
-2.02587
-2.21487
-2.40146
-2.5848
-2.76419
-2.9391
-3.10914
-3.27398
-3.43319
-3.58616
-3.7321
-3.87004
-3.99902
-4.11823
-4.2271
-4.32527
-4.4125
-4.48846
-4.55263
-4.60425
-4.64243
-4.66641
-4.67578
-4.67061
-4.65143
-4.61894
-4.57371
-4.51582
-4.44473
-4.35928
-4.25803
-4.1396
-4.00303
-3.8481
2.71123
2.8163
2.90861
2.98821
3.05555
3.11136
3.15636
3.19116
3.21604
3.23095
3.23563
3.22971
3.21294
3.18532
3.14716
3.09905
3.0418
2.97629
2.90347
2.82426
2.73957
2.65028
2.55725
2.46119
2.36269
2.26215
2.15978
2.05567
1.94984
1.84231
1.73318
1.62263
1.51087
1.39809
1.28446
1.1701
1.05507
0.939406
0.823154
0.706381
0.589158
0.471521
0.353431
0.234739
0.115187
-0.00556673
-0.127889
-0.252101
-0.37842
-0.506915
-0.637495
-0.76993
-0.903877
-1.03891
-1.17455
-1.31028
-1.44552
-1.57968
-1.71217
-1.84243
-1.96998
-2.09442
-2.21541
-2.33262
-2.44571
-2.55422
-2.65762
-2.75531
-2.84669
-2.93124
-3.00853
-3.07825
-3.14011
-3.19383
-3.23902
-3.27521
-3.30192
-3.31874
-3.32543
-3.322
-3.30866
-3.2857
-3.25332
-3.21148
-3.15985
-3.09778
-3.02451
-2.93932
-2.84176
-2.73178
1.62005
1.68284
1.73821
1.78616
1.82689
1.86072
1.888
1.90904
1.92398
1.93284
1.93553
1.9319
1.92187
1.90547
1.88288
1.85443
1.82056
1.78177
1.73859
1.69157
1.64124
1.58813
1.5327
1.47538
1.41651
1.35632
1.29497
1.23254
1.16908
1.10461
1.03922
0.972987
0.906022
0.838435
0.770319
0.701741
0.632746
0.56337
0.493642
0.423596
0.353259
0.282635
0.211689
0.140333
0.0684244
-0.00421392
-0.0777703
-0.152409
-0.22824
-0.305296
-0.38353
-0.462814
-0.542957
-0.623717
-0.704813
-0.785938
-0.866761
-0.946938
-1.02613
-1.10402
-1.18032
-1.25477
-1.32716
-1.39727
-1.46487
-1.52969
-1.59142
-1.64972
-1.70427
-1.75475
-1.80093
-1.84258
-1.87951
-1.91153
-1.93841
-1.95988
-1.97572
-1.98569
-1.98969
-1.9877
-1.97978
-1.96606
-1.94657
-1.92128
-1.89
-1.8524
-1.80812
-1.75681
-1.69828
-1.63257
-31430.8
-31389
-31348
-31307.8
-31268.4
-31229.9
-31192.3
-31155.6
-31119.7
-31084.8
-31050.8
-31017.7
-30985.5
-30954.3
-30923.9
-30894.4
-30865.8
-30838
-30811.1
-30785
-30759.7
-30735.2
-30711.5
-30688.4
-30666.1
-30644.4
-30623.4
-30603
-30583.1
-30563.8
-30545.1
-30526.8
-30509
-30491.6
-30474.6
-30458
-30441.7
-30425.8
-30410
-30394.6
-30379.3
-30364.2
-30349.2
-30334.3
-30319.5
-30304.7
-30290
-30275.1
-30260.3
-30245.3
-30230.1
-30214.8
-30199.3
-30183.5
-30167.5
-30151.1
-30134.3
-30117.1
-30099.5
-30081.4
-30062.8
-30043.6
-30023.8
-30003.4
-29982.4
-29960.6
-29938.2
-29915
-29891
-29866.2
-29840.6
-29814.2
-29786.9
-29758.7
-29729.6
-29699.6
-29668.6
-29636.8
-29604
-29570.3
-29535.6
-29500
-29463.5
-29426.1
-29387.7
-29348.5
-29308.4
-29267.5
-29225.7
-29183.1
-26.1019
-17.3079
-13.0867
-10.5601
-8.79419
-7.42844
-6.30039
-5.32676
-4.45999
-3.67018
-2.93698
-2.24544
-1.58385
-0.942506
-0.312888
-20.2219
-16.3153
-13.1443
-10.7924
-9.00592
-7.5867
-6.41006
-5.39935
-4.5061
-3.69814
-2.95296
-2.25389
-1.58788
-0.944154
-0.313313
-16.7149
-14.5862
-12.3821
-10.4587
-8.84975
-7.50181
-6.35332
-5.35412
-4.46663
-3.6631
-2.92265
-2.22913
-1.56951
-0.932855
-0.309499
-14.3593
-12.9317
-11.3387
-9.80968
-8.43193
-7.2169
-6.14685
-5.19683
-4.34295
-3.56475
-2.84524
-2.17032
-1.52809
-0.908189
-0.301305
-12.5168
-11.4421
-10.2305
-9.00871
-7.85074
-6.78648
-5.81995
-4.94308
-4.14334
-3.40751
-2.72306
-2.07869
-1.46422
-0.870446
-0.288814
-10.9421
-10.0885
-9.13184
-8.1432
-7.17528
-6.25785
-5.40303
-4.61188
-3.8796
-3.19867
-2.56064
-1.95701
-1.37957
-0.820495
-0.272298
-9.53216
-8.83709
-8.06447
-7.25639
-6.44882
-5.66624
-4.92211
-4.22157
-3.56429
-2.94673
-2.36366
-1.80901
-1.27645
-0.759613
-0.252163
-8.23422
-7.66261
-7.03197
-6.36861
-5.69699
-5.03586
-4.39734
-3.78776
-3.20905
-2.66016
-2.13811
-1.6388
-1.15754
-0.689293
-0.22889
-7.0164
-6.54668
-6.03175
-5.48873
-4.93438
-4.38261
-3.84341
-3.32288
-2.82384
-2.34659
-1.88968
-1.45047
-1.02555
-0.611089
-0.202986
-5.85731
-5.47559
-5.05932
-4.61992
-4.16895
-3.71658
-3.27062
-2.83635
-2.41668
-2.01256
-1.62346
-1.24774
-0.883038
-0.52649
-0.174938
-4.7417
-4.43876
-4.10977
-3.76243
-3.40472
-3.04392
-2.68595
-2.33504
-1.99381
-1.66338
-1.34373
-1.03391
-0.732301
-0.436846
-0.145188
-3.65817
-3.4278
-3.1784
-2.91513
-2.6434
-2.36829
-2.09407
-1.82394
-1.56
-1.30333
-1.0541
-0.811794
-0.575364
-0.343375
-0.114144
-2.59767
-2.43572
-2.26079
-2.07616
-1.88534
-1.69165
-1.49798
-1.30654
-1.11885
-0.935749
-0.757472
-0.583756
-0.413952
-0.247129
-0.0821661
-1.55268
-1.45649
-1.35274
-1.24327
-1.13002
-1.0149
-0.899559
-0.785296
-0.673026
-0.563277
-0.456227
-0.351758
-0.249522
-0.148997
-0.0495463
-29135.4
-29082.4
-29028.3
-28973.4
-28917.6
-28861
-28803.8
-28745.9
-28687.5
-28628.6
-28569.4
-28509.8
-28450.1
-28390.1
-28330
)
;

boundaryField
{
    hot
    {
        type            calculated;
        value           nonuniform List<scalar> 
120
(
32270.9
-0.0464032
-0.0771118
-0.107454
-0.137241
-0.166229
-0.194107
-0.220521
-0.245049
-0.267227
-0.286577
-0.302648
-0.315074
-0.323626
-0.328256
-0.329321
-0.327623
-0.323779
-0.318102
-0.310913
-0.302526
-0.293224
-0.283247
-0.272792
-0.262016
-0.251047
-0.239989
-0.228932
-0.217951
-0.20711
-0.196464
-0.186056
-0.175921
-0.166085
-0.156566
-0.147376
-0.138521
-0.130001
-0.121812
-0.113946
-0.106392
-0.0991384
-0.0921729
-0.0854852
-0.0790657
-0.0729057
-0.066996
-0.0613269
-0.0558872
-0.0506641
-0.0456439
-0.0408118
-0.0361522
-0.0316494
-0.027287
-0.023048
-0.0189144
-0.0148674
-0.0108871
-0.00695313
-0.00304434
0.000860537
0.00478273
0.00874324
0.0127627
0.0168615
0.0210596
0.0253767
0.0298321
0.0344447
0.0392324
0.044212
0.0493983
0.0548042
0.0604406
0.0663163
0.0724385
0.0788133
0.0854454
0.0923382
0.0994932
0.106909
0.114583
0.122509
0.13068
0.13909
0.147735
0.156616
0.165735
0.175098
0.184711
0.194582
0.204711
0.215095
0.225721
0.236559
0.247559
0.258638
0.269667
0.280462
0.290776
0.300298
0.30866
0.315464
0.320306
0.322783
0.321943
0.316923
0.307605
0.294089
0.276659
0.255722
0.231757
0.205257
0.1767
0.146527
0.115123
0.082826
0.0499264
-32270.4
)
;
    }
    cold
    {
        type            calculated;
        value           nonuniform List<scalar> 
120
(
28329.7
0.0481989
0.07996
0.111138
0.141452
0.17058
0.198149
0.223742
0.246905
0.267173
0.284097
0.297301
0.306531
0.311712
0.312972
0.311097
0.306991
0.30107
0.293707
0.285263
0.276063
0.266374
0.256406
0.24631
0.23619
0.226117
0.216135
0.206276
0.196561
0.187006
0.177621
0.168414
0.159393
0.150562
0.141931
0.13351
0.125309
0.117342
0.109622
0.102159
0.094961
0.088032
0.081374
0.0749865
0.0688675
0.063014
0.0574212
0.052083
0.0469912
0.0421352
0.0375022
0.0330772
0.0288434
0.0247829
0.0208764
0.0171042
0.013446
0.00988124
0.0063892
0.00294937
-0.000458447
-0.00385395
-0.00725617
-0.0106834
-0.0141533
-0.0176828
-0.0212885
-0.0249867
-0.028794
-0.0327276
-0.0368049
-0.0410439
-0.0454624
-0.0500781
-0.0549073
-0.0599651
-0.0652645
-0.0708163
-0.0766293
-0.0827097
-0.0890609
-0.0956839
-0.102578
-0.109739
-0.117166
-0.124859
-0.13282
-0.141059
-0.149588
-0.158424
-0.167589
-0.177101
-0.186975
-0.197222
-0.207837
-0.218803
-0.230072
-0.241563
-0.253143
-0.264621
-0.275735
-0.286154
-0.295493
-0.303329
-0.309233
-0.312888
-0.313313
-0.309499
-0.301305
-0.288814
-0.272298
-0.252163
-0.22889
-0.202986
-0.174938
-0.145188
-0.114144
-0.0821661
-0.0495463
-28330
)
;
    }
    interface_left
    {
        type            calculated;
        value           nonuniform List<scalar> 
90
(
-20.2623
-10.4089
-7.60652
-7.60182
-6.91264
-4.6595
-7.45914
-8.53486
-9.78163
-9.7111
-8.26017
-7.48084
-6.21361
-5.27053
-3.19713
-4.67245
-5.14443
-5.52701
-5.30794
-4.20198
-3.48257
-2.01932
-2.78915
-2.9836
-3.0091
-3.01232
-3.04236
-2.84826
-2.17033
-1.7612
-0.994174
-1.31162
-1.37101
-1.3269
-1.29497
-1.25442
-1.14704
-0.832298
-0.653052
-0.345547
-0.410828
-0.398501
-0.322439
-0.26994
-0.178442
-0.114772
0.00167218
0.0519253
0.090777
0.224087
0.31254
0.471538
0.581941
0.795716
0.862821
0.866466
0.821397
0.610303
1.05368
1.28651
1.6472
1.8924
2.37339
2.47915
2.34177
2.14951
1.50987
2.52146
3.01186
3.71973
4.18282
5.0793
5.21459
4.75805
4.27545
2.86725
4.65214
5.43009
6.41702
7.00619
8.07824
8.04369
6.81381
5.86221
3.53418
4.85639
5.18182
4.72675
8.0487
20.1833
)
;
    }
    interface_right
    {
        type            calculated;
        value           nonuniform List<scalar> 
90
(
19.5351
6.9875
3.32665
2.88343
4.61646
5.41069
6.71542
7.37465
8.4856
8.45401
7.26826
6.62984
5.58606
4.77673
2.94029
4.37608
4.86776
5.33361
5.19503
4.27882
3.80583
3.08343
2.58245
1.54803
2.20626
2.40537
2.55043
2.44367
1.95186
1.70114
1.33193
1.09269
0.634946
0.857558
0.906418
0.905666
0.835629
0.608243
0.476642
0.248612
0.289705
0.273613
0.202005
0.150442
0.0552577
-0.00475587
-0.10654
-0.161957
-0.24055
-0.262103
-0.233367
-0.458603
-0.592702
-0.830775
-0.91389
-0.950757
-0.976771
-1.01058
-0.965807
-0.727195
-1.28343
-1.57195
-2.03583
-2.14765
-2.05093
-1.89148
-1.33654
-2.24454
-2.68438
-3.31797
-3.72646
-4.50755
-4.61901
-4.19737
-3.76643
-2.52488
-4.08832
-4.76741
-5.62306
-6.12957
-7.04045
-6.99968
-5.90629
-5.08119
-3.07686
-4.1703
-4.44698
-4.01404
-7.48512
-20.1234
)
;
    }
    interface_top
    {
        type            calculated;
        value           nonuniform List<scalar> 
90
(
46.2403
-22.3326
65.9844
-1.15045
65.1343
18.2806
-27.8908
37.4837
-27.0521
64.5886
1.57462
59.1512
9.78162
53.9684
21.1489
-10.1652
32.1907
-9.42143
47.0724
8.62975
42.0925
17.6238
-4.80979
23.6759
-4.48966
24.7952
-5.40658
33.5224
6.62162
28.8111
11.8606
-3.63201
15.1164
-4.2894
15.2208
-5.87276
20.9437
1.7316
17.47
4.89515
-6.98043
6.93678
-8.69136
7.01987
-11.1923
12.5981
-5.41848
9.84243
-5.21922
7.76407
-3.37794
-14.9099
-0.74149
-17.741
5.37221
-12.4276
3.86719
-9.40957
-23.1723
-6.5777
-26.9371
-5.08202
-31.3034
5.19491
-22.2757
4.17916
-16.3948
-37.9124
-10.5371
-42.8795
-6.61725
-48.5273
11.4677
-32.3956
11.4321
-21.0332
-54.7791
-9.6895
-60.137
-1.69216
-66.0694
27.606
-38.4943
28.7801
-18.5922
-66.6906
1.60149
-67.3357
23.7821
-46.3489
)
;
    }
    interface_bottom
    {
        type            calculated;
        value           nonuniform List<scalar> 
90
(
-45.3728
17.055
-63.9331
-14.049
34.4841
-34.0063
31.8349
-43.0832
31.7401
-71.7542
-1.35271
-64.3175
-10.245
-58.0096
-22.3142
11.7711
-34.2223
11.4548
-50.8424
-7.5218
-44.8117
-11.6972
-39.4477
-17.6728
2.90991
-23.4678
3.42621
-31.8053
-7.06792
-27.5651
-11.6732
3.0064
-14.6135
3.95424
-14.6961
5.6619
-20.2187
-1.56391
-16.844
-4.54693
7.13145
-6.52106
8.95154
-6.64384
11.5002
-12.2501
5.77986
-9.53012
5.62745
-7.52937
3.74813
15.4707
0.990266
18.352
-5.34931
12.8855
-3.91158
9.72445
23.8977
6.67501
27.7119
4.94551
32.0576
-5.80413
22.5753
-4.8667
16.3552
38.549
10.0675
43.4149
5.75121
48.8079
-12.882
31.9692
-12.8003
20.2293
54.4681
8.47537
59.456
0.218892
64.8341
-28.8668
37.0298
-29.5169
17.4687
65.049
-2.30654
65.6935
-23.9926
45.0343
)
;
    }
    defaultFaces
    {
        type            empty;
    }
}


// ************************************************************************* //
