/*--------------------------------*- C++ -*----------------------------------*\
| =========                 |                                                 |
| \\      /  F ield         | OpenFOAM: The Open Source CFD Toolbox           |
|  \\    /   O peration     | Version:  5.x                                   |
|   \\  /    A nd           | Web:      www.OpenFOAM.org                      |
|    \\/     M anipulation  |                                                 |
\*---------------------------------------------------------------------------*/
FoamFile
{
    version     2.0;
    format      ascii;
    class       volScalarField;
    location    "4.4";
    object      gradTx;
}
// * * * * * * * * * * * * * * * * * * * * * * * * * * * * * * * * * * * * * //

dimensions      [0 -1 0 1 0 0 0];

internalField   nonuniform List<scalar> 
6300
(
-50.3662
-50.3477
-50.3105
-50.2547
-50.1799
-50.0861
-49.9733
-49.8415
-49.6913
-49.5232
-49.3384
-49.1382
-48.9242
-48.698
-48.4609
-50.385
-50.3666
-50.3296
-50.2739
-50.1992
-50.1055
-49.9925
-49.8604
-49.7094
-49.5403
-49.3542
-49.1524
-48.9368
-48.7092
-48.4714
-50.4227
-50.4044
-50.3677
-50.3124
-50.238
-50.1444
-50.0312
-49.8984
-49.7461
-49.5749
-49.3859
-49.1808
-48.9617
-48.7312
-48.4915
-50.4789
-50.461
-50.4248
-50.3701
-50.2964
-50.2032
-50.0899
-49.9562
-49.8019
-49.6275
-49.4341
-49.2235
-48.9985
-48.7626
-48.5194
-50.5535
-50.536
-50.5008
-50.4472
-50.3747
-50.2825
-50.1695
-50.0349
-49.8783
-49.6996
-49.4998
-49.2809
-49.0466
-48.8017
-48.5519
-50.646
-50.6292
-50.5953
-50.5436
-50.4732
-50.3827
-50.2708
-50.136
-49.977
-49.7931
-49.5848
-49.3542
-49.1057
-48.8461
-48.5843
-50.7555
-50.7398
-50.7079
-50.6591
-50.592
-50.5048
-50.3955
-50.2617
-50.101
-49.9115
-49.6926
-49.4458
-49.1761
-48.8931
-48.6103
-50.881
-50.8668
-50.8379
-50.7932
-50.7311
-50.6493
-50.545
-50.4146
-50.2541
-50.0597
-49.8286
-49.5605
-49.2603
-48.9402
-48.6207
-51.0211
-51.0089
-50.984
-50.945
-50.8902
-50.8168
-50.7209
-50.5978
-50.4415
-50.245
-50.0018
-49.7077
-49.3648
-48.987
-48.6046
-51.1738
-51.1642
-51.1444
-51.1131
-51.0683
-51.0069
-50.9245
-50.8147
-50.6693
-50.4774
-50.2263
-49.9039
-49.5044
-49.0389
-48.5489
-51.3363
-51.3299
-51.3165
-51.295
-51.2633
-51.2185
-51.1556
-51.0676
-50.9439
-50.7692
-50.5225
-50.1776
-49.7103
-49.1155
-48.4424
-51.5057
-51.503
-51.4972
-51.4873
-51.4719
-51.4483
-51.4122
-51.3565
-51.2699
-51.1334
-50.9169
-50.5741
-50.0437
-49.2708
-48.2828
-51.678
-51.6795
-51.6821
-51.6856
-51.6891
-51.691
-51.6886
-51.6767
-51.6459
-51.5779
-51.4377
-51.1585
-50.62
-49.6414
-48.098
-51.8493
-51.855
-51.8667
-51.8843
-51.9081
-51.9383
-51.9747
-52.0161
-52.0593
-52.0948
-52.0979
-52.0026
-51.6366
-50.5773
-48.035
-52.0151
-52.0251
-52.0455
-52.0771
-52.1212
-52.1798
-52.256
-52.3541
-52.4805
-52.6444
-52.8565
-53.1177
-53.3472
-52.9967
-48.9894
-48.235
-48.0219
-47.8011
-47.5715
-47.3312
-47.0785
-46.8109
-46.5266
-46.2236
-45.9008
-45.5577
-45.1945
-44.8122
-44.4123
-43.9969
-43.5684
-43.1293
-42.6825
-42.2308
-41.777
-41.3241
-40.875
-40.4323
-39.9986
-39.576
-39.1664
-38.7712
-38.3914
-38.0275
-37.6798
-37.3479
-37.0314
-36.7292
-36.4403
-36.1633
-35.8969
-35.6396
-35.39
-35.147
-34.9093
-34.6756
-34.4451
-34.2169
-33.9905
-33.7654
-33.542
-33.3205
-33.1021
-32.8878
-32.6791
-32.4775
-32.2846
-32.1018
-31.9303
-31.7711
-31.625
-31.4925
-31.3737
-31.2688
-31.1775
-31.0994
-31.0343
-30.9816
-30.9411
-30.9125
-30.8955
-30.89
-30.896
-30.9132
-30.9417
-30.9815
-31.0325
-31.0947
-31.1683
-31.2534
-31.3501
-31.4583
-31.5781
-31.7094
-31.8519
-32.0054
-32.1695
-32.3438
-32.5279
-32.7208
-32.9217
-33.1294
-33.3423
-33.5586
-33.7765
-48.2456
-48.0334
-47.8143
-47.587
-47.3497
-47.1001
-46.8356
-46.5537
-46.2525
-45.9304
-45.587
-45.2224
-44.8378
-44.435
-44.0162
-43.5839
-43.1409
-42.6899
-42.234
-41.7761
-41.3191
-40.866
-40.4197
-39.9829
-39.5576
-39.146
-38.7493
-38.3687
-38.0046
-37.6572
-37.3262
-37.0109
-36.7104
-36.4233
-36.1483
-35.8839
-35.6285
-35.3809
-35.1396
-34.9034
-34.6712
-34.4419
-34.2146
-33.9885
-33.7633
-33.5391
-33.3163
-33.0961
-32.8797
-32.6688
-32.465
-32.2701
-32.0855
-31.9125
-31.7522
-31.6054
-31.4725
-31.3537
-31.249
-31.1581
-31.0806
-31.0161
-30.9639
-30.9238
-30.8955
-30.8787
-30.8733
-30.8794
-30.8967
-30.9253
-30.965
-31.0159
-31.078
-31.1515
-31.2364
-31.333
-31.4413
-31.5613
-31.6928
-31.8357
-31.9896
-32.1544
-32.3295
-32.5146
-32.7089
-32.9116
-33.1214
-33.3369
-33.5561
-33.777
-48.2656
-48.0552
-47.8396
-47.6174
-47.3864
-47.1436
-46.8856
-46.6092
-46.3117
-45.9912
-45.647
-45.2795
-44.8902
-44.4812
-44.0552
-43.6153
-43.1642
-42.7049
-42.2406
-41.7741
-41.3087
-40.8477
-40.394
-39.9507
-39.5201
-39.1043
-38.7047
-38.3224
-37.9579
-37.6112
-37.282
-36.9695
-36.6724
-36.3893
-36.1184
-35.858
-35.6066
-35.3627
-35.125
-34.8921
-34.6629
-34.436
-34.2105
-33.9853
-33.7598
-33.534
-33.3086
-33.0846
-32.8638
-32.6482
-32.4398
-32.2406
-32.0523
-31.8763
-31.7138
-31.5656
-31.432
-31.3133
-31.2092
-31.1194
-31.0431
-30.9797
-30.9286
-30.8893
-30.8615
-30.8451
-30.84
-30.8462
-30.8637
-30.8924
-30.9321
-30.9828
-31.0446
-31.1177
-31.2023
-31.2987
-31.407
-31.5273
-31.6594
-31.8031
-31.958
-32.1239
-32.3005
-32.4875
-32.6845
-32.8907
-33.1048
-33.3255
-33.5506
-33.7778
-48.2928
-48.0848
-47.8747
-47.6609
-47.4404
-47.2092
-46.9625
-46.6956
-46.4045
-46.0866
-45.741
-45.3685
-44.9711
-44.5521
-44.1149
-43.663
-43.1996
-42.7277
-42.2505
-41.7709
-41.2925
-40.819
-40.3538
-39.9004
-39.4616
-39.0394
-38.6355
-38.2508
-37.8858
-37.5404
-37.2142
-36.9061
-36.6146
-36.3378
-36.0734
-35.8195
-35.5742
-35.3359
-35.1034
-34.8756
-34.6511
-34.4285
-34.2061
-33.9825
-33.7568
-33.5286
-33.2987
-33.0686
-32.8405
-32.6172
-32.4013
-32.1953
-32.0012
-31.8207
-31.6549
-31.5045
-31.3701
-31.2516
-31.1488
-31.0608
-30.9868
-30.9255
-30.8761
-30.838
-30.8109
-30.7949
-30.79
-30.7965
-30.8144
-30.8433
-30.883
-30.9334
-30.9946
-31.0669
-31.1508
-31.2468
-31.3552
-31.476
-31.6091
-31.7539
-31.9101
-32.0775
-32.256
-32.4457
-32.6464
-32.8577
-33.0786
-33.3073
-33.5416
-33.7787
-48.323
-48.1178
-47.9155
-47.7144
-47.5104
-47.2976
-47.0689
-46.8171
-46.5362
-46.2223
-45.8742
-45.4935
-45.0837
-44.6496
-44.1961
-43.7276
-43.2475
-42.7587
-42.264
-41.7664
-41.2698
-40.7785
-40.297
-39.8295
-39.3793
-38.9487
-38.5391
-38.1513
-37.7857
-37.4422
-37.1204
-36.819
-36.536
-36.2685
-36.0137
-35.7688
-35.5317
-35.3009
-35.0755
-34.8545
-34.6369
-34.4206
-34.2034
-33.983
-33.7573
-33.5258
-33.2892
-33.0496
-32.8104
-32.5755
-32.3485
-32.1328
-31.9307
-31.7439
-31.5735
-31.4204
-31.285
-31.1673
-31.0667
-30.9821
-30.9118
-30.854
-30.8072
-30.7706
-30.7442
-30.7282
-30.7235
-30.7303
-30.7487
-30.7782
-30.8182
-30.8682
-30.9283
-30.9991
-31.0816
-31.1767
-31.2851
-31.4068
-31.5413
-31.6878
-31.8457
-32.0147
-32.1951
-32.3875
-32.5927
-32.8106
-33.0404
-33.2805
-33.5279
-33.7794
-48.3499
-48.147
-47.9551
-47.7725
-47.5935
-47.4094
-47.209
-46.981
-46.7158
-46.4075
-46.0548
-45.6608
-45.2317
-44.7755
-44.2995
-43.8093
-43.3084
-42.7987
-42.282
-41.7609
-41.2398
-40.7242
-40.2205
-39.7341
-39.2691
-38.828
-38.4116
-38.0201
-37.6539
-37.3132
-36.9976
-36.7059
-36.4351
-36.1813
-35.9399
-35.7072
-35.4803
-35.2583
-35.0412
-34.8289
-34.6207
-34.4142
-34.2057
-33.9909
-33.7664
-33.5304
-33.2839
-33.0301
-32.7742
-32.5222
-32.2796
-32.0506
-31.838
-31.6432
-31.4672
-31.3107
-31.1742
-31.0581
-30.9615
-30.8826
-30.8186
-30.7663
-30.7233
-30.6885
-30.6619
-30.6452
-30.6399
-30.6471
-30.6667
-30.6977
-30.7385
-30.7881
-30.8462
-30.9141
-30.9937
-31.087
-31.1954
-31.3187
-31.4558
-31.605
-31.7648
-31.9349
-32.1162
-32.3106
-32.5201
-32.7457
-32.9872
-33.2425
-33.508
-33.7792
-48.3637
-48.1608
-47.9818
-47.8255
-47.6845
-47.5451
-47.3894
-47.1988
-46.9579
-46.6572
-46.2954
-45.8789
-45.4193
-44.9303
-44.4236
-43.9068
-43.3822
-42.8492
-42.3067
-41.7559
-41.2021
-40.6534
-40.1193
-39.6081
-39.1251
-38.672
-38.2483
-37.8529
-37.4859
-37.1482
-36.8408
-36.5628
-36.3101
-36.0764
-35.8541
-35.6372
-35.4221
-35.209
-35
-34.7977
-34.6024
-34.4109
-34.2171
-34.013
-33.792
-33.5504
-33.2892
-33.0137
-32.7325
-32.4554
-32.1909
-31.9447
-31.7195
-31.5156
-31.3329
-31.1719
-31.0341
-30.9205
-30.8306
-30.7616
-30.7083
-30.6651
-30.6276
-30.5939
-30.5654
-30.5454
-30.538
-30.5456
-30.568
-30.6027
-30.646
-30.6952
-30.7498
-30.8119
-30.8856
-30.9754
-31.0837
-31.2104
-31.3526
-31.5064
-31.6687
-31.8386
-32.0181
-32.2116
-32.4237
-32.6576
-32.9137
-33.1892
-33.4792
-33.7775
-48.3495
-48.1407
-47.9761
-47.857
-47.7736
-47.7045
-47.6203
-47.4897
-47.2863
-46.9951
-46.6152
-46.1593
-45.6497
-45.1108
-44.5627
-44.0157
-43.4687
-42.9139
-42.3435
-41.7557
-41.1573
-40.5618
-39.9855
-39.4419
-38.9382
-38.4741
-38.0446
-37.6453
-37.2758
-36.9398
-36.642
-36.3834
-36.1582
-35.9551
-35.7609
-35.5646
-35.3615
-35.1538
-34.9494
-34.7564
-34.5785
-34.4113
-34.2432
-34.0597
-33.8473
-33.5987
-33.315
-33.0054
-32.685
-32.3705
-32.0758
-31.8087
-31.5702
-31.3573
-31.1671
-30.9997
-30.8589
-30.7486
-30.6697
-30.6176
-30.5831
-30.5554
-30.526
-30.4918
-30.4562
-30.4273
-30.4143
-30.4225
-30.4514
-30.4948
-30.5446
-30.5943
-30.6421
-30.6925
-30.7541
-30.8365
-30.9452
-31.0793
-31.2322
-31.3952
-31.5612
-31.7279
-31.8996
-32.0853
-32.2954
-32.5372
-32.8116
-33.1146
-33.4382
-33.7734
-48.2854
-48.0571
-47.9053
-47.8375
-47.8424
-47.8862
-47.9186
-47.8856
-47.7418
-47.4612
-47.0446
-46.5176
-45.9225
-45.3049
-44.7008
-44.1249
-43.5668
-43.0014
-42.4056
-41.7712
-41.1087
-40.4432
-39.8047
-39.2184
-38.6948
-38.2267
-37.7978
-37.3951
-37.0176
-36.6766
-36.3871
-36.1561
-35.9746
-35.8214
-35.6708
-35.5022
-35.3075
-35.0943
-34.8824
-34.6937
-34.5395
-34.4129
-34.2919
-34.1478
-33.9548
-33.6978
-33.378
-33.0126
-32.629
-32.2571
-31.921
-31.6314
-31.384
-31.1663
-30.9682
-30.7894
-30.6395
-30.5312
-30.47
-30.4483
-30.4481
-30.4479
-30.4311
-30.3916
-30.3371
-30.2862
-30.2596
-30.2694
-30.3135
-30.3775
-30.4431
-30.4956
-30.5305
-30.5564
-30.5925
-30.6595
-30.7698
-30.9206
-31.0969
-31.2794
-31.4523
-31.6098
-31.7603
-31.9234
-32.1213
-32.3691
-32.6682
-33.0097
-33.3801
-33.7662
-48.1391
-47.8634
-47.7139
-47.7132
-47.8555
-48.0844
-48.3114
-48.4414
-48.3944
-48.1237
-47.633
-46.9745
-46.228
-45.4799
-44.7987
-44.209
-43.6756
-43.133
-42.5238
-41.8272
-41.0648
-40.2857
-39.5492
-38.905
-38.3716
-37.923
-37.5136
-37.1089
-36.7071
-36.3396
-36.0483
-35.8575
-35.7507
-35.6841
-35.6067
-35.4776
-35.2804
-35.0329
-34.7821
-34.5813
-34.4607
-34.4066
-34.3739
-34.3066
-34.1544
-33.8872
-33.5068
-33.0462
-32.5562
-32.0923
-31.699
-31.3933
-31.155
-30.947
-30.7414
-30.5372
-30.3604
-30.2458
-30.2132
-30.2479
-30.3127
-30.3643
-30.3687
-30.3126
-30.2125
-30.11
-30.052
-30.0669
-30.1465
-30.2577
-30.3602
-30.422
-30.4314
-30.4054
-30.3859
-30.42
-30.5358
-30.7246
-30.9524
-31.1772
-31.3649
-31.5015
-31.6027
-31.7109
-31.8749
-32.1267
-32.4636
-32.8627
-33.2989
-33.7548
-47.8634
-47.4882
-47.3086
-47.3833
-47.7442
-48.2853
-48.844
-49.2524
-49.3692
-49.1032
-48.4636
-47.5583
-46.536
-45.5589
-44.7648
-44.2124
-43.7978
-43.3607
-42.768
-41.9785
-41.0454
-40.067
-39.1611
-38.4323
-37.9265
-37.5631
-37.223
-36.8186
-36.3476
-35.8928
-35.5651
-35.4381
-35.4689
-35.5625
-35.617
-35.5514
-35.3259
-34.9762
-34.6103
-34.3534
-34.2864
-34.3694
-34.506
-34.5876
-34.5196
-34.2397
-33.7513
-33.1219
-32.4457
-31.8259
-31.3508
-31.0582
-30.8821
-30.7243
-30.5126
-30.2454
-29.9914
-29.8425
-29.8592
-30.004
-30.196
-30.3486
-30.3932
-30.2969
-30.0913
-29.8693
-29.7391
-29.7711
-29.9339
-30.1501
-30.3356
-30.4238
-30.3828
-30.2446
-30.1019
-30.0625
-30.1965
-30.4724
-30.8118
-31.1282
-31.351
-31.4435
-31.4349
-31.4176
-31.5018
-31.7614
-32.1691
-32.6619
-33.1893
-33.7363
-47.3842
-46.832
-46.5374
-46.6419
-47.3738
-48.4612
-49.5932
-50.4837
-50.8958
-50.6211
-49.6773
-48.3107
-46.7795
-45.3748
-44.3834
-44.0175
-43.9526
-43.8131
-43.2957
-42.3369
-41.0914
-39.7444
-38.5182
-37.6389
-37.2765
-37.1699
-37.0255
-36.6243
-35.9649
-35.2634
-34.7932
-34.7918
-35.0969
-35.4974
-35.8006
-35.8557
-35.5504
-34.9432
-34.2815
-33.8521
-33.8963
-34.2551
-34.7175
-35.0841
-35.19
-34.8926
-34.1987
-33.2648
-32.2543
-31.3512
-30.7395
-30.5555
-30.5828
-30.5792
-30.3635
-29.9346
-29.4709
-29.2005
-29.3205
-29.6921
-30.1361
-30.4881
-30.6203
-30.4384
-29.9933
-29.4964
-29.1923
-29.2867
-29.644
-30.0863
-30.4509
-30.6112
-30.474
-30.0899
-29.669
-29.4548
-29.6526
-30.1282
-30.704
-31.2137
-31.5242
-31.531
-31.279
-30.9777
-30.8757
-31.1826
-31.7516
-32.411
-33.0511
-33.6933
-46.5459
-45.8054
-45.1925
-44.9975
-46.4924
-48.5737
-50.6907
-52.4043
-53.4118
-53.1029
-51.5003
-49.301
-46.8413
-44.5959
-43.1019
-43.3897
-44.2154
-44.8102
-44.4597
-43.1086
-41.2843
-39.2482
-37.3763
-36.1015
-36.2585
-36.8318
-37.198
-36.802
-35.6435
-34.3011
-33.3467
-33.7047
-34.5877
-35.5729
-36.3418
-36.6791
-36.2101
-34.9889
-33.6186
-32.669
-33.0533
-33.992
-35.0669
-35.9565
-36.441
-36.1167
-34.9919
-33.5184
-31.908
-30.4569
-29.5123
-29.7484
-30.3281
-30.7394
-30.5212
-29.6737
-28.6722
-27.996
-28.4193
-29.2755
-30.2084
-30.9438
-31.2994
-30.9587
-29.9694
-28.8454
-28.0714
-28.4233
-29.2312
-30.134
-30.8598
-31.2266
-30.9203
-29.9876
-28.9376
-28.2534
-28.7083
-29.6392
-30.6907
-31.5856
-32.134
-31.9906
-31.1938
-30.2501
-29.6601
-30.2261
-31.2033
-32.1873
-32.9095
-33.5341
-44.7771
-44.595
-43.2458
-40.9193
-44.7666
-48.635
-52.3695
-55.3421
-57.8239
-57.448
-54.183
-50.6664
-46.5949
-42.7352
-39.2547
-41.9878
-44.8111
-47.1688
-47.0648
-44.5621
-41.7824
-38.5159
-35.3747
-32.5027
-34.6412
-36.7923
-38.4686
-38.0778
-35.5873
-32.7802
-30.0105
-31.8617
-33.9317
-35.96
-37.5046
-38.6636
-37.9534
-35.2494
-32.3498
-29.5653
-31.4119
-33.533
-35.6834
-37.4121
-38.8567
-38.4936
-36.2873
-33.9688
-31.3325
-28.8331
-26.5851
-28.4463
-30.3158
-31.8062
-31.585
-29.6343
-27.4048
-25.2084
-26.8943
-28.7485
-30.565
-31.9461
-32.9807
-32.413
-30.1391
-27.6902
-25.3289
-26.903
-28.6814
-30.4364
-31.7854
-32.8107
-32.2681
-30.0541
-27.6793
-25.4116
-27.0779
-28.9763
-30.9024
-32.4563
-33.7398
-33.3906
-31.3198
-29.013
-26.7795
-28.6773
-30.6447
-32.3404
-32.9079
-32.787
-38.9994
-45.0649
-42.7073
-27.9513
-43.0111
-48.8894
-55.146
-58.9872
-66.3514
-65.9541
-57.2286
-52.8315
-46.044
-40.3289
-26.4601
-40.4566
-46.0775
-53.0726
-53.1247
-46.415
-42.9819
-37.6037
-32.9858
-21.689
-33.0063
-37.4367
-42.7162
-42.3777
-35.9873
-31.2057
-20.0205
-29.7041
-33.3358
-37.0441
-39.2231
-43.3401
-42.568
-35.7918
-30.9154
-19.7932
-29.3754
-33.0319
-36.9074
-39.2768
-43.8758
-43.5247
-37.7444
-34.8772
-30.5597
-26.8472
-17.7407
-27.1322
-30.8492
-35.3374
-35.1393
-29.9962
-26.0898
-16.83
-25.1269
-28.2756
-31.5482
-33.4471
-36.9692
-36.3237
-30.5604
-26.4086
-16.9191
-25.0883
-28.1648
-31.3229
-33.1768
-36.6522
-36.0223
-30.3516
-26.2663
-16.9044
-25.113
-28.273
-31.6495
-33.7156
-37.6964
-37.269
-31.7853
-27.6696
-17.9496
-27.0277
-30.477
-34.1175
-33.8967
-28.9609
-34.0152
-34.2715
-34.5197
-34.7565
-34.979
-35.1849
-35.3723
-35.54
-35.6872
-35.8134
-35.9184
-36.0023
-36.065
-36.1068
-36.1276
-34.0192
-34.2791
-34.5307
-34.7704
-34.9953
-35.2029
-35.3916
-35.5601
-35.7077
-35.8341
-35.9392
-36.023
-36.0856
-36.1272
-36.148
-34.0271
-34.2945
-34.553
-34.7986
-35.0282
-35.2394
-35.4306
-35.6006
-35.7491
-35.8758
-35.9808
-36.0643
-36.1267
-36.1681
-36.1888
-34.0393
-34.3186
-34.5877
-34.8424
-35.0791
-35.2956
-35.4902
-35.6623
-35.8117
-35.9386
-36.0434
-36.1265
-36.1883
-36.2293
-36.2498
-34.056
-34.3522
-34.6365
-34.9036
-35.1499
-35.373
-35.5719
-35.7463
-35.8965
-36.0232
-36.1273
-36.2094
-36.2704
-36.3107
-36.3308
-34.0781
-34.3974
-34.7018
-34.9851
-35.2433
-35.4743
-35.6777
-35.8539
-36.0043
-36.13
-36.2326
-36.3131
-36.3726
-36.4119
-36.4314
-34.1067
-34.4571
-34.7878
-35.0913
-35.3634
-35.6027
-35.81
-35.9871
-36.1362
-36.2596
-36.3594
-36.4374
-36.4947
-36.5324
-36.5511
-34.1439
-34.5359
-34.9006
-35.2286
-35.5159
-35.7628
-35.9721
-36.1477
-36.2933
-36.4123
-36.5078
-36.5817
-36.6359
-36.6715
-36.689
-34.1934
-34.6414
-35.0497
-35.4062
-35.7085
-35.9601
-36.1676
-36.3377
-36.4763
-36.5882
-36.6771
-36.7455
-36.7954
-36.828
-36.8441
-34.2612
-34.7864
-35.2502
-35.6378
-35.9514
-36.2013
-36.4002
-36.5588
-36.6857
-36.7867
-36.8663
-36.9273
-36.9716
-37.0006
-37.0149
-34.3566
-34.9927
-35.5264
-35.9431
-36.2576
-36.4936
-36.6729
-36.8115
-36.9203
-37.0062
-37.0736
-37.1252
-37.1628
-37.1874
-37.1996
-34.492
-35.3007
-35.9192
-36.3498
-36.6418
-36.8425
-36.9862
-37.0939
-37.1776
-37.2438
-37.2962
-37.3367
-37.3665
-37.3862
-37.396
-34.6844
-35.7981
-36.4992
-36.894
-37.1158
-37.2479
-37.3354
-37.4002
-37.4519
-37.4947
-37.5301
-37.5585
-37.58
-37.5944
-37.6016
-35.0024
-36.7078
-37.3863
-37.6114
-37.6781
-37.6973
-37.7073
-37.7194
-37.735
-37.7527
-37.7705
-37.7867
-37.7999
-37.8093
-37.8141
-36.0351
-38.6432
-38.726
-38.4873
-38.2866
-38.1552
-38.0771
-38.035
-38.0157
-38.0101
-38.0121
-38.0174
-38.0233
-38.0282
-38.0308
-52.1583
-52.1718
-52.1995
-52.2426
-52.3034
-52.3854
-52.4941
-52.6381
-52.8324
-53.104
-53.5073
-54.1696
-55.4474
-58.5669
-68.5958
-52.2793
-52.2956
-52.3289
-52.381
-52.4546
-52.554
-52.686
-52.8615
-53.0988
-53.4305
-53.9195
-54.699
-56.0784
-58.8322
-64.9174
-52.3892
-52.4077
-52.4457
-52.5048
-52.5881
-52.7001
-52.8479
-53.0421
-53.2997
-53.6478
-54.1303
-54.8124
-55.755
-56.7842
-56.0977
-52.4864
-52.5066
-52.5479
-52.612
-52.7018
-52.8216
-52.9776
-53.1787
-53.4378
-53.7722
-54.203
-54.7453
-55.3716
-55.9277
-56.1624
-52.5699
-52.5912
-52.6346
-52.7016
-52.7949
-52.918
-53.076
-53.2752
-53.5237
-53.8299
-54.1988
-54.62
-55.0372
-55.2947
-55.025
-52.6388
-52.6606
-52.705
-52.7733
-52.8675
-52.9905
-53.1457
-53.3374
-53.5695
-53.8444
-54.1592
-54.4974
-54.8138
-55.0284
-55.059
-52.6927
-52.7147
-52.7592
-52.8272
-52.9204
-53.0406
-53.1903
-53.3715
-53.5855
-53.8316
-54.1043
-54.39
-54.6611
-54.8901
-55.1113
-52.7316
-52.7534
-52.7972
-52.8639
-52.9546
-53.0706
-53.213
-53.3827
-53.5793
-53.8006
-54.0415
-54.2926
-54.5377
-54.7578
-54.8825
-52.7557
-52.7769
-52.8196
-52.8842
-52.9716
-53.0822
-53.2168
-53.375
-53.5558
-53.7564
-53.9727
-54.1994
-54.4315
-54.6923
-55.1688
-52.7653
-52.7858
-52.8269
-52.8891
-52.9725
-53.0775
-53.2041
-53.3516
-53.5184
-53.7017
-53.8978
-54.1023
-54.3053
-54.4775
-54.4055
-52.7609
-52.7806
-52.82
-52.8793
-52.9587
-53.058
-53.177
-53.3148
-53.4694
-53.6383
-53.8183
-54.0063
-54.2005
-54.4329
-54.9667
-52.7431
-52.7618
-52.7994
-52.8559
-52.9311
-53.025
-53.137
-53.2661
-53.4104
-53.5675
-53.7343
-53.9059
-54.0691
-54.1794
-53.9455
-52.7124
-52.7303
-52.766
-52.8196
-52.8909
-52.9796
-53.0852
-53.2066
-53.3424
-53.4903
-53.6479
-53.8113
-53.9745
-54.1653
-54.7091
-52.6696
-52.6865
-52.7204
-52.7712
-52.8387
-52.9226
-53.0224
-53.1371
-53.2658
-53.4068
-53.5586
-53.7167
-53.8608
-53.9067
-53.4214
-52.6151
-52.6312
-52.6634
-52.7115
-52.7754
-52.8548
-52.9492
-53.058
-53.1804
-53.3161
-53.4658
-53.6319
-53.8152
-54.0173
-54.2199
-52.5497
-52.565
-52.5955
-52.6411
-52.7016
-52.7767
-52.8661
-52.9692
-53.0857
-53.2159
-53.3628
-53.535
-53.7566
-54.1282
-55.1563
-52.4739
-52.4884
-52.5173
-52.5605
-52.6178
-52.6889
-52.7735
-52.8711
-52.9812
-53.1044
-53.2431
-53.4039
-53.5938
-53.7836
-53.5159
-52.3883
-52.402
-52.4293
-52.4703
-52.5245
-52.5919
-52.6719
-52.7641
-52.8677
-52.9824
-53.1092
-53.2527
-53.431
-53.7572
-54.975
-52.2933
-52.3063
-52.3322
-52.371
-52.4224
-52.4863
-52.562
-52.649
-52.7463
-52.8522
-52.9645
-53.0772
-53.1654
-53.112
-52.1531
-52.1895
-52.2018
-52.2264
-52.2631
-52.3119
-52.3724
-52.4443
-52.5268
-52.6187
-52.7179
-52.8206
-52.9186
-52.9982
-53.096
-53.787
-52.0773
-52.089
-52.1123
-52.1471
-52.1934
-52.2509
-52.3192
-52.398
-52.486
-52.5815
-52.6808
-52.7728
-52.8182
-52.6685
-51.598
-51.9572
-51.9682
-51.9903
-52.0233
-52.0672
-52.1219
-52.1871
-52.2625
-52.3479
-52.4428
-52.5469
-52.6592
-52.7737
-52.8809
-52.9636
-51.8296
-51.84
-51.8609
-51.8922
-51.9338
-51.9857
-52.0478
-52.1201
-52.2031
-52.2979
-52.4084
-52.5441
-52.7341
-53.1109
-54.3843
-51.6949
-51.7048
-51.7245
-51.7541
-51.7934
-51.8425
-51.9014
-51.9703
-52.0499
-52.1425
-52.253
-52.3912
-52.5647
-52.7186
-52.2021
-51.5535
-51.5628
-51.5814
-51.6093
-51.6464
-51.6926
-51.7481
-51.8128
-51.8877
-51.9747
-52.0793
-52.2139
-52.4089
-52.7924
-54.144
-51.4057
-51.4145
-51.432
-51.4583
-51.4932
-51.5365
-51.5883
-51.6483
-51.7169
-51.7949
-51.8855
-51.9945
-52.1223
-52.1941
-51.4308
-51.252
-51.2603
-51.2768
-51.3015
-51.3342
-51.3747
-51.4228
-51.4779
-51.5394
-51.6067
-51.6798
-51.7619
-51.8745
-52.1761
-53.7774
-51.0927
-51.1005
-51.116
-51.1392
-51.1699
-51.2078
-51.2524
-51.3029
-51.3578
-51.4146
-51.4685
-51.5082
-51.4954
-51.2559
-49.6803
-50.9281
-50.9354
-50.95
-50.9719
-51.0007
-51.0362
-51.0779
-51.1247
-51.1748
-51.2247
-51.2678
-51.2908
-51.2737
-51.2638
-52.0414
-50.7585
-50.7654
-50.7792
-50.7998
-50.827
-50.8605
-50.8999
-50.9442
-50.9918
-51.0398
-51.0817
-51.1012
-51.0468
-50.7252
-49.1911
-50.5842
-50.5907
-50.6038
-50.6233
-50.649
-50.6808
-50.7184
-50.7612
-50.8085
-50.8592
-50.9117
-50.9629
-51.0055
-51.0289
-51.0239
-50.4054
-50.4116
-50.424
-50.4425
-50.4669
-50.4973
-50.5333
-50.5751
-50.6228
-50.6775
-50.7431
-50.8306
-50.9775
-51.3525
-52.852
-50.2225
-50.2283
-50.2401
-50.2576
-50.2808
-50.3098
-50.3443
-50.3848
-50.4321
-50.4885
-50.5598
-50.6571
-50.791
-50.8954
-50.1759
-50.0355
-50.0411
-50.0522
-50.0688
-50.0909
-50.1184
-50.1512
-50.1898
-50.2349
-50.2892
-50.3588
-50.4583
-50.6248
-51.0107
-52.5433
-49.8447
-49.85
-49.8606
-49.8764
-49.8973
-49.9233
-49.9542
-49.9901
-50.0314
-50.0793
-50.1376
-50.2127
-50.3063
-50.3299
-49.3677
-49.6503
-49.6553
-49.6654
-49.6805
-49.7003
-49.7248
-49.7537
-49.7866
-49.8231
-49.8625
-49.905
-49.9544
-50.0363
-50.3339
-52.1294
-49.4524
-49.4572
-49.4669
-49.4812
-49.5001
-49.5234
-49.5505
-49.5807
-49.6126
-49.6435
-49.6681
-49.6733
-49.6165
-49.2979
-47.445
-49.2512
-49.2559
-49.2651
-49.2789
-49.297
-49.3192
-49.345
-49.3735
-49.4027
-49.4291
-49.445
-49.4353
-49.3783
-49.3276
-50.1655
-49.0468
-49.0513
-49.0602
-49.0736
-49.0911
-49.1126
-49.1378
-49.1657
-49.1948
-49.222
-49.2399
-49.2302
-49.1357
-48.7402
-46.9834
-48.8393
-48.8437
-48.8524
-48.8653
-48.8824
-48.9036
-48.9285
-48.957
-48.9882
-49.0213
-49.0544
-49.0838
-49.1021
-49.0983
-49.0651
-48.6289
-48.6331
-48.6415
-48.6542
-48.671
-48.6919
-48.7169
-48.7462
-48.7804
-48.8207
-48.8715
-48.945
-49.0838
-49.4768
-51.1234
-48.4154
-48.4196
-48.4278
-48.4402
-48.4567
-48.4773
-48.5023
-48.5322
-48.5681
-48.6129
-48.6731
-48.7609
-48.8889
-48.9849
-48.1684
-48.1991
-48.2032
-48.2112
-48.2234
-48.2395
-48.2598
-48.2844
-48.3138
-48.3495
-48.3944
-48.4555
-48.5487
-48.7163
-49.1266
-50.8032
-47.98
-47.9839
-47.9918
-48.0037
-48.0195
-48.0392
-48.063
-48.0912
-48.1245
-48.1647
-48.2157
-48.2849
-48.375
-48.3891
-47.3182
-47.7581
-47.7619
-47.7697
-47.7813
-47.7966
-47.8158
-47.8386
-47.865
-47.8946
-47.9274
-47.9634
-48.0066
-48.0865
-48.405
-50.374
-47.5334
-47.5372
-47.5448
-47.5562
-47.5712
-47.5898
-47.6117
-47.6364
-47.6626
-47.6878
-47.706
-47.7028
-47.6321
-47.2747
-45.2297
-47.3061
-47.3098
-47.3173
-47.3284
-47.3432
-47.3615
-47.3829
-47.4068
-47.4314
-47.453
-47.4633
-47.4457
-47.3769
-47.3162
-48.2338
-47.0761
-47.0798
-47.0871
-47.0982
-47.1128
-47.1309
-47.1524
-47.1766
-47.2022
-47.226
-47.24
-47.224
-47.1161
-46.6784
-44.7445
-46.8435
-46.8471
-46.8544
-46.8653
-46.8798
-46.8981
-46.92
-46.9455
-46.9743
-47.0056
-47.0375
-47.0661
-47.0841
-47.0796
-47.0443
-46.6083
-46.6119
-46.619
-46.6298
-46.6443
-46.6626
-46.685
-46.712
-46.7446
-46.7847
-46.8371
-46.9154
-47.0676
-47.5022
-49.3206
-46.3706
-46.3741
-46.3811
-46.3917
-46.4059
-46.4242
-46.4468
-46.4747
-46.5096
-46.5552
-46.6186
-46.7134
-46.8549
-46.9637
-46.0681
-46.1303
-46.1337
-46.1405
-46.1508
-46.1648
-46.1827
-46.2049
-46.2325
-46.2673
-46.3131
-46.3778
-46.479
-46.6648
-47.1227
-48.9875
-45.8876
-45.8909
-45.8974
-45.9074
-45.9208
-45.938
-45.9593
-45.9853
-46.0174
-46.0579
-46.1113
-46.1858
-46.2858
-46.3044
-45.122
-45.6425
-45.6456
-45.6519
-45.6614
-45.6742
-45.6904
-45.7103
-45.734
-45.7617
-45.7935
-45.8297
-45.875
-45.9632
-46.3199
-48.5181
-45.3951
-45.398
-45.404
-45.4129
-45.425
-45.4403
-45.4586
-45.4799
-45.5031
-45.5258
-45.5415
-45.5343
-45.454
-45.0564
-42.7801
-45.1455
-45.1483
-45.1538
-45.1622
-45.1735
-45.1878
-45.2049
-45.2245
-45.245
-45.2628
-45.2687
-45.2444
-45.1651
-45.0974
-46.1252
-44.8938
-44.8964
-44.9015
-44.9093
-44.9199
-44.9333
-44.9495
-44.9684
-44.9889
-45.0077
-45.0165
-44.9925
-44.868
-44.3775
-42.2166
-44.6403
-44.6426
-44.6472
-44.6543
-44.6641
-44.6766
-44.6922
-44.7113
-44.7338
-44.7595
-44.7864
-44.8104
-44.8249
-44.8174
-44.7787
-44.3849
-44.3869
-44.3911
-44.3974
-44.4061
-44.4177
-44.4326
-44.4517
-44.4767
-44.5101
-44.5577
-44.6349
-44.797
-45.2788
-47.316
-44.128
-44.1297
-44.1332
-44.1386
-44.1461
-44.1563
-44.1699
-44.1882
-44.2137
-44.2507
-44.3078
-44.4005
-44.5471
-44.6596
-43.6486
-43.8697
-43.871
-43.8738
-43.878
-43.8841
-43.8925
-43.9039
-43.9198
-43.9426
-43.9772
-44.0324
-44.1286
-44.3208
-44.8204
-46.9031
-43.6103
-43.6112
-43.6131
-43.616
-43.6204
-43.6264
-43.6348
-43.6466
-43.6636
-43.6889
-43.7279
-43.79
-43.881
-43.8814
-42.5352
-43.35
-43.3505
-43.3514
-43.3529
-43.3552
-43.3585
-43.3632
-43.3698
-43.3788
-43.3909
-43.4066
-43.4313
-43.5041
-43.8771
-46.3063
-43.0893
-43.0892
-43.0891
-43.089
-43.0891
-43.0895
-43.0903
-43.0914
-43.0921
-43.09
-43.0782
-43.0393
-42.9185
-42.4446
-39.8784
-42.8284
-42.8278
-42.8266
-42.8248
-42.8226
-42.8201
-42.8171
-42.8133
-42.8074
-42.7955
-42.7678
-42.704
-42.5782
-42.4647
-43.5598
-42.5677
-42.5665
-42.5642
-42.5607
-42.5562
-42.5507
-42.5443
-42.5368
-42.527
-42.5117
-42.4815
-42.4117
-42.2293
-41.6451
-39.2312
-42.3075
-42.3058
-42.3023
-42.2971
-42.2902
-42.2819
-42.2724
-42.2618
-42.2505
-42.2378
-42.2218
-42.1976
-42.1594
-42.0955
-42.0029
-42.0484
-42.046
-42.0413
-42.0343
-42.025
-42.0138
-42.001
-41.9875
-41.9749
-41.966
-41.9666
-41.9933
-42.1073
-42.5655
-44.7135
-41.7906
-41.7876
-41.7817
-41.7728
-41.761
-41.7466
-41.7301
-41.7127
-41.6969
-41.6872
-41.6923
-41.7285
-41.816
-41.8615
-40.699
-41.5347
-41.5311
-41.5239
-41.513
-41.4985
-41.4806
-41.4597
-41.437
-41.4148
-41.3979
-41.3953
-41.4279
-41.5539
-41.996
-44.1005
-41.2809
-41.2767
-41.2683
-41.2555
-41.2382
-41.2165
-41.1905
-41.1609
-41.1292
-41.0981
-41.0728
-41.0624
-41.0724
-40.9756
-39.4611
-41.0299
-41.0251
-41.0154
-41.0007
-40.9807
-40.9551
-40.9237
-40.8864
-40.8432
-40.7939
-40.7388
-40.6827
-40.6649
-40.9391
-43.2792
-40.7818
-40.7765
-40.7658
-40.7494
-40.7268
-40.6976
-40.661
-40.6162
-40.5614
-40.4934
-40.4044
-40.2763
-40.0546
-39.4676
-36.7761
-40.5372
-40.5315
-40.5198
-40.5019
-40.4772
-40.4449
-40.404
-40.3529
-40.289
-40.2071
-40.096
-39.9347
-39.6981
-39.4568
-40.3576
-40.2963
-40.2902
-40.2779
-40.2589
-40.2326
-40.198
-40.154
-40.0987
-40.0293
-39.9406
-39.8211
-39.6454
-39.3449
-38.6524
-36.2441
-40.0593
-40.053
-40.0403
-40.0207
-39.9934
-39.9575
-39.9117
-39.8543
-39.7832
-39.6949
-39.5841
-39.4428
-39.2639
-39.0388
-38.7864
-39.8262
-39.82
-39.8072
-39.7875
-39.76
-39.7237
-39.6774
-39.6197
-39.549
-39.4645
-39.3669
-39.2664
-39.215
-39.4435
-41.1575
-39.5973
-39.5912
-39.5787
-39.5593
-39.5323
-39.4966
-39.451
-39.394
-39.3247
-39.2428
-39.1505
-39.0558
-38.9716
-38.8159
-37.6027
-39.3722
-39.3664
-39.3546
-39.3361
-39.3104
-39.2762
-39.2323
-39.1771
-39.1092
-39.0278
-38.9343
-38.8379
-38.7779
-38.9221
-40.3298
-39.1509
-39.1456
-39.1347
-39.1177
-39.094
-39.0624
-39.0214
-38.9692
-38.9032
-38.8208
-38.7188
-38.5948
-38.4424
-38.1501
-36.7197
-38.933
-38.9283
-38.9186
-38.9037
-38.8827
-38.8548
-38.8183
-38.7708
-38.7088
-38.6269
-38.517
-38.3714
-38.204
-38.168
-39.4392
-38.718
-38.714
-38.7059
-38.6934
-38.676
-38.6529
-38.6227
-38.5827
-38.5285
-38.4519
-38.3386
-38.1632
-37.8744
-37.2774
-35.2489
-38.5055
-38.5023
-38.4959
-38.4862
-38.4729
-38.4558
-38.4338
-38.4046
-38.3637
-38.302
-38.202
-38.0337
-37.7589
-37.3801
-37.4512
-38.295
-38.2925
-38.2878
-38.281
-38.2723
-38.2619
-38.2498
-38.2347
-38.2136
-38.1783
-38.1113
-37.9781
-37.7156
-37.1698
-35.7635
-38.0857
-38.084
-38.0808
-38.0767
-38.0724
-38.069
-38.0677
-38.0693
-38.0734
-38.0761
-38.065
-38.0124
-37.869
-37.5563
-37.0473
-37.8773
-37.8761
-37.8741
-37.8722
-37.8716
-37.8745
-37.8835
-37.9022
-37.9344
-37.983
-38.046
-38.1096
-38.1399
-38.0785
-37.9821
-37.6695
-37.6685
-37.6671
-37.6663
-37.6681
-37.6754
-37.6926
-37.7258
-37.7841
-37.8794
-38.0252
-38.23
-38.4746
-38.6242
-38.296
-37.4619
-37.4608
-37.4592
-37.4583
-37.4605
-37.4694
-37.4903
-37.5321
-37.6082
-37.7403
-37.9617
-38.3227
-38.8753
-39.501
-38.9449
-37.2548
-37.2531
-37.2504
-37.2479
-37.248
-37.2546
-37.2736
-37.3146
-37.3937
-37.5385
-37.7999
-38.2824
-39.2252
-41.1979
-45.5568
-37.0486
-37.0459
-37.041
-37.0352
-37.0307
-37.0309
-37.0414
-37.0708
-37.1337
-37.2553
-37.483
-37.9223
-38.8601
-41.237
-48.8555
-50.5861
-42.7313
-40.249
-39.2552
-38.7795
-38.5254
-38.3831
-38.3034
-38.2604
-38.2389
-38.23
-38.2278
-38.2287
-38.2304
-38.2315
-47.5667
-42.7161
-40.5999
-39.5936
-39.0723
-38.7836
-38.6178
-38.522
-38.4676
-38.438
-38.4231
-38.4166
-38.4145
-38.4143
-38.4145
-39.9326
-40.8013
-40.1805
-39.5949
-39.2024
-38.9559
-38.804
-38.712
-38.6576
-38.6267
-38.6101
-38.602
-38.5986
-38.5975
-38.5972
-39.6871
-39.9202
-39.7368
-39.4619
-39.2298
-39.0618
-38.9485
-38.8759
-38.8312
-38.8052
-38.7909
-38.7838
-38.7807
-38.7797
-38.7795
-39.2841
-39.3275
-39.3571
-39.2991
-39.2115
-39.1291
-39.065
-39.0204
-38.9919
-38.9752
-38.9664
-38.9624
-38.9611
-38.9611
-38.9612
-38.1385
-38.7437
-39.0383
-39.1565
-39.1882
-39.1832
-39.1679
-39.1538
-39.1444
-39.1395
-39.1382
-39.1388
-39.1404
-39.1419
-39.1428
-37.2938
-38.3749
-38.8424
-39.0739
-39.189
-39.2439
-39.2701
-39.2841
-39.2936
-39.3013
-39.3082
-39.3143
-39.3193
-39.3228
-39.3246
-38.3024
-38.4315
-38.8105
-39.072
-39.2304
-39.324
-39.3808
-39.4178
-39.4438
-39.4634
-39.4785
-39.4902
-39.4988
-39.5045
-39.5074
-36.6259
-38.3137
-38.8604
-39.1415
-39.3157
-39.4289
-39.5053
-39.5591
-39.5986
-39.6283
-39.6509
-39.6678
-39.68
-39.6879
-39.6918
-39.892
-38.9877
-39.0948
-39.2851
-39.4419
-39.559
-39.6456
-39.7106
-39.7601
-39.7979
-39.8268
-39.8484
-39.8638
-39.8738
-39.8786
-37.6799
-38.9586
-39.2718
-39.4517
-39.5946
-39.7096
-39.8009
-39.8729
-39.9295
-39.9736
-40.0076
-40.033
-40.0511
-40.0628
-40.0685
-40.7103
-39.5993
-39.5416
-39.6437
-39.7655
-39.8762
-39.9696
-40.0461
-40.1076
-40.1562
-40.1939
-40.2223
-40.2426
-40.2556
-40.262
-38.3898
-39.5079
-39.7006
-39.8219
-39.943
-40.0543
-40.1501
-40.2297
-40.2945
-40.3462
-40.3865
-40.4169
-40.4387
-40.4528
-40.4597
-41.511
-40.0585
-39.9094
-40
-40.1261
-40.2428
-40.3419
-40.4238
-40.4905
-40.5438
-40.5855
-40.6172
-40.6399
-40.6546
-40.6618
-39.4306
-39.7034
-39.9518
-40.1534
-40.3146
-40.4428
-40.5456
-40.6286
-40.6957
-40.7493
-40.7914
-40.8233
-40.8464
-40.8613
-40.8686
-37.1646
-39.3644
-40.027
-40.3345
-40.525
-40.6601
-40.7631
-40.8447
-40.9102
-40.9626
-41.0039
-41.0354
-41.0582
-41.073
-41.0803
-40.8624
-40.0924
-40.3488
-40.5969
-40.7727
-40.8992
-40.9955
-41.0719
-41.1337
-41.1834
-41.2229
-41.2532
-41.2752
-41.2896
-41.2966
-37.6111
-40.1069
-40.6766
-40.9094
-41.0535
-41.1588
-41.2417
-41.3095
-41.3654
-41.4112
-41.448
-41.4765
-41.4973
-41.5109
-41.5176
-43.5687
-41.4582
-41.2385
-41.2833
-41.3602
-41.4335
-41.4985
-41.5554
-41.6042
-41.6452
-41.6786
-41.7048
-41.7241
-41.7367
-41.743
-40.057
-41.4961
-41.6167
-41.6348
-41.6685
-41.7134
-41.7611
-41.8069
-41.8483
-41.8842
-41.914
-41.9376
-41.9551
-41.9667
-41.9725
-44.3752
-42.449
-42.0665
-41.9752
-41.9679
-41.991
-42.025
-42.0615
-42.0962
-42.1272
-42.1534
-42.1744
-42.1901
-42.2005
-42.2057
-41.2085
-42.3292
-42.3141
-42.2571
-42.2454
-42.2606
-42.2873
-42.3173
-42.3468
-42.3734
-42.3961
-42.4146
-42.4284
-42.4376
-42.4422
-44.9981
-42.9978
-42.591
-42.5073
-42.5034
-42.5219
-42.5472
-42.5737
-42.5992
-42.6221
-42.6417
-42.6576
-42.6697
-42.6777
-42.6818
-42.4485
-42.5592
-42.6436
-42.7021
-42.7449
-42.7781
-42.8061
-42.831
-42.8533
-42.8729
-42.8896
-42.9032
-42.9135
-42.9204
-42.9238
-39.8251
-42.1385
-42.7143
-42.9076
-42.9922
-43.0376
-43.0673
-43.0901
-43.1092
-43.1256
-43.1395
-43.1508
-43.1594
-43.1651
-43.168
-43.9475
-42.9238
-43.0508
-43.1885
-43.2658
-43.3077
-43.3333
-43.3518
-43.3669
-43.3799
-43.3909
-43.4
-43.407
-43.4117
-43.414
-40.4341
-42.9098
-43.3799
-43.5112
-43.5632
-43.5888
-43.6043
-43.616
-43.6261
-43.6354
-43.6436
-43.6505
-43.6559
-43.6596
-43.6615
-46.6032
-44.2879
-43.9445
-43.8886
-43.8784
-43.8766
-43.8778
-43.8812
-43.886
-43.8914
-43.8969
-43.9018
-43.9058
-43.9086
-43.91
-42.9837
-44.2964
-44.3094
-44.2344
-44.1869
-44.1619
-44.1499
-44.1455
-44.1453
-44.1473
-44.1504
-44.1535
-44.1563
-44.1583
-44.1594
-47.2072
-45.2072
-44.7354
-44.5608
-44.4793
-44.4379
-44.4169
-44.4068
-44.403
-44.4025
-44.4036
-44.4054
-44.4071
-44.4085
-44.4092
-44.0697
-45.0562
-44.9553
-44.8225
-44.7431
-44.6996
-44.6761
-44.664
-44.6583
-44.6563
-44.6562
-44.657
-44.6581
-44.6589
-44.6594
-47.6315
-45.6601
-45.1973
-45.047
-44.9815
-44.947
-44.9275
-44.9167
-44.9111
-44.9087
-44.908
-44.9083
-44.9089
-44.9095
-44.9098
-45.1823
-45.2161
-45.2225
-45.2125
-45.1977
-45.1837
-45.1729
-45.1658
-45.1617
-45.1597
-45.1591
-45.1592
-45.1596
-45.16
-45.1603
-42.7114
-44.7908
-45.2591
-45.3812
-45.413
-45.418
-45.4158
-45.4128
-45.4107
-45.4097
-45.4095
-45.4097
-45.4101
-45.4105
-45.4107
-46.5005
-45.4842
-45.536
-45.6125
-45.6463
-45.6571
-45.6593
-45.6592
-45.6589
-45.659
-45.6594
-45.66
-45.6605
-45.661
-45.6612
-43.295
-45.4354
-45.7959
-45.8735
-45.895
-45.9019
-45.9044
-45.9058
-45.9069
-45.9081
-45.9091
-45.9101
-45.9109
-45.9114
-45.9117
-48.7819
-46.6224
-46.2524
-46.1732
-46.1536
-46.1496
-46.1503
-46.1525
-46.1548
-46.157
-46.1588
-46.1603
-46.1613
-46.1619
-46.1622
-45.5926
-46.5667
-46.507
-46.4313
-46.401
-46.3939
-46.3952
-46.399
-46.4029
-46.4062
-46.4087
-46.4105
-46.4118
-46.4125
-46.4129
-49.2615
-47.2285
-46.7727
-46.6577
-46.6321
-46.632
-46.6384
-46.6455
-46.6514
-46.6558
-46.659
-46.6611
-46.6625
-46.6633
-46.6637
-46.8102
-46.795
-46.8019
-46.8221
-46.8452
-46.8655
-46.8812
-46.8927
-46.9008
-46.9063
-46.9099
-46.9122
-46.9136
-46.9143
-46.9147
-44.3705
-46.346
-46.8217
-46.9843
-47.06
-47.1019
-47.1269
-47.1424
-47.152
-47.158
-47.1616
-47.1637
-47.1649
-47.1656
-47.1658
-47.8954
-46.9385
-47.0588
-47.2069
-47.2981
-47.3499
-47.3793
-47.3961
-47.4058
-47.4113
-47.4143
-47.4159
-47.4166
-47.4169
-47.4171
-44.7503
-46.7827
-47.2767
-47.4689
-47.5635
-47.6134
-47.6403
-47.6548
-47.6624
-47.6662
-47.6679
-47.6685
-47.6686
-47.6684
-47.6683
-48.9999
-47.6951
-47.7042
-47.7987
-47.8597
-47.8929
-47.9099
-47.9182
-47.9216
-47.9226
-47.9223
-47.9215
-47.9206
-47.9198
-47.9194
-45.3507
-47.6951
-48.0723
-48.1516
-48.1752
-48.1835
-48.1856
-48.1848
-48.1826
-48.1798
-48.177
-48.1745
-48.1724
-48.171
-48.1702
-51.4571
-49.0613
-48.6471
-48.5431
-48.5013
-48.4784
-48.4634
-48.4525
-48.4439
-48.4371
-48.4315
-48.4271
-48.4238
-48.4216
-48.4205
-47.8442
-49.0513
-49.0066
-48.8913
-48.8144
-48.7677
-48.7382
-48.7184
-48.7041
-48.6934
-48.6852
-48.6789
-48.6744
-48.6714
-48.6699
-51.8877
-49.9108
-49.4151
-49.2128
-49.1067
-49.045
-49.0064
-48.9804
-48.9619
-48.948
-48.9375
-48.9296
-48.9239
-48.9202
-48.9183
-48.8094
-49.7416
-49.6198
-49.4674
-49.3682
-49.3063
-49.2657
-49.2373
-49.2163
-49.2003
-49.188
-49.1787
-49.172
-49.1676
-49.1655
-52.2163
-50.3044
-49.8457
-49.685
-49.604
-49.5529
-49.5166
-49.4889
-49.4672
-49.45
-49.4365
-49.4261
-49.4185
-49.4136
-49.4111
-49.8179
-49.8581
-49.8647
-49.8472
-49.8192
-49.7894
-49.7613
-49.7364
-49.715
-49.6972
-49.6828
-49.6715
-49.6632
-49.6578
-49.6551
-47.3911
-49.4353
-49.9003
-50.0166
-50.036
-50.0247
-50.0039
-49.9814
-49.9604
-49.9421
-49.9269
-49.9149
-49.906
-49.9002
-49.8972
-51.072
-50.1093
-50.1779
-50.2534
-50.2745
-50.2667
-50.2475
-50.2252
-50.2038
-50.1848
-50.1689
-50.1562
-50.1467
-50.1405
-50.1374
-47.8929
-50.0675
-50.4505
-50.5279
-50.5334
-50.5167
-50.4931
-50.4685
-50.4456
-50.4255
-50.4087
-50.3953
-50.3853
-50.3787
-50.3754
-53.3542
-51.2698
-50.9353
-50.8524
-50.8079
-50.7717
-50.7394
-50.7106
-50.6854
-50.6639
-50.6461
-50.6321
-50.6216
-50.6147
-50.6113
-50.1106
-51.2574
-51.2451
-51.1502
-51.0771
-51.0241
-50.9833
-50.9501
-50.9226
-50.8997
-50.8811
-50.8664
-50.8555
-50.8484
-50.8448
-53.837
-52.0499
-51.6124
-51.4329
-51.3328
-51.2682
-51.2217
-51.1857
-51.1565
-51.1327
-51.1134
-51.0982
-51.087
-51.0796
-51.0759
-51.0356
-51.9057
-51.8002
-51.6603
-51.5644
-51.4998
-51.4529
-51.4164
-51.3868
-51.3626
-51.3429
-51.3274
-51.3159
-51.3083
-51.3046
-54.205
-52.4392
-52.0119
-51.8573
-51.7748
-51.7193
-51.6768
-51.6423
-51.6134
-51.5893
-51.5696
-51.5539
-51.5423
-51.5345
-51.5307
-52.0227
-52.0435
-52.034
-52.0043
-51.967
-51.9298
-51.8953
-51.8641
-51.8367
-51.8131
-51.7935
-51.7778
-51.766
-51.7582
-51.7542
-49.8244
-51.6693
-52.0699
-52.1566
-52.1598
-52.1387
-52.1112
-52.0833
-52.0573
-52.0343
-52.0148
-51.9991
-51.9872
-51.9792
-51.9752
-53.2233
-52.2983
-52.3236
-52.3671
-52.3699
-52.3524
-52.3275
-52.3011
-52.2759
-52.2532
-52.2337
-52.2178
-52.2057
-52.1976
-52.1935
-50.3827
-52.2677
-52.5646
-52.6057
-52.5948
-52.5714
-52.5447
-52.518
-52.4927
-52.4699
-52.4502
-52.434
-52.4217
-52.4133
-52.4091
-55.2842
-53.3404
-52.983
-52.8804
-52.8292
-52.7928
-52.7619
-52.7337
-52.7078
-52.6845
-52.6644
-52.6477
-52.635
-52.6263
-52.622
-52.4805
-53.3119
-53.2244
-53.1195
-53.054
-53.0108
-52.9772
-52.9478
-52.9211
-52.8971
-52.8762
-52.8589
-52.8456
-52.8366
-52.832
-55.7494
-53.9219
-53.4777
-53.3312
-53.264
-53.2223
-53.1895
-53.16
-53.1326
-53.1077
-53.0858
-53.0675
-53.0534
-53.0438
-53.039
-53.6329
-53.5717
-53.5241
-53.488
-53.457
-53.4281
-53.3993
-53.3705
-53.3424
-53.3162
-53.293
-53.2734
-53.2583
-53.248
-53.2427
-51.5566
-53.2126
-53.5622
-53.6414
-53.6494
-53.634
-53.6092
-53.5805
-53.551
-53.5229
-53.4977
-53.4765
-53.46
-53.4488
-53.4431
-54.6616
-53.761
-53.788
-53.8444
-53.8587
-53.8468
-53.8217
-53.7908
-53.7586
-53.7277
-53.6999
-53.6765
-53.6583
-53.6459
-53.6396
-52.0558
-53.6658
-53.9932
-54.0766
-54.0872
-54.069
-54.0381
-54.0021
-53.9653
-53.9304
-53.8992
-53.8731
-53.8528
-53.839
-53.832
-55.6574
-54.4617
-54.3675
-54.3596
-54.3364
-54.3004
-54.2581
-54.2139
-54.1706
-54.1306
-54.0953
-54.0658
-54.043
-54.0276
-54.0197
-52.7585
-54.4934
-54.6816
-54.6533
-54.5956
-54.5364
-54.4793
-54.4248
-54.3739
-54.3277
-54.2874
-54.2541
-54.2284
-54.211
-54.2023
-57.6377
-55.5995
-55.146
-54.9674
-54.8566
-54.7715
-54.6987
-54.6332
-54.5738
-54.5208
-54.475
-54.4373
-54.4083
-54.3888
-54.3789
-54.9437
-55.6056
-55.4194
-55.2344
-55.1006
-54.9985
-54.913
-54.8372
-54.7693
-54.709
-54.6572
-54.6146
-54.582
-54.56
-54.5488
-57.9865
-56.2013
-55.6917
-55.466
-55.3237
-55.2142
-55.1203
-55.0358
-54.9594
-54.8915
-54.8331
-54.7852
-54.7486
-54.7238
-54.7113
-56.0665
-55.9119
-55.7667
-55.6396
-55.525
-55.4196
-55.3211
-55.2287
-55.1437
-55.0676
-55.0021
-54.9482
-54.9071
-54.8794
-54.8654
-54.2507
-55.6163
-55.829
-55.8048
-55.7209
-55.6208
-55.5174
-55.4164
-55.3218
-55.2366
-55.1631
-55.1027
-55.0567
-55.0256
-55.01
-56.9845
-56.122
-56.0556
-56.0114
-55.929
-55.8246
-55.7119
-55.5995
-55.4934
-55.3977
-55.3151
-55.2475
-55.196
-55.1614
-55.144
-54.8128
-56.0756
-56.2666
-56.2446
-56.1535
-56.0347
-55.9061
-55.7782
-55.6579
-55.5498
-55.457
-55.3814
-55.324
-55.2855
-55.2661
-57.8074
-56.7739
-56.6252
-56.5261
-56.3983
-56.2519
-56.0998
-55.9515
-55.8138
-55.6914
-55.5872
-55.5028
-55.4391
-55.3965
-55.3751
-55.47
-56.8584
-56.9491
-56.8276
-56.6571
-56.4735
-56.2907
-56.1173
-55.9592
-55.8207
-55.7039
-55.6102
-55.5398
-55.493
-55.4696
-59.4967
-57.8448
-57.4202
-57.1632
-56.926
-56.6951
-56.4751
-56.2722
-56.0911
-55.9349
-55.8049
-55.7015
-55.6245
-55.5735
-55.5481
-57.3354
-57.9795
-57.7746
-57.4851
-57.1916
-56.9096
-56.6476
-56.4118
-56.2058
-56.0311
-55.8878
-55.7749
-55.6914
-55.6364
-55.6091
-60.2343
-58.7045
-58.1876
-57.81
-57.4504
-57.1106
-56.8019
-56.5306
-56.2988
-56.1058
-55.9496
-55.828
-55.7389
-55.6805
-55.6515
-58.6809
-58.7268
-58.5035
-58.1224
-57.6966
-57.2905
-56.93
-56.6219
-56.3649
-56.155
-55.9877
-55.859
-55.7653
-55.7043
-55.6741
-57.092
-58.9365
-58.9289
-58.4659
-57.9303
-57.4393
-57.0219
-56.6776
-56.3983
-56.1748
-55.9993
-55.8658
-55.7694
-55.7069
-55.6761
-61.623
-60.4331
-59.6702
-58.86
-58.1337
-57.5376
-57.0631
-56.6882
-56.3929
-56.1613
-55.9821
-55.847
-55.7502
-55.6877
-55.657
-59.5723
-61.6337
-60.4445
-59.1958
-58.2476
-57.5521
-57.0351
-56.6437
-56.3432
-56.1117
-55.9346
-55.802
-55.7075
-55.6467
-55.6169
-74.1756
-65.0923
-61.2601
-59.3232
-58.1864
-57.4428
-56.9202
-56.5359
-56.2458
-56.0245
-55.8563
-55.7309
-55.6417
-55.5844
-55.5563
-76.9941
-64.9044
-60.7598
-58.8955
-57.8526
-57.1805
-56.7094
-56.3628
-56.1008
-55.9008
-55.7484
-55.6348
-55.554
-55.502
-55.4766
-36.8235
-36.8191
-36.811
-36.7999
-36.7877
-36.7769
-36.7714
-36.7772
-36.8031
-36.862
-36.9709
-37.1458
-37.3597
-37.2746
-34.7925
-36.5817
-36.5752
-36.5624
-36.544
-36.5208
-36.494
-36.4653
-36.4366
-36.4093
-36.3822
-36.3445
-36.2597
-36.0219
-35.348
-33.68
-36.346
-36.337
-36.3191
-36.2924
-36.2569
-36.2126
-36.159
-36.0946
-36.0155
-35.9123
-35.7638
-35.5266
-35.1199
-34.4141
-33.3014
-36.1188
-36.1073
-36.0841
-36.049
-36.0014
-35.9401
-35.8633
-35.7673
-35.6457
-35.4869
-35.2705
-34.963
-34.5179
-33.8866
-33.0636
-35.9026
-35.8887
-35.8606
-35.8177
-35.759
-35.6828
-35.5864
-35.4654
-35.313
-35.1188
-34.8669
-34.5358
-34.1019
-33.5499
-32.8926
-35.6999
-35.6838
-35.6513
-35.6017
-35.5336
-35.4452
-35.3337
-35.1947
-35.0223
-34.8082
-34.5417
-34.2104
-33.8034
-33.3182
-32.7681
-35.5129
-35.495
-35.4588
-35.4036
-35.3281
-35.2304
-35.108
-34.9571
-34.7731
-34.55
-34.2812
-33.9602
-33.5828
-33.1512
-32.6764
-35.3433
-35.3239
-35.2848
-35.2253
-35.1442
-35.0399
-34.9102
-34.7522
-34.5626
-34.3374
-34.0728
-33.7659
-33.4161
-33.027
-32.6074
-35.1926
-35.1722
-35.1309
-35.0682
-34.9831
-34.8743
-34.7402
-34.5786
-34.3872
-34.1638
-33.9064
-33.6142
-33.2884
-32.9327
-32.5546
-35.062
-35.0407
-34.9979
-34.933
-34.8452
-34.7337
-34.5971
-34.4342
-34.2435
-34.0237
-33.7744
-33.4959
-33.19
-32.8606
-32.5137
-34.9523
-34.9304
-34.8865
-34.8201
-34.7307
-34.6177
-34.4801
-34.3171
-34.1282
-33.9128
-33.6712
-33.4044
-33.1146
-32.8055
-32.4821
-34.864
-34.8418
-34.7971
-34.7299
-34.6395
-34.5257
-34.3878
-34.2256
-34.0388
-33.8276
-33.5926
-33.3353
-33.0581
-32.7643
-32.4582
-34.7976
-34.7751
-34.73
-34.6622
-34.5714
-34.4572
-34.3196
-34.1583
-33.9735
-33.7657
-33.5359
-33.2858
-33.0177
-32.7348
-32.441
-34.7531
-34.7305
-34.6852
-34.6171
-34.5261
-34.4119
-34.2745
-34.114
-33.9307
-33.7254
-33.4991
-33.2538
-32.9916
-32.7158
-32.4299
-34.7309
-34.7082
-34.6628
-34.5946
-34.5035
-34.3893
-34.2521
-34.092
-33.9095
-33.7055
-33.481
-33.238
-32.9789
-32.7065
-32.4243
-27.9181
-32.4724
-32.6151
-29.0721
-25.741
-17.0311
-26.1776
-30.0023
-35.0209
-35.3279
-31.4112
-29.359
-26.0006
-22.9652
-15.2684
-23.4094
-26.7712
-31.1045
-31.1495
-26.984
-23.6158
-15.2917
-22.8717
-25.8229
-29.0069
-31.0341
-35.0457
-34.7828
-29.8416
-26.0029
-16.7408
-24.9813
-28.1806
-31.6165
-33.8139
-38.1723
-37.8916
-32.5296
-28.3742
-18.335
-27.4863
-31.1338
-35.242
-37.9656
-43.4831
-43.6795
-38.8323
-36.3186
-32.2205
-28.4983
-18.9858
-29.2848
-33.5883
-39.1949
-39.3372
-34.1988
-30.0137
-19.5607
-29.4699
-33.4227
-37.8537
-40.6781
-46.2221
-46.0188
-39.7009
-34.7357
-22.5848
-34.0465
-38.6416
-43.8485
-47.1641
-53.6676
-53.4558
-46.1408
-40.3691
-26.2175
-39.6526
-45.0206
-51.0847
-54.8705
-62.2176
-61.7997
-52.9653
-46.0891
-29.5203
-44.4042
-49.8059
-54.9631
-53.9896
-44.6277
-31.4877
-31.5121
-30.8951
-29.2073
-27.2648
-25.38
-27.4126
-29.5046
-31.3487
-31.5673
-30.2301
-28.6391
-26.6811
-24.7524
-22.9987
-24.7607
-26.5655
-28.1066
-28.1292
-26.6311
-24.8108
-22.9732
-24.6467
-26.4994
-28.3785
-29.9366
-31.2828
-31.0754
-29.2392
-27.1205
-25.0184
-26.7988
-28.7971
-30.8327
-32.5296
-34.0042
-33.7987
-31.8334
-29.5779
-27.3706
-29.4451
-31.7986
-34.2688
-36.4222
-38.4419
-38.6309
-37.0005
-35.1011
-32.7711
-30.4846
-28.429
-30.7754
-33.1765
-35.2601
-35.4231
-33.6732
-31.5161
-29.3605
-31.7126
-34.3055
-36.9715
-39.2153
-41.1981
-41.1172
-38.8949
-36.2944
-33.7525
-36.4647
-39.4807
-42.6025
-45.2355
-47.5677
-47.491
-44.9174
-41.8918
-38.9277
-42.0874
-45.5724
-49.1455
-52.0939
-54.6226
-54.3071
-51.0191
-47.1678
-43.2695
-46.1763
-49.0792
-51.342
-51.6727
-50.7042
-32.14
-31.4751
-30.7169
-29.7087
-28.7053
-28.0874
-28.5614
-29.3636
-30.0169
-30.0465
-29.4143
-28.447
-27.3191
-26.2873
-25.6658
-26.0502
-26.7389
-27.2952
-27.2982
-26.7418
-26.0302
-25.5986
-26.1632
-27.1374
-28.2123
-29.1437
-29.7567
-29.7131
-29.0434
-28.2141
-27.705
-28.3021
-29.3598
-30.5365
-31.5651
-32.2552
-32.24
-31.555
-30.7121
-30.2401
-31.0022
-32.2954
-33.7517
-35.0712
-36.0371
-36.2024
-35.5559
-34.5038
-33.2594
-32.1383
-31.5333
-32.1874
-33.2219
-34.0914
-34.2636
-33.7342
-33.0163
-32.6696
-33.609
-35.0829
-36.6978
-38.1286
-39.1462
-39.2996
-38.6339
-37.769
-37.3545
-38.4457
-40.1679
-42.0609
-43.7406
-44.9373
-45.122
-44.3454
-43.3263
-42.8202
-44.0541
-45.9978
-48.1063
-49.9221
-51.1238
-51.0953
-49.8844
-48.3147
-47.2195
-47.9543
-49.2747
-50.5038
-51.2269
-51.7282
-32.2443
-31.5721
-30.8981
-30.2027
-29.5901
-29.2221
-29.2375
-29.4366
-29.5829
-29.4785
-29.0803
-28.4859
-27.8185
-27.2308
-26.8841
-26.9013
-27.1025
-27.28
-27.2723
-27.0759
-26.8459
-26.7891
-27.0899
-27.63
-28.2526
-28.8089
-29.1758
-29.2521
-29.0771
-28.8462
-28.7984
-29.1423
-29.7508
-30.4532
-31.088
-31.5217
-31.6455
-31.5039
-31.312
-31.3326
-31.7943
-32.5573
-33.4315
-34.2293
-34.7853
-34.9431
-34.6953
-34.1835
-33.57
-33.0492
-32.8247
-33.0516
-33.5053
-33.9269
-34.1146
-34.0667
-33.9824
-34.1269
-34.7359
-35.6575
-36.6895
-37.6372
-38.339
-38.6619
-38.6601
-38.5953
-38.7886
-39.5183
-40.6094
-41.8266
-42.9415
-43.7644
-44.1377
-44.123
-44.0224
-44.2075
-44.9988
-46.1862
-47.4892
-48.635
-49.3968
-49.5864
-49.2669
-48.7786
-48.5346
-48.8893
-49.602
-50.3942
-51.1005
-51.7761
-32.2474
-31.6712
-31.1095
-30.5771
-30.1222
-29.8041
-29.6486
-29.5852
-29.5093
-29.333
-29.0285
-28.6296
-28.2023
-27.8271
-27.5777
-27.4872
-27.4998
-27.5312
-27.5178
-27.4577
-27.412
-27.4642
-27.6716
-28.0033
-28.3879
-28.7465
-29.0132
-29.1527
-29.1909
-29.2144
-29.3276
-29.6012
-30.0062
-30.4673
-30.9001
-31.2344
-31.433
-31.5251
-31.606
-31.7897
-32.1524
-32.6592
-33.2215
-33.7356
-34.107
-34.2678
-34.2149
-34.01
-33.747
-33.5337
-33.4663
-33.5893
-33.835
-34.0995
-34.305
-34.4519
-34.6193
-34.9153
-35.4133
-36.0733
-36.8032
-37.5
-38.0781
-38.4919
-38.7774
-39.0504
-39.4506
-40.0712
-40.8696
-41.7403
-42.5636
-43.2392
-43.7128
-44.0246
-44.3077
-44.7224
-45.3738
-46.2085
-47.099
-47.9013
-48.4944
-48.811
-48.8932
-48.8913
-48.9881
-49.3097
-49.8156
-50.4092
-51.0188
-51.635
-32.2346
-31.749
-31.2784
-30.8397
-30.4568
-30.1516
-29.9266
-29.7515
-29.5798
-29.3717
-29.112
-28.8141
-28.5106
-28.2418
-28.042
-27.9241
-27.8698
-27.8466
-27.8299
-27.8188
-27.8367
-27.9154
-28.0739
-28.3
-28.5606
-28.8159
-29.0334
-29.1987
-29.3258
-29.4532
-29.6256
-29.8707
-30.1805
-30.5219
-30.854
-31.1426
-31.3735
-31.5625
-31.7516
-31.9891
-32.3031
-32.6811
-33.0806
-33.4476
-33.7317
-33.9006
-33.9532
-33.9203
-33.8527
-33.8079
-33.834
-33.9506
-34.1377
-34.3572
-34.5801
-34.8077
-35.0714
-35.4132
-35.8574
-36.3889
-36.9648
-37.5339
-38.0539
-38.5072
-38.9128
-39.3226
-39.7958
-40.3681
-41.0262
-41.7226
-42.3986
-43.0052
-43.5212
-43.9679
-44.4039
-44.8967
-45.4851
-46.1511
-46.8362
-47.4692
-47.9905
-48.3733
-48.641
-48.862
-49.1181
-49.4652
-49.9035
-50.4018
-50.9279
-51.4642
-32.2209
-31.8051
-31.401
-31.0214
-30.6793
-30.3834
-30.1325
-29.9125
-29.7025
-29.4842
-29.2502
-29.0064
-28.7686
-28.557
-28.3882
-28.2692
-28.1945
-28.1525
-28.1337
-28.1378
-28.1734
-28.2518
-28.3785
-28.5469
-28.7406
-28.9398
-29.1283
-29.2997
-29.4602
-29.6268
-29.8186
-30.0471
-30.3091
-30.59
-30.8702
-31.1337
-31.3743
-31.5996
-31.8276
-32.0782
-32.3618
-32.6717
-32.9868
-33.2789
-33.5222
-33.7009
-33.8149
-33.8805
-33.9254
-33.9804
-34.0713
-34.2104
-34.394
-34.6099
-34.8486
-35.1115
-35.4113
-35.7636
-36.176
-36.6407
-37.1366
-37.6386
-38.1261
-38.5911
-39.0427
-39.5035
-39.9985
-40.5419
-41.1279
-41.7346
-42.3338
-42.902
-43.4297
-43.9269
-44.4188
-44.9334
-45.4853
-46.0662
-46.6488
-47.1984
-47.6865
-48.1017
-48.4563
-48.7822
-49.1175
-49.4896
-49.9051
-50.3545
-50.823
-51.2968
-32.2084
-31.844
-31.4878
-31.1489
-30.8348
-30.55
-30.2935
-30.0589
-29.8368
-29.619
-29.4023
-29.1895
-28.9888
-28.8102
-28.6625
-28.55
-28.4719
-28.4245
-28.4043
-28.4113
-28.4481
-28.5183
-28.6228
-28.757
-28.9124
-29.0788
-29.2478
-29.4159
-29.5856
-29.7639
-29.9588
-30.1749
-30.4105
-30.6587
-30.9103
-31.1575
-31.3973
-31.6325
-31.8708
-32.1197
-32.3826
-32.655
-32.9258
-33.1805
-33.4059
-33.5943
-33.7462
-33.8708
-33.9834
-34.1013
-34.2394
-34.4063
-34.604
-34.83
-35.0824
-35.3625
-35.6757
-36.0275
-36.4198
-36.8475
-37.3
-37.7646
-38.2308
-38.6947
-39.1597
-39.6353
-40.1318
-40.6545
-41.2
-41.7578
-42.3141
-42.8572
-43.3825
-43.8938
-44.4014
-44.9165
-45.4441
-45.9794
-46.5091
-47.0164
-47.4877
-47.9179
-48.3133
-48.6892
-49.064
-49.4518
-49.858
-50.2801
-50.7107
-51.141
-32.1971
-31.8705
-31.5494
-31.2403
-30.9479
-30.6753
-30.4225
-30.1869
-29.9645
-29.752
-29.5482
-29.3549
-29.1766
-29.0185
-28.8856
-28.7809
-28.7049
-28.6569
-28.6357
-28.6413
-28.6743
-28.7354
-28.8238
-28.9364
-29.0682
-29.2138
-29.3684
-29.5297
-29.6983
-29.8769
-30.0684
-30.2743
-30.4936
-30.7226
-30.9567
-31.1919
-31.4265
-31.6612
-31.8986
-32.1412
-32.3895
-32.6405
-32.888
-33.1244
-33.343
-33.5402
-33.7169
-33.8785
-34.0339
-34.1933
-34.3659
-34.5581
-34.7732
-35.0124
-35.2762
-35.5662
-35.8847
-36.2335
-36.6126
-37.0188
-37.4463
-37.8883
-38.3393
-38.7968
-39.2617
-39.7375
-40.2279
-40.7344
-41.2549
-41.7836
-42.3135
-42.8386
-43.3559
-43.8664
-44.3738
-44.8819
-45.3921
-45.9011
-46.402
-46.8867
-47.3483
-47.7847
-48.1989
-48.5983
-48.9921
-49.3877
-49.7884
-50.1936
-50.5994
-51.0002
-32.1871
-31.8885
-31.5935
-31.3069
-31.0322
-30.7717
-30.5263
-30.2953
-30.0776
-29.872
-29.6785
-29.4986
-29.3348
-29.1902
-29.0679
-28.97
-28.8973
-28.8501
-28.8282
-28.8314
-28.8598
-28.9129
-28.9896
-29.0877
-29.2041
-29.3354
-29.4789
-29.6327
-29.7966
-29.971
-30.1569
-30.3543
-30.5624
-30.7788
-31.0012
-31.2272
-31.4555
-31.6858
-31.9186
-32.1545
-32.3926
-32.631
-32.8661
-33.0938
-33.3109
-33.5158
-33.7094
-33.8952
-34.0788
-34.2664
-34.4642
-34.677
-34.908
-35.1594
-35.4327
-35.7292
-36.0501
-36.3961
-36.7667
-37.1597
-37.5718
-37.9993
-38.4389
-38.8886
-39.3483
-39.8188
-40.3009
-40.7947
-41.2981
-41.808
-42.3203
-42.8315
-43.3395
-43.8438
-44.3453
-44.8449
-45.3421
-45.8347
-46.3189
-46.7904
-47.2458
-47.6838
-48.106
-48.516
-48.9183
-49.3166
-49.7128
-50.1066
-50.4957
-50.8765
-32.1784
-31.9006
-31.6253
-31.3559
-31.0954
-30.8459
-30.6088
-30.3844
-30.1728
-29.9741
-29.789
-29.6186
-29.4647
-29.3295
-29.2148
-29.1222
-29.0527
-29.0066
-28.9841
-28.9851
-29.0093
-29.056
-29.1243
-29.2123
-29.3181
-29.4394
-29.5741
-29.721
-29.8793
-30.0485
-30.2286
-30.419
-30.6187
-30.8265
-31.0405
-31.2591
-31.4814
-31.7066
-31.9344
-32.1643
-32.3954
-32.6262
-32.8547
-33.0786
-33.2965
-33.5076
-33.7131
-33.9153
-34.1179
-34.3251
-34.5411
-34.7697
-35.0136
-35.2751
-35.5559
-35.8571
-36.1795
-36.5236
-36.8886
-37.2733
-37.6756
-38.0932
-38.524
-38.9665
-39.4198
-39.8837
-40.3577
-40.8412
-41.3325
-41.8293
-42.3291
-42.8295
-43.3286
-43.8257
-44.3201
-44.8116
-45.2991
-45.7809
-46.2546
-46.7178
-47.1686
-47.6062
-48.0312
-48.4453
-48.8506
-49.249
-49.6412
-50.0268
-50.4045
-50.7716
-32.1714
-31.9088
-31.6479
-31.3915
-31.1423
-30.9021
-30.6725
-30.4545
-30.2489
-30.0563
-29.8778
-29.7144
-29.5676
-29.4388
-29.3295
-29.2409
-29.1738
-29.1288
-29.1058
-29.105
-29.1259
-29.1679
-29.2301
-29.3112
-29.4095
-29.5235
-29.6517
-29.7928
-29.9459
-30.1102
-30.2851
-30.4699
-30.6635
-30.8649
-31.0727
-31.2858
-31.503
-31.7236
-31.947
-32.1722
-32.3986
-32.6249
-32.8498
-33.0723
-33.2916
-33.5077
-33.7215
-33.9349
-34.1504
-34.3711
-34.6001
-34.8403
-35.094
-35.3634
-35.6499
-35.9546
-36.2782
-36.621
-36.9825
-37.3618
-37.7577
-38.1685
-38.5927
-39.029
-39.4764
-39.9341
-40.4013
-40.8768
-41.3592
-41.8467
-42.3374
-42.8295
-43.3213
-43.8117
-44.2997
-44.7844
-45.2646
-45.739
-46.2058
-46.6635
-47.1108
-47.5471
-47.9725
-48.3877
-48.7935
-49.1906
-49.5793
-49.9592
-50.3288
-50.6866
-32.166
-31.9142
-31.6635
-31.4165
-31.1756
-30.9425
-30.719
-30.5064
-30.3057
-30.118
-29.9444
-29.7859
-29.6439
-29.5196
-29.414
-29.3283
-29.263
-29.2186
-29.1954
-29.1932
-29.2118
-29.2505
-29.3085
-29.3848
-29.478
-29.587
-29.7104
-29.8471
-29.996
-30.1563
-30.3272
-30.5078
-30.697
-30.8939
-31.0973
-31.3062
-31.5197
-31.7367
-31.9566
-32.1786
-32.4018
-32.6253
-32.8485
-33.0706
-33.2914
-33.5111
-33.7306
-33.9514
-34.1756
-34.4054
-34.6432
-34.8915
-35.1522
-35.4271
-35.7177
-36.025
-36.3496
-36.6916
-37.0509
-37.4269
-37.8185
-38.2246
-38.6441
-39.0758
-39.5185
-39.9713
-40.4332
-40.9029
-41.379
-41.86
-42.3442
-42.8302
-43.3163
-43.8015
-44.2844
-44.764
-45.2391
-45.7084
-46.1706
-46.6246
-47.0693
-47.5041
-47.929
-48.3439
-48.7492
-49.1449
-49.5309
-49.9065
-50.2708
-50.6224
-32.1624
-31.9174
-31.6733
-31.4325
-31.197
-30.9687
-30.7495
-30.5406
-30.3434
-30.159
-29.9887
-29.8335
-29.6945
-29.5729
-29.4697
-29.3857
-29.3216
-29.2777
-29.2543
-29.2513
-29.2683
-29.3049
-29.3603
-29.4336
-29.5237
-29.6294
-29.7497
-29.8834
-30.0295
-30.1871
-30.3552
-30.533
-30.7193
-30.9133
-31.1139
-31.3201
-31.5309
-31.7456
-31.9632
-32.1831
-32.4044
-32.6264
-32.8487
-33.0708
-33.2927
-33.5148
-33.7379
-33.9633
-34.1927
-34.4281
-34.6715
-34.9248
-35.19
-35.4685
-35.7618
-36.0708
-36.396
-36.7377
-37.0957
-37.4696
-37.8586
-38.2619
-38.6783
-39.1068
-39.5464
-39.9959
-40.4541
-40.92
-41.392
-41.8688
-42.3489
-42.8309
-43.3133
-43.7948
-44.2743
-44.7505
-45.2223
-45.6884
-46.1478
-46.5994
-47.0423
-47.476
-47.9002
-48.3146
-48.7191
-49.1136
-49.4976
-49.8706
-50.2316
-50.5793
-32.1606
-31.919
-31.6781
-31.4402
-31.2074
-30.9816
-30.7645
-30.5576
-30.3621
-30.1795
-30.0108
-29.8571
-29.7197
-29.5994
-29.4974
-29.4142
-29.3507
-29.307
-29.2835
-29.2801
-29.2964
-29.332
-29.3861
-29.4579
-29.5465
-29.6506
-29.7694
-29.9016
-30.0463
-30.2025
-30.3692
-30.5455
-30.7305
-30.923
-31.1222
-31.327
-31.5366
-31.7501
-31.9666
-32.1854
-32.4058
-32.6272
-32.8491
-33.0713
-33.2937
-33.517
-33.7418
-33.9695
-34.2014
-34.4395
-34.6855
-34.9413
-35.2086
-35.4889
-35.7835
-36.0933
-36.4188
-36.7604
-37.1178
-37.4908
-37.8786
-38.2805
-38.6954
-39.1224
-39.5603
-40.0081
-40.4645
-40.9285
-41.3985
-41.8732
-42.3513
-42.8313
-43.3118
-43.7916
-44.2693
-44.7438
-45.2139
-45.6785
-46.1365
-46.5869
-47.029
-47.4621
-47.8858
-48.2998
-48.7039
-49.0977
-49.4808
-49.8525
-50.2118
-50.5577
-54.8182
-58.629
-58.4677
-57.7984
-57.2026
-56.7385
-56.3825
-56.1078
-55.8943
-55.7283
-55.6005
-55.5045
-55.4358
-55.3914
-55.3697
-53.5278
-55.7553
-56.4756
-56.5289
-56.3624
-56.1483
-55.9449
-55.7686
-55.6217
-55.5024
-55.4078
-55.3353
-55.2828
-55.2486
-55.2318
-53.0581
-54.3894
-55.1513
-55.4798
-55.5699
-55.5479
-55.4806
-55.4002
-55.3219
-55.2521
-55.1934
-55.1466
-55.1118
-55.0889
-55.0774
-52.6731
-53.5936
-54.2608
-54.6693
-54.8898
-54.9931
-55.0294
-55.0302
-55.0138
-54.9909
-54.9673
-54.9463
-54.9295
-54.9179
-54.9121
-52.3367
-53.0517
-53.6293
-54.0471
-54.3274
-54.5055
-54.6141
-54.6775
-54.7127
-54.7309
-54.7392
-54.742
-54.7423
-54.7417
-54.7412
-52.0503
-52.6475
-53.1579
-53.5629
-53.8673
-54.0879
-54.2442
-54.3534
-54.4291
-54.4812
-54.5168
-54.5408
-54.5564
-54.5658
-54.5702
-51.8076
-52.3305
-52.7923
-53.1795
-53.4912
-53.7349
-53.9218
-54.0632
-54.1693
-54.2483
-54.3064
-54.3482
-54.3771
-54.3952
-54.4039
-51.6015
-52.0748
-52.5015
-52.872
-53.1836
-53.4392
-53.6451
-53.8087
-53.9371
-54.0367
-54.1127
-54.1691
-54.2089
-54.2344
-54.2468
-51.4266
-51.866
-52.2674
-52.6238
-52.9322
-53.1936
-53.4112
-53.5897
-53.7341
-53.8491
-53.9389
-54.0068
-54.0556
-54.087
-54.1025
-51.2796
-51.6956
-52.0787
-52.4239
-52.7284
-52.9921
-53.2167
-53.4051
-53.5608
-53.6871
-53.7873
-53.8642
-53.9199
-53.9561
-53.9739
-51.1588
-51.5585
-51.9285
-52.265
-52.5657
-52.8301
-53.0588
-53.2538
-53.4172
-53.5516
-53.6595
-53.743
-53.804
-53.8439
-53.8636
-51.063
-51.4514
-51.8122
-52.1423
-52.4398
-52.704
-52.9352
-53.1343
-53.303
-53.443
-53.5564
-53.6447
-53.7096
-53.7522
-53.7733
-50.9915
-51.3725
-51.727
-52.0526
-52.3477
-52.6115
-52.8439
-53.0456
-53.2177
-53.3616
-53.4786
-53.5703
-53.6379
-53.6824
-53.7045
-50.944
-51.3204
-51.671
-51.9938
-52.2873
-52.5507
-52.7838
-52.987
-53.1611
-53.3073
-53.4266
-53.5204
-53.5897
-53.6354
-53.6581
-50.9204
-51.2946
-51.6433
-51.9647
-52.2574
-52.5205
-52.7539
-52.9578
-53.1329
-53.2801
-53.4006
-53.4954
-53.5655
-53.6117
-53.6347
)
;

boundaryField
{
    hot
    {
        type            calculated;
        value           nonuniform List<scalar> 
120
(
-50.3708
-50.3897
-50.4273
-50.4834
-50.5579
-50.6501
-50.7594
-50.8846
-51.0242
-51.1761
-51.3379
-51.5063
-51.6777
-51.8479
-52.0126
-52.1549
-52.2752
-52.3846
-52.4814
-52.5646
-52.6334
-52.6873
-52.7262
-52.7504
-52.7602
-52.756
-52.7384
-52.7079
-52.6653
-52.6111
-52.5459
-52.4703
-52.3849
-52.2901
-52.1864
-52.0744
-51.9544
-51.827
-51.6924
-51.5511
-51.4035
-51.2499
-51.0907
-50.9262
-50.7567
-50.5825
-50.4039
-50.221
-50.0341
-49.8434
-49.649
-49.4512
-49.2501
-49.0457
-48.8383
-48.6278
-48.4144
-48.1981
-47.979
-47.7571
-47.5325
-47.3052
-47.0752
-46.8426
-46.6074
-46.3697
-46.1295
-45.8868
-45.6417
-45.3944
-45.1448
-44.8932
-44.6397
-44.3844
-44.1276
-43.8694
-43.6101
-43.3499
-43.0893
-42.8285
-42.568
-42.308
-42.049
-41.7914
-41.5356
-41.282
-41.0311
-40.7832
-40.5386
-40.2978
-40.0608
-39.8278
-39.5988
-39.3737
-39.1522
-38.9342
-38.719
-38.5064
-38.2956
-38.0862
-37.8777
-37.6697
-37.4622
-37.2553
-37.0493
-36.8246
-36.5833
-36.3482
-36.1216
-35.9061
-35.7039
-35.5173
-35.3481
-35.1977
-35.0673
-34.9578
-34.8696
-34.8032
-34.7588
-34.7366
)
;
    }
    cold
    {
        type            calculated;
        value           nonuniform List<scalar> 
120
(
-36.1328
-36.1532
-36.1939
-36.2549
-36.3358
-36.4362
-36.5557
-36.6934
-36.8481
-37.0185
-37.2026
-37.3984
-37.6034
-37.8153
-38.0315
-38.2319
-38.4146
-38.5972
-38.7795
-38.9613
-39.143
-39.3251
-39.5081
-39.6928
-39.8799
-40.0699
-40.2636
-40.4614
-40.6636
-40.8705
-41.0821
-41.2984
-41.5193
-41.7446
-41.9739
-42.207
-42.4434
-42.6828
-42.9247
-43.1688
-43.4146
-43.662
-43.9104
-44.1596
-44.4094
-44.6596
-44.9099
-45.1603
-45.4108
-45.6613
-45.9118
-46.1623
-46.413
-46.6638
-46.9148
-47.1659
-47.4171
-47.6683
-47.9193
-48.17
-48.4202
-48.6696
-48.9179
-49.1649
-49.4105
-49.6544
-49.8965
-50.1366
-50.3746
-50.6104
-50.8439
-51.075
-51.3036
-51.5297
-51.7533
-51.9742
-52.1925
-52.4081
-52.6209
-52.8308
-53.0377
-53.2414
-53.4416
-53.638
-53.8303
-54.0178
-54.2
-54.3764
-54.5461
-54.7082
-54.8619
-55.0061
-55.1396
-55.2613
-55.3698
-55.4637
-55.5417
-55.6023
-55.6444
-55.6667
-55.6685
-55.6494
-55.6095
-55.5494
-55.4703
-55.3643
-55.2276
-55.0746
-54.9106
-54.741
-54.5712
-54.4061
-54.2499
-54.1063
-53.9783
-53.8685
-53.7785
-53.71
-53.6637
-53.6404
)
;
    }
    interface_left
    {
        type            calculated;
        value           nonuniform List<scalar> 
90
(
-76.3645
-69.1429
-54.9241
-56.1672
-54.6941
-55.0199
-55.231
-54.9056
-55.5015
-54.2606
-55.3668
-53.6783
-55.1428
-52.9545
-54.3162
-55.9403
-53.1613
-55.9682
-51.2807
-54.4134
-50.6805
-52.9955
-55.3949
-51.6276
-55.2304
-50.6635
-55.1457
-48.3173
-52.8075
-47.923
-51.0134
-54.072
-49.4288
-53.7969
-48.4326
-53.682
-45.8584
-51.0109
-45.5428
-49.0408
-52.4711
-47.3312
-52.1795
-46.283
-52.08
-43.4811
-49.1619
-43.1595
-47.0187
-50.8084
-45.1476
-50.5174
-43.9771
-50.4218
-40.8331
-47.1642
-40.4458
-44.7513
-48.9847
-42.6139
-48.6167
-41.2413
-48.4194
-37.6946
-44.6869
-37.2685
-41.9508
-46.4942
-39.5499
-45.8601
-38.0534
-45.3545
-34.5271
-41.3596
-34.3342
-38.6597
-42.6404
-36.5074
-41.5802
-35.4967
-40.6615
-33.636
-37.7321
-34.7293
-36.749
-37.9483
-37.9452
-38.0929
-48.5716
-54.7439
)
;
    }
    interface_right
    {
        type            calculated;
        value           nonuniform List<scalar> 
90
(
-56.6398
-50.9699
-38.7883
-39.413
-39.2858
-37.7391
-36.5264
-38.3905
-35.3097
-40.8026
-36.6134
-41.7237
-37.4049
-42.7872
-39.2946
-35.4328
-41.744
-35.5369
-45.4528
-38.7331
-45.9957
-40.1146
-46.6647
-42.3881
-37.9505
-45.011
-38.3329
-48.6224
-41.7281
-48.8559
-43.0639
-49.247
-45.1577
-41.0043
-47.5172
-41.454
-50.6347
-44.6112
-50.9308
-46.8238
-42.7573
-48.8827
-43.0817
-50.2584
-43.3215
-53.5151
-46.6597
-53.5036
-47.8465
-53.7796
-49.7889
-45.7167
-52.0484
-46.0349
-55.1616
-49.0038
-55.3042
-50.142
-55.6475
-52.0038
-48.3043
-54.139
-48.753
-56.9422
-51.626
-57.236
-53.6661
-50.1834
-55.5487
-50.7049
-56.7594
-51.2126
-59.3368
-54.2033
-59.4053
-56.143
-53.0865
-57.7911
-53.7274
-58.7339
-54.2139
-60.8612
-56.6274
-61.4417
-58.58
-55.4302
-62.4651
-57.0225
-80.6676
-86.1595
)
;
    }
    interface_top
    {
        type            calculated;
        value           nonuniform List<scalar> 
90
(
-27.9181
-32.4724
-32.6151
-29.0721
-25.741
-17.0311
-26.1776
-30.0023
-35.0209
-35.3279
-31.4112
-29.359
-26.0006
-22.9652
-15.2684
-23.4094
-26.7712
-31.1045
-31.1495
-26.984
-23.6158
-15.2917
-22.8717
-25.8229
-29.0069
-31.0341
-35.0457
-34.7828
-29.8416
-26.0029
-16.7408
-24.9813
-28.1806
-31.6165
-33.8139
-38.1723
-37.8916
-32.5296
-28.3742
-18.335
-27.4863
-31.1338
-35.242
-37.9656
-43.4831
-43.6795
-38.8323
-36.3186
-32.2205
-28.4983
-18.9858
-29.2848
-33.5883
-39.1949
-39.3372
-34.1988
-30.0137
-19.5607
-29.4699
-33.4227
-37.8537
-40.6781
-46.2221
-46.0188
-39.7009
-34.7357
-22.5848
-34.0465
-38.6416
-43.8485
-47.1641
-53.6676
-53.4558
-46.1408
-40.3691
-26.2175
-39.6526
-45.0206
-51.0847
-54.8705
-62.2176
-61.7997
-52.9653
-46.0891
-29.5203
-44.4042
-49.8059
-54.9631
-53.9896
-44.6277
)
;
    }
    interface_bottom
    {
        type            calculated;
        value           nonuniform List<scalar> 
90
(
-38.9994
-45.0649
-42.7073
-27.9513
-43.0111
-48.8894
-55.146
-58.9872
-66.3514
-65.9541
-57.2286
-52.8315
-46.044
-40.3289
-26.4601
-40.4566
-46.0775
-53.0726
-53.1247
-46.415
-42.9819
-37.6037
-32.9858
-21.689
-33.0063
-37.4367
-42.7162
-42.3777
-35.9873
-31.2057
-20.0205
-29.7041
-33.3358
-37.0441
-39.2231
-43.3401
-42.568
-35.7918
-30.9154
-19.7932
-29.3754
-33.0319
-36.9074
-39.2768
-43.8758
-43.5247
-37.7444
-34.8772
-30.5597
-26.8472
-17.7407
-27.1322
-30.8492
-35.3374
-35.1393
-29.9962
-26.0898
-16.83
-25.1269
-28.2756
-31.5482
-33.4471
-36.9692
-36.3237
-30.5604
-26.4086
-16.9191
-25.0883
-28.1648
-31.3229
-33.1768
-36.6522
-36.0223
-30.3516
-26.2663
-16.9044
-25.113
-28.273
-31.6495
-33.7156
-37.6964
-37.269
-31.7853
-27.6696
-17.9496
-27.0277
-30.477
-34.1175
-33.8967
-28.9609
)
;
    }
    defaultFaces
    {
        type            empty;
    }
}


// ************************************************************************* //
