/*--------------------------------*- C++ -*----------------------------------*\
| =========                 |                                                 |
| \\      /  F ield         | OpenFOAM: The Open Source CFD Toolbox           |
|  \\    /   O peration     | Version:  5.x                                   |
|   \\  /    A nd           | Web:      www.OpenFOAM.org                      |
|    \\/     M anipulation  |                                                 |
\*---------------------------------------------------------------------------*/
FoamFile
{
    version     2.0;
    format      ascii;
    class       volScalarField;
    location    "4.2";
    object      gradTy;
}
// * * * * * * * * * * * * * * * * * * * * * * * * * * * * * * * * * * * * * //

dimensions      [0 -1 0 1 0 0 0];

internalField   nonuniform List<scalar> 
6300
(
32275.1
32225.4
32175.6
32126
32076.4
32026.8
31977.4
31928.1
31879
31830
31781.2
31732.6
31684.2
31636
31588.1
-0.0143614
-0.0431473
-0.07211
-0.101328
-0.130813
-0.160483
-0.190142
-0.219473
-0.248039
-0.275308
-0.300725
-0.323807
-0.344282
-0.36224
-0.378255
-0.0238585
-0.0717051
-0.119899
-0.168591
-0.217826
-0.267493
-0.317282
-0.366658
-0.414859
-0.460932
-0.503836
-0.542614
-0.576643
-0.605933
-0.631402
-0.0332387
-0.0999199
-0.167178
-0.235293
-0.304388
-0.374358
-0.444808
-0.514988
-0.583773
-0.649689
-0.711033
-0.766126
-0.813699
-0.853407
-0.886356
-0.0424198
-0.127568
-0.213614
-0.301031
-0.39009
-0.480764
-0.572624
-0.664737
-0.755584
-0.843047
-0.924515
-0.99719
-1.05865
-1.10769
-1.14526
-0.0512803
-0.1543
-0.258659
-0.365106
-0.474155
-0.58596
-0.700163
-0.815725
-0.930751
-1.04237
-1.14676
-1.23943
-1.31599
-1.3734
-1.41169
-0.0596804
-0.179693
-0.301617
-0.426581
-0.555466
-0.688758
-0.826345
-0.96725
-1.10932
-1.24893
-1.38071
-1.49779
-1.59248
-1.65821
-1.69246
-0.0674316
-0.203179
-0.341542
-0.484141
-0.632378
-0.787272
-0.949217
-1.11761
-1.29038
-1.46329
-1.62938
-1.77851
-1.89789
-1.97445
-1.99971
-0.0743003
-0.224051
-0.377232
-0.536066
-0.702636
-0.87874
-1.06564
-1.26361
-1.47127
-1.68448
-1.89499
-2.08892
-2.24607
-2.34191
-2.35505
-0.0800195
-0.241491
-0.40727
-0.580256
-0.763359
-0.959413
-1.17098
-1.39993
-1.64659
-1.90834
-2.17712
-2.43603
-2.65545
-2.79191
-2.79701
-0.0843062
-0.254623
-0.430099
-0.614329
-0.811128
-1.02457
-1.25894
-1.51851
-1.80681
-2.1251
-2.46905
-2.82253
-3.14763
-3.37311
-3.39539
-0.0868883
-0.262593
-0.444171
-0.635832
-0.842252
-1.06879
-1.3217
-1.60832
-1.93699
-2.31614
-2.75133
-3.23729
-3.73931
-4.15739
-4.28269
-0.0875415
-0.264691
-0.448158
-0.642576
-0.853259
-1.08662
-1.35072
-1.65607
-2.01664
-2.45103
-2.98273
-3.63589
-4.41482
-5.23446
-5.73595
-0.086128
-0.260468
-0.441195
-0.63305
-0.841586
-1.07371
-1.33849
-1.64855
-2.02241
-2.48853
-3.09257
-3.90863
-5.04962
-6.62979
-8.4015
-0.0826307
-0.249856
-0.423103
-0.606844
-0.806329
-1.02812
-1.28095
-1.57721
-1.93582
-2.388
-2.99028
-3.85644
-5.24541
-7.83383
-13.6728
31544.4
31504.8
31465.5
31426.3
31387.3
31348.5
31310
31271.6
31233.6
31195.7
31158.2
31121
31084
31047.4
31011.1
30975.2
30939.7
30904.5
30869.7
30835.2
30801.1
30767.4
30734.1
30701.1
30668.5
30636.2
30604.2
30572.6
30541.2
30510.1
30479.3
30448.8
30418.4
30388.4
30358.5
30328.8
30299.4
30270.1
30241
30212.1
30183.3
30154.8
30126.4
30098.1
30070.1
30042.1
30014.4
29986.8
29959.4
29932.1
29904.9
29877.9
29851.1
29824.3
29797.7
29771.1
29744.7
29718.3
29692
29665.8
29639.6
29613.4
29587.2
29561.1
29535
29508.8
29482.7
29456.5
29430.3
29404.1
29377.8
29351.5
29325.1
29298.6
29272
29245.4
29218.6
29191.8
29164.8
29137.7
29110.5
29083.1
29055.6
29027.9
29000
28972
28943.8
28915.4
28886.9
28858.1
-0.392171
-0.405263
-0.419837
-0.436921
-0.457369
-0.481712
-0.510034
-0.541929
-0.576534
-0.61264
-0.648859
-0.683803
-0.716239
-0.745188
-0.769951
-0.790073
-0.805276
-0.815385
-0.820283
-0.819913
-0.8143
-0.803601
-0.788135
-0.768383
-0.744969
-0.718612
-0.690075
-0.660133
-0.629547
-0.599052
-0.569339
-0.54103
-0.514637
-0.490532
-0.468929
-0.449898
-0.433395
-0.419318
-0.407541
-0.39793
-0.390327
-0.384503
-0.380108
-0.376643
-0.37346
-0.369814
-0.364943
-0.358165
-0.348961
-0.337034
-0.322317
-0.304953
-0.285241
-0.263586
-0.240449
-0.216313
-0.191665
-0.166962
-0.14261
-0.118918
-0.0960765
-0.0741394
-0.0530427
-0.032643
-0.0127703
0.00672448
0.0259421
0.0449362
0.0637379
0.0823876
0.100958
0.119553
0.138288
0.157249
0.176463
0.19588
0.215384
0.234827
0.254061
0.272964
0.291433
0.309362
0.326589
0.342857
0.357793
0.370914
0.381672
0.389516
0.393957
0.394621
-0.653029
-0.673222
-0.695902
-0.723037
-0.756298
-0.79675
-0.844612
-0.899155
-0.958763
-1.02116
-1.08375
-1.14397
-1.1996
-1.24899
-1.291
-1.325
-1.35063
-1.36768
-1.37595
-1.3753
-1.3657
-1.34738
-1.32084
-1.28694
-1.24678
-1.20164
-1.15286
-1.10175
-1.04961
-0.997686
-0.947185
-0.899194
-0.854621
-0.814111
-0.778004
-0.746357
-0.719025
-0.695771
-0.676364
-0.66061
-0.648315
-0.639175
-0.632657
-0.627918
-0.623805
-0.618945
-0.611916
-0.601446
-0.586586
-0.566816
-0.542065
-0.512648
-0.479153
-0.442326
-0.402988
-0.361987
-0.32017
-0.278353
-0.237266
-0.197474
-0.15931
-0.122842
-0.0879003
-0.0541626
-0.0212699
0.0110686
0.0430195
0.0746345
0.105915
0.136892
0.167687
0.19851
0.22961
0.261184
0.293298
0.325853
0.35861
0.391263
0.423529
0.45521
0.486184
0.516343
0.545485
0.573219
0.598903
0.621668
0.640498
0.654365
0.662362
0.663824
-0.913011
-0.937491
-0.965441
-1.00022
-1.04475
-1.10099
-1.16945
-1.24896
-1.33685
-1.42928
-1.52192
-1.6106
-1.69185
-1.76326
-1.82345
-1.87184
-1.90822
-1.93248
-1.94432
-1.94342
-1.92954
-1.90283
-1.86401
-1.81435
-1.75562
-1.68978
-1.61883
-1.54469
-1.46919
-1.39413
-1.32126
-1.25228
-1.1886
-1.13119
-1.0805
-1.03645
-0.998626
-0.96653
-0.939771
-0.918157
-0.901608
-0.889919
-0.882492
-0.878144
-0.875077
-0.871052
-0.8637
-0.850907
-0.831138
-0.803629
-0.768395
-0.72608
-0.677726
-0.624547
-0.567791
-0.508706
-0.448547
-0.388568
-0.329932
-0.273561
-0.21998
-0.169227
-0.120906
-0.0743486
-0.0288566
0.0160844
0.0606925
0.104925
0.148636
0.191767
0.234481
0.277174
0.320352
0.36444
0.409596
0.455635
0.502081
0.548347
0.593932
0.638563
0.682194
0.724868
0.766489
0.806607
0.844291
0.878158
0.906541
0.927739
0.940256
0.94301
-1.17273
-1.19687
-1.22526
-1.26346
-1.31648
-1.3878
-1.4785
-1.58687
-1.70855
-1.83728
-1.966
-2.08811
-2.19848
-2.29392
-2.37315
-2.4362
-2.48355
-2.5154
-2.53134
-2.53052
-2.51215
-2.47604
-2.42308
-2.35517
-2.27503
-2.18561
-2.08975
-1.98996
-1.88853
-1.78777
-1.69014
-1.59814
-1.51395
-1.43903
-1.37386
-1.31799
-1.27042
-1.23005
-1.19622
-1.16887
-1.14836
-1.13499
-1.12837
-1.127
-1.12821
-1.12843
-1.12381
-1.11091
-1.08733
-1.05206
-1.00542
-0.948708
-0.883748
-0.812417
-0.736447
-0.657468
-0.577161
-0.497339
-0.419823
-0.346118
-0.277055
-0.212585
-0.151839
-0.0934635
-0.0361058
0.021131
0.0784653
0.135535
0.191769
0.246826
0.300901
0.354743
0.4094
0.465782
0.52426
0.584476
0.645472
0.70608
0.765389
0.823049
0.879287
0.934622
0.989384
1.04324
1.09493
1.1423
1.1827
1.2134
1.23203
1.23694
-1.43362
-1.45003
-1.4709
-1.5053
-1.56179
-1.64661
-1.76204
-1.90555
-2.07005
-2.24522
-2.41952
-2.58248
-2.72653
-2.84785
-2.94609
-3.02312
-3.08114
-3.12117
-3.14244
-3.14286
-3.12023
-3.0735
-3.00362
-2.91358
-2.80774
-2.69068
-2.56631
-2.43757
-2.30688
-2.17688
-2.05088
-1.93271
-1.82592
-1.7328
-1.6538
-1.58759
-1.53182
-1.48414
-1.44333
-1.40972
-1.38485
-1.37035
-1.36668
-1.37216
-1.38279
-1.39281
-1.39585
-1.38629
-1.36039
-1.31691
-1.25696
-1.18324
-1.09898
-1.007
-0.909473
-0.808179
-0.705113
-0.602829
-0.504265
-0.412029
-0.327558
-0.250622
-0.179401
-0.111154
-0.0432222
0.0259965
0.0965779
0.167311
0.236558
0.303264
0.36762
0.431107
0.495929
0.564073
0.636391
0.712166
0.789392
0.865658
0.939197
1.00956
1.07766
1.14518
1.21356
1.28298
1.35175
1.41649
1.47283
1.51639
1.54355
1.55182
-1.69953
-1.6967
-1.697
-1.71523
-1.76619
-1.86124
-2.00504
-2.19389
-2.4161
-2.65432
-2.88926
-3.10398
-3.2872
-3.43488
-3.54947
-3.63728
-3.7045
-3.75383
-3.78344
-3.78828
-3.76288
-3.70415
-3.61304
-3.49462
-3.35647
-3.20615
-3.04901
-2.88783
-2.72409
-2.56007
-2.4002
-2.25076
-2.11807
-2.00608
-1.91515
-1.84203
-1.7814
-1.72818
-1.67991
-1.63783
-1.60623
-1.58997
-1.59166
-1.60974
-1.63808
-1.66709
-1.6859
-1.68504
-1.6586
-1.60532
-1.52818
-1.43282
-1.32516
-1.20943
-1.08777
-0.961294
-0.831788
-0.702814
-0.579449
-0.466611
-0.367063
-0.280281
-0.202536
-0.128244
-0.0520489
0.0290415
0.114612
0.201367
0.285143
0.363225
0.435728
0.505686
0.577811
0.656486
0.743671
0.837894
0.934818
1.02929
1.1177
1.19944
1.27698
1.35461
1.43636
1.52374
1.61449
1.70287
1.78144
1.84311
1.88236
1.89567
-1.97866
-1.93875
-1.89712
-1.87783
-1.90687
-2.00543
-2.18287
-2.4339
-2.73879
-3.06784
-3.38778
-3.67049
-3.89872
-4.0692
-4.19104
-4.2807
-4.35321
-4.41445
-4.45971
-4.4768
-4.45309
-4.38094
-4.26133
-4.10355
-3.92222
-3.73092
-3.53701
-3.34126
-3.14116
-2.93675
-2.73391
-2.54414
-2.3798
-2.24846
-2.15025
-2.07786
-2.0197
-1.96449
-1.90692
-1.8502
-1.80486
-1.78311
-1.79237
-1.83186
-1.89173
-1.9554
-2.00358
-2.01992
-1.99478
-1.9274
-1.82492
-1.69941
-1.56227
-1.41968
-1.27231
-1.11808
-0.957004
-0.794034
-0.638785
-0.501371
-0.387505
-0.296254
-0.220025
-0.147412
-0.0672665
0.0262847
0.131581
0.240345
0.342548
0.431833
0.508104
0.57774
0.650844
0.737219
0.841374
0.960278
1.08431
1.20215
1.30633
1.39588
1.47664
1.55856
1.65151
1.7601
1.88104
2.00375
2.11476
2.20247
2.25886
2.27946
-2.28751
-2.18304
-2.06479
-1.97048
-1.94705
-2.03558
-2.25422
-2.59578
-3.0261
-3.49388
-3.9393
-4.31479
-4.59269
-4.77285
-4.87817
-4.94805
-5.01732
-5.09725
-5.17565
-5.22318
-5.21212
-5.12514
-4.96357
-4.7454
-4.50125
-4.25838
-4.02656
-3.7998
-3.56328
-3.31001
-3.0476
-2.79967
-2.59279
-2.44185
-2.34689
-2.29191
-2.25242
-2.20283
-2.13137
-2.0448
-1.96811
-1.93015
-1.94809
-2.02319
-2.13843
-2.26453
-2.36564
-2.41303
-2.3903
-2.29848
-2.15332
-1.98122
-1.80568
-1.63528
-1.46522
-1.28317
-1.08342
-0.872611
-0.670922
-0.500713
-0.37388
-0.289103
-0.230827
-0.175956
-0.100333
0.00805349
0.144976
0.290171
0.41993
0.520532
0.591367
0.646112
0.706056
0.793612
0.919073
1.07649
1.24387
1.39582
1.51712
1.60603
1.6757
1.74764
1.84515
1.9796
2.14594
2.32234
2.48245
2.6077
2.68762
2.71844
-2.65813
-2.44691
-2.19768
-1.96076
-1.82564
-1.87792
-2.14804
-2.62929
-3.25886
-3.95144
-4.59082
-5.09891
-5.42667
-5.5835
-5.61551
-5.61541
-5.66518
-5.7813
-5.93507
-6.05292
-6.07945
-5.97569
-5.74624
-5.42355
-5.07729
-4.76871
-4.50758
-4.27114
-4.00822
-3.69514
-3.33908
-2.99473
-2.72382
-2.55319
-2.48451
-2.48215
-2.4982
-2.47113
-2.37604
-2.22361
-2.07401
-1.99509
-2.01986
-2.15508
-2.3678
-2.60798
-2.80335
-2.90542
-2.88357
-2.74466
-2.51874
-2.26627
-2.03991
-1.84862
-1.67363
-1.47198
-1.22402
-0.936289
-0.655977
-0.435845
-0.297956
-0.242066
-0.235007
-0.232675
-0.17888
-0.0495859
0.148129
0.36387
0.540921
0.653687
0.699367
0.708542
0.723032
0.796926
0.952234
1.17981
1.42706
1.635
1.77588
1.84516
1.87274
1.90112
1.98677
2.15433
2.39747
2.66544
2.90135
3.07913
3.18795
3.23365
-3.15092
-2.76535
-2.31277
-1.80446
-1.43448
-1.40673
-1.73799
-2.44931
-3.40102
-4.48575
-5.43158
-6.14288
-6.507
-6.57416
-6.39935
-6.21124
-6.21781
-6.41144
-6.7465
-7.01448
-7.13472
-7.00763
-6.66356
-6.13606
-5.59951
-5.21116
-4.95348
-4.78107
-4.52585
-4.14264
-3.61418
-3.08458
-2.71095
-2.51828
-2.52713
-2.64646
-2.80665
-2.83798
-2.70389
-2.399
-2.07879
-1.91139
-1.93325
-2.17604
-2.55834
-3.01663
-3.37613
-3.57696
-3.54617
-3.31688
-2.92315
-2.51446
-2.22441
-2.03923
-1.92118
-1.72823
-1.42262
-0.990024
-0.555107
-0.253279
-0.104683
-0.125438
-0.233096
-0.364207
-0.366834
-0.206427
0.124671
0.492645
0.753857
0.882826
0.85932
0.762722
0.653891
0.682459
0.880812
1.2543
1.66639
1.97032
2.13731
2.14391
2.06819
1.97174
2.01008
2.21988
2.6129
3.05438
3.40361
3.64953
3.7788
3.85287
-3.87891
-3.18037
-2.50832
-1.4494
-0.551201
-0.419428
-0.781709
-1.92431
-3.35283
-5.2214
-6.61148
-7.68831
-8.01659
-7.91502
-7.20419
-6.52869
-6.50313
-6.84008
-7.65676
-8.19113
-8.54857
-8.35455
-7.84765
-6.86433
-5.91113
-5.46838
-5.27958
-5.4133
-5.23091
-4.8025
-3.89422
-2.95321
-2.44099
-2.19671
-2.4143
-2.75559
-3.30441
-3.44688
-3.28161
-2.60043
-1.86762
-1.55928
-1.53274
-2.00037
-2.64375
-3.57188
-4.18183
-4.58647
-4.49914
-4.13043
-3.35369
-2.59642
-2.26255
-2.1378
-2.28122
-2.15138
-1.80872
-1.05174
-0.267216
0.145334
0.327873
0.111767
-0.201939
-0.685247
-0.793996
-0.613463
0.0437852
0.770892
1.15304
1.32742
1.12046
0.830539
0.382988
0.319696
0.553479
1.26959
2.05798
2.49944
2.7264
2.558
2.29038
1.84525
1.78357
2.01875
2.75586
3.57356
4.05218
4.38551
4.44683
4.61646
-5.08459
-3.55759
-3.26116
-0.862705
1.43613
1.27976
1.29866
-0.987193
-2.67061
-6.6457
-8.24209
-10.3112
-10.1447
-10.1327
-7.95759
-5.90962
-6.26584
-6.57734
-8.97298
-9.62199
-10.7559
-10.1513
-9.7171
-7.54846
-5.48693
-5.35911
-5.14048
-6.49999
-6.28944
-6.15257
-4.2205
-2.20348
-1.78425
-1.20915
-2.12243
-2.56497
-4.38641
-4.49799
-4.60129
-2.87518
-1.04418
-0.800319
-0.419579
-1.57062
-2.31808
-4.58428
-5.28214
-6.30332
-5.8562
-5.53046
-3.75507
-2.06758
-1.99841
-1.84907
-3.03362
-2.87985
-2.7903
-1.152
0.557432
0.876282
1.33561
0.490659
0.0745966
-1.5445
-1.63657
-1.70585
-0.136607
1.54694
1.85244
2.32222
1.50217
1.12645
-0.440146
-0.469768
-0.467371
1.18176
2.95007
3.33837
3.88576
3.1159
2.76913
1.16754
1.13051
1.09567
2.78356
4.58168
4.91069
5.51391
4.9597
5.62828
-7.63688
-2.16258
-7.04083
-0.132421
6.95919
2.72692
6.69832
-0.917183
1.31209
-11.495
-9.19154
-16.1529
-12.0499
-15.4646
-8.52742
-1.82797
-6.09234
-3.31283
-12.8038
-10.354
-15.466
-11.7022
-14.0834
-8.0776
-2.27745
-5.37986
-2.72805
-9.84679
-7.24107
-10.0869
-4.66827
0.847967
-1.35107
1.92261
-2.50754
-0.3878
-7.92973
-5.56008
-8.55436
-3.30001
2.06572
-0.23745
2.90039
-1.721
0.195603
-7.85408
-5.9158
-10.1335
-7.0374
-9.01692
-4.02876
0.792734
-1.8486
0.361555
-5.71208
-3.51471
-6.00098
-1.35355
3.38563
1.40606
4.22262
0.253083
2.08462
-4.60152
-2.51084
-5.15655
-0.480504
4.30846
2.31638
5.17543
1.24513
3.13829
-3.47541
-1.30429
-3.85843
0.923337
5.83034
3.94918
6.94287
3.06554
5.05571
-1.76214
0.475155
-2.30721
2.65334
7.70616
5.37509
8.30976
3.71255
7.45548
-17.0705
14.1404
-27.793
0.334124
28.7886
-7.63935
28.783
-15.0239
26.9469
-38.1037
3.20008
-37.9279
-3.12996
-35.704
-8.75534
18.0411
-16.0626
17.6206
-33.83
-0.197459
-32.9582
-4.40505
-30.528
-8.31143
13.7509
-13.6876
13.7531
-27.1978
-0.343372
-25.9232
-5.25759
15.0084
-8.79972
16.1468
-12.3257
15.701
-25.747
1.10064
-24.3868
-3.88656
16.2175
-7.51103
17.3923
-11.2875
17.0593
-25.508
2.31363
-24.4971
-0.911278
-22.5384
-4.06405
14.3979
-8.68653
14.4992
-20.3024
2.59325
-19.4858
-1.68885
15.8872
-4.97217
16.8799
-8.33963
16.3585
-20.2987
3.43373
-19.1521
-0.98849
16.8332
-4.20674
17.8038
-7.39909
17.3985
-19.1621
4.66423
-17.8144
0.483362
18.4844
-2.46091
19.8931
-5.43508
20.0247
-17.7322
7.04712
-16.8607
2.38939
21.4626
-1.74392
21.9507
-9.54523
14.4265
28826.3
28791.3
28756
28720.5
28684.7
28648.8
28612.6
28576.3
28539.7
28503.1
28466.3
28429.5
28392.5
28355.5
28318.5
0.390967
0.381244
0.366113
0.346202
0.32233
0.295389
0.266244
0.235659
0.204258
0.17251
0.140728
0.109098
0.0776949
0.0465114
0.0154845
0.657824
0.641288
0.615401
0.581332
0.540572
0.49472
0.4453
0.393638
0.34079
0.287529
0.234363
0.18157
0.129246
0.07735
0.0257481
0.934675
0.910688
0.872877
0.823154
0.763903
0.697615
0.6266
0.552806
0.477739
0.402462
0.327632
0.253578
0.180373
0.107897
0.0359087
1.22631
1.19381
1.14217
1.07442
0.99419
0.905166
0.810621
0.713202
0.61487
0.516926
0.420113
0.324735
0.230769
0.137959
0.0458997
1.53884
1.49605
1.42757
1.33812
1.23323
1.11819
0.99747
0.87448
0.751587
0.630237
0.511143
0.39447
0.280003
0.167268
0.0556311
1.88005
1.82405
1.73394
1.61728
1.4824
1.33684
1.18653
1.03561
0.886729
0.74127
0.599733
0.461988
0.327498
0.195476
0.0649862
2.26045
2.18632
2.067
1.91477
1.74231
1.56024
1.37611
1.19465
1.0184
0.848353
0.684512
0.526234
0.372515
0.222148
0.0738213
2.6947
2.5942
2.43333
2.2328
2.01208
1.78579
1.56301
1.34841
1.14379
0.949185
0.763695
0.585904
0.41417
0.246771
0.0819695
3.20415
3.06298
2.8398
2.57146
2.28791
2.00821
1.74188
1.49222
1.25911
1.04085
0.835141
0.639488
0.451471
0.268787
0.08925
3.8223
3.6136
3.29132
2.92536
2.56028
2.2177
1.90438
1.61957
1.35957
1.11996
0.89649
0.685406
0.483419
0.287645
0.0954867
4.61415
4.27648
3.78541
3.27727
2.80989
2.39813
2.03859
1.72224
1.43969
1.1829
0.94543
0.722199
0.509134
0.302876
0.100533
5.74175
5.09328
4.29712
3.58759
3.00338
2.52629
2.12973
1.79121
1.49408
1.22651
0.980116
0.748807
0.528026
0.314187
0.104301
7.6424
6.05782
4.72348
3.77274
3.08958
2.57395
2.16293
1.81884
1.51892
1.24895
0.999693
0.764867
0.539962
0.321538
0.106783
11.3307
6.77125
4.76596
3.69017
3.00824
2.51714
2.1293
1.80238
1.51383
1.25065
1.00481
0.770984
0.545402
0.32521
0.108074
-0.0777677
-0.235048
-0.397665
-0.569536
-0.75518
-0.960118
-1.19148
-1.45908
-1.77732
-2.16917
-2.67503
-3.37502
-4.45281
-6.40287
-10.7785
-0.0720063
-0.217486
-0.367427
-0.525024
-0.693825
-0.877914
-1.08214
-1.3124
-1.57588
-1.88092
-2.23492
-2.63353
-3.011
-3.013
-0.916547
-0.065227
-0.196824
-0.331871
-0.472734
-0.621855
-0.781719
-0.954701
-1.14261
-1.34552
-1.5586
-1.76387
-1.90685
-1.82979
-1.08009
1.59633
-0.0576529
-0.173764
-0.292276
-0.414711
-0.542426
-0.67641
-0.816868
-0.962358
-1.10799
-1.24166
-1.33616
-1.33318
-1.11535
-0.485454
0.653423
-0.0495178
-0.149036
-0.249953
-0.353019
-0.458642
-0.566601
-0.675522
-0.781949
-0.878676
-0.951834
-0.976199
-0.90898
-0.686657
-0.244426
0.393036
-0.0410471
-0.123336
-0.206138
-0.289549
-0.373237
-0.456124
-0.535897
-0.608237
-0.665635
-0.695763
-0.679822
-0.592709
-0.410485
-0.138997
0.105301
-0.0324411
-0.0972764
-0.161895
-0.225884
-0.288386
-0.347806
-0.40143
-0.444881
-0.471464
-0.471566
-0.432796
-0.342568
-0.196217
-0.0146564
0.133486
-0.0238664
-0.0713638
-0.118082
-0.163245
-0.205663
-0.243506
-0.274021
-0.293227
-0.29564
-0.27427
-0.221424
-0.131394
-0.00634372
0.132941
0.226576
-0.0154531
-0.045987
-0.0753391
-0.102499
-0.126104
-0.144279
-0.154454
-0.153224
-0.136309
-0.0987706
-0.0358055
0.0555047
0.173699
0.31229
0.476013
-0.00729595
-0.0214241
-0.0341086
-0.0442062
-0.0502995
-0.0505863
-0.0427859
-0.0240999
0.00871912
0.0591134
0.13018
0.223786
0.33963
0.474246
0.614015
0.000542224
0.00214394
0.00533771
0.0113215
0.0214929
0.0375143
0.0613475
0.0952302
0.14156
0.202674
0.28056
0.376681
0.492574
0.632685
0.815616
0.0080244
0.024615
0.0428599
0.0639585
0.0892444
0.120216
0.158531
0.205942
0.264156
0.334618
0.418321
0.515904
0.628744
0.761455
0.919286
0.0151336
0.0459464
0.078415
0.113707
0.153071
0.197846
0.249427
0.309181
0.378271
0.457397
0.546487
0.644599
0.751157
0.87285
1.05158
0.0218673
0.0661372
0.112025
0.160647
0.213165
0.270779
0.334682
0.405968
0.485443
0.573285
0.668435
0.7675
0.8631
0.944706
1.03199
0.0282326
0.0852141
0.143752
0.204904
0.269749
0.339376
0.414843
0.497103
0.586836
0.684129
0.787712
0.892881
0.984803
1.01269
0.769817
0.0342424
0.10322
0.17368
0.246618
0.323041
0.40395
0.490326
0.583084
0.683011
0.790637
0.905934
1.02754
1.15102
1.26877
1.40821
0.0399134
0.120207
0.201903
0.285937
0.373247
0.464765
0.561416
0.664125
0.773875
0.891851
1.01983
1.16098
1.32127
1.50987
1.71925
0.0452634
0.136231
0.228519
0.323006
0.420563
0.522053
0.628339
0.740319
0.859062
0.986157
1.12463
1.28121
1.47193
1.73664
2.18354
0.050311
0.151348
0.253627
0.357969
0.465181
0.576051
0.69135
0.811861
0.938491
1.0726
1.2169
1.37782
1.57129
1.83698
2.27052
0.0550741
0.165613
0.277321
0.390965
0.507292
0.627014
0.750787
0.8792
1.01277
1.15201
1.29771
1.4519
1.62057
1.82086
2.09173
0.0595696
0.179078
0.29969
0.422126
0.547083
0.675205
0.807049
0.943005
1.08315
1.22696
1.37269
1.51604
1.64795
1.75582
1.87884
0.0638128
0.191789
0.320811
0.451566
0.584712
0.720855
0.860502
1.00395
1.15104
1.30064
1.44938
1.58823
1.69208
1.68039
1.23348
0.0678169
0.203785
0.340752
0.479376
0.620297
0.764119
0.911369
1.0624
1.21722
1.37497
1.53302
1.68483
1.81649
1.90729
1.99097
0.0715934
0.215099
0.359563
0.505621
0.653908
0.805051
0.959658
1.11829
1.2814
1.44914
1.62106
1.79555
1.96935
2.13925
2.3068
0.0751525
0.225763
0.377289
0.530351
0.685577
0.843626
1.00521
1.17113
1.34241
1.52044
1.70739
1.90686
2.12503
2.37295
2.67787
0.0785043
0.235803
0.393973
0.553609
0.715329
0.8798
1.04779
1.2203
1.39877
1.58559
1.78509
2.00529
2.26013
2.56719
2.90835
0.0816594
0.245251
0.409663
0.575455
0.743214
0.913579
1.08731
1.2654
1.44939
1.642
1.8485
2.07978
2.35908
2.73788
3.34351
0.0846302
0.254144
0.424418
0.59597
0.769333
0.945076
1.12384
1.30645
1.49408
1.68881
1.89477
2.12106
2.38903
2.7512
3.34548
0.08743
0.262522
0.438312
0.615264
0.793846
0.974527
1.15778
1.34407
1.5339
1.72789
1.92701
2.13355
2.35365
2.6035
2.90907
0.0900735
0.270432
0.451423
0.633462
0.816949
1.00225
1.18966
1.37928
1.57089
1.76344
1.9542
2.13677
2.29767
2.41724
2.54256
0.0925753
0.277918
0.463833
0.650691
0.83884
1.02857
1.22005
1.41319
1.60728
1.8003
1.98716
2.15517
2.27047
2.22714
1.61172
0.094949
0.285021
0.475614
0.667062
0.859681
1.05373
1.24937
1.44649
1.64446
1.84149
2.03328
2.21034
2.35349
2.43445
2.49207
0.0972069
0.291779
0.486827
0.68266
0.879578
1.07786
1.27771
1.47926
1.68235
1.88637
2.08973
2.28921
2.47976
2.65813
2.8364
0.0993598
0.298224
0.497521
0.697542
0.898581
1.10094
1.30495
1.51101
1.71966
1.93176
2.14895
2.37443
2.6146
2.882
3.20671
0.101418
0.304384
0.507741
0.711757
0.916717
1.12294
1.33084
1.54104
1.75461
1.97367
2.20249
2.4496
2.73063
3.06622
3.43943
0.103391
0.310288
0.51753
0.725358
0.934026
1.14384
1.3552
1.56879
1.78583
2.00887
2.2434
2.50135
2.80889
3.22448
3.89148
0.10529
0.315968
0.526943
0.738414
0.950593
1.16372
1.37809
1.5942
1.81293
2.03616
2.26814
2.51882
2.81222
3.20832
3.86725
0.107126
0.32146
0.536038
0.751019
0.966555
1.18279
1.39985
1.61786
1.83697
2.05744
2.27999
2.50679
2.74433
3.0098
3.32752
0.108911
0.326798
0.544882
0.76328
0.982086
1.20135
1.42101
1.64083
1.86013
2.07734
2.28899
2.48746
2.65712
2.77516
2.89389
0.110655
0.332018
0.553536
0.775298
0.997355
1.21969
1.44214
1.66423
1.88479
2.10117
2.30723
2.48831
2.60584
2.54019
1.82591
0.112367
0.337146
0.562051
0.787151
1.01248
1.23802
1.46359
1.68874
1.91241
2.13221
2.34291
2.53345
2.68184
2.75579
2.79796
0.114055
0.342203
0.570459
0.798886
1.02752
1.25638
1.4854
1.71436
1.94279
2.16962
2.3927
2.60803
2.80959
2.99363
3.17491
0.115723
0.347203
0.578779
0.810514
1.04247
1.27471
1.50731
1.74042
1.97433
2.20968
2.44794
2.69233
2.94963
3.23352
3.57689
0.117374
0.352152
0.587017
0.822031
1.05727
1.29284
1.52894
1.766
2.00493
2.24778
2.49901
2.76782
3.07132
3.43227
3.83174
0.119011
0.357057
0.59518
0.833435
1.07189
1.31067
1.54998
1.79034
2.03286
2.28013
2.53795
2.81936
3.15322
3.60442
4.33238
0.120636
0.361927
0.603281
0.844739
1.08635
1.32818
1.57038
1.81325
2.05758
2.30521
2.56061
2.83463
3.15376
3.58456
4.30507
0.122251
0.366771
0.611339
0.85598
1.1007
1.34551
1.59036
1.83522
2.08006
2.32494
2.57045
2.81875
3.07683
3.36369
3.70674
0.123861
0.371598
0.619376
0.867203
1.11506
1.36286
1.61042
1.85729
2.10256
2.34431
2.57845
2.79625
2.98001
3.10396
3.22591
0.125466
0.376415
0.627406
0.878448
1.1295
1.38046
1.63101
1.88052
2.12757
2.36903
2.59789
2.79757
2.92477
2.84576
2.04121
0.127066
0.381219
0.635431
0.889723
1.14407
1.39839
1.6524
1.90554
2.15651
2.40254
2.63768
2.84937
3.01281
3.09157
3.13285
0.128655
0.385998
0.64343
0.900999
1.15873
1.41659
1.67448
1.93213
2.18894
2.44368
2.69385
2.93486
3.15972
3.36355
3.56051
0.130229
0.390731
0.651362
0.912205
1.17334
1.43483
1.69679
1.95936
2.22287
2.48803
2.75646
3.03173
3.32133
3.64045
4.02626
0.131778
0.395391
0.659176
0.923251
1.18774
1.45282
1.71874
1.98602
2.25571
2.53016
2.81439
3.11878
3.46257
3.87118
4.32179
0.133293
0.399949
0.666818
0.934047
1.2018
1.47028
1.73983
2.01106
2.28532
2.56556
2.85841
3.17861
3.55888
4.07292
4.90255
0.134763
0.404374
0.674237
0.944521
1.2154
1.48707
1.7598
2.03407
2.31083
2.59228
2.88352
3.19689
3.56242
4.05566
4.87809
0.136181
0.40864
0.681391
0.95462
1.2285
1.50318
1.77878
2.05541
2.33315
2.61224
2.89338
3.1791
3.47735
3.80996
4.20943
0.137535
0.41272
0.688242
0.964308
1.24109
1.51871
1.79712
2.07603
2.35461
2.63082
2.90015
3.15277
3.3685
3.51798
3.66672
0.138816
0.416581
0.69474
0.973536
1.25317
1.53374
1.81516
2.09696
2.37775
2.65423
2.91863
3.15221
3.30573
3.22666
2.32207
0.140009
0.420184
0.700824
0.982222
1.26463
1.54823
1.83302
2.11864
2.40395
2.68609
2.95858
3.20741
3.40454
3.50874
3.57439
0.141098
0.423478
0.706407
0.990242
1.27532
1.56196
1.85037
2.14061
2.43239
2.72468
3.01505
3.29867
3.56795
3.81775
4.06408
0.142065
0.426407
0.711386
0.997433
1.28499
1.57451
1.8665
2.16157
2.46052
2.76465
3.07629
3.40004
3.74499
4.12928
4.59676
0.14289
0.428908
0.71565
1.00361
1.29333
1.5854
1.88057
2.17989
2.48511
2.79945
3.1292
3.4868
3.89482
4.38319
4.92811
0.143552
0.430922
0.71909
1.00861
1.30009
1.5942
1.89181
2.19418
2.50344
2.82358
3.16283
3.53867
3.98894
4.59797
5.57212
0.144036
0.432395
0.721614
1.01229
1.30506
1.60061
1.8998
2.20376
2.51425
2.8345
3.17115
3.53899
3.97289
4.55934
5.52909
0.144327
0.433283
0.72315
1.01455
1.30813
1.60456
1.90454
2.20885
2.51833
2.83409
3.15789
3.49359
3.851
4.25466
4.73621
0.144412
0.433553
0.723645
1.01533
1.30927
1.60608
1.90634
2.2104
2.51811
2.82813
3.13646
3.43324
3.69706
3.89603
4.10399
0.144282
0.433174
0.723054
1.01459
1.30845
1.60526
1.90555
2.20947
2.51633
2.82339
3.12312
3.39591
3.58821
3.53127
2.56434
0.143928
0.432123
0.721335
1.01226
1.30561
1.60209
1.90229
2.20655
2.51444
2.82379
3.12857
3.41461
3.65247
3.79857
3.91486
0.143345
0.430377
0.718447
1.00828
1.30065
1.59636
1.89627
2.20116
2.51157
2.82738
3.14711
3.46689
3.78051
4.0867
4.41557
0.142527
0.427922
0.714354
1.00257
1.29339
1.58778
1.88685
2.19199
2.50498
2.82829
3.16567
3.52356
3.9138
4.35917
4.90952
0.141477
0.424759
0.709044
0.995073
1.2837
1.57598
1.87326
2.17742
2.49128
2.81945
3.17005
3.55786
4.00889
4.55884
5.19723
0.140203
0.420909
0.702542
0.985799
1.27151
1.56075
1.85493
2.15615
2.46768
2.79509
3.14863
3.54838
4.03533
4.69721
5.73946
0.138723
0.416427
0.694929
0.974844
1.25692
1.54212
1.83177
2.12777
2.43309
2.7526
3.09519
3.47843
3.94037
4.57156
5.61597
0.137066
0.411399
0.686353
0.962414
1.24018
1.52044
1.80423
2.09297
2.38867
2.69413
3.01358
3.35394
3.72793
4.15905
4.65679
0.135274
0.40595
0.677025
0.948822
1.22175
1.49634
1.77328
2.05339
2.3375
2.62598
2.91752
3.20619
3.47585
3.70036
3.95361
0.133396
0.400233
0.667212
0.934467
1.20219
1.47064
1.74016
2.01106
2.28333
2.55573
2.82349
3.07173
3.25516
3.22181
2.35999
0.131491
0.394424
0.657221
0.919809
1.18215
1.44424
1.70612
1.96782
2.22908
2.48873
2.74307
2.98238
3.18503
3.31866
3.4457
0.12962
0.388719
0.647389
0.905345
1.1623
1.41801
1.67225
1.92491
2.17598
2.42544
2.67313
2.91857
3.16285
3.42018
3.76233
0.127851
0.383318
0.638067
0.891591
1.14335
1.39282
1.6395
1.88315
2.12401
2.36341
2.60477
2.85566
3.13165
3.46284
3.89907
0.126248
0.378422
0.629606
0.879076
1.12603
1.36958
1.60889
1.84334
2.07308
2.30002
2.52982
2.77536
3.06216
3.43262
3.92922
0.124871
0.374219
0.622346
0.868326
1.11107
1.34932
1.58168
1.80684
2.02412
2.23468
2.44396
2.66648
2.9346
3.31487
3.93659
0.123771
0.370869
0.616588
0.859833
1.09926
1.33317
1.55949
1.77583
1.97984
2.17023
2.34896
2.52597
2.72921
3.02949
3.62943
0.122979
0.368483
0.612553
0.854005
1.09129
1.32231
1.54425
1.75339
1.94504
2.1139
2.25517
2.36731
2.45645
2.53608
2.56599
0.122505
0.367095
0.610344
0.85108
1.08767
1.31777
1.53792
1.7431
1.92607
2.07673
2.18165
2.22466
2.19034
2.07723
1.96717
0.122323
0.36664
0.609883
0.851036
1.08858
1.32014
1.54199
1.74823
1.92955
2.07135
2.15116
2.13577
1.97895
1.61631
0.904052
0.122371
0.366933
0.610874
0.853502
1.09364
1.32926
1.55691
1.77068
1.96048
2.10901
2.1868
2.14515
1.91053
1.39822
0.601951
0.122545
0.367656
0.612775
0.857696
1.10183
1.34392
1.58146
1.80977
2.02007
2.19581
2.30541
2.28859
2.03495
1.37735
0.275356
0.122703
0.368373
0.614813
0.862432
1.11145
1.36172
1.61242
1.86137
2.10368
2.32857
2.51187
2.59655
2.43993
1.66507
-0.741651
0.122676
0.368555
0.616029
0.866191
1.12019
1.37922
1.64459
1.91759
2.1994
2.49026
2.78684
3.07213
3.27421
3.08601
1.12619
0.122282
0.367628
0.615373
0.867279
1.12541
1.39231
1.67143
1.96771
2.28886
2.64802
3.06977
3.60558
4.37939
5.73693
8.78378
8.61949
5.42727
4.04875
3.28637
2.77285
2.37767
2.04684
1.75468
1.48755
1.23743
0.999248
0.769549
0.545789
0.325971
0.108412
0.506164
2.63457
2.88138
2.71617
2.46392
2.19988
1.94142
1.69171
1.45033
1.21605
0.987554
0.7636
0.543063
0.324903
0.108147
-1.43405
1.14861
2.00008
2.20639
2.16318
2.01824
1.82996
1.62295
1.40818
1.19066
0.9727
0.755275
0.538682
0.322859
0.107559
-0.211175
0.864838
1.56676
1.86987
1.93312
1.86671
1.73152
1.55962
1.36794
1.16557
0.957472
0.74637
0.533762
0.320449
0.106843
-0.0288158
0.840832
1.41036
1.69997
1.79313
1.76298
1.65859
1.51003
1.33513
1.14447
0.944326
0.738508
0.529332
0.318243
0.10618
0.278962
1.02524
1.44837
1.66653
1.73881
1.71081
1.61636
1.47874
1.31328
1.12994
0.935123
0.732978
0.52623
0.316714
0.105725
1.22531
1.43407
1.62875
1.73444
1.75415
1.70482
1.60413
1.46678
1.30386
1.12339
0.931013
0.730647
0.525054
0.316208
0.10559
1.76769
1.85271
1.87096
1.86213
1.81747
1.73452
1.61738
1.47257
1.30664
1.12513
0.932457
0.731954
0.526142
0.316936
0.105846
2.74535
2.31776
2.13201
2.01477
1.90742
1.78799
1.64986
1.49307
1.32024
1.13465
0.939348
0.736956
0.529594
0.318977
0.106523
3.06624
2.61493
2.34554
2.16061
2.00579
1.85447
1.69531
1.52471
1.34274
1.15091
0.95118
0.745423
0.535316
0.322298
0.107613
3.1925
2.78582
2.50046
2.2856
2.10176
1.92643
1.74872
1.56428
1.3721
1.1727
0.967214
0.756924
0.54307
0.326781
0.109081
3.23107
2.8725
2.60649
2.3891
2.19185
2.00007
1.80683
1.60925
1.4065
1.19874
0.986604
0.770917
0.552526
0.332252
0.110872
3.20212
2.89498
2.67879
2.47868
2.2782
2.07473
1.86797
1.65785
1.4444
1.22784
1.00849
0.786806
0.563302
0.338498
0.112919
2.96733
2.85435
2.73997
2.56861
2.36665
2.1517
1.93147
1.70878
1.48452
1.2589
1.03201
0.80398
0.574993
0.345291
0.115146
2.06577
2.81476
2.84076
2.67986
2.46417
2.23236
1.99669
1.76084
1.5256
1.29087
1.05636
0.82184
0.587197
0.352398
0.11748
3.51326
3.27731
3.0714
2.82924
2.57293
2.31574
2.06207
1.81252
1.56637
1.32272
1.08073
0.83981
0.599524
0.359596
0.119848
4.16601
3.71907
3.32725
2.98854
2.68236
2.39669
2.12463
1.86185
1.60546
1.35344
1.1044
0.85736
0.611617
0.36668
0.122181
5.07713
4.12264
3.54627
3.12535
2.77763
2.46824
2.18078
1.90679
1.64154
1.38214
1.12672
0.874031
0.623168
0.373471
0.124421
5.21379
4.26371
3.6574
3.21143
2.84633
2.52459
2.2276
1.94571
1.6736
1.4081
1.14718
0.889458
0.633927
0.379822
0.126521
4.76273
4.16616
3.65728
3.24145
2.885
2.56379
2.26397
1.97789
1.70112
1.43093
1.16546
0.903389
0.643714
0.385627
0.128444
4.52191
4.00782
3.59262
3.23033
2.89927
2.58816
2.29084
2.00364
1.72413
1.45051
1.1814
0.915685
0.65242
0.390814
0.130167
4.09959
3.78091
3.49129
3.19762
2.89975
2.60301
2.31073
2.02411
1.74308
1.46701
1.19504
0.926307
0.659993
0.395347
0.131676
3.64929
3.53393
3.39285
3.16794
2.89952
2.61478
2.32672
2.04074
1.75865
1.4807
1.20646
0.935279
0.66643
0.399217
0.132966
2.40441
3.3049
3.35271
3.1686
2.91069
2.62891
2.34132
2.05471
1.7714
1.49187
1.21581
0.94266
0.671754
0.402429
0.13404
3.87371
3.6681
3.4737
3.22063
2.93851
2.64711
2.35527
2.06644
1.78159
1.50066
1.22318
0.948514
0.676003
0.405006
0.134903
4.48406
4.02363
3.63552
3.29295
2.97288
2.66565
2.36719
2.07545
1.7891
1.50712
1.22864
0.952903
0.679225
0.406975
0.135566
5.26016
4.32905
3.76578
3.34977
2.99841
2.67815
2.3745
2.08078
1.79364
1.51119
1.23224
0.955898
0.681478
0.408374
0.13604
5.313
4.37915
3.79389
3.36184
3.00243
2.67917
2.37496
2.08159
1.79497
1.51289
1.23406
0.957596
0.682842
0.409253
0.136343
4.71785
4.18729
3.71571
3.32361
2.98144
2.66702
2.36794
2.07777
1.7932
1.5124
1.23429
0.958142
0.683421
0.409674
0.136496
4.41006
3.95461
3.58245
3.25081
2.94127
2.64427
2.35478
2.07014
1.78888
1.51009
1.23319
0.957734
0.683351
0.409716
0.136523
3.91001
3.66421
3.42114
3.1628
2.89247
2.61635
2.3383
2.06022
1.78289
1.50653
1.23115
0.956617
0.682786
0.409465
0.136453
3.44206
3.37203
3.27056
3.08324
2.84779
2.58981
2.3219
2.04985
1.77629
1.50235
1.22855
0.955054
0.681894
0.409014
0.136317
2.23423
3.10182
3.17969
3.03723
2.81885
2.57021
2.30841
2.0406
1.77
1.49815
1.22579
0.953296
0.680833
0.408452
0.136142
3.52706
3.38015
3.24189
3.0441
2.81101
2.55982
2.29916
2.03335
1.76465
1.49435
1.22317
0.951556
0.679743
0.407857
0.135953
4.03889
3.65258
3.34552
3.07563
2.81583
2.55606
2.29355
2.02816
1.76049
1.49121
1.22091
0.949993
0.67873
0.40729
0.135771
4.64686
3.87009
3.42344
3.1003
2.82073
2.55426
2.29001
2.02463
1.75749
1.48885
1.21913
0.948709
0.677868
0.406794
0.135609
4.63197
3.85848
3.4157
3.09485
2.81661
2.55099
2.28732
2.02238
1.75562
1.4873
1.21789
0.947757
0.677195
0.406394
0.135476
3.97126
3.61733
3.3234
3.05996
2.80383
2.54641
2.28557
2.02147
1.75488
1.48659
1.2172
0.947145
0.676717
0.406091
0.135372
3.4527
3.33465
3.21006
3.02013
2.79203
2.54426
2.28614
2.02235
1.7554
1.48669
1.21702
0.946835
0.676406
0.405869
0.135293
2.19226
3.05664
3.1422
3.00695
2.79399
2.54937
2.29069
2.02549
1.75722
1.48754
1.21725
0.94674
0.676199
0.405693
0.135225
3.37645
3.31959
3.22777
3.04789
2.81802
2.56429
2.29984
2.03084
1.7601
1.48887
1.21768
0.94671
0.676
0.405506
0.135153
3.83774
3.60694
3.37458
3.12373
2.85873
2.58671
2.3122
2.03746
1.76339
1.49024
1.21801
0.946545
0.675681
0.405241
0.135052
4.3376
3.89554
3.53432
3.20955
2.90443
2.61091
2.32479
2.04368
1.7661
1.49106
1.21786
0.946007
0.675097
0.404818
0.1349
4.63885
4.12813
3.66887
3.28191
2.94218
2.63005
2.33396
2.04752
1.76711
1.49065
1.21684
0.944856
0.674108
0.404163
0.134672
5.20759
4.32515
3.75334
3.32165
2.96089
2.6381
2.33651
2.04723
1.76546
1.48847
1.21462
0.94289
0.672591
0.403211
0.134348
5.18466
4.30662
3.74063
3.31232
2.95333
2.63152
2.33056
2.04181
1.76057
1.48416
1.21097
0.939977
0.670467
0.401919
0.133914
4.53516
4.07154
3.63245
3.25502
2.92006
2.61054
2.31619
2.03124
1.7524
1.47769
1.20587
0.936077
0.667705
0.400269
0.133365
4.21439
3.81959
3.48158
3.1684
2.86922
2.57908
2.29537
2.01651
1.74143
1.46928
1.1994
0.931237
0.664326
0.398267
0.132701
3.72904
3.52836
3.31361
3.07219
2.81221
2.54323
2.27124
1.99924
1.7285
1.45937
1.1918
0.925573
0.660387
0.39594
0.131931
3.28432
3.24702
3.1643
2.98903
2.76153
2.50953
2.24718
1.98117
1.71451
1.44843
1.18333
0.919228
0.655965
0.393326
0.131066
2.14907
2.99737
3.07937
2.94229
2.72799
2.48308
2.22571
1.96362
1.7002
1.43689
1.17423
0.912342
0.651142
0.390468
0.130119
3.40964
3.27999
3.14668
2.94935
2.7158
2.46534
2.20759
1.94707
1.68588
1.42497
1.16466
0.905021
0.645983
0.387402
0.129102
3.92766
3.56528
3.25854
2.98173
2.71547
2.45274
2.19144
1.93104
1.67146
1.41268
1.15467
0.897328
0.640539
0.384158
0.128025
4.58423
3.81206
3.34974
3.00693
2.71279
2.43923
2.17473
1.91451
1.65654
1.39993
1.14427
0.889295
0.634843
0.380759
0.126895
4.62428
3.84381
3.35806
2.99849
2.69593
2.41948
2.15512
1.89649
1.64075
1.3866
1.13344
0.880943
0.628922
0.377225
0.12572
4.10916
3.67105
3.27889
2.95061
2.66103
2.39142
2.13158
1.87653
1.62392
1.37265
1.1222
0.872305
0.622805
0.373576
0.124507
3.84507
3.46651
3.15548
2.876
2.61238
2.35663
2.10479
1.85496
1.60623
1.35819
1.11063
0.863435
0.61653
0.369832
0.123263
3.42383
3.2152
3.01029
2.79053
2.55834
2.31919
2.07667
1.83268
1.58813
1.34345
1.09885
0.854409
0.610138
0.366017
0.121994
3.01957
2.96142
2.87553
2.71382
2.50923
2.28414
2.04963
1.81085
1.57018
1.32873
1.08702
0.845303
0.603672
0.362149
0.120706
1.96629
2.72705
2.79351
2.66704
2.47445
2.25569
2.02561
1.79041
1.55285
1.31425
1.07525
0.836175
0.59716
0.358242
0.119404
3.11574
2.97494
2.84557
2.66632
2.45794
2.23515
2.00521
1.77166
1.5363
1.3001
1.06358
0.827046
0.590607
0.354297
0.118087
3.57068
3.215
2.93235
2.68597
2.45153
2.21964
1.98739
1.75423
1.5204
1.28622
1.05199
0.817887
0.583991
0.350298
0.116749
4.11218
3.40446
2.99403
2.69746
2.44345
2.20445
1.97024
1.73735
1.50479
1.27243
1.04035
0.808622
0.577261
0.346216
0.11538
4.09717
3.3876
2.97676
2.67952
2.42503
2.18598
1.95224
1.72029
1.48911
1.25851
1.02852
0.79914
0.570339
0.342002
0.113966
3.50611
3.1634
2.88071
2.63202
2.39596
2.1639
1.93304
1.70275
1.47309
1.24423
1.0163
0.789295
0.563119
0.337595
0.112484
3.03894
2.89764
2.76117
2.57588
2.36418
2.14103
1.9135
1.68484
1.45657
1.22937
1.00349
0.778908
0.555473
0.332916
0.110909
1.90692
2.62864
2.67562
2.53819
2.34045
2.12126
1.89479
1.66671
1.43936
1.21365
0.98981
0.767764
0.547242
0.327869
0.109209
2.92227
2.82831
2.7182
2.54251
2.3317
2.10658
1.87724
1.64813
1.42108
1.19667
0.974934
0.755596
0.538236
0.322342
0.107346
3.29569
3.03929
2.8064
2.57135
2.33298
2.09488
1.85957
1.62818
1.40101
1.1779
0.958434
0.742087
0.528236
0.316204
0.105277
3.65864
3.23407
2.89618
2.6026
2.33415
2.0813
1.83922
1.60536
1.37819
1.15664
0.939812
0.726878
0.516995
0.309311
0.102956
3.85693
3.36875
2.95527
2.61653
2.32458
2.06029
1.81322
1.57793
1.3515
1.13214
0.91853
0.709581
0.50425
0.30151
0.10033
4.21017
3.45166
2.96256
2.59808
2.29589
2.02738
1.77907
1.54441
1.31997
1.10368
0.894054
0.689803
0.489727
0.292639
0.0973463
4.10418
3.34759
2.8834
2.53647
2.24388
1.98048
1.73549
1.50384
1.28283
1.07066
0.86588
0.667154
0.47315
0.282532
0.0939507
3.39039
3.04058
2.72289
2.43724
2.17165
1.92086
1.68268
1.45593
1.23959
1.03253
0.833542
0.641255
0.454243
0.271023
0.0900868
2.88184
2.71134
2.54025
2.32416
2.08922
1.85251
1.62198
1.40085
1.18994
0.988861
0.796582
0.611722
0.432722
0.25794
0.0856974
1.74767
2.3826
2.38892
2.22426
2.00809
1.7799
1.55479
1.3387
1.1335
0.939119
0.754506
0.578145
0.40829
0.243105
0.0807233
2.59997
2.49046
2.35639
2.16021
1.93538
1.70518
1.48138
1.26904
1.0696
0.882629
0.706734
0.540077
0.380635
0.226333
0.0751039
2.88813
2.61545
2.36707
2.11612
1.86645
1.62605
1.40006
1.19046
0.997082
0.818482
0.652577
0.497024
0.349428
0.20744
0.0687791
3.12573
2.72363
2.37957
2.07124
1.79114
1.53695
1.30737
1.10065
0.914337
0.745554
0.591262
0.448469
0.314345
0.186247
0.0616926
3.26474
2.79156
2.36733
2.00683
1.69788
1.43079
1.19885
0.996698
0.819453
0.662596
0.521987
0.393916
0.275096
0.162605
0.0537982
3.54756
2.82557
2.3109
1.90667
1.57562
1.30025
1.06968
0.875477
0.710442
0.568384
0.444031
0.33296
0.231466
0.136414
0.0450679
3.47709
2.71565
2.17785
1.75575
1.41474
1.13862
0.915277
0.734021
0.585504
0.461903
0.356874
0.26537
0.183377
0.107658
0.035501
2.98285
2.45049
1.96452
1.54858
1.20887
0.940367
0.731663
0.569845
0.443285
0.342546
0.260346
0.19119
0.130943
0.076436
0.0251353
2.59791
2.15316
1.70263
1.28854
0.95361
0.70065
0.515508
0.381189
0.283145
0.210331
0.154774
0.110836
0.0745323
0.0429934
0.014056
1.72675
1.85991
1.41547
0.973592
0.641526
0.413932
0.264096
0.167346
0.105486
0.0661364
0.0411416
0.0251889
0.014819
0.00774806
0.00240433
3.16141
1.96781
1.12661
0.582373
0.256999
0.0733541
-0.0241031
-0.0707079
-0.0878079
-0.0880285
-0.0787693
-0.0643325
-0.0471823
-0.0286946
-0.00961894
3.82892
1.83102
0.631595
0.0390274
-0.225896
-0.326914
-0.347498
-0.329202
-0.292814
-0.248779
-0.202278
-0.155738
-0.110111
-0.0655441
-0.0217546
5.21491
1.1397
-0.28469
-0.732151
-0.822704
-0.782925
-0.697768
-0.600191
-0.503105
-0.411239
-0.325816
-0.246511
-0.172301
-0.101852
-0.0336943
1.97437
-1.3926
-1.87907
-1.75141
-1.51018
-1.2704
-1.05656
-0.870772
-0.709744
-0.569219
-0.445109
-0.33375
-0.231882
-0.136568
-0.0450998
-10.8852
-5.92505
-3.89962
-2.8496
-2.19669
-1.73982
-1.39579
-1.12409
-0.902118
-0.715794
-0.555552
-0.414403
-0.286914
-0.168617
-0.0556265
0.121177
0.364554
0.611078
0.86313
1.12359
1.3962
1.68619
2.0014
2.35444
2.76711
3.28033
3.97845
5.05694
7.03267
11.4771
0.119023
0.358277
0.601253
0.850782
1.1103
1.38427
1.67886
2.00311
2.37084
2.80423
3.33992
4.03917
4.99969
6.33754
7.93535
0.115659
0.348273
0.584866
0.828431
1.08254
1.3517
1.64189
1.96136
2.32168
2.73915
3.23591
3.83831
4.56505
5.3815
6.06511
0.111001
0.334284
0.561493
0.79552
1.03971
1.29808
1.57567
1.87883
2.21546
2.59486
3.02613
3.51306
4.04197
4.55811
4.93033
0.105058
0.316363
0.531288
0.75243
0.982662
1.22525
1.48393
1.7629
2.06658
2.39871
2.76028
3.14502
3.53232
3.8793
4.11806
0.097923
0.294809
0.494847
0.700222
0.913236
1.13631
1.37191
1.62238
1.88945
2.17332
2.47098
2.77332
3.06191
3.30762
3.47427
0.0897422
0.270093
0.453047
0.640346
0.833716
1.0348
1.24504
1.46536
1.69577
1.9346
2.17737
2.4153
2.63414
2.81473
2.93649
0.0806919
0.242763
0.406884
0.574371
0.746439
0.924105
1.10803
1.29825
1.49383
1.69231
1.88911
2.07684
2.24504
2.38113
2.47271
0.0709515
0.213376
0.357341
0.503793
0.653527
0.807095
0.964647
1.12572
1.28896
1.4518
1.61016
1.7582
1.88842
1.99246
2.06255
0.0606872
0.18244
0.305301
0.429911
0.556755
0.686062
0.817685
0.950937
1.0844
1.21574
1.34159
1.4575
1.55814
1.6379
1.69183
0.0500427
0.150391
0.251498
0.353779
0.457497
0.562685
0.669057
0.775886
0.881887
0.985118
1.08294
1.17206
1.24875
1.30924
1.3503
0.0391349
0.117578
0.196515
0.276196
0.356747
0.438103
0.519946
0.601628
0.682099
0.759854
0.832939
0.899017
0.955531
0.999983
1.03028
0.0280545
0.0842699
0.140785
0.19774
0.25518
0.313014
0.370969
0.428546
0.484977
0.539201
0.589883
0.635468
0.674302
0.704797
0.725647
0.0168693
0.0506646
0.0846183
0.118798
0.153214
0.187794
0.222358
0.256594
0.290036
0.322058
0.351885
0.378628
0.401356
0.419192
0.431423
-32282.2
-32246.6
-32211
-32175.4
-32140
-32104.6
-32069.4
-32034.3
-31999.4
-31964.7
-31930.2
-31896
-31862
-31828.3
-31794.9
14.7473
-8.28333
21.8667
-0.779005
21.4071
3.26673
-14.9781
7.76364
-15.5831
19.9722
-3.84066
19.7625
-0.922107
18.2544
1.84485
-14.6281
5.51446
-15.3917
16.0404
-4.90048
15.6907
-0.767517
-17.0628
1.96629
-18.409
4.52832
-18.8598
16.2155
-6.71238
15.8593
-1.94853
-19.5067
1.14889
-20.7497
3.99612
-21.1165
16.6019
-8.03026
16.2402
-2.9545
-21.9591
0.383876
-23.5653
3.6443
-24.2902
18.3109
-9.87364
18.4637
-6.00567
17.0154
-2.45165
-22.0706
2.15519
-22.9415
15.0278
-10.2842
14.6855
-5.39593
-25.4301
-2.09082
-27.4623
1.20171
-28.295
16.1315
-13.1151
15.7929
-7.26097
-30.253
-3.18335
-32.3858
1.03198
-33.0277
18.8498
-14.9776
18.9935
-7.65712
-34.2581
-2.18699
-36.0375
3.63254
-35.7486
25.1971
-13.6118
26.0857
-3.96651
-33.5952
4.32145
-32.1532
17.5351
-18.4521
7.86726
4.31114
8.73368
5.95099
8.20664
3.42618
-1.25984
1.41132
-0.676736
5.75804
3.91124
7.52843
4.75023
6.44989
1.94862
-2.44187
-0.262168
-2.34923
3.07504
1.02551
3.33819
-0.987473
-5.4421
-3.74918
-6.50204
-3.0091
-4.82353
1.54868
-0.452137
2.25946
-2.29121
-7.00095
-5.07243
-7.95858
-4.13212
-6.03016
0.858938
-1.26062
1.67591
-3.21038
-8.27183
-6.14782
-9.23383
-4.91303
-6.82951
1.24529
-0.645721
3.9205
0.820778
3.01941
-2.21615
-7.35083
-4.64368
-7.08201
-0.489386
-2.94894
-0.150574
-5.44859
-10.9277
-8.87755
-12.322
-7.96942
-10.272
-2.22401
-4.81766
-1.39562
-7.33736
-13.4974
-10.9712
-14.7844
-9.55176
-12.0287
-2.46201
-5.2631
-1.03526
-7.71895
-14.635
-11.3523
-15.4726
-8.95141
-11.46
0.0997385
-2.72673
2.60489
-4.56993
-11.9163
-7.48727
-11.4881
-3.8212
-9.21196
6.01816
5.4155
5.97523
5.42492
5.13724
3.44877
1.86321
1.91129
1.95573
3.46817
3.79386
4.50245
3.97326
3.57341
1.89163
0.282056
0.103977
-0.124351
0.870449
0.668461
0.543363
-1.02322
-2.67533
-3.06427
-3.59056
-2.90555
-2.57768
-1.06269
-0.97948
-0.884502
-2.40656
-4.05605
-4.3624
-4.83541
-4.01888
-3.59914
-1.91341
-1.77357
-1.6253
-3.21585
-4.93337
-5.1789
-5.56991
-4.49046
-3.75802
-1.47125
-0.717915
0.414561
0.0159465
-0.27293
-2.12753
-3.92494
-4.03458
-4.22869
-2.9729
-3.18661
-3.32921
-5.24195
-7.26869
-7.75348
-8.41078
-7.55834
-7.15528
-5.25661
-5.18402
-5.10143
-7.10042
-9.25132
-9.63144
-10.2101
-9.03465
-8.3733
-5.96501
-5.67109
-5.35213
-7.44685
-9.69903
-9.85812
-10.2319
-8.53303
-7.43035
-4.2819
-3.58978
-2.86703
-4.92668
-7.19445
-7.15719
-7.62485
-6.37433
-7.14428
4.97632
4.84716
4.81636
4.52187
4.08622
3.32441
2.63516
2.41782
2.47573
2.88864
3.12659
3.26035
3.01158
2.54448
1.73222
0.946311
0.544143
0.340955
0.390947
0.202462
-0.173937
-0.934013
-1.72563
-2.17974
-2.4214
-2.28581
-2.03934
-1.61033
-1.52181
-1.69796
-2.3364
-3.0433
-3.41035
-3.56717
-3.33224
-2.9891
-2.45764
-2.29662
-2.42057
-3.03648
-3.71255
-3.99851
-4.02149
-3.56619
-2.92283
-1.97769
-1.33414
-0.884658
-0.944993
-1.30873
-2.11939
-2.92758
-3.30202
-3.4614
-3.33855
-3.52492
-3.95712
-4.86941
-5.82847
-6.37936
-6.672
-6.49856
-6.19072
-5.65809
-5.5633
-5.80829
-6.64328
-7.55377
-8.00441
-8.16041
-7.776
-7.23234
-6.4221
-6.11401
-6.19216
-6.94692
-7.77604
-8.05368
-7.97511
-7.25517
-6.34576
-5.12553
-4.49611
-4.33151
-4.98296
-5.79118
-6.09955
-6.23546
-6.01768
-6.05562
4.18115
4.13767
4.03762
3.82251
3.50523
3.09599
2.728
2.52847
2.48503
2.56158
2.60985
2.56955
2.36475
2.01302
1.53537
1.05849
0.698327
0.442233
0.255385
0.00756482
-0.338248
-0.798873
-1.26141
-1.60058
-1.79491
-1.82517
-1.76328
-1.66712
-1.68248
-1.84522
-2.16718
-2.51942
-2.7605
-2.86252
-2.80091
-2.64972
-2.46794
-2.40883
-2.50693
-2.76999
-3.05303
-3.1963
-3.16134
-2.91228
-2.52174
-2.04941
-1.67043
-1.44929
-1.46857
-1.70048
-2.11434
-2.55439
-2.87874
-3.10014
-3.25849
-3.5088
-3.89325
-4.42913
-4.97559
-5.37674
-5.60402
-5.63197
-5.54954
-5.42875
-5.45292
-5.66518
-6.07707
-6.51804
-6.80137
-6.88865
-6.74643
-6.47498
-6.15583
-6.00044
-6.05756
-6.3396
-6.64692
-6.76194
-6.64165
-6.24994
-5.70857
-5.11818
-4.73282
-4.62059
-4.81324
-5.10742
-5.29004
-5.35542
-5.29313
-5.20705
3.52945
3.50777
3.42267
3.26824
3.05455
2.80596
2.57596
2.41199
2.31907
2.27269
2.21802
2.11294
1.92672
1.66005
1.33446
0.999599
0.699587
0.440666
0.204444
-0.0494718
-0.340555
-0.664362
-0.978306
-1.23351
-1.40826
-1.50085
-1.54027
-1.56705
-1.6347
-1.767
-1.95817
-2.15946
-2.31477
-2.39742
-2.40251
-2.35831
-2.30553
-2.29861
-2.35969
-2.47866
-2.59867
-2.65463
-2.61333
-2.46593
-2.24221
-1.99043
-1.78318
-1.67139
-1.68959
-1.83381
-2.07513
-2.3513
-2.60711
-2.83306
-3.04937
-3.30278
-3.61456
-3.97676
-4.33503
-4.62753
-4.82601
-4.92721
-4.96638
-4.99341
-5.07437
-5.23717
-5.47151
-5.71171
-5.88299
-5.94958
-5.9051
-5.7884
-5.65577
-5.58278
-5.60092
-5.69766
-5.79636
-5.81062
-5.70054
-5.46162
-5.14334
-4.81684
-4.57746
-4.47175
-4.49832
-4.58509
-4.64996
-4.65948
-4.60306
-4.49396
2.98075
2.96871
2.907
2.79878
2.65359
2.4886
2.32825
2.19256
2.08545
1.99507
1.89808
1.77248
1.60381
1.39118
1.14612
0.889717
0.640845
0.405557
0.178117
-0.0538646
-0.296635
-0.544965
-0.78073
-0.98324
-1.14092
-1.25411
-1.33648
-1.40917
-1.49488
-1.60507
-1.73569
-1.86682
-1.97476
-2.04512
-2.07618
-2.08041
-2.07823
-2.09159
-2.13022
-2.18698
-2.23765
-2.25416
-2.2192
-2.1306
-2.00415
-1.86841
-1.7595
-1.70737
-1.73018
-1.82834
-1.98673
-2.17852
-2.37948
-2.58079
-2.78777
-3.01367
-3.26417
-3.53095
-3.79006
-4.01456
-4.18892
-4.31255
-4.40149
-4.48115
-4.57871
-4.70684
-4.85823
-5.00532
-5.11603
-5.17106
-5.16835
-5.12529
-5.07038
-5.03441
-5.03161
-5.05335
-5.06786
-5.03877
-4.94536
-4.7879
-4.59029
-4.39039
-4.22995
-4.13274
-4.09705
-4.09461
-4.08977
-4.05856
-3.98874
-3.8769
2.50799
2.50186
2.45905
2.38336
2.28197
2.16542
2.04594
1.93293
1.8287
1.72799
1.62035
1.49511
1.34527
1.17015
0.975265
0.770151
0.563723
0.360346
0.159551
-0.0414722
-0.243435
-0.442366
-0.629724
-0.796202
-0.936277
-1.05041
-1.14527
-1.23118
-1.31842
-1.41233
-1.51105
-1.60617
-1.68744
-1.748
-1.78707
-1.81029
-1.8271
-1.84678
-1.87322
-1.90264
-1.92442
-1.92638
-1.90092
-1.84837
-1.77809
-1.70637
-1.6527
-1.63406
-1.66092
-1.73481
-1.84893
-1.99122
-2.15004
-2.31908
-2.49768
-2.68789
-2.88911
-3.09502
-3.29376
-3.47264
-3.62376
-3.74672
-3.84886
-3.94206
-4.03801
-4.14202
-4.25018
-4.35035
-4.42832
-4.47478
-4.48881
-4.4784
-4.45688
-4.43746
-4.42621
-4.41872
-4.40144
-4.35885
-4.28175
-4.17136
-4.0399
-3.90652
-3.79087
-3.70466
-3.64748
-3.60731
-3.5673
-3.51299
-3.43471
-3.32716
2.09088
2.08853
2.05916
2.00571
1.933
1.84733
1.75523
1.66157
1.56784
1.47187
1.36899
1.25421
1.12421
0.978675
0.820279
0.65364
0.483397
0.312621
0.142543
-0.0264751
-0.193324
-0.355132
-0.507461
-0.645839
-0.767623
-0.873108
-0.96553
-1.04987
-1.13092
-1.21125
-1.29013
-1.36402
-1.42846
-1.48034
-1.51932
-1.54791
-1.57039
-1.59071
-1.61047
-1.62784
-1.63824
-1.63663
-1.6202
-1.59024
-1.55264
-1.51691
-1.49404
-1.49381
-1.52256
-1.58194
-1.66921
-1.77875
-1.90456
-2.04227
-2.18955
-2.34495
-2.50603
-2.66817
-2.82483
-2.96949
-3.09797
-3.20973
-3.30795
-3.3979
-3.4846
-3.57017
-3.65259
-3.72635
-3.78502
-3.82424
-3.84356
-3.84661
-3.83946
-3.82791
-3.81457
-3.79742
-3.7707
-3.72791
-3.6654
-3.58447
-3.49161
-3.39651
-3.30877
-3.23423
-3.17294
-3.11937
-3.06507
-3.00167
-2.92261
-2.82365
1.71454
1.71442
1.69428
1.65615
1.6031
1.53888
1.46719
1.39078
1.31069
1.22618
1.13526
1.03571
0.926062
0.806252
0.677713
0.542883
0.404411
0.264474
0.124601
-0.0139983
-0.149862
-0.280921
-0.404654
-0.518726
-0.621785
-0.713948
-0.796762
-0.872612
-0.943786
-1.01156
-1.07572
-1.13479
-1.18686
-1.23058
-1.26579
-1.29365
-1.31605
-1.33475
-1.35044
-1.36235
-1.36865
-1.36749
-1.35824
-1.34239
-1.32382
-1.30823
-1.30208
-1.31115
-1.33939
-1.38825
-1.45674
-1.54218
-1.64128
-1.75105
-1.86907
-1.99319
-2.12082
-2.24859
-2.37257
-2.48907
-2.59565
-2.69169
-2.77837
-2.85788
-2.93228
-3.00233
-3.06695
-3.12358
-3.16923
-3.20188
-3.22127
-3.22905
-3.22794
-3.22053
-3.20799
-3.1895
-3.1627
-3.12501
-3.07521
-3.01443
-2.94623
-2.87559
-2.80734
-2.74444
-2.68696
-2.63222
-2.57575
-2.51274
-2.43904
-2.35175
1.3682
1.3692
1.35542
1.32817
1.28938
1.24129
1.18608
1.12539
1.06002
0.989841
0.914104
0.831905
0.742679
0.64654
0.544348
0.437519
0.327684
0.216388
0.104979
-0.00530589
-0.11316
-0.217105
-0.315596
-0.407308
-0.491473
-0.568084
-0.637855
-0.701918
-0.761381
-0.816897
-0.868452
-0.915461
-0.957126
-0.992877
-1.02267
-1.04705
-1.06688
-1.08297
-1.09566
-1.10475
-1.10963
-1.10984
-1.10561
-1.0983
-1.09051
-1.08579
-1.08801
-1.1007
-1.12636
-1.16611
-1.21969
-1.28577
-1.36248
-1.44776
-1.53966
-1.6362
-1.73522
-1.8343
-1.93091
-2.02278
-2.10834
-2.18698
-2.25896
-2.32507
-2.38606
-2.44214
-2.49268
-2.53645
-2.57203
-2.59846
-2.61559
-2.62414
-2.62535
-2.6204
-2.60985
-2.59343
-2.57026
-2.53943
-2.5007
-2.45497
-2.40423
-2.35112
-2.2981
-2.2467
-2.19695
-2.14745
-2.09576
-2.03912
-1.975
-1.90153
1.04385
1.04522
1.03594
1.01682
0.989032
0.953936
0.912836
0.866751
0.816263
0.761494
0.70224
0.638203
0.569238
0.49553
0.417648
0.336471
0.253046
0.168451
0.0837245
-0.000131134
-0.0821035
-0.161161
-0.236321
-0.306778
-0.372058
-0.432091
-0.487185
-0.53787
-0.584681
-0.627961
-0.667755
-0.70385
-0.73593
-0.763772
-0.787385
-0.807031
-0.823127
-0.836071
-0.846094
-0.853216
-0.857362
-0.8586
-0.857415
-0.854904
-0.852806
-0.853339
-0.858881
-0.871587
-0.89304
-0.92405
-0.964617
-1.01407
-1.07129
-1.13494
-1.20356
-1.27562
-1.34952
-1.42354
-1.49604
-1.56554
-1.63099
-1.69182
-1.74796
-1.79958
-1.84689
-1.88986
-1.92813
-1.96106
-1.98797
-2.00837
-2.0222
-2.02975
-2.03159
-2.02827
-2.02009
-2.00702
-1.98878
-1.96515
-1.93623
-1.90266
-1.86559
-1.82643
-1.78648
-1.74651
-1.70652
-1.66574
-1.62283
-1.57619
-1.52434
-1.46611
0.73516
0.736407
0.73045
0.717759
0.699022
0.675032
0.64656
0.614228
0.578441
0.53937
0.497021
0.451346
0.402367
0.350264
0.295417
0.238374
0.1798
0.120405
0.0609073
0.00201647
-0.0555665
-0.111162
-0.164153
-0.214048
-0.260547
-0.303568
-0.343228
-0.379767
-0.413439
-0.444423
-0.472768
-0.498407
-0.521226
-0.54115
-0.558202
-0.572518
-0.584308
-0.593784
-0.601105
-0.606371
-0.609679
-0.611246
-0.611528
-0.611309
-0.611705
-0.614069
-0.619824
-0.630258
-0.64634
-0.668605
-0.697121
-0.731547
-0.77123
-0.815319
-0.862845
-0.912758
-0.96396
-1.01533
-1.06581
-1.11446
-1.16058
-1.20375
-1.24376
-1.2806
-1.31426
-1.34465
-1.37154
-1.39461
-1.41351
-1.42802
-1.43808
-1.44381
-1.44549
-1.44336
-1.4376
-1.42824
-1.41526
-1.39866
-1.37861
-1.35554
-1.3301
-1.30304
-1.27503
-1.24647
-1.21733
-1.18721
-1.15535
-1.12088
-1.08293
-1.04083
0.43708
0.43793
0.434598
0.427335
0.416499
0.402505
0.385756
0.366594
0.345255
0.321871
0.296494
0.269148
0.239889
0.208845
0.176236
0.14237
0.107619
0.0723873
0.0370935
0.00215484
-0.0320203
-0.0650455
-0.0965778
-0.126348
-0.154184
-0.180027
-0.203912
-0.225939
-0.24622
-0.264839
-0.28183
-0.297179
-0.31085
-0.322822
-0.333117
-0.341802
-0.348979
-0.354758
-0.359236
-0.362501
-0.364662
-0.365898
-0.366515
-0.366982
-0.367921
-0.370066
-0.374177
-0.38094
-0.39088
-0.404299
-0.421256
-0.441588
-0.464952
-0.49088
-0.518818
-0.548163
-0.578279
-0.608533
-0.638323
-0.667129
-0.694545
-0.720301
-0.744245
-0.766304
-0.78643
-0.804549
-0.820536
-0.834231
-0.845475
-0.854156
-0.860245
-0.863796
-0.864918
-0.863731
-0.860324
-0.854743
-0.847012
-0.837183
-0.825389
-0.811869
-0.796961
-0.781034
-0.764407
-0.747263
-0.729589
-0.711172
-0.691645
-0.670557
-0.647473
-0.622048
-31764.5
-31737.1
-31709.9
-31682.9
-31656.1
-31629.6
-31603.2
-31577
-31550.9
-31525.1
-31499.4
-31473.8
-31448.4
-31423.1
-31397.9
-31372.8
-31347.7
-31322.8
-31297.8
-31272.9
-31248
-31223.1
-31198.2
-31173.2
-31148.2
-31123.1
-31098
-31072.8
-31047.4
-31022
-30996.5
-30970.8
-30945
-30919.1
-30893
-30866.8
-30840.5
-30814
-30787.3
-30760.5
-30733.5
-30706.4
-30679.1
-30651.7
-30624.1
-30596.3
-30568.4
-30540.3
-30512.1
-30483.7
-30455.1
-30426.3
-30397.3
-30368.2
-30338.8
-30309.2
-30279.3
-30249.2
-30218.8
-30188.1
-30157.1
-30125.8
-30094.2
-30062.3
-30030
-29997.3
-29964.3
-29930.9
-29897.2
-29863
-29828.5
-29793.6
-29758.2
-29722.5
-29686.4
-29649.9
-29613
-29575.8
-29538.1
-29500.1
-29461.7
-29422.9
-29383.8
-29344.3
-29304.5
-29264.4
-29223.9
-29183.1
-29142
-29100.7
-14.8546
-8.15844
-5.23165
-3.70309
-2.77959
-2.15803
-1.70644
-1.35999
-1.0832
-0.854763
-0.660779
-0.491503
-0.339637
-0.199362
-0.0657315
-9.66282
-7.382
-5.44553
-4.08505
-3.13793
-2.45706
-1.94787
-1.55273
-1.23593
-0.974462
-0.752708
-0.559508
-0.386437
-0.226758
-0.0747524
-7.24338
-6.26132
-5.08364
-4.0537
-3.22997
-2.58433
-2.07518
-1.66706
-1.33331
-1.05443
-0.816076
-0.607384
-0.419845
-0.24648
-0.0812724
-5.91426
-5.33643
-4.57407
-3.81613
-3.14382
-2.57501
-2.10137
-1.70698
-1.37579
-1.09387
-0.849776
-0.634105
-0.439076
-0.258046
-0.0851291
-5.00898
-4.59614
-4.06006
-3.49284
-2.95405
-2.47043
-2.04825
-1.68367
-1.36896
-1.0955
-0.855045
-0.640184
-0.444308
-0.261497
-0.0863272
-4.30048
-3.97903
-3.57709
-3.14099
-2.709
-2.30435
-1.93746
-1.61046
-1.32088
-1.0641
-0.834725
-0.627278
-0.436474
-0.257305
-0.0850105
-3.70227
-3.44227
-3.12815
-2.78492
-2.43654
-2.10044
-1.78676
-1.49982
-1.23999
-1.00529
-0.792481
-0.597732
-0.417005
-0.246241
-0.0814213
-3.1734
-2.95948
-2.70819
-2.43392
-2.15176
-1.87408
-1.60932
-1.36207
-1.13398
-0.924604
-0.732185
-0.554168
-0.38758
-0.229235
-0.0758581
-2.69058
-2.51398
-2.31116
-2.09077
-1.86246
-1.63483
-1.41436
-1.20517
-1.00926
-0.826982
-0.657501
-0.49919
-0.349922
-0.207269
-0.0686394
-2.23915
-2.09468
-1.93169
-1.75555
-1.57248
-1.38842
-1.20815
-1.03502
-0.870938
-0.716584
-0.571666
-0.435186
-0.305661
-0.181289
-0.0600761
-1.80934
-1.69386
-1.56538
-1.42724
-1.28352
-1.13822
-0.994801
-0.855821
-0.722896
-0.596757
-0.477397
-0.364229
-0.256246
-0.152149
-0.0504488
-1.39437
-1.306
-1.20867
-1.10449
-0.996083
-0.886118
-0.776983
-0.670541
-0.56804
-0.470127
-0.376912
-0.288066
-0.202927
-0.120592
-0.0399999
-0.989563
-0.927111
-0.858834
-0.785998
-0.710222
-0.633201
-0.556486
-0.481329
-0.408607
-0.338808
-0.272064
-0.208202
-0.146809
-0.0872987
-0.0289633
-0.59129
-0.554069
-0.513559
-0.470446
-0.425607
-0.379978
-0.33443
-0.289682
-0.246249
-0.204434
-0.164334
-0.125867
-0.0888112
-0.0528361
-0.0175359
-29054.8
-29004.4
-28953.7
-28902.6
-28851.2
-28799.5
-28747.5
-28695.4
-28643
-28590.5
-28537.9
-28485.1
-28432.3
-28379.4
-28326.5
)
;

boundaryField
{
    hot
    {
        type            calculated;
        value           nonuniform List<scalar> 
120
(
32275.1
-0.0143614
-0.0238585
-0.0332387
-0.0424198
-0.0512803
-0.0596804
-0.0674316
-0.0743003
-0.0800195
-0.0843062
-0.0868883
-0.0875415
-0.086128
-0.0826307
-0.0777677
-0.0720063
-0.065227
-0.0576529
-0.0495178
-0.0410471
-0.0324411
-0.0238664
-0.0154531
-0.00729595
0.000542224
0.0080244
0.0151336
0.0218673
0.0282326
0.0342424
0.0399134
0.0452634
0.050311
0.0550741
0.0595696
0.0638128
0.0678169
0.0715934
0.0751525
0.0785043
0.0816594
0.0846302
0.08743
0.0900735
0.0925753
0.094949
0.0972069
0.0993598
0.101418
0.103391
0.10529
0.107126
0.108911
0.110655
0.112367
0.114055
0.115723
0.117374
0.119011
0.120636
0.122251
0.123861
0.125466
0.127066
0.128655
0.130229
0.131778
0.133293
0.134763
0.136181
0.137535
0.138816
0.140009
0.141098
0.142065
0.14289
0.143552
0.144036
0.144327
0.144412
0.144282
0.143928
0.143345
0.142527
0.141477
0.140203
0.138723
0.137066
0.135274
0.133396
0.131491
0.12962
0.127851
0.126248
0.124871
0.123771
0.122979
0.122505
0.122323
0.122371
0.122545
0.122703
0.122676
0.122282
0.121177
0.119023
0.115659
0.111001
0.105058
0.097923
0.0897422
0.0806919
0.0709515
0.0606872
0.0500427
0.0391349
0.0280545
0.0168693
-32282.2
)
;
    }
    cold
    {
        type            calculated;
        value           nonuniform List<scalar> 
120
(
28318.5
0.0154845
0.0257481
0.0359087
0.0458997
0.0556311
0.0649862
0.0738213
0.0819695
0.08925
0.0954867
0.100533
0.104301
0.106783
0.108074
0.108412
0.108147
0.107559
0.106843
0.10618
0.105725
0.10559
0.105846
0.106523
0.107613
0.109081
0.110872
0.112919
0.115146
0.11748
0.119848
0.122181
0.124421
0.126521
0.128444
0.130167
0.131676
0.132966
0.13404
0.134903
0.135566
0.13604
0.136343
0.136496
0.136523
0.136453
0.136317
0.136142
0.135953
0.135771
0.135609
0.135476
0.135372
0.135293
0.135225
0.135153
0.135052
0.1349
0.134672
0.134348
0.133914
0.133365
0.132701
0.131931
0.131066
0.130119
0.129102
0.128025
0.126895
0.12572
0.124507
0.123263
0.121994
0.120706
0.119404
0.118087
0.116749
0.11538
0.113966
0.112484
0.110909
0.109209
0.107346
0.105277
0.102956
0.10033
0.0973463
0.0939507
0.0900868
0.0856974
0.0807233
0.0751039
0.0687791
0.0616926
0.0537982
0.0450679
0.035501
0.0251353
0.014056
0.00240433
-0.00961894
-0.0217546
-0.0336943
-0.0450998
-0.0556265
-0.0657315
-0.0747524
-0.0812724
-0.0851291
-0.0863272
-0.0850105
-0.0814213
-0.0758581
-0.0686394
-0.0600761
-0.0504488
-0.0399999
-0.0289633
-0.0175359
-28326.5
)
;
    }
    interface_left
    {
        type            calculated;
        value           nonuniform List<scalar> 
90
(
-10.7785
-0.916547
1.59633
0.653423
0.393036
0.105301
0.133486
0.226576
0.476013
0.614015
0.815616
0.919286
1.05158
1.03199
0.769817
1.40821
1.71925
2.18354
2.27052
2.09173
1.87884
1.23348
1.99097
2.3068
2.67787
2.90835
3.34351
3.34548
2.90907
2.54256
1.61172
2.49207
2.8364
3.20671
3.43943
3.89148
3.86725
3.32752
2.89389
1.82591
2.79796
3.17491
3.57689
3.83174
4.33238
4.30507
3.70674
3.22591
2.04121
3.13285
3.56051
4.02626
4.32179
4.90255
4.87809
4.20943
3.66672
2.32207
3.57439
4.06408
4.59676
4.92811
5.57212
5.52909
4.73621
4.10399
2.56434
3.91486
4.41557
4.90952
5.19723
5.73946
5.61597
4.65679
3.95361
2.35999
3.4457
3.76233
3.89907
3.92922
3.93659
3.62943
2.56599
1.96717
0.904052
0.601951
0.275356
-0.741651
1.12619
8.78378
)
;
    }
    interface_right
    {
        type            calculated;
        value           nonuniform List<scalar> 
90
(
8.61949
0.506164
-1.43405
-0.211175
-0.0288158
0.278962
1.22531
1.76769
2.74535
3.06624
3.1925
3.23107
3.20212
2.96733
2.06577
3.51326
4.16601
5.07713
5.21379
4.76273
4.52191
4.09959
3.64929
2.40441
3.87371
4.48406
5.26016
5.313
4.71785
4.41006
3.91001
3.44206
2.23423
3.52706
4.03889
4.64686
4.63197
3.97126
3.4527
2.19226
3.37645
3.83774
4.3376
4.63885
5.20759
5.18466
4.53516
4.21439
3.72904
3.28432
2.14907
3.40964
3.92766
4.58423
4.62428
4.10916
3.84507
3.42383
3.01957
1.96629
3.11574
3.57068
4.11218
4.09717
3.50611
3.03894
1.90692
2.92227
3.29569
3.65864
3.85693
4.21017
4.10418
3.39039
2.88184
1.74767
2.59997
2.88813
3.12573
3.26474
3.54756
3.47709
2.98285
2.59791
1.72675
3.16141
3.82892
5.21491
1.97437
-10.8852
)
;
    }
    interface_top
    {
        type            calculated;
        value           nonuniform List<scalar> 
90
(
20.3804
-19.5749
32.9587
-7.52794
32.25
3.16046
-26.211
14.2418
-28.3093
32.2966
-11.3407
29.7882
-6.80046
27.8836
1.74901
-24.6336
11.3481
-26.5854
27.1799
-10.8643
25.821
-0.607894
-26.5719
7.8396
-28.18
11.8228
-31.0302
28.7327
-13.1097
26.9725
-1.72139
-29.7596
7.51971
-31.2519
11.8591
-34.1928
30.0487
-14.9228
28.1689
-2.7611
-33.1277
7.18884
-35.2467
12.0934
-39.2689
33.0848
-18.7949
30.4057
-13.0327
28.4727
-2.60969
-34.1065
9.09857
-36.4956
28.4201
-17.5767
26.9219
-5.29588
-37.2132
5.02893
-39.7982
10.2089
-43.822
31.8955
-21.4368
29.9493
-7.13714
-43.861
5.01118
-46.7138
11.449
-51.1057
37.1633
-24.7055
35.4936
-7.53395
-50.2053
7.42473
-52.8183
15.9298
-56.7428
46.6562
-24.7029
45.2606
-3.62383
-51.547
15.8646
-49.8425
36.3409
-26.2493
)
;
    }
    interface_bottom
    {
        type            calculated;
        value           nonuniform List<scalar> 
90
(
-24.7162
28.9076
-45.38
0.423093
46.4795
-18.4071
46.8934
-28.6317
49.1907
-60.8461
15.6082
-55.5454
6.45766
-52.0408
-8.76432
34.4982
-25.9224
35.6892
-51.8518
9.91508
-47.1217
3.41943
-43.7931
-8.33606
27.0674
-21.8033
28.0777
-41.926
6.86641
-38.7643
-5.58033
26.7246
-16.2423
27.9699
-21.5715
29.8372
-40.7839
8.16113
-37.2043
-4.2109
27.902
-14.8508
29.3719
-20.4241
31.7385
-40.5754
10.5523
-36.1316
5.60667
-33.4861
-4.00833
25.6463
-15.4446
26.7277
-32.7447
8.87777
-30.4775
-1.88682
26.1758
-11.4184
27.3606
-16.4726
28.8701
-33.5698
9.70472
-30.4961
-1.27335
27.1779
-10.756
28.2765
-15.5683
29.8999
-32.4303
10.9427
-29.1454
0.225949
28.8981
-8.97185
30.5721
-13.5722
33.0613
-31.3174
13.8186
-28.7391
2.23538
32.7935
-8.84009
33.5032
-21.3909
20.158
)
;
    }
    defaultFaces
    {
        type            empty;
    }
}


// ************************************************************************* //
