/*--------------------------------*- C++ -*----------------------------------*\
| =========                 |                                                 |
| \\      /  F ield         | OpenFOAM: The Open Source CFD Toolbox           |
|  \\    /   O peration     | Version:  5.x                                   |
|   \\  /    A nd           | Web:      www.OpenFOAM.org                      |
|    \\/     M anipulation  |                                                 |
\*---------------------------------------------------------------------------*/
FoamFile
{
    version     2.0;
    format      ascii;
    class       volScalarField;
    location    "1.4";
    object      gradTx;
}
// * * * * * * * * * * * * * * * * * * * * * * * * * * * * * * * * * * * * * //

dimensions      [0 -1 0 1 0 0 0];

internalField   nonuniform List<scalar> 
6300
(
-53.2334
-53.1868
-53.0935
-52.9531
-52.7651
-52.5293
-52.2452
-51.9127
-51.5319
-51.1034
-50.6283
-50.1084
-49.546
-48.9437
-48.3044
-53.2793
-53.2329
-53.1398
-52.9998
-52.8123
-52.5768
-52.2929
-51.9603
-51.5789
-51.1493
-50.6726
-50.1504
-49.5853
-48.9801
-48.3381
-53.3708
-53.3248
-53.2324
-53.0933
-52.9067
-52.6721
-52.3887
-52.0559
-51.6735
-51.2417
-50.7615
-50.2347
-49.664
-49.0528
-48.405
-53.5077
-53.4622
-53.371
-53.2334
-53.0485
-52.8155
-52.5331
-52.2004
-51.8167
-51.3818
-50.8965
-50.3624
-49.7826
-49.1615
-48.504
-53.6892
-53.6447
-53.5552
-53.4199
-53.2378
-53.0074
-52.7271
-52.3953
-52.0104
-51.5718
-51.0795
-50.5351
-49.9421
-49.3059
-48.6336
-53.9146
-53.8713
-53.7843
-53.6526
-53.4747
-53.2486
-52.972
-52.6423
-52.2572
-51.8147
-51.3139
-50.7558
-50.1442
-49.486
-48.7912
-54.1823
-54.1409
-54.0575
-53.9308
-53.7589
-53.5394
-53.269
-52.9442
-52.5608
-52.1153
-51.6049
-51.0294
-50.3922
-49.7021
-48.9734
-54.4907
-54.4517
-54.3731
-54.2533
-54.0901
-53.8803
-53.6199
-53.3037
-52.9258
-52.48
-51.9604
-51.364
-50.6926
-49.9564
-49.1757
-54.8373
-54.8014
-54.729
-54.6184
-54.467
-54.2711
-54.0257
-53.7242
-53.3582
-52.9177
-52.3922
-51.773
-51.0573
-50.2546
-49.393
-55.2188
-55.1869
-55.1223
-55.0234
-54.8875
-54.7106
-54.487
-54.2085
-53.8642
-53.4396
-52.9171
-52.2779
-51.5083
-50.611
-49.6218
-55.6314
-55.6042
-55.549
-55.4646
-55.3482
-55.1961
-55.0022
-54.7579
-54.4498
-54.0588
-53.558
-52.9128
-52.0863
-51.0588
-49.8649
-56.0702
-56.0484
-56.0043
-55.9367
-55.8438
-55.7223
-55.5673
-55.3702
-55.1177
-54.7872
-54.3427
-53.728
-52.8648
-51.6722
-50.1442
-56.53
-56.5141
-56.4821
-56.4334
-56.3671
-56.2814
-56.1734
-56.0374
-55.8626
-55.6289
-55.2969
-54.7908
-53.9718
-52.62
-50.5357
-57.0048
-56.995
-56.9755
-56.9467
-56.9087
-56.8621
-56.8069
-56.7424
-56.6658
-56.5681
-56.4241
-56.1657
-55.6107
-54.2993
-51.3041
-57.4883
-57.4845
-57.4775
-57.4681
-57.4583
-57.4505
-57.4488
-57.4589
-57.4894
-57.5526
-57.6647
-57.8358
-58.005
-57.6617
-53.7079
-47.6896
-47.1061
-46.5014
-45.876
-45.2302
-44.5638
-43.8767
-43.1686
-42.4397
-41.6905
-40.9222
-40.1365
-39.3358
-38.523
-37.7012
-36.8741
-36.0451
-35.2179
-34.3962
-33.5836
-32.7837
-31.9999
-31.2355
-30.4936
-29.7769
-29.0879
-28.4288
-27.8014
-27.2071
-26.6471
-26.1222
-25.633
-25.1797
-24.7626
-24.3814
-24.0361
-23.7263
-23.452
-23.2126
-23.0081
-22.838
-22.702
-22.5999
-22.5316
-22.497
-22.4961
-22.5292
-22.5965
-22.6987
-22.8362
-23.0095
-23.219
-23.465
-23.7478
-24.0671
-24.4227
-24.8142
-25.2406
-25.7011
-26.1945
-26.7194
-27.2743
-27.8576
-28.4678
-29.1031
-29.7618
-30.4422
-31.1424
-31.8604
-32.5943
-33.3422
-34.1021
-34.872
-35.65
-36.4343
-37.2231
-38.0144
-38.8064
-39.5973
-40.3852
-41.1685
-41.9454
-42.7143
-43.4737
-44.2218
-44.9569
-45.6768
-46.3793
-47.0618
-47.7216
-47.7211
-47.1362
-46.5306
-45.905
-45.2594
-44.5934
-43.9066
-43.1984
-42.4688
-41.718
-40.9471
-40.1581
-39.3533
-38.5359
-37.7092
-36.8768
-36.0426
-35.2102
-34.3833
-33.5657
-32.7609
-31.9724
-31.2036
-30.4577
-29.7374
-29.0454
-28.3837
-27.7542
-27.1584
-26.5972
-26.0715
-25.5819
-25.1285
-24.7114
-24.3305
-23.9855
-23.6762
-23.4023
-23.1634
-22.9593
-22.7896
-22.654
-22.5522
-22.484
-22.4493
-22.448
-22.4806
-22.5473
-22.6487
-22.7855
-22.9581
-23.1672
-23.413
-23.6959
-24.0156
-24.372
-24.7645
-25.1923
-25.6545
-26.1498
-26.6768
-27.2339
-27.8196
-28.4322
-29.0699
-29.7312
-30.4142
-31.117
-31.8378
-32.5746
-33.3252
-34.0878
-34.8604
-35.6411
-36.428
-37.2194
-38.0133
-38.808
-39.6014
-40.3918
-41.1774
-41.9566
-42.7278
-43.4895
-44.2402
-44.9782
-45.7014
-46.4075
-47.0938
-47.7575
-47.7834
-47.1956
-46.5884
-45.9625
-45.3175
-44.6528
-43.967
-43.259
-42.528
-41.7742
-40.9982
-40.2023
-39.3891
-38.5622
-37.7253
-36.8825
-36.0377
-35.1948
-34.3575
-33.5296
-32.7148
-31.9168
-31.1392
-30.3852
-29.6578
-28.9597
-28.2929
-27.6593
-27.0602
-26.4967
-25.9696
-25.4792
-25.0257
-24.6089
-24.2286
-23.8844
-23.576
-23.3029
-23.0649
-22.8617
-22.6929
-22.5581
-22.457
-22.389
-22.3541
-22.3522
-22.3837
-22.4489
-22.5487
-22.6839
-22.8551
-23.0632
-23.3086
-23.5916
-23.9121
-24.2699
-24.6646
-25.0953
-25.5609
-26.0602
-26.5914
-27.1531
-27.7435
-28.3608
-29.0034
-29.6697
-30.358
-31.0663
-31.7927
-32.5351
-33.2914
-34.0595
-34.8374
-35.6233
-36.4155
-37.2121
-38.0113
-38.8112
-39.6098
-40.4051
-41.1954
-41.979
-42.7545
-43.5208
-44.2766
-45.0203
-45.7501
-46.4635
-47.1578
-47.8296
-47.875
-47.2824
-46.6729
-46.0469
-45.4039
-44.742
-44.059
-43.3524
-42.6202
-41.8619
-41.0782
-40.2713
-39.4447
-38.6028
-37.7501
-36.8912
-36.0303
-35.1714
-34.3184
-33.4749
-32.6449
-31.8324
-31.0411
-30.2748
-29.5366
-28.8293
-28.1549
-27.5151
-26.9114
-26.3446
-25.8154
-25.3242
-24.8707
-24.4546
-24.0755
-23.7326
-23.4255
-23.1538
-22.9173
-22.7155
-22.5482
-22.4148
-22.3147
-22.2473
-22.2122
-22.2093
-22.2389
-22.3017
-22.3987
-22.5311
-22.7
-22.9064
-23.1509
-23.434
-23.7556
-24.1157
-24.5137
-24.9487
-25.4197
-25.925
-26.463
-27.0316
-27.6291
-28.2535
-28.9034
-29.5772
-30.2733
-30.9899
-31.7248
-32.476
-33.2408
-34.0172
-34.8031
-35.5968
-36.3966
-37.201
-38.0083
-38.8163
-39.6228
-40.4256
-41.2227
-42.0126
-42.7942
-43.5669
-44.3298
-45.082
-45.8218
-46.5465
-47.2532
-47.9379
-47.9929
-47.3932
-46.7805
-46.1555
-45.517
-44.8615
-44.1848
-43.4822
-42.7499
-41.9861
-41.1914
-40.3686
-39.5225
-38.6589
-37.7839
-36.9028
-36.0202
-35.14
-34.2657
-33.4011
-32.5503
-31.7176
-30.9076
-30.1244
-29.3716
-28.6519
-27.9674
-27.3197
-26.7099
-26.1389
-25.6074
-25.1154
-24.6625
-24.248
-23.8708
-23.53
-23.2249
-22.955
-22.7202
-22.5205
-22.3554
-22.2243
-22.1262
-22.06
-22.0249
-22.0205
-22.0472
-22.1061
-22.1986
-22.3266
-22.4918
-22.6955
-22.9386
-23.2217
-23.5447
-23.9076
-24.31
-24.7511
-25.2296
-25.7437
-26.291
-26.8693
-27.4764
-28.1102
-28.7696
-29.4531
-30.1596
-30.8873
-31.6342
-32.3973
-33.174
-33.9615
-34.7578
-35.5614
-36.3712
-37.186
-38.0041
-38.8234
-39.6411
-40.4541
-41.2602
-42.0578
-42.8465
-43.6265
-44.3981
-45.1612
-45.9144
-46.6552
-47.3795
-48.0828
-48.1327
-47.5222
-46.9054
-46.2834
-45.6539
-45.0114
-44.3477
-43.6545
-42.9248
-42.1548
-41.3449
-40.4993
-39.6254
-38.7317
-37.8266
-36.9167
-36.0068
-35.1001
-34.1994
-33.3078
-32.4298
-31.5706
-30.7358
-29.9307
-29.1593
-28.4244
-27.7277
-27.0703
-26.4531
-25.8772
-25.3431
-24.8509
-24.3998
-23.9883
-23.6146
-23.2769
-22.9742
-22.7064
-22.4737
-22.2764
-22.1146
-21.9872
-21.8926
-21.8288
-21.7942
-21.7879
-21.8102
-21.8628
-21.9483
-22.0694
-22.2289
-22.4287
-22.6697
-22.9525
-23.2771
-23.6435
-24.0515
-24.5005
-24.9891
-25.515
-26.0752
-26.6663
-27.2856
-27.9309
-28.6013
-29.2964
-30.0157
-30.7578
-31.5203
-32.2997
-33.0918
-33.8935
-34.7023
-35.5174
-36.3386
-37.166
-37.9984
-38.8329
-39.6658
-40.4925
-41.3097
-42.1157
-42.911
-43.6976
-44.4782
-45.254
-46.0246
-46.7867
-47.5355
-48.2647
-48.2874
-47.6601
-47.0373
-46.4216
-45.8095
-45.1913
-44.5529
-43.8791
-43.1574
-42.3808
-41.5496
-40.6709
-39.7568
-38.8211
-37.8762
-36.9308
-35.989
-35.052
-34.1201
-33.1954
-32.2826
-31.3888
-30.5218
-29.6888
-28.8949
-28.1424
-27.4319
-26.7635
-26.1376
-25.5557
-25.019
-24.5278
-24.0808
-23.6751
-23.3072
-22.974
-22.6743
-22.408
-22.1768
-21.9822
-21.825
-21.7037
-21.6155
-21.5566
-21.5236
-21.5147
-21.5303
-21.5731
-21.6474
-21.7579
-21.9089
-22.1031
-22.3415
-22.624
-22.9502
-23.3203
-23.7346
-24.1935
-24.6955
-25.2377
-25.8154
-26.4235
-27.0578
-27.7161
-28.3981
-29.1054
-29.8393
-30.5994
-31.3827
-32.1838
-32.9964
-33.8153
-34.6379
-35.4645
-36.2974
-37.139
-37.9894
-38.8449
-39.6991
-40.5445
-41.3751
-42.1887
-42.9874
-43.7772
-44.5646
-45.3541
-46.1462
-46.937
-47.7192
-48.4841
-48.4458
-47.791
-47.1585
-46.5544
-45.9737
-45.4001
-44.8087
-44.1725
-43.469
-42.6855
-41.8226
-40.8934
-39.9192
-38.9237
-37.9268
-36.9398
-35.9646
-34.9965
-34.0307
-33.0661
-32.1086
-31.1686
-30.2591
-29.3912
-28.5713
-27.8004
-27.0761
-26.3958
-25.7595
-25.1698
-24.6301
-24.1419
-23.7031
-23.3081
-22.9503
-22.624
-22.3267
-22.0599
-21.8279
-21.6352
-21.4843
-21.3734
-21.297
-21.2478
-21.2192
-21.2072
-21.2122
-21.239
-21.295
-21.3889
-21.5276
-21.7148
-21.9507
-22.2332
-22.5609
-22.9339
-23.3546
-23.825
-24.3448
-24.9099
-25.5124
-26.1435
-26.7963
-27.4675
-28.1591
-28.8766
-29.6257
-30.4081
-31.2198
-32.0515
-32.892
-33.7321
-34.568
-35.4027
-36.2438
-37.0995
-37.9728
-38.8587
-39.7451
-40.6177
-41.4648
-42.2826
-43.0766
-43.8599
-44.6475
-45.45
-46.2692
-47.0988
-47.9275
-48.742
-48.5912
-47.8893
-47.2387
-46.6531
-46.1276
-45.6344
-45.129
-44.5629
-43.8955
-43.1043
-42.1912
-41.1808
-40.1124
-39.0285
-37.9632
-36.9322
-35.9299
-34.9383
-33.9395
-32.9272
-31.9094
-30.905
-29.9371
-29.0249
-28.1776
-27.3919
-26.6574
-25.9655
-25.3149
-24.7124
-24.1675
-23.6855
-23.2628
-22.8884
-22.5487
-22.2328
-21.9361
-21.6626
-21.4229
-21.2288
-21.0868
-20.9941
-20.9401
-20.9103
-20.8916
-20.8759
-20.8637
-20.8634
-20.8891
-20.9562
-21.0772
-21.2571
-21.4933
-21.7783
-22.107
-22.4799
-22.9035
-23.3859
-23.9298
-24.5287
-25.1687
-25.8331
-26.5086
-27.1901
-27.8834
-28.6029
-29.3643
-30.175
-31.0285
-31.907
-32.7885
-33.6552
-34.5002
-35.3316
-36.1693
-37.0347
-37.9382
-38.8715
-39.8109
-40.7272
-41.5966
-42.4106
-43.1808
-43.9358
-44.7085
-45.5214
-46.3768
-47.2615
-48.1557
-49.0397
-48.6989
-47.9134
-47.2248
-46.6646
-46.2349
-45.886
-45.5366
-45.099
-44.5002
-43.6988
-42.6997
-41.5517
-40.3279
-39.1067
-37.9501
-36.8832
-35.8803
-34.8904
-33.8681
-32.7965
-31.6913
-30.5893
-29.535
-28.5655
-27.6958
-26.91
-26.178
-25.4761
-24.8015
-24.1726
-23.615
-23.1445
-22.7537
-22.4193
-22.1137
-21.8147
-21.5129
-21.2175
-20.9532
-20.7482
-20.6191
-20.5601
-20.5491
-20.5578
-20.5604
-20.5406
-20.4987
-20.4512
-20.4243
-20.4469
-20.5424
-20.7195
-20.9661
-21.2615
-21.5902
-21.9534
-22.3687
-22.8589
-23.4362
-24.0892
-24.7906
-25.5074
-26.213
-26.8963
-27.5704
-28.2695
-29.0324
-29.8806
-30.8015
-31.7584
-32.7067
-33.6097
-34.4521
-35.2517
-36.055
-36.9148
-37.8608
-38.8756
-39.91
-40.9039
-41.808
-42.6013
-43.3067
-43.9858
-44.7113
-45.5311
-46.4418
-47.4098
-48.3979
-49.3794
-48.7323
-47.7974
-47.0252
-46.4877
-46.225
-46.1378
-46.0709
-45.8671
-45.3964
-44.5779
-43.4227
-42.0316
-40.5397
-39.0917
-37.8082
-36.7422
-35.8122
-34.8896
-33.8681
-32.7144
-31.4688
-30.2054
-29.0115
-27.9629
-27.0937
-26.3513
-25.6559
-24.948
-24.2232
-23.5308
-22.9378
-22.4896
-22.1642
-21.9095
-21.67
-21.4013
-21.0814
-20.7284
-20.3991
-20.159
-20.0514
-20.0578
-20.1307
-20.2152
-20.2622
-20.2381
-20.1429
-20.0103
-19.8891
-19.8336
-19.8913
-20.0825
-20.3697
-20.6974
-21.0245
-21.3527
-21.7268
-22.2074
-22.8342
-23.581
-24.3908
-25.1986
-25.9501
-26.6163
-27.222
-27.8449
-28.5781
-29.4822
-30.5232
-31.6226
-32.6905
-33.6518
-34.466
-35.1666
-35.8594
-36.6712
-37.684
-38.8516
-40.0671
-41.2099
-42.1786
-42.9183
-43.47
-43.9686
-44.5778
-45.4093
-46.4236
-47.5287
-48.6491
-49.7607
-48.634
-47.4466
-46.4872
-45.9145
-45.9618
-46.3597
-46.8018
-47.0189
-46.7933
-45.9417
-44.4855
-42.6564
-40.6884
-38.8401
-37.3532
-36.4057
-35.7337
-35.0313
-34.0589
-32.7651
-31.2725
-29.7219
-28.2792
-27.1024
-26.3096
-25.7257
-25.1522
-24.445
-23.5987
-22.7467
-22.0527
-21.6585
-21.4737
-21.3789
-21.2692
-21.0625
-20.6983
-20.2064
-19.7174
-19.3802
-19.3204
-19.4609
-19.6967
-19.9276
-20.0675
-20.0389
-19.8419
-19.5542
-19.2604
-19.0582
-19.0491
-19.3082
-19.7159
-20.1353
-20.4582
-20.6867
-20.9326
-21.3465
-22.0602
-22.983
-23.9947
-24.9717
-25.8108
-26.4242
-26.8498
-27.2619
-27.8786
-28.8871
-30.1613
-31.5325
-32.8286
-33.9059
-34.6437
-35.0932
-35.4925
-36.1383
-37.2846
-38.7582
-40.3291
-41.7664
-42.8785
-43.5058
-43.7095
-43.7918
-44.1239
-45.0235
-46.2742
-47.6246
-48.9123
-50.1655
-48.2755
-46.7668
-45.3925
-44.4487
-45.1938
-46.5183
-47.8566
-48.8083
-49.0913
-48.1762
-46.0852
-43.4812
-40.6648
-38.0681
-36.1216
-35.6727
-35.699
-35.5622
-34.713
-33.1025
-31.1601
-29.0833
-27.1644
-25.6893
-25.2253
-25.0856
-24.8416
-24.1431
-22.983
-21.7359
-20.7363
-20.5266
-20.6545
-20.8704
-21.009
-20.9513
-20.5001
-19.6808
-18.8178
-18.2027
-18.3018
-18.7276
-19.2707
-19.7718
-20.1163
-20.0832
-19.6725
-19.1077
-18.5005
-18.0055
-17.8213
-18.3208
-19.0459
-19.7129
-20.0288
-19.9964
-19.8971
-20.0544
-20.9856
-22.2579
-23.6494
-24.9443
-25.997
-26.5029
-26.4979
-26.3847
-26.6152
-27.91
-29.66
-31.5512
-33.2818
-34.6492
-35.2367
-35.0922
-34.7709
-34.8847
-36.4139
-38.5248
-40.7835
-42.7908
-44.2763
-44.703
-44.1236
-43.2547
-42.8521
-44.1317
-45.9809
-47.8098
-49.2244
-50.469
-47.1349
-45.8933
-43.6774
-40.5498
-43.5908
-46.6563
-49.4676
-51.5604
-53.1143
-52.1041
-48.4234
-44.6116
-40.3252
-36.3598
-32.7335
-34.2554
-35.8997
-37.1193
-36.4636
-33.9181
-31.2417
-28.218
-25.4111
-22.8207
-23.6745
-24.5963
-25.1862
-24.5065
-22.4934
-20.3694
-18.283
-18.9095
-19.7093
-20.474
-21.0324
-21.4076
-20.8328
-19.2192
-17.5624
-15.9977
-16.8136
-17.8265
-18.9064
-19.8427
-20.7098
-20.6725
-19.7261
-18.7234
-17.5802
-16.5064
-15.6101
-17.0096
-18.4606
-19.7971
-20.1019
-19.4033
-18.4932
-17.6488
-19.4206
-21.362
-23.444
-25.2665
-26.9716
-27.3183
-26.3024
-25.0134
-23.8197
-26.2781
-28.9559
-31.8017
-34.2587
-36.5159
-36.8843
-35.3462
-33.4228
-31.593
-34.7056
-38.0783
-41.5998
-44.5663
-47.1987
-47.3485
-44.954
-42.0455
-39.1578
-42.4188
-45.7161
-48.5909
-49.7799
-49.9839
-42.2253
-46.4212
-43.2745
-27.7681
-41.9521
-47.1601
-52.1132
-55.0881
-60.8293
-59.8774
-50.9504
-46.4256
-39.5233
-34.1633
-21.9323
-32.6623
-36.7121
-41.3774
-40.9358
-34.9228
-31.8237
-27.041
-23.3465
-14.9928
-22.0266
-24.5854
-27.3597
-26.7905
-22.1642
-18.9495
-11.9239
-17.0436
-18.8155
-20.3754
-21.3207
-23.2328
-22.6624
-18.8205
-16.1752
-10.3657
-15.0424
-16.8301
-18.7498
-20.0142
-22.607
-22.572
-19.8619
-18.5424
-16.561
-14.7523
-10.094
-15.625
-18.041
-21.3679
-21.6209
-19.1155
-16.9957
-11.4767
-17.612
-20.2647
-23.6133
-25.7584
-29.9032
-30.0967
-26.5009
-23.5057
-15.7659
-24.3306
-28.0105
-32.6125
-35.5238
-41.103
-41.2776
-36.1555
-31.9399
-21.1843
-32.6229
-37.4176
-43.2151
-46.8226
-53.6957
-53.6575
-46.5243
-40.8059
-26.6087
-40.6531
-46.059
-51.7988
-51.7538
-45.0045
-48.4164
-49.1367
-49.8118
-50.4382
-51.013
-51.5343
-52.001
-52.413
-52.7705
-53.0742
-53.3251
-53.5242
-53.6726
-53.771
-53.8201
-48.4566
-49.1811
-49.8598
-50.489
-51.0656
-51.5879
-52.055
-52.4666
-52.8234
-53.1261
-53.3759
-53.5741
-53.7216
-53.8194
-53.8682
-48.5374
-49.2706
-49.9567
-50.5914
-51.1718
-51.696
-52.1635
-52.5743
-52.9294
-53.23
-53.4776
-53.6737
-53.8194
-53.916
-53.9641
-48.6595
-49.4066
-50.1041
-50.7474
-51.3333
-51.8601
-52.3276
-52.7367
-53.0889
-53.3859
-53.6299
-53.8225
-53.9655
-54.0601
-54.1072
-48.8244
-49.5913
-50.3051
-50.9601
-51.553
-52.0825
-52.5494
-52.9552
-53.3026
-53.5941
-53.8325
-54.0202
-54.1591
-54.2508
-54.2965
-49.0342
-49.8284
-50.564
-51.2341
-51.8351
-52.3669
-52.8312
-53.2313
-53.5711
-53.8545
-54.0849
-54.2655
-54.3989
-54.4867
-54.5303
-49.2921
-50.1235
-50.8877
-51.5763
-52.1859
-52.7179
-53.1763
-53.5669
-53.8952
-54.1667
-54.3861
-54.5573
-54.6831
-54.7658
-54.8068
-49.6032
-50.4852
-51.2865
-51.9966
-52.6135
-53.1417
-53.5887
-53.9637
-54.2751
-54.5301
-54.7347
-54.8933
-55.0095
-55.0856
-55.1234
-49.9755
-50.9268
-51.7757
-52.5093
-53.1293
-53.6457
-54.0725
-54.4236
-54.7106
-54.9431
-55.128
-55.2707
-55.3748
-55.4429
-55.4766
-50.4216
-51.4701
-52.3794
-53.1349
-53.7474
-54.2386
-54.6315
-54.9467
-55.2
-55.4027
-55.5627
-55.6856
-55.7751
-55.8335
-55.8624
-50.9604
-52.1516
-53.1359
-53.9026
-54.4856
-54.9282
-55.2673
-55.5312
-55.7392
-55.9041
-56.0336
-56.133
-56.2053
-56.2526
-56.276
-51.6202
-53.0391
-54.1087
-54.8531
-55.3629
-55.7193
-55.977
-56.1707
-56.321
-56.4399
-56.5338
-56.6063
-56.6595
-56.6944
-56.7118
-52.4486
-54.2752
-55.4057
-56.0384
-56.3936
-56.6076
-56.7492
-56.8524
-56.9336
-56.9999
-57.0544
-57.098
-57.1308
-57.1528
-57.1638
-53.599
-56.2066
-57.1989
-57.4996
-57.5653
-57.5667
-57.5583
-57.5553
-57.5602
-57.5711
-57.585
-57.5993
-57.6118
-57.6209
-57.6257
-56.1303
-59.7521
-59.6822
-59.1951
-58.8008
-58.5338
-58.3602
-58.2493
-58.1801
-58.1383
-58.1144
-58.1014
-58.0949
-58.0921
-58.0911
-57.9341
-57.9354
-57.9387
-57.9457
-57.9592
-57.9835
-58.0256
-58.0962
-58.2135
-58.4095
-58.7467
-59.3675
-60.6686
-64.0532
-75.6776
-58.3377
-58.3431
-58.3548
-58.3748
-58.4065
-58.4553
-58.5296
-58.6426
-58.8165
-59.0894
-59.5324
-60.2869
-61.6432
-64.1404
-68.002
-58.7369
-58.7457
-58.7644
-58.795
-58.8413
-58.9088
-59.0061
-59.1463
-59.35
-59.6501
-60.1008
-60.7876
-61.825
-63.2793
-64.9545
-59.1291
-59.1407
-59.1648
-59.2037
-59.2607
-59.341
-59.4523
-59.6053
-59.8156
-60.1053
-60.5043
-61.0445
-61.7168
-62.2639
-61.1438
-59.5124
-59.5261
-59.5544
-59.5991
-59.6633
-59.7512
-59.8689
-60.0238
-60.2253
-60.4835
-60.8089
-61.209
-61.6946
-62.4054
-64.5168
-59.8854
-59.9006
-59.9317
-59.9803
-60.0487
-60.1403
-60.2592
-60.4094
-60.5943
-60.814
-61.0612
-61.3134
-61.5152
-61.5737
-61.4154
-60.247
-60.2632
-60.2961
-60.3469
-60.4175
-60.5101
-60.6271
-60.7701
-60.9381
-61.1241
-61.3098
-61.4519
-61.4342
-60.8921
-58.2147
-60.5966
-60.6133
-60.6471
-60.699
-60.7703
-60.8624
-60.9765
-61.1128
-61.2679
-61.4329
-61.5886
-61.7007
-61.7161
-61.693
-62.9543
-60.9336
-60.9506
-60.9848
-61.037
-61.108
-61.1989
-61.3102
-61.4415
-61.5895
-61.7465
-61.8977
-62.016
-62.0236
-61.6014
-58.7921
-61.258
-61.275
-61.3092
-61.3611
-61.4314
-61.5208
-61.6297
-61.7579
-61.9035
-62.0623
-62.2297
-62.4073
-62.6282
-63.167
-65.9794
-61.5697
-61.5865
-61.6204
-61.6716
-61.7408
-61.8285
-61.9354
-62.0616
-62.2068
-62.3705
-62.5546
-62.7678
-63.0107
-63.153
-61.8426
-61.8687
-61.8853
-61.9186
-61.9689
-62.0367
-62.1226
-62.2272
-62.3513
-62.4958
-62.6626
-62.8591
-63.1071
-63.4616
-64.1474
-66.522
-62.1552
-62.1714
-62.204
-62.2532
-62.3194
-62.4031
-62.5051
-62.6263
-62.7679
-62.9324
-63.1276
-63.3717
-63.6812
-63.9682
-63.1482
-62.4294
-62.4453
-62.477
-62.5249
-62.5892
-62.6704
-62.7692
-62.8863
-63.0224
-63.1792
-63.3622
-63.5902
-63.9148
-64.5573
-66.6938
-62.6917
-62.7071
-62.7379
-62.7843
-62.8466
-62.9251
-63.0202
-63.1323
-63.2612
-63.4058
-63.5653
-63.7408
-63.9261
-64.1083
-64.2589
-62.9423
-62.9572
-62.987
-63.0319
-63.092
-63.1676
-63.259
-63.366
-63.4874
-63.6201
-63.7573
-63.8837
-63.9382
-63.6807
-61.9412
-63.1815
-63.1959
-63.2247
-63.268
-63.326
-63.3987
-63.4865
-63.5889
-63.7044
-63.8293
-63.9568
-64.0758
-64.1654
-64.2817
-65.3469
-63.4096
-63.4235
-63.4513
-63.4931
-63.5489
-63.6189
-63.7033
-63.8018
-63.9132
-64.0348
-64.1621
-64.2876
-64.3725
-64.2232
-62.5864
-63.6271
-63.6405
-63.6673
-63.7075
-63.7613
-63.8287
-63.9099
-64.005
-64.1135
-64.2343
-64.3687
-64.5267
-64.7407
-65.1969
-67.1223
-63.8341
-63.8471
-63.8729
-63.9117
-63.9634
-64.0283
-64.1065
-64.1982
-64.3034
-64.4224
-64.5589
-64.7262
-64.9392
-65.1498
-64.5883
-64.0312
-64.0436
-64.0685
-64.1059
-64.1557
-64.2181
-64.2933
-64.3813
-64.4822
-64.5962
-64.7275
-64.8932
-65.1378
-65.6384
-67.2797
-64.2185
-64.2305
-64.2545
-64.2905
-64.3385
-64.3985
-64.4706
-64.5547
-64.6502
-64.7559
-64.8723
-65.0046
-65.157
-65.334
-65.5221
-64.3963
-64.408
-64.4312
-64.4659
-64.5122
-64.5699
-64.6392
-64.7195
-64.8095
-64.9063
-65.0058
-65.1014
-65.1574
-65.0215
-63.9086
-64.5651
-64.5763
-64.5988
-64.6324
-64.6771
-64.7329
-64.7996
-64.8767
-64.9623
-65.0526
-65.1421
-65.2247
-65.2895
-65.3867
-66.1574
-64.7249
-64.7358
-64.7575
-64.7901
-64.8335
-64.8877
-64.9525
-65.0273
-65.1102
-65.1974
-65.2832
-65.3597
-65.3975
-65.2837
-64.3332
-64.876
-64.8866
-64.9078
-64.9395
-64.9818
-65.0346
-65.0979
-65.1713
-65.2534
-65.3411
-65.4308
-65.5206
-65.609
-65.7612
-66.6281
-65.0186
-65.029
-65.0496
-65.0806
-65.1219
-65.1736
-65.2359
-65.3086
-65.391
-65.4813
-65.5781
-65.6818
-65.7746
-65.7418
-64.7732
-65.153
-65.1631
-65.1833
-65.2135
-65.2539
-65.3047
-65.3661
-65.4384
-65.5214
-65.6148
-65.7208
-65.8497
-66.0259
-66.3716
-67.6667
-65.2792
-65.2891
-65.3088
-65.3384
-65.378
-65.4279
-65.4884
-65.56
-65.6429
-65.7375
-65.8474
-65.9838
-66.1578
-66.3415
-66.0661
-65.3975
-65.4071
-65.4264
-65.4554
-65.4942
-65.5431
-65.6026
-65.6729
-65.7545
-65.8475
-65.9555
-66.0911
-66.2814
-66.6297
-67.6558
-65.5079
-65.5173
-65.5362
-65.5646
-65.6026
-65.6505
-65.7086
-65.7773
-65.8563
-65.9451
-66.0444
-66.1597
-66.2934
-66.4466
-66.6042
-65.6106
-65.6198
-65.6384
-65.6662
-65.7034
-65.7502
-65.8069
-65.8736
-65.9496
-66.0331
-66.1221
-66.2147
-66.2902
-66.26
-65.676
-65.7057
-65.7148
-65.7329
-65.7602
-65.7967
-65.8425
-65.8979
-65.9627
-66.036
-66.1152
-66.1974
-66.2808
-66.3587
-66.4572
-66.9268
-65.7934
-65.8023
-65.8201
-65.8469
-65.8826
-65.9275
-65.9818
-66.0451
-66.1164
-66.1931
-66.2718
-66.3499
-66.4112
-66.3962
-65.9471
-65.8738
-65.8825
-65.9
-65.9263
-65.9614
-66.0056
-66.0589
-66.1212
-66.1915
-66.2674
-66.3467
-66.4297
-66.5151
-66.636
-67.1247
-65.9469
-65.9555
-65.9727
-65.9986
-66.0332
-66.0767
-66.1293
-66.1909
-66.2608
-66.3372
-66.4189
-66.5072
-66.5927
-66.6199
-66.2004
-66.0129
-66.0213
-66.0383
-66.0638
-66.098
-66.1409
-66.1929
-66.2541
-66.3239
-66.4012
-66.4865
-66.5857
-66.7092
-66.9133
-67.5638
-66.0718
-66.0801
-66.0969
-66.1221
-66.1558
-66.1982
-66.2497
-66.3104
-66.3799
-66.4576
-66.5444
-66.6466
-66.7681
-66.896
-66.8281
-66.1237
-66.132
-66.1486
-66.1735
-66.2068
-66.2488
-66.2997
-66.3597
-66.4286
-66.5055
-66.5915
-66.6933
-66.8209
-67.0142
-67.4821
-66.1687
-66.1769
-66.1933
-66.218
-66.251
-66.2925
-66.3428
-66.4021
-66.4699
-66.5451
-66.6275
-66.7213
-66.8263
-66.9409
-67.0524
-66.2069
-66.215
-66.2313
-66.2557
-66.2884
-66.3295
-66.3793
-66.4378
-66.5043
-66.5773
-66.6557
-66.7406
-66.8234
-66.8694
-66.7141
-66.2382
-66.2463
-66.2625
-66.2867
-66.3192
-66.36
-66.4093
-66.4671
-66.5325
-66.6038
-66.6793
-66.7606
-66.8443
-66.9371
-67.15
-66.2627
-66.2708
-66.2869
-66.3111
-66.3434
-66.3839
-66.4329
-66.4902
-66.5549
-66.625
-66.699
-66.7781
-66.8573
-66.9208
-66.8799
-66.2805
-66.2885
-66.3046
-66.3288
-66.361
-66.4015
-66.4503
-66.5073
-66.5717
-66.6414
-66.715
-66.7947
-66.8794
-66.9764
-67.1574
-66.2915
-66.2995
-66.3157
-66.3398
-66.3721
-66.4126
-66.4615
-66.5186
-66.583
-66.6529
-66.7268
-66.8071
-66.8913
-66.973
-67.0129
-66.2957
-66.3038
-66.32
-66.3443
-66.3767
-66.4174
-66.4665
-66.5239
-66.5888
-66.6594
-66.7343
-66.816
-66.9033
-66.9981
-67.1234
-66.2931
-66.3013
-66.3176
-66.342
-66.3747
-66.4157
-66.4653
-66.5233
-66.589
-66.6606
-66.7369
-66.8203
-66.9085
-67.0014
-67.1219
-66.2837
-66.2919
-66.3084
-66.3331
-66.3661
-66.4075
-66.4577
-66.5165
-66.5833
-66.6564
-66.7347
-66.8203
-66.9087
-66.985
-66.9919
-66.2674
-66.2757
-66.2924
-66.3174
-66.3508
-66.3928
-66.4436
-66.5034
-66.5714
-66.6463
-66.7274
-66.8177
-66.9154
-67.0163
-67.1073
-66.2441
-66.2525
-66.2694
-66.2948
-66.3287
-66.3713
-66.4229
-66.4837
-66.553
-66.6297
-66.7137
-66.8092
-66.9184
-67.0539
-67.3
-66.2138
-66.2224
-66.2395
-66.2652
-66.2997
-66.343
-66.3954
-66.4571
-66.5277
-66.6059
-66.6919
-66.7903
-66.9013
-67.0141
-67.023
-66.1763
-66.1851
-66.2025
-66.2287
-66.2637
-66.3077
-66.361
-66.4237
-66.4952
-66.5744
-66.6615
-66.7619
-66.8813
-67.046
-67.4212
-66.1317
-66.1405
-66.1583
-66.185
-66.2206
-66.2654
-66.3197
-66.3833
-66.4556
-66.5353
-66.6219
-66.7196
-66.8281
-66.9312
-66.8506
-66.0796
-66.0887
-66.1068
-66.134
-66.1704
-66.2161
-66.2713
-66.336
-66.4092
-66.4892
-66.5746
-66.6689
-66.777
-66.9432
-67.482
-66.0201
-66.0293
-66.0478
-66.0756
-66.1128
-66.1595
-66.2159
-66.2819
-66.3564
-66.437
-66.5212
-66.6077
-66.6838
-66.6959
-66.3146
-65.953
-65.9624
-65.9813
-66.0097
-66.0478
-66.0956
-66.1534
-66.2211
-66.2975
-66.3802
-66.466
-66.5531
-66.6333
-66.7211
-67.084
-65.8781
-65.8878
-65.9071
-65.9362
-65.9751
-66.0241
-66.0835
-66.1533
-66.2326
-66.3191
-66.41
-66.5024
-66.5759
-66.5548
-66.0818
-65.7953
-65.8052
-65.825
-65.8547
-65.8946
-65.9449
-66.006
-66.0781
-66.1608
-66.2526
-66.3529
-66.464
-66.5826
-66.7015
-66.8035
-65.7045
-65.7146
-65.7348
-65.7652
-65.806
-65.8576
-65.9204
-65.9948
-66.0808
-66.1781
-66.2882
-66.4195
-66.5873
-66.8594
-67.6104
-65.6055
-65.6158
-65.6364
-65.6675
-65.7092
-65.7619
-65.8262
-65.9025
-65.9912
-66.0925
-66.2087
-66.3489
-66.5179
-66.6841
-66.4794
-65.4982
-65.5087
-65.5297
-65.5614
-65.6039
-65.6576
-65.7231
-65.8009
-65.8912
-65.9942
-66.1127
-66.2576
-66.4486
-66.7659
-67.6944
-65.3824
-65.393
-65.4144
-65.4467
-65.4899
-65.5445
-65.611
-65.6897
-65.7805
-65.8829
-65.9982
-66.1334
-66.29
-66.4226
-66.0345
-65.2579
-65.2688
-65.2905
-65.3233
-65.3672
-65.4227
-65.49
-65.5693
-65.66
-65.7604
-65.8699
-65.9934
-66.1464
-66.4403
-67.6536
-65.1248
-65.1358
-65.1579
-65.1911
-65.2357
-65.292
-65.3601
-65.4402
-65.5309
-65.6295
-65.7317
-65.8322
-65.9032
-65.8188
-64.7849
-64.9828
-64.9939
-65.0164
-65.0501
-65.0953
-65.1524
-65.2216
-65.3027
-65.3946
-65.4937
-65.5947
-65.6907
-65.7662
-65.8561
-66.5576
-64.8318
-64.8431
-64.8658
-64.9
-64.9459
-65.0038
-65.0742
-65.1571
-65.2514
-65.3544
-65.4612
-65.5626
-65.6175
-65.4681
-64.3528
-64.6718
-64.6832
-64.7062
-64.7408
-64.7873
-64.8461
-64.9177
-65.0025
-65.1004
-65.2103
-65.3314
-65.4659
-65.6089
-65.7501
-65.8671
-64.5026
-64.5142
-64.5374
-64.5724
-64.6194
-64.6788
-64.7515
-64.8381
-64.9393
-65.0561
-65.1923
-65.3625
-65.5999
-66.0482
-67.4773
-64.3242
-64.3359
-64.3593
-64.3946
-64.4419
-64.5018
-64.5751
-64.6627
-64.7657
-64.8861
-65.0297
-65.2114
-65.4427
-65.6646
-65.1552
-64.1365
-64.1483
-64.1719
-64.2073
-64.2549
-64.315
-64.3883
-64.4757
-64.5782
-64.6977
-64.8405
-65.0252
-65.2903
-65.7881
-67.4329
-63.9395
-63.9513
-63.9751
-64.0107
-64.0584
-64.1184
-64.1912
-64.2774
-64.3771
-64.4909
-64.6223
-64.7822
-64.9745
-65.1145
-64.2838
-63.733
-63.745
-63.7689
-63.8047
-63.8525
-63.9124
-63.9845
-64.0688
-64.1643
-64.2696
-64.3843
-64.5159
-64.6932
-65.1145
-67.1558
-63.5171
-63.5291
-63.5533
-63.5894
-63.6374
-63.6973
-63.7688
-63.8514
-63.9431
-64.0396
-64.1345
-64.217
-64.2408
-63.9888
-62.0776
-63.2916
-63.3038
-63.3283
-63.3648
-63.4133
-63.4735
-63.5451
-63.627
-63.7166
-63.8084
-63.8934
-63.958
-63.9781
-64.0148
-65.0685
-63.0564
-63.0689
-63.0938
-63.131
-63.1802
-63.2413
-63.3137
-63.3964
-63.4868
-63.5798
-63.6664
-63.729
-63.7021
-63.3338
-61.3923
-62.8114
-62.8242
-62.8497
-62.8878
-62.9382
-63.0006
-63.0747
-63.1596
-63.2535
-63.3533
-63.4561
-63.5614
-63.6616
-63.7446
-63.7954
-62.5563
-62.5695
-62.5958
-62.635
-62.6869
-62.7513
-62.8278
-62.9158
-63.0143
-63.1226
-63.2441
-63.3965
-63.6312
-64.1771
-66.248
-62.291
-62.3046
-62.3318
-62.3724
-62.4263
-62.493
-62.5724
-62.6638
-62.7664
-62.8805
-63.0107
-63.1735
-63.3829
-63.5499
-62.5932
-62.015
-62.0292
-62.0574
-62.0997
-62.1559
-62.2255
-62.3082
-62.4032
-62.509
-62.6248
-62.7547
-62.9174
-63.1623
-63.7024
-65.8476
-61.7281
-61.7428
-61.7723
-61.8165
-61.8753
-61.9484
-62.0351
-62.1342
-62.2428
-62.3572
-62.4758
-62.6035
-62.735
-62.7397
-61.336
-61.4298
-61.4451
-61.4759
-61.5221
-61.584
-61.6612
-61.7531
-61.8577
-61.9707
-62.0846
-62.1907
-62.2861
-62.3939
-62.7544
-65.1331
-61.1198
-61.1357
-61.1677
-61.216
-61.2812
-61.3633
-61.4619
-61.5747
-61.6963
-61.8153
-61.9131
-61.9593
-61.8758
-61.367
-58.687
-60.7977
-60.814
-60.847
-60.8974
-60.9659
-61.0534
-61.1603
-61.2849
-61.4219
-61.5584
-61.6712
-61.722
-61.6511
-61.4869
-62.3019
-60.4631
-60.4797
-60.5133
-60.5651
-60.6366
-60.7297
-60.8459
-60.9858
-61.146
-61.316
-61.4724
-61.5682
-61.4897
-60.926
-58.6097
-60.116
-60.1324
-60.166
-60.2183
-60.2917
-60.3893
-60.5148
-60.6718
-60.8617
-61.0809
-61.3158
-61.5347
-61.6636
-61.5818
-61.2087
-59.7564
-59.7722
-59.8047
-59.856
-59.9292
-60.0289
-60.1614
-60.3341
-60.5554
-60.8327
-61.1702
-61.5631
-61.9823
-62.4392
-63.5616
-59.3848
-59.3993
-59.4294
-59.4776
-59.5476
-59.6454
-59.7796
-59.962
-60.2085
-60.5407
-60.9862
-61.5725
-62.2731
-62.8339
-62.1174
-59.0022
-59.0146
-59.0407
-59.083
-59.1459
-59.2362
-59.364
-59.5445
-59.8006
-60.1679
-60.7044
-61.5017
-62.6594
-64.1149
-64.7778
-58.61
-58.6195
-58.6398
-58.6733
-58.7246
-58.8004
-58.9114
-59.0738
-59.3138
-59.6755
-60.2417
-61.1801
-62.8372
-65.9459
-71.628
-58.2101
-58.2159
-58.2286
-58.2505
-58.2855
-58.3397
-58.4226
-58.5486
-58.7409
-59.0392
-59.5208
-60.3586
-62.0055
-65.9894
-78.7192
-79.1856
-66.3854
-62.339
-60.6638
-59.8164
-59.333
-59.0362
-58.8462
-58.7224
-58.6414
-58.5886
-58.5547
-58.5335
-58.5212
-58.5156
-72.5302
-66.3359
-63.1059
-61.4238
-60.487
-59.9283
-59.5749
-59.3422
-59.1854
-59.0787
-59.006
-58.9571
-58.9251
-58.9058
-58.8968
-64.6957
-64.227
-62.7964
-61.6656
-60.8949
-60.3795
-60.0285
-59.7846
-59.6131
-59.4918
-59.4064
-59.3469
-59.3069
-59.2824
-59.2707
-62.6914
-62.7851
-62.2769
-61.6572
-61.1255
-60.7147
-60.4062
-60.1761
-60.0054
-59.8797
-59.788
-59.7223
-59.6773
-59.6491
-59.6355
-60.6344
-61.7603
-61.8333
-61.5871
-61.2719
-60.9774
-60.7278
-60.5255
-60.3662
-60.2435
-60.1508
-60.0827
-60.035
-60.0047
-59.99
-61.5965
-61.4659
-61.6098
-61.5646
-61.4038
-61.2073
-61.0149
-60.8442
-60.7011
-60.5859
-60.4959
-60.428
-60.3796
-60.3485
-60.3333
-58.8733
-60.9799
-61.516
-61.6219
-61.5603
-61.4325
-61.2854
-61.1428
-61.0163
-60.9103
-60.8249
-60.7591
-60.7113
-60.6802
-60.665
-62.4588
-61.5836
-61.7193
-61.7951
-61.7625
-61.6695
-61.5511
-61.4294
-61.317
-61.2198
-61.1397
-61.0768
-61.0305
-61.0001
-60.985
-58.9063
-61.4844
-61.9624
-62.0432
-62.0066
-61.9222
-61.8174
-61.7087
-61.6066
-61.5169
-61.4418
-61.3821
-61.3376
-61.3082
-61.2936
-65.1775
-62.8428
-62.4797
-62.3722
-62.2836
-62.1874
-62.0847
-61.9825
-61.8873
-61.8033
-61.7326
-61.6758
-61.6333
-61.6051
-61.591
-61.4826
-62.831
-62.8179
-62.6876
-62.5658
-62.4552
-62.35
-62.2505
-62.1597
-62.0801
-62.0129
-61.9588
-61.9182
-61.891
-61.8775
-65.8478
-63.7638
-63.2356
-62.9965
-62.8402
-62.7174
-62.6095
-62.5117
-62.424
-62.3477
-62.2834
-62.2316
-62.1926
-62.1665
-62.1535
-62.6912
-63.615
-63.4509
-63.2473
-63.091
-62.9673
-62.8604
-62.7648
-62.6799
-62.6063
-62.5445
-62.4947
-62.4571
-62.4319
-62.4193
-66.2253
-64.2206
-63.6918
-63.4649
-63.319
-63.2035
-63.1017
-63.0096
-62.9276
-62.8563
-62.7965
-62.7483
-62.7119
-62.6875
-62.6753
-63.8473
-63.8003
-63.7213
-63.6256
-63.5257
-63.4284
-63.3346
-63.2466
-63.1672
-63.0979
-63.0397
-62.9927
-62.9573
-62.9336
-62.9217
-61.5162
-63.4012
-63.7605
-63.7886
-63.7304
-63.6488
-63.5616
-63.4768
-63.3992
-63.3314
-63.2742
-63.2282
-63.1935
-63.1703
-63.1587
-65.0779
-64.0604
-64.028
-64.0111
-63.9512
-63.8713
-63.7851
-63.701
-63.624
-63.5568
-63.5003
-63.4549
-63.4208
-63.3979
-63.3865
-62.1729
-64.0346
-64.2829
-64.2627
-64.1857
-64.0962
-64.0055
-63.9193
-63.8415
-63.7742
-63.718
-63.6729
-63.6391
-63.6165
-63.6052
-67.1077
-65.1282
-64.7225
-64.5533
-64.4287
-64.3201
-64.2208
-64.1308
-64.0513
-63.9834
-63.9271
-63.8821
-63.8485
-63.8261
-63.8149
-64.3132
-65.1279
-64.9959
-64.8123
-64.6604
-64.5356
-64.428
-64.3339
-64.2526
-64.184
-64.1274
-64.0826
-64.0491
-64.0268
-64.0157
-67.3815
-65.784
-65.3034
-65.0489
-64.8729
-64.7371
-64.624
-64.5272
-64.4447
-64.3755
-64.3189
-64.2742
-64.2408
-64.2187
-64.2077
-65.1598
-65.6635
-65.4519
-65.2304
-65.0573
-64.9208
-64.807
-64.7097
-64.627
-64.5579
-64.5014
-64.4568
-64.4237
-64.4017
-64.3908
-67.4309
-66.0386
-65.6053
-65.3778
-65.2161
-65.0869
-64.9766
-64.8811
-64.7993
-64.7308
-64.6748
-64.6306
-64.5977
-64.5759
-64.5651
-65.8554
-65.7467
-65.6141
-65.479
-65.3522
-65.2377
-65.1342
-65.042
-64.962
-64.8945
-64.8392
-64.7955
-64.763
-64.7414
-64.7307
-64.37
-65.4705
-65.6227
-65.5739
-65.4795
-65.379
-65.2822
-65.1935
-65.1154
-65.0492
-64.9947
-64.9516
-64.9195
-64.8983
-64.8877
-66.5348
-65.8518
-65.7691
-65.6999
-65.6106
-65.5158
-65.4228
-65.3365
-65.2602
-65.1951
-65.1415
-65.0991
-65.0675
-65.0466
-65.0361
-64.7886
-65.8153
-65.9042
-65.8393
-65.7455
-65.6494
-65.5569
-65.4717
-65.3966
-65.3326
-65.2798
-65.2381
-65.207
-65.1864
-65.1761
-67.621
-66.4289
-66.1443
-65.9984
-65.8817
-65.7784
-65.6841
-65.5991
-65.5247
-65.4616
-65.4097
-65.3687
-65.3382
-65.3179
-65.3078
-66.0191
-66.4114
-66.2862
-66.1365
-66.0083
-65.8993
-65.8031
-65.7181
-65.6444
-65.5822
-65.5313
-65.491
-65.4611
-65.4412
-65.4313
-67.6679
-66.7522
-66.4432
-66.2593
-66.1214
-66.0093
-65.9126
-65.8282
-65.7556
-65.6945
-65.6446
-65.6052
-65.5759
-65.5565
-65.5468
-66.4587
-66.6707
-66.5116
-66.3495
-66.2164
-66.1066
-66.0118
-65.9292
-65.8582
-65.7985
-65.7498
-65.7113
-65.6827
-65.6638
-65.6544
-67.5918
-66.8459
-66.5802
-66.4191
-66.2949
-66.1914
-66.1009
-66.0212
-65.9523
-65.8944
-65.847
-65.8096
-65.7818
-65.7633
-65.7542
-66.7824
-66.6867
-66.5744
-66.4626
-66.3587
-66.2654
-66.1806
-66.1046
-66.0384
-65.9825
-65.9365
-65.9003
-65.8732
-65.8553
-65.8464
-66.054
-66.5381
-66.5665
-66.4999
-66.415
-66.3314
-66.2525
-66.1803
-66.1168
-66.0629
-66.0186
-65.9835
-65.9573
-65.9399
-65.9313
-67.0663
-66.7049
-66.6228
-66.5494
-66.4703
-66.3924
-66.3178
-66.249
-66.1881
-66.1362
-66.0934
-66.0595
-66.0341
-66.0173
-66.0089
-66.2818
-66.6768
-66.6712
-66.6023
-66.5244
-66.449
-66.3774
-66.3112
-66.2526
-66.2026
-66.1613
-66.1285
-66.104
-66.0877
-66.0796
-67.4746
-66.9257
-66.7618
-66.661
-66.5765
-66.5011
-66.4313
-66.3673
-66.3107
-66.2624
-66.2224
-66.1907
-66.167
-66.1513
-66.1434
-66.8261
-66.9064
-66.8068
-66.7077
-66.6222
-66.5475
-66.4793
-66.4173
-66.3625
-66.3157
-66.2771
-66.2464
-66.2235
-66.2082
-66.2006
-67.4203
-67.011
-66.8495
-66.7445
-66.6601
-66.5875
-66.5213
-66.4612
-66.4082
-66.3629
-66.3255
-66.2957
-66.2735
-66.2587
-66.2513
-67.0294
-66.9425
-66.8514
-66.7664
-66.6897
-66.6209
-66.5574
-66.4993
-66.4479
-66.404
-66.3677
-66.3388
-66.3172
-66.3028
-66.2957
-66.7132
-66.8758
-66.8472
-66.7821
-66.7134
-66.6489
-66.588
-66.5318
-66.482
-66.4393
-66.404
-66.3759
-66.3549
-66.3409
-66.3339
-67.1309
-66.9411
-66.8666
-66.7997
-66.7341
-66.6723
-66.6136
-66.559
-66.5105
-66.4689
-66.4344
-66.407
-66.3865
-66.3729
-66.3661
-66.8625
-66.9251
-66.879
-66.8158
-66.7519
-66.6917
-66.6344
-66.5811
-66.5336
-66.4929
-66.4592
-66.4324
-66.4124
-66.399
-66.3923
-67.1547
-66.9838
-66.9016
-66.8318
-66.767
-66.7072
-66.6507
-66.5982
-66.5515
-66.5116
-66.4785
-66.4521
-66.4324
-66.4193
-66.4128
-66.9902
-66.9798
-66.9137
-66.8439
-66.7784
-66.7185
-66.6623
-66.6104
-66.5643
-66.5248
-66.4922
-66.4663
-66.4469
-66.434
-66.4275
-67.1497
-67.0135
-66.9267
-66.8523
-66.7856
-66.7254
-66.6693
-66.6176
-66.5719
-66.5328
-66.5005
-66.4749
-66.4557
-66.443
-66.4366
-67.1157
-67.012
-66.9293
-66.855
-66.7879
-66.7275
-66.6714
-66.6199
-66.5743
-66.5355
-66.5034
-66.478
-66.459
-66.4464
-66.4401
-67.038
-66.9951
-66.9241
-66.8523
-66.7854
-66.7248
-66.6686
-66.617
-66.5715
-66.5328
-66.501
-66.4757
-66.4568
-66.4443
-66.4381
-67.1344
-66.9966
-66.9178
-66.8456
-66.7783
-66.7173
-66.6607
-66.609
-66.5635
-66.5249
-66.4931
-66.4679
-66.4492
-66.4367
-66.4305
-66.8965
-66.9563
-66.9051
-66.8349
-66.7666
-66.7047
-66.6476
-66.5957
-66.5502
-66.5116
-66.4799
-66.4548
-66.4361
-66.4236
-66.4174
-67.0757
-66.9919
-66.9039
-66.8225
-66.7503
-66.6869
-66.6292
-66.5772
-66.5316
-66.493
-66.4613
-66.4362
-66.4175
-66.4051
-66.3989
-67.3273
-67.0295
-66.8963
-66.8032
-66.7275
-66.6631
-66.6053
-66.5531
-66.5076
-66.469
-66.4373
-66.4123
-66.3936
-66.3811
-66.3749
-66.922
-66.9516
-66.8592
-66.7713
-66.6967
-66.6329
-66.5755
-66.5237
-66.4782
-66.4397
-66.408
-66.3829
-66.3642
-66.3517
-66.3455
-67.3884
-66.9575
-66.8173
-66.7295
-66.6582
-66.5965
-66.5402
-66.4888
-66.4436
-66.4051
-66.3733
-66.3481
-66.3293
-66.3168
-66.3106
-66.4906
-66.7605
-66.7373
-66.6756
-66.6128
-66.5545
-66.4996
-66.4488
-66.4037
-66.3652
-66.3333
-66.308
-66.289
-66.2764
-66.2702
-67.0972
-66.7662
-66.6823
-66.6221
-66.5639
-66.5082
-66.4544
-66.4039
-66.3588
-66.3201
-66.288
-66.2624
-66.2433
-66.2306
-66.2242
-66.2963
-66.5992
-66.609
-66.5667
-66.5132
-66.4588
-66.4051
-66.3544
-66.3089
-66.2698
-66.2373
-66.2114
-66.1921
-66.1792
-66.1728
-66.9505
-66.6348
-66.5702
-66.5186
-66.4628
-66.4069
-66.3521
-66.3004
-66.2541
-66.2143
-66.1813
-66.155
-66.1353
-66.1222
-66.1156
-66.0914
-66.4949
-66.5208
-66.4729
-66.4121
-66.3524
-66.2951
-66.2418
-66.1943
-66.1536
-66.1199
-66.093
-66.0729
-66.0595
-66.0529
-66.7128
-66.6162
-66.5208
-66.4356
-66.3606
-66.2944
-66.2337
-66.1782
-66.1293
-66.0875
-66.0529
-66.0254
-66.0048
-65.9911
-65.9843
-67.4153
-66.7358
-66.512
-66.3906
-66.3027
-66.2307
-66.1668
-66.1093
-66.0588
-66.0157
-65.9802
-65.952
-65.9309
-65.9168
-65.9098
-66.3304
-66.538
-66.4303
-66.3218
-66.2335
-66.1597
-66.0938
-66.0345
-65.9825
-65.9383
-65.9017
-65.8727
-65.851
-65.8366
-65.8294
-67.3885
-66.5581
-66.3474
-66.2385
-66.1542
-66.0812
-66.0145
-65.9539
-65.9004
-65.8549
-65.8173
-65.7874
-65.7651
-65.7502
-65.7428
-65.4677
-66.1467
-66.1922
-66.1375
-66.0667
-65.9964
-65.9293
-65.8673
-65.8124
-65.7655
-65.7267
-65.6959
-65.6729
-65.6576
-65.65
-66.6588
-66.1743
-66.1049
-66.0473
-65.9785
-65.9077
-65.8388
-65.7749
-65.7182
-65.6698
-65.6298
-65.5981
-65.5743
-65.5586
-65.5507
-65.1601
-65.9127
-66.0076
-65.9644
-65.8914
-65.8158
-65.7433
-65.6766
-65.6178
-65.5678
-65.5265
-65.4937
-65.4693
-65.453
-65.4449
-66.1924
-66.1068
-66.0045
-65.9016
-65.8059
-65.7199
-65.6419
-65.572
-65.5109
-65.4592
-65.4165
-65.3827
-65.3575
-65.3407
-65.3323
-67.2977
-66.3115
-66.0001
-65.8334
-65.7135
-65.6167
-65.5333
-65.4602
-65.397
-65.3437
-65.2997
-65.2649
-65.2388
-65.2215
-65.2128
-65.6938
-66.0467
-65.8934
-65.7322
-65.6046
-65.5025
-65.4159
-65.3407
-65.2759
-65.2211
-65.1759
-65.14
-65.1131
-65.0952
-65.0862
-67.266
-66.1324
-65.7905
-65.6071
-65.4778
-65.3758
-65.289
-65.2131
-65.1472
-65.0912
-65.0449
-65.0079
-64.9802
-64.9616
-64.9524
-65.0804
-65.6672
-65.576
-65.444
-65.3317
-65.2369
-65.1529
-65.0776
-65.0112
-64.9542
-64.9067
-64.8685
-64.8398
-64.8206
-64.811
-67.0589
-65.6718
-65.3882
-65.2666
-65.1731
-65.0887
-65.0091
-64.935
-64.8683
-64.8101
-64.7612
-64.7218
-64.6919
-64.6719
-64.6619
-63.589
-64.9091
-65.0864
-65.0691
-65.008
-64.9355
-64.8599
-64.7865
-64.7188
-64.6591
-64.6085
-64.5674
-64.5363
-64.5153
-64.5048
-65.6402
-64.9391
-64.9181
-64.9016
-64.8507
-64.7826
-64.7077
-64.6331
-64.5634
-64.5013
-64.4484
-64.4053
-64.3725
-64.3505
-64.3394
-63.1783
-64.496
-64.745
-64.7574
-64.705
-64.6327
-64.5539
-64.4755
-64.4021
-64.3367
-64.2808
-64.2351
-64.2004
-64.177
-64.1653
-64.8266
-64.7941
-64.7347
-64.6578
-64.5728
-64.4857
-64.3981
-64.3134
-64.2349
-64.1651
-64.1053
-64.0566
-64.0195
-63.9945
-63.982
-66.51
-65.1101
-64.7348
-64.5633
-64.442
-64.3372
-64.239
-64.1463
-64.0613
-63.9859
-63.9215
-63.8691
-63.8293
-63.8025
-63.789
-64.0674
-64.7137
-64.592
-64.4333
-64.2995
-64.1827
-64.0744
-63.9731
-63.8805
-63.7985
-63.7288
-63.672
-63.629
-63.6002
-63.5857
-66.2986
-64.8496
-64.4734
-64.2855
-64.1449
-64.0207
-63.9035
-63.793
-63.6918
-63.6023
-63.5263
-63.4647
-63.4181
-63.3869
-63.3713
-63.2883
-64.2395
-64.2225
-64.1045
-63.9786
-63.8523
-63.7266
-63.6058
-63.4945
-63.3962
-63.3131
-63.2461
-63.1957
-63.162
-63.1452
-65.8891
-64.301
-64.0402
-63.9285
-63.8122
-63.6819
-63.545
-63.4111
-63.2876
-63.1792
-63.0881
-63.0152
-62.9607
-62.9244
-62.9064
-61.6425
-63.4399
-63.7529
-63.7553
-63.6555
-63.5144
-63.3599
-63.2083
-63.0699
-62.9498
-62.8499
-62.7708
-62.7122
-62.6734
-62.6541
-64.1208
-63.6089
-63.6799
-63.6527
-63.527
-63.355
-63.1712
-62.9957
-62.839
-62.7057
-62.5968
-62.5115
-62.449
-62.4079
-62.3876
-61.8851
-63.3723
-63.6739
-63.6181
-63.4304
-63.2024
-62.9755
-62.7692
-62.5915
-62.4443
-62.3265
-62.2358
-62.17
-62.1272
-62.1061
-63.7078
-63.9584
-63.9146
-63.6747
-63.3616
-63.0477
-62.7642
-62.522
-62.3223
-62.1621
-62.0368
-61.9421
-61.8743
-61.8305
-61.8091
-65.3672
-64.7481
-64.2903
-63.7817
-63.2932
-62.8706
-62.523
-62.2446
-62.0253
-61.8551
-61.7253
-61.629
-61.561
-61.5176
-61.4964
-65.197
-65.425
-64.7002
-63.874
-63.1788
-62.6404
-62.2327
-61.9252
-61.6935
-61.5195
-61.39
-61.2957
-61.2299
-61.1884
-61.1682
-67.1484
-66.7628
-65.1794
-63.8748
-62.955
-62.3185
-61.8718
-61.5526
-61.3212
-61.1524
-61.0297
-60.9418
-60.8814
-60.8435
-60.8253
-75.52
-68.9315
-65.4643
-63.6078
-62.5336
-61.8638
-61.4217
-61.1183
-60.9049
-60.7529
-60.6445
-60.5682
-60.5164
-60.4843
-60.4689
-82.3343
-68.9316
-64.6299
-62.7971
-61.8305
-61.25
-60.8744
-60.6209
-60.4454
-60.3226
-60.2365
-60.1769
-60.1371
-60.1127
-60.1011
-57.7648
-57.7657
-57.7684
-57.7746
-57.7871
-57.8105
-57.8514
-57.9193
-58.0279
-58.1972
-58.4559
-58.8364
-59.303
-59.3556
-55.7774
-57.2767
-57.2715
-57.2615
-57.2477
-57.2315
-57.215
-57.2006
-57.191
-57.1876
-57.1869
-57.1724
-57.0892
-56.7662
-55.749
-53.1151
-56.7926
-56.7808
-56.7573
-56.7222
-56.6753
-56.6163
-56.5442
-56.4555
-56.3426
-56.1883
-55.9576
-55.5811
-54.9218
-53.7579
-51.8869
-56.319
-56.3006
-56.2636
-56.2071
-56.1301
-56.0301
-55.9035
-55.7433
-55.5374
-55.2642
-54.8883
-54.3543
-53.5801
-52.4734
-51.0074
-55.8626
-55.8379
-55.788
-55.7116
-55.6067
-55.4698
-55.2956
-55.076
-54.7978
-54.4411
-53.977
-53.3678
-52.5697
-51.5474
-50.31
-55.4296
-55.3993
-55.3378
-55.2436
-55.1142
-54.9458
-54.7325
-54.4663
-54.1353
-53.7233
-53.2094
-52.5698
-51.7822
-50.8352
-49.7427
-55.0259
-54.9906
-54.919
-54.8097
-54.6599
-54.4657
-54.2217
-53.9206
-53.5528
-53.106
-52.566
-51.9186
-51.1531
-50.2675
-49.2745
-54.6565
-54.6169
-54.537
-54.4152
-54.2488
-54.0344
-53.7672
-53.4411
-53.0486
-52.5809
-52.029
-51.3846
-50.6431
-49.8064
-48.8849
-54.3255
-54.2825
-54.1958
-54.064
-53.8848
-53.655
-53.3707
-53.0272
-52.6187
-52.1394
-51.5835
-50.9467
-50.2276
-49.4294
-48.5605
-54.0364
-53.9907
-53.8987
-53.7592
-53.5702
-53.329
-53.0326
-52.6773
-52.259
-51.7737
-51.2182
-50.5904
-49.8906
-49.1223
-48.2925
-53.7919
-53.7442
-53.6482
-53.5029
-53.3066
-53.0573
-52.7525
-52.3894
-51.9652
-51.4775
-50.9244
-50.3052
-49.6213
-48.876
-48.0751
-53.5941
-53.5449
-53.446
-53.2964
-53.095
-52.84
-52.5295
-52.1615
-51.7341
-51.2458
-50.6956
-50.084
-49.4124
-48.6844
-47.9047
-53.4446
-53.3943
-53.2933
-53.1409
-52.936
-52.6772
-52.3631
-51.9921
-51.563
-51.0749
-50.5276
-49.9218
-49.2594
-48.5436
-47.7787
-53.3444
-53.2934
-53.1912
-53.037
-52.8299
-52.5688
-52.2526
-51.8799
-51.45
-50.9623
-50.4171
-49.8153
-49.1589
-48.4509
-47.6956
-53.2941
-53.2428
-53.1399
-52.9849
-52.7768
-52.5147
-52.1974
-51.824
-51.3938
-50.9064
-50.3623
-49.7625
-49.109
-48.405
-47.6542
-44.6341
-51.0049
-50.9445
-45.2155
-39.861
-26.0288
-39.8281
-45.3372
-52.1284
-52.0686
-45.2131
-41.5973
-35.781
-31.0602
-19.9729
-29.775
-33.4112
-37.4422
-36.7602
-30.5094
-26.0732
-16.2305
-23.2785
-25.6392
-27.5346
-28.6444
-30.881
-29.9192
-24.4513
-20.7647
-12.9034
-18.3217
-20.1473
-21.6537
-22.5795
-24.4974
-23.8413
-19.7104
-16.8838
-10.7284
-15.4702
-17.2396
-19.0602
-20.2718
-22.7932
-22.7037
-19.8891
-18.503
-16.4054
-14.5574
-9.89996
-15.2069
-17.5076
-20.658
-20.8668
-18.3941
-16.3289
-11.0017
-16.7879
-19.2839
-22.4239
-24.4685
-28.4686
-28.6876
-25.3279
-22.5006
-15.1388
-23.3463
-26.9116
-31.4321
-34.3539
-40.0342
-40.3474
-35.5955
-31.5618
-21.0543
-32.5533
-37.4594
-43.5394
-47.3962
-54.8386
-55.0176
-48.0586
-42.2788
-27.6201
-42.3818
-48.0693
-54.1027
-54.0241
-46.8205
-49.4346
-49.0907
-47.8119
-44.8956
-41.5796
-38.2968
-41.0267
-43.7699
-45.9891
-45.7303
-43.0397
-40.0264
-36.459
-33.042
-29.8382
-31.2591
-32.7201
-33.7045
-32.8911
-30.2012
-27.2911
-24.3691
-25.1778
-26.1801
-27.0681
-27.644
-27.92
-26.9178
-24.4909
-22.0081
-19.588
-20.1457
-20.9088
-21.6266
-22.1399
-22.4613
-21.7904
-20.023
-18.2151
-16.4938
-17.2432
-18.1979
-19.2075
-20.0791
-20.8795
-20.775
-19.7516
-18.6751
-17.453
-16.3143
-15.3516
-16.6392
-17.989
-19.2291
-19.4804
-18.7645
-17.8525
-17.0026
-18.652
-20.4753
-22.4409
-24.1817
-25.833
-26.1984
-25.2754
-24.0893
-22.9972
-25.4019
-28.0375
-30.8687
-33.3597
-35.705
-36.21
-34.8703
-33.1259
-31.4734
-34.7293
-38.2629
-41.9974
-45.2031
-48.1248
-48.4811
-46.2268
-43.3714
-40.4947
-43.9937
-47.4913
-50.5171
-51.7398
-51.8876
-49.8456
-48.5218
-47.0364
-45.1508
-43.2497
-41.906
-42.2055
-42.9566
-43.4177
-42.8934
-41.3305
-39.2533
-36.9205
-34.7166
-33.0439
-32.6857
-32.7153
-32.5561
-31.7243
-30.2105
-28.5263
-27.1359
-26.7987
-26.8862
-27.0517
-27.0764
-26.8004
-25.9688
-24.6118
-23.162
-21.9854
-21.6747
-21.7362
-21.8953
-21.9776
-21.8551
-21.3197
-20.3953
-19.4223
-18.7024
-18.7216
-19.0784
-19.5544
-19.9904
-20.2699
-20.1709
-19.6918
-19.0582
-18.3814
-17.8187
-17.5638
-17.9826
-18.6291
-19.2252
-19.4879
-19.4181
-19.2876
-19.4051
-20.2666
-21.4625
-22.7824
-24.0245
-25.05
-25.5652
-25.6025
-25.5434
-25.8205
-27.1257
-28.8825
-30.7956
-32.5759
-34.0263
-34.7293
-34.7283
-34.5578
-34.8249
-36.5052
-38.7774
-41.217
-43.4191
-45.105
-45.7036
-45.2606
-44.4945
-44.188
-45.6075
-47.5922
-49.5278
-51.0021
-52.274
-49.4976
-48.1848
-46.8366
-45.4275
-44.1165
-43.1484
-42.7337
-42.5604
-42.2648
-41.552
-40.3616
-38.8483
-37.1961
-35.6263
-34.357
-33.5537
-32.9826
-32.3766
-31.5398
-30.4657
-29.3388
-28.3867
-27.8086
-27.4805
-27.2387
-26.9424
-26.4816
-25.7772
-24.8673
-23.9234
-23.1366
-22.6685
-22.4241
-22.2754
-22.1114
-21.8444
-21.41
-20.8385
-20.2661
-19.8478
-19.7149
-19.7883
-19.9599
-20.1283
-20.2062
-20.1155
-19.8555
-19.5043
-19.1467
-18.8807
-18.8068
-18.9993
-19.3423
-19.7026
-19.9748
-20.1601
-20.3661
-20.7372
-21.4006
-22.2716
-23.2369
-24.1799
-25.0027
-25.6206
-26.0693
-26.5141
-27.1641
-28.1998
-29.503
-30.914
-32.2678
-33.4244
-34.2628
-34.8309
-35.3597
-36.1417
-37.429
-39.0509
-40.7787
-42.3782
-43.651
-44.426
-44.7595
-44.9556
-45.3953
-46.4069
-47.7632
-49.2022
-50.5556
-51.8558
-49.0607
-47.898
-46.7235
-45.5624
-44.489
-43.5934
-42.9136
-42.34
-41.7121
-40.898
-39.8574
-38.6431
-37.3527
-36.1034
-34.9989
-34.0875
-33.3001
-32.5297
-31.6971
-30.7973
-29.9001
-29.099
-28.459
-27.951
-27.5047
-27.0456
-26.5145
-25.8821
-25.1723
-24.4594
-23.8295
-23.3408
-22.9749
-22.6786
-22.3942
-22.0754
-21.699
-21.2837
-20.8888
-20.583
-20.412
-20.3574
-20.3711
-20.3974
-20.3866
-20.3046
-20.1514
-19.9606
-19.781
-19.6672
-19.6667
-19.8001
-20.0317
-20.3075
-20.5876
-20.8732
-21.2076
-21.6491
-22.2364
-22.9459
-23.7239
-24.5094
-25.2508
-25.9206
-26.5423
-27.1897
-27.9526
-28.8893
-29.9685
-31.1155
-32.2441
-33.2809
-34.1858
-34.9904
-35.7973
-36.7308
-37.8713
-39.172
-40.5253
-41.8078
-42.9139
-43.7841
-44.4563
-45.0658
-45.779
-46.7097
-47.8155
-48.9999
-50.1854
-51.3487
-48.6548
-47.6274
-46.5901
-45.5703
-44.6049
-43.7271
-42.9402
-42.1973
-41.4273
-40.57
-39.6031
-38.5471
-37.4503
-36.372
-35.3625
-34.4431
-33.5931
-32.7729
-31.9512
-31.1258
-30.3231
-29.58
-28.9196
-28.3332
-27.7899
-27.2532
-26.6938
-26.0994
-25.4825
-24.8765
-24.3198
-23.8373
-23.4263
-23.0654
-22.7276
-22.3905
-22.0449
-21.7007
-21.3843
-21.1254
-20.9422
-20.8295
-20.7652
-20.7208
-20.6704
-20.5975
-20.5025
-20.4017
-20.3216
-20.2914
-20.3347
-20.4606
-20.6582
-20.9073
-21.1932
-21.517
-21.8958
-22.3518
-22.8972
-23.5221
-24.2009
-24.9029
-25.603
-26.2907
-26.9788
-27.6999
-28.4914
-29.3743
-30.3367
-31.3439
-32.3529
-33.3279
-34.2537
-35.147
-36.0527
-37.0221
-38.083
-39.2173
-40.3741
-41.4912
-42.5167
-43.4269
-44.243
-45.0261
-45.8491
-46.7599
-47.7539
-48.7956
-49.8468
-50.8808
-48.2963
-47.3702
-46.4311
-45.4991
-44.594
-43.7293
-42.9029
-42.0931
-41.2678
-40.3995
-39.4771
-38.5096
-37.5211
-36.5415
-35.5965
-34.6987
-33.8436
-33.0181
-32.211
-31.4218
-30.6608
-29.9422
-29.2744
-28.6537
-28.0662
-27.4943
-26.9239
-26.3498
-25.7779
-25.2235
-24.7042
-24.2315
-23.8063
-23.4201
-23.0609
-22.7186
-22.3896
-22.0787
-21.7977
-21.5596
-21.372
-21.2328
-21.1316
-21.0542
-20.9874
-20.9235
-20.8627
-20.814
-20.7914
-20.8107
-20.8846
-21.0189
-21.2112
-21.4549
-21.7451
-22.0824
-22.4735
-22.9265
-23.4444
-24.0216
-24.6453
-25.3001
-25.9735
-26.661
-27.3683
-28.1093
-28.8992
-29.7451
-30.6412
-31.5702
-32.511
-33.4462
-34.3687
-35.286
-36.2169
-37.1816
-38.1894
-39.2305
-40.2799
-41.3066
-42.2852
-43.2053
-44.0773
-44.9287
-45.7922
-46.6898
-47.6228
-48.5771
-49.5324
-50.4689
-47.9842
-47.1309
-46.2611
-45.3885
-44.5245
-43.6759
-42.8413
-42.0107
-41.1699
-40.3065
-39.4158
-38.5024
-37.5788
-36.6609
-35.7627
-34.8926
-34.0517
-33.237
-32.4454
-31.6774
-30.9376
-30.2314
-29.5619
-28.927
-28.3204
-27.7336
-27.1601
-26.5974
-26.0486
-25.5207
-25.022
-24.5583
-24.1308
-23.7366
-23.3705
-23.0284
-22.7089
-22.4144
-22.1502
-21.9221
-21.7331
-21.5822
-21.4645
-21.373
-21.3012
-21.2456
-21.2067
-21.1894
-21.2016
-21.2522
-21.3484
-21.4945
-21.6911
-21.9366
-22.2297
-22.5711
-22.9631
-23.4083
-23.9068
-24.4548
-25.0456
-25.6709
-26.3244
-27.0034
-27.7098
-28.449
-29.2266
-30.0444
-30.8985
-31.7799
-32.6778
-33.5829
-34.4914
-35.4056
-36.3325
-37.2792
-38.2477
-39.2318
-40.2183
-41.1913
-42.1381
-43.0531
-43.941
-44.8139
-45.6863
-46.5682
-47.4606
-48.3566
-49.2446
-50.1111
-47.7155
-46.9147
-46.0947
-45.2648
-44.4325
-43.602
-42.7734
-41.9428
-41.1042
-40.2527
-39.3868
-38.5097
-37.6284
-36.7519
-35.8886
-35.0444
-34.2222
-33.4226
-32.6458
-31.8929
-31.1662
-30.4681
-29.7998
-29.1602
-28.5463
-27.9543
-27.3811
-26.8257
-26.2897
-25.7764
-25.29
-24.8336
-24.4082
-24.0131
-23.6464
-23.3065
-22.9931
-22.7073
-22.4517
-22.2288
-22.04
-21.8848
-21.7606
-21.6643
-21.5927
-21.5445
-21.5203
-21.5231
-21.5575
-21.6287
-21.7413
-21.8983
-22.1012
-22.3503
-22.6456
-22.9875
-23.3769
-23.8141
-24.2984
-24.8273
-25.3966
-26.0019
-26.6392
-27.3068
-28.0046
-28.734
-29.4966
-30.2919
-31.1169
-31.9664
-32.8343
-33.7152
-34.6063
-35.5072
-36.4198
-37.3457
-38.2838
-39.2298
-40.1761
-41.114
-42.0364
-42.94
-43.8261
-44.6998
-45.5668
-46.4312
-47.2929
-48.1474
-48.9874
-49.8037
-47.4881
-46.7255
-45.942
-45.1441
-44.3372
-43.5248
-42.7079
-41.8859
-41.0568
-40.2194
-39.3738
-38.5228
-37.6709
-36.8237
-35.9868
-35.1647
-34.3603
-33.5756
-32.812
-32.0709
-31.3538
-30.6621
-29.9966
-29.3567
-28.7413
-28.1485
-27.5771
-27.0268
-26.4985
-25.994
-25.5155
-25.0648
-24.6428
-24.2495
-23.8845
-23.5473
-23.2381
-22.9575
-22.7068
-22.4873
-22.2995
-22.1433
-22.0175
-21.9207
-21.8515
-21.8097
-21.7958
-21.812
-21.8612
-21.9465
-22.0709
-22.2368
-22.4457
-22.6983
-22.9951
-23.3364
-23.7224
-24.1528
-24.6267
-25.1421
-25.6966
-26.2871
-26.9112
-27.5672
-28.2542
-28.9719
-29.7199
-30.4969
-31.3004
-32.1269
-32.9724
-33.8333
-34.7071
-35.5923
-36.4883
-37.3945
-38.3087
-39.2276
-40.146
-41.0589
-41.9617
-42.8519
-43.7292
-44.5949
-45.4509
-46.298
-47.1352
-47.959
-48.764
-49.544
-47.3005
-46.566
-45.8093
-45.0358
-44.2494
-43.4534
-42.6496
-41.8387
-41.0212
-40.1973
-39.3685
-38.5371
-37.7065
-36.8807
-36.0638
-35.2593
-34.4701
-33.6984
-32.946
-32.2144
-31.5051
-30.819
-30.1568
-29.5186
-28.904
-28.3123
-27.7432
-27.1968
-26.6736
-26.1748
-25.7017
-25.2554
-24.8367
-24.4459
-24.0832
-23.7487
-23.4426
-23.1654
-22.918
-22.7009
-22.5145
-22.3589
-22.2336
-22.138
-22.0719
-22.0353
-22.029
-22.0545
-22.1136
-22.2087
-22.3416
-22.5143
-22.728
-22.9835
-23.2814
-23.6217
-24.0046
-24.4296
-24.8957
-25.4015
-25.9452
-26.5247
-27.138
-27.7836
-28.4602
-29.1667
-29.9019
-30.6642
-31.4513
-32.2605
-33.0887
-33.9332
-34.7916
-35.6619
-36.5426
-37.4317
-38.3272
-39.2258
-40.1241
-41.0183
-41.9051
-42.7823
-43.6487
-44.5039
-45.3475
-46.179
-46.9965
-47.797
-48.5765
-49.33
-47.1517
-46.4374
-45.7005
-44.9452
-44.1749
-43.3928
-42.6009
-41.8009
-40.9942
-40.1822
-39.3666
-38.55
-37.735
-36.9249
-36.1229
-35.332
-34.5548
-33.7936
-33.0502
-32.3263
-31.6231
-30.9417
-30.2829
-29.647
-29.034
-28.4441
-27.8773
-27.3338
-26.8142
-26.3193
-25.8499
-25.4069
-24.991
-24.6027
-24.2422
-23.9099
-23.6062
-23.3315
-23.0863
-22.8711
-22.6861
-22.5317
-22.4076
-22.3139
-22.2506
-22.2182
-22.2174
-22.2493
-22.3153
-22.4171
-22.5561
-22.7337
-22.9509
-23.2086
-23.5071
-23.8466
-24.227
-24.6479
-25.1083
-25.6072
-26.143
-26.7141
-27.3189
-27.9559
-28.6237
-29.3207
-30.0455
-30.7962
-31.5708
-32.3669
-33.182
-34.0135
-34.8592
-35.717
-36.5847
-37.4602
-38.3411
-39.2247
-40.108
-40.9881
-41.8623
-42.7282
-43.5843
-44.4291
-45.2615
-46.0798
-46.882
-47.6651
-48.4259
-49.1603
-47.0408
-46.3406
-45.6177
-44.8754
-44.1171
-43.3456
-42.5633
-41.7723
-40.9745
-40.1718
-39.3663
-38.5602
-37.7563
-36.9573
-36.1659
-35.3849
-34.6166
-33.8633
-33.1267
-32.4085
-31.71
-31.0324
-30.3764
-29.7426
-29.1314
-28.5432
-27.9783
-27.437
-26.9199
-26.4276
-25.9608
-25.5203
-25.1065
-24.7201
-24.3614
-24.0308
-23.7288
-23.4559
-23.2123
-22.9985
-22.8148
-22.6615
-22.5388
-22.4468
-22.3859
-22.3565
-22.3595
-22.3958
-22.4664
-22.5727
-22.7158
-22.8967
-23.1165
-23.3756
-23.6746
-24.0134
-24.392
-24.8099
-25.2663
-25.7602
-26.2905
-26.8556
-27.4542
-28.0846
-28.7455
-29.4352
-30.1521
-30.8943
-31.6598
-32.4465
-33.2519
-34.0738
-34.9098
-35.7579
-36.6157
-37.481
-38.3513
-39.2241
-40.0967
-40.9666
-41.8311
-42.6882
-43.5358
-44.3721
-45.1953
-46.0035
-46.7944
-47.5651
-48.3128
-49.034
-46.9671
-46.276
-45.5619
-44.8282
-44.0778
-43.3135
-42.5379
-41.7532
-40.9616
-40.1652
-39.3663
-38.5673
-37.7705
-36.9786
-36.1941
-35.4195
-34.6571
-33.9089
-33.1769
-32.4625
-31.7672
-31.0922
-30.4382
-29.8061
-29.1963
-28.6094
-28.0458
-27.5059
-26.9904
-26.4998
-26.0347
-25.5957
-25.1833
-24.7982
-24.4408
-24.1114
-23.8106
-23.5387
-23.2962
-23.0834
-22.9006
-22.7482
-22.6265
-22.5358
-22.4765
-22.4492
-22.4546
-22.4936
-22.5671
-22.6761
-22.8217
-23.0048
-23.2261
-23.4862
-23.7854
-24.1237
-24.5011
-24.9171
-25.371
-25.8618
-26.3885
-26.9497
-27.5441
-28.1702
-28.8264
-29.5112
-30.2228
-30.9594
-31.7189
-32.4993
-33.2984
-34.1139
-34.9435
-35.785
-36.6362
-37.4947
-38.358
-39.2238
-40.0894
-40.9525
-41.8107
-42.6617
-43.5034
-44.3337
-45.1506
-45.952
-46.7353
-47.4981
-48.2373
-48.9501
-46.9304
-46.2436
-45.5339
-44.8044
-44.0579
-43.2973
-42.525
-41.7435
-40.9551
-40.162
-39.3665
-38.5708
-37.7776
-36.9892
-36.2081
-35.4366
-34.6771
-33.9315
-33.2017
-32.4893
-31.7956
-31.1219
-30.469
-29.8377
-29.2287
-28.6425
-28.0796
-27.5405
-27.0257
-26.5359
-26.0716
-25.6333
-25.2217
-24.8373
-24.4805
-24.1517
-23.8515
-23.5801
-23.3381
-23.1258
-22.9435
-22.7916
-22.6705
-22.5804
-22.522
-22.4957
-22.5023
-22.5426
-22.6174
-22.7278
-22.8746
-23.0587
-23.2807
-23.5412
-23.8405
-24.1787
-24.5555
-24.9705
-25.4231
-25.9124
-26.4373
-26.9966
-27.5889
-28.2128
-28.8668
-29.5491
-30.258
-30.9918
-31.7484
-32.5257
-33.3216
-34.1339
-34.9603
-35.7986
-36.6464
-37.5015
-38.3613
-39.2236
-40.0859
-40.9456
-41.8006
-42.6485
-43.4871
-44.3144
-45.1281
-45.926
-46.7056
-47.4644
-48.1996
-48.9083
-58.2986
-61.9788
-61.8255
-61.2431
-60.7613
-60.4173
-60.1785
-60.0134
-59.8993
-59.8206
-59.7669
-59.7307
-59.7073
-59.6934
-59.6869
-55.5815
-58.2265
-59.1945
-59.4462
-59.4561
-59.4025
-59.3447
-59.2989
-59.2672
-59.2473
-59.236
-59.2304
-59.2281
-59.2275
-59.2275
-54.296
-56.1506
-57.2791
-57.8899
-58.2133
-58.3912
-58.498
-58.5695
-58.6225
-58.6645
-58.6985
-58.7257
-58.7463
-58.7602
-58.7672
-53.3519
-54.8003
-55.8804
-56.6202
-57.1149
-57.4504
-57.6858
-57.8579
-57.9881
-58.0888
-58.1671
-58.2269
-58.2704
-58.2988
-58.3129
-52.5922
-53.8175
-54.8211
-55.5947
-56.175
-56.6088
-56.9363
-57.1874
-57.3825
-57.5349
-57.6533
-57.7434
-57.8085
-57.851
-57.8719
-51.9691
-53.0558
-53.991
-54.7617
-55.3809
-55.8727
-56.2626
-56.5723
-56.8187
-57.0141
-57.1672
-57.284
-57.3686
-57.4237
-57.4509
-51.4523
-52.445
-53.3247
-54.0798
-54.7135
-55.2379
-55.6683
-56.0198
-56.3052
-56.5348
-56.7165
-56.856
-56.9574
-57.0236
-57.0563
-51.0208
-51.9466
-52.7824
-53.5188
-54.1549
-54.6964
-55.1524
-55.5327
-55.8468
-56.1028
-56.3072
-56.4652
-56.5806
-56.6561
-56.6935
-50.6607
-51.5376
-52.3391
-53.0574
-53.6902
-54.2399
-54.7114
-55.1111
-55.4458
-55.7215
-55.9435
-56.1162
-56.243
-56.3261
-56.3673
-50.3628
-51.2036
-51.9784
-52.6809
-53.3082
-53.8608
-54.3414
-54.754
-55.103
-55.3932
-55.6285
-55.8125
-55.9481
-56.0373
-56.0816
-50.1209
-50.9352
-51.6896
-52.3789
-53.0003
-53.5532
-54.0388
-54.4596
-54.8185
-55.119
-55.364
-55.5565
-55.6988
-55.7927
-55.8393
-49.9312
-50.7261
-51.4653
-52.1443
-52.7603
-53.3122
-53.8004
-54.2263
-54.5918
-54.8994
-55.1514
-55.3501
-55.4973
-55.5946
-55.643
-49.7909
-50.5724
-51.3007
-51.972
-52.5837
-53.1343
-53.6238
-54.0527
-54.4224
-54.7347
-54.9914
-55.1943
-55.345
-55.4447
-55.4943
-49.6983
-50.4711
-51.1925
-51.8588
-52.4675
-53.0171
-53.507
-53.9376
-54.3098
-54.625
-54.8846
-55.0901
-55.2429
-55.3441
-55.3945
-49.6522
-50.4209
-51.1389
-51.8027
-52.4099
-52.9588
-53.4489
-53.8803
-54.2536
-54.5701
-54.8311
-55.0378
-55.1917
-55.2936
-55.3444
)
;

boundaryField
{
    hot
    {
        type            calculated;
        value           nonuniform List<scalar> 
120
(
-53.2451
-53.2909
-53.3823
-53.519
-53.7003
-53.9253
-54.1926
-54.5004
-54.8462
-55.2267
-55.6381
-56.0757
-56.534
-57.0072
-57.4893
-57.9338
-58.3364
-58.7347
-59.1262
-59.509
-59.8817
-60.2431
-60.5925
-60.9294
-61.2538
-61.5655
-61.8645
-62.1511
-62.4255
-62.6879
-62.9385
-63.1779
-63.4061
-63.6237
-63.8309
-64.0281
-64.2155
-64.3935
-64.5623
-64.7222
-64.8734
-65.0161
-65.1505
-65.2768
-65.3951
-65.5055
-65.6083
-65.7035
-65.7912
-65.8716
-65.9447
-66.0107
-66.0697
-66.1216
-66.1667
-66.2048
-66.2362
-66.2607
-66.2785
-66.2895
-66.2937
-66.2911
-66.2816
-66.2653
-66.242
-66.2117
-66.1742
-66.1294
-66.0774
-66.0178
-65.9506
-65.8757
-65.7929
-65.702
-65.603
-65.4956
-65.3797
-65.2552
-65.122
-64.98
-64.829
-64.6689
-64.4997
-64.3213
-64.1336
-63.9365
-63.73
-63.514
-63.2885
-63.0533
-62.8082
-62.553
-62.2875
-62.0115
-61.7244
-61.426
-61.1159
-60.7936
-60.459
-60.1119
-59.7525
-59.3813
-58.9992
-58.6077
-58.2087
-57.7646
-57.2781
-56.7956
-56.3236
-55.8687
-55.4372
-55.0347
-54.6663
-54.3362
-54.0477
-53.8038
-53.6064
-53.4571
-53.3571
-53.3069
)
;
    }
    cold
    {
        type            calculated;
        value           nonuniform List<scalar> 
120
(
-53.8323
-53.8804
-53.9761
-54.119
-54.3078
-54.5412
-54.8171
-55.1328
-55.485
-55.8696
-56.2818
-56.7161
-57.1666
-57.6269
-58.0909
-58.5143
-58.8946
-59.2679
-59.6322
-59.9864
-60.3295
-60.6612
-60.9813
-61.29
-61.5875
-61.8741
-62.1502
-62.4162
-62.6723
-62.9187
-63.1558
-63.3837
-63.6024
-63.8122
-64.013
-64.2049
-64.3881
-64.5624
-64.7281
-64.8851
-65.0336
-65.1736
-65.3053
-65.4289
-65.5444
-65.652
-65.7519
-65.8442
-65.9291
-66.0069
-66.0776
-66.1415
-66.1987
-66.2495
-66.2939
-66.3322
-66.3644
-66.3907
-66.4112
-66.4259
-66.4351
-66.4386
-66.4365
-66.429
-66.4159
-66.3974
-66.3734
-66.344
-66.309
-66.2686
-66.2227
-66.1712
-66.114
-66.0512
-65.9826
-65.9081
-65.8276
-65.741
-65.6481
-65.5488
-65.4429
-65.3302
-65.2107
-65.084
-64.9501
-64.8086
-64.6594
-64.5022
-64.3367
-64.1624
-63.9789
-63.7857
-63.5821
-63.3674
-63.141
-62.9019
-62.6493
-62.3826
-62.1009
-61.8038
-61.4912
-61.1633
-60.8208
-60.4651
-60.0983
-59.6853
-59.2276
-58.7689
-58.3164
-57.8771
-57.4576
-57.0644
-56.7028
-56.3776
-56.0926
-55.8509
-55.655
-55.5067
-55.4071
-55.3571
)
;
    }
    interface_left
    {
        type            calculated;
        value           nonuniform List<scalar> 
90
(
-84.8123
-70.2441
-65.7973
-59.8397
-66.1835
-61.2771
-56.009
-64.2145
-56.3664
-68.3818
-60.5171
-68.4245
-62.2131
-68.3836
-64.3207
-60.4559
-66.3297
-61.123
-68.7184
-63.9353
-68.5703
-65.6142
-62.942
-66.8568
-63.4996
-67.3863
-63.8766
-68.72
-65.7039
-68.4466
-66.6795
-65.1507
-67.3339
-65.5357
-67.5351
-65.7932
-68.0794
-66.6975
-67.8281
-67.1036
-66.5511
-67.3113
-66.8134
-67.2842
-67.013
-67.1979
-67.1936
-66.9655
-67.1469
-67.4681
-66.9767
-67.6963
-66.7231
-67.9125
-65.9534
-67.3955
-65.6574
-66.8463
-68.1844
-66.1996
-68.4155
-65.5965
-68.6595
-63.8573
-67.1989
-63.3941
-65.915
-68.5992
-64.5521
-68.7387
-63.4163
-68.8813
-60.4057
-66.0805
-59.7701
-63.81
-67.9202
-61.5863
-67.6042
-59.9917
-67.2137
-56.4266
-63.2064
-56.7537
-60.9463
-64.4373
-61.2095
-64.6651
-75.2681
-88.5737
)
;
    }
    interface_right
    {
        type            calculated;
        value           nonuniform List<scalar> 
90
(
-89.0689
-76.5846
-64.4016
-62.4117
-59.6699
-61.8516
-57.1903
-63.3979
-56.7233
-67.2138
-60.1866
-67.5528
-61.718
-67.8443
-63.8606
-59.9425
-66.0571
-60.5462
-68.7828
-63.4656
-68.6517
-64.5679
-68.526
-65.8997
-63.4264
-67.1621
-63.8704
-68.6117
-65.5811
-68.3813
-66.1758
-68.1642
-66.8227
-65.6228
-67.3793
-65.9108
-67.9151
-66.6989
-67.7272
-67.0692
-66.5516
-67.2793
-66.7839
-67.2791
-66.9698
-67.2377
-67.175
-67.0463
-67.23
-66.8198
-67.114
-67.5437
-66.8472
-67.7281
-66.2263
-67.3745
-66.0191
-67.2256
-65.7313
-66.7588
-67.9429
-66.0747
-68.0713
-64.8538
-67.098
-64.5109
-66.2279
-68.0716
-65.277
-68.1675
-64.4728
-68.2341
-62.4373
-66.3171
-62.0782
-64.8347
-67.6393
-63.3853
-67.4829
-62.375
-67.2741
-60.1204
-64.685
-60.6784
-63.5027
-65.779
-64.6812
-66.7108
-79.8301
-92.6567
)
;
    }
    interface_top
    {
        type            calculated;
        value           nonuniform List<scalar> 
90
(
-44.6341
-51.0049
-50.9445
-45.2155
-39.861
-26.0288
-39.8281
-45.3372
-52.1284
-52.0686
-45.2131
-41.5973
-35.781
-31.0602
-19.9729
-29.775
-33.4112
-37.4422
-36.7602
-30.5094
-26.0732
-16.2305
-23.2785
-25.6392
-27.5346
-28.6444
-30.881
-29.9192
-24.4513
-20.7647
-12.9034
-18.3217
-20.1473
-21.6537
-22.5795
-24.4974
-23.8413
-19.7104
-16.8838
-10.7284
-15.4702
-17.2396
-19.0602
-20.2718
-22.7932
-22.7037
-19.8891
-18.503
-16.4054
-14.5574
-9.89996
-15.2069
-17.5076
-20.658
-20.8668
-18.3941
-16.3289
-11.0017
-16.7879
-19.2839
-22.4239
-24.4685
-28.4686
-28.6876
-25.3279
-22.5006
-15.1388
-23.3463
-26.9116
-31.4321
-34.3539
-40.0342
-40.3474
-35.5955
-31.5618
-21.0543
-32.5533
-37.4594
-43.5394
-47.3962
-54.8386
-55.0176
-48.0586
-42.2788
-27.6201
-42.3818
-48.0693
-54.1027
-54.0241
-46.8205
)
;
    }
    interface_bottom
    {
        type            calculated;
        value           nonuniform List<scalar> 
90
(
-42.2253
-46.4212
-43.2745
-27.7681
-41.9521
-47.1601
-52.1132
-55.0881
-60.8293
-59.8774
-50.9504
-46.4256
-39.5233
-34.1633
-21.9323
-32.6623
-36.7121
-41.3774
-40.9358
-34.9228
-31.8237
-27.041
-23.3465
-14.9928
-22.0266
-24.5854
-27.3597
-26.7905
-22.1642
-18.9495
-11.9239
-17.0436
-18.8155
-20.3754
-21.3207
-23.2328
-22.6624
-18.8205
-16.1752
-10.3657
-15.0424
-16.8301
-18.7498
-20.0142
-22.607
-22.572
-19.8619
-18.5424
-16.561
-14.7523
-10.094
-15.625
-18.041
-21.3679
-21.6209
-19.1155
-16.9957
-11.4767
-17.612
-20.2647
-23.6133
-25.7584
-29.9032
-30.0967
-26.5009
-23.5057
-15.7659
-24.3306
-28.0105
-32.6125
-35.5238
-41.103
-41.2776
-36.1555
-31.9399
-21.1843
-32.6229
-37.4176
-43.2151
-46.8226
-53.6957
-53.6575
-46.5243
-40.8059
-26.6087
-40.6531
-46.059
-51.7988
-51.7538
-45.0045
)
;
    }
    defaultFaces
    {
        type            empty;
    }
}


// ************************************************************************* //
