Timesteps  Total_Iterations  Iterations  Convergence  avgConvRate(0)  avgConvRate(1)  deleted_Columns  
1  2  2  1  0.9459045549483924  0.0064006463258844  0  
2  3  1  1  1.0000000000000000  1.0000000000000000  0  
3  4  1  1  1.0000000000000000  1.0000000000000000  0  
4  6  2  1  1.0167910671087981  0.4694316751707711  0  
5  8  2  1  0.3958402486795483  0.5057236826103166  0  
6  10  2  1  0.4259160777154934  0.3403892786721529  0  
7  12  2  1  0.5064180263271503  0.2342867273112893  0  
8  14  2  1  0.4328950005244263  0.2052092401049417  0  
9  16  2  1  0.3817753895825285  0.1606065074413946  0  
10  18  2  1  0.2713164027031951  0.1706563342071821  0  
11  20  2  1  0.2330496816952167  0.1847483007980079  0  
12  22  2  1  0.3126797835295303  0.1948954395647056  0  
13  24  2  1  0.2535308219790096  0.2024938790254592  0  
14  26  2  1  0.4096740322591496  0.2071141964115048  0  
15  28  2  1  0.2360109930333786  0.2120523703353671  0  
16  30  2  1  0.3261527346093407  0.2111593764802527  0  
17  32  2  1  0.3970279643448648  0.2089449420558568  0  
18  34  2  1  0.4477298223942915  0.2106324242880611  0  
19  35  1  1  1.0000000000000000  1.0000000000000000  0  
20  36  1  1  1.0000000000000000  1.0000000000000000  0  
21  37  1  1  1.0000000000000000  1.0000000000000000  0  
22  38  1  1  1.0000000000000000  1.0000000000000000  0  
23  39  1  1  1.0000000000000000  1.0000000000000000  0  
24  40  1  1  1.0000000000000000  1.0000000000000000  0  
25  41  1  1  1.0000000000000000  1.0000000000000000  0  
26  43  2  1  0.8725984354680179  0.9282171491350524  0  
27  45  2  1  0.3689032208244597  0.7885516880755175  0  
28  46  1  1  1.0000000000000000  1.0000000000000000  0  
29  47  1  1  1.0000000000000000  1.0000000000000000  0  
30  48  1  1  1.0000000000000000  1.0000000000000000  0  
31  51  3  1  0.3481440511446247  0.5870770165490761  0  
32  52  1  1  1.0000000000000000  1.0000000000000000  0  
33  53  1  1  1.0000000000000000  1.0000000000000000  0  
34  54  1  1  1.0000000000000000  1.0000000000000000  0  
35  56  2  1  0.2087459140456822  0.8409724715895758  0  
36  57  1  1  1.0000000000000000  1.0000000000000000  0  
37  58  1  1  1.0000000000000000  1.0000000000000000  0  
38  59  1  1  1.0000000000000000  1.0000000000000000  0  
39  62  3  1  0.2105505049359155  0.3204048963396391  0  
40  63  1  1  1.0000000000000000  1.0000000000000000  0  
41  64  1  1  1.0000000000000000  1.0000000000000000  0  
42  65  1  1  1.0000000000000000  1.0000000000000000  0  
43  68  3  1  0.1535727817202359  0.1986968138970708  0  
44  69  1  1  1.0000000000000000  1.0000000000000000  0  
45  70  1  1  1.0000000000000000  1.0000000000000000  0  
46  71  1  1  1.0000000000000000  1.0000000000000000  0  
47  74  3  1  0.0765869057010855  0.1606870698811378  0  
48  75  1  1  1.0000000000000000  1.0000000000000000  0  
49  76  1  1  1.0000000000000000  1.0000000000000000  0  
50  77  1  1  1.0000000000000000  1.0000000000000000  0  
51  80  3  1  0.0969428954429279  0.1993715288295378  0  
52  81  1  1  1.0000000000000000  1.0000000000000000  0  
53  82  1  1  1.0000000000000000  1.0000000000000000  0  
54  84  2  1  0.0632484316678638  0.8510134842866706  0  
55  85  1  1  1.0000000000000000  1.0000000000000000  0  
56  86  1  1  1.0000000000000000  1.0000000000000000  0  
57  87  1  1  1.0000000000000000  1.0000000000000000  0  
58  89  2  1  0.0643558142316884  0.8635948221290920  0  
59  90  1  1  1.0000000000000000  1.0000000000000000  0  
60  91  1  1  1.0000000000000000  1.0000000000000000  0  
61  92  1  1  1.0000000000000000  1.0000000000000000  0  
62  94  2  1  0.1405512393070191  0.8583318674507616  0  
63  95  1  1  1.0000000000000000  1.0000000000000000  0  
64  96  1  1  1.0000000000000000  1.0000000000000000  0  
65  97  1  1  1.0000000000000000  1.0000000000000000  0  
66  99  2  1  0.1932229641327995  0.8662792838424691  0  
67  100  1  1  1.0000000000000000  1.0000000000000000  0  
68  101  1  1  1.0000000000000000  1.0000000000000000  0  
69  102  1  1  1.0000000000000000  1.0000000000000000  0  
70  104  2  1  0.3211242372367210  0.8649678160135285  0  
71  105  1  1  1.0000000000000000  1.0000000000000000  0  
72  106  1  1  1.0000000000000000  1.0000000000000000  0  
73  107  1  1  1.0000000000000000  1.0000000000000000  0  
74  110  3  1  0.2243094890495310  0.4663576024102142  0  
75  111  1  1  1.0000000000000000  1.0000000000000000  0  
76  112  1  1  1.0000000000000000  1.0000000000000000  0  
77  113  1  1  1.0000000000000000  1.0000000000000000  0  
78  116  3  1  0.1202337452000393  0.2218041136107354  0  
79  117  1  1  1.0000000000000000  1.0000000000000000  0  
80  118  1  1  1.0000000000000000  1.0000000000000000  0  
81  119  1  1  1.0000000000000000  1.0000000000000000  0  
82  122  3  1  0.0862801189771216  0.1467648128674457  0  
83  123  1  1  1.0000000000000000  1.0000000000000000  0  
84  124  1  1  1.0000000000000000  1.0000000000000000  0  
85  125  1  1  1.0000000000000000  1.0000000000000000  0  
86  128  3  1  0.0759766524121683  0.1659511102915600  0  
87  129  1  1  1.0000000000000000  1.0000000000000000  0  
88  130  1  1  1.0000000000000000  1.0000000000000000  0  
89  132  2  1  0.0671513659570284  0.8592682350703184  0  
90  133  1  1  1.0000000000000000  1.0000000000000000  0  
91  134  1  1  1.0000000000000000  1.0000000000000000  0  
92  135  1  1  1.0000000000000000  1.0000000000000000  0  
93  137  2  1  0.0612211943386061  0.8683317009516105  0  
94  138  1  1  1.0000000000000000  1.0000000000000000  0  
95  139  1  1  1.0000000000000000  1.0000000000000000  0  
96  140  1  1  1.0000000000000000  1.0000000000000000  0  
97  142  2  1  0.0505541977219152  0.8623719288409788  0  
98  143  1  1  1.0000000000000000  1.0000000000000000  0  
99  144  1  1  1.0000000000000000  1.0000000000000000  0  
100  145  1  1  1.0000000000000000  1.0000000000000000  0  
101  147  2  1  0.0906829752661229  0.8677552131601973  0  
102  148  1  1  1.0000000000000000  1.0000000000000000  0  
103  149  1  1  1.0000000000000000  1.0000000000000000  0  
104  150  1  1  1.0000000000000000  1.0000000000000000  0  
105  152  2  1  0.1822779817510063  0.8638834734472275  0  
106  153  1  1  1.0000000000000000  1.0000000000000000  0  
107  154  1  1  1.0000000000000000  1.0000000000000000  0  
108  155  1  1  1.0000000000000000  1.0000000000000000  0  
109  157  2  1  0.3591128066287055  0.8704387817945334  0  
110  158  1  1  1.0000000000000000  1.0000000000000000  0  
111  159  1  1  1.0000000000000000  1.0000000000000000  0  
112  161  2  1  0.4803840770406047  0.8933045554268851  0  
113  162  1  1  1.0000000000000000  1.0000000000000000  0  
114  163  1  1  1.0000000000000000  1.0000000000000000  0  
115  164  1  1  1.0000000000000000  1.0000000000000000  0  
116  167  3  1  0.2180166254926821  0.3202512941834260  0  
117  168  1  1  1.0000000000000000  1.0000000000000000  0  
118  169  1  1  1.0000000000000000  1.0000000000000000  0  
119  170  1  1  1.0000000000000000  1.0000000000000000  0  
120  173  3  1  0.1369058653873364  0.2278605451773225  0  
121  174  1  1  1.0000000000000000  1.0000000000000000  0  
122  175  1  1  1.0000000000000000  1.0000000000000000  0  
123  176  1  1  1.0000000000000000  1.0000000000000000  0  
124  179  3  1  0.0847975931321800  0.1363453252045655  0  
125  180  1  1  1.0000000000000000  1.0000000000000000  0  
126  181  1  1  1.0000000000000000  1.0000000000000000  0  
127  183  2  1  0.0719646675034992  0.8644036198398115  0  
128  184  1  1  1.0000000000000000  1.0000000000000000  0  
129  185  1  1  1.0000000000000000  1.0000000000000000  0  
130  186  1  1  1.0000000000000000  1.0000000000000000  0  
131  188  2  1  0.1501125610410896  0.8658117950008352  0  
132  189  1  1  1.0000000000000000  1.0000000000000000  0  
133  190  1  1  1.0000000000000000  1.0000000000000000  0  
134  191  1  1  1.0000000000000000  1.0000000000000000  0  
135  193  2  1  0.2739650494485634  0.8675650658548719  0  
136  194  1  1  1.0000000000000000  1.0000000000000000  0  
137  195  1  1  1.0000000000000000  1.0000000000000000  0  
138  196  1  1  1.0000000000000000  1.0000000000000000  0  
139  198  2  1  0.4040169320955121  0.8752288894838258  0  
140  199  1  1  1.0000000000000000  1.0000000000000000  0  
141  200  1  1  1.0000000000000000  1.0000000000000000  0  
142  202  2  1  0.3733007406050303  0.8719778575939837  0  
143  203  1  1  1.0000000000000000  1.0000000000000000  0  
144  204  1  1  1.0000000000000000  1.0000000000000000  0  
145  205  1  1  1.0000000000000000  1.0000000000000000  0  
146  208  3  1  0.2935912160190104  0.6678082652459918  0  
147  209  1  1  1.0000000000000000  1.0000000000000000  0  
148  210  1  1  1.0000000000000000  1.0000000000000000  0  
149  211  1  1  1.0000000000000000  1.0000000000000000  0  
150  213  2  1  0.1711274989436915  0.8655113169118077  0  
151  214  1  1  1.0000000000000000  1.0000000000000000  0  
152  215  1  1  1.0000000000000000  1.0000000000000000  0  
153  216  1  1  1.0000000000000000  1.0000000000000000  0  
154  219  3  1  0.1219009622895959  0.1981855866391403  0  
155  220  1  1  1.0000000000000000  1.0000000000000000  0  
156  221  1  1  1.0000000000000000  1.0000000000000000  0  
157  222  1  1  1.0000000000000000  1.0000000000000000  0  
158  225  3  1  0.0934619604675482  0.1757770697302560  0  
159  226  1  1  1.0000000000000000  1.0000000000000000  0  
160  227  1  1  1.0000000000000000  1.0000000000000000  0  
161  228  1  1  1.0000000000000000  1.0000000000000000  0  
162  231  3  1  0.0717151353704328  0.0962653408082371  0  
163  232  1  1  1.0000000000000000  1.0000000000000000  0  
164  233  1  1  1.0000000000000000  1.0000000000000000  0  
165  234  1  1  1.0000000000000000  1.0000000000000000  0  
166  237  3  1  0.0642264260339995  0.1066335876884925  0  
167  238  1  1  1.0000000000000000  1.0000000000000000  0  
168  239  1  1  1.0000000000000000  1.0000000000000000  0  
169  240  1  1  1.0000000000000000  1.0000000000000000  0  
170  243  3  1  0.0428107696770742  0.0503556401302995  0  
171  244  1  1  1.0000000000000000  1.0000000000000000  0  
172  245  1  1  1.0000000000000000  1.0000000000000000  0  
173  246  1  1  1.0000000000000000  1.0000000000000000  0  
174  249  3  1  0.0477837923445691  0.0511952316907805  1  
175  250  1  1  1.0000000000000000  1.0000000000000000  0  
176  251  1  1  1.0000000000000000  1.0000000000000000  0  
177  252  1  1  1.0000000000000000  1.0000000000000000  0  
178  255  3  1  0.0686503683303971  0.0670330216265328  1  
179  256  1  1  1.0000000000000000  1.0000000000000000  0  
180  257  1  1  1.0000000000000000  1.0000000000000000  0  
181  259  2  1  0.0679992941858604  0.8641097839502241  0  
182  260  1  1  1.0000000000000000  1.0000000000000000  0  
183  261  1  1  1.0000000000000000  1.0000000000000000  0  
184  262  1  1  1.0000000000000000  1.0000000000000000  0  
185  264  2  1  0.1969105309050639  0.8666478581468020  0  
186  265  1  1  1.0000000000000000  1.0000000000000000  0  
187  266  1  1  1.0000000000000000  1.0000000000000000  0  
188  267  1  1  1.0000000000000000  1.0000000000000000  0  
189  269  2  1  0.2090567381254941  0.8663706657121263  0  
190  270  1  1  1.0000000000000000  1.0000000000000000  0  
191  271  1  1  1.0000000000000000  1.0000000000000000  0  
192  272  1  1  1.0000000000000000  1.0000000000000000  0  
193  274  2  1  0.3699885678230808  0.8712939676284360  0  
194  275  1  1  1.0000000000000000  1.0000000000000000  0  
195  276  1  1  1.0000000000000000  1.0000000000000000  0  
196  277  1  1  1.0000000000000000  1.0000000000000000  0  
197  280  3  1  0.1675934510825482  0.2550633036764778  0  
198  281  1  1  1.0000000000000000  1.0000000000000000  0  
199  282  1  1  1.0000000000000000  1.0000000000000000  0  
200  283  1  1  1.0000000000000000  1.0000000000000000  0  
201  286  3  1  0.1194187086949823  0.2298328694814986  0  
202  287  1  1  1.0000000000000000  1.0000000000000000  0  
203  288  1  1  1.0000000000000000  1.0000000000000000  0  
204  289  1  1  1.0000000000000000  1.0000000000000000  0  
205  292  3  1  0.0590230852876004  0.0848908296042250  0  
206  293  1  1  1.0000000000000000  1.0000000000000000  0  
207  294  1  1  1.0000000000000000  1.0000000000000000  0  
208  296  2  1  0.0639496773376041  0.8638622108855492  0  
209  297  1  1  1.0000000000000000  1.0000000000000000  0  
210  298  1  1  1.0000000000000000  1.0000000000000000  0  
211  299  1  1  1.0000000000000000  1.0000000000000000  0  
212  301  2  1  0.0626965964850563  0.8663783397411623  0  
213  302  1  1  1.0000000000000000  1.0000000000000000  0  
214  303  1  1  1.0000000000000000  1.0000000000000000  0  
215  304  1  1  1.0000000000000000  1.0000000000000000  0  
216  306  2  1  0.0823906900827213  0.8656456763203421  0  
217  307  1  1  1.0000000000000000  1.0000000000000000  0  
218  308  1  1  1.0000000000000000  1.0000000000000000  0  
219  309  1  1  1.0000000000000000  1.0000000000000000  0  
220  311  2  1  0.1343617899101105  0.8662399988927340  0  
221  312  1  1  1.0000000000000000  1.0000000000000000  0  
222  313  1  1  1.0000000000000000  1.0000000000000000  0  
223  314  1  1  1.0000000000000000  1.0000000000000000  0  
224  316  2  1  0.1641814256269065  0.8663335863685252  0  
225  317  1  1  1.0000000000000000  1.0000000000000000  0  
226  318  1  1  1.0000000000000000  1.0000000000000000  0  
227  319  1  1  1.0000000000000000  1.0000000000000000  0  
228  321  2  1  0.1506485422191801  0.8659327348651273  0  
229  322  1  1  1.0000000000000000  1.0000000000000000  0  
230  323  1  1  1.0000000000000000  1.0000000000000000  0  
231  324  1  1  1.0000000000000000  1.0000000000000000  0  
232  327  3  1  0.1833861374939944  0.4151094838292941  0  
233  328  1  1  1.0000000000000000  1.0000000000000000  0  
234  329  1  1  1.0000000000000000  1.0000000000000000  0  
235  330  1  1  1.0000000000000000  1.0000000000000000  0  
236  333  3  1  0.0918680318539631  0.1524288525259298  0  
237  334  1  1  1.0000000000000000  1.0000000000000000  0  
238  335  1  1  1.0000000000000000  1.0000000000000000  0  
239  336  1  1  1.0000000000000000  1.0000000000000000  0  
240  339  3  1  0.0650904095851336  0.1019882133628324  0  
241  340  1  1  1.0000000000000000  1.0000000000000000  0  
242  341  1  1  1.0000000000000000  1.0000000000000000  0  
243  342  1  1  1.0000000000000000  1.0000000000000000  0  
244  345  3  1  0.0631998791006178  0.0881355829556601  0  
245  346  1  1  1.0000000000000000  1.0000000000000000  0  
246  347  1  1  1.0000000000000000  1.0000000000000000  0  
247  348  1  1  1.0000000000000000  1.0000000000000000  0  
248  351  3  1  0.0480489981093093  0.0820857078051905  0  
249  352  1  1  1.0000000000000000  1.0000000000000000  0  
250  353  1  1  1.0000000000000000  1.0000000000000000  0  
251  354  1  1  1.0000000000000000  1.0000000000000000  0  
252  357  3  1  0.0711051366737523  0.0626738283988074  1  
253  358  1  1  1.0000000000000000  1.0000000000000000  0  
254  359  1  1  1.0000000000000000  1.0000000000000000  0  
255  360  1  1  1.0000000000000000  1.0000000000000000  0  
256  363  3  1  0.0573168346817779  0.0483063323331296  1  
257  364  1  1  1.0000000000000000  1.0000000000000000  0  
258  365  1  1  1.0000000000000000  1.0000000000000000  0  
259  367  2  1  0.0686041091322051  0.8637367467209035  0  
260  368  1  1  1.0000000000000000  1.0000000000000000  0  
261  369  1  1  1.0000000000000000  1.0000000000000000  0  
262  370  1  1  1.0000000000000000  1.0000000000000000  0  
263  372  2  1  0.0999330045090099  0.8665294607792333  0  
264  373  1  1  1.0000000000000000  1.0000000000000000  0  
265  374  1  1  1.0000000000000000  1.0000000000000000  0  
266  375  1  1  1.0000000000000000  1.0000000000000000  0  
267  377  2  1  0.2200727252559621  0.8665603801839066  0  
268  378  1  1  1.0000000000000000  1.0000000000000000  0  
269  379  1  1  1.0000000000000000  1.0000000000000000  0  
270  380  1  1  1.0000000000000000  1.0000000000000000  0  
271  382  2  1  0.3903506584166633  0.8711322726203444  0  
272  383  1  1  1.0000000000000000  1.0000000000000000  0  
273  384  1  1  1.0000000000000000  1.0000000000000000  0  
274  386  2  1  0.3736691888042708  0.8759627863302126  0  
275  387  1  1  1.0000000000000000  1.0000000000000000  0  
276  388  1  1  1.0000000000000000  1.0000000000000000  0  
277  389  1  1  1.0000000000000000  1.0000000000000000  0  
278  391  2  1  0.1892326610897001  0.8661469402894850  0  
279  392  1  1  1.0000000000000000  1.0000000000000000  0  
280  393  1  1  1.0000000000000000  1.0000000000000000  0  
281  394  1  1  1.0000000000000000  1.0000000000000000  0  
282  396  2  1  0.2187435382582116  0.8670017484356687  0  
283  397  1  1  1.0000000000000000  1.0000000000000000  0  
284  398  1  1  1.0000000000000000  1.0000000000000000  0  
285  399  1  1  1.0000000000000000  1.0000000000000000  0  
286  401  2  1  0.2157251963327607  0.8664076478361689  0  
287  402  1  1  1.0000000000000000  1.0000000000000000  0  
288  403  1  1  1.0000000000000000  1.0000000000000000  0  
289  404  1  1  1.0000000000000000  1.0000000000000000  0  
290  407  3  1  0.1662609404037766  0.3665449803028948  0  
291  408  1  1  1.0000000000000000  1.0000000000000000  0  
292  409  1  1  1.0000000000000000  1.0000000000000000  0  
293  410  1  1  1.0000000000000000  1.0000000000000000  0  
294  413  3  1  0.1304641485054677  0.1827798465334026  0  
295  414  1  1  1.0000000000000000  1.0000000000000000  0  
296  415  1  1  1.0000000000000000  1.0000000000000000  0  
297  416  1  1  1.0000000000000000  1.0000000000000000  0  
298  419  3  1  0.0555519063287680  0.0902737235743701  0  
299  420  1  1  1.0000000000000000  1.0000000000000000  0  
300  421  1  1  1.0000000000000000  1.0000000000000000  0  
301  422  1  1  1.0000000000000000  1.0000000000000000  0  
302  425  3  1  0.0553084883441850  0.0804107907935791  0  
303  426  1  1  1.0000000000000000  1.0000000000000000  0  
304  427  1  1  1.0000000000000000  1.0000000000000000  0  
305  428  1  1  1.0000000000000000  1.0000000000000000  0  
306  431  3  1  0.0401663494633575  0.0848012600178045  0  
307  432  1  1  1.0000000000000000  1.0000000000000000  0  
308  433  1  1  1.0000000000000000  1.0000000000000000  0  
309  435  2  1  0.0671511102869536  0.8638792613076602  0  
310  436  1  1  1.0000000000000000  1.0000000000000000  0  
311  437  1  1  1.0000000000000000  1.0000000000000000  0  
312  438  1  1  1.0000000000000000  1.0000000000000000  0  
313  440  2  1  0.0573581054736483  0.8663108289622878  0  
314  441  1  1  1.0000000000000000  1.0000000000000000  0  
315  442  1  1  1.0000000000000000  1.0000000000000000  0  
316  443  1  1  1.0000000000000000  1.0000000000000000  0  
317  445  2  1  0.0994086846185764  0.8657008539160206  0  
318  446  1  1  1.0000000000000000  1.0000000000000000  0  
319  447  1  1  1.0000000000000000  1.0000000000000000  0  
320  448  1  1  1.0000000000000000  1.0000000000000000  0  
321  450  2  1  0.0791394404969394  0.8660960459906643  0  
322  451  1  1  1.0000000000000000  1.0000000000000000  0  
323  452  1  1  1.0000000000000000  1.0000000000000000  0  
324  453  1  1  1.0000000000000000  1.0000000000000000  0  
325  455  2  1  0.1138886104759030  0.8658260885826470  0  
326  456  1  1  1.0000000000000000  1.0000000000000000  0  
327  457  1  1  1.0000000000000000  1.0000000000000000  0  
328  458  1  1  1.0000000000000000  1.0000000000000000  0  
329  460  2  1  0.1149620583338583  0.8659590598965139  0  
330  461  1  1  1.0000000000000000  1.0000000000000000  0  
331  462  1  1  1.0000000000000000  1.0000000000000000  0  
332  463  1  1  1.0000000000000000  1.0000000000000000  0  
333  466  3  1  0.1073406644979786  0.1448807736703528  0  
334  467  1  1  1.0000000000000000  1.0000000000000000  0  
335  468  1  1  1.0000000000000000  1.0000000000000000  0  
336  469  1  1  1.0000000000000000  1.0000000000000000  0  
337  472  3  1  0.0757784177087501  0.1208757109672421  0  
338  473  1  1  1.0000000000000000  1.0000000000000000  0  
339  474  1  1  1.0000000000000000  1.0000000000000000  0  
340  475  1  1  1.0000000000000000  1.0000000000000000  0  
341  478  3  1  0.0752410920059679  0.1076625852379238  0  
342  479  1  1  1.0000000000000000  1.0000000000000000  0  
343  480  1  1  1.0000000000000000  1.0000000000000000  0  
344  481  1  1  1.0000000000000000  1.0000000000000000  0  
345  484  3  1  0.0515717983979236  0.0816127124134760  0  
346  485  1  1  1.0000000000000000  1.0000000000000000  0  
347  486  1  1  1.0000000000000000  1.0000000000000000  0  
348  487  1  1  1.0000000000000000  1.0000000000000000  0  
349  490  3  1  0.0839696021600878  0.0724598910897324  1  
350  491  1  1  1.0000000000000000  1.0000000000000000  0  
351  492  1  1  1.0000000000000000  1.0000000000000000  0  
352  493  1  1  1.0000000000000000  1.0000000000000000  0  
353  496  3  1  0.0523858521971613  0.0902664680568156  1  
354  497  1  1  1.0000000000000000  1.0000000000000000  0  
355  498  1  1  1.0000000000000000  1.0000000000000000  0  
356  500  2  1  0.0500775641307964  0.8638941223198170  1  
357  501  1  1  1.0000000000000000  1.0000000000000000  0  
358  502  1  1  1.0000000000000000  1.0000000000000000  0  
359  503  1  1  1.0000000000000000  1.0000000000000000  0  
360  505  2  1  0.0532180076657117  0.8663926425254164  0  
361  506  1  1  1.0000000000000000  1.0000000000000000  0  
362  507  1  1  1.0000000000000000  1.0000000000000000  0  
363  508  1  1  1.0000000000000000  1.0000000000000000  0  
364  510  2  1  0.0953126154360784  0.8656384990629472  0  
365  511  1  1  1.0000000000000000  1.0000000000000000  0  
366  512  1  1  1.0000000000000000  1.0000000000000000  0  
367  513  1  1  1.0000000000000000  1.0000000000000000  0  
368  515  2  1  0.1902863478380413  0.8667874258862766  0  
369  516  1  1  1.0000000000000000  1.0000000000000000  0  
370  517  1  1  1.0000000000000000  1.0000000000000000  0  
371  518  1  1  1.0000000000000000  1.0000000000000000  0  
372  520  2  1  0.1548884983573028  0.8662781328280930  0  
373  521  1  1  1.0000000000000000  1.0000000000000000  0  
374  522  1  1  1.0000000000000000  1.0000000000000000  0  
375  523  1  1  1.0000000000000000  1.0000000000000000  0  
376  525  2  1  0.1272303309661752  0.8660738050677640  0  
377  526  1  1  1.0000000000000000  1.0000000000000000  0  
378  527  1  1  1.0000000000000000  1.0000000000000000  0  
379  528  1  1  1.0000000000000000  1.0000000000000000  0  
380  531  3  1  0.1152116941601003  0.1698008118682885  0  
381  532  1  1  1.0000000000000000  1.0000000000000000  0  
382  533  1  1  1.0000000000000000  1.0000000000000000  0  
383  534  1  1  1.0000000000000000  1.0000000000000000  0  
384  537  3  1  0.0693478819611690  0.1268027420946987  0  
385  538  1  1  1.0000000000000000  1.0000000000000000  0  
386  539  1  1  1.0000000000000000  1.0000000000000000  0  
387  540  1  1  1.0000000000000000  1.0000000000000000  0  
388  543  3  1  0.0685592000828626  0.0964352206967996  0  
389  544  1  1  1.0000000000000000  1.0000000000000000  0  
390  545  1  1  1.0000000000000000  1.0000000000000000  0  
391  546  1  1  1.0000000000000000  1.0000000000000000  0  
392  549  3  1  0.0469767684544825  0.0742229184457741  0  
393  550  1  1  1.0000000000000000  1.0000000000000000  0  
394  551  1  1  1.0000000000000000  1.0000000000000000  0  
395  552  1  1  1.0000000000000000  1.0000000000000000  0  
396  555  3  1  0.0526245301329166  0.0710044107179423  1  
397  556  1  1  1.0000000000000000  1.0000000000000000  0  
398  557  1  1  1.0000000000000000  1.0000000000000000  0  
399  559  2  1  0.0547143398050024  0.8637620268273973  1  
400  560  1  1  1.0000000000000000  1.0000000000000000  0  
401  561  1  1  1.0000000000000000  1.0000000000000000  0  
402  562  1  1  1.0000000000000000  1.0000000000000000  0  
403  564  2  1  0.1036644163319724  0.8664028435957264  0  
404  565  1  1  1.0000000000000000  1.0000000000000000  0  
405  566  1  1  1.0000000000000000  1.0000000000000000  0  
406  567  1  1  1.0000000000000000  1.0000000000000000  0  
407  569  2  1  0.1427094858850570  0.8659478165102765  0  
408  570  1  1  1.0000000000000000  1.0000000000000000  0  
409  571  1  1  1.0000000000000000  1.0000000000000000  0  
410  572  1  1  1.0000000000000000  1.0000000000000000  0  
411  574  2  1  0.3013444639997939  0.8678993475501731  0  
412  575  1  1  1.0000000000000000  1.0000000000000000  0  
413  576  1  1  1.0000000000000000  1.0000000000000000  0  
414  577  1  1  1.0000000000000000  1.0000000000000000  0  
415  580  3  1  0.1921653830000347  0.4254551915176997  0  
416  581  1  1  1.0000000000000000  1.0000000000000000  0  
417  582  1  1  1.0000000000000000  1.0000000000000000  0  
418  583  1  1  1.0000000000000000  1.0000000000000000  0  
419  586  3  1  0.1132733884352633  0.1804350398517477  1  
420  587  1  1  1.0000000000000000  1.0000000000000000  0  
421  588  1  1  1.0000000000000000  1.0000000000000000  0  
422  589  1  1  1.0000000000000000  1.0000000000000000  0  
423  592  3  1  0.0653670054162177  0.0869317959660812  0  
424  593  1  1  1.0000000000000000  1.0000000000000000  0  
425  594  1  1  1.0000000000000000  1.0000000000000000  0  
426  595  1  1  1.0000000000000000  1.0000000000000000  0  
427  598  3  1  0.0535404492929057  0.0743759597445002  0  
428  599  1  1  1.0000000000000000  1.0000000000000000  0  
429  600  1  1  1.0000000000000000  1.0000000000000000  0  
430  602  2  1  0.0485608829849912  0.8640441483255167  0  
431  603  1  1  1.0000000000000000  1.0000000000000000  0  
432  604  1  1  1.0000000000000000  1.0000000000000000  0  
433  605  1  1  1.0000000000000000  1.0000000000000000  0  
434  607  2  1  0.0398281414205972  0.8661886226529127  0  
435  608  1  1  1.0000000000000000  1.0000000000000000  0  
436  609  1  1  1.0000000000000000  1.0000000000000000  0  
437  610  1  1  1.0000000000000000  1.0000000000000000  0  
438  612  2  1  0.0386066008735260  0.8658060537204193  0  
439  613  1  1  1.0000000000000000  1.0000000000000000  0  
440  614  1  1  1.0000000000000000  1.0000000000000000  0  
441  615  1  1  1.0000000000000000  1.0000000000000000  0  
442  617  2  1  0.0719757227556521  0.8658645072579171  0  
443  618  1  1  1.0000000000000000  1.0000000000000000  0  
444  619  1  1  1.0000000000000000  1.0000000000000000  0  
445  620  1  1  1.0000000000000000  1.0000000000000000  0  
446  622  2  1  0.1170053637128659  0.8661043445765852  0  
447  623  1  1  1.0000000000000000  1.0000000000000000  0  
448  624  1  1  1.0000000000000000  1.0000000000000000  0  
449  625  1  1  1.0000000000000000  1.0000000000000000  0  
450  627  2  1  0.2711451629477111  0.8672251415814226  0  
451  628  1  1  1.0000000000000000  1.0000000000000000  0  
452  629  1  1  1.0000000000000000  1.0000000000000000  0  
453  630  1  1  1.0000000000000000  1.0000000000000000  0  
454  633  3  1  0.2384634270938901  0.4043760226270561  0  
455  634  1  1  1.0000000000000000  1.0000000000000000  0  
456  635  1  1  1.0000000000000000  1.0000000000000000  0  
457  636  1  1  1.0000000000000000  1.0000000000000000  0  
458  639  3  1  0.1141190355822492  0.1989935768842995  0  
459  640  1  1  1.0000000000000000  1.0000000000000000  0  
460  641  1  1  1.0000000000000000  1.0000000000000000  0  
461  642  1  1  1.0000000000000000  1.0000000000000000  0  
462  645  3  1  0.0727905077427883  0.1318529349652166  0  
463  646  1  1  1.0000000000000000  1.0000000000000000  0  
464  647  1  1  1.0000000000000000  1.0000000000000000  0  
465  648  1  1  1.0000000000000000  1.0000000000000000  0  
466  651  3  1  0.0459407528411140  0.0710799745450975  0  
467  652  1  1  1.0000000000000000  1.0000000000000000  0  
468  653  1  1  1.0000000000000000  1.0000000000000000  0  
469  655  2  1  0.0637982414801998  0.8637013758168584  0  
470  656  1  1  1.0000000000000000  1.0000000000000000  0  
471  657  1  1  1.0000000000000000  1.0000000000000000  0  
472  658  1  1  1.0000000000000000  1.0000000000000000  0  
473  660  2  1  0.0475298451093852  0.8663419055641534  0  
474  661  1  1  1.0000000000000000  1.0000000000000000  0  
475  662  1  1  1.0000000000000000  1.0000000000000000  0  
476  663  1  1  1.0000000000000000  1.0000000000000000  0  
477  665  2  1  0.0377865790211984  0.8656689713781813  0  
478  666  1  1  1.0000000000000000  1.0000000000000000  0  
479  667  1  1  1.0000000000000000  1.0000000000000000  0  
480  668  1  1  1.0000000000000000  1.0000000000000000  0  
481  670  2  1  0.0622227280249651  0.8660024795206470  0  
482  671  1  1  1.0000000000000000  1.0000000000000000  0  
483  672  1  1  1.0000000000000000  1.0000000000000000  0  
484  673  1  1  1.0000000000000000  1.0000000000000000  0  
485  675  2  1  0.0986066096587893  0.8658068700405478  0  
486  676  1  1  1.0000000000000000  1.0000000000000000  0  
487  677  1  1  1.0000000000000000  1.0000000000000000  0  
488  678  1  1  1.0000000000000000  1.0000000000000000  0  
489  681  3  1  0.1567742671871323  0.3772032247230538  0  
490  682  1  1  1.0000000000000000  1.0000000000000000  0  
491  683  1  1  1.0000000000000000  1.0000000000000000  0  
492  684  1  1  1.0000000000000000  1.0000000000000000  0  
493  687  3  1  0.0693794600874674  0.1051123037836593  0  
494  688  1  1  1.0000000000000000  1.0000000000000000  0  
495  689  1  1  1.0000000000000000  1.0000000000000000  0  
496  690  1  1  1.0000000000000000  1.0000000000000000  0  
497  693  3  1  0.0468419332063410  0.0795093014979572  0  
498  694  1  1  1.0000000000000000  1.0000000000000000  0  
499  695  1  1  1.0000000000000000  1.0000000000000000  0  
500  696  1  1  1.0000000000000000  1.0000000000000000  0  
501  699  3  1  0.0463975197840135  0.0678534974450547  0  
502  700  1  1  1.0000000000000000  1.0000000000000000  0  
503  701  1  1  1.0000000000000000  1.0000000000000000  0  
504  702  1  1  1.0000000000000000  1.0000000000000000  0  
505  705  3  1  0.0526186548792700  0.0479312323102757  1  
506  706  1  1  1.0000000000000000  1.0000000000000000  0  
507  707  1  1  1.0000000000000000  1.0000000000000000  0  
508  708  1  1  1.0000000000000000  1.0000000000000000  0  
509  711  3  1  0.0474562837840329  0.0468122973643560  1  
510  712  1  1  1.0000000000000000  1.0000000000000000  0  
511  713  1  1  1.0000000000000000  1.0000000000000000  0  
512  715  2  1  0.0677757763904600  0.8636126410730357  0  
513  716  1  1  1.0000000000000000  1.0000000000000000  0  
514  717  1  1  1.0000000000000000  1.0000000000000000  0  
515  718  1  1  1.0000000000000000  1.0000000000000000  0  
516  720  2  1  0.0419318402637786  0.8663334705468407  0  
517  721  1  1  1.0000000000000000  1.0000000000000000  0  
518  722  1  1  1.0000000000000000  1.0000000000000000  0  
519  723  1  1  1.0000000000000000  1.0000000000000000  0  
520  725  2  1  0.0417851440767534  0.8656499012040673  0  
521  726  1  1  1.0000000000000000  1.0000000000000000  0  
522  727  1  1  1.0000000000000000  1.0000000000000000  0  
523  728  1  1  1.0000000000000000  1.0000000000000000  0  
524  730  2  1  0.1421472403997011  0.8661132465944623  0  
525  731  1  1  1.0000000000000000  1.0000000000000000  0  
526  732  1  1  1.0000000000000000  1.0000000000000000  0  
527  733  1  1  1.0000000000000000  1.0000000000000000  0  
528  735  2  1  0.2895079628783495  0.8678678403410217  0  
529  736  1  1  1.0000000000000000  1.0000000000000000  0  
530  737  1  1  1.0000000000000000  1.0000000000000000  0  
531  738  1  1  1.0000000000000000  1.0000000000000000  0  
532  741  3  1  0.2410979202709564  0.6669744397848441  1  
533  742  1  1  1.0000000000000000  1.0000000000000000  0  
534  743  1  1  1.0000000000000000  1.0000000000000000  0  
535  744  1  1  1.0000000000000000  1.0000000000000000  0  
536  747  3  1  0.1134954652626182  0.1965930745696505  0  
537  748  1  1  1.0000000000000000  1.0000000000000000  0  
538  749  1  1  1.0000000000000000  1.0000000000000000  0  
539  750  1  1  1.0000000000000000  1.0000000000000000  0  
540  753  3  1  0.0662126204858203  0.1181023676505381  0  
541  754  1  1  1.0000000000000000  1.0000000000000000  0  
542  755  1  1  1.0000000000000000  1.0000000000000000  0  
543  756  1  1  1.0000000000000000  1.0000000000000000  0  
544  759  3  1  0.0469772265916581  0.0845040676953030  0  
545  760  1  1  1.0000000000000000  1.0000000000000000  0  
546  761  1  1  1.0000000000000000  1.0000000000000000  0  
547  763  2  1  0.0591090081646707  0.8637159712524636  1  
548  764  1  1  1.0000000000000000  1.0000000000000000  0  
549  765  1  1  1.0000000000000000  1.0000000000000000  0  
550  766  1  1  1.0000000000000000  1.0000000000000000  0  
551  768  2  1  0.0350144296147389  0.8663315834809913  0  
552  769  1  1  1.0000000000000000  1.0000000000000000  0  
553  770  1  1  1.0000000000000000  1.0000000000000000  0  
554  771  1  1  1.0000000000000000  1.0000000000000000  0  
555  773  2  1  0.0334507351950351  0.8656614343843749  0  
556  774  1  1  1.0000000000000000  1.0000000000000000  0  
557  775  1  1  1.0000000000000000  1.0000000000000000  0  
558  776  1  1  1.0000000000000000  1.0000000000000000  0  
559  778  2  1  0.0405482845186574  0.8660130408011588  0  
560  779  1  1  1.0000000000000000  1.0000000000000000  0  
561  780  1  1  1.0000000000000000  1.0000000000000000  0  
562  781  1  1  1.0000000000000000  1.0000000000000000  0  
563  783  2  1  0.0613988844029750  0.8657992434467129  0  
564  784  1  1  1.0000000000000000  1.0000000000000000  0  
565  785  1  1  1.0000000000000000  1.0000000000000000  0  
566  786  1  1  1.0000000000000000  1.0000000000000000  0  
567  788  2  1  0.1743204223628092  0.8660790133865753  0  
568  789  1  1  1.0000000000000000  1.0000000000000000  0  
569  790  1  1  1.0000000000000000  1.0000000000000000  0  
570  791  1  1  1.0000000000000000  1.0000000000000000  0  
571  794  3  1  0.1729714341483173  0.2663696696874855  0  
572  795  1  1  1.0000000000000000  1.0000000000000000  0  
573  796  1  1  1.0000000000000000  1.0000000000000000  0  
574  797  1  1  1.0000000000000000  1.0000000000000000  0  
575  800  3  1  0.0513748899056489  0.0948791336029258  0  
576  801  1  1  1.0000000000000000  1.0000000000000000  0  
577  802  1  1  1.0000000000000000  1.0000000000000000  0  
578  803  1  1  1.0000000000000000  1.0000000000000000  0  
579  806  3  1  0.0519798411446712  0.0905480160920099  0  
580  807  1  1  1.0000000000000000  1.0000000000000000  0  
581  808  1  1  1.0000000000000000  1.0000000000000000  0  
582  809  1  1  1.0000000000000000  1.0000000000000000  0  
583  812  3  1  0.0690866299078939  0.0671389625184286  1  
584  813  1  1  1.0000000000000000  1.0000000000000000  0  
585  814  1  1  1.0000000000000000  1.0000000000000000  0  
586  815  1  1  1.0000000000000000  1.0000000000000000  0  
587  818  3  1  0.0525308140239494  0.0496076324656161  1  
588  819  1  1  1.0000000000000000  1.0000000000000000  0  
589  820  1  1  1.0000000000000000  1.0000000000000000  0  
590  822  2  1  0.0629127384036520  0.8637385173777061  0  
591  823  1  1  1.0000000000000000  1.0000000000000000  0  
592  824  1  1  1.0000000000000000  1.0000000000000000  0  
593  825  1  1  1.0000000000000000  1.0000000000000000  0  
594  827  2  1  0.0425403812016505  0.8663355306478013  0  
595  828  1  1  1.0000000000000000  1.0000000000000000  0  
596  829  1  1  1.0000000000000000  1.0000000000000000  0  
597  830  1  1  1.0000000000000000  1.0000000000000000  0  
598  832  2  1  0.0809870918586827  0.8656807696201617  0  
599  833  1  1  1.0000000000000000  1.0000000000000000  0  
600  834  1  1  1.0000000000000000  1.0000000000000000  0  
601  835  1  1  1.0000000000000000  1.0000000000000000  0  
602  837  2  1  0.0799625633673451  0.8660347091660400  0  
603  838  1  1  1.0000000000000000  1.0000000000000000  0  
604  839  1  1  1.0000000000000000  1.0000000000000000  0  
605  840  1  1  1.0000000000000000  1.0000000000000000  0  
606  842  2  1  0.2860512826237489  0.8671242462872455  1  
607  843  1  1  1.0000000000000000  1.0000000000000000  0  
608  844  1  1  1.0000000000000000  1.0000000000000000  0  
609  845  1  1  1.0000000000000000  1.0000000000000000  0  
610  848  3  1  0.1965791909484075  0.3142789760380803  0  
611  849  1  1  1.0000000000000000  1.0000000000000000  0  
612  850  1  1  1.0000000000000000  1.0000000000000000  0  
613  851  1  1  1.0000000000000000  1.0000000000000000  0  
614  854  3  1  0.0668813105289501  0.1076822113794515  0  
615  855  1  1  1.0000000000000000  1.0000000000000000  0  
616  856  1  1  1.0000000000000000  1.0000000000000000  0  
617  857  1  1  1.0000000000000000  1.0000000000000000  0  
618  860  3  1  0.0590897465282584  0.0927207578133955  0  
619  861  1  1  1.0000000000000000  1.0000000000000000  0  
620  862  1  1  1.0000000000000000  1.0000000000000000  0  
621  864  2  1  0.0575801212873171  0.8639303167289069  0  
622  865  1  1  1.0000000000000000  1.0000000000000000  0  
623  866  1  1  1.0000000000000000  1.0000000000000000  0  
624  867  1  1  1.0000000000000000  1.0000000000000000  0  
625  869  2  1  0.0568658905609372  0.8662926129475691  0  
626  870  1  1  1.0000000000000000  1.0000000000000000  0  
627  871  1  1  1.0000000000000000  1.0000000000000000  0  
628  872  1  1  1.0000000000000000  1.0000000000000000  0  
629  874  2  1  0.0522097242247076  0.8657203780225452  0  
630  875  1  1  1.0000000000000000  1.0000000000000000  0  
631  876  1  1  1.0000000000000000  1.0000000000000000  0  
632  877  1  1  1.0000000000000000  1.0000000000000000  0  
633  879  2  1  0.0696955246412919  0.8659738110634929  0  
634  880  1  1  1.0000000000000000  1.0000000000000000  0  
635  881  1  1  1.0000000000000000  1.0000000000000000  0  
636  882  1  1  1.0000000000000000  1.0000000000000000  0  
637  884  2  1  0.1799313225683375  0.8660732001819222  0  
638  885  1  1  1.0000000000000000  1.0000000000000000  0  
639  886  1  1  1.0000000000000000  1.0000000000000000  0  
640  887  1  1  1.0000000000000000  1.0000000000000000  0  
641  889  2  1  0.2633380815724318  0.8674026000144914  0  
642  890  1  1  1.0000000000000000  1.0000000000000000  0  
643  891  1  1  1.0000000000000000  1.0000000000000000  0  
644  892  1  1  1.0000000000000000  1.0000000000000000  0  
645  895  3  1  0.2320447566356430  0.6076053014310896  0  
646  896  1  1  1.0000000000000000  1.0000000000000000  0  
647  897  1  1  1.0000000000000000  1.0000000000000000  0  
648  898  1  1  1.0000000000000000  1.0000000000000000  0  
649  901  3  1  0.1417916630357333  0.1865487066453409  0  
650  902  1  1  1.0000000000000000  1.0000000000000000  0  
651  903  1  1  1.0000000000000000  1.0000000000000000  0  
652  904  1  1  1.0000000000000000  1.0000000000000000  0  
653  907  3  1  0.0521342345565263  0.1087647960878762  0  
654  908  1  1  1.0000000000000000  1.0000000000000000  0  
655  909  1  1  1.0000000000000000  1.0000000000000000  0  
656  911  2  1  0.0672437352138858  0.8637312185056540  0  
657  912  1  1  1.0000000000000000  1.0000000000000000  0  
658  913  1  1  1.0000000000000000  1.0000000000000000  0  
659  914  1  1  1.0000000000000000  1.0000000000000000  0  
660  916  2  1  0.0679208469993019  0.8663680672627141  0  
661  917  1  1  1.0000000000000000  1.0000000000000000  0  
662  918  1  1  1.0000000000000000  1.0000000000000000  0  
663  919  1  1  1.0000000000000000  1.0000000000000000  0  
664  921  2  1  0.0923367625923206  0.8656124483723814  0  
665  922  1  1  1.0000000000000000  1.0000000000000000  0  
666  923  1  1  1.0000000000000000  1.0000000000000000  0  
667  924  1  1  1.0000000000000000  1.0000000000000000  0  
668  926  2  1  0.0794814981006400  0.8660122689514739  0  
669  927  1  1  1.0000000000000000  1.0000000000000000  0  
670  928  1  1  1.0000000000000000  1.0000000000000000  0  
671  929  1  1  1.0000000000000000  1.0000000000000000  0  
672  931  2  1  0.1500701532192129  0.8658889358824629  0  
673  932  1  1  1.0000000000000000  1.0000000000000000  0  
674  933  1  1  1.0000000000000000  1.0000000000000000  0  
675  934  1  1  1.0000000000000000  1.0000000000000000  0  
676  936  2  1  0.2679154444903951  0.8675242371709513  0  
677  937  1  1  1.0000000000000000  1.0000000000000000  0  
678  938  1  1  1.0000000000000000  1.0000000000000000  0  
679  939  1  1  1.0000000000000000  1.0000000000000000  0  
680  942  3  1  0.2820599593158383  0.6710020422928356  0  
681  943  1  1  1.0000000000000000  1.0000000000000000  0  
682  944  1  1  1.0000000000000000  1.0000000000000000  0  
683  945  1  1  1.0000000000000000  1.0000000000000000  0  
684  948  3  1  0.1521200962778952  0.1834142552390352  0  
685  949  1  1  1.0000000000000000  1.0000000000000000  0  
686  950  1  1  1.0000000000000000  1.0000000000000000  0  
687  951  1  1  1.0000000000000000  1.0000000000000000  0  
688  954  3  1  0.0816323155154209  0.1211170106163900  0  
689  955  1  1  1.0000000000000000  1.0000000000000000  0  
690  956  1  1  1.0000000000000000  1.0000000000000000  0  
691  958  2  1  0.0703002502712399  0.8636605376890574  0  
692  959  1  1  1.0000000000000000  1.0000000000000000  0  
693  960  1  1  1.0000000000000000  1.0000000000000000  0  
694  961  1  1  1.0000000000000000  1.0000000000000000  0  
695  963  2  1  0.0563745175320541  0.8662456400967985  0  
696  964  1  1  1.0000000000000000  1.0000000000000000  0  
697  965  1  1  1.0000000000000000  1.0000000000000000  0  
698  966  1  1  1.0000000000000000  1.0000000000000000  0  
699  968  2  1  0.0767990216014057  0.8657144987966625  0  
700  969  1  1  1.0000000000000000  1.0000000000000000  0  
701  970  1  1  1.0000000000000000  1.0000000000000000  0  
702  971  1  1  1.0000000000000000  1.0000000000000000  0  
703  973  2  1  0.0642817765615177  0.8659437527094535  0  
704  974  1  1  1.0000000000000000  1.0000000000000000  0  
705  975  1  1  1.0000000000000000  1.0000000000000000  0  
706  976  1  1  1.0000000000000000  1.0000000000000000  0  
707  978  2  1  0.0751836292310365  0.8658407427172047  0  
708  979  1  1  1.0000000000000000  1.0000000000000000  0  
709  980  1  1  1.0000000000000000  1.0000000000000000  0  
710  981  1  1  1.0000000000000000  1.0000000000000000  0  
711  983  2  1  0.1238783066512916  0.8659628871738276  0  
712  984  1  1  1.0000000000000000  1.0000000000000000  0  
713  985  1  1  1.0000000000000000  1.0000000000000000  0  
714  986  1  1  1.0000000000000000  1.0000000000000000  0  
715  989  3  1  0.1646535254108236  0.3840330706224612  0  
716  990  1  1  1.0000000000000000  1.0000000000000000  0  
717  991  1  1  1.0000000000000000  1.0000000000000000  0  
718  992  1  1  1.0000000000000000  1.0000000000000000  0  
719  995  3  1  0.0764503500573031  0.1261405780030622  0  
720  996  1  1  1.0000000000000000  1.0000000000000000  0  
721  997  1  1  1.0000000000000000  1.0000000000000000  0  
722  998  1  1  1.0000000000000000  1.0000000000000000  0  
723  1001  3  1  0.0505019918966886  0.0830378601151760  0  
724  1002  1  1  1.0000000000000000  1.0000000000000000  0  
725  1003  1  1  1.0000000000000000  1.0000000000000000  0  
726  1004  1  1  1.0000000000000000  1.0000000000000000  0  
727  1007  3  1  0.0533897401917932  0.0776866897864459  0  
728  1008  1  1  1.0000000000000000  1.0000000000000000  0  
729  1009  1  1  1.0000000000000000  1.0000000000000000  0  
730  1010  1  1  1.0000000000000000  1.0000000000000000  0  
731  1013  3  1  0.0776702376019424  0.0672731898216690  2  
732  1014  1  1  1.0000000000000000  1.0000000000000000  0  
733  1015  1  1  1.0000000000000000  1.0000000000000000  0  
734  1017  2  1  0.0653159015407122  0.8636823435985540  0  
735  1018  1  1  1.0000000000000000  1.0000000000000000  0  
736  1019  1  1  1.0000000000000000  1.0000000000000000  0  
737  1020  1  1  1.0000000000000000  1.0000000000000000  0  
738  1022  2  1  0.0369520255320009  0.8662110676701774  0  
739  1023  1  1  1.0000000000000000  1.0000000000000000  0  
740  1024  1  1  1.0000000000000000  1.0000000000000000  0  
741  1025  1  1  1.0000000000000000  1.0000000000000000  0  
742  1027  2  1  0.0344033573611434  0.8657462416739270  0  
743  1028  1  1  1.0000000000000000  1.0000000000000000  0  
744  1029  1  1  1.0000000000000000  1.0000000000000000  0  
745  1030  1  1  1.0000000000000000  1.0000000000000000  0  
746  1032  2  1  0.0583803020652993  0.8659288306672370  1  
747  1033  1  1  1.0000000000000000  1.0000000000000000  0  
748  1034  1  1  1.0000000000000000  1.0000000000000000  0  
749  1035  1  1  1.0000000000000000  1.0000000000000000  0  
750  1037  2  1  0.1870024158123981  0.8661464828982187  0  
751  1038  1  1  1.0000000000000000  1.0000000000000000  0  
752  1039  1  1  1.0000000000000000  1.0000000000000000  0  
753  1040  1  1  1.0000000000000000  1.0000000000000000  0  
754  1043  3  1  0.1665968471016301  0.3882601379481710  0  
755  1044  1  1  1.0000000000000000  1.0000000000000000  0  
756  1045  1  1  1.0000000000000000  1.0000000000000000  0  
757  1046  1  1  1.0000000000000000  1.0000000000000000  0  
758  1049  3  1  0.0729530316789746  0.1249441007910064  0  
759  1050  1  1  1.0000000000000000  1.0000000000000000  0  
760  1051  1  1  1.0000000000000000  1.0000000000000000  0  
761  1052  1  1  1.0000000000000000  1.0000000000000000  0  
762  1055  3  1  0.0493564760405675  0.0949900322024546  0  
763  1056  1  1  1.0000000000000000  1.0000000000000000  0  
764  1057  1  1  1.0000000000000000  1.0000000000000000  0  
765  1058  1  1  1.0000000000000000  1.0000000000000000  0  
766  1061  3  1  0.0583135480366357  0.0800815156059932  1  
767  1062  1  1  1.0000000000000000  1.0000000000000000  0  
768  1063  1  1  1.0000000000000000  1.0000000000000000  0  
769  1064  1  1  1.0000000000000000  1.0000000000000000  0  
770  1067  3  1  0.0775770409131517  0.0678721433644243  2  
771  1068  1  1  1.0000000000000000  1.0000000000000000  0  
772  1069  1  1  1.0000000000000000  1.0000000000000000  0  
773  1071  2  1  0.0646843229524342  0.8637079474440809  0  
774  1072  1  1  1.0000000000000000  1.0000000000000000  0  
775  1073  1  1  1.0000000000000000  1.0000000000000000  0  
776  1074  1  1  1.0000000000000000  1.0000000000000000  0  
777  1076  2  1  0.0416140452990062  0.8662833621440535  0  
778  1077  1  1  1.0000000000000000  1.0000000000000000  0  
779  1078  1  1  1.0000000000000000  1.0000000000000000  0  
780  1079  1  1  1.0000000000000000  1.0000000000000000  0  
781  1081  2  1  0.0332284365886132  0.8657050258846797  0  
782  1082  1  1  1.0000000000000000  1.0000000000000000  0  
783  1083  1  1  1.0000000000000000  1.0000000000000000  0  
784  1084  1  1  1.0000000000000000  1.0000000000000000  0  
785  1086  2  1  0.0514923437150429  0.8659888851298309  0  
786  1087  1  1  1.0000000000000000  1.0000000000000000  0  
787  1088  1  1  1.0000000000000000  1.0000000000000000  0  
788  1089  1  1  1.0000000000000000  1.0000000000000000  0  
789  1091  2  1  0.1660551750510664  0.8660407129958382  0  
790  1092  1  1  1.0000000000000000  1.0000000000000000  0  
791  1093  1  1  1.0000000000000000  1.0000000000000000  0  
792  1094  1  1  1.0000000000000000  1.0000000000000000  0  
793  1096  2  1  0.1339346422733730  0.8660145368187832  0  
794  1097  1  1  1.0000000000000000  1.0000000000000000  0  
795  1098  1  1  1.0000000000000000  1.0000000000000000  0  
796  1099  1  1  1.0000000000000000  1.0000000000000000  0  
797  1102  3  1  0.2077987121328300  0.1758981392154637  1  
798  1103  1  1  1.0000000000000000  1.0000000000000000  0  
799  1104  1  1  1.0000000000000000  1.0000000000000000  0  
800  1105  1  1  1.0000000000000000  1.0000000000000000  0  
801  1108  3  1  0.0965354692692020  0.1325067705429695  0  
802  1109  1  1  1.0000000000000000  1.0000000000000000  0  
803  1110  1  1  1.0000000000000000  1.0000000000000000  0  
804  1111  1  1  1.0000000000000000  1.0000000000000000  0  
805  1114  3  1  0.0739434177075377  0.1013851581441538  0  
806  1115  1  1  1.0000000000000000  1.0000000000000000  0  
807  1116  1  1  1.0000000000000000  1.0000000000000000  0  
808  1117  1  1  1.0000000000000000  1.0000000000000000  0  
809  1120  3  1  0.0367979731938370  0.0617931658102970  0  
810  1121  1  1  1.0000000000000000  1.0000000000000000  0  
811  1122  1  1  1.0000000000000000  1.0000000000000000  0  
812  1123  1  1  1.0000000000000000  1.0000000000000000  0  
813  1126  3  1  0.0537431300845909  0.0539708930337198  2  
814  1127  1  1  1.0000000000000000  1.0000000000000000  0  
815  1128  1  1  1.0000000000000000  1.0000000000000000  0  
816  1130  2  1  0.0643391212473878  0.8636607615338452  0  
817  1131  1  1  1.0000000000000000  1.0000000000000000  0  
818  1132  1  1  1.0000000000000000  1.0000000000000000  0  
819  1133  1  1  1.0000000000000000  1.0000000000000000  0  
820  1135  2  1  0.0379964361634165  0.8662707869027163  0  
821  1136  1  1  1.0000000000000000  1.0000000000000000  0  
822  1137  1  1  1.0000000000000000  1.0000000000000000  0  
823  1138  1  1  1.0000000000000000  1.0000000000000000  0  
824  1140  2  1  0.0231632944708525  0.8656959022214263  0  
825  1141  1  1  1.0000000000000000  1.0000000000000000  0  
826  1142  1  1  1.0000000000000000  1.0000000000000000  0  
827  1143  1  1  1.0000000000000000  1.0000000000000000  0  
828  1145  2  1  0.0413707183384595  0.8659738558723015  1  
829  1146  1  1  1.0000000000000000  1.0000000000000000  0  
830  1147  1  1  1.0000000000000000  1.0000000000000000  0  
831  1148  1  1  1.0000000000000000  1.0000000000000000  0  
832  1150  2  1  0.1283540236118781  0.8659030025272020  0  
833  1151  1  1  1.0000000000000000  1.0000000000000000  0  
834  1152  1  1  1.0000000000000000  1.0000000000000000  0  
835  1153  1  1  1.0000000000000000  1.0000000000000000  0  
836  1156  3  1  0.1641332704073940  0.2637826336434625  0  
837  1157  1  1  1.0000000000000000  1.0000000000000000  0  
838  1158  1  1  1.0000000000000000  1.0000000000000000  0  
839  1159  1  1  1.0000000000000000  1.0000000000000000  0  
840  1162  3  1  0.1076783769148110  0.1824172007584546  0  
841  1163  1  1  1.0000000000000000  1.0000000000000000  0  
842  1164  1  1  1.0000000000000000  1.0000000000000000  0  
843  1165  1  1  1.0000000000000000  1.0000000000000000  0  
844  1168  3  1  0.0574487528407213  0.0770954191707823  1  
845  1169  1  1  1.0000000000000000  1.0000000000000000  0  
846  1170  1  1  1.0000000000000000  1.0000000000000000  0  
847  1171  1  1  1.0000000000000000  1.0000000000000000  0  
848  1174  3  1  0.0562640075730480  0.0588785923237851  2  
849  1175  1  1  1.0000000000000000  1.0000000000000000  0  
850  1176  1  1  1.0000000000000000  1.0000000000000000  0  
851  1177  1  1  1.0000000000000000  1.0000000000000000  0  
852  1180  3  1  0.0563563253583223  0.0480185030174256  1  
853  1181  1  1  1.0000000000000000  1.0000000000000000  0  
854  1182  1  1  1.0000000000000000  1.0000000000000000  0  
855  1184  2  1  0.0391041502066357  0.8640090836096846  0  
856  1185  1  1  1.0000000000000000  1.0000000000000000  0  
857  1186  1  1  1.0000000000000000  1.0000000000000000  0  
858  1187  1  1  1.0000000000000000  1.0000000000000000  0  
859  1189  2  1  0.0391110367924438  0.8662404145245529  0  
860  1190  1  1  1.0000000000000000  1.0000000000000000  0  
861  1191  1  1  1.0000000000000000  1.0000000000000000  0  
862  1192  1  1  1.0000000000000000  1.0000000000000000  0  
863  1194  2  1  0.0262564437092169  0.8657260697784742  0  
864  1195  1  1  1.0000000000000000  1.0000000000000000  0  
865  1196  1  1  1.0000000000000000  1.0000000000000000  0  
866  1197  1  1  1.0000000000000000  1.0000000000000000  0  
867  1199  2  1  0.0296969634576040  0.8659287171994868  0  
868  1200  1  1  1.0000000000000000  1.0000000000000000  0  
869  1201  1  1  1.0000000000000000  1.0000000000000000  0  
870  1202  1  1  1.0000000000000000  1.0000000000000000  0  
871  1204  2  1  0.0982402782619978  0.8658454481230095  1  
872  1205  1  1  1.0000000000000000  1.0000000000000000  0  
873  1206  1  1  1.0000000000000000  1.0000000000000000  0  
874  1207  1  1  1.0000000000000000  1.0000000000000000  0  
875  1209  2  1  0.1410175094126662  0.8659832948983502  0  
876  1210  1  1  1.0000000000000000  1.0000000000000000  0  
877  1211  1  1  1.0000000000000000  1.0000000000000000  0  
878  1212  1  1  1.0000000000000000  1.0000000000000000  0  
879  1215  3  1  0.1648346088057038  0.3704168481195101  0  
880  1216  1  1  1.0000000000000000  1.0000000000000000  0  
881  1217  1  1  1.0000000000000000  1.0000000000000000  0  
882  1218  1  1  1.0000000000000000  1.0000000000000000  0  
883  1221  3  1  0.0790555481101862  0.1132416953752457  1  
884  1222  1  1  1.0000000000000000  1.0000000000000000  0  
885  1223  1  1  1.0000000000000000  1.0000000000000000  0  
886  1224  1  1  1.0000000000000000  1.0000000000000000  0  
887  1227  3  1  0.0424555632318570  0.0819893531647553  0  
888  1228  1  1  1.0000000000000000  1.0000000000000000  0  
889  1229  1  1  1.0000000000000000  1.0000000000000000  0  
890  1230  1  1  1.0000000000000000  1.0000000000000000  0  
891  1233  3  1  0.0474584425577099  0.0581466232827945  0  
892  1234  1  1  1.0000000000000000  1.0000000000000000  0  
893  1235  1  1  1.0000000000000000  1.0000000000000000  0  
894  1236  1  1  1.0000000000000000  1.0000000000000000  0  
895  1239  3  1  0.0421533478262347  0.0532716441108139  2  
896  1240  1  1  1.0000000000000000  1.0000000000000000  0  
897  1241  1  1  1.0000000000000000  1.0000000000000000  0  
898  1243  2  1  0.0498646319612109  0.8639223482427341  0  
899  1244  1  1  1.0000000000000000  1.0000000000000000  0  
900  1245  1  1  1.0000000000000000  1.0000000000000000  0  
901  1246  1  1  1.0000000000000000  1.0000000000000000  0  
902  1248  2  1  0.0307092780013556  0.8662399895565632  0  
903  1249  1  1  1.0000000000000000  1.0000000000000000  0  
904  1250  1  1  1.0000000000000000  1.0000000000000000  0  
905  1251  1  1  1.0000000000000000  1.0000000000000000  0  
906  1253  2  1  0.0484732554433895  0.8656704346242794  0  
907  1254  1  1  1.0000000000000000  1.0000000000000000  0  
908  1255  1  1  1.0000000000000000  1.0000000000000000  0  
909  1256  1  1  1.0000000000000000  1.0000000000000000  0  
910  1258  2  1  0.0899552091499803  0.8660671064090386  0  
911  1259  1  1  1.0000000000000000  1.0000000000000000  0  
912  1260  1  1  1.0000000000000000  1.0000000000000000  0  
913  1261  1  1  1.0000000000000000  1.0000000000000000  0  
914  1263  2  1  0.1947606596237955  0.8659599072023271  0  
915  1264  1  1  1.0000000000000000  1.0000000000000000  0  
916  1265  1  1  1.0000000000000000  1.0000000000000000  0  
917  1266  1  1  1.0000000000000000  1.0000000000000000  0  
918  1269  3  1  0.3354963970823452  0.2847983038544559  1  
919  1270  1  1  1.0000000000000000  1.0000000000000000  0  
920  1271  1  1  1.0000000000000000  1.0000000000000000  0  
921  1272  1  1  1.0000000000000000  1.0000000000000000  0  
922  1275  3  1  0.1214672810503119  0.1781037414267743  0  
923  1276  1  1  1.0000000000000000  1.0000000000000000  0  
924  1277  1  1  1.0000000000000000  1.0000000000000000  0  
925  1278  1  1  1.0000000000000000  1.0000000000000000  0  
926  1281  3  1  0.0995700963834037  0.1509798912986132  1  
927  1282  1  1  1.0000000000000000  1.0000000000000000  0  
928  1283  1  1  1.0000000000000000  1.0000000000000000  0  
929  1284  1  1  1.0000000000000000  1.0000000000000000  0  
930  1287  3  1  0.0443611884434847  0.0865004625788438  0  
931  1288  1  1  1.0000000000000000  1.0000000000000000  0  
932  1289  1  1  1.0000000000000000  1.0000000000000000  0  
933  1290  1  1  1.0000000000000000  1.0000000000000000  0  
934  1293  3  1  0.0424735362270519  0.0522164063590854  0  
935  1294  1  1  1.0000000000000000  1.0000000000000000  0  
936  1295  1  1  1.0000000000000000  1.0000000000000000  0  
937  1297  2  1  0.0544419159093734  0.8638361980662633  0  
938  1298  1  1  1.0000000000000000  1.0000000000000000  0  
939  1299  1  1  1.0000000000000000  1.0000000000000000  0  
940  1300  1  1  1.0000000000000000  1.0000000000000000  0  
941  1302  2  1  0.0367185679152789  0.8662575151178881  0  
942  1303  1  1  1.0000000000000000  1.0000000000000000  0  
943  1304  1  1  1.0000000000000000  1.0000000000000000  0  
944  1305  1  1  1.0000000000000000  1.0000000000000000  0  
945  1307  2  1  0.0253451775279511  0.8657042389612518  0  
946  1308  1  1  1.0000000000000000  1.0000000000000000  0  
947  1309  1  1  1.0000000000000000  1.0000000000000000  0  
948  1310  1  1  1.0000000000000000  1.0000000000000000  0  
949  1312  2  1  0.0392803932567729  0.8659739891772273  1  
950  1313  1  1  1.0000000000000000  1.0000000000000000  0  
951  1314  1  1  1.0000000000000000  1.0000000000000000  0  
952  1315  1  1  1.0000000000000000  1.0000000000000000  0  
953  1317  2  1  0.0969924239588563  0.8658112650837104  0  
954  1318  1  1  1.0000000000000000  1.0000000000000000  0  
955  1319  1  1  1.0000000000000000  1.0000000000000000  0  
956  1320  1  1  1.0000000000000000  1.0000000000000000  0  
957  1322  2  1  0.2130365275248297  0.8665172207245808  0  
958  1323  1  1  1.0000000000000000  1.0000000000000000  0  
959  1324  1  1  1.0000000000000000  1.0000000000000000  0  
960  1325  1  1  1.0000000000000000  1.0000000000000000  0  
961  1328  3  1  0.2153938841311429  0.5484942031854643  0  
962  1329  1  1  1.0000000000000000  1.0000000000000000  0  
963  1330  1  1  1.0000000000000000  1.0000000000000000  0  
964  1331  1  1  1.0000000000000000  1.0000000000000000  0  
965  1334  3  1  0.1584683007091360  0.1514687469574996  1  
966  1335  1  1  1.0000000000000000  1.0000000000000000  0  
967  1336  1  1  1.0000000000000000  1.0000000000000000  0  
968  1337  1  1  1.0000000000000000  1.0000000000000000  0  
969  1340  3  1  0.0610987858890687  0.1104324403886004  0  
970  1341  1  1  1.0000000000000000  1.0000000000000000  0  
971  1342  1  1  1.0000000000000000  1.0000000000000000  0  
972  1343  1  1  1.0000000000000000  1.0000000000000000  0  
973  1346  3  1  0.0610863858140667  0.0907640801741471  0  
974  1347  1  1  1.0000000000000000  1.0000000000000000  0  
975  1348  1  1  1.0000000000000000  1.0000000000000000  0  
976  1350  2  1  0.0543228420744144  0.8638840036815651  0  
977  1351  1  1  1.0000000000000000  1.0000000000000000  0  
978  1352  1  1  1.0000000000000000  1.0000000000000000  0  
979  1353  1  1  1.0000000000000000  1.0000000000000000  0  
980  1355  2  1  0.0428352027021070  0.8662057521501947  0  
981  1356  1  1  1.0000000000000000  1.0000000000000000  0  
982  1357  1  1  1.0000000000000000  1.0000000000000000  0  
983  1358  1  1  1.0000000000000000  1.0000000000000000  0  
984  1360  2  1  0.0406914966129775  0.8657466098287773  0  
985  1361  1  1  1.0000000000000000  1.0000000000000000  0  
986  1362  1  1  1.0000000000000000  1.0000000000000000  0  
987  1363  1  1  1.0000000000000000  1.0000000000000000  0  
988  1365  2  1  0.0300834502014181  0.8659183412855473  0  
989  1366  1  1  1.0000000000000000  1.0000000000000000  0  
990  1367  1  1  1.0000000000000000  1.0000000000000000  0  
991  1368  1  1  1.0000000000000000  1.0000000000000000  0  
992  1370  2  1  0.0411791807779298  0.8658704851944516  0  
993  1371  1  1  1.0000000000000000  1.0000000000000000  0  
994  1372  1  1  1.0000000000000000  1.0000000000000000  0  
995  1373  1  1  1.0000000000000000  1.0000000000000000  0  
996  1375  2  1  0.1188982303476485  0.8659393126432683  0  
997  1376  1  1  1.0000000000000000  1.0000000000000000  0  
998  1377  1  1  1.0000000000000000  1.0000000000000000  0  
999  1378  1  1  1.0000000000000000  1.0000000000000000  0  
1000  1381  3  1  0.1480115476336704  0.2392311204289043  0  
1001  1382  1  1  1.0000000000000000  1.0000000000000000  0  
1002  1383  1  1  1.0000000000000000  1.0000000000000000  0  
1003  1384  1  1  1.0000000000000000  1.0000000000000000  0  
1004  1387  3  1  0.0581532998649733  0.1105454338081803  0  
1005  1388  1  1  1.0000000000000000  1.0000000000000000  0  
1006  1389  1  1  1.0000000000000000  1.0000000000000000  0  
1007  1390  1  1  1.0000000000000000  1.0000000000000000  0  
1008  1393  3  1  0.0507734551982498  0.1143259548262645  0  
1009  1394  1  1  1.0000000000000000  1.0000000000000000  0  
1010  1395  1  1  1.0000000000000000  1.0000000000000000  0  
1011  1396  1  1  1.0000000000000000  1.0000000000000000  0  
1012  1399  3  1  0.0874952309459770  0.0748786477959057  2  
1013  1400  1  1  1.0000000000000000  1.0000000000000000  0  
1014  1401  1  1  1.0000000000000000  1.0000000000000000  0  
1015  1402  1  1  1.0000000000000000  1.0000000000000000  0  
1016  1405  3  1  0.0618364393986020  0.0571337845605941  1  
1017  1406  1  1  1.0000000000000000  1.0000000000000000  0  
1018  1407  1  1  1.0000000000000000  1.0000000000000000  0  
1019  1409  2  1  0.0640684756126520  0.8637528345110551  0  
1020  1410  1  1  1.0000000000000000  1.0000000000000000  0  
1021  1411  1  1  1.0000000000000000  1.0000000000000000  0  
1022  1412  1  1  1.0000000000000000  1.0000000000000000  0  
1023  1414  2  1  0.0472972037523846  0.8662160715128624  0  
1024  1415  1  1  1.0000000000000000  1.0000000000000000  0  
1025  1416  1  1  1.0000000000000000  1.0000000000000000  0  
1026  1417  1  1  1.0000000000000000  1.0000000000000000  0  
1027  1419  2  1  0.0370716559158280  0.8657241755990506  0  
1028  1420  1  1  1.0000000000000000  1.0000000000000000  0  
1029  1421  1  1  1.0000000000000000  1.0000000000000000  0  
1030  1422  1  1  1.0000000000000000  1.0000000000000000  0  
1031  1424  2  1  0.0329862912154111  0.8659300570804372  0  
1032  1425  1  1  1.0000000000000000  1.0000000000000000  0  
1033  1426  1  1  1.0000000000000000  1.0000000000000000  0  
1034  1427  1  1  1.0000000000000000  1.0000000000000000  0  
1035  1429  2  1  0.0775761953361593  0.8658671673977825  0  
1036  1430  1  1  1.0000000000000000  1.0000000000000000  0  
1037  1431  1  1  1.0000000000000000  1.0000000000000000  0  
1038  1432  1  1  1.0000000000000000  1.0000000000000000  0  
1039  1434  2  1  0.1291312139430195  0.8658651199220587  0  
1040  1435  1  1  1.0000000000000000  1.0000000000000000  0  
1041  1436  1  1  1.0000000000000000  1.0000000000000000  0  
1042  1437  1  1  1.0000000000000000  1.0000000000000000  0  
1043  1440  3  1  0.0784723698198351  0.1232097143407691  0  
1044  1441  1  1  1.0000000000000000  1.0000000000000000  0  
1045  1442  1  1  1.0000000000000000  1.0000000000000000  0  
1046  1443  1  1  1.0000000000000000  1.0000000000000000  0  
1047  1446  3  1  0.0668880471570836  0.1094983651962426  0  
1048  1447  1  1  1.0000000000000000  1.0000000000000000  0  
1049  1448  1  1  1.0000000000000000  1.0000000000000000  0  
1050  1449  1  1  1.0000000000000000  1.0000000000000000  0  
1051  1452  3  1  0.0663237940863703  0.1326544904840138  1  
1052  1453  1  1  1.0000000000000000  1.0000000000000000  0  
1053  1454  1  1  1.0000000000000000  1.0000000000000000  0  
1054  1455  1  1  1.0000000000000000  1.0000000000000000  0  
1055  1458  3  1  0.0312198661958979  0.0502022120463174  0  
1056  1459  1  1  1.0000000000000000  1.0000000000000000  0  
1057  1460  1  1  1.0000000000000000  1.0000000000000000  0  
1058  1461  1  1  1.0000000000000000  1.0000000000000000  0  
1059  1464  3  1  0.0546982510431196  0.0522687265213471  2  
1060  1465  1  1  1.0000000000000000  1.0000000000000000  0  
1061  1466  1  1  1.0000000000000000  1.0000000000000000  0  
1062  1468  2  1  0.0659016652491950  0.8637201318756582  0  
1063  1469  1  1  1.0000000000000000  1.0000000000000000  0  
1064  1470  1  1  1.0000000000000000  1.0000000000000000  0  
1065  1471  1  1  1.0000000000000000  1.0000000000000000  0  
1066  1473  2  1  0.0623601349586737  0.8662095931485180  0  
1067  1474  1  1  1.0000000000000000  1.0000000000000000  0  
1068  1475  1  1  1.0000000000000000  1.0000000000000000  0  
1069  1476  1  1  1.0000000000000000  1.0000000000000000  0  
1070  1478  2  1  0.0952477664720870  0.8656467039563851  0  
1071  1479  1  1  1.0000000000000000  1.0000000000000000  0  
1072  1480  1  1  1.0000000000000000  1.0000000000000000  0  
1073  1481  1  1  1.0000000000000000  1.0000000000000000  0  
1074  1483  2  1  0.1301717712577121  0.8660010201243675  0  
1075  1484  1  1  1.0000000000000000  1.0000000000000000  0  
1076  1485  1  1  1.0000000000000000  1.0000000000000000  0  
1077  1486  1  1  1.0000000000000000  1.0000000000000000  0  
1078  1488  2  1  0.2148554153846572  0.8659943160521038  0  
1079  1489  1  1  1.0000000000000000  1.0000000000000000  0  
1080  1490  1  1  1.0000000000000000  1.0000000000000000  0  
1081  1491  1  1  1.0000000000000000  1.0000000000000000  0  
1082  1494  3  1  0.0866767329746734  0.1966451672999758  0  
1083  1495  1  1  1.0000000000000000  1.0000000000000000  0  
1084  1496  1  1  1.0000000000000000  1.0000000000000000  0  
1085  1497  1  1  1.0000000000000000  1.0000000000000000  0  
1086  1500  3  1  0.0908697641461198  0.1726793893961157  0  
1087  1501  1  1  1.0000000000000000  1.0000000000000000  0  
1088  1502  1  1  1.0000000000000000  1.0000000000000000  0  
1089  1503  1  1  1.0000000000000000  1.0000000000000000  0  
1090  1506  3  1  0.0653809522494791  0.1003046181306929  0  
1091  1507  1  1  1.0000000000000000  1.0000000000000000  0  
1092  1508  1  1  1.0000000000000000  1.0000000000000000  0  
1093  1509  1  1  1.0000000000000000  1.0000000000000000  0  
1094  1512  3  1  0.0569910715230344  0.0800053830185220  0  
1095  1513  1  1  1.0000000000000000  1.0000000000000000  0  
1096  1514  1  1  1.0000000000000000  1.0000000000000000  0  
1097  1515  1  1  1.0000000000000000  1.0000000000000000  0  
1098  1518  3  1  0.0359819050729400  0.0541646010501880  1  
1099  1519  1  1  1.0000000000000000  1.0000000000000000  0  
1100  1520  1  1  1.0000000000000000  1.0000000000000000  0  
1101  1522  2  1  0.0478896887702121  0.8638918443137990  0  
1102  1523  1  1  1.0000000000000000  1.0000000000000000  0  
1103  1524  1  1  1.0000000000000000  1.0000000000000000  0  
1104  1525  1  1  1.0000000000000000  1.0000000000000000  0  
1105  1527  2  1  0.0291694534739365  0.8662643775252957  0  
1106  1528  1  1  1.0000000000000000  1.0000000000000000  0  
1107  1529  1  1  1.0000000000000000  1.0000000000000000  0  
1108  1530  1  1  1.0000000000000000  1.0000000000000000  0  
1109  1532  2  1  0.0405273065988332  0.8656926829122148  1  
1110  1533  1  1  1.0000000000000000  1.0000000000000000  0  
1111  1534  1  1  1.0000000000000000  1.0000000000000000  0  
1112  1535  1  1  1.0000000000000000  1.0000000000000000  0  
1113  1537  2  1  0.0950868017987895  0.8660615853051150  0  
1114  1538  1  1  1.0000000000000000  1.0000000000000000  0  
1115  1539  1  1  1.0000000000000000  1.0000000000000000  0  
1116  1540  1  1  1.0000000000000000  1.0000000000000000  0  
1117  1542  2  1  0.2687674393025182  0.8666730667989712  0  
1118  1543  1  1  1.0000000000000000  1.0000000000000000  0  
1119  1544  1  1  1.0000000000000000  1.0000000000000000  0  
1120  1545  1  1  1.0000000000000000  1.0000000000000000  0  
1121  1548  3  1  0.2416691242061719  0.5067705225973254  0  
1122  1549  1  1  1.0000000000000000  1.0000000000000000  0  
1123  1550  1  1  1.0000000000000000  1.0000000000000000  0  
1124  1551  1  1  1.0000000000000000  1.0000000000000000  0  
1125  1554  3  1  0.1918291309849842  0.1643876834725805  1  
1126  1555  1  1  1.0000000000000000  1.0000000000000000  0  
1127  1556  1  1  1.0000000000000000  1.0000000000000000  0  
1128  1557  1  1  1.0000000000000000  1.0000000000000000  0  
1129  1560  3  1  0.0763508648368465  0.1244835714069565  0  
1130  1561  1  1  1.0000000000000000  1.0000000000000000  0  
1131  1562  1  1  1.0000000000000000  1.0000000000000000  0  
1132  1563  1  1  1.0000000000000000  1.0000000000000000  0  
1133  1566  3  1  0.0553238481114133  0.0801429494272579  1  
1134  1567  1  1  1.0000000000000000  1.0000000000000000  0  
1135  1568  1  1  1.0000000000000000  1.0000000000000000  0  
1136  1570  2  1  0.0528686451700569  0.8638782106713832  0  
1137  1571  1  1  1.0000000000000000  1.0000000000000000  0  
1138  1572  1  1  1.0000000000000000  1.0000000000000000  0  
1139  1573  1  1  1.0000000000000000  1.0000000000000000  0  
1140  1575  2  1  0.0455624239256944  0.8663152138686327  0  
1141  1576  1  1  1.0000000000000000  1.0000000000000000  0  
1142  1577  1  1  1.0000000000000000  1.0000000000000000  0  
1143  1578  1  1  1.0000000000000000  1.0000000000000000  0  
1144  1580  2  1  0.0414294242171915  0.8656642649540096  0  
1145  1581  1  1  1.0000000000000000  1.0000000000000000  0  
1146  1582  1  1  1.0000000000000000  1.0000000000000000  0  
1147  1583  1  1  1.0000000000000000  1.0000000000000000  0  
1148  1585  2  1  0.0622469285396180  0.8659576462584355  0  
1149  1586  1  1  1.0000000000000000  1.0000000000000000  0  
1150  1587  1  1  1.0000000000000000  1.0000000000000000  0  
1151  1588  1  1  1.0000000000000000  1.0000000000000000  0  
1152  1590  2  1  0.1049014609397906  0.8658519111071679  0  
1153  1591  1  1  1.0000000000000000  1.0000000000000000  0  
1154  1592  1  1  1.0000000000000000  1.0000000000000000  0  
1155  1593  1  1  1.0000000000000000  1.0000000000000000  0  
1156  1596  3  1  0.1442445447448442  0.2904131721837439  0  
1157  1597  1  1  1.0000000000000000  1.0000000000000000  0  
1158  1598  1  1  1.0000000000000000  1.0000000000000000  0  
1159  1599  1  1  1.0000000000000000  1.0000000000000000  0  
1160  1602  3  1  0.0726604825609018  0.1136378400641836  0  
1161  1603  1  1  1.0000000000000000  1.0000000000000000  0  
1162  1604  1  1  1.0000000000000000  1.0000000000000000  0  
1163  1605  1  1  1.0000000000000000  1.0000000000000000  0  
1164  1608  3  1  0.0425065503167879  0.0791267379434466  0  
1165  1609  1  1  1.0000000000000000  1.0000000000000000  0  
1166  1610  1  1  1.0000000000000000  1.0000000000000000  0  
1167  1611  1  1  1.0000000000000000  1.0000000000000000  0  
1168  1614  3  1  0.0708031281649486  0.0620298870083722  1  
1169  1615  1  1  1.0000000000000000  1.0000000000000000  0  
1170  1616  1  1  1.0000000000000000  1.0000000000000000  0  
1171  1617  1  1  1.0000000000000000  1.0000000000000000  0  
1172  1620  3  1  0.0617092557335580  0.0536159104401045  1  
1173  1621  1  1  1.0000000000000000  1.0000000000000000  0  
1174  1622  1  1  1.0000000000000000  1.0000000000000000  0  
1175  1624  2  1  0.0640610227072525  0.8637305722267949  0  
1176  1625  1  1  1.0000000000000000  1.0000000000000000  0  
1177  1626  1  1  1.0000000000000000  1.0000000000000000  0  
1178  1627  1  1  1.0000000000000000  1.0000000000000000  0  
1179  1629  2  1  0.0424918739411001  0.8662207858910738  0  
1180  1630  1  1  1.0000000000000000  1.0000000000000000  0  
1181  1631  1  1  1.0000000000000000  1.0000000000000000  0  
1182  1632  1  1  1.0000000000000000  1.0000000000000000  0  
1183  1634  2  1  0.0859653019593069  0.8657476433080145  0  
1184  1635  1  1  1.0000000000000000  1.0000000000000000  0  
1185  1636  1  1  1.0000000000000000  1.0000000000000000  0  
1186  1637  1  1  1.0000000000000000  1.0000000000000000  0  
1187  1639  2  1  0.1569898238926654  0.8660945045019841  0  
1188  1640  1  1  1.0000000000000000  1.0000000000000000  0  
1189  1641  1  1  1.0000000000000000  1.0000000000000000  0  
1190  1642  1  1  1.0000000000000000  1.0000000000000000  0  
1191  1644  2  1  0.5089288375534340  0.8816461766818497  0  
1192  1645  1  1  1.0000000000000000  1.0000000000000000  0  
1193  1646  1  1  1.0000000000000000  1.0000000000000000  0  
1194  1649  3  1  0.5255353326810907  0.4455023587204114  1  
1195  1650  1  1  1.0000000000000000  1.0000000000000000  0  
1196  1651  1  1  1.0000000000000000  1.0000000000000000  0  
1197  1653  2  1  0.2436470519040163  0.8645244699728698  0  
1198  1654  1  1  1.0000000000000000  1.0000000000000000  0  
1199  1655  1  1  1.0000000000000000  1.0000000000000000  0  
1200  1656  1  1  1.0000000000000000  1.0000000000000000  0  
1201  1658  2  1  0.1785053180500155  0.8672234471175616  0  
1202  1659  1  1  1.0000000000000000  1.0000000000000000  0  
1203  1660  1  1  1.0000000000000000  1.0000000000000000  0  
1204  1661  1  1  1.0000000000000000  1.0000000000000000  0  
1205  1663  2  1  0.2390461608559729  0.8653870449752955  0  
1206  1664  1  1  1.0000000000000000  1.0000000000000000  0  
1207  1665  1  1  1.0000000000000000  1.0000000000000000  0  
1208  1666  1  1  1.0000000000000000  1.0000000000000000  0  
1209  1668  2  1  0.1911137103443196  0.8674410508378237  0  
1210  1669  1  1  1.0000000000000000  1.0000000000000000  0  
1211  1670  1  1  1.0000000000000000  1.0000000000000000  0  
1212  1671  1  1  1.0000000000000000  1.0000000000000000  0  
1213  1673  2  1  0.1589536481698398  0.8653329454057583  0  
1214  1674  1  1  1.0000000000000000  1.0000000000000000  0  
1215  1675  1  1  1.0000000000000000  1.0000000000000000  0  
1216  1676  1  1  1.0000000000000000  1.0000000000000000  0  
1217  1679  3  1  0.1530765205764849  0.2621742462321616  0  
1218  1680  1  1  1.0000000000000000  1.0000000000000000  0  
1219  1681  1  1  1.0000000000000000  1.0000000000000000  0  
1220  1682  1  1  1.0000000000000000  1.0000000000000000  0  
1221  1685  3  1  0.0821808928988270  0.1407447497382047  0  
1222  1686  1  1  1.0000000000000000  1.0000000000000000  0  
1223  1687  1  1  1.0000000000000000  1.0000000000000000  0  
1224  1688  1  1  1.0000000000000000  1.0000000000000000  0  
1225  1691  3  1  0.0655414809947695  0.1023896267141036  0  
1226  1692  1  1  1.0000000000000000  1.0000000000000000  0  
1227  1693  1  1  1.0000000000000000  1.0000000000000000  0  
1228  1694  1  1  1.0000000000000000  1.0000000000000000  0  
1229  1697  3  1  0.0681144259712368  0.0930450202825209  0  
1230  1698  1  1  1.0000000000000000  1.0000000000000000  0  
1231  1699  1  1  1.0000000000000000  1.0000000000000000  0  
1232  1700  1  1  1.0000000000000000  1.0000000000000000  0  
1233  1703  3  1  0.0413827388006263  0.0604401388164666  1  
1234  1704  1  1  1.0000000000000000  1.0000000000000000  0  
1235  1705  1  1  1.0000000000000000  1.0000000000000000  0  
1236  1707  2  1  0.0626970069714386  0.8638334775819401  0  
1237  1708  1  1  1.0000000000000000  1.0000000000000000  0  
1238  1709  1  1  1.0000000000000000  1.0000000000000000  0  
1239  1710  1  1  1.0000000000000000  1.0000000000000000  0  
1240  1712  2  1  0.0478152024424735  0.8662664766193960  0  
1241  1713  1  1  1.0000000000000000  1.0000000000000000  0  
1242  1714  1  1  1.0000000000000000  1.0000000000000000  0  
1243  1715  1  1  1.0000000000000000  1.0000000000000000  0  
1244  1717  2  1  0.0585871317247177  0.8656659857164244  0  
1245  1718  1  1  1.0000000000000000  1.0000000000000000  0  
1246  1719  1  1  1.0000000000000000  1.0000000000000000  0  
1247  1720  1  1  1.0000000000000000  1.0000000000000000  0  
1248  1722  2  1  0.0916733197594173  0.8661073603849307  0  
1249  1723  1  1  1.0000000000000000  1.0000000000000000  0  
1250  1724  1  1  1.0000000000000000  1.0000000000000000  0  
1251  1725  1  1  1.0000000000000000  1.0000000000000000  0  
1252  1727  2  1  0.1820407669457228  0.8659520028099443  0  
1253  1728  1  1  1.0000000000000000  1.0000000000000000  0  
1254  1729  1  1  1.0000000000000000  1.0000000000000000  0  
1255  1730  1  1  1.0000000000000000  1.0000000000000000  0  
1256  1732  2  1  0.2410431468603370  0.8669264076096501  0  
1257  1733  1  1  1.0000000000000000  1.0000000000000000  0  
1258  1734  1  1  1.0000000000000000  1.0000000000000000  0  
1259  1735  1  1  1.0000000000000000  1.0000000000000000  0  
1260  1738  3  1  0.2707905845420973  0.2293731142075356  1  
1261  1739  1  1  1.0000000000000000  1.0000000000000000  0  
1262  1740  1  1  1.0000000000000000  1.0000000000000000  0  
1263  1741  1  1  1.0000000000000000  1.0000000000000000  0  
1264  1744  3  1  0.1227310685234218  0.2066153507662451  0  
1265  1745  1  1  1.0000000000000000  1.0000000000000000  0  
1266  1746  1  1  1.0000000000000000  1.0000000000000000  0  
1267  1747  1  1  1.0000000000000000  1.0000000000000000  0  
1268  1750  3  1  0.0777295579202025  0.1169963654858546  0  
1269  1751  1  1  1.0000000000000000  1.0000000000000000  0  
1270  1752  1  1  1.0000000000000000  1.0000000000000000  0  
1271  1753  1  1  1.0000000000000000  1.0000000000000000  0  
1272  1756  3  1  0.0452775522016154  0.0836326696352498  0  
1273  1757  1  1  1.0000000000000000  1.0000000000000000  0  
1274  1758  1  1  1.0000000000000000  1.0000000000000000  0  
1275  1759  1  1  1.0000000000000000  1.0000000000000000  0  
1276  1762  3  1  0.0471279437906493  0.0551035640813168  1  
1277  1763  1  1  1.0000000000000000  1.0000000000000000  0  
1278  1764  1  1  1.0000000000000000  1.0000000000000000  0  
1279  1766  2  1  0.0682990992793815  0.8636875290832292  0  
1280  1767  1  1  1.0000000000000000  1.0000000000000000  0  
1281  1768  1  1  1.0000000000000000  1.0000000000000000  0  
1282  1769  1  1  1.0000000000000000  1.0000000000000000  0  
1283  1771  2  1  0.0429062534809494  0.8662954285305071  0  
1284  1772  1  1  1.0000000000000000  1.0000000000000000  0  
1285  1773  1  1  1.0000000000000000  1.0000000000000000  0  
1286  1774  1  1  1.0000000000000000  1.0000000000000000  0  
1287  1776  2  1  0.0303305520870575  0.8657183316234882  0  
1288  1777  1  1  1.0000000000000000  1.0000000000000000  0  
1289  1778  1  1  1.0000000000000000  1.0000000000000000  0  
1290  1779  1  1  1.0000000000000000  1.0000000000000000  0  
1291  1781  2  1  0.0404712124003930  0.8659698627753383  1  
1292  1782  1  1  1.0000000000000000  1.0000000000000000  0  
1293  1783  1  1  1.0000000000000000  1.0000000000000000  0  
1294  1784  1  1  1.0000000000000000  1.0000000000000000  0  
1295  1786  2  1  0.0953478370451915  0.8658364679636700  0  
1296  1787  1  1  1.0000000000000000  1.0000000000000000  0  
1297  1788  1  1  1.0000000000000000  1.0000000000000000  0  
1298  1789  1  1  1.0000000000000000  1.0000000000000000  0  
1299  1792  3  1  0.1651211935669744  0.2476101598826914  0  
1300  1793  1  1  1.0000000000000000  1.0000000000000000  0  
1301  1794  1  1  1.0000000000000000  1.0000000000000000  0  
1302  1795  1  1  1.0000000000000000  1.0000000000000000  0  
1303  1798  3  1  0.1145288561998302  0.1709202637855171  0  
1304  1799  1  1  1.0000000000000000  1.0000000000000000  0  
1305  1800  1  1  1.0000000000000000  1.0000000000000000  0  
1306  1801  1  1  1.0000000000000000  1.0000000000000000  0  
1307  1804  3  1  0.0432924461850229  0.0668966291546384  0  
1308  1805  1  1  1.0000000000000000  1.0000000000000000  0  
1309  1806  1  1  1.0000000000000000  1.0000000000000000  0  
1310  1807  1  1  1.0000000000000000  1.0000000000000000  0  
1311  1810  3  1  0.0670589325683880  0.0647996840844694  1  
1312  1811  1  1  1.0000000000000000  1.0000000000000000  0  
1313  1812  1  1  1.0000000000000000  1.0000000000000000  0  
1314  1813  1  1  1.0000000000000000  1.0000000000000000  0  
1315  1816  3  1  0.0785910244251231  0.0671069181009218  2  
1316  1817  1  1  1.0000000000000000  1.0000000000000000  0  
1317  1818  1  1  1.0000000000000000  1.0000000000000000  0  
1318  1820  2  1  0.0649072295054153  0.8637189388149357  0  
1319  1821  1  1  1.0000000000000000  1.0000000000000000  0  
1320  1822  1  1  1.0000000000000000  1.0000000000000000  0  
1321  1823  1  1  1.0000000000000000  1.0000000000000000  0  
1322  1825  2  1  0.0361643946990402  0.8662358254847595  0  
1323  1826  1  1  1.0000000000000000  1.0000000000000000  0  
1324  1827  1  1  1.0000000000000000  1.0000000000000000  0  
1325  1828  1  1  1.0000000000000000  1.0000000000000000  0  
1326  1830  2  1  0.0290831377081556  0.8657264215370688  0  
1327  1831  1  1  1.0000000000000000  1.0000000000000000  0  
1328  1832  1  1  1.0000000000000000  1.0000000000000000  0  
1329  1833  1  1  1.0000000000000000  1.0000000000000000  0  
1330  1835  2  1  0.0473135387372389  0.8659631291562546  1  
1331  1836  1  1  1.0000000000000000  1.0000000000000000  0  
1332  1837  1  1  1.0000000000000000  1.0000000000000000  0  
1333  1838  1  1  1.0000000000000000  1.0000000000000000  0  
1334  1840  2  1  0.0714854990209267  0.8658412242710098  0  
1335  1841  1  1  1.0000000000000000  1.0000000000000000  0  
1336  1842  1  1  1.0000000000000000  1.0000000000000000  0  
1337  1843  1  1  1.0000000000000000  1.0000000000000000  0  
1338  1845  2  1  0.1229126569981755  0.8659838614239121  0  
1339  1846  1  1  1.0000000000000000  1.0000000000000000  0  
1340  1847  1  1  1.0000000000000000  1.0000000000000000  0  
1341  1848  1  1  1.0000000000000000  1.0000000000000000  0  
1342  1851  3  1  0.1057083873057941  0.3151440079709881  0  
1343  1852  1  1  1.0000000000000000  1.0000000000000000  0  
1344  1853  1  1  1.0000000000000000  1.0000000000000000  0  
1345  1854  1  1  1.0000000000000000  1.0000000000000000  0  
1346  1857  3  1  0.1079777139801068  0.0974759813349551  1  
1347  1858  1  1  1.0000000000000000  1.0000000000000000  0  
1348  1859  1  1  1.0000000000000000  1.0000000000000000  0  
1349  1860  1  1  1.0000000000000000  1.0000000000000000  0  
1350  1863  3  1  0.0401040379857788  0.0716554691892122  0  
1351  1864  1  1  1.0000000000000000  1.0000000000000000  0  
1352  1865  1  1  1.0000000000000000  1.0000000000000000  0  
1353  1866  1  1  1.0000000000000000  1.0000000000000000  0  
1354  1869  3  1  0.0443686563968303  0.0648428838074161  1  
1355  1870  1  1  1.0000000000000000  1.0000000000000000  0  
1356  1871  1  1  1.0000000000000000  1.0000000000000000  0  
1357  1872  1  1  1.0000000000000000  1.0000000000000000  0  
1358  1875  3  1  0.0380738776882024  0.0514741041688740  2  
1359  1876  1  1  1.0000000000000000  1.0000000000000000  0  
1360  1877  1  1  1.0000000000000000  1.0000000000000000  0  
1361  1879  2  1  0.0587410951254891  0.8637702237523593  0  
1362  1880  1  1  1.0000000000000000  1.0000000000000000  0  
1363  1881  1  1  1.0000000000000000  1.0000000000000000  0  
1364  1882  1  1  1.0000000000000000  1.0000000000000000  0  
1365  1884  2  1  0.0406912262032734  0.8662568294607195  0  
1366  1885  1  1  1.0000000000000000  1.0000000000000000  0  
1367  1886  1  1  1.0000000000000000  1.0000000000000000  0  
1368  1887  1  1  1.0000000000000000  1.0000000000000000  0  
1369  1889  2  1  0.0283194591989331  0.8657155329156999  0  
1370  1890  1  1  1.0000000000000000  1.0000000000000000  0  
1371  1891  1  1  1.0000000000000000  1.0000000000000000  0  
1372  1892  1  1  1.0000000000000000  1.0000000000000000  0  
1373  1894  2  1  0.0584130956977073  0.8659418651120804  0  
1374  1895  1  1  1.0000000000000000  1.0000000000000000  0  
1375  1896  1  1  1.0000000000000000  1.0000000000000000  0  
1376  1897  1  1  1.0000000000000000  1.0000000000000000  0  
1377  1899  2  1  0.1594360142585239  0.8660181898454242  0  
1378  1900  1  1  1.0000000000000000  1.0000000000000000  0  
1379  1901  1  1  1.0000000000000000  1.0000000000000000  0  
1380  1902  1  1  1.0000000000000000  1.0000000000000000  0  
1381  1904  2  1  0.1961184491299958  0.8664641880242848  0  
1382  1905  1  1  1.0000000000000000  1.0000000000000000  0  
1383  1906  1  1  1.0000000000000000  1.0000000000000000  0  
1384  1907  1  1  1.0000000000000000  1.0000000000000000  0  
1385  1910  3  1  0.0801383783392823  0.1444655853994617  0  
1386  1911  1  1  1.0000000000000000  1.0000000000000000  0  
1387  1912  1  1  1.0000000000000000  1.0000000000000000  0  
1388  1913  1  1  1.0000000000000000  1.0000000000000000  0  
1389  1916  3  1  0.1030574815234568  0.1552253450588750  0  
1390  1917  1  1  1.0000000000000000  1.0000000000000000  0  
1391  1918  1  1  1.0000000000000000  1.0000000000000000  0  
1392  1919  1  1  1.0000000000000000  1.0000000000000000  0  
1393  1922  3  1  0.0497463955103223  0.1002760114759194  0  
1394  1923  1  1  1.0000000000000000  1.0000000000000000  0  
1395  1924  1  1  1.0000000000000000  1.0000000000000000  0  
1396  1925  1  1  1.0000000000000000  1.0000000000000000  0  
1397  1928  3  1  0.0467860247975986  0.0689809800128934  1  
1398  1929  1  1  1.0000000000000000  1.0000000000000000  0  
1399  1930  1  1  1.0000000000000000  1.0000000000000000  0  
1400  1931  1  1  1.0000000000000000  1.0000000000000000  0  
1401  1934  3  1  0.0664620085597188  0.0628752401131697  2  
1402  1935  1  1  1.0000000000000000  1.0000000000000000  0  
1403  1936  1  1  1.0000000000000000  1.0000000000000000  0  
1404  1938  2  1  0.0643690302230343  0.8637341732040290  0  
1405  1939  1  1  1.0000000000000000  1.0000000000000000  0  
1406  1940  1  1  1.0000000000000000  1.0000000000000000  0  
1407  1941  1  1  1.0000000000000000  1.0000000000000000  0  
1408  1943  2  1  0.0343530322295729  0.8662486594050500  0  
1409  1944  1  1  1.0000000000000000  1.0000000000000000  0  
1410  1945  1  1  1.0000000000000000  1.0000000000000000  0  
1411  1946  1  1  1.0000000000000000  1.0000000000000000  0  
1412  1948  2  1  0.0206181010488087  0.8657266329452317  0  
1413  1949  1  1  1.0000000000000000  1.0000000000000000  0  
1414  1950  1  1  1.0000000000000000  1.0000000000000000  0  
1415  1951  1  1  1.0000000000000000  1.0000000000000000  0  
1416  1953  2  1  0.0291727027356822  0.8659534524578737  1  
1417  1954  1  1  1.0000000000000000  1.0000000000000000  0  