/*--------------------------------*- C++ -*----------------------------------*\
| =========                 |                                                 |
| \\      /  F ield         | OpenFOAM: The Open Source CFD Toolbox           |
|  \\    /   O peration     | Version:  5.x                                   |
|   \\  /    A nd           | Web:      www.OpenFOAM.org                      |
|    \\/     M anipulation  |                                                 |
\*---------------------------------------------------------------------------*/
FoamFile
{
    version     2.0;
    format      ascii;
    class       volScalarField;
    location    "2.8";
    object      gradTy;
}
// * * * * * * * * * * * * * * * * * * * * * * * * * * * * * * * * * * * * * //

dimensions      [0 -1 0 1 0 0 0];

internalField   nonuniform List<scalar> 
6300
(
32275.9
32227.7
32179.6
32131.6
32083.6
32035.8
31988.1
31940.5
31893.2
31846.1
31799.2
31752.7
31706.4
31660.4
31614.8
-0.019494
-0.0585611
-0.0978515
-0.137467
-0.177438
-0.217702
-0.258072
-0.298225
-0.337698
-0.375913
-0.412229
-0.446038
-0.476898
-0.504684
-0.52972
-0.0324036
-0.0973555
-0.162724
-0.228711
-0.2954
-0.362711
-0.430351
-0.497783
-0.564211
-0.628607
-0.689799
-0.746629
-0.798196
-0.844143
-0.884938
-0.0451641
-0.135729
-0.226975
-0.31925
-0.412737
-0.507386
-0.602831
-0.698336
-0.792743
-0.884492
-0.971716
-1.05247
-1.12509
-1.18873
-1.24383
-0.0576849
-0.173415
-0.290187
-0.408562
-0.528896
-0.651241
-0.775228
-0.899957
-1.0239
-1.14487
-1.26006
-1.36639
-1.46093
-1.5418
-1.60906
-0.0698462
-0.210059
-0.35179
-0.495904
-0.643032
-0.793436
-0.94686
-1.10234
-1.25801
-1.41097
-1.55725
-1.69204
-1.8104
-1.90844
-1.98504
-0.0814852
-0.245178
-0.410997
-0.580217
-0.753868
-0.932586
-1.11641
-1.30449
-1.49479
-1.68372
-1.86586
-2.03407
-2.18012
-2.29647
-2.37913
-0.0923982
-0.278161
-0.466789
-0.660078
-0.859611
-1.0666
-1.28165
-1.50437
-1.73289
-1.96319
-2.18836
-2.3982
-2.57949
-2.71815
-2.80392
-0.102342
-0.308267
-0.517904
-0.733671
-0.957864
-1.19252
-1.43917
-1.6984
-1.96917
-2.24771
-2.52614
-2.79081
-3.02144
-3.19268
-3.28116
-0.11104
-0.334651
-0.56287
-0.79881
-1.04562
-1.30641
-1.58406
-1.88085
-2.19761
-2.5323
-2.87762
-3.21743
-3.52271
-3.74993
-3.84884
-0.118203
-0.356415
-0.600093
-0.853053
-1.11936
-1.40338
-1.70977
-2.04327
-2.40804
-2.8062
-3.23456
-3.67852
-4.10202
-4.43543
-4.57482
-0.123558
-0.372699
-0.62801
-0.893917
-1.17534
-1.47793
-1.80832
-2.17435
-2.58504
-3.04984
-3.57583
-4.16004
-4.77134
-5.31486
-5.58661
-0.126881
-0.382799
-0.645307
-0.919232
-1.21011
-1.52462
-1.87116
-2.2607
-2.70787
-3.23224
-3.85882
-4.61441
-5.50836
-6.46591
-7.14767
-0.128044
-0.386293
-0.651162
-0.927554
-1.2212
-1.53922
-1.89095
-2.28937
-2.75345
-3.31238
-4.01276
-4.93033
-6.18161
-7.8925
-9.8597
-0.127041
-0.383149
-0.645464
-0.918579
-1.20787
-1.52004
-1.86398
-2.2523
-2.70414
-3.25099
-3.94944
-4.9124
-6.39501
-9.06249
-14.9451
31573.3
31535.8
31498.6
31461.7
31425.1
31388.7
31352.7
31316.9
31281.5
31246.5
31211.8
31177.4
31143.5
31110
31076.8
31044.1
31011.8
30980
30948.5
30917.5
30886.9
30856.7
30827
30797.6
30768.5
30739.9
30711.6
30683.6
30655.9
30628.5
30601.3
30574.4
30547.7
30521.3
30495
30468.9
30442.9
30417.1
30391.3
30365.7
30340.2
30314.8
30289.4
30264.1
30238.9
30213.6
30188.4
30163.3
30138.1
30112.9
30087.7
30062.4
30037.1
30011.8
29986.4
29960.8
29935.2
29909.4
29883.5
29857.4
29831.2
29804.8
29778.2
29751.3
29724.3
29697.1
29669.6
29641.9
29613.9
29585.7
29557.2
29528.5
29499.5
29470.2
29440.7
29410.9
29380.8
29350.4
29319.7
29288.8
29257.5
29226
29194.2
29162.1
29129.7
29097
29064
29030.7
28997.1
28963.3
-0.550917
-0.569684
-0.588829
-0.609249
-0.631702
-0.656664
-0.684218
-0.714007
-0.74526
-0.776892
-0.807657
-0.836309
-0.861749
-0.883112
-0.899794
-0.911421
-0.917783
-0.918765
-0.914308
-0.904402
-0.889108
-0.868598
-0.843178
-0.813299
-0.779529
-0.742517
-0.702954
-0.661538
-0.618954
-0.575866
-0.532903
-0.490634
-0.449543
-0.409997
-0.372236
-0.336379
-0.302457
-0.270446
-0.240305
-0.211987
-0.185416
-0.160459
-0.136875
-0.114294
-0.0922179
-0.0700659
-0.0472406
-0.0232121
0.0024085
0.0298226
0.0590317
0.0898583
0.121987
0.155012
0.188472
0.221885
0.254762
0.286638
0.317095
0.345809
0.372571
0.397302
0.420041
0.440903
0.46003
0.477546
0.493533
0.508041
0.521112
0.532818
0.543287
0.552699
0.561254
0.569136
0.57647
0.583307
0.589635
0.595414
0.600619
0.605259
0.609371
0.61298
0.616038
0.618367
0.619634
0.619356
0.616953
0.611821
0.603413
0.591307
-0.918946
-0.948813
-0.979298
-1.01213
-1.04879
-1.09027
-1.13676
-1.18764
-1.24146
-1.29617
-1.34943
-1.39894
-1.44272
-1.4793
-1.50772
-1.52745
-1.53824
-1.53998
-1.53258
-1.51598
-1.49022
-1.45556
-1.41249
-1.36179
-1.30448
-1.24171
-1.17467
-1.10456
-1.03254
-0.959735
-0.887233
-0.816029
-0.746971
-0.680693
-0.617579
-0.557785
-0.501296
-0.448026
-0.397888
-0.350827
-0.306779
-0.265586
-0.226888
-0.190061
-0.154211
-0.118257
-0.0810729
-0.0416603
0.000704506
0.0463763
0.0953253
0.147191
0.201374
0.257135
0.313664
0.370119
0.425649
0.479427
0.530702
0.578884
0.623605
0.66476
0.702472
0.737013
0.768691
0.797749
0.824314
0.848423
0.870089
0.889399
0.906566
0.921934
0.935907
0.948851
0.961
0.97242
0.983034
0.992716
1.00139
1.00907
1.01591
1.02202
1.02742
1.03186
1.03476
1.03525
1.03223
1.02457
1.01123
0.991463
-1.28846
-1.32702
-1.36636
-1.40944
-1.45892
-1.51659
-1.58295
-1.65699
-1.73631
-1.81747
-1.89653
-1.96975
-2.03401
-2.08718
-2.12808
-2.15626
-2.17167
-2.17429
-2.16402
-2.14065
-2.10409
-2.05454
-1.99268
-1.91972
-1.83721
-1.74694
-1.6507
-1.55022
-1.44714
-1.34306
-1.23958
-1.13822
-1.04028
-0.946712
-0.858024
-0.774309
-0.695379
-0.620972
-0.550917
-0.485204
-0.423908
-0.366994
-0.314084
-0.264298
-0.216231
-0.168096
-0.117994
-0.0642405
-0.00564382
0.0583268
0.127534
0.201299
0.2786
0.358263
0.439071
0.519792
0.599166
0.675921
0.748866
0.81704
0.879874
0.937271
0.989562
1.03734
1.08122
1.12163
1.15872
1.1924
1.22254
1.24914
1.27251
1.29325
1.31211
1.32978
1.34665
1.36276
1.37784
1.39153
1.40362
1.41417
1.42353
1.43213
1.44023
1.4476
1.45342
1.45624
1.45425
1.44553
1.42837
1.40151
-1.66081
-1.70406
-1.74795
-1.79747
-1.85719
-1.93033
-2.01799
-2.11867
-2.22846
-2.3417
-2.45199
-2.55337
-2.64121
-2.71268
-2.7667
-2.80343
-2.82345
-2.82713
-2.81428
-2.78431
-2.73664
-2.67122
-2.58889
-2.49139
-2.38114
-2.26079
-2.13289
-1.99968
-1.86323
-1.72559
-1.58896
-1.45557
-1.32739
-1.20582
-1.09143
-0.984077
-0.883101
-0.787816
-0.697869
-0.61341
-0.534933
-0.462855
-0.397015
-0.336307
-0.278612
-0.221044
-0.160465
-0.0940971
-0.0200472
0.062407
0.152838
0.24996
0.35206
0.457366
0.564217
0.671008
0.776047
0.877491
0.973479
1.06246
1.14354
1.2167
1.28271
1.34283
1.39828
1.44983
1.49757
1.54104
1.57963
1.61308
1.64179
1.66682
1.68959
1.7114
1.73295
1.75414
1.77421
1.79225
1.80767
1.82059
1.83185
1.84259
1.85371
1.86524
1.87604
1.88383
1.88564
1.87834
1.8592
1.82627
-2.0386
-2.08008
-2.1214
-2.17076
-2.23604
-2.32311
-2.4342
-2.56715
-2.71557
-2.87008
-3.0202
-3.15643
-3.27189
-3.3632
-3.43014
-3.47456
-3.49868
-3.50367
-3.48911
-3.45336
-3.39465
-3.31217
-3.20684
-3.08133
-2.9395
-2.78544
-2.62263
-2.45373
-2.28093
-2.10659
-1.9336
-1.76534
-1.60492
-1.45449
-1.31466
-1.18459
-1.06256
-0.94691
-0.836862
-0.73295
-0.636696
-0.549693
-0.472519
-0.40395
-0.340785
-0.278307
-0.211256
-0.135007
-0.0465496
0.0549978
0.168496
0.291437
0.420879
0.554216
0.689414
0.824707
0.958063
1.08687
1.20813
1.31919
1.41855
1.50634
1.58427
1.65496
1.72088
1.78345
1.84249
1.8966
1.94402
1.98375
2.01627
2.04354
2.06836
2.09331
2.11968
2.14701
2.17342
2.19663
2.2152
2.22932
2.24082
2.25241
2.26649
2.28383
2.3029
2.31997
2.33007
2.32811
2.30981
2.27224
-2.4267
-2.4563
-2.48324
-2.52105
-2.58349
-2.68125
-2.81891
-2.99329
-3.19384
-3.40474
-3.60837
-3.78931
-3.9373
-4.04873
-4.12595
-4.17488
-4.20139
-4.20831
-4.19438
-4.15541
-4.08681
-3.98596
-3.85377
-3.69469
-3.51542
-3.3226
-3.12105
-2.91331
-2.70079
-2.48554
-2.27137
-2.0637
-1.86799
-1.6878
-1.52374
-1.37343
-1.23276
-1.09784
-0.966925
-0.841369
-0.725041
-0.622288
-0.535539
-0.463726
-0.401882
-0.342068
-0.275206
-0.193408
-0.0918114
0.0304693
0.170646
0.323639
0.484173
0.64847
0.814552
0.981275
1.14671
1.30718
1.45755
1.59286
1.71029
1.81025
1.89635
1.97402
2.0484
2.12219
2.19459
2.26187
2.31955
2.36489
2.39838
2.42385
2.44701
2.47322
2.50508
2.54129
2.5773
2.60775
2.62921
2.64189
2.6497
2.65871
2.67464
2.7
2.73268
2.7662
2.79192
2.80145
2.78823
2.74806
-2.83442
-2.83632
-2.82942
-2.8359
-2.88007
-2.98199
-3.15073
-3.38179
-3.65722
-3.94985
-4.22922
-4.46963
-4.65536
-4.78351
-4.86247
-4.90742
-4.93229
-4.94291
-4.93564
-4.90008
-4.82533
-4.70479
-4.53932
-4.33705
-4.1107
-3.87224
-3.62824
-3.37962
-3.12443
-2.86277
-2.59959
-2.34466
-2.10848
-1.8977
-1.7128
-1.54813
-1.39444
-1.24275
-1.089
-0.93621
-0.793533
-0.671518
-0.576724
-0.508805
-0.459709
-0.415616
-0.36029
-0.279928
-0.16645
-0.0194059
0.154777
0.345428
0.542506
0.740614
0.939238
1.14017
1.34299
1.54254
1.72916
1.89279
2.02768
2.13464
2.2211
2.29833
2.37729
2.46349
2.55461
2.64151
2.71338
2.76361
2.7926
2.80803
2.82181
2.84553
2.88476
2.93637
2.98971
3.03231
3.05638
3.06197
3.05732
3.05555
3.06965
3.10609
3.16166
3.2241
3.27746
3.30791
3.30583
3.2658
-3.27934
-3.22899
-3.15637
-3.09649
-3.09357
-3.18656
-3.39293
-3.70649
-4.09593
-4.51415
-4.90626
-5.22874
-5.45638
-5.58915
-5.64802
-5.66889
-5.68368
-5.70328
-5.71758
-5.70113
-5.62973
-5.48824
-5.27776
-5.01391
-4.72329
-4.42966
-4.14186
-3.85517
-3.55715
-3.24189
-2.91566
-2.59826
-2.31206
-2.0699
-1.87233
-1.70657
-1.55278
-1.3901
-1.20915
-1.01592
-0.831661
-0.680902
-0.578521
-0.526068
-0.50959
-0.504571
-0.48063
-0.413299
-0.288555
-0.107452
0.11614
0.358944
0.600362
0.833053
1.06166
1.29742
1.54508
1.79761
2.03502
2.23528
2.38649
2.48974
2.56034
2.62136
2.69699
2.79893
2.92197
3.04404
3.13964
3.19418
3.20761
3.19584
3.18354
3.19678
3.24782
3.33019
3.4188
3.48476
3.51133
3.49795
3.46193
3.43065
3.4336
3.48571
3.58179
3.69604
3.79693
3.86212
3.87893
3.84267
-3.79436
-3.65375
-3.46494
-3.27507
-3.16897
-3.22788
-3.48085
-3.922
-4.4933
-5.11613
-5.68367
-6.12449
-6.39407
-6.5013
-6.4883
-6.43913
-6.42818
-6.47126
-6.54378
-6.58125
-6.53502
-6.37094
-6.09295
-5.72923
-5.34003
-4.97849
-4.65369
-4.34676
-4.01445
-3.63653
-3.2187
-2.80657
-2.45185
-2.17749
-1.98558
-1.8473
-1.72342
-1.56324
-1.3464
-1.08212
-0.820904
-0.619932
-0.507685
-0.490746
-0.542163
-0.619936
-0.66259
-0.628451
-0.490892
-0.255709
0.0508492
0.375519
0.671891
0.932518
1.17496
1.43872
1.74139
2.0757
2.39564
2.6497
2.81568
2.89319
2.91477
2.92471
2.98018
3.10539
3.29211
3.48613
3.62644
3.68541
3.66034
3.58586
3.50992
3.49505
3.56722
3.71646
3.88193
3.99532
4.02522
3.96791
3.86108
3.75778
3.72806
3.80328
3.97699
4.18843
4.36895
4.48707
4.52943
4.50277
-4.44048
-4.14782
-3.77489
-3.33278
-3.00646
-2.98948
-3.29748
-3.9498
-4.8162
-5.79746
-6.64334
-7.26657
-7.56533
-7.58634
-7.3805
-7.15413
-7.09467
-7.19664
-7.42028
-7.58172
-7.60984
-7.41755
-7.03147
-6.48111
-5.91684
-5.47433
-5.13969
-4.87482
-4.53734
-4.08857
-3.51351
-2.9322
-2.47592
-2.16637
-2.0216
-1.96735
-1.94638
-1.8181
-1.55209
-1.14407
-0.723612
-0.431434
-0.299846
-0.357235
-0.537064
-0.786183
-0.955496
-0.992928
-0.834269
-0.507235
-0.0410404
0.432315
0.794344
1.05762
1.25701
1.52343
1.89153
2.37386
2.85047
3.19028
3.3716
3.37649
3.28527
3.16182
3.16224
3.32255
3.651
4.0048
4.22961
4.29691
4.18348
3.97722
3.74764
3.66726
3.7749
4.07863
4.41937
4.6254
4.664
4.50849
4.25449
3.97832
3.87083
3.97842
4.31731
4.72477
5.0303
5.22055
5.27874
5.27828
-5.33196
-4.75724
-4.18411
-3.22333
-2.39791
-2.28242
-2.61755
-3.66858
-4.9729
-6.673
-7.92288
-8.87519
-9.13586
-8.99741
-8.30162
-7.6282
-7.52819
-7.74631
-8.38591
-8.77379
-9.00168
-8.74295
-8.20635
-7.25287
-6.31826
-5.81483
-5.52529
-5.50758
-5.22068
-4.72273
-3.81766
-2.87825
-2.28923
-1.91864
-1.92799
-2.04028
-2.32479
-2.27233
-1.96344
-1.22526
-0.443016
-0.0132648
0.178418
-0.0492007
-0.434107
-1.06939
-1.4405
-1.6421
-1.4226
-0.961788
-0.146029
0.646521
1.05598
1.27159
1.23935
1.45842
1.87382
2.67678
3.49875
3.95541
4.17786
3.99442
3.69833
3.21664
3.11008
3.29355
3.96933
4.70509
5.05542
5.16448
4.83612
4.39799
3.76631
3.56454
3.69609
4.38339
5.14674
5.49254
5.57835
5.18699
4.67596
3.95222
3.70018
3.81692
4.5554
5.40448
5.85441
6.14103
6.10945
6.21689
-6.71725
-5.364
-5.1512
-2.91884
-0.767055
-0.926455
-0.90675
-3.0226
-4.55971
-8.19686
-9.63092
-11.4798
-11.2811
-11.211
-9.19049
-7.27648
-7.50356
-7.68901
-9.71397
-10.1962
-11.0942
-10.4684
-9.9814
-7.99731
-6.09858
-5.84712
-5.51934
-6.5278
-6.20776
-5.94293
-4.17101
-2.31939
-1.78771
-1.12349
-1.68587
-1.86496
-3.18817
-3.09552
-2.99258
-1.36946
0.345662
0.748224
1.26093
0.485761
0.0298047
-1.73256
-2.16918
-2.89714
-2.35788
-1.92685
-0.21694
1.41308
1.59743
1.84314
0.860466
1.11137
1.29874
2.95311
4.67389
5.05864
5.5694
4.77537
4.37943
2.73211
2.6411
2.55649
4.20215
5.96127
6.22958
6.66285
5.64773
5.09837
3.16686
2.98277
2.81792
4.57954
6.47625
6.73497
7.18076
6.03875
5.40467
3.24784
2.9994
2.76101
4.63504
6.65974
6.91443
7.52056
6.74087
7.44502
-9.4873
-4.32838
-9.02626
-2.49812
4.19203
0.171665
3.87929
-3.20998
-1.12244
-12.8931
-10.7416
-17.0328
-13.2411
-16.2333
-9.92589
-3.84152
-7.53882
-4.98272
-13.2635
-11.0199
-15.3808
-11.994
-13.9121
-8.61867
-3.50669
-5.98915
-3.58898
-9.46088
-7.11512
-9.33317
-4.63887
0.140468
-1.47673
1.4383
-1.99537
-0.041809
-6.09009
-3.9332
-6.21048
-1.64574
3.02484
1.35155
4.19847
0.561485
2.37542
-4.30441
-2.47785
-5.97656
-3.13681
-4.73298
-0.172218
4.26202
2.05117
4.18423
-1.29413
0.856483
-1.38817
3.1345
7.77367
5.98115
8.84063
4.98382
6.86329
0.00726009
2.16369
-0.671362
4.27241
9.36504
7.16702
10.2477
5.78949
7.78991
0.0520123
2.37416
-0.83348
4.58204
10.1653
7.70888
11.0704
6.15998
8.32701
-0.203711
2.28505
-1.33589
4.49853
10.4647
7.4692
10.8965
5.23645
9.65574
-19.1989
10.9012
-29.0667
-2.31042
24.5746
-9.85812
24.2133
-16.6116
22.2712
-37.637
0.305446
-37.1047
-5.43168
-34.6469
-10.3397
13.6794
-16.5786
13.329
-31.9677
-2.33302
-30.8236
-5.88023
-28.2274
-8.97846
10.0215
-13.162
10.2534
-24.2273
-1.45045
-22.6772
-5.22912
11.8114
-7.6922
13.1423
-10.0626
13.304
-20.8077
1.61416
-19.2812
-2.07475
14.8388
-4.55465
16.4725
-7.21265
16.9516
-19.1262
4.8812
-18.1842
2.47118
-16.4061
0.0537303
16.6789
-3.75141
17.4848
-14.4356
6.92967
-13.8213
3.14692
20.1338
0.203457
21.782
-3.06933
21.9249
-15.697
8.87257
-15.1022
4.1268
23.2658
0.501536
24.6872
-3.37079
24.503
-17.5508
9.72684
-16.9038
4.34142
25.43
0.303376
26.8703
-3.91185
26.6526
-19.5247
10.3673
-19.0497
4.17112
27.173
-1.22586
27.3568
-10.7834
18.12
28925.7
28884.4
28842.6
28800.5
28758.1
28715.4
28672.4
28629.2
28585.7
28542.1
28498.3
28454.3
28410.3
28366.2
28322.1
0.573658
0.548738
0.518524
0.483725
0.44527
0.404159
0.361349
0.317671
0.27378
0.230138
0.187022
0.144552
0.102714
0.0613986
0.0204256
0.962162
0.920258
0.869145
0.810152
0.744971
0.675404
0.603143
0.529629
0.455973
0.382936
0.310957
0.240199
0.170606
0.101955
0.033914
1.36058
1.30097
1.22763
1.14275
1.04904
0.949324
0.846178
0.741724
0.637546
0.534679
0.433675
0.334685
0.237555
0.141902
0.0471922
1.77378
1.69526
1.59752
1.48403
1.35899
1.22656
1.09043
0.953474
0.817753
0.68452
0.554353
0.427301
0.303023
0.180904
0.060146
2.20816
2.1087
1.98308
1.8368
1.67623
1.50742
1.33541
1.16393
0.995423
0.831253
0.671882
0.517118
0.366319
0.218537
0.0726335
2.6721
2.54831
2.38928
2.20382
2.00163
1.79138
1.57976
1.37131
1.1687
0.973142
0.784764
0.602943
0.426581
0.254283
0.0844809
3.17717
3.02335
2.82203
2.58768
2.33512
2.07665
1.82082
1.57272
1.33483
1.10779
0.891044
0.683278
0.482759
0.28752
0.0954833
3.73992
3.54636
3.28823
2.99006
2.67479
2.35939
2.05408
1.76379
1.48999
1.23206
0.988282
0.756326
0.533628
0.317541
0.105409
4.3848
4.13453
3.79499
3.4101
3.01519
2.63244
2.27247
1.93836
1.62917
1.3421
1.07362
0.820062
0.577853
0.343585
0.114012
5.15083
4.81166
4.34689
3.8401
3.3439
2.88327
2.46531
2.08809
1.74621
1.43347
1.14396
0.872391
0.614093
0.364911
0.121054
6.11474
5.61258
4.9393
4.25798
3.63663
3.09164
2.61765
2.2026
1.83411
1.50156
1.1963
0.91139
0.641177
0.380888
0.126337
7.47008
6.58523
5.54037
4.61477
3.85224
3.22889
2.71115
2.27061
1.88609
1.54231
1.22822
0.935647
0.658302
0.391107
0.129736
9.73851
7.71782
6.02381
4.80859
3.92841
3.26052
2.7275
2.28264
1.8973
1.5533
1.23856
0.944626
0.665238
0.395483
0.131231
14.1167
8.52248
6.028
4.66707
3.7922
3.15737
2.65579
2.23516
1.86713
1.53498
1.22803
0.938996
0.662502
0.394331
0.130927
-0.124407
-0.375011
-0.631091
-0.896647
-1.17628
-1.47556
-1.8017
-2.16456
-2.57861
-3.06682
-3.66925
-4.46426
-5.62802
-7.62118
-11.8332
-0.120628
-0.363385
-0.610705
-0.865836
-1.13235
-1.41435
-1.71664
-2.04508
-2.40677
-2.80999
-3.26222
-3.75995
-4.24208
-4.37578
-2.53884
-0.115803
-0.348577
-0.584872
-0.827081
-1.07764
-1.33899
-1.61339
-1.90247
-2.20606
-2.51908
-2.82349
-3.06631
-3.09804
-2.49891
-0.118679
-0.110161
-0.331309
-0.554907
-0.782491
-1.01539
-1.25451
-1.49988
-1.74976
-1.99879
-2.23411
-2.42739
-2.51902
-2.39217
-1.85864
-0.834378
-0.103942
-0.312325
-0.52215
-0.734173
-0.948774
-1.16563
-1.38318
-1.5976
-1.80101
-1.97831
-2.10174
-2.12322
-1.96885
-1.55895
-0.927637
-0.0973709
-0.292324
-0.48784
-0.684028
-0.880539
-1.07622
-1.26861
-1.45304
-1.62136
-1.75991
-1.8468
-1.84926
-1.72302
-1.41285
-0.800855
-0.0906474
-0.271918
-0.453036
-0.633622
-0.812828
-0.989045
-1.15948
-1.31961
-1.46236
-1.57737
-1.65044
-1.66449
-1.6049
-1.47623
-1.36132
-0.0839358
-0.251602
-0.418575
-0.584136
-0.747145
-0.90582
-1.05747
-1.19817
-1.32258
-1.42394
-1.495
-1.53072
-1.53467
-1.52992
-1.56091
-0.0773622
-0.231752
-0.385071
-0.536387
-0.684425
-0.82742
-0.962978
-1.08799
-1.19876
-1.29153
-1.36404
-1.41886
-1.4704
-1.55868
-1.77814
-0.0710164
-0.21263
-0.352933
-0.490879
-0.625161
-0.75413
-0.875749
-0.987641
-1.08737
-1.17314
-1.2453
-1.30918
-1.38049
-1.49621
-1.74404
-0.0649571
-0.194404
-0.322408
-0.447879
-0.56954
-0.685891
-0.795212
-0.895672
-0.985614
-1.06415
-1.13223
-1.1942
-1.25965
-1.34186
-1.43096
-0.0592178
-0.177165
-0.293618
-0.407488
-0.51756
-0.622478
-0.720769
-0.810946
-0.891719
-0.962371
-1.0233
-1.07668
-1.12709
-1.18255
-1.26187
-0.0538131
-0.16095
-0.266597
-0.369697
-0.469112
-0.563611
-0.651901
-0.732689
-0.804795
-0.867283
-0.919535
-0.961066
-0.990956
-1.00653
-0.995097
-0.0487438
-0.145754
-0.241318
-0.334431
-0.424031
-0.509001
-0.588182
-0.660402
-0.724496
-0.779251
-0.823119
-0.853384
-0.864685
-0.849131
-0.819311
-0.0440012
-0.131548
-0.217718
-0.301567
-0.382117
-0.458354
-0.529235
-0.593698
-0.65063
-0.698731
-0.736063
-0.758723
-0.757
-0.7015
-0.477596
-0.0395703
-0.118282
-0.195704
-0.270959
-0.343151
-0.411368
-0.474684
-0.532164
-0.582843
-0.625643
-0.659114
-0.680853
-0.686595
-0.670695
-0.643657
-0.035432
-0.105898
-0.175169
-0.24244
-0.306899
-0.36773
-0.424123
-0.475289
-0.520475
-0.558985
-0.590234
-0.61395
-0.631142
-0.647482
-0.681286
-0.0315649
-0.0943295
-0.155998
-0.215839
-0.273119
-0.327115
-0.377128
-0.422503
-0.462686
-0.497321
-0.526508
-0.551437
-0.576174
-0.612012
-0.684995
-0.0279463
-0.0835067
-0.138071
-0.190978
-0.241571
-0.289212
-0.33329
-0.37326
-0.408692
-0.439392
-0.465664
-0.488931
-0.513395
-0.550606
-0.633891
-0.0245534
-0.0733605
-0.12127
-0.167687
-0.212028
-0.253725
-0.292243
-0.327105
-0.357925
-0.38448
-0.406824
-0.425465
-0.44167
-0.457063
-0.464149
-0.0213637
-0.0638228
-0.105479
-0.145802
-0.184273
-0.220389
-0.253674
-0.283693
-0.31006
-0.332435
-0.350465
-0.363557
-0.370435
-0.369147
-0.365403
-0.0183553
-0.0548278
-0.0905881
-0.125167
-0.158106
-0.188962
-0.217312
-0.242757
-0.264911
-0.283351
-0.297445
-0.30582
-0.30481
-0.282798
-0.19299
-0.0155073
-0.0463125
-0.076492
-0.105635
-0.13334
-0.15922
-0.182907
-0.204047
-0.222288
-0.237234
-0.248309
-0.254456
-0.253711
-0.243407
-0.226191
-0.0127997
-0.038217
-0.0630906
-0.0870645
-0.109793
-0.130945
-0.150209
-0.167288
-0.181902
-0.193758
-0.202514
-0.207733
-0.209184
-0.208677
-0.216891
-0.0102136
-0.0304845
-0.0502889
-0.0693231
-0.0872943
-0.103926
-0.118965
-0.132182
-0.143377
-0.152389
-0.159099
-0.163487
-0.165917
-0.167768
-0.169826
-0.00773113
-0.0230612
-0.0379972
-0.052284
-0.0656791
-0.0779585
-0.0889249
-0.0984157
-0.106315
-0.112571
-0.117227
-0.12048
-0.122955
-0.126582
-0.137209
-0.00533564
-0.015897
-0.0261314
-0.0358288
-0.0447927
-0.0528477
-0.0598486
-0.0656929
-0.070336
-0.0738121
-0.0762516
-0.0778848
-0.0790971
-0.0803926
-0.0796819
-0.00301165
-0.00894553
-0.0146138
-0.0198476
-0.0244921
-0.0284147
-0.0315159
-0.0337435
-0.035111
-0.0357173
-0.0357502
-0.0354464
-0.0350881
-0.0354458
-0.041025
-0.000745004
-0.00216416
-0.00337333
-0.00424058
-0.00464776
-0.00449876
-0.00373126
-0.00233263
-0.000360769
0.00203316
0.00460416
0.00709441
0.00950387
0.0132717
0.0280814
0.00147714
0.00448555
0.00765397
0.0110817
0.0148553
0.0190409
0.0236729
0.0287373
0.0341477
0.0397118
0.0450999
0.0498296
0.0532209
0.0544578
0.0553525
0.00366633
0.0110381
0.0185252
0.0261981
0.0341166
0.0423234
0.0508341
0.0596231
0.0685986
0.0775611
0.0861366
0.0936332
0.0984873
0.0960132
0.0689968
0.00583295
0.0175245
0.0292911
0.0411779
0.0532219
0.0654473
0.0778595
0.0904354
0.103106
0.115724
0.128002
0.13941
0.148894
0.154725
0.159763
0.00798633
0.0239723
0.0399968
0.056082
0.0722446
0.0884934
0.104828
0.121238
0.137698
0.154163
0.170544
0.186655
0.201897
0.214115
0.215392
0.010135
0.0304068
0.0506834
0.0709654
0.0912501
0.111531
0.131802
0.152061
0.172335
0.1927
0.213342
0.234633
0.257086
0.281211
0.31054
0.0122867
0.0368513
0.0613889
0.0858794
0.1103
0.134627
0.158839
0.182933
0.206958
0.231085
0.25575
0.281911
0.3112
0.344812
0.374613
0.0144488
0.0433276
0.0721493
0.100874
0.129457
0.157852
0.186012
0.213908
0.241562
0.269143
0.29719
0.327131
0.362394
0.411185
0.496931
0.0166281
0.0498562
0.0829994
0.115997
0.148784
0.181287
0.213423
0.245105
0.276267
0.306926
0.337388
0.368773
0.404273
0.452024
0.531324
0.0188309
0.0564565
0.0939717
0.131298
0.16835
0.205025
0.2412
0.276716
0.311368
0.344894
0.37702
0.407681
0.437717
0.471078
0.521083
0.0210631
0.0631457
0.105096
0.146821
0.188215
0.229156
0.269484
0.308978
0.347296
0.383877
0.417743
0.447142
0.468909
0.478691
0.485575
0.0233294
0.0699388
0.116398
0.162602
0.208434
0.253758
0.298398
0.342104
0.384474
0.424788
0.461641
0.492021
0.508471
0.488427
0.345534
0.025634
0.0768478
0.127898
0.178671
0.229044
0.278879
0.328009
0.376206
0.42312
0.46814
0.5101
0.546692
0.573417
0.58357
0.586214
0.0279799
0.0838821
0.13961
0.195045
0.250063
0.304535
0.358316
0.411247
0.463123
0.513652
0.562346
0.608326
0.649922
0.684034
0.703385
0.0303698
0.0910487
0.151545
0.211736
0.271499
0.330712
0.389263
0.447067
0.504101
0.56047
0.616535
0.673112
0.731694
0.794838
0.871387
0.0328054
0.0983532
0.163711
0.228753
0.293352
0.357391
0.420776
0.48347
0.545582
0.607536
0.670417
0.736596
0.810369
0.896427
0.982539
0.0352885
0.1058
0.176115
0.246102
0.315628
0.384567
0.452813
0.520323
0.587216
0.653995
0.722066
0.794898
0.88058
0.998082
1.19786
0.0378204
0.113394
0.188766
0.263797
0.338345
0.412263
0.485404
0.55765
0.628971
0.699598
0.77047
0.844375
0.928757
1.04271
1.23435
0.0404021
0.121139
0.20167
0.281853
0.361533
0.440536
0.51866
0.595662
0.671246
0.745068
0.81683
0.886674
0.956461
1.03348
1.13705
0.0430342
0.129036
0.214834
0.300284
0.385223
0.469458
0.552737
0.6347
0.714781
0.792004
0.864581
0.929109
0.979191
1.0059
1.02763
0.0457159
0.137084
0.228256
0.319092
0.409432
0.49908
0.587767
0.675085
0.760336
0.8422
0.91798
0.981672
1.01819
0.981873
0.697294
0.0484453
0.145277
0.241928
0.338269
0.434153
0.529405
0.623787
0.716944
0.808275
0.896653
0.979826
1.0532
1.10779
1.13033
1.13783
0.051219
0.153604
0.25583
0.357784
0.459344
0.560369
0.660696
0.760108
0.858296
0.954746
1.04852
1.13787
1.21968
1.28931
1.33909
0.0540321
0.162052
0.269937
0.377596
0.484933
0.591854
0.698277
0.80416
0.909555
1.01472
1.12034
1.22787
1.34008
1.46214
1.60998
0.0568789
0.170601
0.284216
0.397652
0.510838
0.623717
0.736271
0.848588
0.961006
1.07441
1.19087
1.31468
1.45371
1.61715
1.7868
0.0597531
0.179233
0.298634
0.417902
0.536983
0.655837
0.774464
0.892983
1.0118
1.13202
1.25632
1.391
1.55042
1.76794
2.13027
0.0626482
0.187929
0.313159
0.438301
0.563311
0.688144
0.812767
0.937204
1.06166
1.18682
1.31462
1.45022
1.60684
1.81823
2.17087
0.0655571
0.196666
0.327758
0.45881
0.589787
0.720627
0.85123
0.981445
1.11106
1.23981
1.36756
1.49491
1.62527
1.77052
1.95824
0.068472
0.205424
0.342397
0.479391
0.616383
0.753303
0.889994
1.02614
1.16108
1.29352
1.42082
1.5376
1.63339
1.6934
1.74881
0.0713836
0.214175
0.357033
0.499991
0.643051
0.786164
0.92917
1.07169
1.21286
1.35083
1.48142
1.59493
1.66637
1.61954
1.15983
0.0742809
0.222885
0.371613
0.520537
0.669706
0.819126
0.968714
1.1182
1.2669
1.41328
1.55393
1.68154
1.78153
1.83244
1.86251
0.077151
0.231516
0.386068
0.540928
0.696206
0.851998
1.00836
1.16528
1.32257
1.47973
1.63553
1.7874
1.93079
2.05989
2.16884
0.0799795
0.240023
0.40032
0.561043
0.722371
0.884497
1.04765
1.21212
1.37836
1.54715
1.71989
1.89922
2.09001
2.30139
2.55905
0.0827514
0.24836
0.414286
0.580753
0.748001
0.916308
1.08604
1.25775
1.4324
1.61183
1.79969
2.00314
2.23496
2.51082
2.80759
0.0854518
0.25648
0.427887
0.599935
0.772912
0.94715
1.12308
1.30137
1.48315
1.67068
1.86869
2.08741
2.34935
2.70578
3.28683
0.0880672
0.264344
0.441051
0.618486
0.796964
0.976835
1.15852
1.34258
1.52993
1.72228
1.92335
2.14171
2.39817
2.74481
3.31664
0.0905853
0.271914
0.453718
0.636323
0.820063
1.00528
1.19232
1.38153
1.57324
1.76785
1.96603
2.16961
2.38439
2.62752
2.932
0.0929952
0.279157
0.465837
0.653384
0.842152
1.03248
1.22464
1.41875
1.61456
1.81095
2.00498
2.18977
2.35095
2.46766
2.58642
0.0952872
0.286046
0.47736
0.669608
0.863172
1.05841
1.25561
1.45481
1.65548
1.85571
2.05037
2.22637
2.34842
2.30643
1.67092
0.0974524
0.292552
0.48824
0.684926
0.883038
1.08301
1.28522
1.48988
1.69672
1.90434
2.10875
2.30049
2.4598
2.55741
2.63485
0.0994838
0.298652
0.498432
0.699263
0.901626
1.10606
1.31313
1.52343
1.73743
1.9552
2.17596
2.39715
2.61404
2.82242
3.0271
0.101377
0.30433
0.507899
0.712541
0.918787
1.12728
1.33882
1.55444
1.77552
2.00401
2.24286
2.49685
2.77421
3.09002
3.48082
0.103131
0.309583
0.516626
0.724712
0.934397
1.1464
1.36168
1.58166
1.80847
2.04563
2.29926
2.58035
2.9077
3.30559
3.75536
0.104753
0.314428
0.52463
0.735778
0.948405
1.16324
1.3813
1.60414
1.83424
2.07581
2.3366
2.63174
2.99221
3.48514
4.27302
0.106259
0.318909
0.53198
0.745818
0.960888
1.17784
1.3976
1.6216
1.85204
2.09263
2.35011
2.63779
2.98473
3.45989
4.24356
0.107672
0.323099
0.538797
0.755007
0.97207
1.19048
1.41097
1.63458
1.86279
2.09775
2.34263
2.60272
2.88821
3.2204
3.62317
0.109026
0.327101
0.545259
0.763603
0.982315
1.20169
1.42218
1.64436
1.86886
2.09596
2.3246
2.55002
2.75928
2.9319
3.12763
0.110365
0.331046
0.551591
0.771942
0.992098
1.21213
1.43221
1.65253
1.87311
2.09309
2.30882
2.50854
2.65578
2.62736
1.92492
0.111737
0.335084
0.558055
0.780417
1.00196
1.22254
1.44207
1.66052
1.87778
2.09317
2.30416
2.5035
2.67425
2.79088
2.90789
0.113196
0.339381
0.564942
0.789454
1.0125
1.23367
1.45266
1.66932
1.88374
2.0963
2.30759
2.51831
2.7303
2.95413
3.23584
0.114798
0.34411
0.572553
0.79951
1.02432
1.24631
1.46488
1.67968
1.89099
2.1003
2.3114
2.53223
2.77812
3.07717
3.47859
0.116597
0.349439
0.581193
0.81105
1.03809
1.26131
1.47969
1.69245
1.89961
2.10303
2.30843
2.52874
2.789
3.1291
3.57986
0.118641
0.35552
0.591144
0.824536
1.05452
1.27967
1.4984
1.7091
1.91081
2.10439
2.2951
2.49749
2.74442
3.10415
3.71459
0.120964
0.362468
0.60264
0.840381
1.07428
1.30248
1.52265
1.73199
1.92764
2.10771
2.27363
2.43527
2.62149
2.90508
3.48444
0.123578
0.370336
0.615815
0.858884
1.09797
1.33085
1.55439
1.76436
1.95528
2.12083
2.25511
2.35595
2.43091
2.50056
2.54818
0.126468
0.379086
0.630653
0.880136
1.12596
1.36568
1.59555
1.80992
2.00051
2.15565
2.25978
2.29459
2.244
2.11131
1.99504
0.129578
0.38856
0.646925
0.903911
1.15816
1.40732
1.64742
1.87195
2.07035
2.22585
2.31257
2.29249
2.11409
1.71064
0.942912
0.132804
0.398454
0.664139
0.929563
1.19387
1.45521
1.71008
1.95209
2.16993
2.3438
2.43952
2.40029
2.14045
1.56288
0.667214
0.135998
0.408313
0.681516
0.955966
1.2316
1.50756
1.78162
2.04898
2.30004
2.516
2.66015
2.66128
2.38744
1.63597
0.344065
0.138968
0.417543
0.698007
0.981521
1.26905
1.56119
1.85778
2.15715
2.45449
2.73808
2.98012
3.1132
2.96608
2.08429
-0.750526
0.141491
0.425451
0.712362
1.00426
1.30327
1.61168
1.93195
2.26669
2.61849
2.98901
3.37576
3.75967
4.0548
3.88874
1.58128
0.143332
0.431296
0.723231
1.02201
1.33091
1.65388
1.99601
2.36435
2.76948
3.22872
3.77346
4.46783
5.46357
7.17975
10.9448
10.7191
6.83344
5.10897
4.13213
3.46494
2.95007
2.52145
2.14695
1.80893
1.49667
1.20309
0.923126
0.652892
0.389213
0.129325
0.952768
3.42081
3.64813
3.39349
3.04554
2.69347
2.35686
2.03823
1.73588
1.44726
1.16979
0.901105
0.639046
0.381609
0.126902
-1.43822
1.56427
2.52186
2.71952
2.62896
2.42611
2.17977
1.91818
1.65328
1.39006
1.13035
0.874455
0.62197
0.372097
0.123849
-0.145525
1.1277
1.92319
2.24563
2.29031
2.18896
2.01327
1.80039
1.56947
1.33039
1.08821
0.845409
0.603059
0.361443
0.120409
0.0608346
1.02278
1.65294
1.96455
2.05307
2.00343
1.87258
1.69512
1.49129
1.27283
1.04647
0.816023
0.58362
0.350372
0.116815
0.362291
1.1482
1.60385
1.83835
1.91174
1.87429
1.76425
1.60811
1.42325
1.22073
1.00752
0.78797
0.564749
0.339506
0.113268
1.29979
1.50288
1.70832
1.82398
1.84738
1.79554
1.68791
1.54103
1.36742
1.17601
0.972957
0.762442
0.547267
0.329322
0.109924
1.79925
1.8559
1.8751
1.87364
1.83523
1.75551
1.63881
1.49249
1.32393
1.13934
0.94355
0.74013
0.531694
0.320139
0.106891
2.65607
2.2349
2.05618
1.94895
1.85174
1.74115
1.61025
1.45937
1.29155
1.11044
0.919416
0.721287
0.518276
0.312125
0.104228
2.89911
2.44547
2.1876
2.01725
1.87752
1.74086
1.59556
1.43799
1.26837
1.0884
0.9002
0.705821
0.50703
0.305319
0.101952
2.88847
2.52007
2.2582
2.06427
1.90116
1.74656
1.58935
1.42498
1.25236
1.07204
0.885264
0.693406
0.497803
0.299658
0.100045
2.8508
2.52066
2.28159
2.08986
1.91885
1.75406
1.58811
1.41768
1.24167
1.06017
0.873843
0.683583
0.490335
0.295011
0.0984704
2.70723
2.45797
2.27209
2.10104
1.93221
1.76234
1.58996
1.41424
1.23478
1.05164
0.865142
0.675828
0.484303
0.291206
0.0971721
2.45555
2.35124
2.25228
2.11064
1.94629
1.77234
1.59413
1.41337
1.23045
1.04542
0.858393
0.6696
0.479358
0.288048
0.0960887
1.64556
2.24078
2.26208
2.13602
1.96702
1.78527
1.60007
1.41401
1.22756
1.04057
0.852866
0.664375
0.47515
0.285339
0.0951558
2.7077
2.52887
2.3742
2.19121
1.9966
1.8006
1.60658
1.41492
1.22504
1.03622
0.847882
0.659656
0.471345
0.282888
0.0943113
3.15413
2.8002
2.50598
2.25446
2.02715
1.81455
1.61144
1.41458
1.22178
1.03153
0.842817
0.654992
0.467641
0.28052
0.0934978
3.72653
3.03005
2.6081
2.3009
2.04748
1.82189
1.61197
1.41143
1.21674
1.02576
0.837137
0.65
0.463774
0.278082
0.0926658
3.76764
3.06926
2.63054
2.31001
2.04848
1.81835
1.60597
1.40422
1.20913
1.01836
0.830427
0.644375
0.459538
0.275453
0.0917747
3.33592
2.92815
2.57092
2.27816
2.02768
1.80249
1.59261
1.39238
1.19852
1.00898
0.822417
0.637906
0.454781
0.272541
0.0907945
3.10592
2.75195
2.46652
2.21696
1.98932
1.776
1.57253
1.37613
1.18492
0.997538
0.812985
0.630478
0.44941
0.269289
0.089705
2.72084
2.52817
2.33724
2.14055
1.94103
1.74266
1.54755
1.35629
1.16866
0.984143
0.802136
0.622056
0.443385
0.265665
0.0884953
2.3775
2.30319
2.21198
2.06614
1.89195
1.70707
1.51991
1.33392
1.15024
0.969013
0.789956
0.612662
0.436701
0.261662
0.0871616
1.51684
2.08999
2.12465
2.01145
1.8503
1.67307
1.49146
1.30996
1.13014
0.952385
0.776559
0.602348
0.429382
0.257287
0.0857058
2.36489
2.25076
2.14002
1.9901
1.81985
1.64212
1.46295
1.28484
1.10862
0.934427
0.76205
0.591178
0.421463
0.252558
0.0841334
2.69059
2.4092
2.18261
1.98291
1.7946
1.61218
1.43372
1.25841
1.08572
0.915218
0.746508
0.579213
0.412986
0.247501
0.0824521
3.06245
2.52962
2.20656
1.96786
1.7653
1.5795
1.40232
1.23017
1.06131
0.894781
0.729995
0.566517
0.404
0.242143
0.0806721
3.04445
2.50441
2.17195
1.92775
1.72438
1.54084
1.36745
1.19967
1.03529
0.87315
0.712586
0.553164
0.394564
0.236522
0.0788052
2.61657
2.33508
2.07608
1.85933
1.66973
1.49515
1.3287
1.16683
1.00774
0.850443
0.694399
0.539253
0.384749
0.230681
0.0768657
2.39414
2.15019
1.9509
1.77209
1.60469
1.44382
1.28678
1.1321
0.978953
0.826886
0.675604
0.524908
0.37464
0.224668
0.0748701
2.04216
1.93431
1.81155
1.67698
1.53515
1.38986
1.24325
1.09631
0.949444
0.802804
0.656421
0.510278
0.364334
0.21854
0.0728362
1.75963
1.72884
1.68042
1.58698
1.46802
1.33683
1.19997
1.06049
0.919803
0.778566
0.63709
0.495523
0.353936
0.212354
0.070783
1.10064
1.53565
1.58061
1.51474
1.40944
1.28776
1.15852
1.02553
0.89057
0.754518
0.617841
0.480799
0.343543
0.206167
0.0687284
1.66826
1.61338
1.5578
1.46993
1.36228
1.24396
1.1197
0.991972
0.862122
0.730929
0.598867
0.466239
0.333246
0.200029
0.0666891
1.87031
1.69165
1.55745
1.43891
1.32258
1.2043
1.08331
0.959913
0.834635
0.707969
0.580307
0.451949
0.323117
0.193983
0.0646789
2.0734
1.73909
1.54628
1.40642
1.28429
1.16656
1.04862
0.92919
0.808142
0.685727
0.562254
0.438005
0.313211
0.188061
0.0627086
2.02694
1.68831
1.49839
1.36168
1.24297
1.12899
1.01501
0.899619
0.782631
0.664248
0.544764
0.424458
0.303567
0.182287
0.0607862
1.66943
1.53433
1.4136
1.3045
1.19841
1.09145
0.982402
0.871193
0.758121
0.643563
0.52787
0.411337
0.294205
0.176675
0.0589162
1.41818
1.37044
1.32078
1.24529
1.15451
1.05538
0.951326
0.844095
0.734678
0.623699
0.511587
0.398652
0.285135
0.171229
0.0571006
0.863548
1.20795
1.24596
1.19679
1.11644
1.02276
0.922488
0.81855
0.712355
0.604655
0.495902
0.386393
0.27635
0.165947
0.0553383
1.26916
1.2583
1.23172
1.17001
1.08769
0.994743
0.896226
0.794609
0.691114
0.586378
0.48077
0.374528
0.267829
0.160818
0.053626
1.40633
1.31962
1.24194
1.15762
1.06638
0.970622
0.872148
0.77201
0.670773
0.568743
0.466108
0.363003
0.259541
0.155825
0.0519585
1.51827
1.37476
1.25682
1.15012
1.04828
0.94842
0.849257
0.750213
0.651021
0.551564
0.451804
0.351751
0.251445
0.150947
0.0503291
1.58295
1.41222
1.26395
1.13934
1.02886
0.925773
0.826319
0.728556
0.631494
0.534634
0.437736
0.340699
0.2435
0.146162
0.0487313
1.70913
1.43417
1.25472
1.11885
1.00438
0.900641
0.802244
0.706454
0.611868
0.517769
0.423797
0.329785
0.235671
0.141452
0.0471593
1.66731
1.3899
1.2153
1.08359
0.972524
0.87184
0.776399
0.683558
0.591947
0.500855
0.40992
0.318968
0.227932
0.136804
0.0456092
1.40111
1.27435
1.14616
1.03411
0.933522
0.839444
0.74879
0.659853
0.571711
0.483874
0.396089
0.308236
0.220276
0.132213
0.0440794
1.26842
1.15986
1.06591
0.976756
0.890065
0.804711
0.720033
0.635643
0.551311
0.466899
0.38234
0.297607
0.212711
0.127683
0.0425707
1.0723
1.03533
0.982416
0.917783
0.845738
0.769548
0.691117
0.611441
0.531013
0.450072
0.368747
0.28712
0.205258
0.123224
0.0410862
0.921365
0.921963
0.907138
0.864063
0.804352
0.735981
0.663109
0.587811
0.511119
0.433556
0.355403
0.276826
0.197943
0.118849
0.03963
0.579893
0.8194
0.851547
0.822003
0.76905
0.705578
0.636826
0.565197
0.491881
0.417496
0.34239
0.266774
0.190796
0.114573
0.0382066
0.877556
0.860923
0.838857
0.79631
0.741125
0.678887
0.612582
0.543804
0.473434
0.401984
0.32977
0.257003
0.183841
0.110409
0.03682
0.988572
0.906314
0.840457
0.779506
0.718177
0.655068
0.5901
0.523564
0.455788
0.38705
0.317574
0.247539
0.177094
0.106366
0.0354734
1.11271
0.940414
0.838725
0.76308
0.696546
0.632587
0.568754
0.504238
0.438861
0.372675
0.305806
0.238391
0.170564
0.102451
0.0341689
1.10282
0.925583
0.818998
0.740443
0.673208
0.610071
0.547931
0.48556
0.422547
0.358824
0.294458
0.229561
0.164257
0.0986667
0.0329074
0.94857
0.861801
0.779899
0.71006
0.647104
0.586914
0.52732
0.467383
0.40678
0.345469
0.283519
0.221046
0.15817
0.095013
0.0316892
0.869934
0.794747
0.73252
0.675009
0.619156
0.563395
0.506999
0.449723
0.391561
0.332606
0.272987
0.212843
0.152303
0.0914884
0.0305137
0.749644
0.718799
0.681962
0.638913
0.591213
0.540365
0.487338
0.432735
0.376948
0.320254
0.262864
0.204947
0.146648
0.0880891
0.0293794
0.650079
0.647108
0.635813
0.606168
0.565531
0.518894
0.46882
0.416625
0.363023
0.308438
0.253148
0.197352
0.141198
0.0848083
0.0282839
0.413588
0.581309
0.602487
0.581177
0.544097
0.499857
0.451824
0.401546
0.349836
0.297164
0.24383
0.190038
0.135936
0.081635
0.0272234
0.635114
0.617371
0.598739
0.567264
0.52772
0.483508
0.436436
0.387519
0.337375
0.286403
0.234873
0.182973
0.130836
0.0785529
0.0261923
0.71859
0.654158
0.603985
0.559077
0.514674
0.469201
0.422383
0.374402
0.325546
0.276081
0.226218
0.17611
0.125861
0.0755391
0.0251828
0.81239
0.68115
0.605661
0.550661
0.502459
0.455888
0.409193
0.361952
0.3142
0.266091
0.217779
0.169379
0.120963
0.0725636
0.0241848
0.803081
0.669538
0.593209
0.537645
0.489195
0.442716
0.39644
0.349919
0.303161
0.256296
0.209447
0.162696
0.116079
0.0695884
0.0231855
0.679332
0.618309
0.566444
0.519806
0.474639
0.429457
0.383914
0.338111
0.29226
0.246545
0.201093
0.155957
0.111133
0.0665671
0.0221694
0.585199
0.56083
0.536159
0.501079
0.460175
0.4165
0.371623
0.3264
0.281325
0.23667
0.192566
0.149038
0.106034
0.063444
0.0211177
0.364476
0.503687
0.51319
0.48653
0.447719
0.404428
0.359624
0.314649
0.270161
0.22647
0.183687
0.141793
0.100674
0.0601531
0.0200082
0.553364
0.536724
0.515417
0.480554
0.438461
0.393459
0.347797
0.302621
0.258506
0.215697
0.174241
0.134047
0.094925
0.0566167
0.0188148
0.622252
0.573117
0.527141
0.479742
0.431315
0.383003
0.335684
0.289918
0.246006
0.204043
0.163968
0.125594
0.0886381
0.0527442
0.0175072
0.689394
0.607441
0.539945
0.479795
0.424189
0.371917
0.322547
0.275989
0.232215
0.191137
0.152564
0.116196
0.0816404
0.0484314
0.0160505
0.727712
0.631859
0.547747
0.476843
0.414854
0.358878
0.307515
0.260188
0.216615
0.176551
0.139678
0.105577
0.0737351
0.0435595
0.0144051
0.80009
0.648258
0.546488
0.467843
0.401445
0.3427
0.289743
0.241844
0.198643
0.159808
0.124917
0.09343
0.0646997
0.0379945
0.0125261
0.784273
0.630029
0.529294
0.450479
0.382817
0.322566
0.268518
0.220305
0.177705
0.140385
0.107842
0.0794076
0.0542855
0.0315869
0.0103637
0.65997
0.574777
0.497006
0.425502
0.359129
0.298184
0.243302
0.194935
0.153165
0.117706
0.0879641
0.0631243
0.042216
0.0241708
0.0078628
0.566216
0.514498
0.460493
0.39711
0.331762
0.269647
0.21362
0.165049
0.12431
0.0911156
0.064733
0.0441501
0.0281858
0.0155646
0.00496303
0.349536
0.455949
0.430592
0.370223
0.302243
0.236937
0.178818
0.129787
0.0902828
0.0598554
0.037525
0.0220078
0.0118615
0.00557199
0.00159972
0.544501
0.48902
0.425097
0.348761
0.270961
0.199292
0.13776
0.0879751
0.0500172
0.0230324
0.00563609
-0.00382522
-0.00711377
-0.0060138
-0.00229475
0.622415
0.528074
0.428313
0.328461
0.235517
0.154665
0.0886009
0.038012
0.0021956
-0.0203895
-0.0317129
-0.0339061
-0.0291095
-0.0194026
-0.0067883
0.718485
0.571016
0.43169
0.303512
0.191779
0.0998288
0.0287518
-0.0221475
-0.0547509
-0.071573
-0.0753524
-0.0688023
-0.0544884
-0.0347947
-0.0119449
0.787066
0.608435
0.427427
0.267289
0.134406
0.0305632
-0.0450502
-0.0949498
-0.122594
-0.131756
-0.126116
-0.109052
-0.0835766
-0.0523632
-0.0178183
0.945054
0.647638
0.408781
0.212277
0.0569661
-0.058241
-0.136647
-0.183143
-0.203208
-0.20216
-0.184763
-0.155104
-0.116623
-0.0722299
-0.0244449
0.985676
0.646304
0.360841
0.12879
-0.0482337
-0.172539
-0.250341
-0.289626
-0.29842
-0.283859
-0.251878
-0.207244
-0.153749
-0.0944365
-0.0318336
0.994483
0.607663
0.27593
0.00721337
-0.189965
-0.319078
-0.390721
-0.417216
-0.409786
-0.377599
-0.32773
-0.265501
-0.194889
-0.118913
-0.0399559
0.929523
0.53088
0.147371
-0.163912
-0.37889
-0.50548
-0.562398
-0.568297
-0.538279
-0.483558
-0.412117
-0.329541
-0.239727
-0.145442
-0.0487361
0.708774
0.44371
-0.031256
-0.401785
-0.629126
-0.740229
-0.769455
-0.744254
-0.683862
-0.601068
-0.504188
-0.398568
-0.287644
-0.173638
-0.0580425
1.65657
0.502407
-0.282333
-0.738953
-0.960012
-1.03181
-1.01427
-0.944592
-0.844935
-0.728301
-0.602276
-0.471241
-0.337673
-0.202921
-0.0676831
2.1298
0.304669
-0.761204
-1.23953
-1.39447
-1.38542
-1.29526
-1.1657
-1.01774
-0.861997
-0.703795
-0.545635
-0.388498
-0.232527
-0.077407
3.25168
-0.420207
-1.64804
-1.96447
-1.94268
-1.79531
-1.6036
-1.39955
-1.19588
-0.99735
-0.805238
-0.619281
-0.438487
-0.261528
-0.0869135
0.170042
-2.8422
-3.16778
-2.9241
-2.57795
-2.23594
-1.92046
-1.63309
-1.37042
-1.12819
-0.902361
-0.689304
-0.48579
-0.288885
-0.095868
-11.8533
-7.12987
-5.08283
-3.95477
-3.21023
-2.6581
-2.21777
-1.84943
-1.53071
-1.2476
-0.990568
-0.752666
-0.528476
-0.313529
-0.103927
0.144243
0.434328
0.729319
1.03286
1.34923
1.68383
2.04395
2.44017
2.88898
3.41826
4.07929
4.9764
6.34943
8.83108
14.3452
0.14375
0.433076
0.728013
1.03275
1.35224
1.69277
2.06274
2.47415
2.94498
3.50346
4.19567
5.09787
6.3312
8.04063
10.0894
0.141423
0.426197
0.716876
1.01783
1.33417
1.67219
2.04005
2.44873
2.91337
3.45502
4.10192
4.88766
5.83675
6.90934
7.83636
0.137165
0.413395
0.695427
0.987483
1.29436
1.62172
1.97652
2.36736
2.80485
3.30137
3.86913
4.51394
5.22042
5.9233
6.4636
0.131001
0.394771
0.663919
0.942265
1.23399
1.54378
1.87695
2.23941
2.6374
3.07643
3.55864
4.07741
4.6085
5.10064
5.47162
0.12306
0.370745
0.62317
0.883608
1.15549
1.44242
1.74808
2.07604
2.42916
2.8085
3.21119
3.62694
4.03403
4.39759
4.67401
0.113543
0.341957
0.574365
0.813446
1.06187
1.32223
1.59688
1.88758
2.19501
2.51777
2.85112
3.18502
3.50266
3.78123
3.99605
0.10269
0.309154
0.518852
0.733885
0.95624
1.18768
1.42953
1.68239
1.94565
2.21691
2.49114
2.75988
3.01087
3.22917
3.40004
0.0907496
0.273099
0.457973
0.646956
0.841461
1.04261
1.25103
1.46664
1.68824
1.91319
2.13696
2.35287
2.55219
2.72506
2.86231
0.0779538
0.234506
0.392959
0.554465
0.719987
0.890183
1.06526
1.24476
1.42734
1.61055
1.79065
1.96255
2.12011
2.25675
2.36664
0.0645096
0.194
0.324868
0.457924
0.593793
0.732825
0.874981
1.01969
1.16569
1.31091
1.45245
1.58655
1.70892
1.81519
1.90159
0.0505922
0.152105
0.254575
0.358542
0.464396
0.572299
0.682102
0.793255
0.904714
1.01488
1.12158
1.22219
1.31376
1.39343
1.45875
0.0363458
0.109252
0.182776
0.257259
0.332924
0.409833
0.487822
0.566452
0.644953
0.722196
0.796706
0.866733
0.930389
0.985853
1.03162
0.0218863
0.0657793
0.110018
0.154786
0.200197
0.246265
0.292873
0.339741
0.386401
0.432186
0.476241
0.517569
0.555112
0.587864
0.615011
-32278.5
-32235.5
-32192.6
-32149.8
-32107.1
-32064.5
-32022
-31979.8
-31937.8
-31896
-31854.6
-31813.5
-31772.7
-31732.3
-31692.3
18.5587
-9.53887
27.4245
-0.228274
27.2392
5.08598
-17.2065
11.1122
-17.4305
26.6307
-2.36274
26.733
1.7752
25.1462
5.60398
-13.8562
10.4263
-13.965
22.9326
-1.09604
22.3723
3.88389
-14.1847
7.15092
-14.9959
10.0448
-14.8123
22.178
-1.64089
21.2071
3.15045
-14.3862
6.09642
-15.2675
8.62233
-15.3233
20.0464
-2.95988
18.9315
1.34655
-15.8546
3.96524
-17.2968
6.41761
-17.9705
18.5182
-5.74976
17.8386
-2.99478
15.9167
-0.574133
-17.1407
2.79085
-18.2704
13.0673
-8.12862
12.2615
-4.59542
-21.4443
-2.26574
-23.6423
0.198078
-24.754
12.5431
-12.3078
11.9784
-7.76171
-27.5518
-4.5637
-29.8775
-1.06711
-30.8211
14.4217
-15.3393
14.4889
-9.17106
-32.9292
-4.47296
-34.9694
0.721319
-35.0784
20.4366
-15.1394
21.4628
-6.35183
-33.9544
1.40383
-32.9234
13.9453
-20.3704
10.131
5.87879
11.3882
8.09567
11.0196
5.29899
-0.288093
3.22005
0.862142
9.01475
6.97242
11.6158
8.44722
10.7063
5.50155
0.448004
3.25467
0.983821
7.49409
5.28783
8.04373
3.29599
-1.57045
0.442691
-2.45371
1.43882
-0.428177
6.33202
4.28003
7.02116
2.41772
-2.3188
-0.428126
-3.27443
0.37776
-1.49691
4.89672
2.82756
5.36522
0.807444
-3.88655
-2.12903
-4.99489
-1.35837
-3.18738
3.5845
1.77291
5.39045
2.5487
4.13833
-0.456489
-4.95176
-2.90945
-5.13667
0.141932
-2.09967
-0.00289632
-4.60135
-9.34579
-7.83368
-10.8851
-7.40138
-9.49032
-2.85873
-5.20651
-2.47661
-7.68736
-13.0876
-11.0695
-14.4827
-10.0651
-12.3236
-4.064
-6.62595
-3.00925
-9.02978
-15.2657
-12.4339
-16.2133
-10.3992
-12.7285
-2.2375
-4.86971
0.0141661
-6.65864
-13.4988
-9.37127
-13.1294
-5.86834
-10.907
7.87982
7.23835
8.02547
7.46652
7.24693
5.31829
3.53193
3.77357
4.01823
6.07789
6.67847
7.74636
7.30165
7.0127
5.17964
3.43182
3.39294
3.28614
4.60559
4.52439
4.51859
2.87722
1.13545
0.802438
0.310636
1.12486
1.53109
3.17384
3.2972
3.40972
1.875
0.203807
-0.132989
-0.64079
0.0904196
0.421703
1.93216
1.97982
2.01521
0.463246
-1.20998
-1.56675
-2.05756
-1.26494
-0.790535
1.01024
1.47687
2.24305
1.71032
1.26502
-0.482759
-2.17762
-2.46205
-2.81184
-1.95465
-2.31831
-2.62645
-4.39731
-6.25708
-6.83031
-7.53874
-6.97628
-6.78435
-5.33023
-5.41709
-5.49697
-7.34001
-9.30605
-9.75409
-10.364
-9.44924
-8.97219
-6.96633
-6.80963
-6.62952
-8.57797
-10.6596
-10.8742
-11.2718
-9.79269
-8.83928
-6.01386
-5.42278
-4.79246
-6.72411
-8.83621
-8.79069
-9.20269
-7.97019
-8.60528
6.61033
6.54213
6.60242
6.35016
5.93668
5.13419
4.43316
4.32428
4.56236
5.24367
5.71323
6.05665
5.93343
5.54425
4.73663
3.9565
3.63072
3.53637
3.73574
3.65409
3.35042
2.60473
1.81446
1.39255
1.19599
1.40012
1.71144
2.20527
2.33164
2.17194
1.53039
0.806449
0.409946
0.210153
0.380467
0.643737
1.07548
1.15115
0.952349
0.29503
-0.427864
-0.810202
-0.967228
-0.712138
-0.302598
0.358266
0.750476
0.967174
0.747014
0.268264
-0.584293
-1.43367
-1.91968
-2.22428
-2.29243
-2.6162
-3.14297
-4.06461
-5.02038
-5.63172
-6.02196
-6.01712
-5.89549
-5.58231
-5.6373
-5.97802
-6.8152
-7.71007
-8.20533
-8.44059
-8.20288
-7.82206
-7.2057
-7.02687
-7.18452
-7.93426
-8.74194
-9.05094
-9.03281
-8.4291
-7.6458
-6.57272
-6.03235
-5.90985
-6.52973
-7.28056
-7.55122
-7.64393
-7.38259
-7.33613
5.63163
5.66139
5.62992
5.46633
5.18698
4.80439
4.48212
4.37582
4.4687
4.7148
4.93008
5.03928
4.94859
4.67872
4.25442
3.82728
3.53567
3.36402
3.27097
3.10388
2.81911
2.3968
1.96339
1.65853
1.50469
1.52136
1.62928
1.76619
1.77833
1.62838
1.30476
0.937882
0.669902
0.528403
0.536895
0.623414
0.731797
0.71801
0.550067
0.221525
-0.135882
-0.37787
-0.47014
-0.381563
-0.17639
0.0933406
0.277041
0.320617
0.156373
-0.189909
-0.690151
-1.21273
-1.63834
-1.97706
-2.26189
-2.62153
-3.09063
-3.68252
-4.27945
-4.75135
-5.07396
-5.22601
-5.28236
-5.30405
-5.44588
-5.74397
-6.20714
-6.68936
-7.03082
-7.19817
-7.16252
-7.01097
-6.81493
-6.75941
-6.88677
-7.20698
-7.54223
-7.6986
-7.6369
-7.32404
-6.86948
-6.36439
-6.04005
-5.95808
-6.14668
-6.41628
-6.5679
-6.5948
-6.48528
-6.33588
4.81711
4.86628
4.84502
4.74643
4.58305
4.38475
4.21698
4.13739
4.15117
4.22702
4.29634
4.30632
4.21829
4.03206
3.77273
3.49932
3.26428
3.07486
2.90918
2.71947
2.48219
2.20122
1.92359
1.70341
1.56426
1.50765
1.50185
1.50326
1.45498
1.3315
1.13807
0.923633
0.744529
0.627556
0.577924
0.568647
0.561144
0.504047
0.376347
0.186979
-0.0125881
-0.163504
-0.235706
-0.221011
-0.145136
-0.0495926
0.00360366
-0.028377
-0.173726
-0.42786
-0.765228
-1.13271
-1.48334
-1.80854
-2.12469
-2.47022
-2.86237
-3.29395
-3.71928
-4.08657
-4.37211
-4.57317
-4.71949
-4.85313
-5.0297
-5.27239
-5.57178
-5.87138
-6.10702
-6.24798
-6.28893
-6.26375
-6.2216
-6.22833
-6.311
-6.45768
-6.59973
-6.65987
-6.60221
-6.42254
-6.16545
-5.89523
-5.69824
-5.61614
-5.64649
-5.72141
-5.7638
-5.74184
-5.64516
-5.48647
4.11841
4.1718
4.17066
4.119
4.02855
3.9203
3.82396
3.7636
3.7433
3.74765
3.74703
3.7135
3.62837
3.48961
3.31026
3.11503
2.9261
2.75041
2.58088
2.40247
2.20708
1.99969
1.79995
1.63049
1.5039
1.41969
1.36295
1.31083
1.23884
1.13429
1.00061
0.857492
0.728703
0.6288
0.559931
0.510446
0.46104
0.390902
0.290605
0.166318
0.039887
-0.063204
-0.12706
-0.149164
-0.142754
-0.132053
-0.147644
-0.214569
-0.347602
-0.546345
-0.797306
-1.07725
-1.36525
-1.65332
-1.94539
-2.25202
-2.57753
-2.91456
-3.24282
-3.53965
-3.79196
-3.99922
-4.17491
-4.34037
-4.51831
-4.71911
-4.9361
-5.14542
-5.31947
-5.44169
-5.51041
-5.54083
-5.55771
-5.58773
-5.64286
-5.71485
-5.77498
-5.79057
-5.74295
-5.63229
-5.48006
-5.32036
-5.19069
-5.11201
-5.08181
-5.07308
-5.05212
-4.99628
-4.89419
-4.74319
3.50383
3.55667
3.56993
3.54835
3.50067
3.4397
3.38017
3.33319
3.30103
3.27657
3.24622
3.19611
3.11685
3.00679
2.87184
2.72286
2.57007
2.41828
2.26658
2.11114
1.95047
1.78837
1.63388
1.49703
1.38372
1.29335
1.2186
1.14815
1.07074
0.980179
0.877826
0.771811
0.672351
0.58641
0.515066
0.453158
0.391792
0.322154
0.24035
0.149644
0.0596234
-0.0185655
-0.0777195
-0.117584
-0.145771
-0.175891
-0.224232
-0.304853
-0.426183
-0.588993
-0.787033
-1.00961
-1.24647
-1.4918
-1.7446
-2.00616
-2.27562
-2.54737
-2.81124
-3.05647
-3.27632
-3.47038
-3.64475
-3.80932
-3.97376
-4.14228
-4.31124
-4.47005
-4.6064
-4.71227
-4.78692
-4.83725
-4.8748
-4.91087
-4.95038
-4.989
-5.01432
-5.01227
-4.97445
-4.90186
-4.80542
-4.70222
-4.60972
-4.53805
-4.48615
-4.44233
-4.39057
-4.31727
-4.21358
-4.07508
2.94981
2.99935
3.02027
3.01617
2.99292
2.95805
2.91938
2.88251
2.84881
2.81509
2.77503
2.72187
2.65089
2.56101
2.45486
2.33743
2.21382
2.0873
1.9589
1.82861
1.69717
1.56734
1.4437
1.33093
1.23177
1.14576
1.06928
0.996755
0.922782
0.844258
0.76151
0.677858
0.59768
0.524128
0.457725
0.396184
0.335529
0.271975
0.203932
0.132972
0.0632759
-0.000419328
-0.0552708
-0.101966
-0.145179
-0.192692
-0.253562
-0.335768
-0.444318
-0.580229
-0.74077
-0.920807
-1.11489
-1.31894
-1.53064
-1.74842
-1.96994
-2.19106
-2.4061
-2.60944
-2.79744
-2.96957
-3.12838
-3.27819
-3.42305
-3.56456
-3.70078
-3.82681
-3.93705
-4.02768
-4.09829
-4.15197
-4.19391
-4.22896
-4.25911
-4.28227
-4.29305
-4.28543
-4.256
-4.20579
-4.14052
-4.06871
-3.99878
-3.93564
-3.87888
-3.82303
-3.76001
-3.682
-3.58307
-3.4597
2.43934
2.4836
2.50701
2.51201
2.5023
2.48234
2.45647
2.42776
2.39713
2.36326
2.32323
2.27382
2.21269
2.13923
2.05467
1.96146
1.86235
1.75957
1.65455
1.5483
1.44213
1.338
1.23844
1.14582
1.06144
0.985052
0.914828
0.848019
0.781948
0.714983
0.647054
0.579452
0.514006
0.452082
0.393902
0.338446
0.283949
0.228761
0.172204
0.114957
0.0587526
0.00544049
-0.0441348
-0.0909441
-0.137993
-0.18987
-0.251787
-0.328378
-0.422696
-0.535653
-0.666104
-0.811463
-0.96864
-1.1348
-1.30763
-1.48502
-1.66458
-1.84325
-2.01756
-2.18428
-2.34122
-2.48776
-2.62478
-2.754
-2.87702
-2.99432
-3.10483
-3.20621
-3.29581
-3.37181
-3.43394
-3.48353
-3.52287
-3.55403
-3.57783
-3.59333
-3.5982
-3.58998
-3.56741
-3.5314
-3.48499
-3.43249
-3.37804
-3.32405
-3.27029
-3.21404
-3.15104
-3.07682
-2.9877
-2.88131
1.96036
1.99794
2.02032
2.02908
2.0265
2.01522
1.99774
1.97584
1.95021
1.92037
1.88505
1.84273
1.79233
1.73354
1.66701
1.59406
1.51628
1.43518
1.35204
1.26799
1.18423
1.10217
1.0233
0.94892
0.879714
0.815561
0.755556
0.698323
0.642502
0.587198
0.53223
0.478044
0.425365
0.374746
0.326258
0.279431
0.233469
0.187626
0.141576
0.0955509
0.0501751
0.00602932
-0.0368734
-0.0794713
-0.123748
-0.172489
-0.228774
-0.295358
-0.374125
-0.465782
-0.569862
-0.684999
-0.80935
-0.940962
-1.07794
-1.21842
-1.36038
-1.50162
-1.63987
-1.7731
-1.89988
-2.01957
-2.13231
-2.23866
-2.33913
-2.43378
-2.52195
-2.60248
-2.67408
-2.73583
-2.78755
-2.82979
-2.86351
-2.88962
-2.90846
-2.91961
-2.92215
-2.9151
-2.89814
-2.87194
-2.83816
-2.79903
-2.7566
-2.71206
-2.66526
-2.61473
-2.55818
-2.49306
-2.41717
-2.32902
1.50409
1.53406
1.55319
1.56242
1.56316
1.55695
1.54528
1.52921
1.50925
1.4853
1.45685
1.42322
1.38394
1.33891
1.28852
1.23352
1.17489
1.11365
1.05077
0.987174
0.923814
0.861657
0.801634
0.744494
0.690637
0.640028
0.592223
0.546532
0.50225
0.458875
0.416228
0.374422
0.333713
0.294302
0.256189
0.219143
0.18279
0.146773
0.110902
0.0752038
0.0398268
0.00483455
-0.0300388
-0.0655647
-0.103053
-0.144217
-0.190902
-0.244759
-0.30695
-0.377975
-0.457648
-0.545215
-0.639547
-0.739328
-0.843163
-0.949605
-1.05715
-1.16423
-1.26934
-1.37114
-1.46865
-1.56131
-1.64897
-1.73169
-1.80956
-1.88246
-1.94999
-2.01154
-2.06644
-2.11422
-2.15474
-2.18821
-2.21504
-2.2356
-2.25005
-2.25823
-2.25979
-2.25442
-2.24209
-2.2233
-2.19895
-2.17022
-2.13814
-2.10327
-2.0655
-2.02404
-1.9776
-1.92475
-1.86422
-1.79511
1.06381
1.08555
1.10001
1.10773
1.10951
1.10627
1.09884
1.08787
1.07371
1.05639
1.03574
1.01149
0.983462
0.951647
0.916289
0.877838
0.836889
0.794094
0.750122
0.705629
0.661269
0.617675
0.575419
0.534943
0.496489
0.460063
0.425456
0.392326
0.360309
0.329126
0.298641
0.268853
0.239832
0.211635
0.184238
0.15752
0.131298
0.105389
0.079671
0.0540959
0.0286373
0.00319287
-0.0225286
-0.0490848
-0.0773069
-0.108224
-0.142921
-0.182365
-0.227251
-0.277899
-0.334238
-0.395848
-0.462049
-0.531997
-0.604755
-0.679327
-0.754684
-0.82979
-0.903662
-0.975444
-1.04448
-1.11033
-1.17279
-1.23176
-1.28717
-1.3389
-1.38668
-1.43018
-1.46905
-1.50305
-1.53208
-1.5562
-1.57557
-1.59036
-1.60063
-1.60635
-1.60739
-1.60369
-1.59532
-1.58259
-1.56601
-1.54619
-1.52362
-1.4986
-1.47102
-1.44045
-1.4062
-1.36747
-1.32356
-1.27396
0.634282
0.647451
0.656408
0.661445
0.662975
0.661463
0.657347
0.650972
0.642542
0.632117
0.61965
0.605052
0.588264
0.569312
0.548335
0.525577
0.501362
0.476057
0.450045
0.423714
0.397442
0.371586
0.34646
0.322302
0.299245
0.277304
0.25639
0.236346
0.216999
0.198208
0.17989
0.162021
0.144611
0.127667
0.111166
0.0950466
0.0792221
0.0636017
0.0481137
0.0327055
0.0173194
0.00184858
-0.0139113
-0.0302939
-0.0477609
-0.0668638
-0.0881739
-0.112199
-0.139308
-0.169679
-0.203284
-0.239909
-0.279187
-0.320649
-0.363758
-0.407938
-0.452593
-0.497131
-0.540996
-0.583705
-0.624872
-0.664231
-0.701615
-0.736925
-0.770083
-0.800988
-0.829498
-0.855443
-0.878653
-0.899003
-0.916437
-0.930969
-0.942657
-0.951566
-0.957728
-0.961138
-0.961769
-0.959621
-0.954766
-0.947375
-0.937703
-0.926035
-0.91261
-0.897545
-0.880789
-0.862121
-0.841195
-0.81762
-0.791037
-0.761203
-31656
-31623.4
-31591
-31558.9
-31527.2
-31495.7
-31464.6
-31433.8
-31403.3
-31373.1
-31343.2
-31313.7
-31284.3
-31255.3
-31226.6
-31198.1
-31169.9
-31141.9
-31114.1
-31086.6
-31059.2
-31032.1
-31005.1
-30978.3
-30951.7
-30925.2
-30898.9
-30872.6
-30846.5
-30820.6
-30794.7
-30768.9
-30743.2
-30717.5
-30692
-30666.5
-30641
-30615.6
-30590.2
-30564.9
-30539.6
-30514.3
-30489
-30463.7
-30438.4
-30413.1
-30387.8
-30362.4
-30337
-30311.6
-30286
-30260.4
-30234.7
-30208.8
-30182.8
-30156.7
-30130.3
-30103.8
-30077
-30050
-30022.7
-29995.1
-29967.2
-29939
-29910.5
-29881.6
-29852.4
-29822.7
-29792.7
-29762.3
-29731.4
-29700.1
-29668.4
-29636.3
-29603.7
-29570.7
-29537.2
-29503.3
-29468.9
-29434.1
-29398.9
-29363.2
-29327.1
-29290.6
-29253.7
-29216.3
-29178.6
-29140.5
-29101.9
-29063.1
-15.9498
-9.31034
-6.34724
-4.74581
-3.73671
-3.02535
-2.48266
-2.04477
-1.6765
-1.35661
-1.07124
-0.810649
-0.567538
-0.336076
-0.111299
-10.9785
-8.54871
-6.51741
-5.07041
-4.03719
-3.27
-2.67453
-2.19331
-1.79065
-1.44352
-1.13626
-0.857688
-0.599346
-0.354472
-0.117319
-8.51499
-7.38838
-6.10306
-4.98107
-4.07154
-3.34287
-2.7521
-2.2632
-1.84922
-1.49049
-1.17255
-0.884457
-0.617658
-0.365131
-0.120816
-7.07935
-6.38653
-5.5252
-4.67915
-3.92497
-3.27776
-2.72772
-2.25812
-1.85248
-1.49663
-1.17893
-0.889897
-0.621674
-0.367561
-0.121627
-6.05616
-5.55304
-4.93192
-4.28529
-3.67135
-3.11544
-2.62282
-2.18903
-1.8059
-1.46456
-1.1566
-0.874494
-0.611553
-0.361798
-0.119754
-5.23076
-4.83743
-4.36408
-3.85867
-3.35963
-2.88976
-2.45905
-2.0692
-1.71748
-1.39905
-1.10838
-0.839894
-0.588226
-0.348311
-0.115339
-4.51963
-4.20177
-3.82822
-3.42564
-3.01867
-2.62488
-2.25434
-1.9112
-1.5957
-1.30573
-1.03795
-0.788445
-0.553123
-0.327871
-0.108625
-3.88243
-3.62175
-3.32132
-2.99693
-2.66446
-2.33669
-2.02216
-1.72552
-1.44836
-1.19019
-0.9492
-0.722787
-0.507933
-0.301413
-0.0999125
-3.29571
-3.08141
-2.83834
-2.57624
-2.30551
-2.0352
-1.77206
-1.5203
-1.28197
-1.05743
-0.845844
-0.645548
-0.454393
-0.269924
-0.0895205
-2.74432
-2.56979
-2.37433
-2.16413
-1.94607
-1.72651
-1.51051
-1.3016
-1.10175
-0.911701
-0.731166
-0.559148
-0.394152
-0.234361
-0.0777621
-2.21796
-2.07904
-1.925
-1.75983
-1.5881
-1.4142
-1.24185
-1.07378
-0.911711
-0.756427
-0.607951
-0.46571
-0.328695
-0.1956
-0.0649271
-1.70931
-1.60336
-1.48675
-1.36204
-1.23224
-1.10032
-0.968884
-0.839948
-0.71486
-0.594324
-0.478486
-0.367034
-0.259312
-0.154415
-0.0512732
-1.21297
-1.1383
-1.05656
-0.969314
-0.878466
-0.785919
-0.693389
-0.602242
-0.513435
-0.427507
-0.34462
-0.264617
-0.187096
-0.111468
-0.0370223
-0.724722
-0.680301
-0.631827
-0.58017
-0.526367
-0.471484
-0.416491
-0.362179
-0.309117
-0.257638
-0.20786
-0.159713
-0.112981
-0.0673338
-0.0223674
-29019.9
-28972.3
-28924.3
-28875.9
-28827.1
-28777.9
-28728.4
-28678.6
-28628.6
-28578.4
-28528
-28477.5
-28426.8
-28376.1
-28325.4
)
;

boundaryField
{
    hot
    {
        type            calculated;
        value           nonuniform List<scalar> 
120
(
32275.9
-0.019494
-0.0324036
-0.0451641
-0.0576849
-0.0698462
-0.0814852
-0.0923982
-0.102342
-0.11104
-0.118203
-0.123558
-0.126881
-0.128044
-0.127041
-0.124407
-0.120628
-0.115803
-0.110161
-0.103942
-0.0973709
-0.0906474
-0.0839358
-0.0773622
-0.0710164
-0.0649571
-0.0592178
-0.0538131
-0.0487438
-0.0440012
-0.0395703
-0.035432
-0.0315649
-0.0279463
-0.0245534
-0.0213637
-0.0183553
-0.0155073
-0.0127997
-0.0102136
-0.00773113
-0.00533564
-0.00301165
-0.000745004
0.00147714
0.00366633
0.00583295
0.00798633
0.010135
0.0122867
0.0144488
0.0166281
0.0188309
0.0210631
0.0233294
0.025634
0.0279799
0.0303698
0.0328054
0.0352885
0.0378204
0.0404021
0.0430342
0.0457159
0.0484453
0.051219
0.0540321
0.0568789
0.0597531
0.0626482
0.0655571
0.068472
0.0713836
0.0742809
0.077151
0.0799795
0.0827514
0.0854518
0.0880672
0.0905853
0.0929952
0.0952872
0.0974524
0.0994838
0.101377
0.103131
0.104753
0.106259
0.107672
0.109026
0.110365
0.111737
0.113196
0.114798
0.116597
0.118641
0.120964
0.123578
0.126468
0.129578
0.132804
0.135998
0.138968
0.141491
0.143332
0.144243
0.14375
0.141423
0.137165
0.131001
0.12306
0.113543
0.10269
0.0907496
0.0779538
0.0645096
0.0505922
0.0363458
0.0218863
-32278.5
)
;
    }
    cold
    {
        type            calculated;
        value           nonuniform List<scalar> 
120
(
28322.1
0.0204256
0.033914
0.0471922
0.060146
0.0726335
0.0844809
0.0954833
0.105409
0.114012
0.121054
0.126337
0.129736
0.131231
0.130927
0.129325
0.126902
0.123849
0.120409
0.116815
0.113268
0.109924
0.106891
0.104228
0.101952
0.100045
0.0984704
0.0971721
0.0960887
0.0951558
0.0943113
0.0934978
0.0926658
0.0917747
0.0907945
0.089705
0.0884953
0.0871616
0.0857058
0.0841334
0.0824521
0.0806721
0.0788052
0.0768657
0.0748701
0.0728362
0.070783
0.0687284
0.0666891
0.0646789
0.0627086
0.0607862
0.0589162
0.0571006
0.0553383
0.053626
0.0519585
0.0503291
0.0487313
0.0471593
0.0456092
0.0440794
0.0425707
0.0410862
0.03963
0.0382066
0.03682
0.0354734
0.0341689
0.0329074
0.0316892
0.0305137
0.0293794
0.0282839
0.0272234
0.0261923
0.0251828
0.0241848
0.0231855
0.0221694
0.0211177
0.0200082
0.0188148
0.0175072
0.0160505
0.0144051
0.0125261
0.0103637
0.0078628
0.00496303
0.00159972
-0.00229475
-0.0067883
-0.0119449
-0.0178183
-0.0244449
-0.0318336
-0.0399559
-0.0487361
-0.0580425
-0.0676831
-0.077407
-0.0869135
-0.095868
-0.103927
-0.111299
-0.117319
-0.120816
-0.121627
-0.119754
-0.115339
-0.108625
-0.0999125
-0.0895205
-0.0777621
-0.0649271
-0.0512732
-0.0370223
-0.0223674
-28325.4
)
;
    }
    interface_left
    {
        type            calculated;
        value           nonuniform List<scalar> 
90
(
-11.8332
-2.53884
-0.118679
-0.834378
-0.927637
-0.800855
-1.36132
-1.56091
-1.77814
-1.74404
-1.43096
-1.26187
-0.995097
-0.819311
-0.477596
-0.643657
-0.681286
-0.684995
-0.633891
-0.464149
-0.365403
-0.19299
-0.226191
-0.216891
-0.169826
-0.137209
-0.0796819
-0.041025
0.0280814
0.0553525
0.0689968
0.159763
0.215392
0.31054
0.374613
0.496931
0.531324
0.521083
0.485575
0.345534
0.586214
0.703385
0.871387
0.982539
1.19786
1.23435
1.13705
1.02763
0.697294
1.13783
1.33909
1.60998
1.7868
2.13027
2.17087
1.95824
1.74881
1.15983
1.86251
2.16884
2.55905
2.80759
3.28683
3.31664
2.932
2.58642
1.67092
2.63485
3.0271
3.48082
3.75536
4.27302
4.24356
3.62317
3.12763
1.92492
2.90789
3.23584
3.47859
3.57986
3.71459
3.48444
2.54818
1.99504
0.942912
0.667214
0.344065
-0.750526
1.58128
10.9448
)
;
    }
    interface_right
    {
        type            calculated;
        value           nonuniform List<scalar> 
90
(
10.7191
0.952768
-1.43822
-0.145525
0.0608346
0.362291
1.29979
1.79925
2.65607
2.89911
2.88847
2.8508
2.70723
2.45555
1.64556
2.7077
3.15413
3.72653
3.76764
3.33592
3.10592
2.72084
2.3775
1.51684
2.36489
2.69059
3.06245
3.04445
2.61657
2.39414
2.04216
1.75963
1.10064
1.66826
1.87031
2.0734
2.02694
1.66943
1.41818
0.863548
1.26916
1.40633
1.51827
1.58295
1.70913
1.66731
1.40111
1.26842
1.0723
0.921365
0.579893
0.877556
0.988572
1.11271
1.10282
0.94857
0.869934
0.749644
0.650079
0.413588
0.635114
0.71859
0.81239
0.803081
0.679332
0.585199
0.364476
0.553364
0.622252
0.689394
0.727712
0.80009
0.784273
0.65997
0.566216
0.349536
0.544501
0.622415
0.718485
0.787066
0.945054
0.985676
0.994483
0.929523
0.708774
1.65657
2.1298
3.25168
0.170042
-11.8533
)
;
    }
    interface_top
    {
        type            calculated;
        value           nonuniform List<scalar> 
90
(
25.4668
-23.3564
40.9745
-8.55978
40.5655
4.94057
-31.0701
19.1306
-33.0784
41.8614
-11.4659
39.0653
-5.24862
36.8522
5.58965
-25.6897
17.5134
-26.9036
36.0805
-7.70679
34.0046
4.21476
-24.6315
13.8333
-25.4204
18.165
-27.4402
35.5515
-7.93385
32.6591
3.55241
-24.414
12.5646
-25.243
16.4052
-27.4481
32.8544
-9.05768
29.9265
1.65867
-25.7222
10.1522
-27.4144
13.9543
-30.7456
31.355
-13.1407
27.9948
-8.79013
25.5163
-0.674545
-27.1317
8.58384
-29.511
24.2101
-14.1356
22.3787
-4.53187
-31.2575
3.61653
-34.0129
7.70284
-37.8743
25.8015
-19.3816
23.9232
-7.72103
-39.2488
2.37698
-42.3571
7.8735
-46.687
30.3654
-23.977
28.9671
-9.15119
-47.2145
4.00193
-50.2025
11.7026
-54.3149
39.9043
-25.4742
39.0596
-6.15054
-50.8038
12.0709
-49.7603
31.5226
-28.2568
)
;
    }
    interface_bottom
    {
        type            calculated;
        value           nonuniform List<scalar> 
90
(
-26.9999
24.8274
-45.9496
-2.34146
41.1774
-20.1295
40.9706
-29.4156
42.6602
-58.7007
11.4961
-53.2702
3.10334
-49.4374
-10.4437
28.2595
-25.4262
29.1985
-47.9368
6.41021
-43.2718
0.784208
-39.7201
-9.07387
21.3087
-20.1113
22.3249
-36.7251
4.53259
-33.4652
-5.54718
21.4916
-13.8783
22.8762
-17.6655
25.0206
-33.24
7.47261
-29.8812
-2.32224
24.5585
-10.5854
26.562
-14.7369
29.5586
-31.8561
12.1231
-28.149
8.2943
-25.9424
0.216832
26.8448
-9.64725
28.8742
-25.7547
12.9965
-24.0691
3.10448
30.1786
-5.84801
32.3564
-10.9012
34.9602
-29.1221
15.6965
-26.938
3.99948
34.6036
-6.41312
36.5184
-12.2293
39.0003
-32.5697
17.251
-30.0582
4.1618
37.9022
-7.34559
39.8303
-13.6376
42.5587
-35.9989
18.6532
-33.5231
3.97337
40.9358
-9.88063
41.3001
-25.0964
25.0842
)
;
    }
    defaultFaces
    {
        type            empty;
    }
}


// ************************************************************************* //
