/*--------------------------------*- C++ -*----------------------------------*\
| =========                 |                                                 |
| \\      /  F ield         | OpenFOAM: The Open Source CFD Toolbox           |
|  \\    /   O peration     | Version:  5.x                                   |
|   \\  /    A nd           | Web:      www.OpenFOAM.org                      |
|    \\/     M anipulation  |                                                 |
\*---------------------------------------------------------------------------*/
FoamFile
{
    version     2.0;
    format      ascii;
    class       volScalarField;
    location    "2.8";
    object      gradTx;
}
// * * * * * * * * * * * * * * * * * * * * * * * * * * * * * * * * * * * * * //

dimensions      [0 -1 0 1 0 0 0];

internalField   nonuniform List<scalar> 
6300
(
-48.1559
-48.1297
-48.0774
-47.9986
-47.8932
-47.7611
-47.6021
-47.4162
-47.2038
-46.9657
-46.7027
-46.4165
-46.1087
-45.7814
-45.4362
-48.1819
-48.1559
-48.1037
-48.0251
-47.92
-47.7879
-47.6288
-47.4426
-47.2296
-46.9904
-46.726
-46.438
-46.1283
-45.7991
-45.4525
-48.2339
-48.2081
-48.1563
-48.0782
-47.9735
-47.8417
-47.6826
-47.4958
-47.2815
-47.0402
-46.7729
-46.4812
-46.1674
-45.8342
-45.4844
-48.3117
-48.2862
-48.235
-48.1578
-48.054
-47.9229
-47.7639
-47.5765
-47.3604
-47.116
-46.844
-46.5464
-46.2258
-45.8858
-45.5304
-48.4148
-48.3899
-48.3398
-48.264
-48.1616
-48.0318
-47.8735
-47.6857
-47.4677
-47.2192
-46.9408
-46.6345
-46.3036
-45.9529
-45.5882
-48.5428
-48.5187
-48.4702
-48.3965
-48.2966
-48.1692
-48.0126
-47.8252
-47.6053
-47.3521
-47.0655
-46.7473
-46.4012
-46.034
-45.6541
-48.6947
-48.6718
-48.6256
-48.5552
-48.4591
-48.3357
-48.1824
-47.9969
-47.7763
-47.5184
-47.2219
-46.8877
-46.52
-46.1276
-45.7232
-48.8694
-48.8482
-48.8052
-48.7394
-48.649
-48.5317
-48.3845
-48.2035
-47.9846
-47.7232
-47.4159
-47.0615
-46.6636
-46.233
-45.7887
-49.0653
-49.0462
-49.0075
-48.948
-48.8657
-48.7577
-48.6202
-48.4481
-48.2351
-47.9739
-47.6569
-47.2788
-46.84
-46.352
-45.8423
-49.28
-49.2638
-49.2306
-49.1793
-49.1079
-49.013
-48.8904
-48.7335
-48.5339
-48.2802
-47.959
-47.5568
-47.0655
-46.4927
-45.8752
-49.511
-49.4981
-49.4717
-49.4308
-49.3733
-49.2961
-49.1946
-49.0617
-48.8866
-48.6539
-48.342
-47.9239
-47.3725
-46.6781
-45.8817
-49.7547
-49.7457
-49.7273
-49.6986
-49.6582
-49.6035
-49.5303
-49.4318
-49.2968
-49.1067
-48.8313
-48.4243
-47.8224
-46.9655
-45.868
-50.0072
-50.0025
-49.9929
-49.9781
-49.9573
-49.9291
-49.8911
-49.8384
-49.7621
-49.6447
-49.4522
-49.1194
-48.5273
-47.4934
-45.8757
-50.2643
-50.2641
-50.2637
-50.2634
-50.2636
-50.2645
-50.2664
-50.2685
-50.2684
-50.2576
-50.2135
-50.0738
-49.6739
-48.6048
-46.0802
-50.5216
-50.5256
-50.5342
-50.5481
-50.5689
-50.5989
-50.6412
-50.7009
-50.7851
-50.904
-51.0702
-51.2883
-51.4895
-51.1715
-47.4366
-45.1062
-44.7942
-44.4716
-44.1378
-43.7919
-43.4329
-43.0594
-42.6701
-42.2642
-41.8412
-41.4013
-40.9453
-40.4747
-39.9913
-39.4977
-38.9964
-38.4903
-37.9824
-37.4756
-36.973
-36.4775
-35.9921
-35.5196
-35.0625
-34.6231
-34.2035
-33.8052
-33.4294
-33.077
-32.7486
-32.4441
-32.1634
-31.906
-31.6712
-31.4582
-31.2658
-31.0931
-30.939
-30.8024
-30.6824
-30.5779
-30.4882
-30.4122
-30.3495
-30.2996
-30.2624
-30.2381
-30.2271
-30.2303
-30.2486
-30.2827
-30.3337
-30.4023
-30.4892
-30.5945
-30.7185
-30.861
-31.0215
-31.1993
-31.3937
-31.6035
-31.8278
-32.0653
-32.3151
-32.5761
-32.8473
-33.1278
-33.4169
-33.7136
-34.0172
-34.327
-34.6422
-34.9625
-35.2872
-35.6161
-35.9488
-36.285
-36.6244
-36.9667
-37.3115
-37.6586
-38.0075
-38.3581
-38.7098
-39.0621
-39.4143
-39.7653
-40.1137
-40.458
-40.796
-45.1217
-44.8097
-44.4877
-44.1551
-43.811
-43.4538
-43.0821
-42.6942
-42.289
-41.8657
-41.4247
-40.9666
-40.4931
-40.0063
-39.5089
-39.0035
-38.4932
-37.981
-37.4699
-36.963
-36.4633
-35.9739
-35.4977
-35.0373
-34.5951
-34.1731
-33.773
-33.3961
-33.043
-32.7143
-32.4102
-32.1302
-31.8739
-31.6404
-31.4287
-31.2379
-31.0667
-30.9141
-30.779
-30.6604
-30.5572
-30.4686
-30.3936
-30.3314
-30.2816
-30.2441
-30.2191
-30.2072
-30.2091
-30.2259
-30.2588
-30.3087
-30.3764
-30.4627
-30.5679
-30.6922
-30.8352
-30.9967
-31.1757
-31.3715
-31.5829
-31.8088
-32.0479
-32.2991
-32.5614
-32.8338
-33.1156
-33.4058
-33.7036
-34.0083
-34.3189
-34.635
-34.9558
-35.2811
-35.6104
-35.9435
-36.2802
-36.62
-36.9627
-37.308
-37.6555
-38.0049
-38.356
-38.7085
-39.0619
-39.4156
-39.7686
-40.1194
-40.4663
-40.8074
-45.1518
-44.8397
-44.5191
-44.1892
-43.8488
-43.4959
-43.1282
-42.7434
-42.3397
-41.9161
-41.4726
-41.0102
-40.5308
-40.037
-39.5317
-39.018
-38.4992
-37.9782
-37.4584
-36.9428
-36.4346
-35.937
-35.4532
-34.9861
-34.5382
-34.1116
-33.708
-33.3286
-32.9742
-32.6453
-32.3418
-32.0634
-31.8093
-31.5785
-31.3698
-31.182
-31.0139
-30.8644
-30.7323
-30.6165
-30.5161
-30.4299
-30.3568
-30.2959
-30.2465
-30.2084
-30.1818
-30.1676
-30.1667
-30.1806
-30.2107
-30.2582
-30.3242
-30.4094
-30.5143
-30.639
-30.7833
-30.9467
-31.1283
-31.3271
-31.5417
-31.7708
-32.013
-32.2671
-32.5321
-32.8071
-33.0912
-33.3838
-33.6839
-33.9906
-34.3031
-34.6207
-34.9427
-35.2689
-35.5991
-35.933
-36.2705
-36.6112
-36.9549
-37.301
-37.6493
-37.9995
-38.3516
-38.7055
-39.0609
-39.4175
-39.7744
-40.13
-40.4826
-40.8298
-45.1946
-44.8821
-44.5637
-44.2385
-43.9048
-43.5594
-43.1989
-42.8198
-42.4192
-41.9953
-41.548
-41.0786
-40.5895
-40.0843
-39.5667
-39.0402
-38.5083
-37.9742
-37.4411
-36.9121
-36.3908
-35.8806
-35.3851
-34.9077
-34.451
-34.0173
-33.6085
-33.2255
-32.8692
-32.54
-32.2377
-31.9619
-31.7115
-31.4851
-31.2812
-31.0983
-30.935
-30.79
-30.6623
-30.551
-30.455
-30.3727
-30.3029
-30.2442
-30.1955
-30.1564
-30.1272
-30.109
-30.1034
-30.1124
-30.1378
-30.1814
-30.2445
-30.328
-30.4324
-30.5578
-30.7041
-30.8706
-31.0564
-31.2601
-31.4799
-31.7141
-31.9611
-32.2196
-32.4885
-32.7671
-33.0548
-33.3509
-33.6545
-33.9645
-34.2799
-34.5998
-34.9235
-35.251
-35.5821
-35.9171
-36.2558
-36.598
-36.9431
-37.2906
-37.64
-37.9911
-38.3442
-38.6997
-39.0579
-39.4187
-39.7814
-40.1446
-40.5061
-40.8631
-45.2468
-44.9332
-44.618
-44.3003
-43.9774
-43.6448
-43.2967
-42.9274
-42.5323
-42.1084
-41.6554
-41.1752
-40.6718
-40.1499
-39.6146
-39.0703
-38.5208
-37.9691
-37.418
-36.8708
-36.3312
-35.8033
-35.2915
-34.7996
-34.3309
-33.8878
-33.4719
-33.0843
-32.7256
-32.3962
-32.096
-31.8242
-31.5794
-31.3598
-31.1629
-30.9869
-30.8299
-30.691
-30.5693
-30.4641
-30.3743
-30.2981
-30.2336
-30.1785
-30.131
-30.0905
-30.0572
-30.0327
-30.0196
-30.0208
-30.0391
-30.0769
-30.1358
-30.2168
-30.3204
-30.4468
-30.5959
-30.767
-30.959
-31.1699
-31.3975
-31.6392
-31.8929
-32.1571
-32.4309
-32.7141
-33.0063
-33.3072
-33.6158
-33.9306
-34.2502
-34.5731
-34.8989
-35.2275
-35.5595
-35.8956
-36.2359
-36.5803
-36.9277
-37.2771
-37.6277
-37.9795
-38.333
-38.6896
-39.0506
-39.4165
-39.7872
-40.161
-40.5354
-40.9067
-45.303
-44.9867
-44.6758
-44.3696
-44.0642
-43.7524
-43.425
-43.0724
-42.6868
-42.2635
-41.802
-41.3056
-40.7807
-40.2349
-39.6756
-39.1083
-38.5367
-37.9632
-37.3897
-36.819
-36.2551
-35.7033
-35.1693
-34.6583
-34.1743
-33.7194
-33.2951
-32.9019
-32.5403
-32.2109
-31.9137
-31.648
-31.4118
-31.202
-31.0152
-30.8483
-30.6994
-30.5677
-30.453
-30.3555
-30.2743
-30.2072
-30.1511
-30.1021
-30.0572
-30.0146
-29.9749
-29.9405
-29.9156
-29.9049
-29.9127
-29.9423
-29.9956
-30.0734
-30.176
-30.3036
-30.4563
-30.6337
-30.8344
-31.056
-31.2948
-31.5471
-31.8098
-32.0809
-32.3601
-32.6479
-32.9453
-33.2524
-33.568
-33.8899
-34.2154
-34.5424
-34.87
-35.1989
-35.5308
-35.8676
-36.2101
-36.5578
-36.9091
-37.2616
-37.6136
-37.9649
-38.3171
-38.6729
-39.0356
-39.4071
-39.788
-40.1763
-40.5685
-40.9599
-45.355
-45.0326
-44.7268
-44.4379
-44.1602
-43.8825
-43.5895
-43.2651
-42.8958
-42.4739
-41.999
-41.4772
-40.9199
-40.3398
-39.7482
-39.1526
-38.5557
-37.9576
-37.3577
-36.7575
-36.1618
-35.578
-35.0144
-34.4788
-33.9758
-33.5076
-33.0739
-32.6743
-32.3091
-31.9794
-31.6865
-31.4298
-31.2064
-31.0115
-30.8391
-30.6844
-30.5447
-30.4202
-30.3126
-30.2239
-30.1544
-30.1011
-30.0587
-30.0204
-29.9803
-29.9351
-29.8852
-29.8351
-29.7916
-29.7627
-29.7554
-29.774
-29.8205
-29.8946
-29.9958
-30.1245
-30.2813
-30.4669
-30.6802
-30.9174
-31.1729
-31.4403
-31.7146
-31.9932
-32.2768
-32.5681
-32.8705
-33.1854
-33.5112
-33.8439
-34.1784
-34.5106
-34.8392
-35.1659
-35.4951
-35.8311
-36.1764
-36.5301
-36.8885
-37.2464
-37.6
-37.9487
-38.2953
-38.646
-39.0072
-39.3839
-39.7774
-40.1854
-40.6024
-41.0217
-45.3904
-45.0546
-44.7535
-44.4899
-44.2564
-44.0349
-43.7994
-43.5223
-43.1806
-42.761
-42.2635
-41.7003
-41.092
-40.4613
-39.8269
-39.1988
-38.5768
-37.9548
-37.3262
-36.6899
-36.0517
-35.4237
-34.8198
-34.2523
-33.7277
-33.2462
-32.804
-32.3976
-32.027
-31.6956
-31.4075
-31.1639
-30.9607
-30.7889
-30.6379
-30.4991
-30.3687
-30.2487
-30.1453
-30.0653
-30.0114
-29.9798
-29.9608
-29.9417
-29.9112
-29.8626
-29.7965
-29.7204
-29.647
-29.59
-29.5609
-29.5661
-29.6058
-29.6769
-29.7766
-29.905
-30.0652
-30.2607
-30.4916
-30.7527
-31.0339
-31.3239
-31.6133
-31.8984
-32.1823
-32.4725
-32.7777
-33.1025
-33.4444
-33.7953
-34.1446
-34.4841
-34.8108
-35.1293
-35.4492
-35.7809
-36.1303
-36.4956
-36.8681
-37.237
-37.5934
-37.935
-38.2675
-38.6033
-38.9561
-39.3361
-39.7457
-40.1807
-40.6326
-41.091
-45.3905
-45.0266
-44.7263
-44.4986
-44.3355
-44.2073
-44.0693
-43.8728
-43.5775
-43.1603
-42.6227
-41.9886
-41.2965
-40.5883
-39.8969
-39.2363
-38.5983
-37.9616
-37.3063
-36.6251
-35.9275
-35.2348
-34.5732
-33.9644
-33.418
-32.9286
-32.4828
-32.0697
-31.6889
-31.3496
-31.0647
-30.8404
-30.6701
-30.5366
-30.4196
-30.3023
-30.1783
-30.0536
-29.9447
-29.8694
-29.8367
-29.8409
-29.8634
-29.88
-29.8684
-29.8158
-29.7224
-29.6025
-29.479
-29.3773
-29.3176
-29.3088
-29.3462
-29.4185
-29.5164
-29.64
-29.7985
-30.0035
-30.2599
-30.5592
-30.8827
-31.2082
-31.5182
-31.8058
-32.0786
-32.3553
-32.6569
-32.9948
-33.3647
-33.7488
-34.1251
-34.4756
-34.7942
-35.0904
-35.3861
-35.7051
-36.0613
-36.4501
-36.8529
-37.2452
-37.6077
-37.9339
-38.2347
-38.5355
-38.8656
-39.245
-39.6769
-40.1513
-40.653
-41.1664
-45.328
-44.907
-44.5945
-44.4145
-44.3645
-44.3941
-44.4233
-44.3659
-44.1497
-43.7334
-43.121
-42.3605
-41.5245
-40.6913
-39.9226
-39.2416
-38.6181
-37.9955
-37.3236
-36.5845
-35.7963
-35.0013
-34.2506
-33.587
-33.0266
-32.5485
-32.1146
-31.6959
-31.2911
-30.9258
-30.6351
-30.4396
-30.3267
-30.2612
-30.2019
-30.1157
-29.989
-29.8363
-29.6963
-29.6123
-29.6094
-29.6761
-29.775
-29.859
-29.8854
-29.8278
-29.687
-29.49
-29.28
-29.1043
-29.0013
-28.985
-29.0369
-29.1234
-29.2194
-29.3249
-29.465
-29.6727
-29.9664
-30.3309
-30.7286
-31.1152
-31.4553
-31.7345
-31.9692
-32.2025
-32.4836
-32.8413
-33.2642
-33.7137
-34.1427
-34.5129
-34.8097
-35.0521
-35.2891
-35.5757
-35.9448
-36.3845
-36.8523
-37.2963
-37.6741
-37.969
-38.2014
-38.4254
-38.7037
-39.0779
-39.5464
-40.0823
-40.6559
-41.2466
-45.1624
-44.6313
-44.2719
-44.1435
-44.2789
-44.5816
-44.9022
-45.0878
-45.0104
-44.5888
-43.8327
-42.8411
-41.7487
-40.7014
-39.8223
-39.1642
-38.6369
-38.1003
-37.4382
-36.6146
-35.6751
-34.7043
-33.8031
-33.0609
-32.5172
-32.105
-31.7247
-31.3026
-30.8366
-30.3947
-30.0688
-29.9202
-29.9152
-29.9771
-30.0233
-29.9877
-29.8374
-29.6012
-29.3674
-29.2388
-29.2821
-29.4651
-29.7084
-29.9213
-30.0235
-29.9603
-29.7326
-29.3964
-29.0317
-28.7272
-28.5601
-28.5635
-28.6778
-28.8148
-28.9089
-28.9602
-29.0341
-29.2184
-29.5711
-30.0551
-30.5905
-31.0893
-31.4803
-31.7273
-31.8617
-31.981
-32.2
-32.5936
-33.1255
-33.7082
-34.2446
-34.6561
-34.9031
-35.0216
-35.1204
-35.3275
-35.7266
-36.2782
-36.8858
-37.4422
-37.8599
-38.0935
-38.1801
-38.2368
-38.4034
-38.7746
-39.3185
-39.9587
-40.6341
-41.3271
-44.8302
-44.1083
-43.6164
-43.4924
-43.9525
-44.7433
-45.5757
-46.1884
-46.3669
-45.926
-44.8839
-43.4669
-41.9082
-40.4695
-39.404
-38.8986
-38.6691
-38.3862
-37.7857
-36.8119
-35.5993
-34.3073
-33.1269
-32.2494
-31.8185
-31.6159
-31.3952
-30.9731
-30.3476
-29.6972
-29.2475
-29.1945
-29.4077
-29.716
-29.9631
-30.0254
-29.8099
-29.3632
-28.8874
-28.6181
-28.7542
-29.1675
-29.686
-30.1437
-30.4001
-30.33
-29.9351
-29.3445
-28.6971
-28.1525
-27.8738
-27.9826
-28.2865
-28.5682
-28.6604
-28.5635
-28.4444
-28.522
-28.9867
-29.7056
-30.5051
-31.2188
-31.7129
-31.8821
-31.7763
-31.616
-31.6649
-32.1469
-32.9137
-33.7691
-34.5263
-35.036
-35.1816
-35.0194
-34.7954
-34.8024
-35.2887
-36.091
-36.9926
-37.7877
-38.3103
-38.4293
-38.2013
-37.8897
-37.8081
-38.2223
-38.9514
-39.7842
-40.5867
-41.3862
-44.1949
-43.2539
-42.4312
-42
-43.1498
-44.8452
-46.5656
-47.9142
-48.6157
-48.1288
-46.4754
-44.2967
-41.8954
-39.7003
-38.1792
-38.2361
-38.7786
-39.1296
-38.6712
-37.3535
-35.6381
-33.7499
-32.015
-30.7952
-30.7915
-31.1534
-31.356
-30.9371
-29.8948
-28.7111
-27.8554
-28.0861
-28.7637
-29.5436
-30.1693
-30.4639
-30.1159
-29.1676
-28.1109
-27.4143
-27.8277
-28.7193
-29.7515
-30.6564
-31.2477
-31.168
-30.4199
-29.375
-28.2153
-27.1953
-26.6301
-27.1211
-27.9278
-28.5947
-28.6847
-28.1989
-27.5721
-27.2685
-28.0367
-29.2402
-30.5437
-31.6648
-32.4137
-32.4332
-31.7695
-30.9499
-30.5062
-31.2903
-32.5742
-33.9713
-35.1644
-35.9399
-35.9033
-35.1059
-34.1377
-33.5867
-34.3956
-35.7602
-37.2524
-38.5251
-39.3416
-39.2644
-38.3424
-37.2106
-36.4984
-37.2158
-38.4346
-39.6527
-40.5431
-41.3096
-42.7368
-42.229
-40.6823
-38.2315
-41.5617
-44.911
-48.0911
-50.5719
-52.576
-52.0114
-48.8234
-45.4471
-41.5858
-37.9608
-34.6825
-36.8743
-39.1641
-41.0387
-40.7944
-38.4682
-35.9259
-32.9719
-30.1616
-27.59
-29.2383
-30.9208
-32.212
-31.7992
-29.6457
-27.2531
-24.8992
-26.3345
-27.9726
-29.5938
-30.8528
-31.8282
-31.2866
-29.1285
-26.8162
-24.6122
-26.213
-28.0692
-30.0009
-31.621
-33.0621
-32.9687
-31.3325
-29.5709
-27.5328
-25.5833
-23.8659
-25.8053
-27.7704
-29.4525
-29.5385
-28.0375
-26.2343
-24.4718
-26.4601
-28.631
-30.8451
-32.6468
-34.1648
-33.9681
-31.987
-29.7427
-27.5792
-29.714
-32.0718
-34.4673
-36.4037
-38.013
-37.7203
-35.4381
-32.8793
-30.4124
-32.7022
-35.2455
-37.828
-39.919
-41.6594
-41.3157
-38.7855
-35.9269
-33.1296
-35.487
-37.9185
-39.9925
-40.6773
-40.5138
-37.598
-42.7006
-40.2348
-26.1381
-39.9461
-45.2205
-50.6236
-53.9163
-60.2355
-59.6718
-51.4429
-47.296
-40.9361
-35.7221
-23.3091
-35.3716
-40.148
-45.9992
-45.9159
-39.8943
-36.807
-31.9875
-27.9646
-18.3086
-27.6361
-31.2522
-35.522
-35.1685
-29.7415
-25.7396
-16.4871
-24.2915
-27.2063
-30.166
-31.9455
-35.3776
-34.7855
-29.3121
-25.3659
-16.3319
-24.231
-27.311
-30.6996
-32.844
-37.0868
-36.9919
-32.4265
-30.1657
-26.723
-23.6378
-15.8361
-24.453
-28.0211
-32.6091
-32.678
-28.3117
-24.8384
-16.2743
-24.6207
-27.9598
-31.7405
-34.0376
-38.3855
-38.0727
-32.5838
-28.4195
-18.4625
-27.8168
-31.515
-35.6244
-38.1138
-42.8248
-42.4022
-36.1685
-31.4883
-20.3881
-30.6434
-34.6741
-39.1111
-41.8172
-46.978
-46.5148
-39.7011
-34.5544
-22.3377
-33.651
-37.9165
-42.332
-42.032
-35.9162
-41.1579
-41.5385
-41.9004
-42.2403
-42.5554
-42.8436
-43.1035
-43.3342
-43.5352
-43.7067
-43.8487
-43.9616
-44.0458
-44.1018
-44.1297
-41.1726
-41.5568
-41.9219
-42.2645
-42.5817
-42.8714
-43.1322
-43.3633
-43.5643
-43.7355
-43.8772
-43.9897
-44.0736
-44.1292
-44.157
-41.202
-41.5937
-41.9654
-42.3135
-42.6349
-42.9275
-43.19
-43.4217
-43.6228
-43.7934
-43.9342
-44.0459
-44.129
-44.1841
-44.2115
-41.2465
-41.6498
-42.032
-42.3887
-42.7164
-43.0132
-43.278
-43.5104
-43.711
-43.8806
-44.0199
-44.13
-44.2118
-44.2659
-44.2929
-41.3063
-41.7266
-42.1236
-42.4921
-42.8284
-43.1304
-43.3976
-43.6304
-43.8298
-43.9973
-44.1342
-44.242
-44.3218
-44.3744
-44.4006
-41.3823
-41.8261
-42.2433
-42.6272
-42.9739
-43.2818
-43.551
-43.7831
-43.98
-44.144
-44.2771
-44.3814
-44.4582
-44.5088
-44.5339
-41.4757
-41.9517
-42.3955
-42.799
-43.1577
-43.4712
-43.7411
-43.9704
-44.1625
-44.3208
-44.4484
-44.5476
-44.6203
-44.6681
-44.6918
-41.5889
-42.1089
-42.5877
-43.0148
-43.3864
-43.7037
-43.9711
-44.1942
-44.3782
-44.5279
-44.6473
-44.7396
-44.8069
-44.8509
-44.8727
-41.7262
-42.3068
-42.8312
-43.2859
-43.6688
-43.9855
-44.245
-44.4564
-44.6274
-44.7646
-44.8729
-44.9558
-45.0161
-45.0554
-45.0748
-41.8946
-42.5606
-43.144
-43.6283
-44.017
-44.3244
-44.5667
-44.7583
-44.9099
-45.0296
-45.1231
-45.1942
-45.2457
-45.2791
-45.2956
-42.1051
-42.8966
-43.5557
-44.0657
-44.4464
-44.7282
-44.9391
-45.0997
-45.2237
-45.3202
-45.3949
-45.4516
-45.4926
-45.5192
-45.5324
-42.3728
-43.3645
-44.1156
-44.6313
-44.9739
-45.203
-45.3619
-45.4774
-45.5645
-45.6318
-45.6841
-45.7241
-45.7531
-45.7722
-45.7816
-42.7187
-44.0721
-44.9102
-45.3683
-45.6128
-45.7472
-45.8281
-45.8832
-45.9247
-45.958
-45.9851
-46.0067
-46.0231
-46.0341
-46.0396
-43.2303
-45.2943
-46.0861
-46.3194
-46.3597
-46.3441
-46.3202
-46.3024
-46.2928
-46.2897
-46.2908
-46.294
-46.2977
-46.3007
-46.3024
-44.6491
-47.7868
-47.8195
-47.4637
-47.1608
-46.9481
-46.806
-46.7134
-46.6541
-46.6167
-46.5938
-46.5801
-46.5722
-46.5681
-46.5663
-50.7534
-50.7611
-50.777
-50.8027
-50.8404
-50.8938
-50.9688
-51.0747
-51.2269
-51.453
-51.8078
-52.4168
-53.6295
-56.6562
-66.5971
-50.9588
-50.9693
-50.991
-51.0256
-51.076
-51.1469
-51.2452
-51.3823
-51.5771
-51.8628
-52.3018
-53.0232
-54.3148
-56.8411
-61.9435
-51.1568
-51.1695
-51.1958
-51.2374
-51.2975
-51.3807
-51.4944
-51.6498
-51.8643
-52.1659
-52.5995
-53.2333
-54.1426
-55.2369
-55.2861
-51.3458
-51.3602
-51.3897
-51.4362
-51.5026
-51.5933
-51.7147
-51.8762
-52.091
-52.3773
-52.7578
-53.252
-53.842
-54.3583
-54.2134
-51.5247
-51.5401
-51.5717
-51.6211
-51.6908
-51.7845
-51.9071
-52.0656
-52.2679
-52.5231
-52.8369
-53.204
-53.5923
-53.9387
-54.3258
-51.6927
-51.7087
-51.7413
-51.7918
-51.8622
-51.9553
-52.0747
-52.2244
-52.4082
-52.6279
-52.8786
-53.1412
-53.3717
-53.4906
-53.4252
-51.8494
-51.8655
-51.8982
-51.9484
-52.0176
-52.1078
-52.2212
-52.3595
-52.5237
-52.7109
-52.9114
-53.1008
-53.2286
-53.1702
-52.4811
-51.9948
-52.0107
-52.0427
-52.0916
-52.1584
-52.2442
-52.3502
-52.4768
-52.623
-52.7846
-52.9512
-53.1033
-53.2148
-53.2876
-53.6665
-52.129
-52.1444
-52.1753
-52.2222
-52.2857
-52.3664
-52.4648
-52.5805
-52.7118
-52.8546
-53.0003
-53.1339
-53.228
-53.1921
-52.5114
-52.2524
-52.2671
-52.2965
-52.341
-52.4009
-52.4763
-52.5673
-52.6733
-52.7926
-52.9224
-53.0573
-53.1919
-53.3314
-53.5441
-54.3337
-52.3654
-52.3793
-52.4071
-52.449
-52.5051
-52.5753
-52.6594
-52.7568
-52.8664
-52.9862
-53.1137
-53.2466
-53.3838
-53.495
-53.259
-52.4686
-52.4816
-52.5078
-52.547
-52.5992
-52.6644
-52.7421
-52.8319
-52.933
-53.0445
-53.1657
-53.2981
-53.4544
-53.6868
-54.3093
-52.5624
-52.5746
-52.5991
-52.6357
-52.6842
-52.7446
-52.8164
-52.8993
-52.9926
-53.0959
-53.209
-53.3331
-53.4721
-53.6073
-53.5083
-52.6475
-52.6589
-52.6817
-52.7158
-52.7608
-52.8167
-52.883
-52.9593
-53.0452
-53.1402
-53.2438
-53.3576
-53.4923
-53.6903
-54.1809
-52.7245
-52.7351
-52.7563
-52.7879
-52.8297
-52.8814
-52.9426
-53.0129
-53.0916
-53.1781
-53.2707
-53.3677
-53.4685
-53.5695
-53.6575
-52.7938
-52.8037
-52.8234
-52.8528
-52.8915
-52.9393
-52.9958
-53.0605
-53.1327
-53.2114
-53.2938
-53.3751
-53.4446
-53.4574
-53.1983
-52.856
-52.8652
-52.8835
-52.9108
-52.9467
-52.991
-53.0433
-53.103
-53.1695
-53.2416
-53.3168
-53.3906
-53.4601
-53.5338
-53.7664
-52.9116
-52.9202
-52.9372
-52.9625
-52.9959
-53.037
-53.0854
-53.1408
-53.2025
-53.2695
-53.3396
-53.4092
-53.4726
-53.4992
-53.2952
-52.9609
-52.9689
-52.9848
-53.0084
-53.0395
-53.0777
-53.1228
-53.1743
-53.2319
-53.2948
-53.3619
-53.432
-53.5105
-53.6244
-53.9537
-53.0045
-53.0119
-53.0268
-53.0488
-53.0778
-53.1134
-53.1555
-53.2036
-53.2576
-53.317
-53.3809
-53.4489
-53.524
-53.5996
-53.5762
-53.0425
-53.0495
-53.0634
-53.084
-53.1112
-53.1445
-53.1839
-53.229
-53.2797
-53.3356
-53.396
-53.461
-53.5369
-53.6432
-53.8801
-53.0755
-53.082
-53.0951
-53.1144
-53.1399
-53.1713
-53.2082
-53.2506
-53.2982
-53.3506
-53.4068
-53.4656
-53.5286
-53.5954
-53.6582
-53.1035
-53.1097
-53.122
-53.1403
-53.1643
-53.1939
-53.2287
-53.2687
-53.3135
-53.3627
-53.4147
-53.4672
-53.5177
-53.55
-53.4836
-53.127
-53.1328
-53.1445
-53.1618
-53.1846
-53.2126
-53.2456
-53.2834
-53.3259
-53.3723
-53.4212
-53.4701
-53.5194
-53.5725
-53.6804
-53.146
-53.1516
-53.1627
-53.1792
-53.2009
-53.2276
-53.259
-53.2951
-53.3356
-53.3799
-53.4264
-53.4727
-53.5185
-53.5564
-53.5425
-53.1609
-53.1662
-53.1769
-53.1926
-53.2134
-53.239
-53.2691
-53.3038
-53.3427
-53.3854
-53.4304
-53.4758
-53.523
-53.5758
-53.6663
-53.1717
-53.1768
-53.1871
-53.2023
-53.2223
-53.2469
-53.2761
-53.3096
-53.3474
-53.3889
-53.433
-53.4775
-53.5236
-53.5683
-53.59
-53.1786
-53.1836
-53.1935
-53.2082
-53.2276
-53.2515
-53.2798
-53.3125
-53.3495
-53.3903
-53.4338
-53.4781
-53.5251
-53.5762
-53.6423
-53.1817
-53.1865
-53.1962
-53.2105
-53.2294
-53.2528
-53.2805
-53.3126
-53.349
-53.3895
-53.4327
-53.477
-53.5236
-53.5732
-53.6356
-53.181
-53.1858
-53.1952
-53.2093
-53.2278
-53.2507
-53.278
-53.3097
-53.3458
-53.3862
-53.4296
-53.4741
-53.5199
-53.5608
-53.5673
-53.1767
-53.1814
-53.1907
-53.2045
-53.2228
-53.2454
-53.2724
-53.3039
-53.3399
-53.3804
-53.4243
-53.4702
-53.5197
-53.5715
-53.6176
-53.1688
-53.1734
-53.1826
-53.1963
-53.2144
-53.2368
-53.2636
-53.2949
-53.3309
-53.3716
-53.4162
-53.4638
-53.5179
-53.5853
-53.7048
-53.1572
-53.1618
-53.171
-53.1846
-53.2026
-53.2249
-53.2516
-53.2828
-53.3188
-53.3596
-53.4046
-53.4528
-53.5069
-53.5624
-53.567
-53.1421
-53.1467
-53.1558
-53.1694
-53.1874
-53.2097
-53.2363
-53.2675
-53.3035
-53.3442
-53.3891
-53.4376
-53.495
-53.5741
-53.75
-53.1234
-53.128
-53.1372
-53.1508
-53.1688
-53.1911
-53.2178
-53.249
-53.2849
-53.3254
-53.3696
-53.4163
-53.4681
-53.5179
-53.4806
-53.1012
-53.1058
-53.115
-53.1286
-53.1467
-53.1692
-53.1961
-53.2274
-53.2633
-53.3036
-53.3468
-53.3914
-53.4426
-53.5212
-53.77
-53.0753
-53.0799
-53.0892
-53.103
-53.1213
-53.144
-53.1711
-53.2027
-53.2389
-53.2791
-53.3213
-53.362
-53.3981
-53.4057
-53.2321
-53.0458
-53.0505
-53.0598
-53.0738
-53.0923
-53.1153
-53.1429
-53.1751
-53.2118
-53.2526
-53.2952
-53.3357
-53.3733
-53.4154
-53.5842
-53.0126
-53.0173
-53.0268
-53.041
-53.0598
-53.0833
-53.1114
-53.1443
-53.1821
-53.2244
-53.269
-53.3114
-53.3452
-53.3363
-53.1183
-52.9756
-52.9804
-52.9901
-53.0045
-53.0237
-53.0476
-53.0764
-53.1102
-53.1494
-53.1939
-53.2425
-53.2931
-53.347
-53.4015
-53.4471
-52.9348
-52.9398
-52.9496
-52.9643
-52.9839
-53.0083
-53.0378
-53.0725
-53.1132
-53.1601
-53.213
-53.2724
-53.3482
-53.472
-53.8133
-52.8902
-52.8952
-52.9053
-52.9203
-52.9402
-52.9652
-52.9953
-53.0309
-53.0728
-53.1214
-53.1771
-53.2403
-53.3162
-53.3908
-53.2944
-52.8416
-52.8467
-52.857
-52.8723
-52.8926
-52.9181
-52.9488
-52.9852
-53.0278
-53.0774
-53.1341
-53.1994
-53.2852
-53.4275
-53.8419
-52.789
-52.7942
-52.8047
-52.8203
-52.8411
-52.867
-52.8983
-52.9353
-52.9783
-53.0277
-53.0832
-53.1443
-53.2148
-53.2744
-53.0985
-52.7323
-52.7377
-52.7483
-52.7642
-52.7854
-52.8119
-52.8438
-52.8812
-52.9244
-52.9733
-53.0265
-53.0828
-53.152
-53.284
-53.8233
-52.6714
-52.6769
-52.6878
-52.704
-52.7257
-52.7527
-52.7852
-52.8232
-52.8669
-52.9154
-52.9658
-53.0122
-53.0455
-53.01
-52.5508
-52.6063
-52.6119
-52.623
-52.6396
-52.6617
-52.6894
-52.7226
-52.7616
-52.8062
-52.8554
-52.9059
-52.9509
-52.9867
-53.0294
-53.3432
-52.5368
-52.5425
-52.5538
-52.5708
-52.5934
-52.6218
-52.6559
-52.6961
-52.7424
-52.794
-52.8478
-52.8959
-52.9231
-52.8595
-52.3636
-52.4629
-52.4687
-52.4803
-52.4976
-52.5207
-52.5498
-52.5849
-52.6265
-52.6751
-52.7306
-52.7916
-52.8554
-52.9227
-52.989
-53.0418
-52.3845
-52.3904
-52.4022
-52.4198
-52.4434
-52.4731
-52.5092
-52.5523
-52.6031
-52.6627
-52.7315
-52.8124
-52.923
-53.1269
-53.7629
-52.3015
-52.3075
-52.3194
-52.3374
-52.3615
-52.3917
-52.4286
-52.4728
-52.5253
-52.5876
-52.6611
-52.7487
-52.8584
-52.964
-52.7421
-52.2138
-52.2199
-52.232
-52.2502
-52.2746
-52.3054
-52.3428
-52.3876
-52.4409
-52.5042
-52.5789
-52.6697
-52.7968
-53.0274
-53.7634
-52.1214
-52.1275
-52.1398
-52.1583
-52.1829
-52.2139
-52.2517
-52.2967
-52.3498
-52.412
-52.4835
-52.5656
-52.6632
-52.739
-52.3827
-52.0242
-52.0304
-52.0428
-52.0614
-52.0862
-52.1175
-52.1554
-52.2003
-52.2527
-52.3126
-52.3787
-52.4507
-52.5447
-52.7498
-53.6805
-51.9223
-51.9285
-51.9409
-51.9596
-51.9846
-52.016
-52.0541
-52.0989
-52.1506
-52.2082
-52.2677
-52.3205
-52.3491
-52.2558
-51.4153
-51.8154
-51.8217
-51.8342
-51.8529
-51.878
-51.9096
-51.9479
-51.9929
-52.0447
-52.1018
-52.1592
-52.2072
-52.238
-52.2798
-52.7888
-51.7037
-51.71
-51.7225
-51.7413
-51.7664
-51.7982
-51.8367
-51.8824
-51.9353
-51.9945
-52.0551
-52.1058
-52.1194
-51.9784
-51.1062
-51.5872
-51.5934
-51.6059
-51.6246
-51.6498
-51.6816
-51.7205
-51.767
-51.8219
-51.8854
-51.9558
-52.03
-52.1082
-52.1836
-52.2409
-51.4658
-51.4719
-51.4843
-51.5029
-51.528
-51.5597
-51.5988
-51.646
-51.7027
-51.7707
-51.8517
-51.9516
-52.0989
-52.4005
-53.4223
-51.3395
-51.3456
-51.3578
-51.3762
-51.401
-51.4324
-51.4713
-51.5185
-51.576
-51.6462
-51.7323
-51.8404
-51.9824
-52.1161
-51.7152
-51.2085
-51.2145
-51.2265
-51.2445
-51.2687
-51.2996
-51.3377
-51.3842
-51.4407
-51.5099
-51.5953
-51.7056
-51.8718
-52.2021
-53.3413
-51.0729
-51.0787
-51.0903
-51.1078
-51.1314
-51.1614
-51.1982
-51.2429
-51.2968
-51.3616
-51.4389
-51.532
-51.6473
-51.7253
-51.1157
-50.9326
-50.9382
-50.9495
-50.9664
-50.9891
-51.0179
-51.0532
-51.0955
-51.1456
-51.2038
-51.2692
-51.3429
-51.4488
-51.7249
-53.1235
-50.7879
-50.7933
-50.8041
-50.8203
-50.8421
-50.8696
-50.9031
-50.9429
-50.989
-51.0403
-51.0916
-51.1314
-51.132
-50.944
-49.6079
-50.6389
-50.6441
-50.6543
-50.6698
-50.6905
-50.7166
-50.7484
-50.786
-50.8292
-50.8759
-50.9197
-50.9472
-50.9462
-50.9595
-51.673
-50.4858
-50.4907
-50.5004
-50.515
-50.5346
-50.5593
-50.5895
-50.6255
-50.6671
-50.7129
-50.7568
-50.7828
-50.7504
-50.4877
-49.1472
-50.3288
-50.3334
-50.3425
-50.3562
-50.3746
-50.3979
-50.4265
-50.4611
-50.5024
-50.5506
-50.604
-50.6589
-50.7146
-50.7633
-50.7912
-50.1681
-50.1723
-50.1808
-50.1935
-50.2106
-50.2323
-50.2592
-50.2922
-50.333
-50.3839
-50.4479
-50.5344
-50.6837
-51.0523
-52.4617
-50.0038
-50.0077
-50.0155
-50.0272
-50.0428
-50.0627
-50.0875
-50.1182
-50.157
-50.2072
-50.2739
-50.3663
-50.5005
-50.6174
-49.976
-49.8363
-49.8398
-49.8469
-49.8575
-49.8716
-49.8894
-49.9114
-49.9387
-49.9732
-50.0184
-50.0796
-50.1693
-50.3293
-50.7081
-52.1943
-49.6657
-49.6689
-49.6753
-49.6848
-49.6972
-49.7127
-49.7315
-49.7542
-49.7823
-49.8178
-49.8632
-49.9235
-50.0062
-50.0286
-49.1097
-49.4924
-49.4953
-49.501
-49.5094
-49.5202
-49.5333
-49.5487
-49.5663
-49.5866
-49.6094
-49.634
-49.6623
-49.7249
-50.0017
-51.7363
-49.3164
-49.319
-49.3242
-49.3316
-49.341
-49.352
-49.3641
-49.3768
-49.3893
-49.3991
-49.3999
-49.3772
-49.295
-48.9612
-47.14
-49.138
-49.1405
-49.1452
-49.1519
-49.1602
-49.1694
-49.1789
-49.1876
-49.194
-49.1944
-49.1797
-49.1334
-49.0399
-48.9526
-49.721
-48.9574
-48.9598
-48.9643
-48.9706
-48.9781
-48.9862
-48.994
-49.0003
-49.0033
-48.9993
-48.9791
-48.9225
-48.7803
-48.3488
-46.6185
-48.7746
-48.777
-48.7815
-48.7877
-48.7951
-48.8028
-48.81
-48.8154
-48.8177
-48.8146
-48.8013
-48.7712
-48.7216
-48.6457
-48.5462
-48.5896
-48.5921
-48.5969
-48.6035
-48.6113
-48.6194
-48.627
-48.6329
-48.6362
-48.6362
-48.6329
-48.6334
-48.6813
-48.9578
-50.4121
-48.4023
-48.405
-48.4104
-48.4178
-48.4267
-48.4361
-48.445
-48.4523
-48.4572
-48.4593
-48.4594
-48.4628
-48.4821
-48.451
-47.5652
-48.2124
-48.2156
-48.2218
-48.2305
-48.2411
-48.2526
-48.2639
-48.2736
-48.2803
-48.283
-48.2812
-48.2812
-48.3181
-48.5365
-49.8404
-48.0198
-48.0236
-48.0309
-48.0413
-48.0543
-48.0689
-48.0838
-48.0972
-48.1066
-48.1089
-48.0995
-48.0739
-48.028
-47.8673
-46.7264
-47.8241
-47.8285
-47.8371
-47.8498
-47.8659
-47.8846
-47.9047
-47.9237
-47.9382
-47.9423
-47.9265
-47.8807
-47.8178
-47.8775
-49.1293
-47.6247
-47.6298
-47.64
-47.6552
-47.6751
-47.699
-47.726
-47.7535
-47.7772
-47.7887
-47.7719
-47.6994
-47.5225
-47.0588
-45.2712
-47.4212
-47.4271
-47.4389
-47.4567
-47.4808
-47.511
-47.5467
-47.5862
-47.6251
-47.654
-47.6535
-47.5908
-47.4263
-47.1584
-47.3164
-47.2131
-47.2196
-47.2329
-47.2534
-47.2818
-47.3187
-47.3647
-47.4195
-47.4802
-47.5388
-47.5759
-47.5529
-47.402
-46.9611
-45.6516
-46.9999
-47.0069
-47.0213
-47.044
-47.0762
-47.1197
-47.1765
-47.2487
-47.337
-47.4379
-47.5377
-47.604
-47.579
-47.3658
-46.9114
-46.7813
-46.7885
-46.8034
-46.8274
-46.8622
-46.911
-46.9775
-47.067
-47.1853
-47.337
-47.5204
-47.7183
-47.8868
-47.937
-47.8629
-46.5572
-46.5641
-46.5787
-46.6025
-46.6381
-46.6895
-46.7625
-46.8655
-47.0106
-47.2133
-47.4906
-47.8532
-48.2769
-48.5935
-48.3474
-46.3277
-46.3339
-46.3471
-46.369
-46.4026
-46.4526
-46.5264
-46.635
-46.7961
-47.0369
-47.3993
-47.9456
-48.7413
-49.6399
-49.0904
-46.0934
-46.0983
-46.1088
-46.1267
-46.1551
-46.1989
-46.2658
-46.3683
-46.5265
-46.7752
-47.178
-47.8649
-49.1343
-51.6907
-57.1837
-45.8553
-45.8582
-45.8647
-45.8765
-45.8964
-45.9287
-45.9805
-46.0629
-46.1941
-46.4058
-46.7571
-47.3797
-48.6337
-51.7011
-61.3736
-62.7659
-52.9166
-49.7646
-48.4642
-47.8104
-47.4361
-47.206
-47.0596
-46.9647
-46.9028
-46.8624
-46.8362
-46.8198
-46.8103
-46.8059
-58.8754
-52.9283
-50.2474
-48.9247
-48.2049
-47.7787
-47.5117
-47.3386
-47.2242
-47.1476
-47.0961
-47.0618
-47.0397
-47.0264
-47.0202
-49.8017
-50.6705
-49.7874
-48.9664
-48.3937
-48.01
-47.7521
-47.5771
-47.4572
-47.3746
-47.3175
-47.2785
-47.2528
-47.2371
-47.2297
-49.4508
-49.6282
-49.2847
-48.8355
-48.4494
-48.1531
-47.9349
-47.7774
-47.6643
-47.5834
-47.5258
-47.4855
-47.4583
-47.4415
-47.4335
-48.9833
-48.9466
-48.8558
-48.6605
-48.441
-48.2409
-48.0759
-47.9469
-47.8489
-47.7756
-47.7216
-47.6828
-47.6561
-47.6393
-47.6312
-47.7334
-48.3015
-48.4999
-48.502
-48.417
-48.3035
-48.1919
-48.0951
-48.0162
-47.9541
-47.9065
-47.8712
-47.8463
-47.8305
-47.8228
-46.9101
-47.912
-48.2807
-48.4039
-48.411
-48.3638
-48.2977
-48.2311
-48.1717
-48.122
-48.0823
-48.0518
-48.0298
-48.0155
-48.0085
-47.9204
-47.961
-48.2323
-48.3861
-48.4407
-48.4363
-48.4039
-48.3622
-48.3204
-48.2828
-48.2511
-48.2259
-48.2073
-48.1949
-48.1888
-46.3868
-47.8487
-48.2659
-48.4371
-48.5095
-48.5275
-48.5169
-48.4935
-48.466
-48.439
-48.415
-48.395
-48.3798
-48.3695
-48.3644
-49.3589
-48.4609
-48.4706
-48.5565
-48.6139
-48.6376
-48.6388
-48.6278
-48.6112
-48.5929
-48.5754
-48.5602
-48.5482
-48.54
-48.5358
-47.4472
-48.4417
-48.6227
-48.6955
-48.7398
-48.7624
-48.7692
-48.7661
-48.7573
-48.7458
-48.7338
-48.7226
-48.7135
-48.7071
-48.7038
-50.0053
-48.9862
-48.8504
-48.8541
-48.8787
-48.8974
-48.9067
-48.9086
-48.9053
-48.8988
-48.8909
-48.8831
-48.8764
-48.8715
-48.8689
-48.1245
-48.916
-48.9817
-48.9978
-49.0196
-49.0381
-49.0496
-49.0548
-49.0553
-49.0524
-49.0476
-49.0422
-49.0373
-49.0336
-49.0317
-50.5504
-49.3488
-49.1479
-49.1373
-49.1609
-49.1826
-49.1968
-49.2046
-49.2074
-49.2068
-49.2041
-49.2005
-49.1969
-49.1941
-49.1925
-48.9683
-49.0854
-49.1822
-49.2528
-49.3015
-49.3315
-49.3487
-49.3579
-49.3619
-49.3624
-49.3608
-49.3581
-49.3553
-49.353
-49.3518
-47.3118
-48.835
-49.2352
-49.3832
-49.4532
-49.4884
-49.5062
-49.515
-49.5186
-49.5191
-49.5176
-49.5152
-49.5127
-49.5107
-49.5096
-50.0052
-49.3633
-49.4636
-49.5674
-49.6271
-49.6565
-49.6701
-49.6758
-49.6775
-49.6767
-49.6746
-49.6719
-49.6693
-49.6672
-49.6661
-47.7505
-49.3751
-49.69
-49.7822
-49.8198
-49.8348
-49.8395
-49.8397
-49.8379
-49.8349
-49.8314
-49.8279
-49.8248
-49.8225
-49.8213
-51.8035
-50.2953
-50.0712
-50.0346
-50.0262
-50.0195
-50.0121
-50.0052
-49.9989
-49.993
-49.9877
-49.983
-49.9792
-49.9765
-49.9751
-49.4819
-50.3227
-50.3227
-50.2672
-50.2295
-50.2036
-50.1846
-50.1704
-50.1594
-50.1505
-50.143
-50.137
-50.1322
-50.129
-50.1273
-52.2411
-50.9328
-50.6129
-50.4873
-50.4226
-50.382
-50.3539
-50.3336
-50.3184
-50.3065
-50.2969
-50.2894
-50.2837
-50.2798
-50.2779
-50.258
-50.8555
-50.7685
-50.6649
-50.597
-50.5509
-50.5178
-50.4934
-50.4749
-50.4604
-50.4489
-50.4399
-50.4332
-50.4287
-50.4265
-52.5122
-51.2525
-50.9359
-50.8175
-50.7542
-50.7099
-50.6759
-50.6494
-50.6285
-50.6119
-50.5987
-50.5883
-50.5807
-50.5755
-50.573
-51.0027
-50.9935
-50.966
-50.9316
-50.8962
-50.861
-50.8288
-50.8015
-50.779
-50.7606
-50.7459
-50.7343
-50.7257
-50.72
-50.7172
-49.5065
-50.746
-51.0013
-51.0461
-51.0362
-51.009
-50.9785
-50.9505
-50.9265
-50.9065
-50.8904
-50.8777
-50.8682
-50.8619
-50.8588
-51.8198
-51.1809
-51.1832
-51.1984
-51.1862
-51.1584
-51.1265
-51.0968
-51.071
-51.0495
-51.0319
-51.0181
-51.0079
-51.0011
-50.9977
-49.9201
-51.1693
-51.3566
-51.3695
-51.3451
-51.3097
-51.2733
-51.2405
-51.2125
-51.1892
-51.1704
-51.1556
-51.1446
-51.1374
-51.1338
-53.1757
-51.8941
-51.6514
-51.5661
-51.5098
-51.4609
-51.4176
-51.381
-51.3505
-51.3256
-51.3055
-51.2898
-51.2782
-51.2706
-51.2668
-51.3121
-51.8964
-51.8371
-51.7424
-51.6675
-51.6071
-51.5576
-51.5173
-51.4846
-51.4581
-51.437
-51.4206
-51.4085
-51.4005
-51.3965
-53.3984
-52.3445
-52.0478
-51.9047
-51.8133
-51.745
-51.6912
-51.6484
-51.6142
-51.5867
-51.5648
-51.5478
-51.5354
-51.5271
-51.523
-51.8742
-52.2658
-52.1522
-52.0309
-51.9411
-51.8721
-51.8174
-51.7738
-51.7389
-51.7109
-51.6887
-51.6714
-51.6587
-51.6503
-51.6462
-53.4949
-52.5367
-52.2623
-52.1351
-52.0526
-51.9883
-51.9359
-51.8933
-51.8587
-51.8309
-51.8086
-51.7913
-51.7785
-51.77
-51.7659
-52.3774
-52.3318
-52.2704
-52.2079
-52.1496
-52.0955
-52.0476
-52.0073
-51.9738
-51.9465
-51.9245
-51.9074
-51.8947
-51.8863
-51.8821
-51.298
-52.1367
-52.2797
-52.2777
-52.2417
-52.1974
-52.1544
-52.1165
-52.0846
-52.0581
-52.0367
-52.0198
-52.0073
-51.9991
-51.9949
-52.9076
-52.4238
-52.39
-52.3709
-52.3379
-52.2976
-52.2576
-52.2219
-52.1914
-52.1659
-52.1451
-52.1287
-52.1165
-52.1084
-52.1044
-51.5946
-52.3975
-52.4903
-52.4734
-52.4372
-52.3968
-52.358
-52.3238
-52.2945
-52.2701
-52.25
-52.2342
-52.2223
-52.2144
-52.2105
-53.7643
-52.8631
-52.6672
-52.5892
-52.5378
-52.494
-52.4554
-52.4223
-52.3943
-52.3708
-52.3516
-52.3363
-52.3248
-52.3172
-52.3134
-52.5324
-52.8379
-52.7625
-52.6863
-52.6311
-52.5868
-52.5492
-52.5174
-52.4907
-52.4683
-52.4499
-52.4352
-52.4241
-52.4167
-52.413
-53.862
-53.0763
-52.8587
-52.7685
-52.7153
-52.674
-52.639
-52.6092
-52.584
-52.5627
-52.5451
-52.531
-52.5204
-52.5132
-52.5097
-52.9761
-52.9191
-52.8668
-52.8249
-52.7894
-52.7561
-52.7253
-52.698
-52.6743
-52.6542
-52.6374
-52.6239
-52.6136
-52.6068
-52.6033
-52.1358
-52.7576
-52.868
-52.8765
-52.8603
-52.8356
-52.8092
-52.7843
-52.7622
-52.7431
-52.727
-52.7139
-52.7041
-52.6974
-52.6941
-53.3164
-52.9503
-52.9404
-52.9449
-52.9355
-52.9156
-52.892
-52.8689
-52.8479
-52.8295
-52.8139
-52.8013
-52.7917
-52.7853
-52.782
-52.3107
-52.8946
-53.003
-53.0228
-53.0161
-52.9975
-52.9747
-52.9521
-52.9316
-52.9136
-52.8984
-52.8861
-52.8767
-52.8704
-52.8672
-53.6124
-53.1682
-53.1276
-53.1187
-53.1035
-53.0815
-53.0572
-53.0341
-53.0134
-52.9955
-52.9804
-52.9683
-52.9591
-52.9529
-52.9498
-52.5216
-53.1604
-53.2304
-53.2187
-53.1941
-53.1663
-53.139
-53.1145
-53.0932
-53.0751
-53.06
-53.0479
-53.0388
-53.0327
-53.0296
-54.2724
-53.5468
-53.3904
-53.3273
-53.2854
-53.2499
-53.219
-53.1927
-53.1706
-53.1522
-53.1371
-53.1251
-53.116
-53.11
-53.1069
-53.2533
-53.5371
-53.4857
-53.421
-53.3706
-53.3297
-53.2959
-53.2682
-53.2454
-53.2268
-53.2116
-53.1996
-53.1906
-53.1846
-53.1817
-54.3236
-53.7593
-53.5906
-53.5045
-53.4476
-53.4039
-53.3687
-53.3403
-53.3173
-53.2986
-53.2835
-53.2716
-53.2627
-53.2568
-53.2538
-53.5105
-53.7059
-53.6383
-53.5675
-53.5139
-53.4714
-53.4368
-53.4088
-53.3861
-53.3676
-53.3527
-53.341
-53.3322
-53.3264
-53.3235
-54.3311
-53.8342
-53.6885
-53.6184
-53.5711
-53.5327
-53.5004
-53.4737
-53.4518
-53.4338
-53.4193
-53.4078
-53.3993
-53.3936
-53.3908
-53.7383
-53.7177
-53.6865
-53.6532
-53.6207
-53.5891
-53.5603
-53.5355
-53.5146
-53.4973
-53.4833
-53.4722
-53.4639
-53.4584
-53.4556
-53.165
-53.6078
-53.6863
-53.6871
-53.6681
-53.6429
-53.6174
-53.5945
-53.5749
-53.5584
-53.5449
-53.5341
-53.5261
-53.5208
-53.5181
-53.9901
-53.75
-53.7404
-53.7346
-53.7185
-53.6962
-53.6729
-53.6514
-53.6328
-53.6171
-53.6041
-53.5938
-53.586
-53.5809
-53.5783
-53.2865
-53.7312
-53.792
-53.789
-53.7718
-53.7496
-53.727
-53.7064
-53.6886
-53.6736
-53.6611
-53.6512
-53.6438
-53.6388
-53.6363
-54.4383
-53.9783
-53.8882
-53.8531
-53.8273
-53.8027
-53.7798
-53.7597
-53.7424
-53.7279
-53.716
-53.7065
-53.6993
-53.6945
-53.6921
-53.7553
-53.9678
-53.9463
-53.9105
-53.8805
-53.854
-53.8308
-53.8109
-53.7942
-53.7803
-53.7688
-53.7597
-53.7528
-53.7482
-53.7459
-54.4924
-54.1189
-54.0146
-53.9638
-53.9299
-53.9025
-53.8794
-53.8601
-53.844
-53.8307
-53.8197
-53.8109
-53.8044
-53.7999
-53.7977
-53.9308
-54.0823
-54.0461
-54.005
-53.9735
-53.9475
-53.9255
-53.9071
-53.8918
-53.8791
-53.8686
-53.8603
-53.854
-53.8497
-53.8476
-54.519
-54.1753
-54.0812
-54.0394
-54.012
-53.9891
-53.9691
-53.9521
-53.9378
-53.9257
-53.9158
-53.9078
-53.9017
-53.8977
-53.8956
-54.1002
-54.0942
-54.0802
-54.0636
-54.0462
-54.0281
-54.0107
-53.9953
-53.982
-53.9707
-53.9612
-53.9536
-53.9477
-53.9438
-53.9418
-53.69
-54.0178
-54.0813
-54.088
-54.0798
-54.066
-54.051
-54.0371
-54.0247
-54.0141
-54.0051
-53.9977
-53.9921
-53.9883
-53.9863
-54.2956
-54.1245
-54.122
-54.1227
-54.116
-54.1042
-54.0907
-54.0778
-54.0662
-54.0561
-54.0474
-54.0403
-54.0348
-54.031
-54.0291
-53.7851
-54.1134
-54.1605
-54.1625
-54.1547
-54.1429
-54.13
-54.1178
-54.1067
-54.0968
-54.0884
-54.0813
-54.0759
-54.0722
-54.0703
-54.6382
-54.2967
-54.2307
-54.2087
-54.195
-54.1819
-54.169
-54.157
-54.1461
-54.1364
-54.128
-54.1209
-54.1154
-54.1117
-54.1098
-54.1452
-54.2882
-54.2704
-54.2491
-54.2338
-54.2202
-54.2074
-54.1955
-54.1847
-54.1749
-54.1664
-54.1591
-54.1535
-54.1496
-54.1476
-54.7046
-54.3908
-54.3128
-54.2852
-54.2703
-54.2575
-54.2451
-54.2334
-54.2224
-54.2124
-54.2035
-54.1959
-54.1899
-54.1858
-54.1837
-54.3379
-54.3291
-54.3202
-54.3125
-54.3043
-54.294
-54.2825
-54.2708
-54.2595
-54.2489
-54.2394
-54.2312
-54.2248
-54.2203
-54.218
-53.9811
-54.2669
-54.3271
-54.3398
-54.3387
-54.3309
-54.3199
-54.3079
-54.2959
-54.2845
-54.274
-54.2651
-54.258
-54.253
-54.2505
-54.5098
-54.3607
-54.367
-54.3766
-54.3769
-54.3695
-54.3582
-54.3452
-54.3319
-54.3191
-54.3074
-54.2973
-54.2893
-54.2838
-54.2809
-54.0653
-54.3461
-54.4049
-54.4197
-54.4193
-54.4106
-54.3975
-54.3827
-54.3675
-54.3528
-54.3394
-54.3279
-54.3187
-54.3123
-54.309
-54.6812
-54.4853
-54.4734
-54.4731
-54.4668
-54.4543
-54.4381
-54.4204
-54.4026
-54.3855
-54.3699
-54.3564
-54.3458
-54.3384
-54.3346
-54.1844
-54.4961
-54.5341
-54.5304
-54.5176
-54.5
-54.4797
-54.4584
-54.4372
-54.4169
-54.3986
-54.3828
-54.3704
-54.3617
-54.3573
-55.0403
-54.6966
-54.6238
-54.5939
-54.571
-54.5473
-54.5221
-54.4964
-54.471
-54.4469
-54.4252
-54.4066
-54.392
-54.3819
-54.3767
-54.5718
-54.7086
-54.6837
-54.6525
-54.6242
-54.5953
-54.565
-54.5341
-54.5038
-54.4752
-54.4494
-54.4274
-54.4102
-54.3983
-54.3923
-55.1458
-54.8324
-54.7482
-54.7088
-54.6771
-54.6439
-54.6082
-54.5715
-54.5353
-54.5013
-54.4707
-54.4447
-54.4245
-54.4105
-54.4034
-54.8057
-54.7967
-54.7815
-54.7597
-54.7304
-54.6937
-54.6521
-54.6085
-54.5654
-54.5248
-54.4885
-54.4579
-54.434
-54.4177
-54.4094
-54.4746
-54.7649
-54.8196
-54.8158
-54.7882
-54.7467
-54.6975
-54.6453
-54.5936
-54.5452
-54.5022
-54.4661
-54.4381
-54.4191
-54.4094
-55.0388
-54.8962
-54.8984
-54.8882
-54.855
-54.8047
-54.7449
-54.6816
-54.6195
-54.5618
-54.5109
-54.4685
-54.4359
-54.4137
-54.4025
-54.6102
-54.9266
-54.9859
-54.9764
-54.933
-54.8691
-54.7947
-54.7173
-54.6423
-54.5735
-54.5135
-54.464
-54.4261
-54.4005
-54.3876
-55.3178
-55.1352
-55.1213
-55.0881
-55.0247
-54.9406
-54.8465
-54.7512
-54.6607
-54.579
-54.5086
-54.4511
-54.4075
-54.3782
-54.3635
-54.8008
-55.2263
-55.2702
-55.2206
-55.1303
-55.0187
-54.8993
-54.7819
-54.673
-54.5764
-54.4946
-54.4285
-54.3788
-54.3457
-54.3291
-55.9546
-55.5821
-55.4841
-55.3813
-55.2502
-55.1019
-54.9506
-54.8067
-54.6765
-54.5636
-54.4694
-54.3944
-54.3385
-54.3014
-54.283
-55.4049
-55.747
-55.7015
-55.5615
-55.3814
-55.1871
-54.9968
-54.8219
-54.6681
-54.5376
-54.4307
-54.3467
-54.2848
-54.2441
-54.2239
-56.688
-56.1809
-55.9845
-55.7695
-55.5221
-55.2692
-55.0324
-54.8226
-54.6435
-54.4952
-54.376
-54.2837
-54.2163
-54.1723
-54.1506
-56.2564
-56.3988
-56.2805
-56.0001
-55.6661
-55.34
-55.0492
-54.8018
-54.5975
-54.4325
-54.3024
-54.2031
-54.1314
-54.0849
-54.0621
-55.7276
-56.7976
-56.6891
-56.2678
-55.8041
-55.3862
-55.0358
-54.7512
-54.5242
-54.3455
-54.2072
-54.1032
-54.0289
-53.981
-53.9575
-58.7496
-58.0146
-57.3149
-56.5648
-55.9101
-55.3852
-54.9765
-54.6607
-54.4173
-54.2303
-54.0882
-53.9826
-53.9078
-53.8599
-53.8366
-57.9912
-59.2068
-57.9759
-56.7955
-55.9257
-55.3035
-54.8527
-54.52
-54.2711
-54.0839
-53.9436
-53.8405
-53.7679
-53.7217
-53.6992
-69.9138
-62.0977
-58.6018
-56.8103
-55.7691
-55.1027
-54.6467
-54.321
-54.0821
-53.9048
-53.7731
-53.677
-53.6097
-53.5669
-53.5462
-73.7418
-61.9883
-58.0442
-56.304
-55.3522
-54.7556
-54.3503
-54.0616
-53.8504
-53.6938
-53.5778
-53.4933
-53.4343
-53.3968
-53.3786
-45.5905
-45.5907
-45.5917
-45.5947
-45.6017
-45.6162
-45.6431
-45.6898
-45.7674
-45.8919
-46.0843
-46.3641
-46.6984
-46.6652
-43.6388
-45.3008
-45.2974
-45.291
-45.2823
-45.2722
-45.2624
-45.2549
-45.2518
-45.2549
-45.2622
-45.2602
-45.2019
-44.955
-44.1632
-42.1239
-45.0137
-45.0064
-44.992
-44.9704
-44.9417
-44.9057
-44.8617
-44.8075
-44.738
-44.6412
-44.4899
-44.2286
-43.7557
-42.907
-41.5446
-44.7332
-44.722
-44.6994
-44.665
-44.6179
-44.5565
-44.4783
-44.3785
-44.2486
-44.0737
-43.8275
-43.4671
-42.9333
-42.1636
-41.1494
-44.4631
-44.4482
-44.4179
-44.3715
-44.3075
-44.2236
-44.1161
-43.9792
-43.804
-43.5769
-43.2773
-42.8773
-42.3463
-41.6638
-40.8443
-44.2074
-44.1891
-44.1519
-44.0949
-44.0163
-43.9136
-43.7827
-43.618
-43.4115
-43.1525
-42.8265
-42.4172
-41.91
-41.3005
-40.6039
-43.9693
-43.9481
-43.9051
-43.8392
-43.7487
-43.631
-43.4825
-43.2981
-43.0716
-42.7949
-42.4589
-42.0545
-41.5756
-41.0238
-40.4117
-43.7519
-43.7282
-43.6804
-43.6074
-43.5075
-43.3786
-43.2173
-43.0199
-42.7814
-42.4963
-42.1593
-41.7657
-41.3138
-40.8071
-40.2556
-43.5575
-43.5319
-43.4803
-43.4018
-43.2949
-43.1577
-42.9878
-42.782
-42.537
-42.2494
-41.9159
-41.5347
-41.1063
-40.6347
-40.1276
-43.388
-43.361
-43.3066
-43.2239
-43.1119
-42.969
-42.7933
-42.5827
-42.3348
-42.0476
-41.7196
-41.3505
-40.9416
-40.497
-40.0229
-43.245
-43.2169
-43.1604
-43.0748
-42.9592
-42.8124
-42.6332
-42.4199
-42.1713
-41.8861
-41.5639
-41.2053
-40.8121
-40.3881
-39.9384
-43.1295
-43.1006
-43.0426
-42.955
-42.837
-42.6878
-42.5064
-42.292
-42.0436
-41.7609
-41.444
-41.094
-40.713
-40.3043
-39.8724
-43.0423
-43.0129
-42.9539
-42.8649
-42.7454
-42.5947
-42.4122
-42.1973
-41.9496
-41.6692
-41.3566
-41.0131
-40.6409
-40.2431
-39.8236
-42.9839
-42.9542
-42.8946
-42.8048
-42.6844
-42.5329
-42.3498
-42.1348
-41.8878
-41.6091
-41.2994
-40.9603
-40.5939
-40.2031
-39.7915
-42.9547
-42.9248
-42.8649
-42.7748
-42.6539
-42.5021
-42.3187
-42.1038
-41.8572
-41.5794
-41.2712
-40.9342
-40.5706
-40.1832
-39.7755
-35.055
-40.8039
-41.0172
-36.6584
-32.4856
-21.4907
-33.1538
-38.0133
-44.3594
-44.6949
-39.5759
-36.8719
-32.4349
-28.5195
-18.7626
-28.622
-32.5632
-37.4252
-37.2363
-31.7741
-27.5748
-17.5908
-26.006
-29.1282
-32.2319
-34.1374
-37.879
-37.2431
-31.3281
-27.0145
-17.122
-25.1293
-28.0817
-30.9906
-32.8043
-36.4093
-35.8269
-30.2225
-26.1292
-16.6946
-24.6457
-27.7014
-30.9658
-33.1058
-37.4607
-37.3995
-32.852
-30.5388
-26.8963
-23.7181
-15.7944
-24.1965
-27.6878
-32.2208
-32.296
-28.0104
-24.5799
-16.0908
-24.2106
-27.4818
-31.2178
-33.6021
-38.2781
-38.1599
-33.0033
-28.9417
-18.9516
-28.6632
-32.6251
-37.2394
-40.1873
-45.9574
-45.892
-39.8034
-34.9362
-22.8545
-34.7425
-39.5849
-45.2173
-48.7612
-55.6413
-55.4495
-47.8399
-41.7894
-26.959
-40.8338
-45.9872
-51.1302
-50.5147
-42.4404
-39.4108
-39.4695
-38.7225
-36.6354
-34.2087
-31.8443
-34.4363
-37.077
-39.3757
-39.581
-37.7755
-35.6367
-33.0112
-30.4279
-28.0403
-29.9895
-31.9655
-33.5578
-33.3115
-31.2008
-28.7518
-26.2776
-27.8566
-29.6282
-31.3583
-32.7052
-33.751
-33.1411
-30.7578
-28.1567
-25.5901
-27.0015
-28.6418
-30.2639
-31.5484
-32.5699
-32.025
-29.8037
-27.3913
-25.0487
-26.5994
-28.4167
-30.3043
-31.9156
-33.3804
-33.2975
-31.6514
-29.8431
-27.7155
-25.6827
-23.8744
-25.7136
-27.616
-29.2648
-29.3511
-27.8785
-26.1023
-24.3561
-26.304
-28.4661
-30.713
-32.6193
-34.3232
-34.3201
-32.5541
-30.4827
-28.4846
-30.8844
-33.551
-36.3414
-38.7217
-40.8659
-40.9398
-38.8838
-36.4298
-34.0473
-36.9967
-40.2403
-43.6045
-46.4247
-48.9039
-48.8271
-46.1017
-42.8385
-39.5416
-42.4599
-45.3761
-47.7515
-48.3532
-47.8049
-40.1123
-39.2952
-38.357
-37.1007
-35.8416
-35.06
-35.6485
-36.633
-37.4058
-37.3625
-36.4546
-35.1021
-33.5263
-32.0543
-31.0726
-31.3182
-31.9203
-32.3379
-32.0715
-31.1145
-29.965
-29.1278
-29.4299
-30.1881
-31.0365
-31.7067
-32.0072
-31.5932
-30.5011
-29.2493
-28.3299
-28.5444
-29.2284
-30.0236
-30.6713
-30.9865
-30.6376
-29.6603
-28.5533
-27.7967
-28.1695
-29.0314
-30.041
-30.9368
-31.5293
-31.4471
-30.6848
-29.6078
-28.3989
-27.3243
-26.7025
-27.1401
-27.9097
-28.5591
-28.6516
-28.1842
-27.5819
-27.3023
-28.0894
-29.3289
-30.699
-31.9283
-32.8269
-33.0193
-32.5448
-31.9187
-31.6849
-32.7218
-34.2991
-36.0341
-37.5965
-38.7561
-39.0547
-38.5377
-37.8207
-37.5623
-38.8275
-40.722
-42.7756
-44.5793
-45.8473
-46.0191
-45.1379
-43.9362
-43.1746
-44.089
-45.544
-46.9267
-47.8477
-48.5648
-40.1331
-39.2948
-38.4487
-37.5696
-36.7866
-36.3023
-36.29
-36.4935
-36.6105
-36.3888
-35.7733
-34.8889
-33.8916
-32.9743
-32.3373
-32.1335
-32.1404
-32.1027
-31.8256
-31.3052
-30.7284
-30.3374
-30.3464
-30.618
-30.9714
-31.2407
-31.2922
-31.0218
-30.4747
-29.8633
-29.4371
-29.4111
-29.6553
-29.9958
-30.2734
-30.3598
-30.1553
-29.704
-29.2112
-28.9189
-29.0354
-29.4338
-29.9421
-30.3951
-30.6501
-30.5766
-30.172
-29.563
-28.8892
-28.3143
-28.0056
-28.0887
-28.377
-28.6559
-28.7589
-28.6846
-28.5971
-28.7129
-29.2236
-30.0041
-30.8881
-31.714
-32.348
-32.6794
-32.7541
-32.7902
-33.0555
-33.7813
-34.8206
-35.9756
-37.0516
-37.8864
-38.3447
-38.4796
-38.5518
-38.8834
-39.7522
-40.9749
-42.3067
-43.5056
-44.3693
-44.7273
-44.636
-44.4001
-44.3941
-44.9398
-45.8159
-46.7669
-47.6363
-48.4685
-40.0341
-39.3047
-38.5873
-37.8996
-37.3008
-36.8642
-36.6204
-36.478
-36.3025
-35.9815
-35.479
-34.8379
-34.1412
-33.4904
-32.9779
-32.6453
-32.4244
-32.2118
-31.9302
-31.5769
-31.2243
-30.971
-30.8845
-30.9303
-31.0274
-31.0882
-31.041
-30.849
-30.5411
-30.2108
-29.9685
-29.8889
-29.944
-30.059
-30.151
-30.1525
-30.0287
-29.808
-29.5807
-29.453
-29.4957
-29.6786
-29.9233
-30.1392
-30.2448
-30.1834
-29.9541
-29.612
-29.2376
-28.9219
-28.7448
-28.7425
-28.8585
-29.0064
-29.1219
-29.2049
-29.32
-29.5552
-29.9699
-30.5309
-31.1615
-31.7766
-32.3051
-32.7095
-33.0196
-33.3322
-33.7633
-34.39
-35.1758
-36.0312
-36.8542
-37.5595
-38.1005
-38.5122
-38.9096
-39.4312
-40.1675
-41.071
-42.0294
-42.9149
-43.6196
-44.0829
-44.3425
-44.533
-44.8194
-45.3148
-45.98
-46.7243
-47.4784
-48.2289
-39.9229
-39.2968
-38.6828
-38.1011
-37.5809
-37.1481
-36.8043
-36.5096
-36.2037
-35.8351
-35.384
-34.8667
-34.3242
-33.8073
-33.359
-32.996
-32.6963
-32.4203
-32.1378
-31.8474
-31.5769
-31.3643
-31.2323
-31.1685
-31.136
-31.0912
-30.9984
-30.843
-30.6401
-30.4316
-30.2657
-30.1729
-30.1467
-30.1554
-30.1593
-30.1259
-30.0418
-29.9221
-29.807
-29.742
-29.7546
-29.8349
-29.9465
-30.0426
-30.0803
-30.0325
-29.8993
-29.7078
-29.5018
-29.3302
-29.233
-29.2265
-29.2942
-29.4041
-29.5323
-29.6791
-29.8702
-30.1394
-30.5062
-30.9576
-31.4577
-31.9641
-32.4416
-32.8756
-33.282
-33.7037
-34.19
-34.7697
-35.4312
-36.1336
-36.8269
-37.4693
-38.0428
-38.5658
-39.0889
-39.6699
-40.3421
-41.0885
-41.8572
-42.5847
-43.2177
-43.732
-44.1484
-44.528
-44.944
-45.4453
-46.0301
-46.6677
-47.3256
-47.9841
-39.819
-39.2712
-38.7311
-38.214
-37.7348
-37.3035
-36.9172
-36.5569
-36.1949
-35.8073
-35.3838
-34.9316
-34.4703
-34.0251
-33.6172
-33.2554
-32.9338
-32.638
-32.3566
-32.0893
-31.8462
-31.6413
-31.4819
-31.3615
-31.2624
-31.1631
-31.0463
-30.9052
-30.7473
-30.5911
-30.4579
-30.3611
-30.2993
-30.2589
-30.2217
-30.1726
-30.1062
-30.0298
-29.9612
-29.9197
-29.9163
-29.9464
-29.9923
-30.0305
-30.0391
-30.0049
-29.9287
-29.8248
-29.7169
-29.6317
-29.5907
-29.6043
-29.6695
-29.776
-29.9159
-30.0901
-30.3084
-30.5835
-30.9211
-31.3142
-31.7454
-32.1934
-32.6411
-33.0817
-33.5228
-33.9827
-34.4821
-35.0322
-35.6277
-36.2494
-36.8732
-37.4787
-38.058
-38.6195
-39.1848
-39.7776
-40.4101
-41.074
-41.7446
-42.3908
-42.9868
-43.5223
-44.0076
-44.4709
-44.9457
-45.4556
-46.0045
-46.5819
-47.1719
-47.7595
-39.7253
-39.2341
-38.7461
-38.2717
-37.8193
-37.3936
-36.9923
-36.6064
-36.2228
-35.8306
-35.425
-35.0091
-34.5929
-34.189
-33.8085
-33.457
-33.1338
-32.8346
-32.5553
-32.296
-32.0603
-31.8528
-31.6753
-31.5237
-31.389
-31.2603
-31.1291
-30.9919
-30.8519
-30.7175
-30.5979
-30.4992
-30.4211
-30.3579
-30.3014
-30.2446
-30.1852
-30.1266
-30.0765
-30.0429
-30.0301
-30.0353
-30.0497
-30.0615
-30.0597
-30.0384
-29.9983
-29.9477
-29.8999
-29.8698
-29.87
-29.9081
-29.9855
-30.1003
-30.2507
-30.4377
-30.6653
-30.9378
-31.2563
-31.6165
-32.0092
-32.4236
-32.851
-33.2877
-33.7365
-34.2051
-34.7015
-35.2298
-35.7867
-36.3627
-36.9459
-37.5261
-38.0991
-38.668
-39.2414
-39.8285
-40.433
-41.0501
-41.6673
-42.2693
-42.8434
-43.3848
-43.8984
-44.3974
-44.8973
-45.4096
-45.938
-46.4782
-47.0219
-47.559
-39.6423
-39.1919
-38.7411
-38.2971
-37.8652
-37.4481
-37.045
-36.6519
-36.2629
-35.8731
-35.4804
-35.0868
-34.6975
-34.3191
-33.9579
-33.6176
-33.2993
-33.0021
-32.7252
-32.4686
-32.2335
-32.0212
-31.8315
-31.6617
-31.5068
-31.3612
-31.2205
-31.0826
-30.9488
-30.8226
-30.708
-30.6077
-30.5218
-30.4476
-30.3816
-30.3206
-30.2634
-30.2115
-30.1682
-30.1366
-30.1182
-30.1112
-30.1112
-30.1122
-30.1091
-30.0991
-30.0834
-30.0671
-30.0579
-30.0647
-30.0954
-30.1556
-30.2481
-30.3738
-30.5332
-30.7273
-30.9579
-31.2262
-31.532
-31.8723
-32.2421
-32.6356
-33.0478
-33.4766
-33.9223
-34.3877
-34.8754
-35.3864
-35.9184
-36.4661
-37.0231
-37.5842
-38.1464
-38.7102
-39.2786
-39.8544
-40.438
-41.0262
-41.6121
-42.188
-42.7473
-43.2874
-43.8105
-44.3226
-44.8309
-45.3409
-45.8544
-46.3696
-46.8813
-47.3831
-39.5704
-39.1496
-38.7259
-38.3045
-37.8891
-37.4819
-37.083
-36.6911
-36.3038
-35.9192
-35.5368
-35.1581
-34.7859
-34.4243
-34.0768
-33.7463
-33.434
-33.1405
-32.8658
-32.6101
-32.3738
-32.157
-31.959
-31.778
-31.6112
-31.4553
-31.3079
-31.1677
-31.0349
-30.911
-30.7976
-30.6958
-30.6056
-30.5259
-30.4549
-30.3912
-30.3343
-30.2845
-30.2433
-30.2117
-30.1901
-30.1775
-30.1715
-30.1693
-30.1686
-30.1684
-30.17
-30.1766
-30.1933
-30.2256
-30.2787
-30.357
-30.4633
-30.5992
-30.7661
-30.9649
-31.1965
-31.4612
-31.7584
-32.0861
-32.4414
-32.8208
-33.2213
-33.6413
-34.0802
-34.5384
-35.0162
-35.5133
-36.0277
-36.5562
-37.095
-37.6408
-38.1915
-38.7462
-39.3054
-39.8692
-40.4368
-41.0056
-41.5717
-42.1307
-42.6789
-43.2147
-43.7387
-44.2535
-44.7621
-45.267
-45.7687
-46.2659
-46.7551
-47.2321
-39.5099
-39.1107
-38.707
-38.3027
-37.9008
-37.5031
-37.1105
-36.7231
-36.3403
-35.9617
-35.5877
-35.2195
-34.859
-34.5087
-34.1712
-33.8484
-33.5415
-33.2515
-32.9787
-32.7235
-32.4859
-32.2656
-32.0621
-31.8741
-31.6997
-31.5372
-31.3849
-31.2421
-31.1085
-30.9844
-30.8706
-30.7674
-30.6746
-30.5918
-30.518
-30.4525
-30.395
-30.3456
-30.3047
-30.2727
-30.2496
-30.2347
-30.2268
-30.2248
-30.2278
-30.2356
-30.2496
-30.2722
-30.3066
-30.3568
-30.4264
-30.5186
-30.6361
-30.7806
-30.9534
-31.1556
-31.3877
-31.6498
-31.9413
-32.2607
-32.6063
-32.9758
-33.3673
-33.7793
-34.2107
-34.661
-35.1297
-35.6156
-36.1171
-36.6318
-37.1572
-37.6909
-38.2309
-38.7762
-39.3258
-39.8788
-40.434
-40.9892
-41.5418
-42.0891
-42.6286
-43.1591
-43.6804
-44.1933
-44.6989
-45.1978
-45.6898
-46.1736
-46.6467
-47.106
-39.4612
-39.0776
-38.6886
-38.2971
-37.9057
-37.5164
-37.1302
-36.7481
-36.3703
-35.9974
-35.63
-35.2693
-34.917
-34.5747
-34.2442
-33.9271
-33.6246
-33.3375
-33.0664
-32.8114
-32.5728
-32.3501
-32.1429
-31.9503
-31.7712
-31.6043
-31.4486
-31.3034
-31.1683
-31.0433
-30.9286
-30.824
-30.7296
-30.6448
-30.5693
-30.5026
-30.4444
-30.3948
-30.3537
-30.3214
-30.2976
-30.282
-30.2741
-30.2736
-30.2802
-30.2944
-30.3174
-30.3511
-30.3978
-30.4605
-30.5418
-30.6444
-30.7704
-30.9215
-31.099
-31.3038
-31.5363
-31.7966
-32.0842
-32.3981
-32.7371
-33.0997
-33.4842
-33.8895
-34.3143
-34.7577
-35.2187
-35.6959
-36.1877
-36.6924
-37.2078
-37.732
-38.2633
-38.8002
-39.3414
-39.8856
-40.4314
-40.9768
-41.5199
-42.0587
-42.5914
-43.1168
-43.6344
-44.1439
-44.6453
-45.1385
-45.6227
-46.0966
-46.5583
-47.0051
-39.4245
-39.0518
-38.673
-38.2908
-37.9073
-37.5245
-37.1438
-36.7663
-36.393
-36.0246
-35.6622
-35.3069
-34.9601
-34.6233
-34.2977
-33.9847
-33.6854
-33.4005
-33.1305
-32.8758
-32.6365
-32.4122
-32.2027
-32.0073
-31.8251
-31.6553
-31.4971
-31.3501
-31.2137
-31.0877
-30.972
-30.8664
-30.7708
-30.6848
-30.6082
-30.5406
-30.4819
-30.4319
-30.3906
-30.358
-30.334
-30.3185
-30.3113
-30.3124
-30.3221
-30.3411
-30.3703
-30.4114
-30.4665
-30.5376
-30.6271
-30.7369
-30.869
-31.0249
-31.2058
-31.4124
-31.6453
-31.9044
-32.1895
-32.4999
-32.8345
-33.1922
-33.5718
-33.972
-34.3916
-34.8296
-35.2846
-35.7554
-36.2403
-36.7378
-37.246
-37.7632
-38.2878
-38.8182
-39.3529
-39.8905
-40.4294
-40.968
-41.5045
-42.0373
-42.5649
-43.0861
-43.6001
-44.1062
-44.6038
-45.0923
-45.5706
-46.0375
-46.4911
-46.9295
-39.4
-39.0342
-38.6619
-38.2857
-37.9075
-37.5292
-37.1523
-36.7782
-36.4081
-36.0429
-35.6839
-35.3321
-34.9888
-34.6553
-34.3328
-34.0224
-33.7251
-33.4417
-33.1725
-32.9181
-32.6783
-32.4531
-32.2422
-32.0451
-31.861
-31.6895
-31.5299
-31.3815
-31.2441
-31.1173
-31.0009
-30.8946
-30.7982
-30.7115
-30.6342
-30.5661
-30.507
-30.4567
-30.4153
-30.3826
-30.3586
-30.3434
-30.3369
-30.3393
-30.3512
-30.3732
-30.4064
-30.4522
-30.5124
-30.5888
-30.6833
-30.7978
-30.9338
-31.0928
-31.2758
-31.4837
-31.7169
-31.9754
-32.259
-32.5671
-32.899
-33.2536
-33.6299
-34.0268
-34.4429
-34.8771
-35.3282
-35.7947
-36.2752
-36.768
-37.2716
-37.7842
-38.3043
-38.8302
-39.3606
-39.8937
-40.4282
-40.9623
-41.4946
-42.0235
-42.5477
-43.066
-43.5773
-44.0808
-44.5756
-45.0607
-45.5352
-45.9975
-46.4461
-46.8791
-39.3877
-39.0252
-38.6562
-38.2829
-37.9073
-37.5313
-37.1564
-36.7841
-36.4156
-36.0521
-35.6947
-35.3446
-35.003
-34.6712
-34.3502
-34.0411
-33.7448
-33.462
-33.1933
-32.939
-32.699
-32.4734
-32.2619
-32.0639
-31.879
-31.7067
-31.5463
-31.3973
-31.2594
-31.1322
-31.0154
-30.9087
-30.812
-30.7249
-30.6473
-30.5789
-30.5196
-30.4692
-30.4277
-30.395
-30.3711
-30.356
-30.3499
-30.3531
-30.366
-30.3895
-30.4247
-30.4728
-30.5355
-30.6144
-30.7113
-30.828
-30.9659
-31.1264
-31.3105
-31.519
-31.7523
-32.0105
-32.2934
-32.6005
-32.9311
-33.2843
-33.659
-34.0541
-34.4685
-34.9009
-35.3499
-35.8143
-36.2926
-36.7831
-37.2844
-37.7947
-38.3125
-38.8363
-39.3644
-39.8954
-40.4276
-40.9596
-41.4898
-42.0168
-42.5393
-43.056
-43.5659
-44.068
-44.5613
-45.0448
-45.5172
-45.9773
-46.4234
-46.8539
-52.3818
-55.9023
-55.7471
-55.1444
-54.6222
-54.2276
-53.9351
-53.7171
-53.5536
-53.4307
-53.3389
-53.2717
-53.2247
-53.1948
-53.1803
-50.7238
-52.939
-53.6885
-53.7988
-53.6981
-53.5496
-53.4075
-53.2868
-53.1892
-53.1125
-53.0536
-53.0097
-52.9787
-52.9589
-52.9493
-50.03
-51.4412
-52.2688
-52.6642
-52.8218
-52.865
-52.8584
-52.8332
-52.8038
-52.7763
-52.7531
-52.7348
-52.7215
-52.7128
-52.7085
-49.4987
-50.5271
-51.2812
-51.7673
-52.0599
-52.2301
-52.3278
-52.3839
-52.4165
-52.4358
-52.4476
-52.4549
-52.4594
-52.4621
-52.4633
-49.0571
-49.8871
-50.5614
-51.064
-51.4204
-51.6677
-51.8387
-51.958
-52.0423
-52.1028
-52.1464
-52.1776
-52.1991
-52.2127
-52.2193
-48.6904
-49.4028
-50.0134
-50.5067
-50.8901
-51.1816
-51.4014
-51.567
-51.692
-51.7865
-51.8575
-51.9098
-51.9467
-51.9703
-51.9818
-48.3848
-49.0204
-49.5826
-50.0595
-50.4515
-50.7671
-51.0182
-51.2164
-51.3722
-51.4937
-51.5872
-51.6574
-51.7075
-51.7398
-51.7557
-48.1287
-48.7114
-49.2373
-49.6972
-50.0893
-50.4173
-50.6877
-50.9083
-51.0865
-51.2288
-51.3402
-51.425
-51.4861
-51.5258
-51.5453
-47.9139
-48.4593
-48.9578
-49.4027
-49.7913
-50.1248
-50.407
-50.6426
-50.8369
-50.9945
-51.1198
-51.2161
-51.2862
-51.3318
-51.3543
-47.7355
-48.254
-48.7321
-49.1644
-49.5483
-49.8838
-50.1728
-50.4182
-50.6237
-50.7926
-50.9283
-51.0335
-51.1105
-51.1609
-51.1858
-47.59
-48.0893
-48.5522
-48.9744
-49.3537
-49.6893
-49.9821
-50.2339
-50.447
-50.6239
-50.7673
-50.8791
-50.9614
-51.0154
-51.0422
-47.4754
-47.9611
-48.4129
-48.8275
-49.2027
-49.5376
-49.8324
-50.0881
-50.3063
-50.4889
-50.6376
-50.7543
-50.8404
-50.8971
-50.9253
-47.3904
-47.8667
-48.3109
-48.7199
-49.0919
-49.4259
-49.7217
-49.9798
-50.2013
-50.3876
-50.54
-50.66
-50.7488
-50.8074
-50.8365
-47.3342
-47.8047
-48.2439
-48.6494
-49.0193
-49.3525
-49.6487
-49.9081
-50.1316
-50.3201
-50.4747
-50.5968
-50.6873
-50.7471
-50.7768
-47.3062
-47.7738
-48.2107
-48.6144
-48.9833
-49.3161
-49.6124
-49.8725
-50.0968
-50.2863
-50.442
-50.5651
-50.6564
-50.7168
-50.7468
)
;

boundaryField
{
    hot
    {
        type            calculated;
        value           nonuniform List<scalar> 
120
(
-48.1624
-48.1884
-48.2404
-48.318
-48.421
-48.5488
-48.7004
-48.8747
-49.07
-49.2841
-49.5142
-49.7569
-50.0084
-50.2644
-50.5206
-50.7516
-50.9563
-51.1537
-51.3423
-51.5209
-51.6887
-51.8454
-51.9909
-52.1252
-52.2488
-52.362
-52.4653
-52.5593
-52.6447
-52.7218
-52.7913
-52.8537
-52.9094
-52.9589
-53.0026
-53.0408
-53.0738
-53.102
-53.1255
-53.1446
-53.1595
-53.1704
-53.1773
-53.1804
-53.1798
-53.1755
-53.1676
-53.1561
-53.141
-53.1223
-53.1
-53.0741
-53.0446
-53.0114
-52.9744
-52.9336
-52.8889
-52.8403
-52.7877
-52.731
-52.6701
-52.6049
-52.5354
-52.4615
-52.383
-52.3
-52.2123
-52.1199
-52.0227
-51.9207
-51.8139
-51.7022
-51.5856
-51.4642
-51.338
-51.2071
-51.0714
-50.9312
-50.7866
-50.6377
-50.4846
-50.3277
-50.167
-50.0028
-49.8354
-49.6649
-49.4916
-49.3157
-49.1374
-48.9568
-48.774
-48.5889
-48.4016
-48.2116
-48.0189
-47.823
-47.6234
-47.4198
-47.2115
-46.9982
-46.7796
-46.5555
-46.3262
-46.0923
-45.8546
-45.5905
-45.3016
-45.0155
-44.7359
-44.4668
-44.2119
-43.9746
-43.7578
-43.5638
-43.3948
-43.252
-43.1367
-43.0497
-42.9914
-42.9621
)
;
    }
    cold
    {
        type            calculated;
        value           nonuniform List<scalar> 
120
(
-44.1366
-44.1639
-44.2183
-44.2996
-44.4071
-44.5402
-44.6976
-44.8781
-45.0796
-45.2997
-45.5356
-45.7839
-46.041
-46.3029
-46.5659
-46.8049
-47.0187
-47.2279
-47.4315
-47.6292
-47.8209
-48.0068
-48.1873
-48.3631
-48.5348
-48.7029
-48.8682
-49.0312
-49.1921
-49.3515
-49.5093
-49.6658
-49.821
-49.9747
-50.1269
-50.2774
-50.4259
-50.5724
-50.7165
-50.858
-50.9969
-51.1329
-51.2658
-51.3956
-51.522
-51.6451
-51.7648
-51.8811
-51.9939
-52.1034
-52.2095
-52.3124
-52.4121
-52.5088
-52.6025
-52.6933
-52.7812
-52.8664
-52.949
-53.0289
-53.1062
-53.1809
-53.2531
-53.3228
-53.3901
-53.4549
-53.5174
-53.5776
-53.6357
-53.6915
-53.7454
-53.7972
-53.8471
-53.8951
-53.9414
-53.9859
-54.0287
-54.0698
-54.1093
-54.1471
-54.1832
-54.2175
-54.2499
-54.2802
-54.3082
-54.3337
-54.3562
-54.3754
-54.3908
-54.4017
-54.4073
-54.407
-54.3997
-54.3844
-54.3599
-54.325
-54.2784
-54.2189
-54.1452
-54.0564
-53.9517
-53.8308
-53.6937
-53.5411
-53.3741
-53.1767
-52.9469
-52.7074
-52.4636
-52.2209
-51.9846
-51.7596
-51.5501
-51.3599
-51.192
-51.0489
-50.9323
-50.8438
-50.7842
-50.7543
)
;
    }
    interface_left
    {
        type            calculated;
        value           nonuniform List<scalar> 
90
(
-74.3337
-65.3581
-54.7733
-53.8649
-54.5598
-53.3406
-51.8903
-54.0149
-51.8993
-54.9835
-52.9815
-54.7861
-53.3478
-54.5484
-53.696
-52.9564
-53.9589
-53.0938
-54.2117
-53.517
-54.0529
-53.6873
-53.4096
-53.7603
-53.5136
-53.7288
-53.5908
-53.6819
-53.6728
-53.5566
-53.6383
-53.7865
-53.5454
-53.879
-53.4216
-53.9689
-53.0674
-53.7293
-52.9232
-53.4667
-54.075
-53.1656
-54.1645
-52.9014
-54.2707
-52.139
-53.63
-51.9371
-53.0634
-54.2614
-52.4765
-54.3454
-52.0041
-54.4624
-50.6731
-53.2668
-50.3678
-52.2633
-54.2339
-51.2619
-54.2535
-50.4923
-54.3124
-48.4451
-52.3646
-48.0313
-50.7988
-53.601
-49.2976
-53.4074
-48.2163
-53.2411
-45.59
-50.5167
-45.2184
-48.4932
-51.6347
-46.7262
-50.9608
-45.7177
-50.2899
-43.8246
-47.6297
-44.6648
-46.626
-47.8079
-48.0051
-48.1097
-60.9531
-68.8304
)
;
    }
    interface_right
    {
        type            calculated;
        value           nonuniform List<scalar> 
90
(
-70.343
-63.0081
-48.528
-49.1631
-49.0131
-47.3314
-46.1766
-48.0441
-45.2243
-50.219
-46.5891
-50.8977
-47.3934
-51.5726
-48.9072
-46.0874
-50.6829
-46.375
-53.1188
-48.6738
-53.3144
-49.636
-53.5354
-51.0015
-48.4792
-52.4455
-48.8375
-54.2693
-50.7214
-54.2455
-51.4391
-54.2587
-52.394
-50.5899
-53.363
-50.8854
-54.5193
-52.1965
-54.4896
-53.0043
-51.6111
-53.6669
-51.8164
-54.0197
-51.9536
-54.8815
-52.9548
-54.7726
-53.2882
-54.726
-53.7448
-52.7931
-54.2207
-52.899
-54.8299
-53.5412
-54.7934
-53.7668
-54.7954
-54.1006
-53.4167
-54.4618
-53.4997
-54.9284
-53.9973
-54.9594
-54.342
-53.7444
-54.6581
-53.8309
-54.8643
-53.9093
-55.3295
-54.4272
-55.3985
-54.8088
-54.2334
-55.1825
-54.3474
-55.4947
-54.431
-56.2725
-55.0734
-57.0946
-56.112
-54.732
-59.1749
-56.2174
-75.3835
-82.6982
)
;
    }
    interface_top
    {
        type            calculated;
        value           nonuniform List<scalar> 
90
(
-35.055
-40.8039
-41.0172
-36.6584
-32.4856
-21.4907
-33.1538
-38.0133
-44.3594
-44.6949
-39.5759
-36.8719
-32.4349
-28.5195
-18.7626
-28.622
-32.5632
-37.4252
-37.2363
-31.7741
-27.5748
-17.5908
-26.006
-29.1282
-32.2319
-34.1374
-37.879
-37.2431
-31.3281
-27.0145
-17.122
-25.1293
-28.0817
-30.9906
-32.8043
-36.4093
-35.8269
-30.2225
-26.1292
-16.6946
-24.6457
-27.7014
-30.9658
-33.1058
-37.4607
-37.3995
-32.852
-30.5388
-26.8963
-23.7181
-15.7944
-24.1965
-27.6878
-32.2208
-32.296
-28.0104
-24.5799
-16.0908
-24.2106
-27.4818
-31.2178
-33.6021
-38.2781
-38.1599
-33.0033
-28.9417
-18.9516
-28.6632
-32.6251
-37.2394
-40.1873
-45.9574
-45.892
-39.8034
-34.9362
-22.8545
-34.7425
-39.5849
-45.2173
-48.7612
-55.6413
-55.4495
-47.8399
-41.7894
-26.959
-40.8338
-45.9872
-51.1302
-50.5147
-42.4404
)
;
    }
    interface_bottom
    {
        type            calculated;
        value           nonuniform List<scalar> 
90
(
-37.598
-42.7006
-40.2348
-26.1381
-39.9461
-45.2205
-50.6236
-53.9163
-60.2355
-59.6718
-51.4429
-47.296
-40.9361
-35.7221
-23.3091
-35.3716
-40.148
-45.9992
-45.9159
-39.8943
-36.807
-31.9875
-27.9646
-18.3086
-27.6361
-31.2522
-35.522
-35.1685
-29.7415
-25.7396
-16.4871
-24.2915
-27.2063
-30.166
-31.9455
-35.3776
-34.7855
-29.3121
-25.3659
-16.3319
-24.231
-27.311
-30.6996
-32.844
-37.0868
-36.9919
-32.4265
-30.1657
-26.723
-23.6378
-15.8361
-24.453
-28.0211
-32.6091
-32.678
-28.3117
-24.8384
-16.2743
-24.6207
-27.9598
-31.7405
-34.0376
-38.3855
-38.0727
-32.5838
-28.4195
-18.4625
-27.8168
-31.515
-35.6244
-38.1138
-42.8248
-42.4022
-36.1685
-31.4883
-20.3881
-30.6434
-34.6741
-39.1111
-41.8172
-46.978
-46.5148
-39.7011
-34.5544
-22.3377
-33.651
-37.9165
-42.332
-42.032
-35.9162
)
;
    }
    defaultFaces
    {
        type            empty;
    }
}


// ************************************************************************* //
