/*--------------------------------*- C++ -*----------------------------------*\
| =========                 |                                                 |
| \\      /  F ield         | OpenFOAM: The Open Source CFD Toolbox           |
|  \\    /   O peration     | Version:  5.x                                   |
|   \\  /    A nd           | Web:      www.OpenFOAM.org                      |
|    \\/     M anipulation  |                                                 |
\*---------------------------------------------------------------------------*/
FoamFile
{
    version     2.0;
    format      ascii;
    class       volScalarField;
    location    "3.4";
    object      gradTy;
}
// * * * * * * * * * * * * * * * * * * * * * * * * * * * * * * * * * * * * * //

dimensions      [0 -1 0 1 0 0 0];

internalField   nonuniform List<scalar> 
6300
(
32275.9
32227.7
32179.5
32131.4
32083.4
32035.4
31987.6
31939.9
31892.4
31845.1
31798
31751.2
31704.5
31658.2
31612.1
-0.0165206
-0.0496314
-0.0829373
-0.116525
-0.150415
-0.184533
-0.218691
-0.25257
-0.285726
-0.317609
-0.347627
-0.375238
-0.400085
-0.422143
-0.441846
-0.0274552
-0.082499
-0.137915
-0.193876
-0.250441
-0.307515
-0.364797
-0.421758
-0.477626
-0.531423
-0.582053
-0.628466
-0.669904
-0.706183
-0.737972
-0.0382596
-0.114994
-0.192343
-0.270611
-0.349948
-0.430273
-0.511209
-0.592019
-0.671577
-0.748381
-0.820667
-0.88664
-0.944849
-0.994682
-1.03688
-0.0488494
-0.146876
-0.24585
-0.346278
-0.448465
-0.552419
-0.657742
-0.763529
-0.868275
-0.96985
-1.06559
-1.15257
-1.22816
-1.29081
-1.34098
-0.0591069
-0.1778
-0.297892
-0.420173
-0.545199
-0.673174
-0.80379
-0.936055
-1.06812
-1.19712
-1.31923
-1.42986
-1.52438
-1.59936
-1.65423
-0.0688831
-0.207323
-0.34774
-0.491312
-0.638975
-0.791275
-0.948171
-1.10876
-1.27099
-1.43128
-1.58433
-1.72321
-1.84009
-1.92798
-1.98364
-0.0779857
-0.234864
-0.394428
-0.558353
-0.728102
-0.904768
-1.08884
-1.27982
-1.47578
-1.67263
-1.86357
-2.03854
-2.18475
-2.28879
-2.3414
-0.0861805
-0.259714
-0.436748
-0.61956
-0.810296
-1.01084
-1.22256
-1.44589
-1.67962
-1.91988
-2.15872
-2.38258
-2.57152
-2.70097
-2.74885
-0.0932012
-0.281056
-0.473281
-0.672827
-0.882664
-1.10571
-1.34466
-1.60153
-1.87691
-2.16851
-2.46878
-2.76147
-3.01771
-3.19464
-3.24367
-0.0987673
-0.298021
-0.502483
-0.715787
-0.941799
-1.18467
-1.44879
-1.73861
-2.05792
-2.4084
-2.78638
-3.17675
-3.54311
-3.81611
-3.89356
-0.102611
-0.309771
-0.52283
-0.746021
-0.984053
-1.24233
-1.52721
-1.84615
-2.20772
-2.62074
-3.09149
-3.61596
-4.16177
-4.63302
-4.82642
-0.104516
-0.315614
-0.53303
-0.761395
-1.00603
-1.27337
-1.57152
-1.91103
-2.30601
-2.77529
-3.34281
-4.03374
-4.85491
-5.7277
-6.30823
-0.104352
-0.31513
-0.532265
-0.760474
-1.00529
-1.27358
-1.57441
-1.92038
-2.32994
-2.83153
-3.47065
-4.3212
-5.49635
-7.11455
-8.95357
-0.102112
-0.30828
-0.52041
-0.742928
-0.981031
-1.24122
-1.53213
-1.86607
-2.26178
-2.75016
-3.38696
-4.28398
-5.69469
-8.28054
-14.0522
31570.1
31532.2
31494.5
31457
31419.7
31382.7
31345.9
31309.4
31273.2
31237.2
31201.6
31166.3
31131.4
31096.8
31062.5
31028.6
30995.1
30962
30929.2
30896.9
30864.9
30833.3
30802
30771.1
30740.6
30710.4
30680.5
30650.8
30621.5
30592.4
30563.6
30535
30506.6
30478.4
30450.4
30422.5
30394.8
30367.2
30339.8
30312.5
30285.3
30258.2
30231.2
30204.3
30177.4
30150.7
30124
30097.4
30070.8
30044.3
30017.8
29991.4
29965
29938.6
29912.2
29885.8
29859.4
29832.9
29806.4
29779.8
29753.2
29726.5
29699.6
29672.7
29645.7
29618.5
29591.2
29563.8
29536.3
29508.6
29480.7
29452.7
29424.6
29396.2
29367.7
29339
29310.2
29281.1
29251.9
29222.4
29192.8
29162.9
29132.8
29102.6
29072.1
29041.3
29010.4
28979.2
28947.7
28916.1
-0.458619
-0.473792
-0.48983
-0.507674
-0.528115
-0.55164
-0.578332
-0.607813
-0.639277
-0.671599
-0.703483
-0.73364
-0.760924
-0.784436
-0.803539
-0.817833
-0.827081
-0.831149
-0.829956
-0.823475
-0.811755
-0.794964
-0.773417
-0.74758
-0.718046
-0.685498
-0.650659
-0.614263
-0.577032
-0.539665
-0.502821
-0.467098
-0.432996
-0.400888
-0.371008
-0.343454
-0.318229
-0.295276
-0.274519
-0.255874
-0.239229
-0.224404
-0.211104
-0.19889
-0.187184
-0.175314
-0.162592
-0.148404
-0.132288
-0.113991
-0.0934754
-0.0708996
-0.0465723
-0.0209004
0.0056542
0.0326046
0.0594625
0.0857628
0.111096
0.135146
0.157718
0.178756
0.198323
0.216564
0.233652
0.24974
0.264935
0.279305
0.292902
0.305801
0.318118
0.330017
0.341675
0.353246
0.364824
0.376422
0.387988
0.399435
0.41068
0.421671
0.432376
0.442753
0.452692
0.46197
0.470222
0.47695
0.481572
0.483492
0.482169
0.477187
-0.764514
-0.788316
-0.813562
-0.842059
-0.875357
-0.914449
-0.959544
-1.00996
-1.0642
-1.12014
-1.17535
-1.22744
-1.27436
-1.31458
-1.34707
-1.37128
-1.38693
-1.39385
-1.39191
-1.38104
-1.36125
-1.33277
-1.29613
-1.25213
-1.20183
-1.14644
-1.08721
-1.02541
-0.962254
-0.898932
-0.836585
-0.77626
-0.718838
-0.664966
-0.615015
-0.569102
-0.527158
-0.489037
-0.454592
-0.42371
-0.396271
-0.372048
-0.350595
-0.331171
-0.312741
-0.294063
-0.273849
-0.250944
-0.224502
-0.194075
-0.159639
-0.12153
-0.0803439
-0.0368265
0.00820245
0.0538942
0.099395
0.143878
0.186603
0.226992
0.264705
0.299668
0.332053
0.362183
0.390422
0.417064
0.442284
0.466152
0.4887
0.510015
0.530295
0.549851
0.569044
0.588192
0.607474
0.626897
0.646321
0.66554
0.68438
0.702763
0.720692
0.73818
0.755125
0.771195
0.785764
0.79793
0.80661
0.810682
0.809147
0.801256
-1.07082
-1.10069
-1.13254
-1.16946
-1.21418
-1.26853
-1.333
-1.40653
-1.4866
-1.56964
-1.6516
-1.72858
-1.79736
-1.85573
-1.90242
-1.93696
-1.95923
-1.96918
-1.96663
-1.95133
-1.92313
-1.88222
-1.8293
-1.76562
-1.69282
-1.61277
-1.52735
-1.43838
-1.34758
-1.25666
-1.1673
-1.0811
-0.999431
-0.923259
-0.85307
-0.78889
-0.730442
-0.677362
-0.629391
-0.586447
-0.548542
-0.515564
-0.487024
-0.461882
-0.438518
-0.414892
-0.388844
-0.358448
-0.322322
-0.279803
-0.230964
-0.176468
-0.117349
-0.0548079
0.00991598
0.0755767
0.140908
0.20464
0.265586
0.322804
0.375758
0.424401
0.469134
0.510629
0.54959
0.586533
0.621678
0.654994
0.686366
0.71581
0.743602
0.770292
0.796564
0.823025
0.850002
0.877451
0.905025
0.932263
0.958813
0.984577
1.00971
1.03445
1.05888
1.08264
1.10482
1.12399
1.13834
1.14601
1.14535
1.13513
-1.37854
-1.41025
-1.44424
-1.48564
-1.53915
-1.60807
-1.69345
-1.7937
-1.90475
-2.02075
-2.13508
-2.24157
-2.33544
-2.41375
-2.47537
-2.5204
-2.54938
-2.56261
-2.55983
-2.54032
-2.50344
-2.44909
-2.37814
-2.2924
-2.19442
-2.087
-1.97279
-1.85416
-1.73329
-1.61236
-1.49369
-1.37966
-1.27235
-1.17319
-1.08273
-1.0007
-0.926282
-0.858627
-0.797257
-0.742245
-0.694046
-0.653026
-0.618912
-0.590394
-0.56504
-0.539586
-0.510489
-0.474602
-0.429753
-0.375049
-0.310859
-0.238491
-0.159718
-0.0763751
0.00983262
0.0972807
0.18427
0.268954
0.349474
0.424291
0.492552
0.554299
0.610411
0.662257
0.711199
0.758129
0.803247
0.846176
0.886359
0.923535
0.958055
0.990899
1.02338
1.0567
1.09144
1.12742
1.16382
1.19959
1.234
1.26694
1.29894
1.33084
1.36326
1.39604
1.42793
1.45669
1.4794
1.49307
1.49508
1.48354
-1.68969
-1.71648
-1.74519
-1.7843
-1.84187
-1.92384
-2.0324
-2.16524
-2.31573
-2.47417
-2.62976
-2.77267
-2.89584
-2.99574
-3.07213
-3.12686
-3.16213
-3.17904
-3.17703
-3.15427
-3.10883
-3.03982
-2.94818
-2.83674
-2.70956
-2.57093
-2.42452
-2.27312
-2.11902
-1.96473
-1.81335
-1.66849
-1.53347
-1.41053
-1.30023
-1.2015
-1.11234
-1.0308
-0.95593
-0.888201
-0.829184
-0.780521
-0.742726
-0.714334
-0.6917
-0.669523
-0.641909
-0.603668
-0.551381
-0.483966
-0.402549
-0.309758
-0.208695
-0.102099
0.00792831
0.119607
0.23091
0.339219
0.441528
0.53517
0.618671
0.692256
0.757773
0.818007
0.875644
0.932272
0.987905
1.04125
1.09062
1.13502
1.17486
1.21195
1.24895
1.28824
1.33101
1.37673
1.42345
1.46883
1.51125
1.55059
1.58824
1.62642
1.66707
1.71065
1.75552
1.79804
1.83344
1.85687
1.86428
1.85284
-2.00862
-2.01988
-2.03114
-2.05631
-2.1094
-2.20124
-2.33633
-2.5113
-2.71517
-2.93165
-3.1426
-3.33212
-3.48966
-3.61149
-3.70001
-3.76126
-3.80123
-3.82263
-3.824
-3.80078
-3.74805
-3.66302
-3.54665
-3.40364
-3.24107
-3.06596
-2.88333
-2.69584
-2.50494
-2.31279
-2.12352
-1.943
-1.77709
-1.62957
-1.50092
-1.38839
-1.28731
-1.19326
-1.10419
-1.02149
-0.949288
-0.892241
-0.852877
-0.829862
-0.817583
-0.807167
-0.788512
-0.752834
-0.694672
-0.612922
-0.510497
-0.392815
-0.265522
-0.132645
0.00376133
0.142591
0.281976
0.418238
0.546178
0.660768
0.759181
0.841943
0.912854
0.977608
1.04165
1.10796
1.17597
1.24215
1.30213
1.35319
1.3957
1.43327
1.4713
1.51488
1.56645
1.62468
1.68511
1.74241
1.79304
1.83677
1.87685
1.91854
1.96675
2.02351
2.08657
2.14973
2.20478
2.24382
2.26068
2.25134
-2.34398
-2.32319
-2.29698
-2.28802
-2.32104
-2.41626
-2.58273
-2.8156
-3.09633
-3.39696
-3.68615
-3.93746
-4.13475
-4.27503
-4.36695
-4.42612
-4.46683
-4.49487
-4.50614
-4.48956
-4.43354
-4.3311
-4.18319
-3.99843
-3.79033
-3.57151
-3.34884
-3.12316
-2.8923
-2.65635
-2.42075
-2.19611
-1.99385
-1.82103
-1.67802
-1.55837
-1.45175
-1.34809
-1.24284
-1.13919
-1.0471
-0.978017
-0.93899
-0.92943
-0.940274
-0.956158
-0.959103
-0.933837
-0.871379
-0.77109
-0.639843
-0.489135
-0.329809
-0.167689
-0.00330789
0.165367
0.338132
0.50984
0.670653
0.810266
0.922837
1.0093
1.07741
1.13884
1.205
1.2818
1.36727
1.45257
1.52709
1.58424
1.62428
1.65448
1.68623
1.7306
1.79286
1.87002
1.9518
2.02613
2.08527
2.12873
2.16366
2.20175
2.25458
2.32773
2.41791
2.5135
2.59955
2.66311
2.69516
2.69057
-2.71257
-2.63422
-2.53784
-2.45916
-2.44295
-2.52851
-2.73333
-3.05077
-3.44863
-3.87849
-4.28398
-4.62034
-4.86165
-5.00789
-5.0807
-5.11721
-5.15029
-5.19087
-5.22798
-5.23467
-5.18539
-5.06418
-4.87227
-4.62629
-4.35446
-4.082
-3.81805
-3.55731
-3.28631
-2.99871
-2.70148
-2.41626
-2.16741
-1.96877
-1.82065
-1.70875
-1.61102
-1.50433
-1.37825
-1.2393
-1.11076
-1.0195
-0.981621
-0.998544
-1.05462
-1.12267
-1.16918
-1.16724
-1.10137
-0.972627
-0.795975
-0.596606
-0.396842
-0.204695
-0.0152549
0.183566
0.397133
0.618462
0.827002
1.00005
1.12545
1.20446
1.25294
1.29463
1.3544
1.4445
1.5602
1.67988
1.77839
1.84129
1.86833
1.87478
1.88429
1.92183
1.9991
2.10994
2.23043
2.33294
2.40124
2.43412
2.44705
2.46482
2.5142
2.60848
2.74246
2.89195
3.02761
3.12863
3.18318
3.18686
-3.14637
-2.97108
-2.75308
-2.54021
-2.41813
-2.46884
-2.72153
-3.16994
-3.7546
-4.39487
-4.9811
-5.43982
-5.72513
-5.84615
-5.84638
-5.81285
-5.82255
-5.8914
-5.99317
-6.05989
-6.04034
-5.89852
-5.63868
-5.29076
-4.9189
-4.57955
-4.28196
-4.00552
-3.70348
-3.35418
-2.96412
-2.5832
-2.26784
-2.04286
-1.91019
-1.83779
-1.78221
-1.68751
-1.53118
-1.32336
-1.11968
-0.982964
-0.944181
-1.01008
-1.15049
-1.31894
-1.4478
-1.49139
-1.42062
-1.24181
-0.98345
-0.703246
-0.451476
-0.236349
-0.0392363
0.182019
0.446455
0.747006
1.03598
1.26
1.39641
1.44512
1.43983
1.42594
1.46167
1.57191
1.74895
1.93924
2.0825
2.15153
2.14359
2.0922
2.0435
2.05735
2.15851
2.33744
2.53638
2.69046
2.7696
2.76959
2.72479
2.6837
2.71043
2.83333
3.04585
3.29149
3.50664
3.66207
3.74542
3.7629
-3.70507
-3.36931
-2.96083
-2.4904
-2.14438
-2.11824
-2.4278
-3.09281
-3.98041
-4.98899
-5.86177
-6.50894
-6.82519
-6.85836
-6.66067
-6.44624
-6.40967
-6.54455
-6.80886
-7.00939
-7.0714
-6.90293
-6.53204
-5.98985
-5.43667
-5.01711
-4.71558
-4.49073
-4.18887
-3.76853
-3.21382
-2.65598
-2.23835
-1.98429
-1.91321
-1.94287
-2.01005
-1.95977
-1.75862
-1.40188
-1.03259
-0.805856
-0.756446
-0.91478
-1.20649
-1.57272
-1.84975
-1.98077
-1.89606
-1.62617
-1.20303
-0.769602
-0.454011
-0.242731
-0.0986516
0.11761
0.443079
0.891513
1.33776
1.64539
1.79291
1.76279
1.63839
1.48504
1.46091
1.60239
1.91788
2.2656
2.49278
2.57186
2.48067
2.30506
2.11194
2.06646
2.20528
2.53548
2.9063
3.15531
3.25133
3.16896
2.99664
2.80435
2.76768
2.92861
3.30109
3.73447
4.07123
4.29883
4.40202
4.44877
-4.50043
-3.87214
-3.25773
-2.26141
-1.40998
-1.28427
-1.62229
-2.69528
-4.03215
-5.77884
-7.06758
-8.05491
-8.33327
-8.20347
-7.4996
-6.8241
-6.75058
-7.01205
-7.71717
-8.15921
-8.43529
-8.19981
-7.67316
-6.70593
-5.76329
-5.28605
-5.0402
-5.08832
-4.84642
-4.37798
-3.46973
-2.52868
-1.9752
-1.66425
-1.77321
-1.99608
-2.40926
-2.45163
-2.21258
-1.50102
-0.742892
-0.376206
-0.272465
-0.630396
-1.15823
-1.95812
-2.46521
-2.78421
-2.64163
-2.23483
-1.44112
-0.670047
-0.310197
-0.156267
-0.265972
-0.108073
0.258572
1.03506
1.83498
2.2571
2.44099
2.21198
1.87435
1.35376
1.21737
1.37799
2.03609
2.76121
3.11203
3.23313
2.93505
2.53892
1.9636
1.80609
1.97239
2.67104
3.44773
3.83664
3.9862
3.69421
3.29364
2.69741
2.53701
2.71598
3.46545
4.31351
4.79007
5.11191
5.13712
5.28856
-5.77374
-4.35494
-4.10446
-1.82365
0.36966
0.217687
0.241758
-1.91756
-3.49358
-7.22797
-8.70724
-10.6216
-10.4289
-10.375
-8.29737
-6.33478
-6.60878
-6.84042
-9.00401
-9.54773
-10.5355
-9.9156
-9.44831
-7.38617
-5.41927
-5.22129
-4.94108
-6.10307
-5.82973
-5.62023
-3.77231
-1.84267
-1.36217
-0.738945
-1.4686
-1.77468
-3.34185
-3.34814
-3.34629
-1.66649
0.111244
0.432851
0.877056
-0.100634
-0.717498
-2.76441
-3.35079
-4.25155
-3.76686
-3.39976
-1.64575
0.0225911
0.131062
0.310726
-0.817744
-0.633443
-0.515171
1.14582
2.87721
3.21286
3.68463
2.81853
2.37478
0.67022
0.547135
0.4382
2.0588
3.79681
4.06308
4.49902
3.53167
3.03182
1.21468
1.08045
0.973902
2.6952
4.5485
4.86356
5.35786
4.37678
3.8734
1.96385
1.81861
1.68269
3.48866
5.42827
5.73246
6.35293
5.69134
6.39734
-8.39037
-3.15519
-7.87474
-1.2597
5.52668
1.46634
5.25012
-1.9796
0.153264
-11.9243
-9.72017
-16.2222
-12.3244
-15.4603
-8.92927
-2.6245
-6.52766
-3.88644
-12.6232
-10.2965
-14.9505
-11.4113
-13.5197
-7.92884
-2.52756
-5.27448
-2.76468
-9.18427
-6.7206
-9.22136
-4.192
0.930636
-0.954108
2.13514
-1.7734
0.263319
-6.52156
-4.25575
-6.89565
-1.97233
3.06289
1.06608
4.07486
-0.0897602
1.78324
-5.67319
-3.78291
-7.71325
-4.72197
-6.56106
-1.72618
2.96228
0.470659
2.66233
-3.25905
-1.06284
-3.50956
1.15613
5.93019
3.97355
6.85576
2.81785
4.69171
-2.28969
-0.142521
-2.99115
1.91338
6.95268
4.77074
7.78662
3.45605
5.42261
-1.95662
0.315926
-2.65568
2.53025
7.86526
5.6333
8.85495
4.37242
6.47893
-1.30932
1.08766
-2.14596
3.32028
8.89889
6.22021
9.44089
4.27711
8.40617
-17.8081
12.3795
-27.9666
-0.94231
26.3032
-8.58041
26.1181
-15.5237
24.2633
-37.1862
1.80387
-36.7986
-4.0913
-34.4661
-9.23538
15.7852
-15.8705
15.4518
-32.1739
-0.992999
-31.164
-4.77455
-28.6782
-8.19883
12.0973
-12.8977
12.2698
-25.0578
-0.463043
-23.6663
-4.74646
13.7941
-7.70912
15.0856
-10.6399
15.0039
-22.735
1.90021
-21.3369
-2.44007
16.1398
-5.50964
17.6016
-8.77402
17.7174
-22.0423
4.1656
-21.1433
1.27748
-19.3342
-1.59707
16.24
-5.93503
16.6954
-17.3911
5.19218
-16.7473
1.00891
18.6739
-2.23521
19.9903
-5.6973
19.7587
-18.3963
6.36022
-17.5866
1.57234
20.5056
-2.00799
21.6515
-5.68896
21.2697
-19.028
7.10147
-18.0335
2.14917
22.077
-1.45153
23.4446
-5.12143
23.3315
-19.2504
8.46356
-18.5035
2.989
24.2589
-1.78805
24.6014
-10.5199
16.1351
28881
28842.5
28803.6
28764.4
28725
28685.3
28645.3
28605.2
28564.9
28524.4
28483.8
28443
28402.2
28361.4
28320.5
0.467411
0.451101
0.429473
0.403176
0.373073
0.340103
0.305172
0.269078
0.23246
0.195785
0.15935
0.12331
0.0876956
0.0524503
0.0174536
0.785095
0.757588
0.720849
0.676095
0.624901
0.568955
0.50986
0.449
0.387459
0.326009
0.265124
0.205029
0.145746
0.0871457
0.0289957
1.11264
1.0733
1.02023
0.955445
0.881468
0.800943
0.716308
0.6296
0.54237
0.455671
0.370113
0.285942
0.203117
0.121393
0.0403817
1.45486
1.40261
1.33121
1.24387
1.14448
1.03695
0.924751
0.810666
0.696707
0.584162
0.473699
0.365499
0.259386
0.154926
0.0515214
1.81801
1.75102
1.65809
1.5443
1.41556
1.27755
1.13502
0.991556
0.849592
0.710539
0.574994
0.442953
0.313991
0.187401
0.0622986
2.21019
2.12539
2.00584
1.85967
1.69588
1.52258
1.34613
1.17088
0.999521
0.833373
0.672756
0.517307
0.366212
0.218383
0.0725679
2.6425
2.53471
2.38035
2.19277
1.98573
1.77075
1.55593
1.34622
1.14417
0.950627
0.76532
0.587284
0.415152
0.247341
0.0821543
3.13067
2.99103
2.78848
2.54564
2.2838
2.01886
1.76057
1.5138
1.28022
1.05958
0.850566
0.651325
0.459753
0.273664
0.0908577
3.69781
3.51085
3.23742
2.91802
2.58551
2.26072
1.95385
1.66819
1.40326
1.15683
0.925982
0.707655
0.498844
0.296688
0.0984635
4.38053
4.1169
3.73215
3.30349
2.87996
2.48517
2.12625
1.80196
1.50779
1.23843
0.988824
0.754424
0.531247
0.315762
0.104763
5.25044
4.84245
4.26947
3.6825
3.1453
2.67394
2.26425
1.90573
1.58752
1.30026
1.03641
0.789929
0.555929
0.330332
0.109582
6.48743
5.7336
4.82136
4.01073
3.34416
2.80099
2.35118
1.96928
1.63631
1.33867
1.06659
0.812915
0.572182
0.340041
0.112814
8.57736
6.78315
5.27314
4.19504
3.41943
2.83465
2.37029
1.98394
1.64977
1.35148
1.07833
0.822919
0.579817
0.344822
0.114442
12.6472
7.54741
5.29264
4.07663
3.30379
2.74803
2.31149
1.94648
1.62734
1.33909
1.07229
0.82057
0.579319
0.344973
0.114565
-0.0984138
-0.296959
-0.500758
-0.713664
-0.94012
-1.18555
-1.45697
-1.76404
-2.12095
-2.55032
-3.09178
-3.82348
-4.92295
-6.86179
-11.0948
-0.0937283
-0.282619
-0.475874
-0.67661
-0.888283
-1.11486
-1.36106
-1.63261
-1.93649
-2.28085
-2.67297
-3.10889
-3.52596
-3.58526
-1.63648
-0.0880444
-0.265241
-0.445781
-0.631944
-0.826072
-1.03052
-1.24751
-1.47868
-1.72388
-1.97817
-2.2237
-2.40734
-2.37734
-1.70309
0.801468
-0.0815879
-0.245534
-0.411768
-0.581729
-0.756668
-0.937441
-1.12409
-1.31495
-1.5049
-1.68154
-1.81737
-1.85413
-1.676
-1.09195
-0.00889418
-0.0745937
-0.224229
-0.375154
-0.528037
-0.683186
-0.840252
-0.997693
-1.15183
-1.29512
-1.41318
-1.47981
-1.45014
-1.25643
-0.827301
-0.188602
-0.0672856
-0.202019
-0.337166
-0.47275
-0.608348
-0.742771
-0.873561
-0.996184
-1.1028
-1.18047
-1.20905
-1.16002
-1.00027
-0.708117
-0.295835
-0.059862
-0.179511
-0.298859
-0.417431
-0.534297
-0.647782
-0.755062
-0.85162
-0.930537
-0.981803
-0.992134
-0.946738
-0.835985
-0.672283
-0.527602
-0.0524871
-0.157204
-0.261073
-0.363273
-0.462564
-0.557065
-0.643973
-0.719267
-0.777437
-0.811509
-0.813845
-0.778756
-0.708413
-0.623146
-0.57163
-0.0452874
-0.135474
-0.224429
-0.311111
-0.394127
-0.471582
-0.54091
-0.598765
-0.641034
-0.66321
-0.661483
-0.635162
-0.591128
-0.55048
-0.553761
-0.0383539
-0.114588
-0.189346
-0.261467
-0.329519
-0.391702
-0.445773
-0.489045
-0.518546
-0.53147
-0.526143
-0.50378
-0.47141
-0.447204
-0.476325
-0.0317456
-0.0947145
-0.156076
-0.214623
-0.268953
-0.317416
-0.358089
-0.388844
-0.407528
-0.41236
-0.402572
-0.379252
-0.345946
-0.306788
-0.249714
-0.0254961
-0.0759461
-0.12474
-0.170678
-0.212427
-0.248496
-0.277248
-0.296979
-0.306087
-0.303359
-0.288329
-0.261558
-0.224478
-0.1787
-0.130128
-0.019619
-0.0583157
-0.0953679
-0.129615
-0.15981
-0.184615
-0.202626
-0.212445
-0.212825
-0.202856
-0.182166
-0.150911
-0.108991
-0.0524366
0.0426181
-0.0141139
-0.0418149
-0.0679232
-0.0913354
-0.110898
-0.125408
-0.133643
-0.134421
-0.126707
-0.109755
-0.0832702
-0.047555
-0.00360845
0.0472011
0.108379
-0.00897029
-0.026408
-0.0423295
-0.0556996
-0.0654557
-0.0705132
-0.0697892
-0.0622465
-0.0469633
-0.0232329
0.00928413
0.0502001
0.097062
0.139745
0.134966
-0.00417173
-0.0120415
-0.0184862
-0.0225431
-0.0232372
-0.0195867
-0.0106195
0.0046032
0.0269575
0.0572272
0.0960727
0.14394
0.200689
0.26535
0.345739
0.000302136
0.00134813
0.00372075
0.008309
0.0160044
0.0276954
0.0442585
0.0665525
0.0954269
0.131773
0.176663
0.231629
0.298887
0.380154
0.465099
0.00447356
0.0138294
0.0244112
0.0370349
0.0525119
0.0716425
0.0952106
0.123986
0.158755
0.200427
0.250323
0.310903
0.387449
0.492515
0.661996
0.00836551
0.0254726
0.0437061
0.0638115
0.0865235
0.112557
0.142601
0.177312
0.217339
0.263414
0.316629
0.379199
0.456296
0.560268
0.718924
0.0120008
0.0363468
0.0617238
0.0888106
0.11827
0.150738
0.186806
0.227003
0.271777
0.321493
0.376512
0.437522
0.506566
0.590174
0.707433
0.0154013
0.0465186
0.0785774
0.112195
0.14797
0.186468
0.228198
0.273571
0.322834
0.375941
0.432315
0.490386
0.546792
0.596838
0.654813
0.0185877
0.0560504
0.0943719
0.134115
0.175823
0.220006
0.267116
0.317493
0.371273
0.428173
0.487022
0.544538
0.591491
0.598123
0.446807
0.0215793
0.0649997
0.109203
0.154704
0.202
0.251564
0.303821
0.359108
0.417593
0.4791
0.542738
0.606161
0.664245
0.709211
0.754343
0.0243937
0.0734193
0.123158
0.17408
0.226647
0.281305
0.33848
0.398559
0.461865
0.528591
0.598682
0.671627
0.746176
0.820318
0.890926
0.0270473
0.0813578
0.136315
0.192349
0.249886
0.309353
0.371181
0.435828
0.503812
0.575791
0.652716
0.736116
0.828486
0.934
1.06395
0.0295557
0.0888615
0.14875
0.20961
0.271831
0.335814
0.401985
0.470839
0.543037
0.619601
0.702322
0.794495
0.901767
1.03084
1.17228
0.031934
0.0959749
0.160535
0.22596
0.292599
0.360811
0.430985
0.50359
0.579287
0.65919
0.745443
0.842518
0.960004
1.11925
1.37433
0.0341969
0.102743
0.171744
0.241503
0.31232
0.3845
0.458357
0.534254
0.612673
0.694424
0.781136
0.876506
0.989333
1.14128
1.38859
0.0363592
0.109209
0.182452
0.256346
0.331142
0.407078
0.484374
0.563225
0.643801
0.726267
0.810905
0.898515
0.991587
1.09723
1.22947
0.0384349
0.115417
0.192733
0.2706
0.349219
0.428767
0.50937
0.591057
0.673667
0.756657
0.8387
0.916876
0.985186
1.03485
1.08589
0.0404378
0.121408
0.202658
0.284368
0.366698
0.449779
0.533673
0.618306
0.703322
0.787754
0.869268
0.942236
0.991793
0.971646
0.702045
0.04238
0.127218
0.212289
0.29774
0.383704
0.470284
0.557524
0.645349
0.733434
0.820924
0.905858
0.984002
1.04686
1.0818
1.1061
0.0442728
0.132882
0.221682
0.310793
0.400329
0.490386
0.58103
0.672272
0.764008
0.855914
0.947242
1.03653
1.12138
1.19949
1.27259
0.0461261
0.138429
0.230883
0.323587
0.416639
0.510136
0.604184
0.698912
0.794516
0.89135
0.990116
1.09228
1.20069
1.32078
1.46666
0.0479493
0.143886
0.239936
0.336176
0.432686
0.529561
0.626928
0.725007
0.824226
0.925488
1.0307
1.14381
1.27197
1.42431
1.59047
0.0497511
0.149279
0.248882
0.348613
0.448528
0.548699
0.649239
0.750372
0.852575
0.956932
1.0659
1.185
1.32657
1.51838
1.83005
0.0515402
0.154633
0.257764
0.360957
0.464237
0.567634
0.671201
0.775054
0.879487
0.985232
1.09413
1.21074
1.34637
1.52937
1.8346
0.0533253
0.159977
0.266629
0.373278
0.479912
0.586507
0.693023
0.799394
0.90554
1.0114
1.11709
1.22341
1.33336
1.45564
1.60595
0.0551147
0.165334
0.27552
0.385644
0.49566
0.605491
0.715003
0.823948
0.931844
1.03774
1.13969
1.23372
1.31186
1.36257
1.41123
0.0569159
0.170728
0.28448
0.398121
0.511581
0.62475
0.737437
0.849286
0.959589
1.06686
1.16789
1.25519
1.30945
1.27107
0.909406
0.0587351
0.176179
0.293542
0.410759
0.52775
0.644397
0.760512
0.875757
0.989484
1.10037
1.20569
1.29977
1.37143
1.40419
1.41954
0.0605774
0.181701
0.302728
0.423589
0.544202
0.664468
0.784249
0.903339
1.0214
1.1378
1.25138
1.36004
1.46047
1.54954
1.62945
0.0624461
0.187303
0.312053
0.436624
0.560941
0.684929
0.808524
0.931698
1.05451
1.17722
1.30055
1.42616
1.55751
1.70136
1.87549
0.0643438
0.192993
0.321528
0.449871
0.577952
0.705715
0.833152
0.960367
1.08774
1.21626
1.3482
1.48842
1.64594
1.83227
2.03379
0.0662727
0.198777
0.331158
0.463333
0.595227
0.726781
0.85799
0.988985
1.12023
1.25296
1.39017
1.53879
1.71446
1.95277
2.34323
0.0682347
0.20466
0.340954
0.477024
0.612781
0.748137
0.883032
1.01749
1.15174
1.28661
1.42429
1.57049
1.73955
1.96776
2.35087
0.0702314
0.210649
0.350927
0.490966
0.630655
0.769863
0.908434
1.04618
1.18288
1.31835
1.45258
1.58646
1.72364
1.87531
2.06222
0.0722642
0.216747
0.361089
0.505184
0.648905
0.792081
0.934463
1.07565
1.21493
1.35099
1.4812
1.60027
1.69772
1.75853
1.81488
0.074333
0.222956
0.371444
0.519695
0.667575
0.8149
0.961376
1.10649
1.24927
1.38774
1.51764
1.6292
1.6973
1.64496
1.17469
0.0764361
0.22927
0.381987
0.534493
0.686672
0.838357
0.989287
1.139
1.28664
1.43047
1.56688
1.68845
1.78057
1.82174
1.83948
0.0785699
0.23568
0.392696
0.549549
0.706151
0.862387
1.01809
1.17301
1.32671
1.47838
1.6265
1.76829
1.89926
2.01489
2.11619
0.0807286
0.242166
0.403541
0.56481
0.725924
0.886833
1.0475
1.20792
1.36823
1.52879
1.69058
1.85575
2.02869
2.21809
2.44717
0.0829053
0.248707
0.414481
0.580209
0.745878
0.911494
1.07712
1.24297
1.40961
1.57839
1.75237
1.93791
2.14677
2.39384
2.6601
0.0850921
0.255279
0.425473
0.595679
0.765908
0.936193
1.10664
1.27751
1.44954
1.62443
1.80619
2.00398
2.23838
2.55639
3.07652
0.0872812
0.261858
0.436476
0.611161
0.785935
0.960827
1.1359
1.31132
1.48753
1.66574
1.84895
2.04473
2.27202
2.5787
3.09056
0.089464
0.268419
0.447453
0.626609
0.805916
0.985379
1.16497
1.34461
1.52419
1.70361
1.88304
2.06372
2.25058
2.45863
2.71599
0.0916316
0.274937
0.458364
0.641981
0.825826
1.00989
1.19404
1.37798
1.56099
1.74153
1.91633
2.07854
2.21448
2.30444
2.39095
0.0937736
0.281381
0.469163
0.657221
0.845621
1.03437
1.22332
1.41205
1.59955
1.78346
1.95841
2.11172
2.21035
2.15274
1.54534
0.0958775
0.287713
0.479788
0.672248
0.865212
1.05874
1.25278
1.44703
1.64064
1.83164
2.0156
2.18298
2.31475
2.38292
2.42428
0.0979286
0.29389
0.490164
0.686952
0.884444
1.0828
1.28215
1.48248
1.68358
1.88475
2.08435
2.27906
2.46335
2.63184
2.78683
0.0999105
0.299861
0.5002
0.701191
0.903103
1.10622
1.31087
1.51744
1.7265
1.93897
2.15655
2.38249
2.62301
2.8902
3.21548
0.101806
0.305571
0.5098
0.714814
0.920956
1.12862
1.3383
1.55071
1.76708
1.98968
2.223
2.47587
2.7642
3.10831
3.4856
0.103597
0.310968
0.518871
0.727677
0.937783
1.14965
1.36386
1.58128
1.80338
2.03298
2.27591
2.54471
2.86671
3.30348
4.00847
0.10527
0.316005
0.527332
0.739658
0.953416
1.16909
1.38724
1.60865
1.8345
2.06704
2.31091
2.57668
2.88959
3.31247
4.01061
0.106809
0.320641
0.535114
0.750666
0.967749
1.18683
1.4084
1.63295
1.86102
2.09327
2.33076
2.57602
2.83615
3.13041
3.49024
0.108204
0.324839
0.54216
0.760631
0.98072
1.20288
1.42752
1.65484
1.88467
2.11588
2.34526
2.56512
2.75905
2.90289
3.05163
0.109443
0.32857
0.548421
0.769492
0.992277
1.21725
1.4448
1.67502
1.90739
2.13979
2.36643
2.57232
2.71675
2.67205
1.93899
0.110518
0.331804
0.55385
0.77718
1.00234
1.22986
1.46024
1.69375
1.93011
2.16773
2.40206
2.62227
2.80583
2.9193
3.01035
0.11142
0.334518
0.558399
0.783618
1.01078
1.24052
1.47355
1.71053
1.95198
2.19797
2.44752
2.69775
2.9436
3.18221
3.42774
0.112146
0.336694
0.56203
0.788727
1.01744
1.24893
1.48413
1.72422
1.97072
2.22576
2.49254
2.77633
3.08646
3.44036
3.87816
0.112695
0.338331
0.564727
0.792454
1.02219
1.25478
1.49136
1.73349
1.98356
2.24542
2.52577
2.83668
3.19897
3.64031
4.14599
0.113074
0.339445
0.566509
0.7948
1.02498
1.25789
1.49475
1.73728
1.98823
2.25225
2.53782
2.86141
3.25661
3.79563
4.65039
0.113299
0.340084
0.567448
0.79585
1.02587
1.2583
1.49422
1.73524
1.98384
2.24414
2.5235
2.83647
3.21442
3.73175
4.58546
0.113398
0.340326
0.567674
0.795787
1.02512
1.25629
1.49016
1.72795
1.97135
2.2228
2.48587
2.76645
3.07547
3.43432
3.86028
0.113405
0.340282
0.567377
0.794889
1.0231
1.25242
1.48341
1.71678
1.95329
2.19339
2.43612
2.67673
2.90193
3.09034
3.30497
0.113366
0.340089
0.566797
0.793515
1.02033
1.24741
1.47501
1.70343
1.93276
2.16215
2.38788
2.59776
2.75395
2.7282
2.0015
0.113334
0.339911
0.566214
0.792083
1.01739
1.24205
1.46607
1.68948
1.91219
2.13348
2.35065
2.55612
2.73233
2.85284
2.97326
0.113368
0.339924
0.56594
0.791049
1.0149
1.23715
1.45756
1.67602
1.89261
2.10766
2.32157
2.53484
2.7494
2.97759
3.27548
0.113527
0.340316
0.566298
0.7909
1.01352
1.23354
1.45042
1.66386
1.87413
2.08263
2.29294
2.51271
2.75699
3.05396
3.45116
0.113871
0.34127
0.567617
0.792134
1.01395
1.23211
1.44567
1.65391
1.85687
2.05633
2.25776
2.47356
2.72802
3.06074
3.50842
0.114454
0.342957
0.570209
0.795246
1.01692
1.23389
1.44463
1.64764
1.84204
2.02868
2.2126
2.40759
2.64469
2.9877
3.56181
0.115317
0.345513
0.57434
0.80069
1.02317
1.24
1.44894
1.64736
1.8326
2.00292
2.15975
2.31239
2.48783
2.7542
3.30143
0.116484
0.349021
0.580189
0.808821
1.03334
1.25159
1.46055
1.65623
1.83351
1.98651
2.1098
2.20138
2.26782
2.32566
2.34698
0.11795
0.353477
0.587797
0.8198
1.04787
1.26961
1.48139
1.67786
1.85128
1.99074
2.08189
2.10782
2.05378
1.92248
1.80223
0.119674
0.358769
0.597009
0.8335
1.06679
1.29452
1.51283
1.7155
1.89261
2.02852
2.09925
2.06982
1.8934
1.51163
0.81227
0.121574
0.36465
0.607428
0.849408
1.08957
1.32597
1.55512
1.77087
1.96253
2.11155
2.18619
2.1339
1.87561
1.32134
0.46478
0.123522
0.370734
0.618391
0.866566
1.11493
1.36243
1.60668
1.84296
2.06205
2.24624
2.36127
2.34104
2.06339
1.34095
0.118314
0.125351
0.376504
0.628984
0.883577
1.14088
1.40111
1.66377
1.92696
2.1858
2.42898
2.63031
2.72697
2.56002
1.70788
-0.962556
0.126864
0.381344
0.638098
0.89869
1.16476
1.43806
1.72047
2.01397
2.32042
2.64079
2.97209
3.29596
3.53241
3.33745
1.16107
0.127852
0.384599
0.644533
0.909976
1.1836
1.46866
1.76944
2.09196
2.4454
2.84507
3.3191
3.92573
4.80423
6.34256
9.78217
9.59799
6.02209
4.46527
3.59881
3.01482
2.56777
2.19697
1.87316
1.58049
1.30945
1.05389
0.809475
0.57297
0.341754
0.113587
0.549351
2.88678
3.13602
2.93419
2.64246
2.3436
2.05595
1.78214
1.52097
1.2704
1.02844
0.793218
0.563071
0.336456
0.111923
-1.62749
1.20165
2.11993
2.33192
2.27501
2.11164
1.90532
1.68235
1.45406
1.22536
0.99828
0.773421
0.550709
0.329703
0.109778
-0.297166
0.843447
1.59423
1.91633
1.9815
1.90951
1.76628
1.58626
1.38742
1.17919
0.966556
0.752118
0.537149
0.322191
0.107375
-0.171677
0.755894
1.36618
1.67916
1.78325
1.75687
1.65278
1.50324
1.32728
1.13605
0.936068
0.731166
0.523572
0.314575
0.104922
0.105053
0.888635
1.34456
1.58703
1.67561
1.65819
1.57085
1.43855
1.27773
1.09896
0.908982
0.712071
0.51096
0.307409
0.102599
1.01736
1.2489
1.47116
1.60179
1.6416
1.60808
1.52013
1.39365
1.24063
1.06965
0.886696
0.695884
0.500035
0.301113
0.100544
1.5171
1.61559
1.66141
1.67961
1.65852
1.59575
1.49618
1.36718
1.21599
1.04864
0.86986
0.683189
0.49124
0.295959
0.0988473
2.39073
2.01887
1.87083
1.78473
1.7044
1.60898
1.49265
1.35613
1.20255
1.03556
0.8585
0.674154
0.484755
0.292075
0.0975554
2.6677
2.26674
2.03724
1.88585
1.76076
1.63674
1.50316
1.35692
1.19843
1.02948
0.852197
0.668628
0.480549
0.289467
0.0966741
2.75292
2.39555
2.14943
1.9687
1.8164
1.67113
1.52245
1.36622
1.20158
1.02917
0.850262
0.666236
0.478429
0.288048
0.0961784
2.76634
2.44709
2.21622
2.03183
1.86716
1.70789
1.54698
1.38137
1.21012
1.0334
0.851882
0.666471
0.478099
0.287665
0.096021
2.70009
2.43729
2.25074
2.08129
1.91418
1.74579
1.57479
1.40044
1.22247
1.04095
0.856212
0.668769
0.479202
0.288123
0.0961407
2.48134
2.37455
2.27338
2.12915
1.96209
1.78552
1.60492
1.42205
1.2373
1.05074
0.86243
0.672546
0.48136
0.28921
0.0964693
1.69791
2.30793
2.32594
2.19291
2.01661
1.82804
1.63663
1.44496
1.25341
1.06176
0.869749
0.677233
0.484192
0.290709
0.0969364
2.84907
2.65246
2.4834
2.28674
2.07969
1.87255
1.66853
1.46779
1.26959
1.07304
0.877431
0.682294
0.487336
0.292413
0.0974744
3.35119
2.9779
2.66004
2.38782
2.14285
1.9149
1.69815
1.48889
1.28464
1.08367
0.884801
0.687239
0.490463
0.29413
0.0980209
4.02437
3.26487
2.80501
2.47003
2.19421
1.94949
1.72258
1.50654
1.29743
1.09286
0.891275
0.691651
0.493288
0.295697
0.098522
4.10193
3.3438
2.86328
2.51121
2.22402
1.97174
1.73947
1.51938
1.30709
1.09999
0.896404
0.695198
0.495584
0.29698
0.0989338
3.69065
3.22999
2.83238
2.5074
2.2296
1.98011
1.74792
1.52682
1.31318
1.10471
0.899894
0.697654
0.497189
0.29788
0.0992233
3.47093
3.07245
2.7511
2.47087
2.21557
1.97649
1.74869
1.52911
1.31569
1.10691
0.901614
0.69889
0.498
0.298334
0.0993687
3.09443
2.8614
2.6413
2.4171
2.19029
1.96505
1.74377
1.52716
1.315
1.10671
0.901568
0.698868
0.497972
0.298308
0.0993578
2.7298
2.64142
2.53439
2.3652
2.16395
1.95088
1.73563
1.52213
1.31167
1.10436
0.899846
0.69761
0.497101
0.297792
0.0991865
1.77019
2.43444
2.47068
2.33564
2.14585
1.93826
1.72629
1.51502
1.30617
1.10009
0.896566
0.695169
0.495408
0.296794
0.0988566
2.80791
2.66365
2.52596
2.34417
2.14017
1.9287
1.7165
1.50625
1.29877
1.09407
0.891834
0.691611
0.492931
0.295333
0.0983739
3.22369
2.88836
2.6119
2.3682
2.13973
1.91967
1.70538
1.49559
1.28947
1.08638
0.885728
0.687
0.489717
0.293437
0.0977472
3.72767
3.07227
2.67514
2.38175
2.13349
1.90666
1.69116
1.4824
1.27811
1.07702
0.878313
0.681406
0.485819
0.291139
0.0969879
3.73714
3.07689
2.6664
2.36403
2.11242
1.88583
1.6723
1.46615
1.26456
1.06603
0.869677
0.674918
0.481308
0.288481
0.0961103
3.26865
2.90814
2.58263
2.31116
2.07403
1.85596
1.64835
1.44677
1.24892
1.05356
0.859964
0.667653
0.476269
0.285516
0.0951313
3.02576
2.71518
2.4614
2.23452
2.02246
1.81885
1.62025
1.42483
1.23158
1.0399
0.849389
0.659768
0.470806
0.282303
0.0940712
2.63646
2.48284
2.32155
2.14768
1.96508
1.77828
1.58997
1.40143
1.21321
1.02546
0.838227
0.651447
0.465042
0.278913
0.0929521
2.29919
2.25589
2.19051
2.06698
1.91067
1.7388
1.55988
1.37786
1.19453
1.01071
0.826779
0.642891
0.459104
0.275416
0.0917969
1.46893
2.04436
2.09991
2.00913
1.86712
1.70424
1.53199
1.35524
1.17623
0.996079
0.815332
0.634291
0.453114
0.27188
0.090628
2.2793
2.19393
2.11099
1.98695
1.83814
1.67624
1.50725
1.33421
1.15878
0.981896
0.804123
0.625811
0.447181
0.268369
0.0894654
2.58774
2.34188
2.15068
1.98208
1.8183
1.65321
1.48536
1.3149
1.14238
0.96837
0.793322
0.61758
0.441392
0.264932
0.0883256
2.9341
2.45195
2.17473
1.97395
1.79944
1.63213
1.46533
1.29706
1.12707
0.955606
0.783037
0.609687
0.435812
0.261607
0.0872212
2.90296
2.41981
2.14576
1.94769
1.77564
1.61075
1.44636
1.28047
1.11282
0.943653
0.773332
0.602186
0.43048
0.258418
0.0861603
2.45173
2.24254
2.06411
1.90346
1.74692
1.58907
1.42846
1.26516
1.09967
0.932546
0.764236
0.595103
0.425417
0.255379
0.0851468
2.11377
2.04402
1.9702
1.85647
1.71918
1.56934
1.41247
1.25142
1.08772
0.922305
0.755751
0.588435
0.420618
0.252486
0.0841804
1.32288
1.84841
1.90407
1.82596
1.70022
1.55452
1.39945
1.23955
1.07701
0.912904
0.747833
0.582145
0.41606
0.249726
0.0832565
2.00444
1.97918
1.93092
1.82864
1.69519
1.54627
1.3898
1.22959
1.06744
0.904222
0.740385
0.576164
0.411696
0.247074
0.0823671
2.25966
2.12602
1.99534
1.85307
1.70099
1.54329
1.3828
1.22101
1.05865
0.896021
0.733247
0.570385
0.407462
0.244495
0.0815011
2.51828
2.27091
2.0679
1.88445
1.71078
1.5423
1.37673
1.2129
1.05011
0.887968
0.726212
0.564682
0.403281
0.241947
0.0806458
2.67399
2.38511
2.12694
1.90917
1.71704
1.53933
1.36952
1.2041
1.04118
0.879698
0.719062
0.558924
0.399076
0.239391
0.0797885
2.9719
2.47809
2.15804
1.91621
1.7134
1.53091
1.3593
1.19363
1.0313
0.870892
0.711611
0.552998
0.394781
0.236792
0.0789185
2.94384
2.45053
2.13492
1.8963
1.69572
1.51502
1.345
1.18089
1.02014
0.861357
0.70374
0.546833
0.390354
0.234126
0.0780282
2.55048
2.2997
2.05846
1.85009
1.66433
1.49175
1.32665
1.16588
1.00768
0.851061
0.695422
0.540405
0.385777
0.231383
0.0771145
2.35572
2.14238
1.95927
1.78831
1.62387
1.46334
1.30536
1.14914
0.994191
0.840137
0.686719
0.533742
0.381061
0.228568
0.0761784
2.06302
1.96418
1.85174
1.72214
1.58077
1.43321
1.28289
1.13159
0.980134
0.828826
0.677755
0.526909
0.376241
0.225697
0.0752244
1.80769
1.79553
1.75624
1.66426
1.54205
1.40504
1.26115
1.11421
0.966032
0.817407
0.668683
0.519989
0.37136
0.222791
0.074259
1.17491
1.64585
1.69741
1.6275
1.51371
1.38169
1.24157
1.09776
0.952298
0.806113
0.659637
0.513061
0.366464
0.219873
0.0732895
1.84696
1.78751
1.72301
1.62136
1.4981
1.36402
1.2246
1.08252
0.939126
0.795076
0.650707
0.506185
0.361591
0.216964
0.0723224
2.12037
1.9328
1.77448
1.63037
1.49011
1.35013
1.20953
1.06826
0.926467
0.784318
0.641932
0.499396
0.356766
0.21408
0.071363
2.46385
2.05789
1.81618
1.63685
1.482
1.33671
1.19498
1.05441
0.914119
0.773779
0.633309
0.49271
0.352007
0.211232
0.0704152
2.48058
2.06905
1.81466
1.62646
1.46736
1.32089
1.17966
1.04044
0.901863
0.763387
0.624824
0.486133
0.347324
0.208429
0.069482
2.19768
1.97121
1.76729
1.596
1.44405
1.3015
1.16302
1.02609
0.889598
0.753111
0.616477
0.479674
0.342728
0.205677
0.0685658
2.05301
1.85785
1.69736
1.55225
1.41429
1.27933
1.14535
1.01148
0.877396
0.742994
0.608295
0.473353
0.338229
0.202984
0.0676687
1.82391
1.72053
1.61685
1.50366
1.38254
1.25652
1.12766
0.997101
0.865473
0.733141
0.60033
0.467194
0.333842
0.200354
0.0667925
1.6074
1.58352
1.54305
1.46072
1.35427
1.23575
1.1112
0.98352
0.854103
0.723677
0.592639
0.461223
0.329575
0.197792
0.0659378
1.04758
1.45814
1.49842
1.43466
1.33446
1.21921
1.09698
0.971201
0.843496
0.714696
0.585259
0.45545
0.325429
0.195294
0.0651032
1.65767
1.59002
1.52612
1.43404
1.32518
1.20759
1.08528
0.960279
0.83371
0.706215
0.578184
0.449861
0.321388
0.192849
0.064285
1.90145
1.71942
1.57347
1.4452
1.32208
1.1993
1.07549
0.950509
0.82463
0.698161
0.571362
0.444413
0.317421
0.190438
0.063476
2.19696
1.82388
1.60862
1.45291
1.31882
1.1918
1.06657
0.941427
0.816019
0.690393
0.564692
0.439031
0.313473
0.188027
0.0626655
2.19318
1.81884
1.60254
1.44574
1.31074
1.18312
1.05763
0.932595
0.807621
0.682735
0.558042
0.433616
0.309473
0.185574
0.0618388
1.88574
1.70419
1.55524
1.42355
1.29762
1.17302
1.04845
0.923781
0.799224
0.675
0.551254
0.42804
0.305329
0.183022
0.0609773
1.63918
1.567
1.49606
1.39748
1.28367
1.16294
1.03938
0.914952
0.79066
0.666989
0.544144
0.422154
0.30093
0.180305
0.0600583
1.03511
1.42909
1.45616
1.38214
1.2746
1.15489
1.03096
0.906091
0.781725
0.658461
0.536489
0.415772
0.296141
0.177339
0.0590544
1.59517
1.54607
1.48656
1.39019
1.27406
1.14982
1.02324
0.896941
0.772087
0.649093
0.528009
0.408674
0.290803
0.17403
0.0579334
1.80657
1.67038
1.54263
1.41211
1.27925
1.14644
1.01536
0.886848
0.761216
0.638455
0.518361
0.400596
0.284729
0.170265
0.0566584
2.02338
1.78896
1.60071
1.43581
1.28448
1.14191
1.00575
0.874813
0.74841
0.626021
0.507142
0.391235
0.277708
0.165918
0.0551875
2.1459
1.8756
1.64267
1.45023
1.28373
1.133
0.992567
0.859685
0.732877
0.611203
0.493906
0.380258
0.269504
0.160852
0.0534747
2.36924
1.93642
1.6566
1.44677
1.27212
1.11698
0.974198
0.840398
0.713836
0.5934
0.478183
0.367307
0.259867
0.154915
0.0514699
2.32368
1.89112
1.62204
1.41902
1.24704
1.09245
0.949645
0.816143
0.6906
0.572027
0.45949
0.352006
0.248526
0.147946
0.0491194
1.94574
1.73241
1.54173
1.36983
1.20996
1.05978
0.918687
0.786421
0.662582
0.546516
0.437332
0.333958
0.235197
0.139773
0.046366
1.66633
1.55808
1.44848
1.31241
1.16623
1.02085
0.88165
0.750902
0.629223
0.516279
0.411185
0.312742
0.219574
0.130214
0.0431489
1.02443
1.38482
1.3737
1.26214
1.12202
0.977689
0.838789
0.709142
0.589856
0.480641
0.380463
0.287897
0.201332
0.119074
0.039404
1.55513
1.46964
1.36874
1.23183
1.0808
0.930805
0.789551
0.660239
0.54355
0.43878
0.344496
0.258918
0.180122
0.106153
0.0350648
1.74801
1.56526
1.38887
1.21144
1.03894
0.877899
0.732065
0.602623
0.489021
0.389685
0.302527
0.225263
0.155584
0.0912432
0.0300652
1.9385
1.65657
1.4098
1.18774
0.989205
0.814484
0.663241
0.534058
0.424637
0.332181
0.253729
0.186371
0.127363
0.0741509
0.0243427
2.05686
1.72358
1.41364
1.14783
0.923015
0.734815
0.579142
0.451817
0.348521
0.265
0.197265
0.141712
0.0951404
0.0547079
0.0178455
2.30316
1.77448
1.38692
1.07954
0.831477
0.632607
0.475403
0.352938
0.258723
0.1869
0.132379
0.0908458
0.058676
0.0327988
0.0105395
2.29622
1.72748
1.30463
0.97017
0.705848
0.501514
0.347582
0.234487
0.153422
0.0968295
0.0585114
0.0335062
0.0178625
0.00838979
0.00241841
2.05423
1.57927
1.16103
0.812191
0.538627
0.335466
0.191441
0.0938352
0.0311709
-0.00589028
-0.0245661
-0.0303068
-0.0272163
-0.0184388
-0.0064863
1.82315
1.39174
0.969345
0.602038
0.322591
0.128402
0.00310463
-0.0710436
-0.10882
-0.121339
-0.116593
-0.100226
-0.0762257
-0.0474609
-0.0160955
1.25176
1.19806
0.739476
0.330964
0.0474307
-0.126442
-0.220708
-0.261144
-0.266314
-0.248742
-0.216659
-0.175423
-0.128526
-0.0782786
-0.0262746
2.45629
1.28561
0.474903
-0.0268283
-0.303795
-0.436491
-0.481848
-0.475695
-0.439566
-0.386192
-0.323055
-0.254529
-0.183137
-0.110306
-0.0368293
3.02463
1.12325
-0.00416196
-0.540679
-0.755139
-0.807104
-0.77869
-0.711015
-0.624758
-0.53039
-0.433168
-0.335605
-0.238733
-0.142774
-0.0475071
4.2536
0.423464
-0.89347
-1.27821
-1.3193
-1.23347
-1.10273
-0.959184
-0.815542
-0.676541
-0.543494
-0.41618
-0.293681
-0.174752
-0.0580063
1.13219
-2.02158
-2.42998
-2.25438
-1.97161
-1.69096
-1.43559
-1.20737
-1.00306
-0.818528
-0.649815
-0.493395
-0.346135
-0.205206
-0.0679936
-11.1446
-6.37302
-4.37189
-3.30494
-2.6224
-2.13085
-1.74953
-1.4389
-1.17682
-0.949499
-0.747576
-0.564234
-0.394182
-0.233073
-0.0771279
0.128046
0.385451
0.646885
0.915364
1.19447
1.4888
1.80461
2.15116
2.54304
3.00521
3.58401
4.37438
5.59548
7.82622
12.8248
0.127039
0.382636
0.642902
0.91135
1.19218
1.49078
1.81445
2.17373
2.58458
3.07228
3.67836
4.47181
5.56238
7.08034
8.89419
0.124509
0.37514
0.630715
0.894918
1.17209
1.46765
1.78866
2.14476
2.54934
3.02109
3.58522
4.27168
5.10179
6.03735
6.82971
0.120366
0.362688
0.609875
0.865482
1.13358
1.41902
1.72779
2.06737
2.44702
2.87756
3.3696
3.92779
4.53725
5.13731
5.58179
0.114628
0.34536
0.580589
0.823522
1.07768
1.34705
1.63613
1.94998
2.29392
2.67253
3.08729
3.53164
3.98287
4.39358
4.68835
0.107405
0.323516
0.543568
0.770288
1.00654
1.25532
1.5197
1.80263
2.10637
2.43152
2.77506
3.1272
3.4677
3.76442
3.97737
0.0988726
0.297713
0.499847
0.707479
0.922802
1.14793
1.38473
1.63456
1.89771
2.17263
2.45466
2.73431
2.99599
3.21864
3.37966
0.0892398
0.268602
0.4506
0.636937
0.829206
1.02879
1.23667
1.45315
1.67743
1.90706
2.13721
2.3599
2.56376
2.73501
2.86014
0.07872
0.236844
0.396993
0.560427
0.728245
0.901273
1.0799
1.26382
1.45176
1.64109
1.82749
2.00469
2.16455
2.29799
2.3966
0.067513
0.203048
0.340081
0.479504
0.622033
0.768107
0.917745
1.07037
1.22459
1.37799
1.52702
1.66691
1.79191
1.89598
1.97377
0.0557938
0.167746
0.280762
0.395447
0.512242
0.631334
0.752551
0.875239
0.998119
1.11918
1.23564
1.34398
1.44022
1.52029
1.58076
0.0437083
0.131374
0.219761
0.30926
0.400125
0.4924
0.585848
0.679866
0.773401
0.864899
0.9523
1.03312
1.10463
1.16417
1.2095
0.0313737
0.0942803
0.157643
0.221697
0.286577
0.352264
0.418538
0.484925
0.550654
0.614631
0.675452
0.731469
0.780923
0.822126
0.853699
0.0188814
0.0567318
0.0948322
0.133306
0.172215
0.211527
0.251092
0.290613
0.329623
0.367473
0.403351
0.436318
0.465386
0.489625
0.508286
-32280.2
-32240.6
-32201.1
-32161.6
-32122.2
-32082.9
-32043.8
-32004.8
-31966
-31927.5
-31889.2
-31851.2
-31813.5
-31776.1
-31739
16.5031
-9.26068
24.5888
-0.79372
24.263
3.90113
-16.6044
9.2071
-17.0848
23.2862
-3.51967
23.2948
0.0778779
21.7952
3.47443
-14.8594
7.86813
-15.2874
19.7334
-3.28273
19.3458
1.44593
-16.1666
4.59916
-17.2184
7.48902
-17.2743
19.8003
-4.18591
19.1654
0.780049
-17.2031
3.94838
-18.2083
6.76904
-18.3281
19.1065
-5.22687
18.36
-0.387466
-18.8196
2.69365
-20.2807
5.63043
-20.8991
19.1964
-7.33775
18.8904
-3.96672
17.1436
-0.952118
-19.1338
3.04782
-20.0903
14.6153
-8.64823
13.987
-4.44892
-22.8317
-1.65737
-24.9076
1.17529
-25.8533
14.6573
-12.1546
14.1465
-7.03249
-28.1858
-3.47198
-30.3886
0.288154
-31.1842
16.6528
-14.6853
16.7041
-8.07741
-32.8737
-3.11462
-34.7805
2.25865
-34.7302
22.5291
-14.0696
23.4576
-5.01955
-33.1869
2.86583
-31.9851
15.5607
-19.0431
8.84563
4.89808
9.9001
6.82718
9.43286
4.11904
-1.08068
2.03858
-0.215717
7.18198
5.21147
9.42186
6.40761
8.44279
3.50755
-1.29475
1.27586
-0.930477
5.20617
3.05041
5.67661
1.0481
-3.70737
-1.77252
-4.64297
-0.811545
-2.67084
4.11094
2.05932
4.88833
0.217623
-4.60161
-2.60979
-5.51903
-1.65291
-3.55691
3.26812
1.15182
3.96958
-0.825898
-5.77766
-3.77647
-6.78277
-2.71809
-4.60249
2.93513
1.07249
5.21247
2.21877
4.12775
-0.815835
-5.65549
-3.26885
-5.6079
0.33637
-2.01583
0.42443
-4.51525
-9.6152
-7.84483
-11.0802
-7.19294
-9.3804
-2.11064
-4.56806
-1.53593
-7.06219
-12.7883
-10.5565
-14.1364
-9.39142
-11.741
-2.97276
-5.62945
-1.78327
-8.05163
-14.5397
-11.548
-15.4497
-9.39999
-11.7939
-0.962797
-3.65903
1.35728
-5.46339
-12.4496
-8.24312
-12.0637
-4.71304
-9.8476
6.80816
6.16837
6.83807
6.26985
6.00565
4.17151
2.46261
2.60672
2.75323
4.5665
5.04071
5.95086
5.46468
5.12616
3.34771
1.65142
1.5608
1.41092
2.61832
2.49588
2.45249
0.831391
-0.883926
-1.22628
-1.72
-0.919237
-0.512245
1.13992
1.27467
1.40912
-0.132675
-1.80978
-2.11214
-2.58795
-1.76758
-1.35719
0.303632
0.423861
0.540651
-1.04084
-2.74956
-3.03731
-3.46854
-2.50129
-1.875
0.209059
0.837694
1.80596
1.34326
0.978501
-0.830275
-2.58417
-2.78148
-3.05443
-1.99651
-2.28544
-2.51185
-4.35163
-6.29285
-6.82474
-7.51014
-6.81418
-6.52657
-4.87197
-4.88702
-4.89472
-6.80455
-8.85084
-9.2724
-9.87228
-8.85516
-8.30787
-6.14654
-5.93799
-5.70586
-7.70968
-9.85668
-10.0551
-10.4489
-8.89992
-7.90159
-4.97533
-4.35454
-3.69777
-5.66885
-7.82963
-7.7931
-8.22873
-7.00795
-7.70169
5.66478
5.5543
5.55993
5.27607
4.84055
4.04503
3.33905
3.17288
3.32361
3.88078
4.24381
4.49215
4.31071
3.88471
3.07122
2.28715
1.93278
1.79961
1.94718
1.82929
1.50205
0.752161
-0.0357199
-0.460253
-0.659245
-0.458062
-0.144846
0.355791
0.492293
0.345528
-0.286308
-0.995781
-1.36291
-1.5216
-1.29011
-0.956336
-0.440653
-0.297429
-0.441054
-1.07087
-1.76603
-2.08992
-2.16656
-1.79196
-1.2452
-0.419683
0.115304
0.46152
0.328151
-0.0899445
-0.922348
-1.75301
-2.18387
-2.41617
-2.38863
-2.64385
-3.12372
-4.04074
-4.99883
-5.58254
-5.92823
-5.84637
-5.64029
-5.22805
-5.21566
-5.51356
-6.34956
-7.25219
-7.73079
-7.93602
-7.64161
-7.19832
-6.50764
-6.27988
-6.4081
-7.16097
-7.97908
-8.28045
-8.24539
-7.6064
-6.78513
-5.66755
-5.10145
-4.96837
-5.60077
-6.3735
-6.66288
-6.77883
-6.54578
-6.54432
4.78965
4.77353
4.69913
4.50112
4.19422
3.79001
3.43863
3.28322
3.30919
3.47511
3.61256
3.65277
3.50935
3.20165
2.75278
2.3046
1.98672
1.7845
1.65878
1.46462
1.16065
0.728087
0.289717
-0.0185493
-0.174283
-0.157761
-0.0468889
0.0964591
0.118251
-0.0191387
-0.327724
-0.674342
-0.913454
-1.0167
-0.959569
-0.817054
-0.648219
-0.60526
-0.722236
-1.00644
-1.31675
-1.49824
-1.51402
-1.33021
-1.01653
-0.629742
-0.334921
-0.191964
-0.276563
-0.561396
-1.01656
-1.49725
-1.8719
-2.15178
-2.37329
-2.67844
-3.10571
-3.67041
-4.24362
-4.68282
-4.96175
-5.05722
-5.05065
-5.0081
-5.0972
-5.35725
-5.79833
-6.26388
-6.58261
-6.71901
-6.6423
-6.44482
-6.20193
-6.10891
-6.21063
-6.51807
-6.8454
-6.99002
-6.91136
-6.57523
-6.0952
-5.56546
-5.22465
-5.13647
-5.33043
-5.61324
-5.78223
-5.8314
-5.75009
-5.63719
4.06822
4.07444
4.01398
3.88049
3.68542
3.45627
3.25323
3.12951
3.09032
3.10742
3.11825
3.07466
2.94136
2.71858
2.43001
2.131
1.87068
1.65574
1.46542
1.25448
1.00084
0.708738
0.424142
0.199828
0.0589337
0.0029672
0.000590033
0.00845103
-0.0302792
-0.140984
-0.318053
-0.511368
-0.663256
-0.746346
-0.75552
-0.719181
-0.677999
-0.686208
-0.765981
-0.907699
-1.05619
-1.14833
-1.15195
-1.05844
-0.895996
-0.710185
-0.569191
-0.520432
-0.595524
-0.790055
-1.07645
-1.3965
-1.69866
-1.97363
-2.23963
-2.53925
-2.89177
-3.28971
-3.6832
-4.01563
-4.26108
-4.41656
-4.51433
-4.6
-4.73396
-4.94154
-5.21307
-5.48814
-5.69804
-5.80988
-5.8178
-5.7576
-5.68121
-5.65826
-5.7176
-5.84715
-5.97537
-6.02162
-5.94852
-5.75166
-5.4772
-5.19165
-4.98431
-4.89851
-4.93235
-5.01699
-5.07416
-5.07185
-4.99986
-4.87112
3.45615
3.47068
3.43333
3.34783
3.225
3.08418
2.95283
2.85326
2.78955
2.74789
2.70143
2.62484
2.50128
2.32929
2.12133
1.90071
1.68826
1.49049
1.30072
1.1048
0.895339
0.677524
0.470688
0.296998
0.168762
0.0854298
0.0322243
-0.0135705
-0.0762725
-0.168371
-0.286089
-0.40914
-0.513208
-0.583494
-0.618059
-0.629318
-0.637686
-0.665128
-0.721531
-0.800205
-0.877728
-0.926843
-0.930661
-0.886783
-0.809939
-0.726884
-0.671402
-0.671304
-0.743224
-0.88713
-1.08854
-1.32217
-1.56518
-1.80899
-2.05812
-2.32445
-2.61298
-2.91593
-3.21122
-3.47414
-3.6904
-3.85941
-3.99579
-4.12274
-4.26502
-4.43407
-4.62304
-4.8065
-4.95494
-5.0506
-5.09157
-5.09386
-5.08367
-5.08928
-5.1236
-5.17826
-5.22347
-5.22518
-5.16393
-5.03985
-4.87518
-4.70524
-4.56895
-4.48826
-4.4611
-4.46029
-4.45173
-4.41255
-4.33122
-4.20484
2.92405
2.9424
2.92285
2.8698
2.79139
2.69945
2.60766
2.52643
2.4581
2.39637
2.32907
2.24376
2.13212
1.99295
1.83208
1.65985
1.48594
1.31496
1.1461
0.975884
0.803131
0.631776
0.470783
0.33
0.215219
0.125799
0.0544772
-0.00995747
-0.0786501
-0.157587
-0.245174
-0.332983
-0.410548
-0.47083
-0.512915
-0.542383
-0.568686
-0.601142
-0.643828
-0.693209
-0.739038
-0.769465
-0.77695
-0.761514
-0.731752
-0.702815
-0.692814
-0.717448
-0.78627
-0.900423
-1.05331
-1.23341
-1.42962
-1.63578
-1.85098
-2.07684
-2.31263
-2.55237
-2.7851
-2.9991
-3.18706
-3.34853
-3.49016
-3.62275
-3.75689
-3.89733
-4.04035
-4.17473
-4.28734
-4.36958
-4.42057
-4.44762
-4.46293
-4.47856
-4.49989
-4.52259
-4.53385
-4.51906
-4.4695
-4.38619
-4.28046
-4.17008
-4.07326
-4.00071
-3.95171
-3.91459
-3.87321
-3.8138
-3.72731
-3.60902
2.44992
2.46947
2.46143
2.42917
2.37816
2.31545
2.24831
2.18207
2.11819
2.05395
1.98379
1.90175
1.80375
1.68907
1.56041
1.42263
1.28065
1.13764
0.994693
0.851918
0.710215
0.572422
0.443101
0.326894
0.226496
0.141453
0.068159
0.00113558
-0.0649284
-0.133
-0.202598
-0.270246
-0.331452
-0.383051
-0.42463
-0.458705
-0.489534
-0.521147
-0.555222
-0.590085
-0.621309
-0.643927
-0.655069
-0.655724
-0.651241
-0.650367
-0.663253
-0.698885
-0.762991
-0.85692
-0.977887
-1.12045
-1.2788
-1.44864
-1.62757
-1.81406
-2.0057
-2.1981
-2.38515
-2.5608
-2.7211
-2.86551
-2.99683
-3.11984
-3.23903
-3.35624
-3.46952
-3.57375
-3.66293
-3.73302
-3.78355
-3.81779
-3.84126
-3.85918
-3.87378
-3.88303
-3.88138
-3.86267
-3.82334
-3.76451
-3.69213
-3.61513
-3.54234
-3.47902
-3.42499
-3.37485
-3.32047
-3.25392
-3.16909
-3.06221
2.01778
2.03662
2.03524
2.01595
1.98222
1.93825
1.88813
1.83481
1.77931
1.72058
1.65615
1.58324
1.49994
1.40589
1.30243
1.19204
1.07744
0.960822
0.843648
0.727015
0.612285
0.501486
0.397158
0.301655
0.216294
0.140821
0.0734497
0.011486
-0.0476758
-0.105577
-0.162193
-0.216148
-0.265561
-0.309071
-0.346527
-0.379077
-0.408638
-0.436989
-0.464875
-0.4916
-0.515378
-0.534333
-0.547716
-0.556774
-0.564984
-0.577562
-0.600407
-0.638792
-0.696252
-0.773975
-0.870876
-0.984284
-1.11096
-1.24793
-1.39281
-1.54342
-1.69726
-1.8511
-2.00123
-2.14419
-2.27764
-2.40096
-2.51513
-2.6221
-2.72368
-2.82047
-2.91143
-2.99411
-3.06573
-3.12436
-3.16971
-3.20322
-3.22734
-3.24434
-3.25516
-3.25893
-3.2533
-3.23576
-3.20506
-3.16217
-3.11029
-3.05398
-2.99762
-2.94382
-2.89254
-2.84108
-2.78517
-2.72028
-2.64256
-2.54946
1.61619
1.63296
1.63494
1.6236
1.60112
1.57001
1.53264
1.49078
1.44518
1.39554
1.34083
1.27984
1.21172
1.13638
1.05456
0.967651
0.877265
0.784931
0.691952
0.599501
0.508827
0.421366
0.33864
0.261945
0.191988
0.128662
0.0710905
0.0179405
-0.0320992
-0.0798635
-0.125478
-0.168448
-0.208028
-0.243669
-0.275349
-0.30361
-0.32934
-0.353359
-0.376051
-0.397214
-0.416245
-0.432618
-0.446447
-0.4589
-0.472295
-0.489833
-0.515042
-0.551089
-0.600192
-0.663271
-0.739955
-0.828877
-0.928139
-1.03572
-1.14966
-1.268
-1.38866
-1.5093
-1.62751
-1.74114
-1.84866
-1.94945
-2.04368
-2.13201
-2.21508
-2.29299
-2.36514
-2.4303
-2.48714
-2.5347
-2.57282
-2.60208
-2.62357
-2.63827
-2.64662
-2.64826
-2.64227
-2.62771
-2.60427
-2.57269
-2.53475
-2.49282
-2.44912
-2.40494
-2.36025
-2.31363
-2.26276
-2.20503
-2.13814
-2.06045
1.23677
1.25056
1.25375
1.24726
1.23242
1.21072
1.18359
1.1521
1.11681
1.07774
1.03451
0.98666
0.933851
0.876133
0.813979
0.748211
0.679843
0.609921
0.539445
0.469378
0.400691
0.334377
0.271388
0.212485
0.158086
0.108171
0.0623201
0.0198734
-0.0198402
-0.0572852
-0.0926071
-0.125666
-0.156196
-0.184004
-0.209118
-0.231815
-0.252525
-0.271655
-0.289444
-0.305907
-0.320944
-0.334565
-0.347155
-0.359662
-0.373629
-0.391046
-0.414051
-0.444565
-0.483979
-0.532949
-0.591379
-0.658544
-0.733305
-0.814308
-0.900113
-0.989216
-1.08004
-1.17095
-1.26034
-1.34681
-1.42932
-1.50731
-1.58065
-1.64945
-1.71384
-1.77376
-1.82882
-1.8784
-1.92181
-1.95859
-1.9886
-2.01208
-2.0295
-2.04129
-2.04766
-2.04851
-2.04351
-2.03237
-2.01512
-1.99228
-1.96488
-1.93414
-1.90122
-1.86675
-1.83068
-1.79224
-1.75014
-1.70291
-1.64919
-1.588
0.873032
0.883219
0.886268
0.882716
0.873337
0.859003
0.840547
0.818618
0.793604
0.765616
0.734568
0.700303
0.662734
0.621953
0.578267
0.532178
0.484313
0.435355
0.385993
0.336907
0.288769
0.242229
0.197876
0.156163
0.117345
0.0814424
0.048263
0.0174844
-0.0112346
-0.0381507
-0.0633806
-0.0869111
-0.108667
-0.128597
-0.146744
-0.163256
-0.178352
-0.192249
-0.205105
-0.217007
-0.228029
-0.238338
-0.248316
-0.258646
-0.270314
-0.284524
-0.302547
-0.325522
-0.35429
-0.389282
-0.430493
-0.477536
-0.529734
-0.586229
-0.646053
-0.708175
-0.771518
-0.834999
-0.897584
-0.958373
-1.01668
-1.07207
-1.12432
-1.17338
-1.21921
-1.26167
-1.30055
-1.3355
-1.36618
-1.39233
-1.41388
-1.43091
-1.44361
-1.45219
-1.45674
-1.45726
-1.45365
-1.44588
-1.43405
-1.41852
-1.39984
-1.37866
-1.35557
-1.33088
-1.30454
-1.27613
-1.24494
-1.21016
-1.17102
-1.12696
0.519852
0.526093
0.528201
0.526464
0.521282
0.513111
0.502385
0.489457
0.474553
0.457773
0.439122
0.418567
0.396105
0.371813
0.34587
0.318552
0.290207
0.261219
0.231988
0.202914
0.174386
0.146774
0.120399
0.0955091
0.0722443
0.0506295
0.0305854
0.0119666
-0.00538742
-0.0216062
-0.0367617
-0.0508711
-0.063923
-0.0759141
-0.0868768
-0.0968877
-0.106053
-0.114485
-0.122278
-0.129511
-0.136273
-0.142714
-0.149096
-0.155824
-0.16345
-0.172624
-0.184019
-0.198239
-0.215736
-0.23675
-0.261298
-0.289186
-0.320055
-0.353429
-0.388757
-0.42544
-0.462859
-0.500395
-0.537466
-0.573563
-0.608288
-0.641368
-0.67264
-0.702015
-0.729427
-0.754785
-0.777957
-0.798773
-0.817067
-0.832718
-0.845677
-0.855971
-0.863677
-0.868877
-0.871626
-0.871936
-0.869797
-0.865228
-0.858322
-0.849275
-0.83837
-0.825924
-0.812208
-0.797366
-0.781364
-0.763989
-0.744893
-0.723663
-0.699914
-0.673361
-31705.4
-31675
-31644.9
-31615
-31585.4
-31556.1
-31527
-31498.1
-31469.5
-31441.1
-31412.9
-31384.9
-31357.1
-31329.6
-31302.2
-31274.9
-31247.8
-31220.9
-31194.1
-31167.4
-31140.9
-31114.4
-31088
-31061.6
-31035.3
-31009.1
-30982.8
-30956.7
-30930.5
-30904.3
-30878.1
-30852
-30825.8
-30799.6
-30773.3
-30747.1
-30720.8
-30694.4
-30668.1
-30641.6
-30615.2
-30588.6
-30562
-30535.4
-30508.7
-30481.9
-30455.1
-30428.1
-30401.1
-30374
-30346.9
-30319.5
-30292.1
-30264.5
-30236.8
-30208.9
-30180.8
-30152.5
-30124
-30095.2
-30066.2
-30036.9
-30007.3
-29977.4
-29947.2
-29916.7
-29885.8
-29854.5
-29822.9
-29791
-29758.6
-29725.8
-29692.7
-29659.2
-29625.2
-29590.9
-29556.1
-29521
-29485.5
-29449.5
-29413.2
-29376.5
-29339.4
-29302
-29264.2
-29226
-29187.4
-29148.6
-29109.3
-29069.8
-15.113
-8.54975
-5.65366
-4.1172
-3.17046
-2.51888
-2.03381
-1.65184
-1.33816
-1.07185
-0.839252
-0.630822
-0.439412
-0.259328
-0.0857369
-10.1104
-7.79532
-5.84578
-4.46769
-3.49694
-2.7882
-2.2484
-1.82079
-1.47024
-1.17406
-0.916868
-0.687696
-0.478262
-0.281955
-0.0931681
-7.70957
-6.67524
-5.46642
-4.41081
-3.56133
-2.88852
-2.3507
-1.91264
-1.54791
-1.23724
-0.966438
-0.724809
-0.503969
-0.297052
-0.0981458
-6.35157
-5.72961
-4.93381
-4.14771
-3.44895
-2.85377
-2.35317
-1.93109
-1.57148
-1.26051
-0.986811
-0.741116
-0.515737
-0.304131
-0.100506
-5.40522
-4.95775
-4.39144
-3.79717
-3.23293
-2.72435
-2.27708
-1.88703
-1.54636
-1.24647
-0.97916
-0.737086
-0.51372
-0.303222
-0.100249
-4.6532
-4.30463
-3.87692
-3.41651
-2.96116
-2.53355
-2.14371
-1.79353
-1.48045
-1.19981
-0.946254
-0.714332
-0.498822
-0.294781
-0.097514
-4.01191
-3.73057
-3.39501
-3.0307
-2.66159
-2.30491
-1.97063
-1.66291
-1.38205
-1.12606
-0.891692
-0.675151
-0.472445
-0.279561
-0.0925379
-3.44136
-3.21063
-2.94176
-2.64963
-2.34953
-2.05385
-1.77094
-1.50539
-1.25878
-1.03066
-0.819288
-0.622126
-0.436237
-0.258477
-0.0856136
-2.91858
-2.72877
-2.51171
-2.27649
-2.03301
-1.78997
-1.5539
-1.3289
-1.11699
-0.918517
-0.732663
-0.557822
-0.391897
-0.232492
-0.077054
-2.42887
-2.27412
-2.09979
-1.91159
-1.71602
-1.51911
-1.32575
-1.13932
-0.961755
-0.793745
-0.635018
-0.4846
-0.341032
-0.202542
-0.0671651
-1.96231
-1.839
-1.7017
-1.55405
-1.40033
-1.24469
-1.09066
-0.940864
-0.796951
-0.659678
-0.529055
-0.40452
-0.285085
-0.169475
-0.0562267
-1.51196
-1.41782
-1.31391
-1.20255
-1.08652
-0.968613
-0.8513
-0.736496
-0.625485
-0.518938
-0.416988
-0.319323
-0.225301
-0.134036
-0.0444846
-1.07279
-1.00639
-0.933558
-0.855706
-0.774572
-0.691941
-0.609427
-0.528327
-0.449547
-0.373599
-0.300629
-0.230481
-0.162757
-0.0968821
-0.032162
-0.640925
-0.6014
-0.558212
-0.512132
-0.464112
-0.415141
-0.366131
-0.317828
-0.270771
-0.225273
-0.181444
-0.139212
-0.0983633
-0.0585745
-0.0194497
-29026
-28977.7
-28929.1
-28880.1
-28830.7
-28781.1
-28731.2
-28681
-28630.6
-28580
-28529.3
-28478.5
-28427.5
-28376.6
-28325.5
)
;

boundaryField
{
    hot
    {
        type            calculated;
        value           nonuniform List<scalar> 
120
(
32275.9
-0.0165206
-0.0274552
-0.0382596
-0.0488494
-0.0591069
-0.0688831
-0.0779857
-0.0861805
-0.0932012
-0.0987673
-0.102611
-0.104516
-0.104352
-0.102112
-0.0984138
-0.0937283
-0.0880444
-0.0815879
-0.0745937
-0.0672856
-0.059862
-0.0524871
-0.0452874
-0.0383539
-0.0317456
-0.0254961
-0.019619
-0.0141139
-0.00897029
-0.00417173
0.000302136
0.00447356
0.00836551
0.0120008
0.0154013
0.0185877
0.0215793
0.0243937
0.0270473
0.0295557
0.031934
0.0341969
0.0363592
0.0384349
0.0404378
0.04238
0.0442728
0.0461261
0.0479493
0.0497511
0.0515402
0.0533253
0.0551147
0.0569159
0.0587351
0.0605774
0.0624461
0.0643438
0.0662727
0.0682347
0.0702314
0.0722642
0.074333
0.0764361
0.0785699
0.0807286
0.0829053
0.0850921
0.0872812
0.089464
0.0916316
0.0937736
0.0958775
0.0979286
0.0999105
0.101806
0.103597
0.10527
0.106809
0.108204
0.109443
0.110518
0.11142
0.112146
0.112695
0.113074
0.113299
0.113398
0.113405
0.113366
0.113334
0.113368
0.113527
0.113871
0.114454
0.115317
0.116484
0.11795
0.119674
0.121574
0.123522
0.125351
0.126864
0.127852
0.128046
0.127039
0.124509
0.120366
0.114628
0.107405
0.0988726
0.0892398
0.07872
0.067513
0.0557938
0.0437083
0.0313737
0.0188814
-32280.2
)
;
    }
    cold
    {
        type            calculated;
        value           nonuniform List<scalar> 
120
(
28320.5
0.0174536
0.0289957
0.0403817
0.0515214
0.0622986
0.0725679
0.0821543
0.0908577
0.0984635
0.104763
0.109582
0.112814
0.114442
0.114565
0.113587
0.111923
0.109778
0.107375
0.104922
0.102599
0.100544
0.0988473
0.0975554
0.0966741
0.0961784
0.096021
0.0961407
0.0964693
0.0969364
0.0974744
0.0980209
0.098522
0.0989338
0.0992233
0.0993687
0.0993578
0.0991865
0.0988566
0.0983739
0.0977472
0.0969879
0.0961103
0.0951313
0.0940712
0.0929521
0.0917969
0.090628
0.0894654
0.0883256
0.0872212
0.0861603
0.0851468
0.0841804
0.0832565
0.0823671
0.0815011
0.0806458
0.0797885
0.0789185
0.0780282
0.0771145
0.0761784
0.0752244
0.074259
0.0732895
0.0723224
0.071363
0.0704152
0.069482
0.0685658
0.0676687
0.0667925
0.0659378
0.0651032
0.064285
0.063476
0.0626655
0.0618388
0.0609773
0.0600583
0.0590544
0.0579334
0.0566584
0.0551875
0.0534747
0.0514699
0.0491194
0.046366
0.0431489
0.039404
0.0350648
0.0300652
0.0243427
0.0178455
0.0105395
0.00241841
-0.0064863
-0.0160955
-0.0262746
-0.0368293
-0.0475071
-0.0580063
-0.0679936
-0.0771279
-0.0857369
-0.0931681
-0.0981458
-0.100506
-0.100249
-0.097514
-0.0925379
-0.0856136
-0.077054
-0.0671651
-0.0562267
-0.0444846
-0.032162
-0.0194497
-28325.5
)
;
    }
    interface_left
    {
        type            calculated;
        value           nonuniform List<scalar> 
90
(
-11.0948
-1.63648
0.801468
-0.00889418
-0.188602
-0.295835
-0.527602
-0.57163
-0.553761
-0.476325
-0.249714
-0.130128
0.0426181
0.108379
0.134966
0.345739
0.465099
0.661996
0.718924
0.707433
0.654813
0.446807
0.754343
0.890926
1.06395
1.17228
1.37433
1.38859
1.22947
1.08589
0.702045
1.1061
1.27259
1.46666
1.59047
1.83005
1.8346
1.60595
1.41123
0.909406
1.41954
1.62945
1.87549
2.03379
2.34323
2.35087
2.06222
1.81488
1.17469
1.83948
2.11619
2.44717
2.6601
3.07652
3.09056
2.71599
2.39095
1.54534
2.42428
2.78683
3.21548
3.4856
4.00847
4.01061
3.49024
3.05163
1.93899
3.01035
3.42774
3.87816
4.14599
4.65039
4.58546
3.86028
3.30497
2.0015
2.97326
3.27548
3.45116
3.50842
3.56181
3.30143
2.34698
1.80223
0.81227
0.46478
0.118314
-0.962556
1.16107
9.78217
)
;
    }
    interface_right
    {
        type            calculated;
        value           nonuniform List<scalar> 
90
(
9.59799
0.549351
-1.62749
-0.297166
-0.171677
0.105053
1.01736
1.5171
2.39073
2.6677
2.75292
2.76634
2.70009
2.48134
1.69791
2.84907
3.35119
4.02437
4.10193
3.69065
3.47093
3.09443
2.7298
1.77019
2.80791
3.22369
3.72767
3.73714
3.26865
3.02576
2.63646
2.29919
1.46893
2.2793
2.58774
2.9341
2.90296
2.45173
2.11377
1.32288
2.00444
2.25966
2.51828
2.67399
2.9719
2.94384
2.55048
2.35572
2.06302
1.80769
1.17491
1.84696
2.12037
2.46385
2.48058
2.19768
2.05301
1.82391
1.6074
1.04758
1.65767
1.90145
2.19696
2.19318
1.88574
1.63918
1.03511
1.59517
1.80657
2.02338
2.1459
2.36924
2.32368
1.94574
1.66633
1.02443
1.55513
1.74801
1.9385
2.05686
2.30316
2.29622
2.05423
1.82315
1.25176
2.45629
3.02463
4.2536
1.13219
-11.1446
)
;
    }
    interface_top
    {
        type            calculated;
        value           nonuniform List<scalar> 
90
(
22.7835
-21.9403
37.0069
-8.41528
36.4554
3.7603
-29.31
16.5219
-31.4896
37.2412
-11.984
34.6472
-6.51686
32.6614
3.40311
-26.0323
14.4603
-27.6563
32.1628
-9.74125
30.501
1.6896
-26.4215
11.0437
-27.6043
15.415
-30.0178
33.1109
-10.6975
30.7566
1.1073
-27.6083
10.5453
-28.7
14.8049
-31.2133
32.5568
-11.8439
30.0758
-0.115005
-29.5258
9.32952
-31.3423
13.7784
-34.943
33.2103
-15.5523
30.0732
-10.4044
27.7623
-1.06367
-30.1811
9.46191
-32.4899
26.918
-15.2695
25.1605
-4.35074
-33.5742
4.83283
-36.1738
9.39621
-40.0427
29.0614
-19.7566
27.0715
-6.93819
-40.6753
4.01442
-43.6003
9.84574
-47.9011
33.5396
-23.7192
31.9602
-8.00088
-47.7429
5.78661
-50.5211
13.7063
-54.5156
42.6551
-24.6123
41.546
-4.75422
-50.3141
13.7925
-48.9853
33.4761
-26.755
)
;
    }
    interface_bottom
    {
        type            calculated;
        value           nonuniform List<scalar> 
90
(
-25.4074
26.5144
-44.9442
-0.916648
43.1835
-18.941
43.2729
-28.5252
45.2296
-58.735
13.4071
-53.4108
4.82444
-49.7739
-9.28656
31.063
-25.071
32.1698
-48.9059
8.30743
-44.2706
2.38291
-40.8863
-8.24772
24.2627
-20.3293
25.3469
-38.5234
6.09171
-35.3735
-5.05077
24.4371
-14.4658
25.8395
-19.0116
27.935
-36.4382
8.38983
-33.0512
-2.70828
26.9041
-12.2053
28.739
-17.1415
31.529
-36.0697
12.0354
-32.0739
7.56472
-29.7312
-1.47159
27.1555
-12.364
28.7642
-29.5092
11.5211
-27.6029
0.893692
29.0905
-8.62758
30.7885
-13.8712
32.8755
-32.0922
13.0871
-29.4881
1.35792
31.6286
-8.92203
33.0807
-14.4271
35.0904
-33.5262
14.147
-30.5639
1.91032
33.7389
-8.69177
35.4536
-14.2323
37.9961
-34.5186
16.0637
-31.8506
2.79617
36.9208
-9.75106
37.4517
-23.7295
22.4988
)
;
    }
    defaultFaces
    {
        type            empty;
    }
}


// ************************************************************************* //
