/*--------------------------------*- C++ -*----------------------------------*\
| =========                 |                                                 |
| \\      /  F ield         | OpenFOAM: The Open Source CFD Toolbox           |
|  \\    /   O peration     | Version:  5.x                                   |
|   \\  /    A nd           | Web:      www.OpenFOAM.org                      |
|    \\/     M anipulation  |                                                 |
\*---------------------------------------------------------------------------*/
FoamFile
{
    version     2.0;
    format      ascii;
    class       volScalarField;
    location    "2.3";
    object      gradTy;
}
// * * * * * * * * * * * * * * * * * * * * * * * * * * * * * * * * * * * * * //

dimensions      [0 -1 0 1 0 0 0];

internalField   nonuniform List<scalar> 
6300
(
32275.5
32226.5
32177.5
32128.7
32079.9
32031.3
31982.8
31934.6
31886.6
31838.8
31791.4
31744.3
31697.5
31651.2
31605.2
-0.0231294
-0.0694802
-0.116088
-0.163077
-0.210496
-0.258292
-0.306281
-0.354129
-0.401349
-0.44732
-0.491342
-0.532731
-0.570953
-0.605778
-0.637418
-0.0384455
-0.115507
-0.19305
-0.27131
-0.350402
-0.430266
-0.510615
-0.590899
-0.670282
-0.74767
-0.821791
-0.891355
-0.955301
-1.01309
-1.06501
-0.053595
-0.161053
-0.269285
-0.378696
-0.489518
-0.601732
-0.714989
-0.828538
-0.941174
-1.05125
-1.15676
-1.25556
-1.34577
-1.42624
-1.49714
-0.0684725
-0.205819
-0.344335
-0.484663
-0.62723
-0.772138
-0.919051
-1.06706
-1.2146
-1.35937
-1.49839
-1.62833
-1.74594
-1.84894
-1.93698
-0.0829414
-0.249402
-0.417553
-0.588365
-0.762567
-0.940503
-1.12197
-1.30602
-1.49075
-1.67316
-1.84906
-2.01335
-2.16065
-2.28654
-2.3893
-0.0968313
-0.29129
-0.488095
-0.68866
-0.894146
-1.10531
-1.32227
-1.54424
-1.76919
-1.99341
-2.2113
-2.41533
-2.59673
-2.74724
-2.86202
-0.109922
-0.330823
-0.55486
-0.784006
-1.02002
-1.26427
-1.5175
-1.77945
-2.04829
-2.31994
-2.58734
-2.83987
-3.06365
-3.24363
-3.36833
-0.121952
-0.367204
-0.616493
-0.872453
-1.1376
-1.41419
-1.70396
-2.0077
-2.3245
-2.65066
-2.97819
-3.29309
-3.5743
-3.79523
-3.93071
-0.132626
-0.399533
-0.671424
-0.951673
-1.24369
-1.55088
-1.8764
-2.22283
-2.59128
-2.97995
-3.38161
-3.77992
-4.14515
-4.43218
-4.58815
-0.141638
-0.426858
-0.717969
-1.01908
-1.33457
-1.66916
-2.02787
-2.41587
-2.83777
-3.29617
-3.78829
-4.29974
-4.79407
-5.20004
-5.40993
-0.148698
-0.448273
-0.754479
-1.07207
-1.40631
-1.76326
-2.15
-2.57493
-3.04771
-3.57858
-4.17554
-4.83656
-5.53115
-6.16372
-6.52573
-0.153574
-0.463037
-0.779573
-1.10835
-1.45529
-1.82749
-2.23388
-2.68606
-3.19949
-3.79483
-4.49859
-5.33963
-6.33001
-7.39763
-8.20163
-0.156128
-0.470705
-0.792389
-1.12643
-1.47894
-1.85747
-2.27191
-2.73588
-3.26928
-3.90254
-4.6842
-5.69312
-7.05134
-8.89484
-11.0368
-0.156354
-0.471243
-0.79281
-1.12598
-1.47651
-1.85149
-2.26032
-2.71621
-3.23913
-3.86173
-4.64237
-5.69708
-7.28716
-10.0934
-16.2025
31563.5
31525.8
31488.5
31451.5
31414.9
31378.6
31342.7
31307.2
31272
31237.3
31203
31169.2
31135.7
31102.8
31070.3
31038.4
31006.9
30975.9
30945.3
30915.3
30885.7
30856.7
30828
30799.9
30772.1
30744.8
30717.8
30691.3
30665.1
30639.2
30613.6
30588.3
30563.3
30538.5
30513.9
30489.5
30465.3
30441.3
30417.4
30393.6
30369.9
30346.3
30322.7
30299.2
30275.8
30252.3
30228.9
30205.4
30181.9
30158.3
30134.7
30111
30087.2
30063.3
30039.2
30015
29990.6
29966
29941.2
29916.1
29890.8
29865.2
29839.3
29813.1
29786.6
29759.8
29732.6
29705.2
29677.3
29649.1
29620.6
29591.6
29562.3
29532.7
29502.6
29472.2
29441.3
29410.1
29378.5
29346.6
29314.2
29281.4
29248.3
29214.8
29180.9
29146.6
29111.9
29076.9
29041.5
29005.8
-0.664173
-0.687566
-0.710877
-0.734975
-0.760603
-0.788235
-0.817961
-0.849439
-0.881919
-0.914341
-0.945483
-0.974123
-0.999185
-1.01982
-1.03545
-1.04572
-1.05043
-1.04948
-1.04285
-1.03052
-1.01259
-0.989208
-0.960695
-0.927481
-0.890115
-0.849221
-0.805461
-0.7595
-0.711992
-0.663568
-0.614822
-0.566299
-0.518459
-0.471662
-0.426146
-0.382046
-0.339409
-0.298239
-0.25852
-0.22023
-0.183328
-0.147718
-0.113212
-0.0795107
-0.0462005
-0.0127951
0.0212048
0.0562379
0.0926177
0.130489
0.16982
0.210415
0.251958
0.294045
0.336227
0.378028
0.418967
0.458579
0.496449
0.532238
0.56572
0.596788
0.625442
0.651751
0.67581
0.697695
0.717445
0.735073
0.750591
0.764053
0.775569
0.785309
0.793473
0.800243
0.80575
0.810058
0.813175
0.815093
0.815826
0.815435
0.814015
0.811651
0.80835
0.803984
0.798258
0.790713
0.780787
0.767887
0.751489
0.731213
-1.10837
-1.14602
-1.1835
-1.22248
-1.26444
-1.31035
-1.36043
-1.41409
-1.46991
-1.52589
-1.57973
-1.62919
-1.67231
-1.70764
-1.73427
-1.75169
-1.75969
-1.75819
-1.74712
-1.72646
-1.69629
-1.65684
-1.60862
-1.5524
-1.48912
-1.41992
-1.34592
-1.26828
-1.1881
-1.10644
-1.02433
-0.942728
-0.862428
-0.784049
-0.707982
-0.634404
-0.563342
-0.494753
-0.428595
-0.364855
-0.303512
-0.244467
-0.187445
-0.131938
-0.0772012
-0.0223248
0.0336385
0.0915238
0.15192
0.215086
0.280939
0.349099
0.418971
0.489832
0.56089
0.631322
0.700289
0.766972
0.83062
0.890628
0.946601
0.998381
1.04602
1.08972
1.1297
1.16611
1.199
1.22836
1.25413
1.27639
1.29531
1.31123
1.32455
1.33562
1.3447
1.35186
1.35707
1.36025
1.36138
1.36058
1.35809
1.35414
1.34886
1.34207
1.33326
1.32159
1.306
1.28536
1.25866
1.22518
-1.55507
-1.60466
-1.65387
-1.70562
-1.76251
-1.82636
-1.89768
-1.97553
-2.05757
-2.14042
-2.22022
-2.29328
-2.35654
-2.40791
-2.44625
-2.47114
-2.48257
-2.48058
-2.46512
-2.43603
-2.39326
-2.33704
-2.26803
-2.18739
-2.09663
-1.99745
-1.89159
-1.78068
-1.66628
-1.54992
-1.4331
-1.31725
-1.20362
-1.0931
-0.986234
-0.883147
-0.783729
-0.687789
-0.595221
-0.506063
-0.420434
-0.338357
-0.25956
-0.183328
-0.108483
-0.0335083
0.0432081
0.12309
0.20712
0.295693
0.388608
0.48518
0.584417
0.685182
0.786297
0.886558
0.984728
1.07955
1.16985
1.25464
1.33332
1.40573
1.47208
1.53285
1.58851
1.63936
1.68544
1.72656
1.76253
1.7933
1.81916
1.84068
1.85862
1.87365
1.88618
1.89626
1.90368
1.90812
1.90948
1.90795
1.90404
1.89837
1.89133
1.88286
1.87218
1.85793
1.83828
1.81135
1.77543
1.72931
-2.00617
-2.06385
-2.12061
-2.18134
-2.25059
-2.33161
-2.42554
-2.53096
-2.64408
-2.75933
-2.87042
-2.97147
-3.0579
-3.12695
-3.17758
-3.20997
-3.22475
-3.22236
-3.20271
-3.16528
-3.10958
-3.0356
-2.94415
-2.83691
-2.7162
-2.58458
-2.44447
-2.29803
-2.14723
-1.994
-1.84041
-1.68852
-1.54022
-1.39683
-1.25895
-1.12652
-0.999011
-0.87587
-0.756832
-0.642085
-0.532129
-0.42741
-0.327865
-0.232602
-0.139828
-0.0470761
0.0483465
0.148813
0.255911
0.370183
0.49115
0.617566
0.747802
0.880172
1.01308
1.14495
1.27413
1.39881
1.51714
1.6276
1.72923
1.82194
1.90633
1.98348
2.05439
2.11963
2.17915
2.23234
2.27854
2.31743
2.34938
2.37543
2.39701
2.4154
2.43131
2.44464
2.45468
2.46057
2.46185
2.45886
2.45265
2.44465
2.43599
2.42691
2.41637
2.40212
2.38116
2.35034
2.30693
2.24901
-2.46476
-2.5243
-2.5816
-2.64478
-2.7217
-2.81827
-2.93682
-3.07532
-3.22753
-3.38423
-3.53508
-3.67069
-3.78429
-3.87251
-3.93517
-3.97413
-3.99164
-3.98899
-3.96587
-3.92083
-3.85222
-3.75931
-3.64298
-3.5058
-3.35147
-3.1839
-3.00644
-2.82166
-2.63165
-2.43859
-2.24521
-2.05462
-1.86973
-1.69257
-1.52381
-1.36276
-1.20798
-1.05801
-0.912234
-0.771171
-0.636249
-0.508976
-0.389966
-0.278251
-0.171103
-0.064451
0.0462612
0.16503
0.294414
0.43508
0.585894
0.744503
0.908168
1.07445
1.24139
1.40727
1.57007
1.72724
1.87585
2.0133
2.13807
2.25017
2.35109
2.44314
2.52848
2.60823
2.68202
2.74827
2.80515
2.85163
2.88815
2.91669
2.94005
2.9608
2.98022
2.99783
3.01173
3.01971
3.02047
3.01448
3.00392
2.99195
2.98134
2.97315
2.96596
2.95605
2.93832
2.90755
2.85942
2.79099
-2.9364
-2.98795
-3.03416
-3.08844
-3.16456
-3.27333
-3.41947
-3.60001
-3.8046
-4.01765
-4.22178
-4.40171
-4.5473
-4.65494
-4.72697
-4.76925
-4.78766
-4.78514
-4.76068
-4.71038
-4.62991
-4.51678
-4.37187
-4.19942
-4.00583
-3.79747
-3.57897
-3.35283
-3.12042
-2.88364
-2.64598
-2.41244
-2.18806
-1.97618
-1.77747
-1.58991
-1.40991
-1.23402
-1.06073
-0.891291
-0.729219
-0.57849
-0.4414
-0.317149
-0.201478
-0.0874773
0.0327807
0.166177
0.316902
0.485608
0.669671
0.86443
1.06506
1.26806
1.47155
1.67433
1.87446
2.06832
2.25097
2.41762
2.5655
2.69487
2.809
2.91282
3.011
3.1058
3.19613
3.27808
3.34714
3.40055
3.43884
3.46583
3.48727
3.50852
3.53215
3.55677
3.57772
3.58963
3.58922
3.57705
3.55762
3.53768
3.52359
3.51831
3.51985
3.52159
3.51455
3.49008
3.44142
3.36434
-3.43117
-3.45927
-3.47508
-3.50065
-3.56041
-3.67462
-3.85261
-4.09013
-4.36955
-4.66402
-4.94342
-5.18227
-5.36503
-5.48876
-5.56171
-5.59881
-5.61391
-5.61297
-5.59276
-5.54347
-5.45468
-5.32009
-5.14047
-4.92356
-4.68148
-4.42567
-4.16251
-3.89304
-3.6155
-3.32993
-3.04083
-2.75707
-2.48834
-2.24078
-2.01502
-1.80611
-1.60585
-1.40621
-1.20359
-1.0007
-0.805739
-0.628236
-0.4742
-0.343532
-0.229277
-0.119334
0.000570743
0.14257
0.31371
0.514245
0.738287
0.976167
1.2188
1.46126
1.70302
1.94554
2.18818
2.42589
2.64947
2.84932
3.01993
3.16191
3.28212
3.39103
3.49879
3.61023
3.72269
3.82689
3.91208
3.9717
4.00622
4.02339
4.0352
4.05327
4.08312
4.12142
4.15719
4.17775
4.17535
4.15055
4.11247
4.07544
4.05357
4.05408
4.07386
4.10016
4.1163
4.10781
4.06472
3.98152
-3.96765
-3.94824
-3.90184
-3.86349
-3.87772
-3.9839
-4.19987
-4.51977
-4.9127
-5.332
-5.72331
-6.04352
-6.26766
-6.39562
-6.44796
-6.45997
-6.46313
-6.46847
-6.46663
-6.43331
-6.34534
-6.18813
-5.9627
-5.68384
-5.37684
-5.06436
-4.75507
-4.44478
-4.12205
-3.78122
-3.42787
-3.08
-2.75806
-2.47389
-2.22824
-2.00979
-1.80082
-1.58264
-1.3468
-1.09863
-0.857084
-0.644156
-0.473321
-0.346251
-0.250838
-0.165515
-0.0634488
0.0769963
0.268174
0.509005
0.786943
1.08103
1.37274
1.65546
1.93337
2.21654
2.50898
2.80378
3.08208
3.32311
3.51554
3.66023
3.77146
3.87087
3.9812
4.11315
4.26106
4.40301
4.51375
4.57892
4.59853
4.58862
4.57402
4.58102
4.62184
4.68964
4.75852
4.79886
4.79371
4.74309
4.6658
4.5913
4.5513
4.56206
4.61845
4.69334
4.75348
4.77534
4.7457
4.6599
-4.58027
-4.47589
-4.31675
-4.15031
-4.06223
-4.13462
-4.39696
-4.84374
-5.41734
-6.03976
-6.60509
-7.04258
-7.30826
-7.41086
-7.39177
-7.33337
-7.30872
-7.3338
-7.38536
-7.40141
-7.33521
-7.15399
-6.86142
-6.48426
-6.07967
-5.69812
-5.34868
-5.01413
-4.65432
-4.25025
-3.80676
-3.36533
-2.97318
-2.65138
-2.40211
-2.1997
-2.00896
-1.78443
-1.50775
-1.18704
-0.867296
-0.599582
-0.409586
-0.303594
-0.258111
-0.236095
-0.183068
-0.0620224
0.150692
0.449831
0.81179
1.18874
1.53898
1.8559
2.15545
2.47346
2.8256
3.20464
3.56751
3.86599
4.07899
4.2058
4.27686
4.33398
4.43147
4.59201
4.80697
5.02296
5.17994
5.25059
5.23221
5.15943
5.08059
5.0589
5.12056
5.25511
5.39982
5.48429
5.47641
5.37289
5.214
5.05639
4.97487
5.00328
5.13536
5.30678
5.44479
5.51608
5.50666
5.424
-5.33255
-5.08205
-4.74184
-4.32389
-4.01528
-4.0113
-4.3279
-4.98443
-5.85099
-6.82902
-7.67024
-8.28832
-8.58301
-8.60062
-8.39147
-8.15749
-8.08199
-8.16035
-8.35454
-8.48729
-8.49008
-8.27959
-7.88132
-7.32362
-6.74877
-6.2851
-5.92036
-5.6194
-5.24989
-4.77562
-4.18229
-3.57936
-3.08666
-2.72414
-2.50832
-2.3726
-2.26564
-2.06126
-1.73204
-1.27407
-0.802651
-0.443218
-0.22509
-0.174085
-0.231934
-0.351736
-0.4011
-0.333572
-0.0918243
0.299542
0.814335
1.3341
1.75236
2.08041
2.34997
2.68018
3.10244
3.62769
4.1445
4.53075
4.76529
4.83035
4.80094
4.73759
4.78949
4.99106
5.34991
5.72632
5.96889
6.04887
5.94259
5.73735
5.5032
5.41509
5.51265
5.80429
6.12617
6.30107
6.29518
6.08081
5.75875
5.41033
5.23857
5.2937
5.59408
5.96688
6.23071
6.3717
6.37178
6.30937
-6.34389
-5.81696
-5.27852
-4.33982
-3.5296
-3.42649
-3.76955
-4.82287
-6.12436
-7.81548
-9.05693
-9.99997
-10.257
-10.1171
-9.42716
-8.75361
-8.63391
-8.8203
-9.41242
-9.76052
-9.9523
-9.67577
-9.13098
-8.18783
-7.25788
-6.72974
-6.40032
-6.32347
-5.99642
-5.47255
-4.57168
-3.63466
-3.01269
-2.58563
-2.49917
-2.50409
-2.66256
-2.51782
-2.14166
-1.38034
-0.576583
-0.0831684
0.200282
0.112376
-0.116345
-0.568608
-0.787233
-0.855747
-0.549484
-0.0281207
0.81014
1.62609
2.09615
2.38966
2.45766
2.75488
3.23149
4.06349
4.91013
5.41466
5.6963
5.59163
5.3746
4.97591
4.9327
5.16435
5.86832
6.62321
6.99278
7.11622
6.79629
6.35773
5.71639
5.50478
5.62615
6.3108
7.06508
7.37907
7.41507
6.94469
6.34239
5.51081
5.17644
5.23188
5.94937
6.78476
7.19437
7.43105
7.32774
7.37229
-7.87574
-6.56826
-6.39149
-4.17055
-2.02544
-2.19893
-2.18817
-4.30378
-5.83649
-9.44928
-10.8731
-12.6994
-12.5022
-12.4256
-10.439
-8.55201
-8.74488
-8.89585
-10.8215
-11.2587
-12.0887
-11.4581
-10.9541
-9.03287
-7.18824
-6.88807
-6.51643
-7.38767
-7.02621
-6.71219
-5.01298
-3.23614
-2.65793
-1.95651
-2.3583
-2.41433
-3.496
-3.30751
-3.10582
-1.54764
0.0964497
0.579289
1.16047
0.60168
0.321177
-1.1219
-1.38954
-1.91763
-1.31695
-0.812172
0.838008
2.41609
2.69412
3.02358
2.23525
2.57118
2.84872
4.4781
6.1683
6.61943
7.18351
6.5146
6.20972
4.70222
4.68
4.65736
6.31323
8.07484
8.37093
8.82187
7.8207
7.26995
5.31061
5.11483
4.92839
6.71688
8.63787
8.85725
9.264
7.99842
7.2561
4.8952
4.55292
4.21663
6.13484
8.21571
8.40703
8.97999
8.07077
8.74685
-10.8638
-5.69124
-10.4478
-3.89184
2.81788
-1.23623
2.45569
-4.62351
-2.55274
-14.2346
-12.1093
-18.312
-14.5731
-17.4837
-11.3071
-5.35478
-8.91562
-6.41526
-14.3735
-12.1906
-16.328
-13.0574
-14.8177
-9.76708
-4.8941
-7.14883
-4.84234
-10.2265
-7.98732
-9.9461
-5.56572
-1.11122
-2.48024
0.261558
-2.71504
-0.847401
-6.15828
-4.11609
-6.02321
-1.8386
2.44175
1.10016
3.76216
0.690193
2.43266
-3.36801
-1.61713
-4.60524
-1.94673
-3.24604
0.969196
5.07764
3.2175
5.26649
0.393258
2.47085
0.51859
4.80438
9.20995
7.66072
10.4454
6.91247
8.77569
2.28874
4.42686
1.73228
6.60477
11.6357
9.52497
12.6174
8.19534
10.2094
2.36411
4.71022
1.38554
6.93096
12.6598
10.0644
13.5199
8.29747
10.4994
1.37164
3.91969
-0.0461889
6.08506
12.3666
9.06913
12.6623
6.52995
11.1896
-21.0736
9.48408
-30.7937
-3.83424
23.1613
-11.4277
22.6101
-18.1191
20.5349
-38.9021
-1.3531
-38.2403
-7.06874
-35.6275
-11.8519
11.5416
-17.8144
11.1258
-32.5285
-4.0212
-31.2349
-7.41218
-28.4891
-10.2453
7.66416
-13.9776
7.90648
-24.0429
-2.90324
-22.3084
-6.22504
9.39979
-8.22193
10.7144
-10.0473
11.0568
-19.4089
0.762401
-17.7127
-2.26728
12.8829
-4.14394
14.621
-6.15395
15.4064
-16.4884
4.97944
-15.4241
3.12272
-13.6209
1.25422
16.3341
-1.88817
17.4775
-11.4579
8.17352
-10.7944
4.95822
20.8266
2.46129
22.8047
-0.460068
23.366
-12.5449
11.1328
-12.0894
6.66815
25.4806
3.18648
27.2338
-0.697955
27.3461
-15.2579
12.4716
-14.9302
6.88099
28.6685
2.55817
30.2721
-2.0945
30.0574
-18.9649
12.6667
-18.8486
5.81904
30.3112
-0.191145
30.3494
-10.5511
20.4265
28966.1
28922.3
28878.1
28833.4
28788.3
28742.9
28697.2
28651.1
28604.8
28558.3
28511.6
28464.7
28417.7
28370.7
28323.6
0.704434
0.66937
0.628919
0.583894
0.535322
0.484293
0.431836
0.378824
0.325929
0.273612
0.222129
0.171562
0.121849
0.0728173
0.0242228
1.1805
1.12153
1.05321
0.977042
0.894893
0.808718
0.720328
0.631232
0.542569
0.455091
0.369198
0.284989
0.20232
0.120872
0.0402022
1.6667
1.58298
1.48529
1.37611
1.25843
1.13529
1.00946
0.883147
0.757971
0.634945
0.514555
0.396855
0.281559
0.168142
0.0559124
2.16833
2.05837
1.92886
1.78367
1.62739
1.46453
1.29902
1.13387
0.971172
0.812119
0.65719
0.506292
0.358905
0.214215
0.0712139
2.69195
2.55336
2.38812
2.20234
2.00292
1.7964
1.58816
1.38209
1.18066
0.985108
0.795749
0.612184
0.433533
0.258587
0.0859373
3.24629
3.07514
2.86806
2.63474
2.38564
2.13005
1.87513
1.62563
1.38419
1.15184
0.928454
0.71312
0.504426
0.300647
0.0998789
3.84321
3.63305
3.3744
3.08307
2.77499
2.46319
2.15679
1.86113
1.5786
1.30955
1.05305
0.807365
0.570367
0.339676
0.112801
4.49932
4.23936
3.9134
3.54813
3.16812
2.79109
2.42786
2.08358
1.75954
1.45469
1.16675
0.892876
0.629962
0.374864
0.124437
5.23949
4.91107
4.49122
4.02751
3.55791
3.10513
2.68009
2.28592
1.92134
1.5829
1.26636
0.967373
0.681704
0.405354
0.134511
6.10587
5.67339
5.11221
4.5122
3.93012
3.39099
2.90133
2.45872
2.05704
1.6892
1.3484
1.02851
0.724091
0.430314
0.142757
7.1834
6.56491
5.7724
4.97938
4.2591
3.62691
3.07531
2.59055
2.15889
1.76845
1.4095
1.07412
0.755805
0.449034
0.148949
8.67347
7.63048
6.43284
5.37435
4.50013
3.78211
3.18231
2.66922
2.21949
1.8162
1.44699
1.10264
0.775935
0.461046
0.152944
11.1253
8.85012
6.95333
5.58469
4.58473
3.81891
3.2025
2.68452
2.23363
1.82981
1.45959
1.11344
0.784216
0.466243
0.154715
15.7821
9.69106
6.94586
5.42622
4.43485
3.70605
3.1242
2.6327
2.2007
1.80979
1.44807
1.10727
0.781203
0.464968
0.154377
-0.154712
-0.466074
-0.783358
-1.11088
-1.45356
-1.81735
-2.20987
-2.64146
-3.1272
-3.69084
-4.3736
-5.25555
-6.51449
-8.6067
-12.8711
-0.151719
-0.456797
-0.766855
-1.08543
-1.41638
-1.76412
-2.13377
-2.53152
-2.9648
-3.4422
-3.97165
-4.55046
-5.11869
-5.34456
-3.60964
-0.147582
-0.444042
-0.744409
-1.05133
-1.3675
-1.69561
-2.03813
-2.39687
-2.77167
-3.15728
-3.5353
-3.8526
-3.96057
-3.44369
-1.17263
-0.142536
-0.428553
-0.717377
-1.01077
-1.3103
-1.61704
-1.93118
-2.25101
-2.57095
-2.87747
-3.14099
-3.30011
-3.23624
-2.76084
-1.80286
-0.136828
-0.411094
-0.687135
-0.96592
-1.24802
-1.53329
-1.82025
-2.10504
-2.37943
-2.62736
-2.81901
-2.90253
-2.79738
-2.41305
-1.79771
-0.130689
-0.392383
-0.654955
-0.918716
-1.1835
-1.44832
-1.71079
-1.96625
-2.20622
-2.41613
-2.57194
-2.63605
-2.55211
-2.22559
-1.38803
-0.124322
-0.373042
-0.621913
-0.870753
-1.1189
-1.36492
-1.60617
-1.83817
-2.05382
-2.24231
-2.38832
-2.47238
-2.4751
-2.39288
-2.32444
-0.117894
-0.353575
-0.588859
-0.823223
-1.05572
-1.28478
-1.50791
-1.72143
-1.92023
-2.09786
-2.24752
-2.36515
-2.4569
-2.55046
-2.69127
-0.111534
-0.334362
-0.556409
-0.776937
-0.99488
-1.2087
-1.41627
-1.61485
-1.80129
-1.97275
-2.12877
-2.2758
-2.43729
-2.67506
-3.14328
-0.105333
-0.315673
-0.52498
-0.732402
-0.936843
-1.13689
-1.33081
-1.51666
-1.69268
-1.85828
-2.01612
-2.17628
-2.36457
-2.63944
-3.13901
-0.0993539
-0.297681
-0.494829
-0.689893
-0.881799
-1.06928
-1.2509
-1.42523
-1.59125
-1.74912
-1.90172
-2.05711
-2.23158
-2.44762
-2.6943
-0.0936322
-0.280489
-0.466096
-0.649536
-0.829778
-1.00567
-1.17597
-1.33951
-1.49539
-1.64351
-1.78525
-1.92459
-2.06956
-2.23434
-2.45173
-0.0881874
-0.264146
-0.438838
-0.611359
-0.780727
-0.945879
-1.10569
-1.25903
-1.40485
-1.54223
-1.67032
-1.78806
-1.89364
-1.98438
-2.05407
-0.0830255
-0.248665
-0.413057
-0.57533
-0.734555
-0.889741
-1.03983
-1.18371
-1.32009
-1.44729
-1.56246
-1.65987
-1.72788
-1.74889
-1.75152
-0.078143
-0.234032
-0.38872
-0.541379
-0.691139
-0.837085
-0.978238
-1.11352
-1.24162
-1.36059
-1.4668
-1.55202
-1.59459
-1.52603
-1.07734
-0.0735304
-0.220215
-0.365763
-0.509401
-0.650325
-0.787702
-0.920661
-1.04826
-1.16942
-1.28266
-1.38558
-1.47369
-1.53834
-1.56703
-1.5878
-0.0691734
-0.207168
-0.344105
-0.479267
-0.611925
-0.741334
-0.866746
-0.987419
-1.10264
-1.21178
-1.31452
-1.41157
-1.50693
-1.61343
-1.7606
-0.0650547
-0.19484
-0.323652
-0.450835
-0.575732
-0.697687
-0.816066
-0.930303
-1.04001
-1.14525
-1.24728
-1.35054
-1.46763
-1.63143
-1.92351
-0.0611554
-0.183171
-0.304301
-0.423953
-0.541537
-0.656471
-0.768206
-0.876275
-0.980411
-1.08085
-1.17908
-1.2798
-1.39577
-1.5602
-1.86341
-0.0574556
-0.172101
-0.285949
-0.39847
-0.509135
-0.617423
-0.722836
-0.824918
-0.923314
-1.01789
-1.10903
-1.19835
-1.29013
-1.39246
-1.50455
-0.0539348
-0.161568
-0.268493
-0.374239
-0.478337
-0.580321
-0.679722
-0.776061
-0.868799
-0.957222
-1.04013
-1.11512
-1.17702
-1.21782
-1.26033
-0.0505728
-0.151511
-0.25183
-0.351117
-0.448965
-0.544961
-0.638682
-0.729646
-0.817212
-0.90029
-0.976637
-1.0409
-1.07844
-1.04188
-0.743237
-0.0473493
-0.14187
-0.235857
-0.328961
-0.420834
-0.511133
-0.599502
-0.685535
-0.76867
-0.84794
-0.921426
-0.985145
-1.0312
-1.04783
-1.05095
-0.0442442
-0.132582
-0.220473
-0.307624
-0.393754
-0.478597
-0.561893
-0.643381
-0.722745
-0.799516
-0.87289
-0.941581
-1.00428
-1.06306
-1.13779
-0.0412384
-0.123592
-0.205577
-0.286962
-0.367528
-0.447087
-0.525491
-0.602649
-0.678558
-0.753361
-0.827495
-0.902096
-0.979964
-1.06711
-1.17405
-0.0383134
-0.114841
-0.191075
-0.266834
-0.34196
-0.416334
-0.489905
-0.562732
-0.635079
-0.707588
-0.781665
-0.860251
-0.949091
-1.05728
-1.18995
-0.0354525
-0.10628
-0.17688
-0.247114
-0.316874
-0.386094
-0.454786
-0.523099
-0.591428
-0.660646
-0.732603
-0.811195
-0.904667
-1.03033
-1.22546
-0.0326407
-0.0978633
-0.162914
-0.227693
-0.292124
-0.356175
-0.419883
-0.483403
-0.547098
-0.611725
-0.678835
-0.751722
-0.837774
-0.955026
-1.15622
-0.0298651
-0.0895524
-0.149115
-0.208481
-0.2676
-0.326452
-0.385064
-0.443534
-0.502061
-0.561
-0.620961
-0.683028
-0.749101
-0.821309
-0.890275
-0.0271148
-0.0813149
-0.13543
-0.189412
-0.243225
-0.296854
-0.350299
-0.403576
-0.456679
-0.509486
-0.561532
-0.611477
-0.656062
-0.689736
-0.723913
-0.0243804
-0.0731235
-0.121816
-0.17043
-0.218943
-0.267342
-0.315608
-0.363692
-0.411444
-0.458423
-0.503471
-0.543584
-0.570495
-0.557724
-0.401936
-0.0216539
-0.0649546
-0.108236
-0.151489
-0.194706
-0.237883
-0.281
-0.323995
-0.36669
-0.408627
-0.44875
-0.484799
-0.512382
-0.524947
-0.52996
-0.018928
-0.0567868
-0.0946558
-0.132544
-0.170464
-0.208427
-0.246436
-0.284464
-0.322411
-0.360019
-0.396768
-0.431836
-0.464602
-0.497338
-0.54699
-0.016196
-0.0486001
-0.0810423
-0.113551
-0.146158
-0.178901
-0.211819
-0.244949
-0.278317
-0.311939
-0.345868
-0.380408
-0.41675
-0.45789
-0.50767
-0.0134515
-0.0403753
-0.0673634
-0.0944626
-0.121726
-0.149218
-0.177017
-0.205227
-0.233999
-0.263582
-0.294456
-0.327662
-0.365477
-0.412352
-0.476412
-0.0106887
-0.0320947
-0.0535888
-0.0752345
-0.0971044
-0.119286
-0.141891
-0.165075
-0.189073
-0.214267
-0.241347
-0.271648
-0.307825
-0.35479
-0.419711
-0.00790223
-0.0237422
-0.0396909
-0.0558261
-0.0722358
-0.0890243
-0.106325
-0.124319
-0.14327
-0.163583
-0.185927
-0.21149
-0.242596
-0.28467
-0.356809
-0.00508747
-0.0153037
-0.025646
-0.0362034
-0.0470746
-0.0583738
-0.0702414
-0.0828594
-0.0964747
-0.111429
-0.1282
-0.147424
-0.169666
-0.193584
-0.205355
-0.00224049
-0.0067676
-0.0114348
-0.0163399
-0.021588
-0.0272965
-0.033602
-0.04067
-0.0487045
-0.0579531
-0.0687002
-0.0812071
-0.0954928
-0.110856
-0.12854
0.000641929
0.00187568
0.00295774
0.00378404
0.00424568
0.00422646
0.00359983
0.00222604
-4.77478e-05
-0.00337927
-0.00791083
-0.0137066
-0.0204944
-0.0264491
-0.0238008
0.00356246
0.0106338
0.0175437
0.0241827
0.0304396
0.036201
0.0413522
0.0457809
0.0493848
0.0520838
0.053822
0.0545269
0.0540003
0.0520444
0.0497641
0.00652335
0.0195134
0.0323329
0.0448675
0.0570033
0.0686281
0.0796367
0.0899407
0.0994847
0.108268
0.116337
0.123659
0.129559
0.130818
0.11269
0.00952666
0.0285203
0.0473346
0.0658496
0.0839466
0.101511
0.11844
0.134659
0.15015
0.164998
0.179436
0.193824
0.208407
0.22312
0.241372
0.0125743
0.0376605
0.0625582
0.0871414
0.111284
0.134862
0.157765
0.179913
0.201296
0.222059
0.242632
0.263904
0.28723
0.313031
0.329067
0.0156683
0.0469396
0.0780141
0.108758
0.139036
0.168709
0.197643
0.225726
0.252906
0.279298
0.3054
0.332606
0.364396
0.409789
0.496035
0.0188103
0.0563634
0.0937124
0.130717
0.16723
0.203093
0.23814
0.272195
0.305098
0.336779
0.367456
0.398169
0.432177
0.478242
0.555189
0.0220017
0.0659364
0.109663
0.153035
0.195896
0.23807
0.279352
0.319491
0.358172
0.395003
0.429537
0.461489
0.491646
0.52531
0.582227
0.0252435
0.0756616
0.125871
0.175724
0.225059
0.273689
0.321383
0.367827
0.412564
0.454862
0.493463
0.526094
0.548737
0.556287
0.559162
0.0285354
0.085539
0.142338
0.198788
0.254731
0.309981
0.364304
0.417374
0.468681
0.517331
0.561584
0.597669
0.616364
0.59056
0.416421
0.0318764
0.0955651
0.159059
0.222221
0.284903
0.346938
0.408118
0.46817
0.526672
0.582894
0.635423
0.681354
0.714947
0.727887
0.731143
0.0352643
0.105733
0.17602
0.246001
0.315544
0.384507
0.452738
0.520064
0.586273
0.651061
0.71389
0.773636
0.827922
0.871978
0.892253
0.038696
0.116033
0.193205
0.2701
0.346603
0.422605
0.498007
0.572755
0.646886
0.720625
0.794542
0.869744
0.948051
1.03263
1.13534
0.0421676
0.126454
0.210593
0.294484
0.378028
0.461137
0.543751
0.625896
0.707794
0.790098
0.874348
0.963729
1.06387
1.18075
1.29594
0.0456752
0.136983
0.228161
0.319121
0.409772
0.50003
0.589839
0.679228
0.768443
0.858251
0.950629
1.05028
1.16811
1.33007
1.60581
0.0492143
0.147607
0.24589
0.343984
0.441803
0.539251
0.636238
0.732701
0.828701
0.92465
1.0219
1.12424
1.24174
1.40044
1.66494
0.0527801
0.158312
0.263758
0.36905
0.474104
0.57881
0.683016
0.786514
0.889019
0.990175
1.08967
1.1877
1.2868
1.39738
1.54763
0.0563668
0.169083
0.281741
0.394292
0.506661
0.61873
0.730303
0.841034
0.950293
1.05689
1.15848
1.25044
1.32392
1.36681
1.40419
0.0599673
0.179897
0.299807
0.419671
0.539438
0.659009
0.778188
0.896591
1.01344
1.1271
1.23402
1.32603
1.38232
1.34009
0.957002
0.0635729
0.190729
0.31791
0.445126
0.572363
0.699572
0.826626
0.953244
1.07881
1.20201
1.31995
1.42645
1.50918
1.55011
1.57297
0.0671731
0.201546
0.335997
0.470574
0.605318
0.740253
0.875379
1.01064
1.14586
1.2806
1.41384
1.54341
1.66511
1.77271
1.85483
0.0707559
0.212312
0.354001
0.495915
0.638149
0.780813
0.92405
1.06807
1.21324
1.36024
1.51033
1.66583
1.83086
2.01302
2.23521
0.074309
0.222989
0.371855
0.52104
0.67069
0.820986
0.972185
1.12472
1.27937
1.43775
1.60308
1.78167
1.98473
2.22557
2.47973
0.0778203
0.233539
0.389493
0.545848
0.702789
0.860539
1.01941
1.17989
1.34293
1.51046
1.68663
1.88053
2.11241
2.42889
2.95018
0.0812782
0.243927
0.406855
0.570255
0.734334
0.899324
1.06551
1.2333
1.40338
1.57719
1.75788
1.95304
2.18135
2.48999
2.99968
0.0846726
0.254123
0.423892
0.594195
0.765251
0.937284
1.11051
1.28511
1.46127
1.63914
1.81911
2.00254
2.19454
2.41151
2.68892
0.0879943
0.264101
0.440561
0.617613
0.795495
0.974422
1.15455
1.33585
1.51796
1.69965
1.87794
2.04611
2.19038
2.29108
2.39092
0.0912348
0.273833
0.456819
0.640459
0.825016
1.01073
1.19777
1.38605
1.57494
1.76253
1.94382
2.10627
2.21651
2.17126
1.56846
0.0943861
0.283296
0.472626
0.662668
0.853733
1.04613
1.24012
1.43581
1.63284
1.82979
2.02278
2.2027
2.35063
2.43863
2.50583
0.0974416
0.292469
0.487937
0.684167
0.881524
1.08042
1.2813
1.48464
1.6908
1.8998
2.11082
2.32133
2.52638
2.72046
2.90153
0.100397
0.301335
0.502717
0.704884
0.908246
1.11332
1.32078
1.53151
1.74679
1.96842
2.19921
2.44375
2.70976
3.01132
3.38422
0.103252
0.309891
0.516951
0.724769
0.933777
1.14456
1.35796
1.57523
1.79835
2.03066
2.27807
2.55125
2.86844
3.25265
3.68085
0.106013
0.318154
0.530655
0.743823
0.95807
1.17399
1.39246
1.61488
1.84352
2.0824
2.33902
2.62819
2.98058
3.46341
4.2418
0.108694
0.326163
0.543894
0.762124
0.981196
1.20163
1.42421
1.65019
1.88157
2.12182
2.37736
2.66121
3.00213
3.46891
4.23974
0.111318
0.333989
0.556782
0.779833
1.00337
1.22777
1.4536
1.68173
1.91345
2.1506
2.39603
2.6546
2.93624
3.26327
3.66657
0.113916
0.341726
0.569484
0.797197
1.02494
1.2529
1.48137
1.71078
1.94153
2.17362
2.40557
2.63193
2.83882
3.00463
3.18976
0.116528
0.349497
0.582211
0.814529
1.04635
1.27766
1.50848
1.73887
1.96867
2.19672
2.41895
2.62276
2.76991
2.73256
1.99556
0.119199
0.357439
0.595206
0.832193
1.06812
1.30273
1.53587
1.76737
1.99699
2.22385
2.44511
2.6529
2.82909
2.94632
3.06113
0.121979
0.365705
0.608733
0.850584
1.09077
1.32883
1.56436
1.79715
2.0272
2.25484
2.48059
2.70496
2.92918
3.16174
3.44061
0.124916
0.374449
0.623068
0.870117
1.11489
1.35665
1.59475
1.8288
2.05906
2.28711
2.51699
2.7571
3.02342
3.34497
3.77495
0.128059
0.383821
0.638482
0.891215
1.14107
1.387
1.62793
1.86305
2.09242
2.31807
2.54624
2.79098
3.07926
3.45285
3.93574
0.131447
0.393949
0.655222
0.914291
1.16996
1.42079
1.66511
1.90128
2.12831
2.34724
2.56395
2.79458
3.0758
3.48476
4.18304
0.135106
0.404921
0.673477
0.939705
1.2022
1.45907
1.70791
1.94582
2.1698
2.37792
2.57193
2.76298
2.98359
3.31567
3.97871
0.139037
0.416758
0.693331
0.967691
1.2383
1.5029
1.75828
1.99999
2.22226
2.41833
2.58191
2.71081
2.81391
2.91667
3.01447
0.14321
0.429381
0.714703
0.998257
1.27854
1.5531
1.8181
2.06762
2.29286
2.48127
2.61592
2.6765
2.64438
2.52105
2.41797
0.147551
0.44258
0.737283
1.03107
1.32271
1.6099
1.88862
2.15206
2.38901
2.58147
2.7013
2.7065
2.53812
2.11128
1.22121
0.15194
0.455993
0.760476
1.06534
1.36993
1.67256
1.96972
2.25485
2.51601
2.73206
2.86622
2.85701
2.61124
2.02314
1.10243
0.156201
0.469093
0.783383
1.09976
1.41848
1.73896
2.05915
2.37425
2.67431
2.93947
3.13062
3.17172
2.92201
2.16587
0.836687
0.160119
0.481205
0.804812
1.13253
1.46576
1.80552
2.15206
2.50406
2.8568
3.19823
3.49915
3.68829
3.58434
2.70646
-0.228803
0.163441
0.491549
0.82336
1.16143
1.50846
1.86733
2.24116
2.63331
3.04713
3.48506
3.94521
4.4083
4.78396
4.67572
2.29357
0.165906
0.499302
0.837529
1.18407
1.54289
1.91869
2.3175
2.74749
3.22071
3.75643
4.38913
5.1888
6.31935
8.22427
12.2912
12.0068
7.83908
5.94098
4.8408
4.07586
3.47787
2.9757
2.53469
2.13561
1.76662
1.41971
1.08904
0.770061
0.458986
0.152495
1.62614
4.17486
4.35917
4.03562
3.61583
3.19456
2.79268
2.41284
2.05302
1.71021
1.3813
1.06338
0.753778
0.449981
0.149616
-0.978611
2.15246
3.12993
3.29716
3.15671
2.89769
2.59431
2.27703
1.95859
1.6441
1.33521
1.03192
0.733438
0.438575
0.145942
0.170592
1.62559
2.46322
2.77227
2.77983
2.63154
2.40554
2.14199
1.86137
1.57406
1.28518
0.997079
0.710559
0.425605
0.14174
0.546271
1.52737
2.16348
2.45663
2.51107
2.41927
2.24279
2.01877
1.76877
1.50507
1.23459
0.961105
0.686568
0.411863
0.137265
0.905455
1.66865
2.10178
2.30668
2.34379
2.26575
2.11301
1.91356
1.68563
1.44076
1.18605
0.92583
0.662668
0.398031
0.132738
1.89832
2.03902
2.19848
2.27317
2.25639
2.16403
2.01563
1.82808
1.61423
1.38323
1.14129
0.89257
0.63977
0.384641
0.128333
2.41863
2.39626
2.35397
2.30311
2.22139
2.10118
1.94537
1.76081
1.55471
1.33325
1.10121
0.862113
0.618467
0.372056
0.124172
3.3023
2.76722
2.51531
2.3544
2.21305
2.06299
1.89504
1.70846
1.50583
1.29059
1.06601
0.834786
0.599063
0.360482
0.120328
3.51156
2.94143
2.61337
2.39206
2.21069
2.03718
1.85759
1.6672
1.46565
1.25439
1.03538
0.81056
0.581627
0.34999
0.116827
3.36137
2.94744
2.63724
2.40191
2.2028
2.01554
1.82761
1.63367
1.4322
1.22353
1.00875
0.78917
0.566054
0.340546
0.113665
3.25135
2.88134
2.60904
2.38654
2.18663
1.99431
1.80176
1.60532
1.40371
1.19689
0.985437
0.770214
0.552125
0.332049
0.11081
2.99821
2.74731
2.54621
2.35542
2.16514
1.97319
1.77856
1.58055
1.37882
1.17342
0.964721
0.75323
0.539562
0.324349
0.108218
2.68211
2.57864
2.47617
2.3239
2.14477
1.9539
1.75769
1.55832
1.35644
1.15224
0.945919
0.737742
0.52806
0.317281
0.105835
1.76165
2.40923
2.44066
2.31099
2.1325
1.93829
1.73897
1.53781
1.33564
1.13251
0.928388
0.723282
0.51731
0.310668
0.103604
2.83819
2.66765
2.51698
2.33195
2.13112
1.92619
1.72149
1.51799
1.31547
1.11346
0.911522
0.709411
0.507016
0.304341
0.10147
3.27419
2.91225
2.61714
2.36386
2.13255
1.9139
1.70315
1.49746
1.29494
1.09433
0.894763
0.695726
0.496906
0.298145
0.0993836
3.80816
3.11041
2.68821
2.38049
2.12516
1.89609
1.68129
1.47472
1.27308
1.07445
0.877626
0.68188
0.486747
0.291944
0.0972994
3.82054
3.11718
2.67975
2.3607
2.09952
1.86836
1.65368
1.44852
1.24912
1.05329
0.859732
0.6676
0.476353
0.28563
0.0951816
3.33239
2.93927
2.58905
2.30072
2.05299
1.82918
1.61945
1.41832
1.22265
1.03056
0.840837
0.652697
0.465588
0.279121
0.0930036
3.0736
2.73154
2.45536
2.21251
1.98986
1.78019
1.57923
1.38431
1.1937
1.00616
0.820837
0.637071
0.454374
0.272368
0.0907479
2.64926
2.47805
2.29853
2.11026
1.9177
1.72514
1.5348
1.34731
1.16259
0.980227
0.799748
0.620697
0.442676
0.265344
0.0884053
2.29466
2.23032
2.14776
2.01099
1.84552
1.66856
1.48837
1.30838
1.12984
0.952979
0.777662
0.603604
0.430497
0.258045
0.0859733
1.4431
1.99524
2.03462
1.93164
1.78131
1.61423
1.44179
1.26845
1.09591
0.924657
0.754698
0.585849
0.417862
0.25048
0.0834542
2.2124
2.11625
2.02036
1.88517
1.72875
1.56362
1.39582
1.22797
1.06109
0.895432
0.730961
0.567494
0.404806
0.242668
0.0808535
2.49559
2.23708
2.03339
1.85346
1.68223
1.51486
1.34989
1.18683
1.0254
0.865384
0.706527
0.548597
0.391369
0.23463
0.0781783
2.79873
2.31986
2.02993
1.81569
1.63305
1.46443
1.30263
1.14454
0.988751
0.83453
0.68145
0.529214
0.377593
0.226393
0.0754374
2.76009
2.27143
1.97391
1.756
1.57414
1.40929
1.25279
1.10067
0.951011
0.802887
0.655788
0.509406
0.363527
0.217986
0.0726408
2.33278
2.09029
1.86262
1.67129
1.50343
1.34834
1.19993
1.05508
0.912211
0.770537
0.629633
0.489251
0.349229
0.209446
0.0698003
2.11037
1.89889
1.72611
1.57029
1.42388
1.28277
1.14461
1.00812
0.872589
0.737658
0.603119
0.46885
0.334768
0.200812
0.0669293
1.76242
1.68064
1.57783
1.46276
1.34066
1.21516
1.08814
0.960488
0.832559
0.704515
0.576425
0.448323
0.320223
0.19213
0.0640424
1.49998
1.477
1.43811
1.36014
1.25984
1.14861
1.03214
0.91306
0.792618
0.671411
0.549748
0.427802
0.305678
0.183446
0.0611548
0.91771
1.28446
1.32553
1.27305
1.18662
1.08573
0.977949
0.866591
0.753219
0.638632
0.523274
0.407411
0.291214
0.174806
0.0582812
1.35537
1.31809
1.27796
1.20954
1.12347
1.02765
0.926264
0.821534
0.714674
0.606401
0.497162
0.387259
0.276902
0.166251
0.0554348
1.49766
1.35374
1.25007
1.15831
1.06713
0.973445
0.876921
0.777971
0.677125
0.574851
0.471523
0.36743
0.262801
0.157815
0.0526269
1.61626
1.36148
1.21393
1.1067
1.01255
0.92124
0.829281
0.73574
0.640581
0.544046
0.446425
0.347985
0.248953
0.149524
0.0498662
1.55667
1.29478
1.14983
1.04604
0.956035
0.86951
0.782761
0.694649
0.605009
0.514011
0.42191
0.328961
0.23539
0.141397
0.0471588
1.24107
1.14693
1.05718
0.975846
0.897133
0.817965
0.737207
0.654635
0.570396
0.484757
0.397999
0.31038
0.222128
0.133444
0.0445088
1.03311
0.996062
0.958738
0.903855
0.838585
0.767555
0.692936
0.615799
0.536774
0.456297
0.374699
0.29225
0.209175
0.125671
0.0419178
0.604324
0.845425
0.872527
0.839109
0.784076
0.719672
0.650436
0.578292
0.504179
0.428633
0.352008
0.274568
0.196529
0.118078
0.0393859
0.847471
0.843441
0.828387
0.789406
0.736118
0.67518
0.609983
0.542174
0.472599
0.401737
0.329899
0.257317
0.18418
0.110659
0.0369113
0.912151
0.849161
0.800909
0.749672
0.693516
0.633687
0.571371
0.507306
0.441934
0.375538
0.308325
0.240464
0.172109
0.103404
0.034491
0.929149
0.8447
0.775556
0.713392
0.653513
0.593964
0.534004
0.473371
0.412003
0.349928
0.287219
0.22397
0.160291
0.0963007
0.0321212
0.933504
0.829671
0.745412
0.675568
0.61333
0.554571
0.497137
0.439972
0.382586
0.324782
0.266507
0.207791
0.148702
0.0893357
0.0297977
0.94473
0.801119
0.705314
0.632506
0.570786
0.514303
0.460118
0.406753
0.353486
0.299984
0.246123
0.191887
0.137319
0.0824973
0.0275169
0.887953
0.739444
0.649309
0.581795
0.524659
0.472485
0.422565
0.373498
0.324575
0.275462
0.226022
0.176231
0.126125
0.0757768
0.0252761
0.687718
0.637309
0.577657
0.523931
0.475143
0.429151
0.384455
0.340171
0.295826
0.251192
0.206187
0.160812
0.115114
0.0691704
0.023074
0.586532
0.541669
0.501954
0.462692
0.423744
0.384964
0.346096
0.306919
0.267305
0.227206
0.186633
0.145636
0.104287
0.0626787
0.0209107
0.440003
0.442527
0.426003
0.401293
0.372291
0.340891
0.307988
0.274002
0.23915
0.203578
0.167399
0.130723
0.0936558
0.0563069
0.0187878
0.350228
0.356688
0.355804
0.342928
0.322567
0.297916
0.270674
0.241717
0.211527
0.180398
0.148537
0.116103
0.0832354
0.0500624
0.0167075
0.189781
0.276012
0.294001
0.289812
0.275887
0.256796
0.234592
0.210323
0.184586
0.157758
0.130098
0.101806
0.0730429
0.0439539
0.0146724
0.233079
0.242796
0.24767
0.24351
0.232861
0.217897
0.199989
0.179985
0.158436
0.135724
0.112126
0.0878569
0.0630933
0.0379891
0.0126849
0.229089
0.21302
0.207684
0.201771
0.192899
0.181103
0.166888
0.150757
0.133129
0.114337
0.0946478
0.0742744
0.0533971
0.0321734
0.0107466
0.190187
0.175879
0.168177
0.162147
0.155038
0.146051
0.135164
0.122607
0.108665
0.0936074
0.0776733
0.0610654
0.0439589
0.0265091
0.00885832
0.153848
0.134249
0.127587
0.123336
0.118555
0.112381
0.10465
0.0954607
0.0850112
0.0735205
0.0611968
0.048227
0.0347768
0.0209953
0.00701963
0.0732775
0.0837338
0.0854062
0.0849636
0.0831132
0.0798556
0.0751963
0.0692305
0.0621188
0.0540472
0.0451999
0.0357473
0.0258433
0.0156276
0.00522913
0.0320756
0.0394176
0.0447777
0.0476407
0.0487263
0.0483677
0.0466991
0.0438377
0.0399318
0.0351487
0.0296553
0.0236071
0.0171454
0.0103983
0.00348429
-0.0248244
-0.0034245
0.0059686
0.0116256
0.0154256
0.0178577
0.0190807
0.0192124
0.0183933
0.0167805
0.0145287
0.0117807
0.00866506
0.00529695
0.00178163
-0.047014
-0.0378332
-0.0301569
-0.0230302
-0.0168414
-0.0117412
-0.00772645
-0.00470924
-0.00255344
-0.00110609
-0.000219888
0.000237124
0.000380206
0.000310102
0.000116664
-0.0568349
-0.0711157
-0.0658119
-0.056967
-0.0482687
-0.0405122
-0.0337848
-0.0279871
-0.0229665
-0.018564
-0.0146359
-0.0110603
-0.00773594
-0.00457848
-0.00151604
-0.135618
-0.11791
-0.103835
-0.0907337
-0.0789588
-0.068493
-0.0591392
-0.0506778
-0.0429068
-0.035652
-0.0287716
-0.0221544
-0.015715
-0.00938812
-0.003123
-0.182007
-0.162083
-0.141092
-0.123506
-0.108656
-0.0956262
-0.0838143
-0.0728396
-0.0624434
-0.0524384
-0.042688
-0.0330952
-0.0235939
-0.0141416
-0.00471187
-0.26195
-0.206884
-0.175889
-0.154301
-0.137
-0.121838
-0.107848
-0.0945492
-0.0816619
-0.0690049
-0.0564571
-0.0439417
-0.0314165
-0.0188656
-0.00629169
-0.285645
-0.234846
-0.204055
-0.182033
-0.163768
-0.14716
-0.131343
-0.115922
-0.100673
-0.0854513
-0.0701646
-0.0547633
-0.0392338
-0.0235916
-0.00787302
-0.283034
-0.248791
-0.226031
-0.207066
-0.189284
-0.17185
-0.154503
-0.137124
-0.119617
-0.101898
-0.0839116
-0.0656412
-0.0471057
-0.0283562
-0.00946819
-0.26442
-0.254642
-0.245262
-0.231194
-0.214458
-0.196395
-0.177622
-0.158364
-0.138659
-0.118483
-0.0978151
-0.0766698
-0.0551015
-0.033202
-0.0110916
-0.186976
-0.260114
-0.267641
-0.257089
-0.240448
-0.221345
-0.201013
-0.179861
-0.157979
-0.135362
-0.112008
-0.087958
-0.0633023
-0.0381789
-0.0127601
-0.318357
-0.311039
-0.302461
-0.287126
-0.268043
-0.247053
-0.224906
-0.201809
-0.177758
-0.152705
-0.126643
-0.0996315
-0.0718023
-0.0433451
-0.0144934
-0.379797
-0.362718
-0.341857
-0.31968
-0.29685
-0.273469
-0.249385
-0.224362
-0.19818
-0.1707
-0.141892
-0.111837
-0.0807121
-0.0487692
-0.0163146
-0.463386
-0.41689
-0.382042
-0.352595
-0.325928
-0.300272
-0.274441
-0.247659
-0.21945
-0.189567
-0.157964
-0.12475
-0.0901628
-0.0545323
-0.0182512
-0.513867
-0.462826
-0.418351
-0.383481
-0.35419
-0.327098
-0.300079
-0.271886
-0.241824
-0.209578
-0.175107
-0.138579
-0.100311
-0.0607305
-0.0203357
-0.604492
-0.504041
-0.447858
-0.410384
-0.380808
-0.353772
-0.326457
-0.297347
-0.265658
-0.23108
-0.193633
-0.153577
-0.111343
-0.0674775
-0.022606
-0.609002
-0.514345
-0.464237
-0.431688
-0.40554
-0.380539
-0.354007
-0.324535
-0.291439
-0.254519
-0.213923
-0.17005
-0.123478
-0.0749061
-0.0251067
-0.529637
-0.493543
-0.468287
-0.448426
-0.429348
-0.408265
-0.383521
-0.354175
-0.319817
-0.280457
-0.236439
-0.188356
-0.136974
-0.0831694
-0.0278886
-0.464439
-0.465055
-0.468448
-0.464507
-0.454418
-0.438428
-0.416152
-0.387232
-0.351609
-0.309573
-0.261729
-0.208914
-0.152122
-0.0924402
-0.0310088
-0.297381
-0.434507
-0.473561
-0.484751
-0.483456
-0.472846
-0.453316
-0.42488
-0.387794
-0.342667
-0.290422
-0.232193
-0.169246
-0.102908
-0.0345296
-0.448036
-0.471927
-0.497884
-0.513557
-0.518835
-0.513345
-0.496581
-0.46847
-0.429501
-0.380648
-0.323218
-0.258709
-0.188696
-0.114773
-0.0385165
-0.498583
-0.507765
-0.529206
-0.549475
-0.561561
-0.561557
-0.54764
-0.51953
-0.47801
-0.424528
-0.360881
-0.289004
-0.210831
-0.128241
-0.0430355
-0.52942
-0.534929
-0.561199
-0.590965
-0.612555
-0.619315
-0.608468
-0.57983
-0.534762
-0.475407
-0.404209
-0.323629
-0.236004
-0.143505
-0.0481488
-0.531508
-0.547507
-0.590617
-0.638018
-0.673719
-0.689189
-0.681561
-0.651468
-0.601369
-0.534449
-0.453999
-0.363103
-0.264531
-0.160734
-0.0539088
-0.500451
-0.541075
-0.616908
-0.693074
-0.748803
-0.774996
-0.770169
-0.736926
-0.679589
-0.602825
-0.510988
-0.407866
-0.296656
-0.180047
-0.0603505
-0.424753
-0.510003
-0.642821
-0.762195
-0.844269
-0.882245
-0.878432
-0.839047
-0.77123
-0.681602
-0.575756
-0.458199
-0.332497
-0.201484
-0.0674827
-0.168293
-0.445716
-0.677924
-0.857093
-0.970218
-1.01842
-1.01133
-0.96085
-0.877952
-0.771577
-0.648597
-0.51414
-0.371992
-0.224975
-0.075277
-0.0592614
-0.412657
-0.749711
-0.997739
-1.14111
-1.19289
-1.17429
-1.10511
-1.00092
-0.873017
-0.72935
-0.575375
-0.414831
-0.250306
-0.0836577
0.106508
-0.390807
-0.88317
-1.21096
-1.37543
-1.41613
-1.37233
-1.27366
-1.14029
-0.985349
-0.817202
-0.641121
-0.460401
-0.277091
-0.0924932
0.765652
-0.37225
-1.13076
-1.53752
-1.6955
-1.6979
-1.6084
-1.46626
-1.2946
-1.1068
-0.910509
-0.710043
-0.507732
-0.304749
-0.101591
1.13802
-0.617015
-1.62243
-2.0368
-2.12342
-2.04329
-1.88095
-1.67933
-1.46008
-1.23409
-1.00667
-0.780199
-0.555497
-0.332506
-0.110697
2.16939
-1.38221
-2.52438
-2.76369
-2.667
-2.44559
-2.18067
-1.90458
-1.63021
-1.36234
-1.10211
-0.849083
-0.60204
-0.359423
-0.119506
-0.919387
-3.82051
-4.05317
-3.72391
-3.29709
-2.87795
-2.48805
-2.12856
-1.7958
-1.48522
-1.19251
-0.913767
-0.645476
-0.384442
-0.127678
-12.87
-8.11162
-5.97207
-4.75177
-3.92173
-3.2899
-2.77424
-2.33394
-1.94592
-1.59565
-1.27317
-0.97115
-0.683841
-0.406474
-0.134863
0.16726
0.503694
0.845992
1.19849
1.56623
1.95554
2.37482
2.83607
3.35776
3.97055
4.73045
5.75118
7.29365
10.0409
16.0778
0.166957
0.503035
0.845752
1.20004
1.5717
1.96797
2.3985
2.87679
3.42287
4.06792
4.86249
5.89046
7.28543
9.20726
11.5211
0.164482
0.495715
0.833904
1.18418
1.55249
1.94611
2.37437
2.84967
3.38895
4.01552
4.7608
5.66275
6.75037
7.98132
9.07077
0.159726
0.481415
0.809933
1.15023
1.50792
1.88958
2.30319
2.75857
3.26763
3.8442
4.50213
5.2492
6.07111
6.89644
7.55475
0.152726
0.460264
0.774143
1.09886
1.43934
1.80106
2.19023
2.61373
3.0787
3.59136
4.15433
4.76132
5.38804
5.97854
6.44355
0.143632
0.432751
0.72748
1.0317
1.34947
1.68508
2.04295
2.42737
2.84186
3.2878
3.76218
4.25424
4.74157
5.1865
5.54124
0.132674
0.399603
0.671291
0.950933
1.24173
1.54684
1.86915
2.21099
2.57346
2.95534
3.35156
3.75132
4.13697
4.4839
4.76503
0.120124
0.361671
0.607104
0.858958
1.11965
1.39137
1.67586
1.97409
2.28575
2.60848
2.93696
3.26202
3.57056
3.84644
4.07345
0.106266
0.319828
0.536455
0.758089
0.986487
1.22309
1.46883
1.72385
1.98714
2.25605
2.52581
2.78918
3.03672
3.25773
3.44211
0.0913686
0.274897
0.460763
0.650406
0.845055
1.04561
1.25248
1.46537
1.68303
1.90296
2.12122
2.33233
2.5296
2.70586
2.85464
0.075675
0.22761
0.381266
0.537671
0.697656
0.861752
1.03006
1.2021
1.37665
1.55161
1.72388
1.88946
2.04364
2.18164
2.29926
0.0593923
0.17859
0.298998
0.421322
0.546098
0.673619
0.803834
0.936248
1.06983
1.20293
1.33326
1.45798
1.57391
1.67786
1.76712
0.042693
0.12835
0.214801
0.302495
0.391761
0.482746
0.57535
0.669166
0.763424
0.856956
0.948201
1.03528
1.11613
1.18874
1.25144
0.0257192
0.0773104
0.129347
0.18208
0.235684
0.290224
0.345616
0.401598
0.457699
0.513224
0.567267
0.618755
0.666534
0.709495
0.746721
-32276.9
-32230.8
-32184.8
-32138.8
-32092.9
-32047.2
-32001.7
-31956.5
-31911.5
-31866.8
-31822.5
-31778.5
-31735
-31692
-31649.4
20.9568
-9.32128
30.5068
0.799648
30.4454
6.72322
-17.0969
13.4041
-16.9856
30.0744
-0.624079
30.1714
3.95367
28.4166
8.0744
-12.0619
13.1211
-11.8837
25.8262
1.4332
25.0113
6.44984
-11.5565
9.6409
-12.1688
12.3434
-11.8451
23.8248
0.89821
22.4879
5.29297
-11.2865
7.84671
-12.1123
9.92486
-12.2122
20.07
-1.01875
18.6092
2.59525
-13.0004
4.64488
-14.4875
6.52884
-15.3025
16.9681
-4.68771
15.9787
-2.59878
13.9594
-0.789802
-15.6322
1.92776
-16.9723
10.9095
-8.1842
9.9865
-5.3042
-20.6562
-3.41486
-23.0114
-1.28633
-24.3207
10.0481
-13.0429
9.48409
-9.0093
-27.649
-6.11209
-30.1347
-2.80003
-31.2404
12.0768
-16.541
12.2112
-10.6919
-33.7915
-6.1473
-35.9874
-1.00032
-36.2328
18.5461
-16.6334
19.7092
-7.93496
-35.4636
-0.157514
-34.5773
12.442
-22.2161
11.7112
7.19884
13.1903
9.71362
12.9405
6.87873
0.96966
4.82733
2.39573
11.1693
9.07904
14.0492
10.769
13.1747
7.79534
2.58324
5.5216
3.21397
9.88296
7.656
10.4266
5.66819
0.803232
2.79339
-0.0758118
3.71041
1.85694
8.33922
6.31638
8.84861
4.42254
-0.118269
1.57563
-1.15702
2.13498
0.311282
6.0639
4.06912
6.23846
2.00452
-2.34492
-0.895536
-3.5837
-0.46881
-2.22611
3.65599
1.91227
4.95999
2.30051
3.55916
-0.650365
-4.76924
-3.08313
-5.18825
-0.588987
-2.71465
-0.95474
-5.21427
-9.60915
-8.34741
-11.2247
-8.12212
-10.1207
-4.07179
-6.32315
-3.8594
-8.80073
-13.9256
-12.0889
-15.3691
-11.2104
-13.3986
-5.51684
-8.01165
-4.55567
-10.4136
-16.4871
-13.7546
-17.4638
-11.7689
-14.0619
-3.71132
-6.31642
-1.46885
-8.10653
-14.9178
-10.7903
-14.5516
-7.25066
-12.2817
9.21194
8.59327
9.50745
8.97414
8.81105
6.81405
4.97197
5.30689
5.64129
7.9079
8.6148
9.80692
9.39618
9.14289
7.275
5.49134
5.47592
5.38489
6.74949
6.68186
6.68333
5.0395
3.29111
2.9429
2.43295
3.19816
3.55506
5.10071
5.17489
5.22896
3.71697
2.07159
1.67841
1.12233
1.7114
1.92449
3.21392
3.16049
3.08833
1.5799
-0.0400954
-0.4781
-1.03654
-0.450656
-0.15069
1.32513
1.61261
2.15986
1.5578
1.03329
-0.641383
-2.26546
-2.6346
-3.05846
-2.40335
-2.84014
-3.22774
-4.92927
-6.70761
-7.31955
-8.04917
-7.61198
-7.50893
-6.23899
-6.39291
-6.53926
-8.32761
-10.2266
-10.6973
-11.3153
-10.4808
-10.0573
-8.16796
-8.05114
-7.91025
-9.82425
-11.8632
-12.0856
-12.4817
-11.0344
-10.0977
-7.31217
-6.73102
-6.10783
-8.02784
-10.1233
-10.063
-10.4548
-9.18501
-9.76772
7.78729
7.77922
7.90782
7.70039
7.32123
6.52513
5.83822
5.78596
6.10321
6.89117
7.45048
7.87144
7.79527
7.43472
6.63197
5.85182
5.53773
5.45829
5.67706
5.60685
5.3079
4.56002
3.7614
3.324
3.10419
3.2726
3.54017
3.97991
4.06121
3.86331
3.20237
2.45721
2.01472
1.7517
1.8283
1.9869
2.29686
2.27808
2.00573
1.31525
0.562017
0.11215
-0.137739
-0.0212562
0.231148
0.70517
0.93869
1.01459
0.703294
0.163568
-0.705338
-1.56881
-2.10729
-2.48234
-2.64528
-3.03634
-3.60852
-4.5335
-5.48549
-6.12203
-6.55352
-6.62041
-6.57713
-6.35548
-6.47315
-6.85421
-7.6947
-8.58401
-9.09325
-9.35246
-9.15901
-8.82612
-8.26616
-8.12471
-8.30522
-9.05437
-9.85469
-10.1659
-10.1536
-9.56416
-8.79504
-7.73817
-7.20555
-7.08403
-7.69596
-8.43257
-8.68417
-8.7505
-8.4514
-8.35367
6.67889
6.76859
6.79234
6.6742
6.43208
6.07924
5.79082
5.73323
5.88755
6.20395
6.48561
6.65207
6.60409
6.36356
5.95663
5.54138
5.26191
5.1025
5.021
4.86144
4.57917
4.15385
3.71172
3.39199
3.21663
3.20445
3.27757
3.37549
3.34979
3.16464
2.80925
2.40717
2.09279
1.89219
1.82731
1.83156
1.85339
1.76101
1.52542
1.14116
0.727461
0.414599
0.233671
0.212592
0.294054
0.431732
0.491956
0.427082
0.177938
-0.231923
-0.776918
-1.33996
-1.81513
-2.21145
-2.55856
-2.97153
-3.48112
-4.09868
-4.71748
-5.21964
-5.58278
-5.78737
-5.90205
-5.98324
-6.17397
-6.50746
-6.99136
-7.48858
-7.84911
-8.04135
-8.03793
-7.92184
-7.7616
-7.73457
-7.88124
-8.21073
-8.55037
-8.71181
-8.65666
-8.35249
-7.9067
-7.40914
-7.08802
-7.00397
-7.18442
-7.44007
-7.57197
-7.57226
-7.42769
-7.23392
5.75005
5.85361
5.88185
5.82719
5.70304
5.54125
5.41175
5.37603
5.43921
5.56748
5.68731
5.7422
5.69084
5.53272
5.29396
5.03608
4.81386
4.63522
4.478
4.29339
4.05708
3.77251
3.48643
3.25267
3.09469
3.01405
2.97982
2.94967
2.86853
2.71168
2.48387
2.23136
2.00748
1.83769
1.7272
1.65134
1.5748
1.4506
1.25957
1.00985
0.748033
0.527366
0.375164
0.299025
0.276244
0.270065
0.225611
0.105187
-0.115729
-0.432589
-0.82231
-1.23749
-1.63634
-2.01126
-2.37687
-2.76745
-3.19811
-3.66196
-4.11739
-4.51738
-4.84031
-5.0838
-5.27519
-5.45324
-5.66919
-5.94415
-6.26884
-6.59001
-6.84737
-7.01203
-7.07916
-7.08121
-7.06527
-7.09435
-7.19409
-7.3525
-7.50275
-7.56967
-7.51835
-7.34483
-7.09298
-6.8261
-6.62921
-6.54307
-6.56464
-6.62578
-6.64913
-6.60235
-6.47449
-6.27812
4.94439
5.04604
5.08958
5.07908
5.02695
4.95549
4.89635
4.87508
4.8958
4.94178
4.98116
4.98392
4.9299
4.81658
4.65737
4.47799
4.30161
4.13565
3.97302
3.79833
3.60309
3.39196
3.18439
3.00288
2.86003
2.75551
2.6749
2.596
2.49509
2.35972
2.1929
2.01323
1.8432
1.69676
1.57624
1.47115
1.36393
1.23558
1.07749
0.89525
0.708685
0.540939
0.406567
0.308122
0.234077
0.16312
0.0683205
-0.0722752
-0.271448
-0.528502
-0.83117
-1.15861
-1.4921
-1.82449
-2.15922
-2.5056
-2.86723
-3.23721
-3.59698
-3.92588
-4.21203
-4.45502
-4.66725
-4.86834
-5.07911
-5.30885
-5.55098
-5.78292
-5.97867
-6.1227
-6.21361
-6.26602
-6.30362
-6.35184
-6.42191
-6.5055
-6.57457
-6.59726
-6.55544
-6.44941
-6.30034
-6.14173
-6.01037
-5.9266
-5.88743
-5.86555
-5.82697
-5.74884
-5.6196
-5.43673
4.22621
4.32119
4.37413
4.38985
4.37759
4.35086
4.32526
4.31249
4.31481
4.32437
4.3265
4.30615
4.25308
4.16522
4.04856
3.91429
3.77307
3.62998
3.48413
3.33159
3.17068
3.00503
2.84355
2.69622
2.56897
2.46135
2.36632
2.27291
2.17015
2.05194
1.91941
1.7802
1.64401
1.51757
1.40215
1.29319
1.18267
1.0626
0.929446
0.786201
0.641612
0.505886
0.385727
0.281627
0.187059
0.0901507
-0.0233397
-0.16566
-0.34404
-0.558911
-0.804495
-1.07111
-1.3495
-1.6344
-1.92482
-2.22176
-2.52426
-2.82707
-3.12087
-3.3958
-3.64572
-3.87029
-4.07511
-4.26923
-4.46143
-4.65538
-4.84746
-5.02756
-5.18407
-5.30945
-5.40311
-5.4717
-5.52622
-5.57741
-5.62979
-5.67894
-5.71267
-5.71724
-5.6845
-5.61548
-5.52092
-5.41758
-5.3225
-5.24539
-5.18486
-5.12895
-5.06144
-4.96865
-4.84172
-4.67641
3.5711
3.65677
3.71211
3.74079
3.74893
3.74444
3.73552
3.728
3.72319
3.71751
3.70402
3.67531
3.62616
3.55516
3.46488
3.36041
3.24701
3.12807
3.00466
2.8767
2.74488
2.61186
2.48215
2.36042
2.24944
2.14886
2.05521
1.9631
1.86725
1.7646
1.65535
1.54263
1.43062
1.32239
1.21861
1.11734
1.01504
0.908335
0.79582
0.678978
0.561681
0.448339
0.341697
0.241361
0.143382
0.0410466
-0.0734905
-0.207116
-0.364075
-0.545071
-0.747497
-0.966628
-1.19748
-1.43632
-1.68095
-1.92985
-2.18077
-2.42986
-2.67186
-2.90163
-3.11581
-3.31392
-3.49827
-3.67279
-3.84109
-4.00451
-4.16106
-4.30605
-4.43415
-4.54177
-4.62856
-4.69749
-4.75349
-4.80111
-4.84215
-4.87444
-4.89261
-4.8908
-4.86563
-4.81816
-4.75397
-4.68138
-4.60854
-4.54011
-4.47543
-4.40885
-4.33216
-4.23749
-4.11899
-3.9733
2.96182
3.03633
3.0888
3.12168
3.1388
3.14479
3.14414
3.14001
3.13324
3.12228
3.10385
3.07434
3.0311
2.97329
2.90204
2.8198
2.72937
2.633
2.53214
2.42779
2.32122
2.21434
2.10966
2.00954
1.91532
1.8268
1.74226
1.65904
1.57452
1.4871
1.39665
1.30439
1.21209
1.12111
1.03178
0.943266
0.854058
0.762718
0.668693
0.572666
0.476297
0.381374
0.288812
0.197918
0.106189
0.00971766
-0.095958
-0.21479
-0.349324
-0.500212
-0.666287
-0.845116
-1.03382
-1.22978
-1.43081
-1.63492
-1.83985
-2.04275
-2.24041
-2.42983
-2.609
-2.77731
-2.93555
-3.08525
-3.22779
-3.3635
-3.49129
-3.60887
-3.71372
-3.80409
-3.87974
-3.94193
-3.99282
-4.03433
-4.06716
-4.09029
-4.10139
-4.09801
-4.07892
-4.04498
-3.99913
-3.94557
-3.88826
-3.82943
-3.76872
-3.70325
-3.62871
-3.54062
-3.43535
-3.31068
2.38583
2.44794
2.49402
2.52562
2.54507
2.55506
2.55818
2.5562
2.54975
2.5382
2.52005
2.49357
2.45744
2.41122
2.35546
2.29142
2.22072
2.14484
2.06508
1.98254
1.89841
1.81408
1.73104
1.65057
1.5734
1.49943
1.42782
1.35725
1.28638
1.21434
1.14094
1.0666
0.992032
0.91782
0.844108
0.770545
0.696477
0.621293
0.544757
0.467148
0.389114
0.311282
0.233787
0.155925
0.0760672
-0.0081274
-0.0992605
-0.199645
-0.310824
-0.433301
-0.566539
-0.709213
-0.859578
-1.0158
-1.17609
-1.3387
-1.50172
-1.66311
-1.82074
-1.97273
-2.11774
-2.25516
-2.38509
-2.50799
-2.62427
-2.7339
-2.83621
-2.93004
-3.01413
-3.08762
-3.1503
-3.20269
-3.24568
-3.28009
-3.30618
-3.32349
-3.33105
-3.3279
-3.31367
-3.28899
-3.25546
-3.21523
-3.17023
-3.12152
-3.06887
-3.01075
-2.94479
-2.86847
-2.77963
-2.67692
1.83385
1.88274
1.9202
1.94717
1.96504
1.97537
1.97966
1.97897
1.97373
1.96376
1.94839
1.92682
1.89844
1.86304
1.82092
1.7728
1.71963
1.66242
1.60214
1.5397
1.47604
1.41211
1.34885
1.287
1.22699
1.1688
1.11202
1.056
1.00004
0.943666
0.886696
0.829245
0.771577
0.713922
0.656335
0.59866
0.540613
0.481922
0.42247
0.36234
0.301737
0.240798
0.17938
0.116893
0.0522728
-0.0158994
-0.0891615
-0.168878
-0.255982
-0.35082
-0.453135
-0.562169
-0.676836
-0.795884
-0.917994
-1.04181
-1.1659
-1.28882
-1.40915
-1.52563
-1.63736
-1.74378
-1.84472
-1.94022
-2.0303
-2.1148
-2.19331
-2.26519
-2.32981
-2.38668
-2.43568
-2.47696
-2.5109
-2.53782
-2.55782
-2.57073
-2.57614
-2.57373
-2.56345
-2.54573
-2.52147
-2.49174
-2.45752
-2.4193
-2.37691
-2.3295
-2.27577
-2.21431
-2.14387
-2.06365
1.29882
1.33401
1.36152
1.38187
1.39588
1.40443
1.40837
1.40831
1.40457
1.39712
1.38569
1.36994
1.34959
1.32457
1.29506
1.26149
1.22442
1.18449
1.14236
1.09868
1.05409
1.00923
0.964666
0.920843
0.878013
0.836197
0.795206
0.754714
0.714373
0.673915
0.633211
0.592268
0.551168
0.509993
0.468755
0.427382
0.385744
0.343717
0.301231
0.258287
0.214914
0.171078
0.126584
0.0810027
0.0336657
-0.0162702
-0.0696964
-0.127401
-0.18993
-0.257501
-0.329985
-0.406944
-0.487715
-0.571491
-0.657379
-0.744442
-0.831708
-0.918209
-1.00302
-1.08534
-1.16454
-1.24022
-1.31214
-1.3802
-1.4443
-1.50429
-1.5599
-1.61077
-1.65658
-1.69706
-1.7321
-1.76176
-1.78617
-1.80546
-1.81966
-1.82871
-1.83247
-1.83085
-1.82389
-1.81189
-1.7953
-1.7747
-1.75055
-1.72307
-1.69215
-1.65732
-1.61788
-1.57305
-1.52214
-1.46472
0.77504
0.796256
0.813034
0.825645
0.834496
0.840046
0.84273
0.842876
0.840662
0.836112
0.829132
0.819584
0.807364
0.792456
0.774967
0.755118
0.733218
0.709623
0.684711
0.658862
0.632451
0.605833
0.579323
0.55316
0.527484
0.502317
0.477581
0.453127
0.428792
0.40444
0.379997
0.355444
0.330801
0.30609
0.28131
0.256427
0.231384
0.206124
0.180607
0.154814
0.128724
0.102276
0.0753271
0.0476191
0.0187833
-0.0116281
-0.04408
-0.0789813
-0.116617
-0.157106
-0.200383
-0.24622
-0.294256
-0.344037
-0.395054
-0.446759
-0.498592
-0.549998
-0.600453
-0.649502
-0.69678
-0.742029
-0.785082
-0.825833
-0.864192
-0.900045
-0.933244
-0.963611
-0.990974
-1.0152
-1.03624
-1.05408
-1.06877
-1.08036
-1.08886
-1.09425
-1.0965
-1.09558
-1.09156
-1.08458
-1.07488
-1.06272
-1.04831
-1.03176
-1.01298
-0.991751
-0.967717
-0.940495
-0.909748
-0.875263
-31610.8
-31576.1
-31541.8
-31507.8
-31474.3
-31441.1
-31408.4
-31376
-31344.1
-31312.5
-31281.3
-31250.6
-31220.2
-31190.2
-31160.6
-31131.3
-31102.4
-31073.9
-31045.7
-31017.8
-30990.2
-30963
-30936
-30909.3
-30882.9
-30856.7
-30830.8
-30805.1
-30779.6
-30754.4
-30729.3
-30704.4
-30679.7
-30655.1
-30630.7
-30606.5
-30582.3
-30558.3
-30534.4
-30510.6
-30486.8
-30463.2
-30439.5
-30415.9
-30392.4
-30368.8
-30345.3
-30321.8
-30298.2
-30274.5
-30250.8
-30227
-30203.1
-30179.1
-30154.9
-30130.5
-30105.9
-30081.1
-30056.1
-30030.7
-30005.1
-29979.2
-29952.9
-29926.2
-29899.2
-29871.7
-29843.9
-29815.6
-29786.8
-29757.6
-29728
-29697.8
-29667.2
-29636
-29604.4
-29572.2
-29539.6
-29506.4
-29472.7
-29438.6
-29403.9
-29368.7
-29333
-29296.9
-29260.2
-29223.1
-29185.5
-29147.5
-29109
-29070.1
-17.1791
-10.3326
-7.23875
-5.53361
-4.43468
-3.64207
-3.024
-2.51496
-2.07874
-1.69337
-1.34441
-1.0217
-0.717549
-0.425792
-0.141156
-12.147
-9.54639
-7.38645
-5.83522
-4.71231
-3.86479
-3.19542
-2.64492
-2.17647
-1.76618
-1.3978
-1.05963
-0.742823
-0.440257
-0.145864
-9.5684
-8.31933
-6.92527
-5.70826
-4.71438
-3.90923
-3.24784
-2.69276
-2.21597
-1.79704
-1.4209
-1.07615
-0.753819
-0.446527
-0.147899
-8.02122
-7.23704
-6.28676
-5.35796
-4.52753
-3.80977
-3.19388
-2.66222
-2.19753
-1.78503
-1.41257
-1.07021
-0.749737
-0.444111
-0.147097
-6.89531
-6.32057
-5.62653
-4.90911
-4.22786
-3.60836
-3.05559
-2.56463
-2.12685
-1.73293
-1.37406
-1.04235
-0.730773
-0.433064
-0.143465
-5.97448
-5.52315
-4.98947
-4.42393
-3.86633
-3.34012
-2.85541
-2.41378
-2.01225
-1.64572
-1.30835
-0.994295
-0.697912
-0.413886
-0.137158
-5.17349
-4.80788
-4.38414
-3.93068
-3.47332
-3.03032
-2.61206
-2.22276
-1.86259
-1.52927
-1.21929
-0.928523
-0.652664
-0.38739
-0.128431
-4.45079
-4.15059
-3.80841
-3.44123
-3.06586
-2.69571
-2.33967
-2.00256
-1.686
-1.38944
-1.11096
-0.847804
-0.596802
-0.354562
-0.1176
-3.78206
-3.53521
-3.25762
-2.95989
-2.65312
-2.3469
-2.0483
-1.76174
-1.48935
-1.23149
-0.987255
-0.754899
-0.532154
-0.316441
-0.105002
-3.1515
-2.95049
-2.7269
-2.48753
-2.23978
-1.99042
-1.74483
-1.5067
-1.27813
-1.05988
-0.851637
-0.652355
-0.460458
-0.274035
-0.090968
-2.54823
-2.38831
-2.21193
-2.02351
-1.828
-1.63013
-1.43385
-1.24205
-1.05657
-0.87822
-0.707035
-0.542407
-0.383276
-0.228267
-0.0758028
-1.96445
-1.84254
-1.70894
-1.56651
-1.41852
-1.2682
-1.11833
-0.97106
-0.827821
-0.689365
-0.555846
-0.42694
-0.301955
-0.179941
-0.0597722
-1.3943
-1.30843
-1.21474
-1.11502
-1.01135
-0.905784
-0.80018
-0.696
-0.594264
-0.495548
-0.400026
-0.307536
-0.217653
-0.129761
-0.0431119
-0.83318
-0.782103
-0.726537
-0.667463
-0.606024
-0.543381
-0.480582
-0.418476
-0.35767
-0.298524
-0.241162
-0.185516
-0.131355
-0.0783354
-0.0260302
-29026.9
-28979.2
-28930.9
-28882.2
-28833
-28783.5
-28733.5
-28683.2
-28632.7
-28581.9
-28530.9
-28479.8
-28428.5
-28377.1
-28325.7
)
;

boundaryField
{
    hot
    {
        type            calculated;
        value           nonuniform List<scalar> 
120
(
32275.5
-0.0231294
-0.0384455
-0.053595
-0.0684725
-0.0829414
-0.0968313
-0.109922
-0.121952
-0.132626
-0.141638
-0.148698
-0.153574
-0.156128
-0.156354
-0.154712
-0.151719
-0.147582
-0.142536
-0.136828
-0.130689
-0.124322
-0.117894
-0.111534
-0.105333
-0.0993539
-0.0936322
-0.0881874
-0.0830255
-0.078143
-0.0735304
-0.0691734
-0.0650547
-0.0611554
-0.0574556
-0.0539348
-0.0505728
-0.0473493
-0.0442442
-0.0412384
-0.0383134
-0.0354525
-0.0326407
-0.0298651
-0.0271148
-0.0243804
-0.0216539
-0.018928
-0.016196
-0.0134515
-0.0106887
-0.00790223
-0.00508747
-0.00224049
0.000641929
0.00356246
0.00652335
0.00952666
0.0125743
0.0156683
0.0188103
0.0220017
0.0252435
0.0285354
0.0318764
0.0352643
0.038696
0.0421676
0.0456752
0.0492143
0.0527801
0.0563668
0.0599673
0.0635729
0.0671731
0.0707559
0.074309
0.0778203
0.0812782
0.0846726
0.0879943
0.0912348
0.0943861
0.0974416
0.100397
0.103252
0.106013
0.108694
0.111318
0.113916
0.116528
0.119199
0.121979
0.124916
0.128059
0.131447
0.135106
0.139037
0.14321
0.147551
0.15194
0.156201
0.160119
0.163441
0.165906
0.16726
0.166957
0.164482
0.159726
0.152726
0.143632
0.132674
0.120124
0.106266
0.0913686
0.075675
0.0593923
0.042693
0.0257192
-32276.9
)
;
    }
    cold
    {
        type            calculated;
        value           nonuniform List<scalar> 
120
(
28323.6
0.0242228
0.0402022
0.0559124
0.0712139
0.0859373
0.0998789
0.112801
0.124437
0.134511
0.142757
0.148949
0.152944
0.154715
0.154377
0.152495
0.149616
0.145942
0.14174
0.137265
0.132738
0.128333
0.124172
0.120328
0.116827
0.113665
0.11081
0.108218
0.105835
0.103604
0.10147
0.0993836
0.0972994
0.0951816
0.0930036
0.0907479
0.0884053
0.0859733
0.0834542
0.0808535
0.0781783
0.0754374
0.0726408
0.0698003
0.0669293
0.0640424
0.0611548
0.0582812
0.0554348
0.0526269
0.0498662
0.0471588
0.0445088
0.0419178
0.0393859
0.0369113
0.034491
0.0321212
0.0297977
0.0275169
0.0252761
0.023074
0.0209107
0.0187878
0.0167075
0.0146724
0.0126849
0.0107466
0.00885832
0.00701963
0.00522913
0.00348429
0.00178163
0.000116664
-0.00151604
-0.003123
-0.00471187
-0.00629169
-0.00787302
-0.00946819
-0.0110916
-0.0127601
-0.0144934
-0.0163146
-0.0182512
-0.0203357
-0.022606
-0.0251067
-0.0278886
-0.0310088
-0.0345296
-0.0385165
-0.0430355
-0.0481488
-0.0539088
-0.0603505
-0.0674827
-0.075277
-0.0836577
-0.0924932
-0.101591
-0.110697
-0.119506
-0.127678
-0.134863
-0.141156
-0.145864
-0.147899
-0.147097
-0.143465
-0.137158
-0.128431
-0.1176
-0.105002
-0.090968
-0.0758028
-0.0597722
-0.0431119
-0.0260302
-28325.7
)
;
    }
    interface_left
    {
        type            calculated;
        value           nonuniform List<scalar> 
90
(
-12.8711
-3.60964
-1.17263
-1.80286
-1.79771
-1.38803
-2.32444
-2.69127
-3.14328
-3.13901
-2.6943
-2.45173
-2.05407
-1.75152
-1.07734
-1.5878
-1.7606
-1.92351
-1.86341
-1.50455
-1.26033
-0.743237
-1.05095
-1.13779
-1.17405
-1.18995
-1.22546
-1.15622
-0.890275
-0.723913
-0.401936
-0.52996
-0.54699
-0.50767
-0.476412
-0.419711
-0.356809
-0.205355
-0.12854
-0.0238008
0.0497641
0.11269
0.241372
0.329067
0.496035
0.555189
0.582227
0.559162
0.416421
0.731143
0.892253
1.13534
1.29594
1.60581
1.66494
1.54763
1.40419
0.957002
1.57297
1.85483
2.23521
2.47973
2.95018
2.99968
2.68892
2.39092
1.56846
2.50583
2.90153
3.38422
3.68085
4.2418
4.23974
3.66657
3.18976
1.99556
3.06113
3.44061
3.77495
3.93574
4.18304
3.97871
3.01447
2.41797
1.22121
1.10243
0.836687
-0.228803
2.29357
12.2912
)
;
    }
    interface_right
    {
        type            calculated;
        value           nonuniform List<scalar> 
90
(
12.0068
1.62614
-0.978611
0.170592
0.546271
0.905455
1.89832
2.41863
3.3023
3.51156
3.36137
3.25135
2.99821
2.68211
1.76165
2.83819
3.27419
3.80816
3.82054
3.33239
3.0736
2.64926
2.29466
1.4431
2.2124
2.49559
2.79873
2.76009
2.33278
2.11037
1.76242
1.49998
0.91771
1.35537
1.49766
1.61626
1.55667
1.24107
1.03311
0.604324
0.847471
0.912151
0.929149
0.933504
0.94473
0.887953
0.687718
0.586532
0.440003
0.350228
0.189781
0.233079
0.229089
0.190187
0.153848
0.0732775
0.0320756
-0.0248244
-0.047014
-0.0568349
-0.135618
-0.182007
-0.26195
-0.285645
-0.283034
-0.26442
-0.186976
-0.318357
-0.379797
-0.463386
-0.513867
-0.604492
-0.609002
-0.529637
-0.464439
-0.297381
-0.448036
-0.498583
-0.52942
-0.531508
-0.500451
-0.424753
-0.168293
-0.0592614
0.106508
0.765652
1.13802
2.16939
-0.919387
-12.87
)
;
    }
    interface_top
    {
        type            calculated;
        value           nonuniform List<scalar> 
90
(
28.52
-24.1562
45.1162
-8.15114
44.8045
6.59866
-31.9333
22.0574
-33.6083
46.3693
-10.1629
43.2724
-3.31863
40.7164
8.13808
-24.2392
20.5367
-25.0188
39.3375
-5.12374
36.7862
6.86858
-21.8613
16.358
-22.2885
20.3944
-23.9504
36.8265
-4.98136
33.4364
5.75349
-20.6282
13.9778
-21.2796
17.206
-23.2506
31.8626
-6.46161
28.595
2.92382
-21.8185
10.2254
-23.4795
13.2798
-26.6229
28.3939
-11.1927
24.9619
-7.72148
22.441
-0.896336
-24.5225
7.04797
-27.0385
20.8439
-13.5994
19.0401
-5.29068
-29.5817
1.86345
-32.556
5.52548
-36.4845
22.2454
-19.674
20.5554
-9.03496
-38.6997
0.35244
-42.0588
5.63006
-46.4955
27.2991
-24.9284
26.1319
-10.7374
-47.7392
2.03699
-50.9873
9.70368
-55.2676
37.7021
-26.9468
37.1288
-7.79556
-52.34
10.4418
-51.5535
29.987
-30.4422
)
;
    }
    interface_bottom
    {
        type            calculated;
        value           nonuniform List<scalar> 
90
(
-29.237
23.4369
-47.8793
-3.92328
39.7774
-21.7906
39.2635
-30.9497
40.7065
-59.8539
9.61811
-54.2463
1.22393
-50.1545
-12.0178
25.6501
-26.4578
26.3759
-47.9811
4.27633
-43.2063
-1.16659
-39.4181
-10.3989
18.1887
-20.5336
19.0689
-35.6956
2.53829
-32.2634
-6.57153
18.1563
-13.8841
19.4378
-16.9227
21.5337
-30.5806
5.95053
-27.1755
-2.51076
21.4825
-9.49193
23.5451
-12.7905
26.6155
-27.7717
11.4469
-24.2736
8.35112
-22.1224
1.43654
25.5158
-7.13818
27.892
-21.7104
13.8025
-20.1673
4.98126
30.2122
-3.08695
32.8415
-7.73143
35.9192
-25.2976
17.8416
-23.4967
6.63541
36.6991
-3.51677
39.1345
-9.41479
42.1267
-30.371
20.2933
-28.3568
6.78476
41.6819
-5.30237
43.9533
-12.2151
46.9747
-36.355
21.563
-34.2486
5.6431
45.0651
-9.4409
45.3071
-25.8428
28.0106
)
;
    }
    defaultFaces
    {
        type            empty;
    }
}


// ************************************************************************* //
