/*--------------------------------*- C++ -*----------------------------------*\
| =========                 |                                                 |
| \\      /  F ield         | OpenFOAM: The Open Source CFD Toolbox           |
|  \\    /   O peration     | Version:  5.x                                   |
|   \\  /    A nd           | Web:      www.OpenFOAM.org                      |
|    \\/     M anipulation  |                                                 |
\*---------------------------------------------------------------------------*/
FoamFile
{
    version     2.0;
    format      ascii;
    class       volScalarField;
    location    "2.3";
    object      T;
}
// * * * * * * * * * * * * * * * * * * * * * * * * * * * * * * * * * * * * * //

dimensions      [0 0 0 1 0 0 0];

internalField   nonuniform List<scalar> 
6300
(
322.755
322.265
321.776
321.287
320.8
320.314
319.829
319.347
318.867
318.39
317.915
317.445
316.977
316.514
316.054
322.755
322.265
321.775
321.286
320.798
320.312
319.827
319.344
318.864
318.387
317.912
317.441
316.973
316.51
316.05
322.755
322.264
321.773
321.284
320.795
320.308
319.823
319.34
318.859
318.381
317.906
317.434
316.966
316.501
316.041
322.754
322.262
321.771
321.281
320.791
320.303
319.817
319.333
318.851
318.372
317.896
317.423
316.954
316.489
316.029
322.753
322.261
321.768
321.276
320.786
320.296
319.809
319.323
318.84
318.36
317.882
317.409
316.939
316.473
316.011
322.753
322.258
321.764
321.271
320.779
320.288
319.799
319.311
318.827
318.345
317.866
317.391
316.919
316.452
315.99
322.752
322.256
321.76
321.265
320.77
320.278
319.786
319.297
318.81
318.326
317.846
317.368
316.896
316.427
315.964
322.751
322.252
321.754
321.257
320.761
320.266
319.772
319.28
318.791
318.305
317.822
317.342
316.867
316.397
315.933
322.75
322.249
321.749
321.249
320.75
320.252
319.756
319.261
318.769
318.28
317.794
317.312
316.834
316.362
315.896
322.748
322.245
321.742
321.24
320.738
320.237
319.738
319.24
318.745
318.252
317.762
317.276
316.796
316.321
315.854
322.747
322.241
321.735
321.23
320.725
320.221
319.718
319.217
318.717
318.22
317.726
317.236
316.751
316.274
315.805
322.745
322.237
321.728
321.219
320.711
320.204
319.697
319.192
318.688
318.186
317.686
317.19
316.7
316.217
315.746
322.744
322.232
321.72
321.208
320.697
320.186
319.675
319.166
318.657
318.149
317.643
317.139
316.641
316.15
315.674
322.742
322.227
321.712
321.197
320.682
320.167
319.653
319.138
318.624
318.11
317.596
317.084
316.573
316.07
315.582
322.741
322.223
321.704
321.186
320.667
320.149
319.63
319.111
318.591
318.071
317.549
317.025
316.5
315.973
315.453
315.637
315.261
314.888
314.518
314.152
313.789
313.43
313.075
312.723
312.376
312.033
311.695
311.361
311.031
310.707
310.387
310.072
309.762
309.457
309.156
308.861
308.57
308.284
308.002
307.724
307.451
307.181
306.915
306.653
306.394
306.138
305.885
305.635
305.387
305.141
304.897
304.655
304.414
304.175
303.937
303.7
303.463
303.228
302.993
302.758
302.523
302.288
302.054
301.819
301.583
301.347
301.11
300.872
300.632
300.391
300.149
299.905
299.658
299.41
299.159
298.906
298.65
298.391
298.129
297.864
297.596
297.324
297.049
296.771
296.489
296.203
295.914
295.621
295.324
295.023
294.719
294.411
294.099
293.783
293.463
293.139
292.812
292.48
292.145
291.806
291.463
291.117
290.767
290.413
290.055
315.632
315.256
314.883
314.513
314.147
313.784
313.424
313.069
312.717
312.37
312.027
311.688
311.354
311.025
310.7
310.38
310.065
309.755
309.45
309.15
308.854
308.563
308.277
307.996
307.718
307.445
307.176
306.91
306.648
306.39
306.134
305.881
305.631
305.383
305.138
304.894
304.652
304.412
304.173
303.935
303.698
303.462
303.227
302.992
302.757
302.523
302.289
302.054
301.819
301.584
301.348
301.111
300.873
300.634
300.394
300.151
299.907
299.661
299.413
299.163
298.909
298.654
298.395
298.133
297.868
297.6
297.329
297.054
296.776
296.494
296.208
295.919
295.626
295.329
295.029
294.724
294.416
294.104
293.788
293.468
293.145
292.817
292.486
292.15
291.811
291.469
291.122
290.772
290.418
290.06
315.624
315.247
314.873
314.503
314.136
313.773
313.413
313.058
312.706
312.358
312.014
311.675
311.341
311.011
310.686
310.366
310.051
309.741
309.436
309.136
308.841
308.55
308.264
307.983
307.706
307.434
307.165
306.9
306.639
306.381
306.126
305.874
305.624
305.377
305.132
304.889
304.648
304.408
304.17
303.932
303.696
303.46
303.225
302.991
302.757
302.523
302.289
302.055
301.82
301.586
301.35
301.114
300.877
300.638
300.398
300.156
299.913
299.668
299.42
299.17
298.917
298.662
298.403
298.142
297.877
297.61
297.338
297.064
296.786
296.504
296.219
295.93
295.637
295.34
295.04
294.735
294.427
294.115
293.799
293.479
293.155
292.828
292.496
292.161
291.822
291.479
291.132
290.782
290.428
290.07
315.61
315.233
314.859
314.489
314.121
313.757
313.397
313.041
312.688
312.34
311.995
311.656
311.321
310.991
310.665
310.345
310.03
309.72
309.415
309.115
308.82
308.53
308.245
307.964
307.688
307.417
307.149
306.885
306.625
306.368
306.114
305.862
305.614
305.368
305.124
304.882
304.641
304.402
304.164
303.928
303.692
303.457
303.223
302.989
302.756
302.523
302.289
302.056
301.822
301.588
301.354
301.118
300.882
300.644
300.405
300.164
299.921
299.677
299.43
299.18
298.928
298.674
298.416
298.155
297.891
297.624
297.353
297.079
296.801
296.519
296.234
295.945
295.653
295.356
295.056
294.751
294.443
294.131
293.815
293.496
293.172
292.844
292.513
292.177
291.838
291.495
291.148
290.797
290.443
290.085
315.592
315.215
314.84
314.469
314.101
313.737
313.376
313.018
312.665
312.315
311.97
311.629
311.294
310.963
310.637
310.317
310.001
309.691
309.387
309.087
308.793
308.503
308.219
307.939
307.664
307.394
307.127
306.865
306.606
306.35
306.097
305.847
305.6
305.355
305.112
304.871
304.632
304.394
304.158
303.922
303.687
303.454
303.22
302.987
302.755
302.522
302.29
302.057
301.825
301.592
301.358
301.124
300.888
300.652
300.414
300.174
299.933
299.689
299.443
299.195
298.944
298.69
298.433
298.173
297.909
297.642
297.372
297.098
296.821
296.54
296.255
295.966
295.674
295.377
295.077
294.773
294.465
294.153
293.837
293.517
293.194
292.866
292.534
292.199
291.859
291.516
291.169
290.818
290.463
290.105
315.57
315.192
314.817
314.445
314.076
313.711
313.349
312.99
312.635
312.284
311.938
311.596
311.26
310.928
310.602
310.281
309.965
309.655
309.351
309.052
308.758
308.469
308.186
307.908
307.634
307.365
307.1
306.839
306.582
306.328
306.077
305.829
305.583
305.34
305.099
304.859
304.621
304.385
304.149
303.915
303.682
303.449
303.217
302.985
302.753
302.522
302.29
302.059
301.827
301.596
301.363
301.13
300.897
300.662
300.425
300.187
299.947
299.705
299.46
299.213
298.963
298.71
298.454
298.195
297.932
297.666
297.396
297.123
296.846
296.566
296.281
295.993
295.7
295.404
295.104
294.8
294.492
294.18
293.865
293.545
293.221
292.893
292.561
292.226
291.886
291.543
291.196
290.844
290.489
290.13
315.543
315.164
314.789
314.416
314.047
313.68
313.317
312.957
312.6
312.247
311.899
311.556
311.218
310.885
310.558
310.237
309.922
309.612
309.307
309.009
308.716
308.428
308.146
307.869
307.597
307.33
307.067
306.808
306.553
306.301
306.052
305.806
305.563
305.321
305.082
304.844
304.608
304.373
304.139
303.907
303.675
303.443
303.212
302.982
302.751
302.521
302.291
302.061
301.83
301.6
301.37
301.138
300.906
300.673
300.439
300.202
299.964
299.724
299.481
299.235
298.986
298.735
298.48
298.221
297.96
297.695
297.426
297.153
296.877
296.597
296.313
296.025
295.733
295.437
295.137
294.833
294.525
294.214
293.898
293.578
293.254
292.926
292.594
292.258
291.919
291.575
291.228
290.876
290.521
290.161
315.511
315.132
314.756
314.383
314.013
313.645
313.28
312.918
312.559
312.204
311.854
311.508
311.169
310.835
310.507
310.185
309.87
309.56
309.256
308.958
308.665
308.379
308.099
307.824
307.554
307.289
307.028
306.772
306.519
306.27
306.024
305.78
305.539
305.3
305.063
304.827
304.593
304.36
304.128
303.897
303.667
303.437
303.208
302.978
302.749
302.52
302.291
302.062
301.834
301.605
301.377
301.148
300.918
300.687
300.454
300.22
299.984
299.746
299.505
299.261
299.014
298.764
298.51
298.253
297.992
297.728
297.46
297.189
296.913
296.634
296.35
296.062
295.77
295.474
295.175
294.871
294.564
294.252
293.936
293.616
293.292
292.964
292.632
292.296
291.957
291.613
291.266
290.914
290.558
290.197
315.475
315.095
314.719
314.346
313.976
313.607
313.24
312.875
312.513
312.154
311.8
311.452
311.111
310.776
310.447
310.125
309.809
309.499
309.195
308.898
308.607
308.322
308.043
307.771
307.504
307.242
306.984
306.73
306.481
306.234
305.991
305.751
305.513
305.277
305.042
304.808
304.576
304.345
304.115
303.887
303.659
303.431
303.203
302.975
302.747
302.518
302.291
302.063
301.837
301.611
301.384
301.158
300.931
300.702
300.473
300.241
300.008
299.772
299.534
299.292
299.047
298.798
298.545
298.289
298.03
297.767
297.5
297.23
296.955
296.676
296.393
296.105
295.813
295.518
295.218
294.915
294.608
294.297
293.981
293.661
293.336
293.007
292.675
292.339
292
291.657
291.31
290.959
290.602
290.24
315.432
315.053
314.678
314.306
313.935
313.566
313.196
312.828
312.461
312.097
311.739
311.387
311.043
310.707
310.378
310.056
309.74
309.43
309.126
308.829
308.538
308.255
307.979
307.71
307.446
307.188
306.933
306.683
306.437
306.194
305.955
305.719
305.484
305.251
305.018
304.787
304.557
304.328
304.101
303.875
303.65
303.424
303.198
302.971
302.744
302.517
302.29
302.064
301.839
301.615
301.392
301.169
300.945
300.72
300.493
300.265
300.035
299.802
299.567
299.328
299.085
298.837
298.586
298.33
298.072
297.81
297.546
297.277
297.004
296.725
296.442
296.154
295.862
295.566
295.267
294.965
294.659
294.348
294.032
293.711
293.385
293.056
292.723
292.387
292.049
291.707
291.361
291.01
290.653
290.29
315.383
315.006
314.633
314.263
313.894
313.524
313.152
312.778
312.404
312.033
311.668
311.312
310.965
310.627
310.299
309.979
309.663
309.353
309.048
308.75
308.46
308.179
307.906
307.641
307.382
307.128
306.877
306.63
306.387
306.149
305.915
305.684
305.454
305.224
304.994
304.764
304.536
304.309
304.085
303.863
303.641
303.419
303.195
302.969
302.741
302.514
302.287
302.062
301.84
301.62
301.401
301.182
300.962
300.74
300.516
300.291
300.064
299.836
299.605
299.369
299.128
298.882
298.631
298.376
298.118
297.859
297.596
297.33
297.059
296.781
296.498
296.208
295.915
295.619
295.321
295.021
294.716
294.407
294.091
293.768
293.44
293.108
292.774
292.439
292.103
291.764
291.419
291.069
290.712
290.349
315.325
314.951
314.583
314.219
313.855
313.485
313.11
312.728
312.344
311.961
311.586
311.222
310.872
310.535
310.21
309.893
309.579
309.267
308.959
308.659
308.369
308.09
307.822
307.564
307.311
307.062
306.815
306.571
306.332
306.099
305.872
305.647
305.422
305.196
304.968
304.74
304.512
304.287
304.066
303.85
303.634
303.416
303.194
302.968
302.739
302.51
302.282
302.057
301.837
301.621
301.409
301.196
300.98
300.762
300.54
300.318
300.097
299.875
299.65
299.418
299.18
298.934
298.682
298.425
298.168
297.91
297.653
297.391
297.123
296.846
296.561
296.269
295.972
295.674
295.378
295.081
294.782
294.474
294.158
293.833
293.5
293.164
292.828
292.493
292.161
291.827
291.486
291.137
290.78
290.416
315.256
314.889
314.527
314.176
313.824
313.456
313.076
312.681
312.282
311.877
311.487
311.112
310.759
310.425
310.111
309.803
309.49
309.176
308.86
308.555
308.261
307.985
307.723
307.477
307.237
306.993
306.749
306.504
306.268
306.04
305.824
305.611
305.393
305.172
304.944
304.714
304.482
304.259
304.042
303.835
303.63
303.417
303.199
302.971
302.739
302.502
302.271
302.045
301.829
301.619
301.417
301.214
301.003
300.787
300.565
300.346
300.129
299.918
299.703
299.478
299.242
298.994
298.738
298.475
298.217
297.962
297.714
297.463
297.199
296.924
296.633
296.335
296.029
295.729
295.433
295.147
294.858
294.554
294.239
293.907
293.567
293.219
292.878
292.544
292.222
291.899
291.563
291.217
290.859
290.496
315.168
314.82
314.455
314.136
313.815
313.441
313.066
312.642
312.227
311.772
311.368
310.968
310.622
310.286
310.002
309.722
309.404
309.089
308.743
308.434
308.127
307.861
307.603
307.383
307.168
306.924
306.685
306.423
306.191
305.965
305.771
305.583
305.369
305.157
304.921
304.691
304.442
304.221
304.004
303.819
303.636
303.427
303.217
302.98
302.746
302.487
302.254
302.019
301.811
301.605
301.426
301.244
301.034
300.822
300.585
300.37
300.154
299.964
299.773
299.551
299.324
299.064
298.806
298.519
298.261
298.003
297.779
297.553
297.29
297.023
296.717
296.414
296.078
295.777
295.476
295.216
294.954
294.651
294.343
293.993
293.646
293.262
292.919
292.578
292.284
291.991
291.654
291.317
290.942
290.591
315.039
314.775
314.318
314.099
313.88
313.431
313.126
312.589
312.231
311.592
311.245
310.745
310.468
310.075
309.885
309.696
309.312
309.048
308.572
308.311
307.934
307.724
307.427
307.282
307.139
306.85
306.652
306.299
306.108
305.841
305.713
305.589
305.344
305.177
304.889
304.697
304.359
304.177
303.922
303.799
303.679
303.439
303.274
302.985
302.788
302.435
302.239
301.953
301.79
301.554
301.436
301.316
301.068
300.893
300.573
300.395
300.139
300.014
299.888
299.631
299.451
299.132
298.914
298.521
298.305
297.996
297.846
297.696
297.389
297.176
296.797
296.54
296.077
295.823
295.461
295.285
295.111
294.756
294.509
294.073
293.777
293.246
292.956
292.543
292.344
292.147
291.744
291.471
290.989
290.72
289.659
289.221
288.779
288.332
287.882
287.428
286.97
286.51
286.047
285.582
285.115
284.647
284.177
283.707
283.236
289.663
289.225
288.783
288.336
287.885
287.431
286.973
286.512
286.049
285.584
285.117
284.648
284.178
283.707
283.236
289.673
289.234
288.791
288.344
287.892
287.437
286.979
286.518
286.054
285.587
285.119
284.65
284.179
283.708
283.236
289.687
289.248
288.804
288.356
287.903
287.447
286.988
286.525
286.06
285.593
285.124
284.653
284.182
283.709
283.237
289.706
289.266
288.821
288.371
287.918
287.46
286.999
286.535
286.069
285.6
285.13
284.658
284.185
283.711
283.237
289.73
289.289
288.842
288.391
287.936
287.476
287.014
286.548
286.08
285.609
285.137
284.664
284.189
283.714
283.238
289.76
289.317
288.869
288.415
287.958
287.496
287.031
286.563
286.092
285.62
285.146
284.67
284.194
283.717
283.239
289.795
289.35
288.9
288.444
287.983
287.519
287.051
286.58
286.107
285.632
285.156
284.678
284.199
283.72
283.24
289.837
289.39
288.936
288.477
288.013
287.545
287.074
286.6
286.124
285.646
285.167
284.686
284.205
283.723
283.241
289.885
289.435
288.978
288.515
288.047
287.575
287.1
286.622
286.142
285.661
285.179
284.696
284.212
283.727
283.242
289.942
289.488
289.026
288.558
288.084
287.607
287.128
286.646
286.162
285.678
285.192
284.706
284.219
283.731
283.244
290.007
289.549
289.08
288.605
288.125
287.643
287.158
286.671
286.184
285.695
285.206
284.716
284.226
283.736
283.245
290.085
289.619
289.141
288.657
288.169
287.68
287.189
286.698
286.206
285.713
285.22
284.727
284.234
283.74
283.247
290.181
289.701
289.209
288.713
288.215
287.718
287.221
286.725
286.228
285.731
285.235
284.738
284.242
283.745
283.248
290.308
289.796
289.281
288.769
288.261
287.756
287.253
286.751
286.25
285.75
285.249
284.749
284.25
283.75
283.25
322.739
322.218
321.697
321.176
320.654
320.132
319.609
319.086
318.562
318.036
317.507
316.974
316.434
315.876
315.274
322.738
322.214
321.691
321.166
320.642
320.117
319.591
319.065
318.536
318.006
317.472
316.933
316.385
315.82
315.222
322.737
322.211
321.684
321.157
320.63
320.103
319.574
319.044
318.512
317.978
317.441
316.898
316.348
315.787
315.214
322.736
322.207
321.678
321.149
320.619
320.089
319.557
319.025
318.49
317.953
317.413
316.869
316.319
315.763
315.203
322.735
322.203
321.672
321.141
320.608
320.076
319.542
319.006
318.47
317.93
317.389
316.843
316.294
315.741
315.184
322.733
322.2
321.667
321.133
320.598
320.063
319.527
318.99
318.45
317.91
317.366
316.821
316.273
315.723
315.173
322.732
322.197
321.661
321.125
320.589
320.051
319.513
318.974
318.433
317.89
317.346
316.8
316.252
315.704
315.161
322.731
322.194
321.656
321.118
320.58
320.04
319.5
318.959
318.416
317.872
317.327
316.779
316.231
315.683
315.134
322.73
322.191
321.652
321.112
320.571
320.03
319.488
318.945
318.401
317.855
317.308
316.76
316.211
315.662
315.116
322.729
322.188
321.647
321.105
320.563
320.02
319.477
318.932
318.386
317.839
317.291
316.742
316.191
315.638
315.082
322.729
322.186
321.643
321.099
320.556
320.011
319.466
318.92
318.373
317.824
317.275
316.724
316.172
315.618
315.063
322.728
322.183
321.639
321.094
320.548
320.002
319.456
318.908
318.36
317.81
317.259
316.707
316.153
315.597
315.037
322.727
322.181
321.635
321.089
320.542
319.994
319.446
318.897
318.348
317.797
317.245
316.692
316.137
315.58
315.023
322.726
322.179
321.631
321.084
320.535
319.987
319.437
318.887
318.336
317.784
317.232
316.677
316.122
315.564
315.003
322.726
322.177
321.628
321.079
320.529
319.979
319.429
318.878
318.326
317.773
317.219
316.664
316.108
315.551
314.993
322.725
322.175
321.625
321.075
320.524
319.973
319.421
318.869
318.316
317.762
317.207
316.652
316.095
315.539
314.985
322.724
322.173
321.622
321.07
320.519
319.966
319.414
318.86
318.306
317.751
317.196
316.64
316.083
315.525
314.967
322.724
322.172
321.619
321.067
320.514
319.96
319.407
318.852
318.297
317.742
317.185
316.628
316.07
315.512
314.955
322.723
322.17
321.617
321.063
320.509
319.955
319.4
318.845
318.289
317.732
317.175
316.617
316.058
315.498
314.935
322.723
322.169
321.614
321.06
320.505
319.949
319.394
318.838
318.281
317.724
317.166
316.607
316.047
315.486
314.924
322.722
322.167
321.612
321.056
320.501
319.944
319.388
318.831
318.273
317.715
317.157
316.597
316.037
315.475
314.91
322.722
322.166
321.61
321.053
320.497
319.94
319.382
318.825
318.266
317.708
317.148
316.588
316.027
315.466
314.903
322.722
322.165
321.608
321.05
320.493
319.935
319.377
318.819
318.26
317.7
317.14
316.58
316.019
315.457
314.897
322.721
322.164
321.606
321.048
320.49
319.931
319.372
318.813
318.254
317.693
317.133
316.572
316.01
315.448
314.886
322.721
322.162
321.604
321.045
320.486
319.927
319.368
318.808
318.248
317.687
317.126
316.564
316.002
315.44
314.878
322.72
322.161
321.602
321.043
320.484
319.924
319.364
318.803
318.242
317.681
317.119
316.557
315.994
315.431
314.866
322.72
322.161
321.601
321.041
320.481
319.92
319.36
318.799
318.237
317.675
317.113
316.55
315.986
315.422
314.859
322.72
322.16
321.599
321.039
320.478
319.917
319.356
318.794
318.232
317.67
317.107
316.543
315.979
315.413
314.846
322.72
322.159
321.598
321.037
320.476
319.914
319.353
318.791
318.228
317.665
317.101
316.537
315.972
315.406
314.839
322.719
322.158
321.597
321.035
320.474
319.912
319.35
318.787
318.224
317.661
317.096
316.532
315.966
315.4
314.831
322.719
322.158
321.596
321.034
320.472
319.91
319.347
318.784
318.22
317.657
317.092
316.527
315.961
315.395
314.827
322.719
322.157
321.595
321.033
320.47
319.907
319.344
318.781
318.217
317.653
317.088
316.523
315.957
315.39
314.824
322.719
322.156
321.594
321.031
320.469
319.906
319.342
318.778
318.214
317.65
317.085
316.519
315.953
315.386
314.818
322.719
322.156
321.593
321.03
320.467
319.904
319.34
318.776
318.212
317.647
317.081
316.516
315.949
315.382
314.815
322.719
322.156
321.593
321.03
320.466
319.903
319.339
318.774
318.21
317.644
317.079
316.513
315.946
315.378
314.81
322.718
322.155
321.592
321.029
320.465
319.901
319.337
318.773
318.208
317.643
317.077
316.51
315.943
315.375
314.807
322.718
322.155
321.592
321.028
320.465
319.901
319.336
318.772
318.207
317.641
317.075
316.508
315.941
315.372
314.803
322.718
322.155
321.591
321.028
320.464
319.9
319.336
318.771
318.206
317.64
317.073
316.507
315.939
315.37
314.801
322.718
322.155
321.591
321.028
320.464
319.9
319.335
318.77
318.205
317.639
317.073
316.506
315.938
315.369
314.8
322.718
322.155
321.591
321.028
320.464
319.9
319.335
318.77
318.205
317.639
317.072
316.505
315.937
315.369
314.799
322.718
322.155
321.591
321.028
320.464
319.9
319.335
318.77
318.205
317.639
317.073
316.505
315.937
315.369
314.799
322.718
322.155
321.592
321.028
320.464
319.9
319.336
318.771
318.206
317.64
317.073
316.506
315.938
315.37
314.8
322.718
322.155
321.592
321.028
320.465
319.901
319.337
318.772
318.207
317.641
317.074
316.507
315.94
315.371
314.801
322.719
322.155
321.592
321.029
320.466
319.902
319.338
318.773
318.208
317.642
317.076
316.509
315.942
315.373
314.804
322.719
322.156
321.593
321.03
320.467
319.903
319.339
318.775
318.21
317.645
317.078
316.512
315.944
315.376
314.807
322.719
322.156
321.594
321.031
320.468
319.905
319.341
318.777
318.212
317.647
317.081
316.515
315.948
315.38
314.812
322.719
322.157
321.595
321.032
320.469
319.906
319.343
318.779
318.215
317.65
317.085
316.518
315.952
315.384
314.816
322.719
322.157
321.596
321.033
320.471
319.909
319.346
318.782
318.218
317.654
317.088
316.523
315.956
315.389
314.822
322.719
322.158
321.597
321.035
320.473
319.911
319.348
318.785
318.222
317.658
317.093
316.527
315.961
315.393
314.825
322.72
322.159
321.598
321.037
320.475
319.914
319.352
318.789
318.226
317.662
317.098
316.533
315.966
315.399
314.829
322.72
322.16
321.599
321.039
320.478
319.917
319.355
318.793
318.231
317.667
317.103
316.539
315.973
315.406
314.837
322.72
322.161
321.601
321.041
320.481
319.92
319.359
318.798
318.236
317.673
317.11
316.545
315.98
315.413
314.844
322.721
322.162
321.603
321.043
320.484
319.924
319.364
318.803
318.241
317.679
317.117
316.553
315.988
315.423
314.856
322.721
322.163
321.604
321.046
320.487
319.928
319.368
318.808
318.248
317.686
317.124
316.561
315.998
315.433
314.865
322.721
322.164
321.606
321.049
320.491
319.932
319.373
318.814
318.254
317.694
317.133
316.571
316.008
315.445
314.883
322.722
322.165
321.608
321.052
320.494
319.937
319.379
318.82
318.261
317.702
317.141
316.58
316.018
315.456
314.893
322.722
322.166
321.611
321.055
320.498
319.942
319.385
318.827
318.269
317.71
317.151
316.59
316.029
315.468
314.909
322.723
322.168
321.613
321.058
320.503
319.947
319.391
318.834
318.277
317.719
317.161
316.601
316.041
315.479
314.917
322.723
322.169
321.616
321.062
320.507
319.953
319.398
318.842
318.286
317.729
317.171
316.612
316.052
315.491
314.925
322.724
322.171
321.618
321.066
320.512
319.959
319.405
318.85
318.295
317.739
317.183
316.625
316.066
315.505
314.943
322.724
322.173
321.621
321.07
320.518
319.965
319.412
318.859
318.305
317.75
317.195
316.638
316.08
315.52
314.956
322.725
322.175
321.624
321.074
320.523
319.972
319.42
318.868
318.315
317.762
317.208
316.653
316.096
315.538
314.98
322.726
322.177
321.627
321.078
320.529
319.979
319.429
318.878
318.326
317.774
317.222
316.668
316.113
315.557
314.997
322.726
322.179
321.631
321.083
320.535
319.986
319.437
318.888
318.338
317.787
317.236
316.684
316.131
315.579
315.029
322.727
322.181
321.634
321.088
320.541
319.994
319.446
318.898
318.35
317.801
317.251
316.7
316.15
315.599
315.047
322.728
322.183
321.638
321.093
320.547
320.002
319.456
318.909
318.362
317.815
317.266
316.717
316.168
315.619
315.074
322.728
322.185
321.642
321.098
320.554
320.01
319.466
318.921
318.375
317.829
317.282
316.735
316.186
315.637
315.087
322.729
322.187
321.645
321.103
320.561
320.019
319.476
318.932
318.388
317.844
317.299
316.752
316.205
315.655
315.1
322.73
322.19
321.65
321.109
320.568
320.028
319.486
318.945
318.402
317.859
317.316
316.771
316.225
315.677
315.129
322.731
322.192
321.654
321.115
320.576
320.037
319.497
318.957
318.417
317.876
317.334
316.791
316.247
315.701
315.148
322.732
322.195
321.658
321.121
320.584
320.046
319.508
318.97
318.431
317.892
317.352
316.812
316.27
315.728
315.185
322.732
322.197
321.662
321.127
320.591
320.056
319.52
318.983
318.447
317.909
317.372
316.834
316.295
315.755
315.21
322.733
322.2
321.667
321.133
320.6
320.066
319.531
318.997
318.462
317.927
317.391
316.856
316.32
315.785
315.256
322.734
322.203
321.671
321.14
320.608
320.076
319.543
319.011
318.478
317.945
317.411
316.878
316.345
315.813
315.28
322.735
322.206
321.676
321.146
320.616
320.086
319.556
319.025
318.494
317.963
317.431
316.9
316.369
315.84
315.317
322.736
322.209
321.681
321.153
320.625
320.097
319.568
319.039
318.51
317.981
317.451
316.922
316.392
315.863
315.334
322.737
322.211
321.686
321.16
320.634
320.107
319.581
319.054
318.527
317.999
317.472
316.944
316.415
315.885
315.35
322.738
322.214
321.691
321.167
320.643
320.118
319.594
319.069
318.544
318.018
317.492
316.966
316.439
315.912
315.385
322.739
322.218
321.696
321.174
320.652
320.13
319.607
319.084
318.561
318.037
317.513
316.989
316.464
315.938
315.407
322.74
322.221
321.701
321.181
320.661
320.141
319.62
319.099
318.578
318.056
317.534
317.012
316.49
315.968
315.448
322.741
322.224
321.706
321.189
320.671
320.153
319.634
319.115
318.596
318.076
317.556
317.035
316.515
315.996
315.473
322.742
322.227
321.712
321.197
320.681
320.165
319.648
319.131
318.613
318.095
317.577
317.059
316.541
316.026
315.517
322.744
322.231
321.718
321.204
320.691
320.177
319.663
319.147
318.632
318.115
317.598
317.081
316.565
316.051
315.539
322.745
322.234
321.724
321.213
320.701
320.19
319.677
319.164
318.65
318.136
317.62
317.104
316.588
316.074
315.568
322.746
322.238
321.73
321.221
320.712
320.203
319.693
319.182
318.67
318.157
317.642
317.126
316.609
316.093
315.58
322.747
322.242
321.736
321.23
320.723
320.217
319.709
319.2
318.69
318.179
317.665
317.149
316.63
316.109
315.588
322.749
322.245
321.742
321.239
320.735
320.231
319.726
319.219
318.712
318.202
317.69
317.174
316.653
316.127
315.598
322.75
322.249
321.749
321.248
320.747
320.246
319.743
319.24
318.735
318.228
317.717
317.202
316.679
316.146
315.602
322.751
322.253
321.756
321.258
320.76
320.261
319.762
319.261
318.759
318.255
317.748
317.235
316.712
316.172
315.594
322.753
322.258
321.763
321.268
320.772
320.277
319.781
319.284
318.786
318.286
317.783
317.275
316.759
316.223
315.64
290.481
289.887
289.342
288.817
288.301
287.789
287.281
286.775
286.27
285.766
285.263
284.76
284.257
283.754
283.251
290.524
289.935
289.385
288.854
288.333
287.817
287.305
286.796
286.288
285.781
285.274
284.769
284.263
283.758
283.253
290.508
289.956
289.415
288.884
288.361
287.843
287.328
286.815
286.304
285.795
285.286
284.777
284.269
283.761
283.254
290.507
289.971
289.437
288.909
288.385
287.866
287.349
286.834
286.32
285.808
285.297
284.786
284.275
283.765
283.255
290.511
289.984
289.456
288.93
288.407
287.886
287.368
286.851
286.335
285.821
285.307
284.794
284.281
283.769
283.256
290.516
289.996
289.473
288.95
288.427
287.906
287.386
286.867
286.35
285.833
285.317
284.802
284.287
283.772
283.257
290.526
290.011
289.491
288.969
288.446
287.924
287.403
286.883
286.363
285.845
285.327
284.809
284.292
283.775
283.258
290.548
290.03
289.51
288.988
288.465
287.942
287.42
286.898
286.377
285.856
285.336
284.817
284.297
283.778
283.259
290.566
290.051
289.53
289.007
288.483
287.959
287.435
286.912
286.389
285.867
285.345
284.824
284.302
283.781
283.26
290.603
290.077
289.552
289.027
288.502
287.976
287.451
286.926
286.402
285.878
285.354
284.831
284.307
283.784
283.261
290.625
290.1
289.574
289.047
288.52
287.993
287.466
286.94
286.414
285.888
285.362
284.837
284.312
283.787
283.262
290.659
290.126
289.596
289.067
288.538
288.01
287.482
286.953
286.426
285.898
285.371
284.844
284.317
283.79
283.263
290.679
290.148
289.617
289.087
288.556
288.026
287.496
286.967
286.437
285.908
285.379
284.85
284.321
283.793
283.264
290.709
290.171
289.638
289.106
288.574
288.043
287.511
286.98
286.449
285.918
285.387
284.856
284.326
283.795
283.265
290.723
290.191
289.659
289.125
288.592
288.059
287.526
286.993
286.46
285.927
285.395
284.862
284.33
283.798
283.266
290.738
290.212
289.679
289.145
288.61
288.075
287.54
287.005
286.471
285.937
285.402
284.868
284.334
283.801
283.267
290.771
290.236
289.701
289.164
288.628
288.091
287.554
287.018
286.482
285.946
285.41
284.874
284.339
283.803
283.268
290.793
290.26
289.723
289.184
288.646
288.107
287.569
287.03
286.492
285.955
285.417
284.88
284.343
283.806
283.269
290.834
290.288
289.745
289.204
288.663
288.123
287.582
287.043
286.503
285.964
285.424
284.886
284.347
283.808
283.269
290.857
290.312
289.767
289.224
288.681
288.138
287.596
287.055
286.513
285.972
285.432
284.891
284.351
283.81
283.27
290.89
290.337
289.789
289.242
288.697
288.153
287.609
287.066
286.523
285.981
285.438
284.896
284.354
283.813
283.271
290.908
290.358
289.808
289.26
288.714
288.168
287.622
287.078
286.533
285.989
285.445
284.902
284.358
283.815
283.272
290.934
290.378
289.827
289.278
288.729
288.182
287.635
287.089
286.543
285.997
285.452
284.907
284.362
283.817
283.272
290.946
290.395
289.844
289.294
288.744
288.196
287.647
287.099
286.552
286.005
285.458
284.912
284.365
283.819
283.273
290.958
290.411
289.861
289.31
288.759
288.209
287.659
287.11
286.561
286.013
285.464
284.916
284.369
283.821
283.274
290.983
290.43
289.878
289.325
288.773
288.222
287.671
287.12
286.57
286.02
285.47
284.921
284.372
283.823
283.274
291
290.448
289.895
289.341
288.787
288.234
287.682
287.13
286.578
286.027
285.476
284.926
284.375
283.825
283.275
291.03
290.469
289.912
289.356
288.8
288.246
287.692
287.139
286.586
286.034
285.482
284.93
284.378
283.827
283.276
291.046
290.486
289.928
289.37
288.813
288.258
287.702
287.148
286.594
286.04
285.487
284.934
284.381
283.829
283.276
291.068
290.504
289.943
289.383
288.826
288.269
287.712
287.157
286.601
286.047
285.492
284.938
284.384
283.83
283.277
291.081
290.518
289.956
289.396
288.837
288.279
287.722
287.165
286.608
286.053
285.497
284.942
284.387
283.832
283.277
291.098
290.532
289.969
289.408
288.848
288.289
287.73
287.173
286.615
286.058
285.502
284.946
284.39
283.834
283.278
291.106
290.543
289.98
289.419
288.858
288.298
287.739
287.18
286.622
286.064
285.506
284.949
284.392
283.835
283.278
291.113
290.553
289.991
289.429
288.868
288.307
287.747
287.187
286.628
286.069
285.511
284.952
284.394
283.837
283.279
291.128
290.565
290.002
289.439
288.877
288.315
287.754
287.194
286.634
286.074
285.515
284.956
284.397
283.838
283.279
291.138
290.576
290.012
289.448
288.885
288.323
287.761
287.2
286.639
286.079
285.518
284.959
284.399
283.839
283.28
291.155
290.587
290.022
289.457
288.894
288.331
287.768
287.206
286.644
286.083
285.522
284.961
284.401
283.84
283.28
291.164
290.597
290.031
289.466
288.901
288.338
287.774
287.212
286.649
286.087
285.525
284.964
284.403
283.842
283.281
291.176
290.606
290.039
289.474
288.909
288.344
287.78
287.217
286.654
286.091
285.529
284.967
284.405
283.843
283.281
291.181
290.614
290.047
289.481
288.915
288.35
287.786
287.222
286.658
286.095
285.532
284.969
284.406
283.844
283.281
291.186
290.62
290.054
289.488
288.922
288.356
287.791
287.226
286.662
286.098
285.535
284.971
284.408
283.845
283.282
291.195
290.628
290.061
289.494
288.928
288.362
287.796
287.231
286.666
286.101
285.537
284.973
284.409
283.846
283.282
291.201
290.635
290.067
289.5
288.933
288.367
287.801
287.235
286.67
286.104
285.54
284.975
284.411
283.846
283.282
291.211
290.642
290.074
289.506
288.939
288.372
287.805
287.239
286.673
286.107
285.542
284.977
284.412
283.847
283.282
291.217
290.648
290.08
289.511
288.943
288.376
287.809
287.242
286.676
286.11
285.544
284.979
284.413
283.848
283.283
291.227
290.655
290.085
289.516
288.948
288.38
287.813
287.245
286.679
286.112
285.546
284.98
284.414
283.848
283.283
291.232
290.661
290.091
289.521
288.952
288.384
287.816
287.248
286.681
286.114
285.548
284.981
284.415
283.849
283.283
291.238
290.666
290.095
289.525
288.956
288.387
287.819
287.251
286.684
286.116
285.55
284.983
284.416
283.85
283.283
291.241
290.67
290.099
289.529
288.959
288.39
287.822
287.254
286.686
286.118
285.551
284.984
284.417
283.85
283.283
291.245
290.673
290.102
289.532
288.962
288.393
287.824
287.256
286.688
286.12
285.552
284.985
284.418
283.851
283.284
291.247
290.676
290.105
289.534
288.965
288.395
287.826
287.258
286.689
286.121
285.553
284.986
284.418
283.851
283.284
291.249
290.678
290.107
289.537
288.967
288.397
287.828
287.259
286.691
286.122
285.554
284.987
284.419
283.851
283.284
291.251
290.68
290.109
289.539
288.969
288.399
287.83
287.261
286.692
286.124
285.555
284.987
284.419
283.852
283.284
291.252
290.681
290.111
289.54
288.97
288.4
287.831
287.262
286.693
286.124
285.556
284.988
284.42
283.852
283.284
291.254
290.683
290.112
289.541
288.971
288.401
287.832
287.263
286.694
286.125
285.557
284.988
284.42
283.852
283.284
291.255
290.684
290.113
289.542
288.972
288.402
287.833
287.263
286.694
286.126
285.557
284.989
284.42
283.852
283.284
291.255
290.684
290.113
289.543
288.972
288.403
287.833
287.264
286.695
286.126
285.557
284.989
284.421
283.852
283.284
291.256
290.684
290.113
289.543
288.973
288.403
287.833
287.264
286.695
286.126
285.558
284.989
284.421
283.852
283.284
291.255
290.684
290.113
289.543
288.973
288.403
287.833
287.264
286.695
286.126
285.558
284.989
284.421
283.852
283.284
291.255
290.684
290.113
289.543
288.972
288.403
287.833
287.264
286.695
286.126
285.558
284.989
284.421
283.852
283.284
291.254
290.683
290.112
289.542
288.972
288.402
287.833
287.264
286.695
286.126
285.557
284.989
284.421
283.852
283.284
291.252
290.682
290.111
289.541
288.971
288.402
287.832
287.263
286.694
286.126
285.557
284.989
284.42
283.852
283.284
291.251
290.68
290.11
289.54
288.97
288.401
287.831
287.262
286.694
286.125
285.557
284.988
284.42
283.852
283.284
291.248
290.678
290.108
289.538
288.969
288.4
287.83
287.262
286.693
286.124
285.556
284.988
284.42
283.852
283.284
291.246
290.676
290.106
289.537
288.967
288.398
287.829
287.261
286.692
286.124
285.556
284.987
284.42
283.852
283.284
291.243
290.674
290.104
289.535
288.966
288.397
287.828
287.259
286.691
286.123
285.555
284.987
284.419
283.851
283.284
291.242
290.672
290.102
289.533
288.964
288.395
287.826
287.258
286.69
286.122
285.554
284.986
284.419
283.851
283.284
291.24
290.67
290.1
289.531
288.962
288.393
287.825
287.256
286.688
286.12
285.553
284.985
284.418
283.851
283.284
291.237
290.667
290.097
289.528
288.959
288.391
287.823
287.255
286.687
286.119
285.552
284.985
284.417
283.85
283.283
291.234
290.664
290.094
289.525
288.957
288.388
287.82
287.253
286.685
286.118
285.551
284.984
284.417
283.85
283.283
291.229
290.66
290.091
289.522
288.954
288.386
287.818
287.25
286.683
286.116
285.549
284.982
284.416
283.85
283.283
291.225
290.656
290.087
289.519
288.951
288.383
287.815
287.248
286.681
286.114
285.548
284.981
284.415
283.849
283.283
291.219
290.651
290.083
289.515
288.948
288.38
287.813
287.245
286.679
286.112
285.546
284.98
284.414
283.848
283.283
291.215
290.647
290.08
289.512
288.944
288.377
287.809
287.243
286.676
286.11
285.544
284.978
284.413
283.848
283.283
291.21
290.643
290.076
289.508
288.94
288.373
287.806
287.24
286.673
286.107
285.542
284.977
284.412
283.847
283.282
291.207
290.64
290.072
289.504
288.937
288.369
287.803
287.236
286.67
286.105
285.54
284.975
284.41
283.846
283.282
291.205
290.636
290.068
289.5
288.932
288.365
287.799
287.232
286.667
286.102
285.537
284.973
284.409
283.845
283.282
291.2
290.632
290.063
289.495
288.928
288.361
287.794
287.228
286.663
286.098
285.534
284.971
284.407
283.844
283.281
291.197
290.628
290.059
289.491
288.923
288.356
287.789
287.224
286.659
286.095
285.531
284.968
284.405
283.843
283.281
291.191
290.623
290.054
289.486
288.918
288.35
287.784
287.219
286.654
286.09
285.528
284.965
284.403
283.842
283.281
291.188
290.618
290.049
289.48
288.912
288.344
287.778
287.213
286.649
286.086
285.524
284.962
284.401
283.84
283.28
291.183
290.614
290.044
289.474
288.905
288.338
287.771
287.206
286.643
286.08
285.519
284.958
284.398
283.839
283.28
291.181
290.61
290.038
289.467
288.898
288.33
287.763
287.199
286.636
286.074
285.514
284.954
284.396
283.837
283.279
291.18
290.606
290.033
289.46
288.889
288.321
287.754
287.19
286.628
286.068
285.508
284.95
284.392
283.835
283.278
291.18
290.603
290.026
289.451
288.879
288.31
287.744
287.181
286.619
286.06
285.502
284.945
284.389
283.833
283.278
291.182
290.6
290.018
289.44
288.866
288.297
287.732
287.169
286.609
286.051
285.495
284.939
284.385
283.831
283.277
291.193
290.597
290.007
289.425
288.85
288.282
287.717
287.156
286.598
286.041
285.487
284.933
284.38
283.828
283.276
291.201
290.59
289.991
289.406
288.831
288.263
287.7
287.141
286.585
286.031
285.478
284.926
284.375
283.825
283.275
291.229
290.574
289.965
289.379
288.806
288.241
287.681
287.124
286.571
286.019
285.468
284.919
284.37
283.822
283.274
291.185
290.526
289.923
289.344
288.776
288.215
287.659
287.106
286.555
286.006
285.458
284.911
284.365
283.819
283.273
322.754
322.262
321.77
321.278
320.787
320.294
319.802
319.309
318.816
318.321
317.825
317.326
316.824
316.317
315.815
322.756
322.267
321.779
321.291
320.802
320.314
319.826
319.338
318.85
318.362
317.874
317.386
316.899
316.416
315.946
322.757
322.272
321.787
321.302
320.818
320.334
319.85
319.367
318.884
318.403
317.922
317.444
316.969
316.501
316.045
322.759
322.277
321.796
321.314
320.833
320.353
319.874
319.395
318.918
318.442
317.969
317.499
317.034
316.575
316.127
322.761
322.282
321.803
321.325
320.848
320.372
319.896
319.422
318.95
318.48
318.012
317.549
317.091
316.639
316.196
322.762
322.286
321.811
321.336
320.862
320.389
319.917
319.447
318.979
318.514
318.052
317.594
317.141
316.695
316.256
322.763
322.291
321.818
321.346
320.875
320.405
319.937
319.471
319.007
318.545
318.088
317.634
317.186
316.743
316.307
322.765
322.294
321.824
321.355
320.887
320.42
319.955
319.492
319.031
318.573
318.119
317.669
317.224
316.785
316.351
322.766
322.298
321.83
321.363
320.898
320.433
319.97
319.51
319.052
318.597
318.146
317.699
317.257
316.82
316.389
322.767
322.301
321.835
321.37
320.907
320.444
319.984
319.526
319.071
318.618
318.17
317.725
317.285
316.85
316.42
322.768
322.303
321.839
321.376
320.914
320.454
319.996
319.539
319.086
318.636
318.189
317.746
317.308
316.874
316.446
322.768
322.305
321.843
321.381
320.921
320.462
320.005
319.55
319.098
318.649
318.204
317.763
317.326
316.893
316.466
322.769
322.307
321.845
321.385
320.925
320.467
320.012
319.558
319.107
318.66
318.215
317.775
317.339
316.908
316.481
322.769
322.308
321.847
321.387
320.928
320.471
320.016
319.563
319.113
318.666
318.223
317.783
317.348
316.917
316.491
322.769
322.308
321.848
321.388
320.93
320.473
320.019
319.566
319.116
318.67
318.227
317.787
317.352
316.922
316.496
315.41
315.146
314.677
314.411
314.02
313.829
313.636
313.238
312.959
312.45
312.168
311.753
311.52
311.186
311.023
310.861
310.53
310.302
309.892
309.67
309.357
309.207
309.063
308.777
308.584
308.25
308.028
307.638
307.429
307.139
307
306.868
306.607
306.431
306.127
305.925
305.569
305.378
305.111
304.982
304.859
304.612
304.444
304.151
303.951
303.594
303.396
303.108
302.945
302.71
302.594
302.475
302.234
302.063
301.753
301.581
301.334
301.212
301.09
300.845
300.673
300.368
300.158
299.779
299.57
299.268
299.12
298.972
298.67
298.458
298.08
297.82
297.347
297.086
296.708
296.524
296.339
295.96
295.695
295.221
294.897
294.307
293.984
293.518
293.293
293.07
292.613
292.303
291.757
291.455
315.544
315.201
314.836
314.508
314.181
313.897
313.614
313.285
312.956
312.588
312.257
311.923
311.632
311.347
311.103
310.862
310.587
310.315
310.015
309.75
309.489
309.267
309.051
308.806
308.563
308.293
308.031
307.747
307.497
307.254
307.049
306.849
306.624
306.401
306.154
305.913
305.652
305.422
305.197
305.005
304.817
304.603
304.389
304.148
303.911
303.65
303.415
303.178
302.97
302.765
302.587
302.408
302.202
301.994
301.763
301.553
301.343
301.159
300.973
300.758
300.538
300.287
300.037
299.758
299.506
299.252
299.03
298.806
298.544
298.276
297.968
297.66
297.316
297.004
296.691
296.417
296.14
295.817
295.485
295.104
294.725
294.301
293.921
293.54
293.212
292.884
292.506
292.127
291.706
291.315
315.644
315.29
314.941
314.605
314.279
313.967
313.656
313.334
313.007
312.674
312.349
312.034
311.735
311.449
311.179
310.913
310.641
310.367
310.09
309.823
309.565
309.32
309.079
308.833
308.582
308.324
308.065
307.805
307.556
307.316
307.089
306.866
306.638
306.408
306.17
305.931
305.691
305.459
305.235
305.022
304.812
304.595
304.372
304.141
303.907
303.667
303.435
303.207
302.991
302.781
302.581
302.38
302.172
301.96
301.741
301.527
301.315
301.108
300.898
300.678
300.448
300.206
299.956
299.698
299.443
299.191
298.944
298.693
298.428
298.15
297.856
297.552
297.237
296.926
296.617
296.316
296.009
295.685
295.346
294.986
294.615
294.233
293.858
293.488
293.131
292.772
292.397
292.012
291.612
291.21
315.728
315.373
315.026
314.688
314.357
314.034
313.713
313.391
313.069
312.746
312.429
312.119
311.82
311.53
311.248
310.972
310.697
310.423
310.15
309.883
309.623
309.368
309.117
308.865
308.612
308.357
308.102
307.849
307.601
307.359
307.123
306.89
306.658
306.424
306.188
305.952
305.716
305.485
305.259
305.037
304.816
304.594
304.368
304.139
303.908
303.676
303.447
303.221
303.001
302.786
302.574
302.363
302.149
301.933
301.715
301.497
301.278
301.06
300.839
300.612
300.377
300.135
299.887
299.633
299.378
299.121
298.864
298.601
298.33
298.049
297.758
297.459
297.152
296.843
296.533
296.221
295.903
295.575
295.235
294.884
294.523
294.155
293.786
293.418
293.052
292.682
292.304
291.918
291.523
291.12
315.8
315.446
315.099
314.759
314.425
314.097
313.772
313.45
313.129
312.811
312.498
312.191
311.891
311.598
311.311
311.03
310.751
310.476
310.203
309.935
309.671
309.412
309.155
308.899
308.644
308.39
308.136
307.885
307.637
307.393
307.153
306.915
306.679
306.443
306.206
305.971
305.737
305.505
305.275
305.049
304.823
304.597
304.369
304.141
303.911
303.682
303.453
303.228
303.005
302.785
302.566
302.349
302.13
301.91
301.689
301.466
301.242
301.017
300.789
300.556
300.317
300.073
299.824
299.571
299.314
299.054
298.79
298.522
298.246
297.963
297.673
297.375
297.071
296.763
296.451
296.134
295.812
295.482
295.143
294.795
294.439
294.078
293.714
293.347
292.977
292.603
292.224
291.837
291.443
291.042
315.861
315.509
315.162
314.821
314.486
314.155
313.829
313.506
313.186
312.87
312.559
312.252
311.952
311.657
311.368
311.083
310.802
310.525
310.251
309.981
309.714
309.451
309.191
308.933
308.676
308.421
308.167
307.916
307.668
307.422
307.179
306.939
306.7
306.461
306.224
305.988
305.753
305.52
305.289
305.059
304.83
304.602
304.373
304.144
303.914
303.685
303.457
303.23
303.005
302.781
302.558
302.336
302.113
301.889
301.664
301.437
301.209
300.978
300.745
300.507
300.266
300.019
299.768
299.513
299.254
298.991
298.724
298.451
298.173
297.889
297.597
297.3
296.997
296.689
296.375
296.057
295.732
295.401
295.062
294.717
294.365
294.007
293.645
293.278
292.908
292.533
292.153
291.767
291.374
290.975
315.915
315.563
315.216
314.875
314.539
314.208
313.881
313.557
313.238
312.923
312.612
312.306
312.005
311.709
311.417
311.13
310.848
310.568
310.293
310.021
309.753
309.487
309.224
308.964
308.706
308.45
308.196
307.944
307.694
307.447
307.203
306.96
306.719
306.479
306.241
306.004
305.768
305.534
305.301
305.069
304.838
304.607
304.377
304.147
303.917
303.687
303.458
303.23
303.003
302.776
302.55
302.324
302.097
301.87
301.641
301.411
301.178
300.944
300.706
300.465
300.221
299.972
299.719
299.462
299.2
298.935
298.665
298.39
298.109
297.823
297.531
297.233
296.93
296.621
296.307
295.987
295.662
295.33
294.992
294.648
294.298
293.942
293.581
293.216
292.846
292.471
292.091
291.705
291.314
290.917
315.96
315.61
315.264
314.923
314.586
314.254
313.927
313.603
313.284
312.969
312.658
312.352
312.05
311.753
311.461
311.172
310.888
310.607
310.33
310.057
309.786
309.519
309.255
308.993
308.733
308.476
308.221
307.968
307.718
307.469
307.223
306.979
306.736
306.495
306.256
306.018
305.781
305.545
305.311
305.077
304.845
304.613
304.381
304.15
303.919
303.688
303.458
303.228
302.999
302.771
302.542
302.313
302.083
301.852
301.621
301.387
301.151
300.913
300.673
300.429
300.181
299.93
299.675
299.416
299.153
298.885
298.613
298.336
298.054
297.766
297.473
297.175
296.871
296.562
296.247
295.927
295.601
295.269
294.931
294.588
294.239
293.884
293.524
293.16
292.79
292.416
292.036
291.652
291.262
290.866
315.999
315.649
315.304
314.963
314.627
314.295
313.967
313.644
313.324
313.009
312.698
312.392
312.09
311.792
311.498
311.209
310.923
310.641
310.363
310.088
309.816
309.547
309.281
309.018
308.757
308.499
308.243
307.989
307.738
307.488
307.241
306.995
306.752
306.51
306.269
306.03
305.792
305.555
305.319
305.085
304.851
304.617
304.385
304.152
303.92
303.689
303.458
303.226
302.996
302.765
302.534
302.303
302.07
301.837
301.603
301.366
301.128
300.887
300.644
300.397
300.148
299.894
299.637
299.376
299.111
298.842
298.568
298.289
298.006
297.717
297.423
297.124
296.819
296.51
296.194
295.874
295.548
295.216
294.879
294.536
294.187
293.833
293.475
293.111
292.742
292.368
291.989
291.606
291.217
290.823
316.032
315.683
315.338
314.997
314.661
314.329
314.002
313.678
313.359
313.043
312.732
312.426
312.123
311.824
311.53
311.24
310.953
310.67
310.39
310.114
309.841
309.571
309.304
309.04
308.778
308.519
308.262
308.007
307.755
307.505
307.256
307.01
306.765
306.522
306.28
306.04
305.801
305.563
305.327
305.091
304.856
304.622
304.388
304.155
303.922
303.689
303.457
303.224
302.992
302.76
302.527
302.293
302.059
301.824
301.587
301.348
301.108
300.865
300.619
300.371
300.119
299.864
299.605
299.343
299.076
298.805
298.53
298.25
297.965
297.675
297.381
297.081
296.776
296.466
296.15
295.829
295.503
295.171
294.834
294.491
294.143
293.79
293.432
293.069
292.701
292.328
291.95
291.567
291.179
290.787
316.058
315.71
315.366
315.026
314.69
314.358
314.03
313.707
313.387
313.072
312.761
312.453
312.15
311.851
311.556
311.265
310.978
310.694
310.413
310.136
309.862
309.591
309.324
309.058
308.796
308.536
308.278
308.022
307.769
307.518
307.269
307.022
306.776
306.532
306.29
306.049
305.809
305.57
305.333
305.096
304.86
304.625
304.39
304.156
303.923
303.689
303.456
303.222
302.989
302.755
302.521
302.286
302.05
301.813
301.574
301.334
301.091
300.846
300.599
300.349
300.096
299.839
299.579
299.315
299.047
298.774
298.498
298.217
297.931
297.641
297.346
297.045
296.74
296.429
296.113
295.792
295.466
295.134
294.797
294.455
294.107
293.755
293.397
293.034
292.667
292.294
291.917
291.535
291.148
290.757
316.079
315.732
315.388
315.048
314.712
314.38
314.053
313.729
313.41
313.094
312.783
312.476
312.172
311.873
311.577
311.285
310.997
310.713
310.432
310.154
309.879
309.608
309.339
309.073
308.81
308.549
308.291
308.035
307.781
307.529
307.279
307.031
306.785
306.54
306.297
306.055
305.815
305.576
305.337
305.1
304.864
304.628
304.393
304.158
303.923
303.689
303.455
303.22
302.986
302.751
302.515
302.279
302.042
301.803
301.563
301.322
301.078
300.832
300.583
300.331
300.077
299.819
299.557
299.292
299.023
298.75
298.473
298.191
297.905
297.614
297.318
297.017
296.711
296.4
296.084
295.763
295.436
295.104
294.768
294.426
294.078
293.726
293.369
293.006
292.639
292.267
291.891
291.509
291.124
290.733
316.095
315.748
315.404
315.065
314.729
314.397
314.07
313.746
313.427
313.111
312.8
312.492
312.188
311.889
311.593
311.301
311.012
310.727
310.445
310.167
309.892
309.62
309.35
309.084
308.82
308.559
308.3
308.044
307.789
307.537
307.287
307.038
306.791
306.546
306.303
306.061
305.82
305.58
305.341
305.103
304.866
304.63
304.394
304.159
303.924
303.689
303.454
303.219
302.984
302.748
302.512
302.274
302.036
301.797
301.556
301.313
301.068
300.821
300.571
300.318
300.063
299.804
299.542
299.276
299.006
298.732
298.454
298.172
297.885
297.593
297.297
296.996
296.689
296.378
296.062
295.741
295.414
295.082
294.746
294.404
294.057
293.705
293.348
292.986
292.619
292.247
291.871
291.491
291.105
290.716
316.105
315.758
315.415
315.076
314.74
314.408
314.081
313.757
313.438
313.122
312.811
312.503
312.199
311.899
311.603
311.311
311.022
310.736
310.454
310.176
309.9
309.628
309.358
309.091
308.827
308.566
308.306
308.05
307.795
307.542
307.292
307.043
306.796
306.55
306.307
306.064
305.823
305.583
305.344
305.105
304.868
304.631
304.395
304.159
303.924
303.689
303.453
303.218
302.982
302.746
302.509
302.271
302.032
301.792
301.55
301.307
301.061
300.813
300.563
300.31
300.053
299.794
299.531
299.265
298.994
298.72
298.442
298.159
297.872
297.58
297.283
296.982
296.675
296.364
296.047
295.726
295.4
295.068
294.731
294.389
294.042
293.691
293.334
292.972
292.605
292.234
291.858
291.478
291.093
290.704
316.111
315.764
315.42
315.081
314.746
314.414
314.087
313.763
313.443
313.128
312.816
312.508
312.205
311.904
311.608
311.316
311.027
310.741
310.459
310.18
309.905
309.632
309.362
309.095
308.831
308.569
308.31
308.053
307.798
307.545
307.294
307.045
306.798
306.552
306.308
306.066
305.824
305.584
305.345
305.106
304.869
304.632
304.396
304.16
303.924
303.688
303.453
303.217
302.981
302.745
302.508
302.269
302.03
301.79
301.548
301.304
301.058
300.81
300.559
300.305
300.049
299.789
299.526
299.259
298.989
298.714
298.435
298.152
297.865
297.573
297.276
296.974
296.668
296.357
296.04
295.719
295.392
295.061
294.724
294.382
294.035
293.683
293.327
292.965
292.599
292.228
291.852
291.472
291.087
290.698
290.997
290.43
289.86
289.296
288.737
288.183
287.632
287.083
286.536
285.991
285.446
284.902
284.358
283.815
283.272
290.859
290.328
289.784
289.237
288.691
288.145
287.601
287.057
286.515
285.973
285.432
284.891
284.351
283.81
283.27
290.754
290.239
289.712
289.179
288.643
288.106
287.568
287.031
286.493
285.955
285.418
284.881
284.343
283.806
283.269
290.668
290.162
289.646
289.123
288.596
288.067
287.536
287.004
286.471
285.937
285.404
284.87
284.336
283.801
283.267
290.594
290.094
289.586
289.072
288.552
288.03
287.504
286.977
286.449
285.92
285.39
284.859
284.328
283.797
283.266
290.53
290.035
289.533
289.025
288.512
287.995
287.475
286.952
286.428
285.903
285.376
284.849
284.321
283.793
283.264
290.474
289.984
289.486
288.983
288.475
287.963
287.447
286.929
286.409
285.887
285.364
284.839
284.314
283.789
283.263
290.426
289.939
289.446
288.946
288.442
287.934
287.422
286.908
286.391
285.872
285.352
284.83
284.308
283.785
283.262
290.385
289.901
289.41
288.914
288.414
287.909
287.4
286.889
286.375
285.859
285.341
284.822
284.302
283.782
283.261
290.351
289.868
289.38
288.887
288.389
287.887
287.381
286.873
286.361
285.848
285.332
284.815
284.297
283.779
283.26
290.322
289.842
289.356
288.865
288.369
287.869
287.365
286.859
286.349
285.838
285.324
284.809
284.293
283.776
283.259
290.3
289.821
289.336
288.847
288.353
287.854
287.353
286.848
286.34
285.83
285.318
284.804
284.29
283.774
283.258
290.283
289.805
289.322
288.833
288.34
287.844
287.343
286.839
286.333
285.824
285.313
284.801
284.287
283.773
283.258
290.272
289.794
289.312
288.824
288.332
287.836
287.337
286.834
286.328
285.82
285.31
284.798
284.285
283.772
283.257
290.266
289.789
289.307
288.82
288.328
287.833
287.334
286.831
286.326
285.818
285.308
284.797
284.284
283.771
283.257
)
;

boundaryField
{
    hot
    {
        type            fixedValue;
        value           uniform 323;
    }
    cold
    {
        type            fixedValue;
        value           uniform 283;
    }
    interface_left
    {
        type            fixedValue;
        value           nonuniform List<scalar> 
90
(
314.893
314.893
314.929
314.929
314.9
314.9
314.9
314.855
314.855
314.793
314.793
314.749
314.749
314.715
314.715
314.715
314.684
314.684
314.647
314.647
314.623
314.623
314.623
314.602
314.602
314.582
314.582
314.559
314.559
314.544
314.544
314.544
314.534
314.534
314.525
314.525
314.518
314.518
314.515
314.515
314.515
314.516
314.516
314.521
314.521
314.531
314.531
314.542
314.542
314.542
314.556
314.556
314.577
314.577
314.609
314.609
314.636
314.636
314.636
314.667
314.667
314.707
314.707
314.766
314.766
314.813
314.813
314.813
314.862
314.862
314.924
314.924
315.008
315.008
315.071
315.071
315.071
315.131
315.131
315.2
315.2
315.281
315.281
315.327
315.327
315.327
315.34
315.34
315.268
315.268
)
;
    }
    interface_right
    {
        type            fixedValue;
        value           nonuniform List<scalar> 
90
(
290.859
290.859
290.771
290.771
290.771
290.772
290.772
290.808
290.808
290.876
290.876
290.935
290.935
290.988
290.988
290.988
291.044
291.044
291.12
291.12
291.176
291.176
291.221
291.221
291.221
291.264
291.264
291.319
291.319
291.357
291.357
291.386
291.386
291.386
291.413
291.413
291.444
291.444
291.464
291.464
291.464
291.48
291.48
291.497
291.497
291.515
291.515
291.525
291.525
291.532
291.532
291.532
291.536
291.536
291.54
291.54
291.54
291.54
291.539
291.539
291.539
291.537
291.537
291.531
291.531
291.526
291.526
291.526
291.52
291.52
291.511
291.511
291.499
291.499
291.491
291.491
291.491
291.482
291.482
291.473
291.473
291.465
291.465
291.466
291.466
291.466
291.492
291.492
291.607
291.607
)
;
    }
    interface_top
    {
        type            fixedValue;
        value           nonuniform List<scalar> 
90
(
315.268
315.268
314.453
314.453
313.797
313.797
313.797
313.129
313.129
312.22
312.22
311.538
311.538
310.984
310.984
310.984
310.429
310.429
309.697
309.697
309.175
309.175
309.175
308.697
308.697
308.15
308.15
307.456
307.456
306.973
306.973
306.973
306.539
306.539
306.043
306.043
305.411
305.411
304.969
304.969
304.969
304.562
304.562
304.085
304.085
303.453
303.453
302.984
302.984
302.599
302.599
302.599
302.199
302.199
301.649
301.649
301.239
301.239
301.239
300.836
300.836
300.341
300.341
299.668
299.668
299.165
299.165
299.165
298.668
298.668
298.052
298.052
297.21
297.21
296.577
296.577
296.577
295.949
295.949
295.172
295.172
294.118
294.118
293.331
293.331
293.331
292.56
292.56
291.607
291.607
)
;
    }
    interface_bottom
    {
        type            fixedValue;
        value           nonuniform List<scalar> 
90
(
314.893
314.893
314.08
314.08
314.08
313.322
313.322
312.435
312.435
311.294
311.294
310.475
310.475
309.825
309.825
309.825
309.18
309.18
308.333
308.333
307.719
307.719
307.23
307.23
307.23
306.748
306.748
306.121
306.121
305.68
305.68
305.68
305.274
305.274
304.805
304.805
304.206
304.206
303.786
303.786
303.786
303.391
303.391
302.92
302.92
302.295
302.295
301.831
301.831
301.442
301.442
301.442
301.031
301.031
300.463
300.463
300.037
300.037
300.037
299.614
299.614
299.092
299.092
298.393
298.393
297.877
297.877
297.877
297.37
297.37
296.749
296.749
295.923
295.923
295.318
295.318
295.318
294.727
294.727
294.01
294.01
293.063
293.063
292.37
292.37
292.37
291.696
291.696
290.859
290.859
)
;
    }
    defaultFaces
    {
        type            empty;
    }
}


// ************************************************************************* //
