/*--------------------------------*- C++ -*----------------------------------*\
| =========                 |                                                 |
| \\      /  F ield         | OpenFOAM: The Open Source CFD Toolbox           |
|  \\    /   O peration     | Version:  5.x                                   |
|   \\  /    A nd           | Web:      www.OpenFOAM.org                      |
|    \\/     M anipulation  |                                                 |
\*---------------------------------------------------------------------------*/
FoamFile
{
    version     2.0;
    format      ascii;
    class       volScalarField;
    location    "2.5";
    object      gradTx;
}
// * * * * * * * * * * * * * * * * * * * * * * * * * * * * * * * * * * * * * //

dimensions      [0 -1 0 1 0 0 0];

internalField   nonuniform List<scalar> 
6300
(
-48.5532
-48.5243
-48.4663
-48.3791
-48.2624
-48.116
-47.9398
-47.7339
-47.4985
-47.2343
-46.9424
-46.6243
-46.2817
-45.9168
-45.5316
-48.582
-48.5532
-48.4954
-48.4084
-48.2919
-48.1457
-47.9694
-47.7632
-47.5271
-47.2619
-46.9685
-46.6485
-46.304
-45.9371
-45.5502
-48.6394
-48.6108
-48.5534
-48.4669
-48.351
-48.2051
-48.0289
-47.8221
-47.5848
-47.3175
-47.0211
-46.6973
-46.3484
-45.9772
-45.5868
-48.7253
-48.697
-48.6404
-48.5548
-48.4398
-48.2947
-48.1188
-47.9114
-47.6724
-47.4019
-47.1008
-46.7709
-46.415
-46.0366
-45.64
-48.8392
-48.8115
-48.756
-48.6719
-48.5586
-48.4149
-48.2398
-48.0323
-47.7914
-47.5168
-47.2093
-46.8705
-46.5039
-46.1142
-45.7075
-48.9805
-48.9538
-48.8999
-48.8182
-48.7075
-48.5664
-48.3932
-48.1862
-47.9437
-47.6646
-47.3488
-46.9978
-46.6156
-46.2087
-45.7859
-49.1484
-49.1229
-49.0715
-48.9932
-48.8866
-48.7497
-48.5803
-48.3755
-48.1326
-47.849
-47.5233
-47.1562
-46.7519
-46.319
-45.8704
-49.3415
-49.3178
-49.2697
-49.1963
-49.0957
-48.9655
-48.8025
-48.6028
-48.3619
-48.0752
-47.739
-47.3517
-46.9168
-46.4447
-45.9547
-49.5581
-49.5367
-49.4932
-49.4264
-49.3342
-49.2138
-49.0612
-48.871
-48.6368
-48.3509
-48.0055
-47.5948
-47.1186
-46.5882
-46.031
-49.796
-49.7775
-49.7398
-49.6816
-49.6008
-49.4942
-49.3572
-49.1831
-48.9633
-48.686
-48.3373
-47.9031
-47.3746
-46.7585
-46.0914
-50.0522
-50.0372
-50.0065
-49.9591
-49.8929
-49.8048
-49.6899
-49.5409
-49.3469
-49.0922
-48.7544
-48.3057
-47.7179
-46.9799
-46.1314
-50.3232
-50.3122
-50.2899
-50.2552
-50.2068
-50.142
-50.0565
-49.9434
-49.7913
-49.5812
-49.2824
-48.8474
-48.2114
-47.3116
-46.1594
-50.6049
-50.5984
-50.5852
-50.5649
-50.5368
-50.4995
-50.4504
-50.3848
-50.2934
-50.1588
-49.9464
-49.5899
-48.9685
-47.8956
-46.2217
-50.8929
-50.891
-50.8873
-50.8821
-50.8757
-50.8686
-50.8607
-50.8516
-50.8388
-50.814
-50.7543
-50.5972
-50.1769
-49.0801
-46.5054
-51.1824
-51.185
-51.1907
-51.2002
-51.2152
-51.238
-51.272
-51.3221
-51.3959
-51.504
-51.6593
-51.8675
-52.0616
-51.7418
-48.0026
-45.1626
-44.8137
-44.4526
-44.0791
-43.6925
-43.2917
-42.8757
-42.4434
-41.994
-41.5271
-41.0432
-40.5432
-40.0286
-39.5016
-38.9645
-38.4202
-37.8717
-37.3219
-36.7739
-36.2308
-35.6957
-35.1716
-34.6614
-34.1676
-33.6927
-33.2388
-32.8075
-32.4002
-32.0178
-31.661
-31.33
-31.0248
-30.7451
-30.4902
-30.2594
-30.052
-29.867
-29.7035
-29.5606
-29.4374
-29.3331
-29.2468
-29.1779
-29.1257
-29.09
-29.0706
-29.0677
-29.0817
-29.1134
-29.1635
-29.2328
-29.3222
-29.4323
-29.5635
-29.7161
-29.8901
-30.0851
-30.3007
-30.536
-30.7901
-31.0618
-31.35
-31.6533
-31.9706
-32.3006
-32.6423
-32.9945
-33.3561
-33.7263
-34.1038
-34.4879
-34.8775
-35.272
-35.6706
-36.0728
-36.478
-36.8856
-37.2953
-37.7064
-38.1184
-38.531
-38.9435
-39.3556
-39.7668
-40.1764
-40.5836
-40.9871
-41.3857
-41.7776
-42.1608
-45.1803
-44.8311
-44.4705
-44.098
-43.7128
-43.3137
-42.8992
-42.468
-42.0191
-41.5518
-41.0666
-40.5643
-40.0467
-39.5161
-38.9751
-38.4266
-37.8737
-37.3195
-36.767
-36.2196
-35.6802
-35.152
-34.6379
-34.1407
-33.6629
-33.2065
-32.7733
-32.3646
-31.9814
-31.6242
-31.2933
-30.9886
-30.7097
-30.4558
-30.2263
-30.0201
-29.8364
-29.6742
-29.5326
-29.4107
-29.3075
-29.2223
-29.1542
-29.1025
-29.0669
-29.0472
-29.0437
-29.0568
-29.0873
-29.1362
-29.2043
-29.2928
-29.4022
-29.533
-29.6857
-29.86
-30.0558
-30.2725
-30.5092
-30.765
-31.0384
-31.3284
-31.6334
-31.9524
-32.284
-32.6272
-32.9809
-33.344
-33.7156
-34.0945
-34.4798
-34.8705
-35.2659
-35.6654
-36.0683
-36.4742
-36.8826
-37.293
-37.7048
-38.1175
-38.5306
-38.9438
-39.3567
-39.7687
-40.1795
-40.5883
-40.9939
-41.3949
-41.7897
-42.1759
-45.2148
-44.865
-44.5053
-44.135
-43.7532
-43.3578
-42.9469
-42.5184
-42.0705
-41.6025
-41.1145
-40.6076
-40.0838
-39.5457
-38.9966
-38.4395
-37.8778
-37.3147
-36.7533
-36.1969
-35.6488
-35.1123
-34.5905
-34.0863
-33.6025
-33.1412
-32.7042
-32.2928
-31.9078
-31.55
-31.2194
-30.9157
-30.6385
-30.3869
-30.1599
-29.9565
-29.7754
-29.6159
-29.4769
-29.3575
-29.2567
-29.1736
-29.1073
-29.0567
-29.0214
-29.0012
-28.9962
-29.0072
-29.0352
-29.0815
-29.1472
-29.2336
-29.3416
-29.4717
-29.6243
-29.7995
-29.9969
-30.2158
-30.4555
-30.7145
-30.9916
-31.2851
-31.5938
-31.9161
-32.2509
-32.5971
-32.9538
-33.3199
-33.6943
-34.076
-34.4638
-34.8567
-35.254
-35.655
-36.0594
-36.4667
-36.8765
-37.2883
-37.7016
-38.1156
-38.53
-38.9443
-39.3584
-39.7721
-40.1851
-40.597
-41.0067
-41.4128
-41.8132
-42.2058
-45.2641
-44.9134
-44.5551
-44.1889
-43.8129
-43.4244
-43.02
-42.5965
-42.1511
-41.6822
-41.1898
-40.6753
-40.1414
-39.5916
-39.0296
-38.4593
-37.8842
-37.3076
-36.7326
-36.1626
-35.6011
-35.0516
-34.5178
-34.003
-33.5101
-33.0414
-32.5986
-32.1831
-31.7957
-31.437
-31.1069
-30.8052
-30.531
-30.2831
-30.0602
-29.8609
-29.684
-29.5284
-29.3933
-29.2778
-29.1809
-29.1014
-29.038
-28.9894
-28.9547
-28.9336
-28.9262
-28.9336
-28.9573
-28.9991
-29.0608
-29.1438
-29.2494
-29.3783
-29.5309
-29.7073
-29.9071
-30.1297
-30.374
-30.6384
-30.9212
-31.2205
-31.5346
-31.8619
-32.2014
-32.5521
-32.9133
-33.2838
-33.6628
-34.0487
-34.4403
-34.8366
-35.2365
-35.6398
-36.0461
-36.4554
-36.8674
-37.2815
-37.6969
-38.113
-38.529
-38.9448
-39.3603
-39.776
-40.192
-40.6084
-41.0242
-41.4381
-41.8478
-42.2504
-45.3252
-44.9724
-44.6164
-44.2567
-43.8905
-43.5137
-43.1208
-42.7062
-42.2654
-41.7957
-41.2969
-40.7711
-40.2221
-39.655
-39.0749
-38.4863
-37.893
-37.2983
-36.705
-36.1164
-35.5363
-34.9688
-34.4182
-33.8886
-33.3832
-32.9044
-32.4541
-32.0333
-31.6428
-31.283
-30.9541
-30.6555
-30.386
-30.1438
-29.9269
-29.7336
-29.5622
-29.412
-29.2821
-29.172
-29.0806
-29.0066
-28.9479
-28.9026
-28.8691
-28.8466
-28.8354
-28.8371
-28.8539
-28.8887
-28.944
-29.0219
-29.1241
-29.2512
-29.4037
-29.5817
-29.7849
-30.0127
-30.2637
-30.536
-30.8272
-31.1348
-31.4564
-31.7905
-32.1359
-32.4923
-32.8592
-33.2358
-33.6211
-34.0132
-34.4103
-34.811
-35.2143
-35.62
-36.0285
-36.4402
-36.855
-37.2724
-37.6912
-38.1102
-38.5282
-38.9452
-39.3617
-39.7789
-40.1981
-40.6199
-41.0441
-41.469
-41.8919
-42.3091
-45.3927
-45.0361
-44.6832
-44.3336
-43.9836
-43.6263
-43.2528
-42.8537
-42.4214
-41.9514
-41.4432
-40.9002
-40.3291
-39.7374
-39.1325
-38.5202
-37.9043
-37.2872
-36.6709
-36.0583
-35.4536
-34.8618
-34.2887
-33.7395
-33.2181
-32.727
-32.2675
-31.8402
-31.4459
-31.0852
-30.7582
-30.4644
-30.2021
-29.9684
-29.7603
-29.575
-29.4107
-29.2666
-29.1429
-29.0396
-28.956
-28.8901
-28.8391
-28.7994
-28.7681
-28.7437
-28.7266
-28.7192
-28.7252
-28.7491
-28.795
-28.8657
-28.9631
-29.0879
-29.2402
-29.4202
-29.6278
-29.8626
-30.1231
-30.4068
-30.71
-31.029
-31.3606
-31.7028
-32.0549
-32.4175
-32.7911
-33.1756
-33.5695
-33.9704
-34.3752
-34.7815
-35.1884
-35.5961
-36.0062
-36.4201
-36.8387
-37.261
-37.6851
-38.1082
-38.5287
-38.9459
-39.3616
-39.7785
-40.1998
-40.6277
-41.0625
-41.5024
-41.9436
-42.3813
-45.4587
-45.0945
-44.745
-44.4109
-44.087
-43.7622
-43.4215
-43.0491
-42.6318
-42.1621
-41.6394
-41.0702
-40.4657
-39.8388
-39.2009
-38.5594
-37.9174
-37.275
-36.6317
-35.9893
-35.3524
-34.7282
-34.1252
-33.5508
-33.0099
-32.5045
-32.0348
-31.6002
-31.2012
-30.839
-30.5149
-30.2285
-29.9774
-29.7568
-29.5614
-29.3868
-29.2305
-29.0925
-28.9748
-28.8793
-28.8062
-28.7529
-28.7145
-28.6846
-28.6577
-28.6308
-28.6044
-28.5823
-28.5712
-28.5785
-28.6106
-28.6716
-28.7633
-28.8853
-29.0372
-29.2192
-29.4319
-29.6757
-29.9496
-30.2497
-30.5704
-30.9055
-31.2498
-31.6008
-31.959
-32.327
-32.7075
-33.1018
-33.5081
-33.9218
-34.3377
-34.7514
-35.1612
-35.5687
-35.978
-36.3933
-36.8167
-37.247
-37.6799
-38.11
-38.5333
-38.9487
-39.3593
-39.7713
-40.1915
-40.625
-41.073
-41.5331
-41.9999
-42.4663
-45.5111
-45.1315
-44.7846
-44.4737
-44.1918
-43.921
-43.636
-43.3092
-42.9179
-42.4491
-41.9028
-41.2912
-40.6348
-39.9564
-39.2746
-38.5996
-37.9314
-37.2642
-36.5917
-35.9127
-35.2331
-34.5645
-33.9209
-33.3141
-32.7508
-32.2311
-31.7517
-31.3093
-30.9038
-30.5385
-30.2177
-29.9424
-29.709
-29.5092
-29.3331
-29.1726
-29.0242
-28.8898
-28.7754
-28.6873
-28.6283
-28.5949
-28.578
-28.5659
-28.5479
-28.5179
-28.4763
-28.4302
-28.3913
-28.3726
-28.3849
-28.434
-28.52
-28.6401
-28.7915
-28.9742
-29.1914
-29.4461
-29.7385
-30.0631
-30.4103
-30.7688
-31.1296
-31.4888
-31.8492
-32.2183
-32.6042
-33.011
-33.4358
-33.8703
-34.3035
-34.7268
-35.1371
-35.5387
-35.9412
-36.3546
-36.7847
-37.229
-37.6785
-38.1215
-38.5488
-38.9579
-39.3547
-39.7519
-40.1638
-40.6008
-41.0655
-41.5537
-42.0564
-42.5629
-45.5317
-45.1214
-44.7725
-44.4947
-44.2804
-44.1004
-43.9105
-43.6622
-43.3155
-42.8478
-42.2602
-41.5767
-40.8358
-40.0789
-39.3389
-38.63
-37.9444
-37.2612
-36.5612
-35.8371
-35.0981
-34.3651
-33.6638
-33.0153
-32.4291
-31.9002
-31.4158
-30.9656
-30.5488
-30.1746
-29.8551
-29.5965
-29.3928
-29.2279
-29.0827
-28.9416
-28.7983
-28.6588
-28.5384
-28.4539
-28.4141
-28.4136
-28.4352
-28.4562
-28.4559
-28.4221
-28.3551
-28.2681
-28.1827
-28.1226
-28.1068
-28.1435
-28.2283
-28.3503
-28.5009
-28.6802
-28.8971
-29.1626
-29.4811
-29.8444
-30.2343
-30.6291
-31.0116
-31.3752
-31.7272
-32.0857
-32.4709
-32.894
-33.3499
-33.8206
-34.2836
-34.7207
-35.1255
-35.5074
-35.8882
-36.2919
-36.7319
-37.2033
-37.6861
-38.1552
-38.5903
-38.9845
-39.3493
-39.7108
-40.0995
-40.5361
-41.024
-41.5529
-42.1069
-42.67
-45.4935
-45.0227
-44.658
-44.4243
-44.3197
-44.2944
-44.2689
-44.1572
-43.8876
-43.419
-42.7557
-41.9452
-41.0598
-40.1771
-39.3585
-38.6272
-37.9538
-37.2829
-36.5654
-35.7833
-34.9547
-34.1206
-33.3308
-32.627
-32.0253
-31.5054
-31.031
-30.574
-30.1329
-29.7321
-29.4052
-29.172
-29.0209
-28.9188
-28.827
-28.7141
-28.5675
-28.4007
-28.2501
-28.1565
-28.1436
-28.201
-28.2936
-28.3776
-28.4127
-28.3744
-28.2631
-28.1042
-27.9381
-27.8092
-27.7534
-27.784
-27.8833
-28.0196
-28.1692
-28.3323
-28.533
-28.803
-29.1594
-29.5878
-30.0514
-30.5074
-30.9212
-31.2786
-31.5957
-31.9146
-32.2833
-32.7299
-33.2424
-33.782
-34.301
-34.761
-35.1468
-35.4775
-35.8023
-36.1768
-36.6339
-37.1607
-37.7133
-38.2378
-38.6903
-39.0533
-39.3481
-39.6305
-39.9657
-40.397
-40.923
-41.5155
-42.1439
-42.7866
-45.3572
-44.7714
-44.3547
-44.168
-44.2448
-44.489
-44.7514
-44.8796
-44.7463
-44.2709
-43.4632
-42.4216
-41.2801
-40.1832
-39.2527
-38.5411
-37.9599
-37.3718
-36.6627
-35.797
-34.8194
-33.8123
-32.8742
-32.0919
-31.5038
-31.0456
-30.6214
-30.1601
-29.6591
-29.1835
-28.8208
-28.6298
-28.5787
-28.5953
-28.6018
-28.5357
-28.366
-28.1198
-27.88
-27.7433
-27.7725
-27.9378
-28.1651
-28.3695
-28.4757
-28.4324
-28.2401
-27.951
-27.6401
-27.3908
-27.2758
-27.326
-27.4853
-27.67
-27.8184
-27.9307
-28.0695
-28.319
-28.7345
-29.2804
-29.8796
-30.4466
-30.912
-31.2401
-31.4617
-31.6719
-31.9837
-32.4707
-33.0962
-33.7729
-34.4034
-34.9083
-35.2472
-35.456
-35.6445
-35.9427
-36.4353
-37.081
-37.7806
-38.4236
-38.9191
-39.2199
-39.3643
-39.4737
-39.6932
-40.1215
-40.7256
-41.4263
-42.16
-42.9085
-45.0605
-44.2762
-43.7202
-43.532
-43.929
-44.6572
-45.4273
-45.9785
-46.0978
-45.6012
-44.5076
-43.042
-41.4363
-39.9497
-38.8319
-38.2672
-37.9763
-37.6353
-36.9855
-35.972
-34.7267
-33.4052
-32.1937
-31.2774
-30.7954
-30.5373
-30.2654
-29.8036
-29.1491
-28.4729
-27.9897
-27.8863
-28.0393
-28.2869
-28.4816
-28.5069
-28.2751
-27.8301
-27.362
-27.0917
-27.206
-27.5857
-28.0699
-28.5035
-28.7547
-28.7054
-28.3569
-27.8296
-27.254
-26.7796
-26.5607
-26.7115
-27.0508
-27.3733
-27.5199
-27.4914
-27.447
-27.5963
-28.122
-28.8968
-29.7541
-30.5324
-31.1009
-31.3554
-31.3442
-31.2831
-31.4319
-32.012
-32.8763
-33.8303
-34.6867
-35.2946
-35.5348
-35.4634
-35.3288
-35.4286
-36.0159
-36.9234
-37.9294
-38.8215
-39.4278
-39.6115
-39.4306
-39.158
-39.1197
-39.5925
-40.3887
-41.289
-42.1547
-43.0136
-44.4689
-43.4522
-42.5554
-42.053
-43.1358
-44.7652
-46.418
-47.6997
-48.3361
-47.7914
-46.0876
-43.8642
-41.4214
-39.1852
-37.6147
-37.5994
-38.0648
-38.3438
-37.8325
-36.4813
-34.7439
-32.8399
-31.0885
-29.838
-29.7651
-30.0493
-30.1835
-29.725
-28.671
-27.4848
-26.6121
-26.7742
-27.3645
-28.0553
-28.6058
-28.849
-28.492
-27.5746
-26.5598
-25.8868
-26.2583
-27.084
-28.0481
-28.9007
-29.467
-29.41
-28.7317
-27.7789
-26.7226
-25.8015
-25.3137
-25.8262
-26.6414
-27.33
-27.4743
-27.0755
-26.5461
-26.3321
-27.1513
-28.3948
-29.743
-30.9205
-31.7423
-31.8535
-31.2989
-30.5921
-30.2594
-31.1443
-32.5274
-34.0284
-35.3277
-36.2102
-36.2712
-35.5618
-34.6754
-34.2123
-35.1353
-36.6236
-38.2418
-39.6305
-40.5449
-40.5275
-39.6286
-38.5042
-37.8098
-38.5972
-39.9013
-41.2013
-42.1584
-42.9844
-43.0663
-42.4556
-40.823
-38.2917
-41.5557
-44.8395
-47.9433
-50.3502
-52.2751
-51.6509
-48.4161
-45.0025
-41.1091
-37.4621
-34.1583
-36.2397
-38.422
-40.1906
-39.8892
-37.5469
-35.0013
-32.0552
-29.2623
-26.7029
-28.2206
-29.7779
-30.9553
-30.5042
-28.3838
-26.0453
-23.7448
-25.0459
-26.5453
-28.0262
-29.1731
-30.0556
-29.5167
-27.4594
-25.2658
-23.1781
-24.6569
-26.3833
-28.1876
-29.7108
-31.0774
-31.01
-29.5024
-27.8776
-25.9969
-24.1996
-22.6266
-24.5051
-26.4148
-28.0712
-28.2109
-26.8477
-25.1915
-23.5801
-25.5699
-27.7424
-29.9777
-31.8212
-33.4071
-33.3105
-31.4729
-29.3625
-27.3336
-29.5592
-32.0087
-34.5168
-36.569
-38.3087
-38.1167
-35.915
-33.4125
-30.9997
-33.4403
-36.1365
-38.8845
-41.1223
-43.0032
-42.7125
-40.1508
-37.2311
-34.3657
-36.8575
-39.4191
-41.6068
-42.3502
-42.2156
-37.997
-42.9309
-40.3841
-26.1851
-39.9467
-45.1731
-50.472
-53.6949
-59.8849
-59.2698
-51.002
-46.8318
-40.442
-35.2452
-22.9472
-34.7349
-39.375
-45.0186
-44.885
-38.9054
-35.836
-31.0501
-27.1002
-17.6972
-26.6197
-30.0538
-34.0726
-33.6878
-28.4112
-24.5515
-15.6915
-23.0328
-25.7532
-28.4786
-30.1218
-33.3097
-32.7284
-27.5414
-23.8199
-15.3343
-22.6996
-25.5712
-28.7325
-30.747
-34.7536
-34.6845
-30.4426
-28.3454
-25.1519
-22.2751
-14.97
-23.1398
-26.5535
-30.9969
-31.1121
-27.0425
-23.773
-15.6426
-23.726
-27
-30.7769
-33.0933
-37.495
-37.2746
-32.0403
-28.0156
-18.2814
-27.6518
-31.4056
-35.6618
-38.2602
-43.189
-42.8561
-36.7013
-32.0201
-20.7979
-31.3772
-35.5744
-40.2617
-43.1275
-48.5883
-48.1671
-41.1882
-35.8791
-23.2068
-35.0167
-39.4751
-44.0913
-43.805
-37.5037
-42.5692
-42.997
-43.4023
-43.7817
-44.1326
-44.4528
-44.741
-44.9964
-45.2188
-45.4082
-45.5649
-45.6896
-45.7825
-45.8442
-45.8749
-42.5877
-43.0191
-43.4277
-43.8097
-44.1626
-44.4842
-44.7732
-45.0289
-45.2512
-45.4402
-45.5965
-45.7207
-45.8131
-45.8745
-45.9051
-42.6247
-43.0637
-43.4788
-43.8664
-44.2233
-44.5476
-44.8381
-45.0942
-45.3162
-45.5044
-45.6597
-45.7828
-45.8743
-45.935
-45.9652
-42.6806
-43.1314
-43.557
-43.953
-44.3161
-44.6443
-44.9367
-45.1931
-45.4143
-45.601
-45.7545
-45.8757
-45.9657
-46.0253
-46.0549
-42.7558
-43.2238
-43.6643
-44.0719
-44.4432
-44.7762
-45.0705
-45.3267
-45.5461
-45.7303
-45.8809
-45.9994
-46.087
-46.1449
-46.1737
-42.8513
-43.3431
-43.8037
-44.2267
-44.608
-44.9462
-45.2419
-45.4966
-45.7126
-45.8926
-46.0387
-46.1532
-46.2375
-46.293
-46.3206
-42.9685
-43.4929
-43.9803
-44.4224
-44.8152
-45.1582
-45.4535
-45.7043
-45.9146
-46.088
-46.2277
-46.3364
-46.4161
-46.4685
-46.4944
-43.11
-43.6791
-44.2016
-44.667
-45.0717
-45.4173
-45.7088
-45.952
-46.1529
-46.3164
-46.447
-46.5479
-46.6215
-46.6697
-46.6936
-43.2805
-43.9113
-44.4796
-44.972
-45.3867
-45.7301
-46.0118
-46.2415
-46.4277
-46.5772
-46.6953
-46.7859
-46.8518
-46.8947
-46.9159
-43.4876
-44.2055
-44.8332
-45.3541
-45.7727
-46.1043
-46.3663
-46.5738
-46.7385
-46.8687
-46.9705
-47.0481
-47.1042
-47.1407
-47.1587
-43.7435
-44.5896
-45.2931
-45.8379
-46.2455
-46.548
-46.7752
-46.9487
-47.083
-47.1878
-47.2692
-47.3309
-47.3756
-47.4046
-47.4189
-44.0643
-45.1157
-45.9111
-46.4579
-46.8224
-47.0671
-47.2378
-47.3623
-47.4567
-47.5298
-47.5867
-47.6301
-47.6618
-47.6825
-47.6928
-44.474
-45.8967
-46.7769
-47.2586
-47.5167
-47.6597
-47.7464
-47.806
-47.8511
-47.8873
-47.9169
-47.9404
-47.9582
-47.9702
-47.9762
-45.068
-47.2198
-48.0422
-48.2833
-48.3242
-48.3073
-48.2823
-48.2638
-48.254
-48.251
-48.2523
-48.2558
-48.2598
-48.263
-48.2648
-46.634
-49.8704
-49.888
-49.5085
-49.1874
-48.9622
-48.8115
-48.713
-48.6497
-48.6096
-48.5848
-48.5699
-48.5612
-48.5566
-48.5546
-51.4452
-51.4516
-51.4649
-51.4866
-51.5191
-51.5662
-51.6339
-51.7316
-51.8752
-52.0929
-52.4403
-53.0445
-54.2598
-57.3162
-67.4314
-51.6795
-51.6888
-51.7081
-51.7392
-51.7849
-51.8501
-51.9419
-52.0719
-52.2594
-52.5382
-52.9716
-53.6897
-54.979
-57.4823
-62.3748
-51.9071
-51.9188
-51.9429
-51.9813
-52.0372
-52.1153
-52.2232
-52.3722
-52.5802
-52.8759
-53.305
-53.9379
-54.855
-55.9891
-56.2651
-52.1265
-52.1398
-52.1674
-52.2111
-52.2737
-52.3597
-52.4758
-52.6314
-52.8401
-53.1206
-53.4964
-53.9883
-54.5802
-55.0916
-54.8033
-52.3362
-52.3508
-52.3807
-52.4274
-52.4937
-52.5831
-52.7008
-52.8537
-53.0501
-53.299
-53.6066
-53.969
-54.361
-54.7493
-55.3739
-52.5356
-52.5508
-52.5818
-52.63
-52.6973
-52.7866
-52.9014
-53.0458
-53.2236
-53.4362
-53.6781
-53.9292
-54.1443
-54.2425
-54.152
-52.7242
-52.7396
-52.7709
-52.819
-52.8855
-52.9722
-53.0813
-53.2147
-53.3729
-53.5527
-53.7424
-53.9144
-54.0089
-53.8662
-52.8705
-52.9018
-52.9171
-52.9479
-52.9949
-53.0593
-53.142
-53.2443
-53.3665
-53.5073
-53.6619
-53.818
-53.9533
-54.038
-54.082
-54.5761
-53.0686
-53.0834
-53.1133
-53.1586
-53.22
-53.2982
-53.3934
-53.5053
-53.6323
-53.7695
-53.9072
-54.0274
-54.0955
-53.9848
-52.9533
-53.2248
-53.239
-53.2676
-53.3108
-53.3689
-53.4422
-53.5307
-53.6338
-53.7501
-53.8764
-54.0074
-54.1375
-54.277
-54.5266
-55.6196
-53.3708
-53.3843
-53.4114
-53.4523
-53.5069
-53.5755
-53.6577
-53.7532
-53.8611
-53.9798
-54.107
-54.2412
-54.3821
-54.482
-54.047
-53.507
-53.5198
-53.5454
-53.5838
-53.635
-53.699
-53.7755
-53.8642
-53.9647
-54.0768
-54.2006
-54.3402
-54.5157
-54.8085
-55.7084
-53.6341
-53.6461
-53.6701
-53.7061
-53.754
-53.8135
-53.8846
-53.9669
-54.0604
-54.1653
-54.2821
-54.414
-54.5679
-54.7127
-54.4667
-53.7524
-53.7637
-53.7862
-53.8199
-53.8645
-53.9199
-53.9858
-54.062
-54.1484
-54.2449
-54.3519
-54.4727
-54.6262
-54.8878
-55.6592
-53.8626
-53.8732
-53.8942
-53.9256
-53.9672
-54.0186
-54.0797
-54.1501
-54.2294
-54.3169
-54.4108
-54.5085
-54.6094
-54.7084
-54.7909
-53.9651
-53.975
-53.9946
-54.0239
-54.0626
-54.1104
-54.167
-54.2321
-54.3048
-54.384
-54.4658
-54.5421
-54.5939
-54.5397
-53.9844
-54.0604
-54.0696
-54.088
-54.1153
-54.1514
-54.1959
-54.2484
-54.3087
-54.376
-54.4487
-54.5233
-54.5928
-54.6519
-54.7184
-55.0946
-54.1489
-54.1575
-54.1747
-54.2002
-54.2339
-54.2754
-54.3244
-54.3806
-54.4434
-54.5118
-54.5827
-54.6507
-54.7047
-54.6814
-54.173
-54.231
-54.2391
-54.2552
-54.2791
-54.3106
-54.3494
-54.3953
-54.4479
-54.5071
-54.5725
-54.6428
-54.7184
-54.8111
-54.9806
-55.6191
-54.3072
-54.3148
-54.3299
-54.3523
-54.3819
-54.4183
-54.4613
-54.5108
-54.5668
-54.6292
-54.6979
-54.7741
-54.8642
-54.9533
-54.7976
-54.3776
-54.3848
-54.399
-54.4201
-54.448
-54.4822
-54.5227
-54.5693
-54.622
-54.681
-54.7462
-54.82
-54.9182
-55.0952
-55.6222
-54.4427
-54.4495
-54.4629
-54.4829
-54.5092
-54.5415
-54.5797
-54.6236
-54.6731
-54.728
-54.7869
-54.849
-54.9174
-54.9933
-55.0687
-54.5026
-54.5091
-54.5219
-54.5408
-54.5658
-54.5965
-54.6327
-54.6742
-54.7207
-54.7715
-54.824
-54.8735
-54.9113
-54.891
-54.5729
-54.5577
-54.5638
-54.5761
-54.5942
-54.618
-54.6473
-54.6818
-54.7213
-54.7655
-54.8132
-54.8616
-54.9061
-54.9456
-54.9947
-55.2409
-54.608
-54.614
-54.6257
-54.6431
-54.666
-54.6941
-54.7274
-54.7654
-54.8079
-54.8539
-54.9003
-54.9421
-54.9731
-54.9608
-54.706
-54.6539
-54.6596
-54.6709
-54.6877
-54.7099
-54.7372
-54.7694
-54.8065
-54.8481
-54.8936
-54.9406
-54.9857
-55.0307
-55.0946
-55.3597
-54.6953
-54.7008
-54.7118
-54.7282
-54.7498
-54.7764
-54.8079
-54.8444
-54.8858
-54.9317
-54.9805
-55.0291
-55.0753
-55.0877
-54.8431
-54.7323
-54.7378
-54.7485
-54.7646
-54.7857
-54.8118
-54.8429
-54.8791
-54.9205
-54.9673
-55.0186
-55.0743
-55.1434
-55.2586
-55.6277
-54.7652
-54.7705
-54.7811
-54.7969
-54.8177
-54.8435
-54.8743
-54.9103
-54.9518
-54.9991
-55.0519
-55.1102
-55.1793
-55.2523
-55.2093
-54.7939
-54.7992
-54.8096
-54.8252
-54.8458
-54.8713
-54.9019
-54.9377
-54.9791
-55.0265
-55.0795
-55.1385
-55.2125
-55.3258
-55.5995
-54.8185
-54.8237
-54.834
-54.8495
-54.8699
-54.8953
-54.9257
-54.9613
-55.0025
-55.0494
-55.1011
-55.1563
-55.2183
-55.2871
-55.3533
-54.8389
-54.8441
-54.8544
-54.8698
-54.8901
-54.9154
-54.9457
-54.9812
-55.0221
-55.0683
-55.1184
-55.1694
-55.2195
-55.2492
-55.1592
-54.8553
-54.8605
-54.8708
-54.8861
-54.9065
-54.9317
-54.962
-54.9974
-55.0381
-55.084
-55.1332
-55.183
-55.2349
-55.2937
-55.423
-54.8676
-54.8728
-54.8831
-54.8985
-54.9188
-54.9442
-54.9745
-55.01
-55.0507
-55.0966
-55.1457
-55.1951
-55.2454
-55.2882
-55.2688
-54.8758
-54.881
-54.8914
-54.9068
-54.9273
-54.9528
-54.9833
-55.019
-55.0601
-55.1063
-55.156
-55.2066
-55.2612
-55.325
-55.4379
-54.8798
-54.8851
-54.8955
-54.9111
-54.9318
-54.9575
-54.9883
-55.0245
-55.0661
-55.113
-55.1635
-55.2153
-55.2705
-55.3269
-55.3616
-54.8797
-54.885
-54.8956
-54.9113
-54.9322
-54.9583
-54.9896
-55.0262
-55.0686
-55.1164
-55.1682
-55.2215
-55.2792
-55.3427
-55.4201
-54.8753
-54.8807
-54.8914
-54.9074
-54.9286
-54.9551
-54.9868
-55.0242
-55.0674
-55.1165
-55.1697
-55.2246
-55.2837
-55.3481
-55.4349
-54.8667
-54.8722
-54.8831
-54.8993
-54.9208
-54.9477
-54.9801
-55.0182
-55.0625
-55.1129
-55.168
-55.2249
-55.2844
-55.3368
-55.3367
-54.8538
-54.8593
-54.8704
-54.8869
-54.9088
-54.9362
-54.9692
-55.0081
-55.0535
-55.1055
-55.1628
-55.2234
-55.2901
-55.3611
-55.4254
-54.8365
-54.8421
-54.8533
-54.8701
-54.8924
-54.9203
-54.9539
-54.9937
-55.0402
-55.0936
-55.1531
-55.2176
-55.2928
-55.3891
-55.5656
-54.8147
-54.8204
-54.8319
-54.8489
-54.8716
-54.9
-54.9343
-54.9748
-55.0222
-55.0768
-55.1379
-55.2044
-55.2808
-55.3603
-55.3651
-54.7884
-54.7942
-54.8058
-54.8232
-54.8463
-54.8752
-54.9101
-54.9513
-54.9994
-55.0547
-55.1166
-55.1845
-55.2666
-55.3824
-55.6453
-54.7575
-54.7634
-54.7752
-54.7929
-54.8165
-54.8459
-54.8814
-54.9232
-54.9718
-55.0274
-55.0888
-55.1547
-55.229
-55.3013
-55.2445
-54.7218
-54.7279
-54.74
-54.758
-54.782
-54.812
-54.848
-54.8905
-54.9396
-54.9952
-55.0557
-55.119
-55.1928
-55.3089
-55.6822
-54.6815
-54.6876
-54.6999
-54.7183
-54.7428
-54.7733
-54.8101
-54.8533
-54.9031
-54.959
-55.0183
-55.076
-55.1274
-55.1367
-54.8741
-54.6362
-54.6425
-54.655
-54.6738
-54.6987
-54.7299
-54.7675
-54.8117
-54.8626
-54.9197
-54.9798
-55.0373
-55.0911
-55.1522
-55.4031
-54.586
-54.5924
-54.6052
-54.6243
-54.6498
-54.6817
-54.7202
-54.7656
-54.8182
-54.8775
-54.9407
-55.0013
-55.0498
-55.0349
-54.709
-54.5308
-54.5373
-54.5503
-54.5698
-54.5958
-54.6284
-54.6679
-54.7146
-54.7692
-54.8318
-54.901
-54.9738
-55.0524
-55.1326
-55.2008
-54.4705
-54.4771
-54.4903
-54.5102
-54.5366
-54.5699
-54.6103
-54.6583
-54.7149
-54.7809
-54.8563
-54.9424
-55.0537
-55.2376
-55.7473
-54.4049
-54.4117
-54.4251
-54.4453
-54.4722
-54.506
-54.5472
-54.5963
-54.6544
-54.7227
-54.8019
-54.8934
-55.0047
-55.1153
-54.9725
-54.3341
-54.3409
-54.3546
-54.375
-54.4023
-54.4367
-54.4784
-54.5282
-54.587
-54.6562
-54.7364
-54.8307
-54.9563
-55.1679
-55.7889
-54.258
-54.2649
-54.2787
-54.2993
-54.327
-54.3617
-54.4038
-54.4539
-54.5128
-54.5812
-54.6589
-54.7461
-54.8481
-54.9351
-54.6712
-54.1764
-54.1834
-54.1973
-54.2182
-54.2461
-54.2811
-54.3235
-54.3737
-54.4322
-54.4989
-54.5723
-54.6513
-54.7505
-54.9449
-55.7509
-54.0894
-54.0964
-54.1105
-54.1315
-54.1596
-54.1949
-54.2376
-54.288
-54.3461
-54.4111
-54.4793
-54.5425
-54.5866
-54.5289
-53.8387
-53.9969
-54.004
-54.0181
-54.0393
-54.0676
-54.1032
-54.1462
-54.197
-54.2554
-54.3205
-54.3873
-54.4469
-54.4934
-54.5511
-55.0143
-53.8989
-53.906
-53.9202
-53.9415
-53.9699
-54.0058
-54.0492
-54.1008
-54.1605
-54.2277
-54.2979
-54.3605
-54.3925
-54.2904
-53.5477
-53.7954
-53.8025
-53.8167
-53.838
-53.8665
-53.9026
-53.9465
-53.999
-54.0607
-54.1321
-54.2113
-54.2952
-54.3847
-54.4736
-54.5449
-53.6863
-53.6934
-53.7075
-53.7288
-53.7573
-53.7934
-53.8377
-53.8909
-53.9545
-54.0301
-54.1191
-54.2261
-54.3774
-54.6676
-55.5996
-53.5717
-53.5787
-53.5927
-53.6138
-53.6422
-53.6782
-53.7224
-53.7758
-53.8402
-53.918
-54.0117
-54.1263
-54.2735
-54.415
-54.0756
-53.4515
-53.4585
-53.4723
-53.4932
-53.5212
-53.5568
-53.6004
-53.6533
-53.717
-53.794
-53.8872
-54.004
-54.1736
-54.495
-55.5577
-53.326
-53.3328
-53.3464
-53.3669
-53.3944
-53.4293
-53.4719
-53.5234
-53.5848
-53.6579
-53.7438
-53.845
-53.9683
-54.0592
-53.5196
-53.1951
-53.2017
-53.215
-53.2351
-53.2619
-53.2958
-53.3372
-53.3866
-53.4448
-53.5121
-53.5873
-53.6707
-53.7854
-54.0601
-55.381
-53.0589
-53.0654
-53.0783
-53.0978
-53.1238
-53.1567
-53.1966
-53.244
-53.2988
-53.3599
-53.4224
-53.4747
-53.4915
-53.3332
-52.1023
-52.9176
-52.9239
-52.9364
-52.9552
-52.9804
-53.0122
-53.0507
-53.0963
-53.1487
-53.2061
-53.262
-53.3033
-53.3192
-53.3499
-54.0423
-52.7713
-52.7773
-52.7894
-52.8076
-52.8319
-52.8625
-52.8998
-52.944
-52.9954
-53.0524
-53.109
-53.1497
-53.1367
-52.906
-51.6515
-52.6201
-52.6259
-52.6375
-52.6549
-52.6783
-52.7077
-52.7438
-52.787
-52.8384
-52.8982
-52.9645
-53.0335
-53.1052
-53.1719
-53.2174
-52.4643
-52.4699
-52.4809
-52.4975
-52.5198
-52.5479
-52.5825
-52.6246
-52.6759
-52.7385
-52.8155
-52.9154
-53.0774
-53.4512
-54.8232
-52.3041
-52.3093
-52.3198
-52.3355
-52.3565
-52.3831
-52.4159
-52.456
-52.5057
-52.5681
-52.648
-52.7541
-52.9025
-53.036
-52.4386
-52.1395
-52.1444
-52.1543
-52.1691
-52.1888
-52.2135
-52.2439
-52.281
-52.3268
-52.3847
-52.4597
-52.5636
-52.7378
-53.1274
-54.5986
-51.9708
-51.9755
-51.9848
-51.9986
-52.0168
-52.0396
-52.0671
-52.1001
-52.1399
-52.1887
-52.2486
-52.3243
-52.4236
-52.4663
-51.5898
-51.7983
-51.8027
-51.8114
-51.8243
-51.8412
-51.8618
-51.8863
-51.9146
-51.9472
-51.984
-52.0239
-52.0685
-52.1487
-52.4424
-54.1792
-51.622
-51.6262
-51.6345
-51.6466
-51.6622
-51.681
-51.7025
-51.7264
-51.7517
-51.7762
-51.7933
-51.7882
-51.7256
-51.4151
-49.6306
-51.4422
-51.4462
-51.4542
-51.4657
-51.4804
-51.4977
-51.517
-51.5373
-51.5572
-51.5729
-51.5754
-51.5478
-51.4748
-51.4101
-52.2033
-51.2589
-51.2629
-51.2707
-51.282
-51.2961
-51.3126
-51.3305
-51.3488
-51.3658
-51.3778
-51.3757
-51.3389
-51.2182
-50.8081
-49.0908
-51.0722
-51.0762
-51.0841
-51.0955
-51.1097
-51.126
-51.1436
-51.1614
-51.1782
-51.1917
-51.1974
-51.1884
-51.1625
-51.1126
-51.0382
-50.882
-50.8862
-50.8945
-50.9063
-50.9211
-50.9381
-50.9563
-50.9749
-50.993
-51.0103
-51.0267
-51.0495
-51.1236
-51.433
-52.9421
-50.6883
-50.6928
-50.7017
-50.7144
-50.7304
-50.7488
-50.7686
-50.7888
-50.8089
-50.8285
-50.8488
-50.8752
-50.9213
-50.9191
-50.0429
-50.4908
-50.4958
-50.5055
-50.5196
-50.5374
-50.558
-50.5803
-50.6032
-50.6252
-50.6455
-50.664
-50.6872
-50.7525
-51.0108
-52.4026
-50.2892
-50.2947
-50.3056
-50.3215
-50.3417
-50.3655
-50.3916
-50.4182
-50.443
-50.463
-50.4734
-50.4701
-50.4496
-50.3143
-49.1594
-50.0831
-50.0893
-50.1016
-50.1196
-50.143
-50.171
-50.2023
-50.2347
-50.2646
-50.2862
-50.2897
-50.2649
-50.2264
-50.3245
-51.6999
-49.8722
-49.8791
-49.8928
-49.9134
-49.9405
-49.9738
-50.012
-50.053
-50.0922
-50.1211
-50.123
-50.0692
-49.9084
-49.4467
-47.5723
-49.6558
-49.6634
-49.6787
-49.7019
-49.7332
-49.7726
-49.8197
-49.8727
-49.9273
-49.9739
-49.9923
-49.9479
-49.7995
-49.5485
-49.7822
-49.4335
-49.4417
-49.4584
-49.4841
-49.5196
-49.5657
-49.6231
-49.6915
-49.7684
-49.8455
-49.9025
-49.8988
-49.7618
-49.3126
-47.8968
-49.2049
-49.2135
-49.2312
-49.2589
-49.298
-49.3504
-49.4186
-49.5046
-49.6095
-49.7301
-49.8523
-49.9425
-49.941
-49.7468
-49.3017
-48.9697
-48.9784
-48.9964
-49.0251
-49.0665
-49.1239
-49.2014
-49.3047
-49.4401
-49.6129
-49.8217
-50.0497
-50.2541
-50.3541
-50.4052
-48.7279
-48.7362
-48.7536
-48.7818
-48.8234
-48.8828
-48.9663
-49.0827
-49.245
-49.4697
-49.7753
-50.1733
-50.6397
-50.9941
-50.7018
-48.4797
-48.4871
-48.5027
-48.5284
-48.5674
-48.6247
-48.7079
-48.8291
-49.0067
-49.2696
-49.662
-50.2496
-51.1032
-52.0822
-51.6533
-48.2259
-48.2317
-48.2442
-48.2652
-48.2981
-48.348
-48.4231
-48.5365
-48.7095
-48.9787
-49.4107
-50.1411
-51.4796
-54.1468
-59.7669
-47.9674
-47.971
-47.979
-47.9932
-48.0164
-48.0534
-48.1115
-48.2025
-48.3456
-48.574
-48.9497
-49.6105
-50.9335
-54.1595
-64.3386
-65.5863
-55.2495
-51.9441
-50.5778
-49.8888
-49.4929
-49.2486
-49.0925
-48.9908
-48.9239
-48.8799
-48.8513
-48.8332
-48.8225
-48.8176
-61.3296
-55.2555
-52.467
-51.0796
-50.3207
-49.8693
-49.585
-49.3998
-49.2765
-49.1933
-49.1371
-49.0993
-49.0746
-49.0598
-49.0528
-52.2447
-52.9787
-52.0172
-51.1449
-50.5372
-50.1287
-49.8526
-49.6641
-49.5341
-49.4437
-49.3808
-49.3375
-49.3087
-49.291
-49.2826
-51.7105
-51.878
-51.506
-51.0262
-50.6134
-50.2951
-50.0595
-49.8881
-49.7641
-49.6746
-49.6104
-49.5651
-49.5343
-49.5152
-49.5061
-51.0671
-51.1508
-51.0702
-50.8606
-50.6219
-50.4033
-50.2219
-50.0792
-49.9699
-49.8875
-49.8264
-49.782
-49.7513
-49.7319
-49.7226
-50.0423
-50.5365
-50.7245
-50.7149
-50.6145
-50.4845
-50.3575
-50.2472
-50.1569
-50.0853
-50.0301
-49.9889
-49.9597
-49.9411
-49.932
-49.0122
-50.1337
-50.5164
-50.6321
-50.6254
-50.5628
-50.4817
-50.4016
-50.3306
-50.2712
-50.2235
-50.1868
-50.1603
-50.143
-50.1345
-50.3067
-50.2429
-50.4941
-50.6339
-50.6732
-50.6529
-50.6053
-50.5499
-50.4962
-50.4486
-50.4087
-50.3771
-50.3537
-50.3382
-50.3306
-48.5569
-50.1321
-50.5496
-50.7053
-50.7601
-50.761
-50.7345
-50.6971
-50.6574
-50.6202
-50.5877
-50.5611
-50.5409
-50.5274
-50.5207
-51.8813
-50.8241
-50.7873
-50.8464
-50.8823
-50.8871
-50.8715
-50.846
-50.8168
-50.7881
-50.762
-50.74
-50.7229
-50.7114
-50.7055
-49.7869
-50.8063
-50.9587
-51.0034
-51.024
-51.0264
-51.0156
-50.9975
-50.9759
-50.9536
-50.9328
-50.9148
-50.9005
-50.8907
-50.8857
-52.5224
-51.3892
-51.2054
-51.1769
-51.1762
-51.1738
-51.165
-51.1515
-51.1352
-51.1178
-51.1011
-51.0863
-51.0743
-51.066
-51.0617
-50.5224
-51.3115
-51.3447
-51.3308
-51.3275
-51.3246
-51.3179
-51.3076
-51.295
-51.2812
-51.2675
-51.2551
-51.245
-51.2379
-51.2342
-53.036
-51.7576
-51.5171
-51.477
-51.4763
-51.4771
-51.4733
-51.4656
-51.4555
-51.444
-51.4324
-51.4218
-51.413
-51.4067
-51.4035
-51.3912
-51.4817
-51.5506
-51.5956
-51.6218
-51.6318
-51.6314
-51.6256
-51.6167
-51.6065
-51.5961
-51.5865
-51.5785
-51.5729
-51.5699
-49.6914
-51.2195
-51.601
-51.7271
-51.7764
-51.7926
-51.7935
-51.7877
-51.7788
-51.7687
-51.7586
-51.7494
-51.7418
-51.7364
-51.7336
-52.4297
-51.7523
-51.8291
-51.9118
-51.9517
-51.9632
-51.9605
-51.9521
-51.9416
-51.9305
-51.9199
-51.9106
-51.9029
-51.8976
-51.8948
-50.1548
-51.7601
-52.0536
-52.1257
-52.1447
-52.1425
-52.1316
-52.1181
-52.1045
-52.0915
-52.0798
-52.0698
-52.0618
-52.0563
-52.0535
-54.2076
-52.6777
-52.4323
-52.3763
-52.3501
-52.3268
-52.3046
-52.2845
-52.2668
-52.2513
-52.238
-52.2269
-52.2184
-52.2125
-52.2095
-51.896
-52.7019
-52.6799
-52.6059
-52.5512
-52.5095
-52.4762
-52.4493
-52.4273
-52.4091
-52.3939
-52.3817
-52.3723
-52.366
-52.3628
-54.6085
-53.2997
-52.9641
-52.8218
-52.741
-52.6854
-52.6435
-52.611
-52.5852
-52.5642
-52.5473
-52.5337
-52.5236
-52.5167
-52.5133
-52.6619
-53.2204
-53.1145
-52.9946
-52.9113
-52.8507
-52.8043
-52.7682
-52.7394
-52.7163
-52.6976
-52.6828
-52.6718
-52.6644
-52.6607
-54.837
-53.6011
-53.2751
-53.1418
-53.0635
-53.0051
-52.9582
-52.9204
-52.8897
-52.8647
-52.8446
-52.8287
-52.8168
-52.8089
-52.805
-53.3766
-53.3487
-53.3021
-53.2505
-53.1998
-53.1506
-53.106
-53.0677
-53.0358
-53.0094
-52.988
-52.9711
-52.9585
-52.9501
-52.9459
-51.9434
-53.1081
-53.3331
-53.3583
-53.3328
-53.2919
-53.2494
-53.2109
-53.1778
-53.1502
-53.1276
-53.1098
-53.0965
-53.0876
-53.0832
-54.1433
-53.5188
-53.5032
-53.501
-53.4742
-53.4334
-53.3902
-53.3504
-53.316
-53.2871
-53.2634
-53.2447
-53.2308
-53.2215
-53.2169
-52.3506
-53.5055
-53.6643
-53.6606
-53.6231
-53.5758
-53.5286
-53.4864
-53.4502
-53.4199
-53.3951
-53.3756
-53.3611
-53.3515
-53.3467
-55.3987
-54.1826
-53.9387
-53.8435
-53.7765
-53.717
-53.6639
-53.6183
-53.58
-53.5484
-53.5227
-53.5024
-53.4874
-53.4774
-53.4725
-53.6641
-54.1833
-54.1102
-54.0066
-53.9226
-53.8527
-53.794
-53.7453
-53.7052
-53.6723
-53.6458
-53.6249
-53.6095
-53.5993
-53.5942
-55.5808
-54.594
-54.3034
-54.1556
-54.0566
-53.9798
-53.9173
-53.8665
-53.8251
-53.7914
-53.7643
-53.7431
-53.7274
-53.717
-53.7118
-54.1863
-54.52
-54.3979
-54.2705
-54.1732
-54.0958
-54.0327
-53.9813
-53.9395
-53.9055
-53.8781
-53.8567
-53.8409
-53.8304
-53.8252
-55.6381
-54.7615
-54.4963
-54.3643
-54.2739
-54.2009
-54.1401
-54.0897
-54.0483
-54.0145
-53.9872
-53.9658
-53.95
-53.9395
-53.9343
-54.636
-54.577
-54.5026
-54.4288
-54.3603
-54.2967
-54.2402
-54.192
-54.1518
-54.1186
-54.0916
-54.0705
-54.0548
-54.0443
-54.0392
-53.6825
-54.4021
-54.5089
-54.4893
-54.4412
-54.3867
-54.3347
-54.2889
-54.2501
-54.2178
-54.1915
-54.1707
-54.1552
-54.1449
-54.1398
-55.092
-54.6516
-54.6034
-54.5694
-54.5245
-54.4739
-54.4249
-54.3812
-54.3438
-54.3125
-54.2868
-54.2665
-54.2514
-54.2413
-54.2363
-53.9599
-54.6273
-54.6885
-54.6568
-54.6096
-54.5592
-54.5115
-54.4693
-54.4332
-54.4028
-54.3779
-54.3582
-54.3434
-54.3335
-54.3286
-55.8066
-55.0229
-54.8383
-54.7548
-54.6947
-54.6417
-54.5943
-54.5533
-54.5183
-54.489
-54.4649
-54.4457
-54.4313
-54.4217
-54.4169
-54.7701
-55.0014
-54.9183
-54.8361
-54.7729
-54.7194
-54.6729
-54.6331
-54.5994
-54.5711
-54.5478
-54.5292
-54.5153
-54.506
-54.5013
-55.8597
-55.1971
-54.9979
-54.9041
-54.8423
-54.7913
-54.747
-54.7089
-54.6766
-54.6494
-54.6269
-54.6089
-54.5954
-54.5864
-54.5818
-55.1375
-55.0699
-55.0046
-54.9496
-54.9021
-54.8575
-54.8168
-54.7809
-54.7501
-54.724
-54.7023
-54.6849
-54.6718
-54.663
-54.6586
-54.4695
-54.9401
-55.0045
-54.9898
-54.9578
-54.9203
-54.8832
-54.8496
-54.8202
-54.7951
-54.7741
-54.7573
-54.7446
-54.736
-54.7318
-55.4003
-55.0911
-55.0596
-55.0417
-55.0152
-54.9819
-54.9474
-54.9154
-54.8871
-54.8629
-54.8425
-54.8262
-54.8138
-54.8055
-54.8013
-54.6349
-55.048
-55.1057
-55.0993
-55.0753
-55.0434
-55.0099
-54.9788
-54.9512
-54.9275
-54.9077
-54.8917
-54.8796
-54.8715
-54.8674
-55.6059
-55.2507
-55.1965
-55.1689
-55.139
-55.1051
-55.071
-55.0398
-55.0124
-54.989
-54.9695
-54.9539
-54.942
-54.9341
-54.9301
-54.8146
-55.2432
-55.2692
-55.2399
-55.2036
-55.1659
-55.1301
-55.0982
-55.0707
-55.0475
-55.0282
-55.0128
-55.0011
-54.9934
-54.9894
-56.0487
-55.5141
-55.3806
-55.3155
-55.2673
-55.2246
-55.1865
-55.1537
-55.126
-55.1028
-55.0837
-55.0684
-55.057
-55.0493
-55.0455
-55.3452
-55.5055
-55.4448
-55.379
-55.3253
-55.2791
-55.2394
-55.2059
-55.178
-55.1548
-55.1359
-55.1209
-55.1096
-55.1021
-55.0983
-56.0458
-55.6492
-55.5129
-55.4338
-55.3762
-55.3284
-55.288
-55.2543
-55.2265
-55.2036
-55.1849
-55.1701
-55.159
-55.1517
-55.148
-55.52
-55.6112
-55.5417
-55.4734
-55.4184
-55.3717
-55.332
-55.2989
-55.2715
-55.249
-55.2306
-55.2161
-55.2053
-55.1981
-55.1945
-56.0032
-55.6836
-55.5701
-55.5034
-55.453
-55.4093
-55.3715
-55.3395
-55.313
-55.2911
-55.2732
-55.2591
-55.2485
-55.2415
-55.238
-55.6494
-55.6119
-55.5662
-55.522
-55.481
-55.4421
-55.4069
-55.3766
-55.3511
-55.33
-55.3127
-55.299
-55.2887
-55.2819
-55.2785
-55.3284
-55.5449
-55.5616
-55.538
-55.5059
-55.4715
-55.439
-55.4104
-55.3861
-55.3658
-55.3491
-55.3359
-55.326
-55.3193
-55.316
-55.7672
-55.6156
-55.5854
-55.5596
-55.5305
-55.4989
-55.4684
-55.4414
-55.4182
-55.3987
-55.3827
-55.3699
-55.3604
-55.354
-55.3508
-55.4141
-55.6011
-55.6063
-55.5833
-55.555
-55.5247
-55.4956
-55.4697
-55.4476
-55.4289
-55.4135
-55.4012
-55.392
-55.3858
-55.3827
-55.9475
-55.7117
-55.6472
-55.6103
-55.5792
-55.5489
-55.5206
-55.4957
-55.4744
-55.4565
-55.4417
-55.4299
-55.421
-55.415
-55.412
-55.6411
-55.7024
-55.6692
-55.6331
-55.6011
-55.5709
-55.5433
-55.5192
-55.4987
-55.4815
-55.4673
-55.4559
-55.4474
-55.4416
-55.4388
-55.9283
-55.7578
-55.6936
-55.6527
-55.6201
-55.5904
-55.5636
-55.5403
-55.5207
-55.5041
-55.4905
-55.4795
-55.4713
-55.4657
-55.463
-55.71
-55.7383
-55.7021
-55.6663
-55.6356
-55.6071
-55.5814
-55.5591
-55.5403
-55.5244
-55.5113
-55.5007
-55.4928
-55.4874
-55.4847
-55.8914
-55.7628
-55.7105
-55.676
-55.6478
-55.6212
-55.5969
-55.5757
-55.5577
-55.5424
-55.5298
-55.5196
-55.512
-55.5068
-55.5042
-55.7548
-55.7334
-55.7069
-55.6813
-55.6572
-55.633
-55.6103
-55.5902
-55.573
-55.5584
-55.5462
-55.5363
-55.5289
-55.5238
-55.5213
-55.639
-55.7065
-55.7028
-55.6853
-55.665
-55.6431
-55.6219
-55.6028
-55.5863
-55.5722
-55.5604
-55.5509
-55.5436
-55.5387
-55.5362
-55.7872
-55.7282
-55.7086
-55.691
-55.6724
-55.652
-55.632
-55.6138
-55.5979
-55.5842
-55.5727
-55.5633
-55.5562
-55.5513
-55.5489
-55.677
-55.7216
-55.7133
-55.6972
-55.6795
-55.6601
-55.6408
-55.6232
-55.6078
-55.5944
-55.5831
-55.5738
-55.5667
-55.5619
-55.5594
-55.8238
-55.7509
-55.7237
-55.7043
-55.6864
-55.6673
-55.6485
-55.6313
-55.6161
-55.6029
-55.5916
-55.5823
-55.5751
-55.5703
-55.5678
-55.7445
-55.7475
-55.7288
-55.7102
-55.6924
-55.6737
-55.6552
-55.6382
-55.623
-55.6097
-55.5983
-55.5888
-55.5815
-55.5765
-55.574
-55.8049
-55.7584
-55.7341
-55.7152
-55.6978
-55.6793
-55.6609
-55.6438
-55.6285
-55.6149
-55.6031
-55.5934
-55.5858
-55.5807
-55.578
-55.7665
-55.7529
-55.7359
-55.7191
-55.7024
-55.6841
-55.6657
-55.6483
-55.6326
-55.6185
-55.6062
-55.596
-55.5881
-55.5826
-55.5798
-55.7427
-55.7491
-55.7377
-55.7228
-55.7067
-55.6885
-55.6697
-55.6519
-55.6354
-55.6206
-55.6075
-55.5966
-55.5881
-55.5822
-55.5792
-55.7762
-55.7569
-55.7421
-55.7271
-55.711
-55.6926
-55.6732
-55.6545
-55.637
-55.6211
-55.607
-55.5951
-55.5858
-55.5794
-55.5762
-55.7716
-55.7607
-55.7469
-55.732
-55.7157
-55.6966
-55.6763
-55.6564
-55.6374
-55.62
-55.6046
-55.5914
-55.5812
-55.5741
-55.5705
-55.7752
-55.7658
-55.7525
-55.7378
-55.721
-55.701
-55.6793
-55.6576
-55.6367
-55.6174
-55.6001
-55.5854
-55.5738
-55.5659
-55.5618
-55.7942
-55.7729
-55.7593
-55.7447
-55.7273
-55.7059
-55.6823
-55.6582
-55.6349
-55.613
-55.5934
-55.5768
-55.5636
-55.5546
-55.55
-55.7623
-55.774
-55.7669
-55.7534
-55.7352
-55.7119
-55.6856
-55.6584
-55.6319
-55.6069
-55.5844
-55.5653
-55.5502
-55.5399
-55.5346
-55.7972
-55.7875
-55.7792
-55.7653
-55.7454
-55.7193
-55.6895
-55.6584
-55.6277
-55.5987
-55.5727
-55.5506
-55.5332
-55.5212
-55.5151
-55.7831
-55.7996
-55.7954
-55.7811
-55.7587
-55.7289
-55.6943
-55.6581
-55.6222
-55.5883
-55.5579
-55.5322
-55.512
-55.4981
-55.4911
-55.8217
-55.8253
-55.8188
-55.8024
-55.7762
-55.7411
-55.7004
-55.6575
-55.6152
-55.5753
-55.5396
-55.5095
-55.4861
-55.47
-55.4618
-55.8619
-55.8573
-55.8494
-55.8302
-55.7989
-55.7568
-55.708
-55.6568
-55.6063
-55.5591
-55.5171
-55.4819
-55.4546
-55.436
-55.4266
-55.8723
-55.8911
-55.8879
-55.8662
-55.8281
-55.7766
-55.7173
-55.6555
-55.5951
-55.5391
-55.4897
-55.4486
-55.4168
-55.3953
-55.3844
-55.9105
-55.9395
-55.9395
-55.9134
-55.8656
-55.8014
-55.7285
-55.6533
-55.5807
-55.5142
-55.4562
-55.4083
-55.3716
-55.3469
-55.3344
-55.9772
-56.0076
-56.0092
-55.9755
-55.9134
-55.832
-55.7412
-55.6492
-55.562
-55.4832
-55.4154
-55.3599
-55.3178
-55.2896
-55.2754
-55.9816
-56.0951
-56.1038
-56.057
-55.9738
-55.8686
-55.7547
-55.642
-55.5374
-55.4445
-55.3657
-55.302
-55.2542
-55.2222
-55.2062
-56.2606
-56.2548
-56.237
-56.1636
-56.0487
-55.9109
-55.7672
-55.6294
-55.5044
-55.3958
-55.3051
-55.2329
-55.1791
-55.1434
-55.1257
-56.1969
-56.4224
-56.4089
-56.299
-56.1385
-55.9569
-55.7757
-55.6079
-55.46
-55.3344
-55.2315
-55.1507
-55.0911
-55.052
-55.0326
-56.9451
-56.7556
-56.6479
-56.4694
-56.2421
-56.0023
-55.7749
-55.5727
-55.4
-55.2571
-55.1423
-55.0535
-54.9888
-54.9465
-54.9257
-56.8625
-57.0316
-56.9362
-56.6737
-56.3536
-56.0386
-55.7567
-55.517
-55.3194
-55.1601
-55.0347
-54.9393
-54.8705
-54.8259
-54.804
-56.6656
-57.4909
-57.3407
-56.9177
-56.461
-56.0514
-55.7091
-55.4322
-55.212
-55.0393
-54.9062
-54.8064
-54.7351
-54.6894
-54.667
-59.2135
-58.6272
-57.9347
-57.1851
-56.5351
-56.0172
-55.616
-55.3079
-55.0716
-54.891
-54.7544
-54.6533
-54.5819
-54.5363
-54.5141
-58.8561
-59.8369
-58.5684
-57.3832
-56.517
-55.9014
-55.4583
-55.1336
-54.8924
-54.712
-54.5776
-54.4794
-54.4105
-54.3668
-54.3456
-70.1918
-62.6084
-59.1441
-57.3595
-56.3245
-55.6658
-55.2184
-54.9013
-54.6708
-54.5009
-54.3756
-54.2848
-54.2215
-54.1815
-54.1621
-74.4245
-62.5191
-58.5535
-56.8148
-55.8704
-55.2832
-54.8878
-54.609
-54.4069
-54.2586
-54.1496
-54.0708
-54.0161
-53.9816
-53.9649
-47.6797
-47.6803
-47.6821
-47.6864
-47.6955
-47.7128
-47.7435
-47.7955
-47.8804
-48.0152
-48.2219
-48.5212
-48.8799
-48.8603
-45.7256
-47.3644
-47.3611
-47.3547
-47.3461
-47.3364
-47.327
-47.3203
-47.3184
-47.3232
-47.3327
-47.3325
-47.2738
-47.0181
-46.1926
-44.0584
-47.0517
-47.0441
-47.0289
-47.0062
-46.976
-46.9381
-46.8917
-46.8345
-46.7611
-46.6588
-46.4991
-46.2236
-45.7254
-44.8318
-43.3951
-46.7459
-46.7339
-46.7098
-46.673
-46.6227
-46.5571
-46.4735
-46.3667
-46.228
-46.0414
-45.7792
-45.3961
-44.8296
-44.013
-42.9357
-46.4512
-46.4351
-46.4026
-46.3526
-46.2837
-46.1934
-46.0778
-45.9307
-45.7426
-45.4989
-45.1781
-44.7504
-44.1831
-43.4541
-42.5773
-46.1719
-46.1521
-46.1119
-46.0503
-45.9654
-45.8544
-45.7131
-45.5354
-45.3127
-45.0336
-44.6829
-44.2428
-43.6977
-43.0422
-42.2919
-45.9118
-45.8887
-45.8421
-45.7706
-45.6725
-45.545
-45.3841
-45.1845
-44.9392
-44.6399
-44.2767
-43.8396
-43.322
-42.7249
-42.0612
-45.6739
-45.6482
-45.5962
-45.5169
-45.4083
-45.2682
-45.093
-44.8785
-44.6194
-44.3099
-43.944
-43.5165
-43.0254
-42.4738
-41.8721
-45.4612
-45.4333
-45.3771
-45.2915
-45.1751
-45.0256
-44.8405
-44.6163
-44.3494
-44.0359
-43.6724
-43.2565
-42.7886
-42.2725
-41.7161
-45.2756
-45.2461
-45.1866
-45.0964
-44.9741
-44.8181
-44.6263
-44.3962
-44.1253
-43.8113
-43.4524
-43.0481
-42.5995
-42.1107
-41.5879
-45.1189
-45.0881
-45.0263
-44.9327
-44.8063
-44.6458
-44.4496
-44.2161
-43.9437
-43.631
-43.2773
-42.8831
-42.4502
-41.9821
-41.4841
-44.9922
-44.9606
-44.8971
-44.8011
-44.6719
-44.5084
-44.3096
-44.0743
-43.8016
-43.4909
-43.1421
-42.7563
-42.3354
-41.8828
-41.4029
-44.8966
-44.8644
-44.7997
-44.7022
-44.5711
-44.4058
-44.2054
-43.9693
-43.6969
-43.3881
-43.0434
-42.6639
-42.2517
-41.8101
-41.3428
-44.8325
-44.7999
-44.7346
-44.6361
-44.5039
-44.3375
-44.1364
-43.8999
-43.628
-43.3207
-42.9787
-42.6034
-42.197
-41.7624
-41.3031
-44.8004
-44.7676
-44.702
-44.603
-44.4703
-44.3035
-44.102
-43.8654
-43.5937
-43.2872
-42.9467
-42.5736
-42.17
-41.7388
-41.2834
-36.7201
-42.6569
-42.8541
-38.2849
-33.9114
-22.4012
-34.5422
-39.5747
-46.1021
-46.3987
-40.9746
-38.1084
-33.4167
-29.3283
-19.2269
-29.2433
-33.2044
-38.0197
-37.7512
-32.0742
-27.7688
-17.6447
-25.9769
-29.0247
-31.9758
-33.774
-37.3083
-36.5971
-30.6419
-26.358
-16.6494
-24.3211
-27.1134
-29.8017
-31.4712
-34.8001
-34.1803
-28.7315
-24.7982
-15.8201
-23.2716
-26.1186
-29.1351
-31.1127
-35.1466
-35.062
-30.7564
-28.5772
-25.1697
-22.2035
-14.8165
-22.6941
-25.9803
-30.2707
-30.3622
-26.3712
-23.1685
-15.2177
-22.9317
-26.0657
-29.6926
-32.0119
-36.557
-36.4895
-31.6332
-27.7829
-18.2548
-27.6778
-31.5544
-36.1249
-39.0482
-44.7621
-44.7506
-38.8963
-34.1846
-22.4207
-34.16
-38.9731
-44.6239
-48.1841
-55.0895
-54.9523
-47.4963
-41.5326
-26.8441
-40.7386
-45.9298
-51.1644
-50.633
-42.7504
-41.1998
-41.2255
-40.4159
-38.2099
-35.6483
-33.1458
-35.8118
-38.5202
-40.8572
-41.0127
-39.0665
-36.78
-33.9873
-31.2495
-28.7107
-30.6185
-32.5522
-34.0794
-33.7421
-31.5062
-28.9441
-26.3572
-27.8362
-29.5088
-31.1242
-32.3588
-33.2835
-32.5881
-30.1471
-27.514
-24.9205
-26.1935
-27.6936
-29.167
-30.3192
-31.2134
-30.6217
-28.432
-26.0795
-23.8016
-25.2086
-26.8745
-28.6056
-30.0814
-31.4197
-31.3136
-29.7458
-28.0388
-26.0441
-24.1469
-22.4686
-24.2059
-26.0071
-27.5784
-27.6846
-26.3315
-24.6953
-23.0959
-24.9857
-27.0829
-29.2738
-31.1432
-32.828
-32.8794
-31.25
-29.3243
-27.4751
-29.8597
-32.5035
-35.2806
-37.66
-39.8171
-39.9517
-38.0127
-35.6781
-33.4175
-36.387
-39.6461
-43.0363
-45.8889
-48.4115
-48.3974
-45.7612
-42.5827
-39.3729
-42.3529
-45.3314
-47.7838
-48.4721
-48.0306
-41.877
-40.9965
-39.988
-38.6465
-37.2996
-36.447
-37.0198
-38.0002
-38.7534
-38.6528
-37.6481
-36.1802
-34.4787
-32.884
-31.7912
-31.9561
-32.4852
-32.8238
-32.467
-31.4079
-30.1549
-29.2147
-29.4168
-30.0753
-30.8213
-31.3899
-31.5919
-31.0929
-29.9291
-28.6134
-27.6241
-27.7391
-28.3128
-28.9953
-29.5391
-29.7667
-29.3647
-28.3676
-27.2539
-26.4773
-26.7734
-27.537
-28.4441
-29.2489
-29.7733
-29.6706
-28.9363
-27.9152
-26.7787
-25.7756
-25.2028
-25.6263
-26.3653
-26.9964
-27.1088
-26.7001
-26.1698
-25.95
-26.7417
-27.9655
-29.3184
-30.5408
-31.4517
-31.6901
-31.2941
-30.7559
-30.5992
-31.6685
-33.261
-35.0095
-36.5921
-37.7848
-38.1389
-37.699
-37.0651
-36.8831
-38.1972
-40.1305
-42.2228
-44.069
-45.3867
-45.6183
-44.8072
-43.678
-42.9885
-43.9693
-45.4903
-46.9433
-47.9384
-48.7313
-41.8519
-40.951
-40.0392
-39.0903
-38.2387
-37.6953
-37.6407
-37.8069
-37.8787
-37.5942
-36.8964
-35.9162
-34.8159
-33.7954
-33.0607
-32.7689
-32.6923
-32.5697
-32.2032
-31.5885
-30.9153
-30.4275
-30.3402
-30.516
-30.7737
-30.9489
-30.91
-30.5553
-29.9299
-29.2429
-28.738
-28.6242
-28.7756
-29.0235
-29.2149
-29.227
-28.9651
-28.4718
-27.9431
-27.6086
-27.6653
-27.9935
-28.4304
-28.8208
-29.0305
-28.9377
-28.5405
-27.9582
-27.3221
-26.7849
-26.5028
-26.5927
-26.8794
-27.1619
-27.2839
-27.2444
-27.1976
-27.348
-27.8758
-28.6627
-29.5513
-30.3876
-31.0441
-31.4146
-31.5432
-31.6387
-31.9582
-32.724
-33.7941
-34.9777
-36.0858
-36.9606
-37.4696
-37.6652
-37.8017
-38.1946
-39.1161
-40.386
-41.7637
-43.0104
-43.9258
-44.3409
-44.3116
-44.14
-44.1988
-44.808
-45.7474
-46.7623
-47.6958
-48.5901
-41.7077
-40.9207
-40.143
-39.3932
-38.7332
-38.2392
-37.9429
-37.7489
-37.5169
-37.13
-36.5511
-35.825
-35.0378
-34.2951
-33.692
-33.2719
-32.9653
-32.6665
-32.2968
-31.8532
-31.4089
-31.0634
-30.8848
-30.8388
-30.8452
-30.8167
-30.6829
-30.4076
-30.0197
-29.6108
-29.2891
-29.1277
-29.0999
-29.1337
-29.1494
-29.0822
-28.8992
-28.6276
-28.3532
-28.1773
-28.167
-28.294
-28.4846
-28.6534
-28.7241
-28.6438
-28.4117
-28.0797
-27.7234
-27.4279
-27.2676
-27.2762
-27.4003
-27.5592
-27.6923
-27.7996
-27.9422
-28.2029
-28.6374
-29.2139
-29.8599
-30.494
-31.0488
-31.488
-31.8406
-32.1992
-32.675
-33.3418
-34.1641
-35.0551
-35.9159
-36.6633
-37.2521
-37.7166
-38.1692
-38.7453
-39.5333
-40.4864
-41.4936
-42.4289
-43.1856
-43.7037
-44.0207
-44.2703
-44.6164
-45.1712
-45.8954
-46.6982
-47.5094
-48.3145
-41.556
-40.8762
-40.206
-39.5666
-38.9883
-38.498
-38.0975
-37.745
-37.3778
-36.9421
-36.4175
-35.8212
-35.1956
-34.5934
-34.0595
-33.6114
-33.2267
-32.8655
-32.4967
-32.1189
-31.7602
-31.4589
-31.2384
-31.0865
-30.9668
-30.8362
-30.6596
-30.4225
-30.14
-29.8532
-29.6095
-29.4391
-29.3361
-29.2702
-29.2035
-29.1048
-28.9613
-28.7876
-28.622
-28.5078
-28.4714
-28.5037
-28.5705
-28.628
-28.6358
-28.5689
-28.4273
-28.2366
-28.0377
-27.8764
-27.7901
-27.7938
-27.8717
-27.9941
-28.1381
-28.3045
-28.5172
-28.808
-29.195
-29.6657
-30.186
-30.7153
-31.2201
-31.6866
-32.1299
-32.5911
-33.1173
-33.7361
-34.4356
-35.1764
-35.9095
-36.5945
-37.2138
-37.7856
-38.359
-38.9909
-39.7132
-40.5091
-41.3272
-42.1047
-42.789
-43.3562
-43.827
-44.2619
-44.7335
-45.2903
-45.9301
-46.6217
-47.3319
-48.0401
-41.4164
-40.8177
-40.2242
-39.6518
-39.116
-38.6273
-38.1826
-37.7621
-37.3369
-36.882
-36.387
-35.8593
-35.3193
-34.7933
-34.3034
-33.8591
-33.4545
-33.0751
-32.7095
-32.3572
-32.0286
-31.7381
-31.4932
-31.2877
-31.1044
-30.9221
-30.7237
-30.5028
-30.2666
-30.0335
-29.8248
-29.6536
-29.519
-29.4082
-29.3041
-29.1922
-29.0672
-28.9364
-28.8168
-28.7269
-28.6773
-28.6638
-28.6702
-28.6743
-28.6556
-28.602
-28.5142
-28.4055
-28.2984
-28.2175
-28.1832
-28.2049
-28.2797
-28.398
-28.5522
-28.7432
-28.9801
-29.2748
-29.6325
-30.0463
-30.4996
-30.972
-31.4472
-31.9187
-32.3937
-32.8897
-33.4264
-34.0144
-34.648
-35.3088
-35.9728
-36.6206
-37.2443
-37.8521
-38.4651
-39.1063
-39.7873
-40.4999
-41.2194
-41.915
-42.5612
-43.1478
-43.685
-44.2007
-44.728
-45.2901
-45.8905
-46.5183
-47.157
-47.7909
-41.2916
-40.7514
-40.2118
-39.6836
-39.1757
-38.6928
-38.2326
-37.7855
-37.3383
-36.8793
-36.4035
-35.9146
-35.4227
-34.9411
-34.4814
-34.0497
-33.6456
-33.2647
-32.9032
-32.5611
-32.2423
-31.9517
-31.6912
-31.4571
-31.2405
-31.0311
-30.8204
-30.6052
-30.3887
-30.1792
-29.9861
-29.8156
-29.6676
-29.5371
-29.4162
-29.2985
-29.1819
-29.0696
-28.9691
-28.8883
-28.8314
-28.7959
-28.7737
-28.7538
-28.7262
-28.685
-28.6313
-28.5727
-28.5217
-28.4922
-28.4959
-28.5399
-28.6255
-28.7508
-28.9139
-29.1159
-29.3603
-29.6512
-29.9894
-30.3706
-30.786
-31.2252
-31.6798
-32.1463
-32.6274
-33.1301
-33.6621
-34.2271
-34.8217
-35.4366
-36.0599
-36.6817
-37.298
-37.9115
-38.5308
-39.1645
-39.8162
-40.4808
-41.146
-41.7964
-42.4195
-43.0104
-43.5739
-44.1229
-44.6727
-45.2346
-45.8117
-46.3994
-46.989
-47.57
-41.1818
-40.6836
-40.1824
-39.6857
-39.199
-38.7251
-38.2631
-37.8089
-37.3563
-36.9003
-36.4388
-35.9739
-35.5109
-35.0571
-34.6189
-34.2005
-33.8031
-33.4262
-33.0689
-32.7314
-32.4153
-32.1219
-31.8513
-31.6011
-31.3665
-31.1422
-30.9238
-30.7097
-30.501
-30.3014
-30.1152
-29.9452
-29.7916
-29.6524
-29.524
-29.4037
-29.2906
-29.1861
-29.0935
-29.0159
-28.9549
-28.9091
-28.8743
-28.8451
-28.8166
-28.7865
-28.7559
-28.7295
-28.7145
-28.7193
-28.7513
-28.8155
-28.9146
-29.0494
-29.2202
-29.428
-29.6742
-29.96
-30.2849
-30.646
-31.0385
-31.4566
-31.8957
-32.3535
-32.8303
-33.3285
-33.8508
-34.3976
-34.9666
-35.5526
-36.1492
-36.7512
-37.3556
-37.963
-38.5759
-39.197
-39.8266
-40.4612
-41.0941
-41.7173
-42.3243
-42.9125
-43.4838
-44.044
-44.6001
-45.1574
-45.7174
-46.2778
-46.8333
-47.377
-41.0872
-40.6194
-40.1462
-39.6729
-39.2033
-38.7396
-38.2822
-37.8294
-37.379
-36.9289
-36.4787
-36.0299
-35.5858
-35.1504
-34.7277
-34.3207
-33.931
-33.5593
-33.2059
-32.8711
-32.5554
-32.2593
-31.9822
-31.7226
-31.4777
-31.2447
-31.0213
-30.8064
-30.6003
-30.4046
-30.2212
-30.0514
-29.8954
-29.7522
-29.6205
-29.499
-29.3873
-29.2861
-29.1966
-29.1201
-29.0572
-29.0069
-28.9673
-28.9356
-28.9099
-28.8893
-28.8751
-28.8702
-28.8794
-28.9079
-28.9606
-29.0414
-29.1529
-29.2967
-29.4738
-29.6851
-29.9314
-30.2128
-30.5286
-30.8769
-31.2545
-31.6582
-32.0852
-32.5335
-33.0027
-33.4928
-34.0043
-34.5365
-35.0873
-35.6535
-36.2313
-36.8174
-37.4094
-38.0067
-38.6093
-39.2174
-39.83
-40.4443
-41.0564
-41.6616
-42.2564
-42.8389
-43.4097
-43.971
-44.5258
-45.0763
-45.6227
-46.1633
-46.6946
-47.212
-41.0079
-40.5624
-40.1098
-39.6541
-39.1984
-38.7448
-38.294
-37.8462
-37.4007
-36.9573
-36.5163
-36.0791
-35.6478
-35.2251
-34.8137
-34.4158
-34.0329
-33.6661
-33.316
-32.983
-32.6674
-32.3693
-32.0881
-31.8228
-31.5719
-31.3337
-31.1068
-30.8905
-30.6849
-30.4905
-30.308
-30.1381
-29.9809
-29.8359
-29.7027
-29.5806
-29.4694
-29.3695
-29.2813
-29.2053
-29.1417
-29.09
-29.0492
-29.0182
-28.9963
-28.9836
-28.9811
-28.9912
-29.0171
-29.0621
-29.13
-29.2235
-29.3451
-29.4964
-29.6786
-29.8925
-30.1386
-30.4167
-30.7262
-31.0657
-31.4334
-31.8269
-32.2443
-32.6841
-33.1452
-33.6269
-34.1285
-34.6489
-35.1862
-35.7381
-36.3019
-36.8751
-37.4559
-38.0429
-38.6352
-39.2317
-39.831
-40.4308
-41.0285
-41.6211
-42.2062
-42.7824
-43.3493
-43.9075
-44.4579
-45.001
-45.5362
-46.0622
-46.5761
-47.0746
-40.9444
-40.5148
-40.0773
-39.6349
-39.1902
-38.7452
-38.3012
-37.859
-37.4191
-36.9818
-36.5481
-36.1193
-35.697
-35.2833
-34.88
-34.489
-34.1116
-33.7488
-33.4014
-33.0698
-32.7543
-32.4549
-32.1712
-31.9025
-31.6479
-31.4064
-31.1771
-30.9595
-30.7535
-30.5593
-30.3769
-30.2068
-30.049
-29.9032
-29.7692
-29.6467
-29.5358
-29.4364
-29.3487
-29.2731
-29.2095
-29.1577
-29.1174
-29.0882
-29.0701
-29.0635
-29.0696
-29.0901
-29.1275
-29.1842
-29.2628
-29.3658
-29.4951
-29.6522
-29.8383
-30.0541
-30.3
-30.5758
-30.881
-31.2147
-31.5754
-31.9616
-32.3717
-32.8043
-33.2584
-33.7326
-34.226
-34.7372
-35.2644
-35.8057
-36.3591
-36.9224
-37.4938
-38.0719
-38.6551
-39.2422
-39.8313
-40.4207
-41.0082
-41.5916
-42.1691
-42.7393
-43.3014
-43.8553
-44.4005
-44.9368
-45.4633
-45.9783
-46.4797
-46.9649
-40.8966
-40.4782
-40.0512
-39.6183
-39.1819
-38.7437
-38.3055
-37.8683
-37.4331
-37.0009
-36.5727
-36.1499
-35.7338
-35.3262
-34.9286
-34.5424
-34.1689
-33.8092
-33.4638
-33.1333
-32.818
-32.5178
-32.2326
-31.9619
-31.7051
-31.4616
-31.2307
-31.0121
-30.8055
-30.611
-30.4286
-30.2582
-30.1
-29.9537
-29.8193
-29.6967
-29.5858
-29.4867
-29.3994
-29.3241
-29.2608
-29.2094
-29.1701
-29.1427
-29.1277
-29.1257
-29.1378
-29.1654
-29.2105
-29.275
-29.3612
-29.4708
-29.6055
-29.7669
-29.9558
-30.1729
-30.4187
-30.693
-30.9954
-31.3251
-31.6811
-32.0622
-32.467
-32.8943
-33.3428
-33.8112
-34.2984
-34.8027
-35.3227
-35.8565
-36.4022
-36.9582
-37.5225
-38.0936
-38.6699
-39.2498
-39.8316
-40.4136
-40.9939
-41.5707
-42.1425
-42.7078
-43.2657
-43.8154
-44.3561
-44.8869
-45.4067
-45.914
-46.4067
-46.8827
-40.8647
-40.4534
-40.0332
-39.6064
-39.1754
-38.742
-38.3078
-37.8742
-37.4425
-37.0138
-36.5893
-36.1703
-35.7582
-35.3544
-34.9604
-34.5774
-34.2065
-33.8487
-33.5047
-33.175
-32.8598
-32.5593
-32.2733
-32.0014
-31.7433
-31.4986
-31.2667
-31.0474
-30.8404
-30.6456
-30.463
-30.2924
-30.134
-29.9875
-29.8529
-29.7302
-29.6193
-29.5203
-29.4333
-29.3582
-29.2952
-29.2443
-29.2058
-29.18
-29.1671
-29.1681
-29.184
-29.216
-29.2659
-29.3354
-29.4261
-29.5399
-29.6782
-29.8422
-30.0329
-30.251
-30.4967
-30.7701
-31.0708
-31.3981
-31.7512
-32.129
-32.5304
-32.9541
-33.3988
-33.8633
-34.3463
-34.8461
-35.3613
-35.8902
-36.4311
-36.9821
-37.5417
-38.1081
-38.6797
-39.2548
-39.8318
-40.409
-40.9847
-41.5573
-42.1252
-42.6872
-43.242
-43.7886
-44.3259
-44.853
-45.3683
-45.8705
-46.3578
-46.828
-40.8487
-40.4408
-40.0239
-39.6002
-39.1719
-38.7409
-38.3088
-37.8771
-37.4472
-37.0202
-36.5976
-36.1805
-35.7704
-35.3685
-34.9762
-34.5947
-34.2251
-33.8682
-33.5249
-33.1956
-32.8805
-32.5799
-32.2935
-32.0211
-31.7625
-31.5172
-31.2848
-31.0652
-30.8579
-30.663
-30.4802
-30.3096
-30.151
-30.0044
-29.8698
-29.747
-29.6362
-29.5372
-29.4502
-29.3753
-29.3125
-29.262
-29.224
-29.1988
-29.1871
-29.1896
-29.2073
-29.2415
-29.2937
-29.3655
-29.4585
-29.5743
-29.7143
-29.8796
-30.0712
-30.2898
-30.5355
-30.8084
-31.1083
-31.4344
-31.7861
-32.1624
-32.562
-32.9839
-33.4268
-33.8893
-34.3701
-34.8678
-35.3806
-35.9071
-36.4455
-36.9942
-37.5513
-38.1153
-38.6845
-39.2573
-39.832
-40.4068
-40.9803
-41.5508
-42.1168
-42.6769
-43.2301
-43.7751
-44.3107
-44.8358
-45.349
-45.8487
-46.3332
-46.8007
-52.8393
-56.3557
-56.2024
-55.6085
-55.0979
-54.7156
-54.4351
-54.2286
-54.0755
-53.9618
-53.8778
-53.8169
-53.7746
-53.7479
-53.735
-51.0406
-53.3017
-54.0779
-54.209
-54.1264
-53.9943
-53.8672
-53.7601
-53.6745
-53.6081
-53.5579
-53.521
-53.4952
-53.4789
-53.471
-50.267
-51.7325
-52.5981
-53.0227
-53.2043
-53.268
-53.2793
-53.2698
-53.254
-53.238
-53.2244
-53.2138
-53.2061
-53.2013
-53.1989
-49.6807
-50.7628
-51.5592
-52.0793
-52.4
-52.594
-52.7121
-52.7858
-52.8334
-52.8654
-52.8877
-52.9033
-52.9141
-52.9209
-52.9242
-49.1971
-50.0788
-50.7964
-51.3352
-51.7223
-51.9957
-52.1891
-52.3276
-52.4283
-52.5025
-52.5574
-52.5975
-52.6257
-52.6437
-52.6525
-48.7969
-49.5587
-50.2123
-50.7428
-51.1582
-51.4773
-51.7209
-51.907
-52.0495
-52.1586
-52.2416
-52.3034
-52.3474
-52.3756
-52.3895
-48.4637
-49.1468
-49.7513
-50.2654
-50.6901
-51.0343
-51.3101
-51.5298
-51.7038
-51.8407
-51.9468
-52.027
-52.0845
-52.1218
-52.14
-48.1848
-48.8133
-49.3805
-49.8775
-50.3025
-50.6595
-50.9554
-51.1981
-51.3952
-51.5533
-51.6779
-51.773
-51.8419
-51.8866
-51.9087
-47.9513
-48.5409
-49.0799
-49.5614
-49.9829
-50.3457
-50.6537
-50.9118
-51.1254
-51.2994
-51.4381
-51.5451
-51.6231
-51.674
-51.6992
-47.7574
-48.3189
-48.8367
-49.3052
-49.7218
-50.0867
-50.4016
-50.6699
-50.895
-51.0806
-51.23
-51.3461
-51.4312
-51.487
-51.5146
-47.5994
-48.1408
-48.6426
-49.1007
-49.5124
-49.8774
-50.1962
-50.4709
-50.7039
-50.8978
-51.055
-51.178
-51.2685
-51.328
-51.3576
-47.4752
-48.0021
-48.4923
-48.9423
-49.3498
-49.7139
-50.0349
-50.3136
-50.5518
-50.7514
-50.9142
-51.0421
-51.1366
-51.1989
-51.2299
-47.3831
-47.9001
-48.3822
-48.8263
-49.2305
-49.5936
-49.9155
-50.1967
-50.4383
-50.6416
-50.8082
-50.9395
-51.0368
-51.101
-51.1329
-47.3221
-47.8329
-48.3099
-48.7503
-49.1522
-49.5144
-49.8367
-50.1193
-50.3628
-50.5685
-50.7374
-50.8708
-50.9698
-51.0352
-51.0678
-47.2918
-47.7996
-48.274
-48.7126
-49.1133
-49.4751
-49.7976
-50.0807
-50.3252
-50.5319
-50.7019
-50.8363
-50.9361
-51.0022
-51.0351
)
;

boundaryField
{
    hot
    {
        type            calculated;
        value           nonuniform List<scalar> 
120
(
-48.5605
-48.5892
-48.6466
-48.7323
-48.8461
-48.9872
-49.1547
-49.3474
-49.5635
-49.8006
-50.0559
-50.3259
-50.6065
-50.8934
-51.1818
-51.4437
-51.6773
-51.9043
-52.1232
-52.3326
-52.5319
-52.7204
-52.8981
-53.0649
-53.2212
-53.3674
-53.5038
-53.6311
-53.7496
-53.86
-53.9626
-54.0581
-54.1467
-54.229
-54.3053
-54.3758
-54.441
-54.501
-54.5562
-54.6066
-54.6524
-54.6939
-54.731
-54.7639
-54.7926
-54.8172
-54.8376
-54.854
-54.8663
-54.8745
-54.8785
-54.8784
-54.874
-54.8654
-54.8524
-54.8351
-54.8133
-54.7869
-54.756
-54.7203
-54.6799
-54.6346
-54.5844
-54.5292
-54.4688
-54.4032
-54.3324
-54.2562
-54.1747
-54.0877
-53.9952
-53.8972
-53.7936
-53.6845
-53.5699
-53.4498
-53.3243
-53.1934
-53.0573
-52.916
-52.7698
-52.6187
-52.463
-52.3027
-52.1382
-51.9696
-51.7971
-51.6209
-51.4411
-51.2579
-51.0711
-50.8809
-50.6871
-50.4895
-50.2878
-50.0816
-49.8704
-49.6539
-49.4315
-49.2028
-48.9676
-48.7259
-48.478
-48.2245
-47.9665
-47.6796
-47.3653
-47.0536
-46.7488
-46.4552
-46.1768
-45.9175
-45.6803
-45.4681
-45.2829
-45.1265
-45.0001
-44.9046
-44.8407
-44.8086
)
;
    }
    cold
    {
        type            calculated;
        value           nonuniform List<scalar> 
120
(
-45.8826
-45.9127
-45.9727
-46.0623
-46.1808
-46.3274
-46.5009
-46.6995
-46.9211
-47.1632
-47.4225
-47.6953
-47.9777
-48.2653
-48.5541
-48.8165
-49.0511
-49.2806
-49.5038
-49.7203
-49.9298
-50.1324
-50.3287
-50.519
-50.704
-50.8844
-51.0606
-51.2333
-51.4027
-51.5692
-51.7329
-51.8941
-52.0527
-52.2087
-52.362
-52.5124
-52.6598
-52.804
-52.9448
-53.0821
-53.2157
-53.3455
-53.4712
-53.593
-53.7105
-53.8239
-53.933
-54.0379
-54.1385
-54.235
-54.3274
-54.4157
-54.5001
-54.5807
-54.6575
-54.7307
-54.8003
-54.8664
-54.9291
-54.9885
-55.0445
-55.0974
-55.1471
-55.1936
-55.2371
-55.2776
-55.3152
-55.35
-55.382
-55.4113
-55.438
-55.4623
-55.4841
-55.5035
-55.5207
-55.5356
-55.5483
-55.5588
-55.5672
-55.5734
-55.5774
-55.5791
-55.5785
-55.5754
-55.5696
-55.5608
-55.5488
-55.5333
-55.5136
-55.4893
-55.4598
-55.4242
-55.3817
-55.3313
-55.2718
-55.2022
-55.1213
-55.0277
-54.9205
-54.7986
-54.6614
-54.5086
-54.3403
-54.1573
-53.9608
-53.7318
-53.4691
-53.1983
-52.925
-52.6547
-52.3929
-52.1445
-51.9141
-51.7054
-51.5215
-51.3649
-51.2376
-51.1409
-51.0759
-51.0433
)
;
    }
    interface_left
    {
        type            calculated;
        value           nonuniform List<scalar> 
90
(
-75.3165
-65.601
-55.9463
-54.3185
-55.8088
-54.0544
-52.0351
-55.0521
-52.0476
-56.5383
-53.5842
-56.4166
-54.1593
-56.2578
-54.8259
-53.4996
-55.4309
-53.7095
-56.1417
-54.6028
-56.0307
-55.1049
-54.2897
-55.4569
-54.4755
-55.5844
-54.6083
-55.9216
-55.1317
-55.8027
-55.3844
-55.0643
-55.5208
-55.2325
-55.5163
-55.3694
-55.4647
-55.4888
-55.3151
-55.4544
-55.6876
-55.3322
-55.839
-55.1558
-55.9811
-54.6258
-55.6193
-54.4176
-55.2301
-56.1384
-54.7811
-56.2726
-54.3762
-56.4206
-53.2212
-55.4398
-52.9115
-54.5743
-56.3335
-53.6784
-56.4027
-52.9574
-56.4978
-51.0247
-54.7048
-50.6009
-53.2335
-55.926
-51.7947
-55.793
-50.7272
-55.6783
-48.1046
-53.0122
-47.6933
-50.9969
-54.201
-49.1991
-53.587
-48.1248
-52.9591
-46.0441
-50.1616
-46.8168
-49.0179
-50.4454
-50.2985
-50.7467
-63.5954
-72.1888
)
;
    }
    interface_right
    {
        type            calculated;
        value           nonuniform List<scalar> 
90
(
-73.5412
-65.5222
-51.0581
-51.4202
-50.9917
-49.7083
-48.1743
-50.5213
-47.2883
-52.8695
-48.8907
-53.4992
-49.7775
-54.1116
-51.3424
-48.4545
-53.1306
-48.7877
-55.5336
-51.1106
-55.6753
-52.0686
-55.8343
-53.3841
-50.9718
-54.7461
-51.3434
-56.4303
-53.1294
-56.3682
-53.8031
-56.3309
-54.6592
-53.0684
-55.4983
-53.3632
-56.4568
-54.503
-56.3821
-55.17
-54.0643
-55.6851
-54.2766
-55.921
-54.424
-56.4892
-55.161
-56.3534
-55.3978
-56.2486
-55.6646
-55.1373
-55.9008
-55.2422
-56.14
-55.5663
-56.0584
-55.6652
-55.9876
-55.7634
-55.5758
-55.8356
-55.632
-55.8803
-55.7328
-55.8377
-55.7719
-55.7323
-55.7884
-55.776
-55.7785
-55.8089
-55.7494
-55.8041
-55.7678
-55.8177
-55.8653
-55.857
-55.8887
-55.9574
-55.8893
-56.2725
-55.996
-57.0988
-56.7045
-55.8775
-59.4981
-57.2849
-75.4561
-83.5126
)
;
    }
    interface_top
    {
        type            calculated;
        value           nonuniform List<scalar> 
90
(
-36.7201
-42.6569
-42.8541
-38.2849
-33.9114
-22.4012
-34.5422
-39.5747
-46.1021
-46.3987
-40.9746
-38.1084
-33.4167
-29.3283
-19.2269
-29.2433
-33.2044
-38.0197
-37.7512
-32.0742
-27.7688
-17.6447
-25.9769
-29.0247
-31.9758
-33.774
-37.3083
-36.5971
-30.6419
-26.358
-16.6494
-24.3211
-27.1134
-29.8017
-31.4712
-34.8001
-34.1803
-28.7315
-24.7982
-15.8201
-23.2716
-26.1186
-29.1351
-31.1127
-35.1466
-35.062
-30.7564
-28.5772
-25.1697
-22.2035
-14.8165
-22.6941
-25.9803
-30.2707
-30.3622
-26.3712
-23.1685
-15.2177
-22.9317
-26.0657
-29.6926
-32.0119
-36.557
-36.4895
-31.6332
-27.7829
-18.2548
-27.6778
-31.5544
-36.1249
-39.0482
-44.7621
-44.7506
-38.8963
-34.1846
-22.4207
-34.16
-38.9731
-44.6239
-48.1841
-55.0895
-54.9523
-47.4963
-41.5326
-26.8441
-40.7386
-45.9298
-51.1644
-50.633
-42.7504
)
;
    }
    interface_bottom
    {
        type            calculated;
        value           nonuniform List<scalar> 
90
(
-37.997
-42.9309
-40.3841
-26.1851
-39.9467
-45.1731
-50.472
-53.6949
-59.8849
-59.2698
-51.002
-46.8318
-40.442
-35.2452
-22.9472
-34.7349
-39.375
-45.0186
-44.885
-38.9054
-35.836
-31.0501
-27.1002
-17.6972
-26.6197
-30.0538
-34.0726
-33.6878
-28.4112
-24.5515
-15.6915
-23.0328
-25.7532
-28.4786
-30.1218
-33.3097
-32.7284
-27.5414
-23.8199
-15.3343
-22.6996
-25.5712
-28.7325
-30.747
-34.7536
-34.6845
-30.4426
-28.3454
-25.1519
-22.2751
-14.97
-23.1398
-26.5535
-30.9969
-31.1121
-27.0425
-23.773
-15.6426
-23.726
-27
-30.7769
-33.0933
-37.495
-37.2746
-32.0403
-28.0156
-18.2814
-27.6518
-31.4056
-35.6618
-38.2602
-43.189
-42.8561
-36.7013
-32.0201
-20.7979
-31.3772
-35.5744
-40.2617
-43.1275
-48.5883
-48.1671
-41.1882
-35.8791
-23.2068
-35.0167
-39.4751
-44.0913
-43.805
-37.5037
)
;
    }
    defaultFaces
    {
        type            empty;
    }
}


// ************************************************************************* //
