/*--------------------------------*- C++ -*----------------------------------*\
| =========                 |                                                 |
| \\      /  F ield         | OpenFOAM: The Open Source CFD Toolbox           |
|  \\    /   O peration     | Version:  5.x                                   |
|   \\  /    A nd           | Web:      www.OpenFOAM.org                      |
|    \\/     M anipulation  |                                                 |
\*---------------------------------------------------------------------------*/
FoamFile
{
    version     2.0;
    format      ascii;
    class       volScalarField;
    location    "2.5";
    object      T;
}
// * * * * * * * * * * * * * * * * * * * * * * * * * * * * * * * * * * * * * //

dimensions      [0 0 0 1 0 0 0];

internalField   nonuniform List<scalar> 
6300
(
322.757
322.272
321.787
321.302
320.819
320.337
319.857
319.378
318.902
318.428
317.957
317.49
317.025
316.564
316.107
322.757
322.271
321.786
321.301
320.818
320.336
319.855
319.376
318.9
318.426
317.954
317.486
317.021
316.56
316.103
322.757
322.27
321.785
321.299
320.815
320.332
319.851
319.372
318.895
318.42
317.948
317.48
317.014
316.553
316.095
322.756
322.269
321.782
321.296
320.811
320.328
319.845
319.365
318.887
318.412
317.939
317.47
317.004
316.541
316.083
322.756
322.267
321.78
321.292
320.806
320.321
319.838
319.356
318.877
318.401
317.927
317.456
316.989
316.526
316.067
322.755
322.265
321.776
321.287
320.8
320.313
319.828
319.345
318.865
318.386
317.911
317.439
316.971
316.507
316.047
322.754
322.263
321.772
321.281
320.792
320.304
319.817
319.332
318.849
318.369
317.892
317.419
316.949
316.484
316.023
322.753
322.26
321.767
321.275
320.783
320.293
319.804
319.317
318.832
318.349
317.87
317.395
316.923
316.456
315.994
322.752
322.257
321.761
321.267
320.773
320.28
319.789
319.299
318.811
318.326
317.844
317.366
316.892
316.424
315.961
322.751
322.253
321.755
321.258
320.762
320.266
319.772
319.279
318.788
318.3
317.815
317.333
316.856
316.386
315.921
322.75
322.249
321.749
321.249
320.75
320.251
319.754
319.257
318.763
318.271
317.781
317.295
316.815
316.341
315.875
322.748
322.245
321.742
321.239
320.737
320.235
319.734
319.234
318.735
318.238
317.744
317.253
316.767
316.288
315.821
322.747
322.241
321.735
321.229
320.724
320.218
319.714
319.209
318.706
318.204
317.703
317.205
316.711
316.225
315.753
322.746
322.237
321.728
321.219
320.71
320.201
319.693
319.184
318.676
318.167
317.659
317.152
316.647
316.149
315.666
322.744
322.232
321.72
321.208
320.696
320.184
319.672
319.159
318.645
318.131
317.615
317.098
316.578
316.056
315.543
315.691
315.316
314.944
314.575
314.21
313.847
313.488
313.132
312.781
312.433
312.088
311.749
311.413
311.081
310.754
310.432
310.114
309.801
309.492
309.188
308.888
308.593
308.302
308.015
307.733
307.454
307.179
306.907
306.639
306.373
306.111
305.851
305.594
305.339
305.086
304.834
304.585
304.337
304.09
303.844
303.599
303.355
303.112
302.869
302.626
302.384
302.142
301.899
301.657
301.414
301.171
300.927
300.682
300.436
300.189
299.941
299.691
299.44
299.186
298.931
298.673
298.413
298.151
297.886
297.618
297.347
297.074
296.797
296.518
296.235
295.949
295.66
295.368
295.073
294.774
294.471
294.166
293.857
293.544
293.228
292.909
292.586
292.26
291.93
291.597
291.26
290.921
290.577
290.231
289.881
315.687
315.312
314.94
314.571
314.205
313.842
313.483
313.127
312.775
312.427
312.083
311.742
311.407
311.075
310.748
310.425
310.107
309.794
309.485
309.181
308.882
308.587
308.296
308.009
307.727
307.448
307.174
306.902
306.634
306.369
306.107
305.848
305.591
305.336
305.083
304.832
304.583
304.335
304.088
303.842
303.598
303.354
303.111
302.868
302.626
302.384
302.142
301.9
301.657
301.415
301.172
300.928
300.684
300.438
300.191
299.943
299.694
299.442
299.189
298.934
298.676
298.417
298.154
297.889
297.622
297.351
297.078
296.802
296.522
296.24
295.954
295.665
295.373
295.077
294.778
294.476
294.17
293.861
293.549
293.233
292.914
292.591
292.265
291.935
291.602
291.265
290.925
290.582
290.235
289.885
315.679
315.303
314.931
314.562
314.195
313.832
313.473
313.117
312.764
312.415
312.071
311.73
311.394
311.062
310.735
310.412
310.094
309.781
309.472
309.168
308.869
308.574
308.284
307.998
307.716
307.438
307.163
306.893
306.625
306.361
306.099
305.841
305.584
305.33
305.078
304.827
304.578
304.331
304.085
303.84
303.595
303.352
303.109
302.867
302.625
302.383
302.142
301.9
301.658
301.416
301.173
300.93
300.686
300.441
300.195
299.947
299.698
299.448
299.195
298.94
298.683
298.423
298.161
297.897
297.63
297.359
297.086
296.81
296.531
296.249
295.963
295.674
295.382
295.087
294.788
294.486
294.18
293.871
293.559
293.243
292.923
292.6
292.274
291.944
291.611
291.275
290.935
290.591
290.245
289.894
315.666
315.291
314.918
314.548
314.181
313.818
313.458
313.101
312.748
312.398
312.053
311.712
311.375
311.043
310.715
310.392
310.074
309.761
309.452
309.149
308.85
308.555
308.266
307.98
307.699
307.422
307.148
306.878
306.612
306.348
306.088
305.83
305.574
305.321
305.07
304.82
304.572
304.325
304.08
303.835
303.592
303.349
303.107
302.865
302.624
302.383
302.142
301.9
301.659
301.418
301.176
300.933
300.69
300.446
300.201
299.954
299.705
299.455
299.203
298.949
298.693
298.434
298.172
297.908
297.641
297.372
297.099
296.823
296.544
296.262
295.977
295.688
295.396
295.101
294.802
294.5
294.194
293.885
293.573
293.257
292.938
292.615
292.289
291.959
291.626
291.289
290.949
290.605
290.258
289.908
315.65
315.274
314.9
314.53
314.163
313.799
313.438
313.08
312.726
312.376
312.029
311.687
311.35
311.017
310.689
310.366
310.047
309.734
309.426
309.122
308.824
308.53
308.241
307.956
307.676
307.4
307.128
306.859
306.594
306.332
306.073
305.816
305.562
305.309
305.059
304.811
304.564
304.318
304.073
303.83
303.587
303.345
303.104
302.863
302.622
302.382
302.141
301.901
301.661
301.42
301.179
300.938
300.696
300.452
300.208
299.962
299.715
299.466
299.215
298.961
298.706
298.448
298.187
297.923
297.657
297.388
297.116
296.84
296.562
296.28
295.995
295.706
295.415
295.119
294.821
294.519
294.214
293.905
293.592
293.276
292.957
292.634
292.308
291.978
291.645
291.308
290.968
290.624
290.277
289.926
315.629
315.253
314.879
314.508
314.14
313.775
313.413
313.054
312.699
312.347
311.999
311.656
311.318
310.984
310.655
310.332
310.013
309.7
309.392
309.089
308.791
308.498
308.21
307.927
307.648
307.373
307.102
306.835
306.572
306.311
306.053
305.798
305.546
305.295
305.046
304.799
304.553
304.309
304.066
303.823
303.582
303.341
303.1
302.86
302.62
302.38
302.141
301.902
301.662
301.423
301.183
300.943
300.702
300.46
300.217
299.973
299.727
299.479
299.229
298.977
298.722
298.465
298.205
297.943
297.677
297.408
297.137
296.862
296.584
296.302
296.018
295.729
295.438
295.143
294.845
294.543
294.238
293.929
293.617
293.301
292.981
292.659
292.332
292.003
291.669
291.333
290.992
290.648
290.301
289.949
315.605
315.227
314.853
314.481
314.113
313.747
313.383
313.023
312.666
312.312
311.963
311.618
311.279
310.944
310.615
310.291
309.972
309.659
309.351
309.048
308.751
308.459
308.172
307.89
307.613
307.34
307.071
306.806
306.545
306.286
306.031
305.778
305.527
305.278
305.031
304.785
304.541
304.298
304.056
303.815
303.575
303.335
303.096
302.857
302.618
302.379
302.14
301.902
301.664
301.426
301.188
300.949
300.71
300.47
300.228
299.986
299.741
299.495
299.247
298.996
298.743
298.487
298.228
297.966
297.701
297.433
297.162
296.888
296.61
296.329
296.045
295.757
295.466
295.171
294.873
294.572
294.267
293.958
293.646
293.33
293.011
292.688
292.361
292.032
291.699
291.362
291.021
290.677
290.329
289.977
315.575
315.198
314.823
314.451
314.082
313.715
313.35
312.987
312.628
312.272
311.92
311.574
311.232
310.896
310.566
310.242
309.923
309.61
309.302
309
308.703
308.413
308.127
307.847
307.572
307.301
307.035
306.772
306.513
306.257
306.004
305.754
305.505
305.258
305.013
304.769
304.527
304.286
304.046
303.806
303.567
303.329
303.091
302.853
302.615
302.377
302.139
301.902
301.666
301.429
301.193
300.956
300.719
300.481
300.241
300.001
299.759
299.514
299.268
299.019
298.767
298.512
298.254
297.993
297.729
297.462
297.192
296.919
296.642
296.362
296.077
295.79
295.499
295.204
294.906
294.605
294.3
293.992
293.68
293.364
293.045
292.722
292.395
292.066
291.733
291.396
291.056
290.712
290.364
290.011
315.541
315.164
314.789
314.417
314.048
313.679
313.313
312.948
312.585
312.226
311.871
311.521
311.178
310.841
310.51
310.185
309.866
309.553
309.245
308.943
308.648
308.358
308.075
307.797
307.525
307.257
306.993
306.733
306.477
306.224
305.974
305.726
305.481
305.237
304.994
304.752
304.511
304.272
304.034
303.796
303.559
303.323
303.086
302.849
302.612
302.374
302.138
301.902
301.667
301.432
301.198
300.964
300.729
300.493
300.256
300.018
299.778
299.537
299.292
299.045
298.795
298.541
298.284
298.024
297.762
297.496
297.227
296.955
296.679
296.399
296.115
295.827
295.536
295.242
294.944
294.644
294.34
294.032
293.719
293.403
293.084
292.76
292.434
292.104
291.772
291.436
291.096
290.752
290.404
290.051
315.502
315.125
314.752
314.381
314.011
313.642
313.273
312.904
312.537
312.173
311.813
311.46
311.114
310.776
310.445
310.12
309.801
309.487
309.179
308.878
308.583
308.295
308.014
307.74
307.471
307.206
306.945
306.689
306.436
306.187
305.94
305.697
305.454
305.213
304.972
304.732
304.494
304.256
304.02
303.785
303.551
303.316
303.081
302.845
302.608
302.371
302.135
301.9
301.667
301.435
301.203
300.972
300.74
300.507
300.273
300.038
299.801
299.562
299.321
299.076
298.828
298.575
298.319
298.06
297.798
297.533
297.266
296.995
296.721
296.441
296.158
295.87
295.578
295.284
294.987
294.687
294.384
294.077
293.765
293.448
293.127
292.803
292.476
292.147
291.816
291.481
291.143
290.799
290.451
290.097
315.457
315.081
314.71
314.342
313.974
313.605
313.233
312.859
312.485
312.113
311.747
311.389
311.04
310.701
310.37
310.046
309.728
309.414
309.105
308.803
308.508
308.222
307.945
307.674
307.41
307.149
306.892
306.639
306.39
306.145
305.903
305.664
305.426
305.188
304.95
304.711
304.474
304.239
304.005
303.774
303.543
303.311
303.077
302.842
302.605
302.367
302.131
301.896
301.665
301.436
301.208
300.981
300.753
300.523
300.292
300.059
299.826
299.592
299.354
299.113
298.866
298.615
298.359
298.099
297.838
297.575
297.31
297.042
296.769
296.49
296.206
295.917
295.624
295.33
295.033
294.736
294.434
294.128
293.816
293.499
293.176
292.85
292.522
292.194
291.864
291.532
291.196
290.854
290.505
290.151
315.403
315.032
314.665
314.303
313.94
313.571
313.195
312.814
312.429
312.045
311.669
311.304
310.952
310.613
310.286
309.966
309.648
309.333
309.021
308.716
308.421
308.138
307.865
307.601
307.343
307.088
306.834
306.583
306.338
306.098
305.863
305.631
305.398
305.164
304.927
304.689
304.452
304.218
303.988
303.762
303.536
303.308
303.077
302.84
302.602
302.361
302.123
301.889
301.659
301.434
301.213
300.992
300.768
300.541
300.312
300.082
299.853
299.625
299.393
299.156
298.912
298.66
298.403
298.142
297.88
297.619
297.359
297.096
296.825
296.548
296.262
295.969
295.673
295.377
295.082
294.788
294.492
294.188
293.876
293.556
293.229
292.899
292.569
292.242
291.917
291.59
291.257
290.917
290.569
290.214
315.339
314.974
314.614
314.265
313.913
313.546
313.167
312.772
312.372
311.967
311.576
311.199
310.845
310.508
310.192
309.881
309.565
309.247
308.926
308.617
308.318
308.037
307.771
307.519
307.273
307.023
306.773
306.52
306.277
306.042
305.819
305.599
305.373
305.143
304.905
304.666
304.424
304.191
303.965
303.748
303.533
303.311
303.082
302.843
302.6
302.352
302.11
301.873
301.647
301.428
301.217
301.006
300.787
300.562
300.331
300.104
299.88
299.662
299.441
299.209
298.968
298.713
298.452
298.184
297.922
297.663
297.412
297.158
296.893
296.616
296.325
296.028
295.722
295.423
295.129
294.845
294.559
294.26
293.949
293.622
293.288
292.946
292.613
292.286
291.971
291.656
291.328
290.991
290.641
290.288
315.256
314.911
314.548
314.23
313.91
313.538
313.163
312.739
312.324
311.868
311.463
311.061
310.713
310.375
310.088
309.806
309.484
309.166
308.815
308.501
308.189
307.918
307.654
307.43
307.209
306.96
306.713
306.444
306.205
305.971
305.771
305.575
305.353
305.132
304.886
304.646
304.385
304.154
303.928
303.733
303.541
303.322
303.101
302.852
302.606
302.334
302.089
301.843
301.625
301.409
301.222
301.032
300.813
300.592
300.345
300.122
299.898
299.702
299.505
299.276
299.042
298.776
298.512
298.219
297.957
297.695
297.468
297.239
296.975
296.706
296.4
296.096
295.761
295.461
295.163
294.904
294.646
294.347
294.044
293.699
293.358
292.982
292.646
292.313
292.026
291.74
291.412
291.083
290.718
290.377
315.134
314.872
314.418
314.199
313.982
313.534
313.229
312.692
312.334
311.694
311.346
310.844
310.565
310.17
309.978
309.788
309.399
309.132
308.649
308.383
308
307.786
307.483
307.334
307.188
306.891
306.687
306.323
306.126
305.849
305.716
305.588
305.332
305.159
304.858
304.657
304.303
304.111
303.844
303.714
303.588
303.336
303.162
302.857
302.649
302.278
302.071
301.77
301.599
301.351
301.228
301.102
300.842
300.659
300.325
300.141
299.875
299.744
299.614
299.349
299.164
298.836
298.612
298.211
297.991
297.677
297.524
297.372
297.063
296.849
296.469
296.211
295.749
295.497
295.138
294.963
294.791
294.44
294.198
293.769
293.479
292.96
292.676
292.273
292.078
291.886
291.495
291.228
290.76
290.498
289.493
289.065
288.633
288.197
287.757
287.314
286.868
286.419
285.968
285.515
285.06
284.604
284.146
283.688
283.229
289.497
289.069
288.637
288.2
287.761
287.317
286.871
286.422
285.97
285.517
285.061
284.605
284.147
283.689
283.23
289.506
289.077
288.644
288.208
287.767
287.323
286.876
286.426
285.974
285.52
285.064
284.607
284.149
283.689
283.23
289.519
289.09
288.656
288.219
287.777
287.332
286.884
286.433
285.98
285.525
285.068
284.61
284.151
283.691
283.23
289.536
289.106
288.672
288.233
287.79
287.344
286.895
286.443
285.988
285.532
285.074
284.614
284.154
283.693
283.231
289.559
289.128
288.692
288.252
287.807
287.359
286.908
286.455
285.998
285.54
285.081
284.62
284.157
283.695
283.232
289.586
289.154
288.716
288.274
287.828
287.378
286.924
286.469
286.01
285.55
285.089
284.626
284.162
283.697
283.233
289.618
289.184
288.745
288.3
287.852
287.399
286.943
286.485
286.024
285.562
285.098
284.633
284.167
283.7
283.233
289.657
289.221
288.779
288.331
287.879
287.423
286.965
286.503
286.04
285.575
285.108
284.641
284.172
283.704
283.235
289.702
289.263
288.818
288.366
287.911
287.451
286.988
286.524
286.057
285.589
285.12
284.649
284.179
283.707
283.236
289.754
289.312
288.862
288.406
287.946
287.481
287.015
286.546
286.076
285.604
285.132
284.659
284.185
283.711
283.237
289.815
289.369
288.913
288.451
287.984
287.514
287.043
286.569
286.095
285.62
285.145
284.669
284.192
283.715
283.238
289.888
289.435
288.97
288.499
288.025
287.549
287.072
286.594
286.116
285.637
285.158
284.679
284.199
283.72
283.24
289.978
289.512
289.034
288.551
288.068
287.585
287.102
286.619
286.137
285.654
285.172
284.689
284.207
283.724
283.241
290.099
289.602
289.101
288.604
288.111
287.62
287.132
286.644
286.157
285.671
285.185
284.7
284.214
283.728
283.243
322.743
322.228
321.714
321.199
320.684
320.169
319.653
319.136
318.618
318.098
317.576
317.05
316.515
315.964
315.369
322.742
322.225
321.708
321.191
320.673
320.155
319.636
319.116
318.595
318.071
317.544
317.011
316.47
315.912
315.32
322.74
322.221
321.702
321.183
320.662
320.142
319.62
319.097
318.573
318.046
317.515
316.98
316.436
315.883
315.317
322.739
322.218
321.697
321.175
320.652
320.129
319.605
319.08
318.553
318.023
317.49
316.953
316.41
315.861
315.309
322.738
322.215
321.691
321.167
320.643
320.117
319.591
319.063
318.534
318.002
317.468
316.93
316.389
315.843
315.294
322.737
322.212
321.686
321.16
320.634
320.106
319.578
319.048
318.517
317.984
317.448
316.91
316.37
315.827
315.285
322.736
322.209
321.682
321.154
320.625
320.096
319.566
319.034
318.501
317.967
317.43
316.892
316.352
315.812
315.275
322.736
322.206
321.677
321.147
320.617
320.086
319.554
319.021
318.487
317.951
317.414
316.875
316.335
315.794
315.253
322.735
322.204
321.673
321.142
320.61
320.077
319.544
319.009
318.474
317.937
317.398
316.859
316.318
315.777
315.238
322.734
322.202
321.669
321.136
320.603
320.069
319.534
318.998
318.461
317.923
317.384
316.843
316.301
315.758
315.211
322.733
322.199
321.665
321.131
320.596
320.061
319.525
318.988
318.45
317.911
317.37
316.829
316.285
315.741
315.196
322.732
322.197
321.662
321.126
320.59
320.054
319.516
318.978
318.439
317.899
317.358
316.815
316.271
315.725
315.175
322.732
322.195
321.659
321.122
320.585
320.047
319.509
318.969
318.429
317.888
317.346
316.802
316.258
315.711
315.163
322.731
322.194
321.656
321.118
320.58
320.041
319.501
318.961
318.42
317.878
317.335
316.791
316.246
315.698
315.148
322.731
322.192
321.653
321.114
320.575
320.035
319.494
318.953
318.411
317.869
317.325
316.78
316.235
315.688
315.141
322.73
322.191
321.651
321.111
320.57
320.029
319.488
318.946
318.403
317.86
317.316
316.771
316.225
315.679
315.134
322.73
322.189
321.648
321.107
320.566
320.024
319.482
318.939
318.396
317.852
317.307
316.761
316.215
315.668
315.121
322.729
322.188
321.646
321.104
320.562
320.02
319.477
318.933
318.389
317.844
317.299
316.753
316.206
315.658
315.112
322.729
322.187
321.644
321.101
320.558
320.015
319.472
318.927
318.383
317.837
317.291
316.744
316.197
315.648
315.097
322.728
322.185
321.642
321.099
320.555
320.011
319.467
318.922
318.377
317.831
317.284
316.737
316.188
315.639
315.089
322.728
322.184
321.64
321.096
320.552
320.007
319.462
318.917
318.371
317.824
317.277
316.73
316.181
315.631
315.079
322.728
322.183
321.639
321.094
320.549
320.004
319.458
318.912
318.366
317.819
317.271
316.723
316.174
315.625
315.074
322.727
322.182
321.637
321.092
320.546
320.001
319.455
318.908
318.361
317.814
317.266
316.717
316.168
315.619
315.07
322.727
322.182
321.636
321.09
320.544
319.998
319.451
318.904
318.357
317.809
317.26
316.712
316.162
315.613
315.062
322.727
322.181
321.635
321.088
320.542
319.995
319.448
318.9
318.353
317.804
317.256
316.706
316.157
315.607
315.057
322.727
322.18
321.634
321.087
320.54
319.993
319.445
318.897
318.349
317.8
317.251
316.701
316.151
315.601
315.049
322.727
322.18
321.633
321.085
320.538
319.99
319.442
318.894
318.346
317.796
317.247
316.697
316.146
315.595
315.045
322.726
322.179
321.632
321.084
320.536
319.988
319.44
318.891
318.342
317.793
317.243
316.693
316.142
315.59
315.036
322.726
322.179
321.631
321.083
320.535
319.987
319.438
318.889
318.34
317.79
317.24
316.689
316.138
315.585
315.033
322.726
322.178
321.63
321.082
320.534
319.985
319.436
318.887
318.337
317.787
317.237
316.686
316.134
315.582
315.028
322.726
322.178
321.629
321.081
320.532
319.984
319.435
318.885
318.335
317.785
317.234
316.683
316.131
315.579
315.025
322.726
322.177
321.629
321.08
320.532
319.983
319.433
318.884
318.334
317.783
317.232
316.681
316.129
315.576
315.024
322.726
322.177
321.629
321.08
320.531
319.982
319.432
318.882
318.332
317.782
317.231
316.679
316.127
315.574
315.021
322.726
322.177
321.628
321.079
320.53
319.981
319.431
318.881
318.331
317.78
317.229
316.678
316.125
315.573
315.02
322.726
322.177
321.628
321.079
320.53
319.98
319.431
318.881
318.33
317.78
317.228
316.676
316.124
315.571
315.018
322.726
322.177
321.628
321.079
320.53
319.98
319.431
318.88
318.33
317.779
317.228
316.676
316.123
315.57
315.017
322.726
322.177
321.628
321.079
320.53
319.98
319.431
318.88
318.33
317.779
317.228
316.676
316.123
315.57
315.016
322.726
322.177
321.628
321.079
320.53
319.98
319.431
318.881
318.33
317.779
317.228
316.676
316.123
315.57
315.016
322.726
322.177
321.628
321.079
320.53
319.981
319.431
318.881
318.331
317.78
317.229
316.677
316.124
315.571
315.017
322.726
322.177
321.629
321.08
320.531
319.982
319.432
318.882
318.332
317.781
317.23
316.678
316.125
315.572
315.018
322.726
322.177
321.629
321.08
320.532
319.983
319.433
318.883
318.333
317.783
317.231
316.68
316.127
315.574
315.019
322.726
322.178
321.63
321.081
320.533
319.984
319.435
318.885
318.335
317.785
317.234
316.682
316.129
315.576
315.022
322.726
322.178
321.63
321.082
320.534
319.985
319.436
318.887
318.337
317.787
317.236
316.685
316.132
315.579
315.025
322.726
322.179
321.631
321.083
320.535
319.987
319.438
318.889
318.34
317.79
317.239
316.688
316.136
315.583
315.03
322.726
322.179
321.632
321.084
320.537
319.989
319.44
318.892
318.343
317.793
317.243
316.692
316.14
315.588
315.034
322.727
322.18
321.633
321.086
320.538
319.991
319.443
318.895
318.346
317.797
317.247
316.696
316.145
315.594
315.043
322.727
322.18
321.634
321.087
320.541
319.993
319.446
318.898
318.35
317.801
317.251
316.701
316.151
315.599
315.047
322.727
322.181
321.635
321.089
320.543
319.996
319.449
318.902
318.354
317.805
317.256
316.707
316.156
315.606
315.056
322.727
322.182
321.637
321.091
320.545
319.999
319.453
318.906
318.358
317.81
317.262
316.712
316.162
315.611
315.06
322.728
322.183
321.638
321.093
320.548
320.002
319.457
318.91
318.363
317.816
317.268
316.719
316.169
315.618
315.064
322.728
322.184
321.64
321.095
320.551
320.006
319.461
318.915
318.369
317.822
317.274
316.726
316.176
315.626
315.074
322.728
322.185
321.642
321.098
320.554
320.01
319.465
318.92
318.375
317.829
317.282
316.734
316.185
315.635
315.082
322.729
322.186
321.643
321.101
320.557
320.014
319.47
318.926
318.381
317.836
317.289
316.743
316.195
315.646
315.096
322.729
322.187
321.645
321.103
320.561
320.018
319.475
318.932
318.388
317.843
317.298
316.752
316.205
315.657
315.106
322.73
322.189
321.648
321.106
320.565
320.023
319.481
318.938
318.395
317.852
317.307
316.762
316.216
315.67
315.126
322.73
322.19
321.65
321.11
320.569
320.028
319.487
318.945
318.403
317.86
317.317
316.773
316.228
315.683
315.137
322.731
322.192
321.652
321.113
320.574
320.034
319.493
318.953
318.411
317.87
317.327
316.784
316.24
315.696
315.154
322.731
322.193
321.655
321.117
320.578
320.039
319.5
318.96
318.42
317.879
317.338
316.795
316.252
315.707
315.162
322.732
322.195
321.658
321.121
320.583
320.045
319.507
318.969
318.429
317.89
317.349
316.807
316.264
315.72
315.171
322.732
322.196
321.661
321.125
320.588
320.052
319.515
318.977
318.439
317.9
317.361
316.82
316.278
315.735
315.19
322.733
322.198
321.664
321.129
320.594
320.058
319.523
318.986
318.45
317.912
317.374
316.834
316.294
315.751
315.204
322.733
322.2
321.667
321.133
320.599
320.065
319.531
318.996
318.46
317.924
317.387
316.849
316.31
315.77
315.229
322.734
322.202
321.67
321.138
320.605
320.073
319.539
319.006
318.472
317.937
317.401
316.865
316.328
315.789
315.247
322.735
322.204
321.673
321.143
320.611
320.08
319.548
319.016
318.483
317.95
317.416
316.882
316.347
315.812
315.28
322.735
322.206
321.677
321.148
320.618
320.088
319.558
319.027
318.496
317.964
317.432
316.899
316.365
315.832
315.298
322.736
322.208
321.681
321.153
320.624
320.096
319.567
319.038
318.508
317.978
317.447
316.916
316.384
315.853
315.326
322.737
322.211
321.684
321.158
320.631
320.104
319.577
319.049
318.521
317.993
317.463
316.933
316.403
315.871
315.339
322.738
322.213
321.688
321.163
320.638
320.113
319.587
319.061
318.535
318.008
317.48
316.952
316.422
315.89
315.353
322.738
322.215
321.692
321.169
320.646
320.122
319.598
319.074
318.549
318.023
317.497
316.971
316.442
315.912
315.382
322.739
322.218
321.696
321.175
320.653
320.131
319.609
319.086
318.563
318.04
317.515
316.99
316.464
315.936
315.402
322.74
322.22
321.701
321.181
320.661
320.14
319.62
319.099
318.578
318.056
317.534
317.011
316.488
315.963
315.438
322.741
322.223
321.705
321.187
320.668
320.15
319.631
319.112
318.593
318.073
317.553
317.033
316.512
315.99
315.463
322.742
322.226
321.709
321.193
320.676
320.16
319.643
319.126
318.608
318.091
317.573
317.055
316.537
316.02
315.509
322.743
322.228
321.714
321.199
320.685
320.17
319.655
319.139
318.624
318.108
317.592
317.077
316.561
316.047
315.533
322.744
322.231
321.718
321.206
320.693
320.18
319.667
319.153
318.64
318.126
317.612
317.098
316.585
316.074
315.569
322.745
322.234
321.723
321.212
320.701
320.19
319.679
319.167
318.655
318.144
317.632
317.12
316.608
316.096
315.586
322.746
322.237
321.728
321.219
320.71
320.2
319.691
319.181
318.671
318.161
317.651
317.141
316.63
316.118
315.602
322.747
322.24
321.733
321.226
320.718
320.211
319.703
319.196
318.688
318.179
317.671
317.163
316.654
316.144
315.635
322.748
322.243
321.738
321.233
320.727
320.222
319.716
319.21
318.704
318.198
317.691
317.184
316.677
316.169
315.657
322.749
322.246
321.743
321.24
320.736
320.233
319.729
319.225
318.721
318.216
317.711
317.207
316.702
316.198
315.696
322.75
322.249
321.748
321.247
320.745
320.244
319.742
319.24
318.737
318.235
317.732
317.229
316.726
316.224
315.72
322.751
322.252
321.753
321.254
320.755
320.255
319.755
319.255
318.754
318.253
317.752
317.251
316.75
316.253
315.762
322.752
322.255
321.758
321.262
320.764
320.267
319.769
319.271
318.772
318.272
317.772
317.272
316.773
316.276
315.782
322.753
322.258
321.764
321.269
320.774
320.279
319.783
319.286
318.789
318.291
317.792
317.293
316.794
316.298
315.808
322.754
322.262
321.77
321.277
320.785
320.291
319.798
319.303
318.807
318.311
317.813
317.314
316.814
316.315
315.819
322.755
322.265
321.776
321.286
320.795
320.304
319.813
319.32
318.827
318.331
317.834
317.335
316.833
316.33
315.826
322.756
322.269
321.782
321.294
320.806
320.318
319.828
319.338
318.847
318.353
317.857
317.358
316.854
316.345
315.834
322.758
322.273
321.788
321.303
320.817
320.331
319.845
319.357
318.868
318.377
317.883
317.384
316.878
316.362
315.836
322.759
322.277
321.794
321.312
320.829
320.346
319.862
319.377
318.891
318.403
317.912
317.415
316.909
316.385
315.826
322.76
322.28
321.801
321.321
320.841
320.361
319.88
319.398
318.916
318.431
317.944
317.452
316.952
316.434
315.869
290.264
289.688
289.159
288.649
288.148
287.651
287.158
286.666
286.176
285.687
285.198
284.709
284.221
283.732
283.244
290.304
289.733
289.199
288.684
288.178
287.677
287.18
286.686
286.192
285.7
285.208
284.717
284.226
283.736
283.245
290.286
289.752
289.227
288.712
288.204
287.701
287.201
286.704
286.208
285.713
285.219
284.725
284.232
283.739
283.246
290.284
289.764
289.247
288.734
288.226
287.722
287.22
286.721
286.223
285.725
285.229
284.733
284.238
283.743
283.248
290.287
289.775
289.263
288.754
288.246
287.741
287.238
286.737
286.237
285.737
285.239
284.741
284.243
283.746
283.249
290.29
289.786
289.279
288.771
288.265
287.759
287.255
286.752
286.25
285.749
285.248
284.748
284.248
283.749
283.25
290.297
289.799
289.295
288.788
288.282
287.776
287.271
286.766
286.263
285.76
285.257
284.755
284.254
283.752
283.251
290.317
289.816
289.312
288.806
288.299
287.792
287.286
286.78
286.275
285.77
285.266
284.762
284.258
283.755
283.252
290.333
289.834
289.33
288.823
288.316
287.808
287.301
286.794
286.287
285.78
285.274
284.769
284.263
283.758
283.253
290.366
289.857
289.35
288.842
288.333
287.824
287.315
286.807
286.298
285.79
285.283
284.775
284.268
283.761
283.254
290.386
289.879
289.37
288.86
288.35
287.84
287.33
286.819
286.31
285.8
285.291
284.781
284.272
283.763
283.254
290.419
289.903
289.391
288.879
288.367
287.855
287.344
286.832
286.321
285.809
285.298
284.787
284.277
283.766
283.255
290.437
289.924
289.411
288.898
288.384
287.871
287.358
286.845
286.332
285.819
285.306
284.793
284.281
283.769
283.256
290.466
289.946
289.431
288.916
288.401
287.887
287.372
286.857
286.342
285.828
285.314
284.799
284.285
283.771
283.257
290.48
289.965
289.45
288.934
288.418
287.902
287.386
286.869
286.353
285.837
285.321
284.805
284.289
283.774
283.258
290.494
289.985
289.47
288.953
288.435
287.917
287.4
286.882
286.364
285.846
285.328
284.811
284.293
283.776
283.259
290.526
290.009
289.491
288.972
288.453
287.933
287.413
286.894
286.374
285.855
285.336
284.816
284.297
283.778
283.259
290.548
290.032
289.512
288.991
288.47
287.948
287.427
286.906
286.385
285.864
285.343
284.822
284.301
283.781
283.26
290.588
290.059
289.535
289.011
288.487
287.964
287.441
286.918
286.395
285.872
285.35
284.828
284.305
283.783
283.261
290.61
290.083
289.556
289.03
288.504
287.979
287.454
286.929
286.405
285.881
285.357
284.833
284.309
283.785
283.262
290.643
290.108
289.577
289.049
288.521
287.994
287.467
286.941
286.415
285.889
285.364
284.838
284.313
283.788
283.263
290.661
290.129
289.597
289.066
288.537
288.008
287.48
286.952
286.425
285.897
285.37
284.843
284.317
283.79
283.263
290.687
290.149
289.615
289.084
288.553
288.022
287.492
286.963
286.434
285.905
285.377
284.848
284.32
283.792
283.264
290.7
290.166
289.633
289.1
288.568
288.036
287.505
286.974
286.443
285.913
285.383
284.853
284.324
283.794
283.265
290.712
290.183
289.65
289.116
288.582
288.049
287.517
286.984
286.452
285.921
285.389
284.858
284.327
283.796
283.265
290.737
290.202
289.667
289.132
288.597
288.062
287.528
286.994
286.461
285.928
285.395
284.863
284.331
283.798
283.266
290.754
290.221
289.684
289.147
288.611
288.075
287.539
287.004
286.47
285.935
285.401
284.867
284.334
283.8
283.267
290.785
290.241
289.701
289.163
288.625
288.087
287.55
287.014
286.478
285.942
285.407
284.872
284.337
283.802
283.267
290.802
290.26
289.718
289.177
288.638
288.099
287.561
287.023
286.486
285.949
285.412
284.876
284.34
283.804
283.268
290.825
290.278
289.734
289.191
288.651
288.11
287.571
287.032
286.494
285.956
285.418
284.88
284.343
283.806
283.269
290.838
290.293
289.748
289.205
288.663
288.121
287.581
287.041
286.501
285.962
285.423
284.884
284.346
283.807
283.269
290.856
290.307
289.761
289.217
288.674
288.132
287.59
287.049
286.508
285.968
285.428
284.888
284.348
283.809
283.27
290.865
290.319
289.773
289.229
288.685
288.141
287.599
287.057
286.515
285.974
285.432
284.892
284.351
283.811
283.27
290.873
290.33
289.785
289.24
288.695
288.151
287.607
287.064
286.521
285.979
285.437
284.895
284.354
283.812
283.271
290.889
290.342
289.796
289.25
288.705
288.16
287.615
287.071
286.528
285.984
285.441
284.899
284.356
283.814
283.271
290.9
290.354
289.807
289.26
288.714
288.168
287.623
287.078
286.534
285.989
285.445
284.902
284.358
283.815
283.272
290.919
290.367
289.818
289.27
288.723
288.176
287.63
287.085
286.539
285.994
285.449
284.905
284.361
283.816
283.272
290.928
290.378
289.828
289.28
288.732
288.184
287.637
287.091
286.545
285.999
285.453
284.908
284.363
283.818
283.273
290.942
290.388
289.838
289.288
288.74
288.192
287.644
287.097
286.55
286.003
285.457
284.911
284.365
283.819
283.273
290.948
290.397
289.846
289.297
288.747
288.199
287.65
287.102
286.555
286.007
285.46
284.913
284.367
283.82
283.273
290.953
290.405
289.855
289.305
288.755
288.205
287.656
287.108
286.559
286.011
285.464
284.916
284.368
283.821
283.274
290.964
290.413
289.863
289.312
288.762
288.212
287.662
287.113
286.564
286.015
285.467
284.918
284.37
283.822
283.274
290.972
290.422
289.871
289.319
288.769
288.218
287.668
287.118
286.568
286.019
285.47
284.921
284.372
283.823
283.274
290.983
290.431
289.878
289.327
288.775
288.224
287.673
287.122
286.572
286.022
285.472
284.923
284.373
283.824
283.275
290.991
290.439
289.886
289.334
288.781
288.229
287.678
287.127
286.576
286.025
285.475
284.925
284.375
283.825
283.275
291.004
290.448
289.894
289.34
288.787
288.235
287.683
287.131
286.58
286.029
285.478
284.927
284.376
283.826
283.275
291.01
290.455
289.9
289.346
288.793
288.24
287.687
287.135
286.583
286.031
285.48
284.929
284.378
283.826
283.275
291.02
290.462
289.907
289.352
288.798
288.244
287.691
287.139
286.586
286.034
285.482
284.93
284.379
283.827
283.276
291.024
290.468
289.912
289.357
288.803
288.249
287.695
287.142
286.589
286.037
285.484
284.932
284.38
283.828
283.276
291.031
290.473
289.917
289.362
288.807
288.253
287.699
287.145
286.592
286.039
285.486
284.934
284.381
283.829
283.276
291.034
290.477
289.921
289.366
288.811
288.256
287.702
287.148
286.595
286.041
285.488
284.935
284.382
283.829
283.276
291.036
290.481
289.925
289.37
288.815
288.26
287.705
287.151
286.597
286.043
285.49
284.936
284.383
283.83
283.277
291.042
290.485
289.929
289.373
288.818
288.263
287.708
287.153
286.599
286.045
285.491
284.937
284.384
283.83
283.277
291.045
290.489
289.933
289.377
288.821
288.266
287.711
287.156
286.601
286.047
285.493
284.939
284.385
283.831
283.277
291.05
290.493
289.936
289.38
288.824
288.268
287.713
287.158
286.603
286.048
285.494
284.94
284.385
283.831
283.277
291.053
290.496
289.939
289.383
288.827
288.271
287.715
287.16
286.605
286.05
285.495
284.941
284.386
283.832
283.277
291.057
290.499
289.942
289.385
288.829
288.273
287.717
287.162
286.606
286.051
285.496
284.941
284.387
283.832
283.277
291.059
290.502
289.944
289.388
288.831
288.275
287.719
287.163
286.608
286.052
285.497
284.942
284.387
283.832
283.277
291.062
290.504
289.946
289.389
288.833
288.276
287.72
287.165
286.609
286.053
285.498
284.943
284.388
283.833
283.278
291.063
290.505
289.948
289.391
288.834
288.278
287.722
287.166
286.61
286.054
285.499
284.943
284.388
283.833
283.278
291.064
290.507
289.95
289.393
288.836
288.279
287.723
287.167
286.611
286.055
285.499
284.944
284.388
283.833
283.278
291.065
290.508
289.951
289.394
288.837
288.28
287.724
287.168
286.612
286.056
285.5
284.944
284.389
283.833
283.278
291.066
290.509
289.952
289.395
288.838
288.281
287.725
287.169
286.612
286.056
285.501
284.945
284.389
283.833
283.278
291.068
290.51
289.953
289.396
288.839
288.282
287.726
287.169
286.613
286.057
285.501
284.945
284.389
283.834
283.278
291.069
290.511
289.954
289.397
288.84
288.283
287.726
287.17
286.613
286.057
285.501
284.945
284.389
283.834
283.278
291.07
290.512
289.954
289.397
288.84
288.283
287.727
287.17
286.614
286.057
285.501
284.945
284.39
283.834
283.278
291.07
290.512
289.955
289.398
288.84
288.284
287.727
287.17
286.614
286.058
285.501
284.945
284.39
283.834
283.278
291.07
290.513
289.955
289.398
288.841
288.284
287.727
287.17
286.614
286.058
285.501
284.945
284.39
283.834
283.278
291.07
290.513
289.955
289.398
288.841
288.284
287.727
287.17
286.614
286.058
285.501
284.945
284.389
283.834
283.278
291.07
290.513
289.955
289.398
288.841
288.284
287.727
287.17
286.614
286.057
285.501
284.945
284.389
283.834
283.278
291.07
290.513
289.955
289.398
288.84
288.283
287.726
287.17
286.613
286.057
285.501
284.945
284.389
283.833
283.278
291.07
290.512
289.955
289.397
288.84
288.283
287.726
287.169
286.613
286.056
285.5
284.945
284.389
283.833
283.278
291.07
290.512
289.954
289.397
288.839
288.282
287.725
287.168
286.612
286.056
285.5
284.944
284.388
283.833
283.278
291.07
290.512
289.954
289.396
288.839
288.281
287.724
287.167
286.611
286.055
285.499
284.943
284.388
283.833
283.278
291.069
290.511
289.953
289.395
288.838
288.28
287.723
287.166
286.61
286.054
285.498
284.943
284.387
283.832
283.277
291.069
290.511
289.952
289.394
288.836
288.279
287.722
287.165
286.608
286.052
285.497
284.942
284.387
283.832
283.277
291.069
290.51
289.952
289.393
288.835
288.277
287.72
287.163
286.607
286.051
285.495
284.941
284.386
283.831
283.277
291.068
290.509
289.951
289.392
288.833
288.275
287.718
287.161
286.605
286.049
285.494
284.939
284.385
283.831
283.277
291.068
290.509
289.949
289.39
288.831
288.273
287.715
287.158
286.602
286.047
285.492
284.937
284.384
283.83
283.277
291.068
290.508
289.948
289.388
288.829
288.27
287.712
287.155
286.599
286.044
285.489
284.936
284.382
283.829
283.276
291.069
290.508
289.947
289.386
288.826
288.266
287.708
287.151
286.595
286.041
285.486
284.933
284.38
283.828
283.276
291.07
290.508
289.945
289.383
288.822
288.262
287.704
287.147
286.591
286.037
285.483
284.93
284.378
283.827
283.276
291.072
290.508
289.943
289.379
288.817
288.257
287.698
287.141
286.586
286.032
285.479
284.927
284.376
283.826
283.275
291.076
290.508
289.941
289.375
288.811
288.25
287.691
287.135
286.58
286.027
285.475
284.924
284.374
283.824
283.275
291.078
290.508
289.937
289.369
288.804
288.242
287.683
287.127
286.572
286.02
285.469
284.919
284.371
283.822
283.274
291.082
290.507
289.932
289.361
288.794
288.231
287.673
287.117
286.564
286.013
285.463
284.915
284.367
283.82
283.273
291.097
290.508
289.924
289.349
288.781
288.218
287.66
287.106
286.554
286.004
285.456
284.909
284.363
283.818
283.273
291.108
290.504
289.911
289.332
288.764
288.202
287.646
287.093
286.543
285.995
285.449
284.903
284.359
283.815
283.272
291.141
290.492
289.889
289.309
288.741
288.182
287.628
287.078
286.53
285.984
285.44
284.897
284.354
283.812
283.271
291.101
290.447
289.85
289.276
288.714
288.159
287.608
287.061
286.516
285.973
285.431
284.89
284.349
283.809
283.27
322.762
322.285
321.808
321.331
320.854
320.377
319.9
319.422
318.944
318.465
317.984
317.5
317.013
316.523
316.036
322.763
322.29
321.816
321.342
320.869
320.396
319.922
319.449
318.976
318.503
318.029
317.556
317.084
316.616
316.16
322.765
322.294
321.824
321.354
320.884
320.414
319.945
319.476
319.008
318.541
318.075
317.611
317.151
316.697
316.254
322.766
322.299
321.832
321.365
320.898
320.432
319.967
319.503
319.04
318.578
318.119
317.663
317.211
316.766
316.331
322.768
322.303
321.839
321.375
320.912
320.45
319.988
319.528
319.069
318.613
318.16
317.71
317.265
316.826
316.395
322.769
322.307
321.846
321.385
320.925
320.466
320.008
319.552
319.097
318.645
318.197
317.752
317.312
316.878
316.451
322.77
322.311
321.853
321.395
320.937
320.481
320.026
319.573
319.123
318.675
318.23
317.789
317.353
316.923
316.499
322.772
322.315
321.859
321.403
320.948
320.495
320.043
319.593
319.145
318.701
318.259
317.822
317.389
316.961
316.539
322.773
322.318
321.864
321.411
320.958
320.507
320.058
319.61
319.165
318.723
318.285
317.85
317.419
316.994
316.574
322.774
322.321
321.869
321.417
320.967
320.518
320.07
319.625
319.182
318.743
318.306
317.874
317.445
317.022
316.603
322.774
322.323
321.873
321.423
320.974
320.527
320.081
319.638
319.197
318.759
318.324
317.893
317.466
317.044
316.627
322.775
322.325
321.876
321.427
320.98
320.534
320.09
319.648
319.208
318.772
318.338
317.909
317.483
317.062
316.646
322.775
322.327
321.878
321.431
320.984
320.539
320.096
319.655
319.217
318.781
318.349
317.92
317.496
317.075
316.659
322.776
322.328
321.88
321.433
320.987
320.543
320.1
319.66
319.222
318.787
318.356
317.928
317.504
317.084
316.669
322.776
322.328
321.881
321.434
320.989
320.545
320.102
319.663
319.225
318.791
318.359
317.932
317.508
317.088
316.673
315.644
315.389
314.933
314.674
314.295
314.109
313.922
313.533
313.262
312.765
312.489
312.082
311.853
311.525
311.365
311.205
310.877
310.651
310.244
310.022
309.709
309.559
309.415
309.126
308.931
308.593
308.368
307.972
307.758
307.461
307.319
307.183
306.914
306.732
306.417
306.207
305.837
305.637
305.358
305.224
305.095
304.836
304.659
304.351
304.141
303.765
303.556
303.252
303.08
302.833
302.71
302.586
302.332
302.153
301.827
301.647
301.388
301.261
301.134
300.878
300.7
300.384
300.166
299.774
299.558
299.247
299.095
298.943
298.634
298.417
298.031
297.766
297.285
297.02
296.637
296.45
296.264
295.881
295.614
295.137
294.811
294.219
293.895
293.428
293.203
292.98
292.524
292.215
291.671
291.371
315.77
315.438
315.083
314.764
314.446
314.17
313.894
313.573
313.252
312.892
312.568
312.241
311.955
311.675
311.434
311.196
310.924
310.654
310.356
310.091
309.831
309.609
309.392
309.145
308.9
308.626
308.361
308.072
307.817
307.569
307.359
307.154
306.922
306.692
306.436
306.187
305.916
305.677
305.442
305.242
305.045
304.822
304.598
304.345
304.096
303.821
303.574
303.326
303.107
302.892
302.705
302.517
302.301
302.084
301.841
301.622
301.403
301.211
301.018
300.794
300.566
300.306
300.047
299.759
299.499
299.238
299.01
298.78
298.513
298.239
297.925
297.611
297.261
296.945
296.628
296.351
296.071
295.744
295.41
295.027
294.645
294.22
293.838
293.457
293.129
292.801
292.423
292.046
291.626
291.238
315.864
315.521
315.181
314.854
314.537
314.232
313.929
313.615
313.296
312.97
312.652
312.342
312.049
311.767
311.501
311.238
310.968
310.696
310.421
310.155
309.898
309.652
309.411
309.162
308.909
308.649
308.386
308.122
307.868
307.623
307.391
307.163
306.929
306.691
306.446
306.199
305.949
305.709
305.477
305.255
305.035
304.809
304.576
304.335
304.089
303.838
303.594
303.356
303.129
302.91
302.7
302.49
302.272
302.05
301.823
301.599
301.378
301.162
300.945
300.717
300.479
300.228
299.97
299.704
299.442
299.182
298.929
298.672
298.401
298.118
297.818
297.508
297.188
296.872
296.56
296.255
295.945
295.618
295.276
294.914
294.542
294.158
293.781
293.411
293.053
292.695
292.321
291.936
291.538
291.138
315.943
315.598
315.26
314.93
314.609
314.293
313.98
313.666
313.35
313.035
312.724
312.42
312.125
311.839
311.562
311.288
311.016
310.743
310.473
310.207
309.946
309.691
309.439
309.186
308.931
308.673
308.415
308.158
307.905
307.659
307.418
307.18
306.941
306.7
306.457
306.213
305.97
305.731
305.496
305.265
305.036
304.804
304.569
304.33
304.089
303.846
303.606
303.371
303.14
302.915
302.694
302.473
302.251
302.025
301.798
301.571
301.344
301.117
300.888
300.653
300.41
300.16
299.904
299.643
299.38
299.117
298.853
298.585
298.308
298.021
297.725
297.42
297.109
296.795
296.481
296.165
295.844
295.513
295.171
294.817
294.454
294.085
293.715
293.347
292.98
292.61
292.233
291.848
291.454
291.053
316.009
315.665
315.327
314.996
314.671
314.351
314.034
313.718
313.404
313.093
312.786
312.484
312.188
311.9
311.617
311.338
311.062
310.789
310.518
310.251
309.987
309.727
309.469
309.212
308.955
308.698
308.442
308.187
307.935
307.687
307.441
307.198
306.956
306.713
306.47
306.228
305.986
305.746
305.509
305.273
305.039
304.804
304.567
304.329
304.09
303.85
303.612
303.377
303.144
302.915
302.687
302.46
302.233
302.004
301.773
301.542
301.31
301.076
300.84
300.599
300.353
300.102
299.845
299.584
299.32
299.053
298.783
298.509
298.228
297.939
297.643
297.341
297.032
296.72
296.404
296.084
295.758
295.425
295.083
294.733
294.376
294.014
293.648
293.28
292.91
292.536
292.157
291.771
291.379
290.98
316.067
315.723
315.386
315.053
314.726
314.403
314.084
313.769
313.455
313.146
312.84
312.539
312.243
311.952
311.666
311.384
311.106
310.831
310.558
310.289
310.023
309.76
309.499
309.239
308.98
308.723
308.467
308.212
307.959
307.71
307.462
307.216
306.971
306.727
306.483
306.24
305.998
305.758
305.519
305.281
305.043
304.806
304.568
304.33
304.091
303.853
303.615
303.379
303.144
302.912
302.68
302.448
302.217
301.984
301.75
301.515
301.278
301.04
300.798
300.553
300.304
300.05
299.792
299.53
299.264
298.994
298.721
298.442
298.158
297.868
297.572
297.27
296.962
296.65
296.332
296.01
295.682
295.348
295.007
294.66
294.306
293.946
293.583
293.216
292.845
292.47
292.09
291.705
291.313
290.916
316.116
315.774
315.436
315.103
314.775
314.451
314.131
313.815
313.502
313.193
312.887
312.586
312.289
311.997
311.71
311.426
311.145
310.868
310.594
310.323
310.055
309.789
309.526
309.264
309.004
308.746
308.489
308.234
307.981
307.729
307.48
307.232
306.986
306.74
306.496
306.252
306.009
305.767
305.527
305.287
305.048
304.809
304.57
304.331
304.092
303.854
303.616
303.379
303.142
302.907
302.672
302.437
302.202
301.966
301.729
301.49
301.25
301.007
300.762
300.513
300.261
300.005
299.745
299.481
299.213
298.941
298.665
298.384
298.098
297.806
297.509
297.207
296.899
296.586
296.268
295.945
295.616
295.282
294.941
294.595
294.243
293.885
293.523
293.157
292.787
292.412
292.032
291.647
291.257
290.861
316.158
315.817
315.479
315.146
314.818
314.493
314.173
313.856
313.543
313.234
312.929
312.627
312.33
312.037
311.748
311.462
311.18
310.901
310.626
310.353
310.083
309.816
309.55
309.287
309.026
308.767
308.509
308.253
307.999
307.747
307.496
307.247
306.999
306.752
306.507
306.262
306.018
305.776
305.534
305.293
305.052
304.812
304.573
304.333
304.093
303.854
303.615
303.377
303.139
302.901
302.664
302.427
302.188
301.949
301.709
301.468
301.224
300.978
300.73
300.478
300.224
299.965
299.703
299.437
299.167
298.894
298.615
298.332
298.045
297.752
297.454
297.151
296.843
296.529
296.211
295.887
295.558
295.224
294.884
294.538
294.187
293.831
293.47
293.105
292.735
292.36
291.981
291.597
291.208
290.813
316.194
315.853
315.516
315.183
314.855
314.53
314.209
313.892
313.579
313.27
312.964
312.662
312.365
312.071
311.78
311.494
311.21
310.93
310.653
310.379
310.108
309.839
309.572
309.308
309.046
308.785
308.527
308.27
308.015
307.761
307.51
307.26
307.011
306.763
306.516
306.271
306.026
305.783
305.54
305.298
305.056
304.815
304.575
304.334
304.094
303.854
303.614
303.375
303.135
302.896
302.657
302.417
302.176
301.935
301.692
301.448
301.202
300.953
300.702
300.449
300.192
299.931
299.667
299.4
299.128
298.852
298.573
298.288
297.999
297.706
297.407
297.103
296.794
296.48
296.162
295.838
295.508
295.174
294.834
294.489
294.139
293.783
293.423
293.059
292.689
292.315
291.937
291.553
291.165
290.773
316.224
315.884
315.547
315.215
314.886
314.561
314.24
313.923
313.61
313.3
312.994
312.692
312.394
312.099
311.808
311.52
311.236
310.955
310.677
310.402
310.129
309.859
309.591
309.326
309.063
308.801
308.542
308.284
308.028
307.774
307.522
307.271
307.021
306.772
306.525
306.279
306.033
305.789
305.545
305.302
305.06
304.818
304.576
304.335
304.094
303.853
303.613
303.372
303.131
302.891
302.65
302.408
302.166
301.922
301.677
301.431
301.183
300.932
300.679
300.423
300.164
299.902
299.637
299.368
299.095
298.818
298.536
298.251
297.961
297.666
297.367
297.062
296.753
296.439
296.119
295.795
295.466
295.131
294.792
294.447
294.097
293.743
293.383
293.019
292.651
292.277
291.899
291.517
291.13
290.739
316.249
315.909
315.573
315.24
314.912
314.587
314.266
313.949
313.635
313.326
313.019
312.717
312.418
312.123
311.831
311.543
311.257
310.975
310.696
310.42
310.147
309.876
309.607
309.341
309.077
308.815
308.555
308.296
308.04
307.785
307.532
307.28
307.029
306.78
306.532
306.285
306.039
305.794
305.549
305.306
305.063
304.82
304.578
304.336
304.094
303.853
303.611
303.37
303.128
302.886
302.644
302.401
302.157
301.911
301.665
301.417
301.167
300.914
300.66
300.402
300.142
299.878
299.612
299.341
299.067
298.789
298.506
298.22
297.929
297.633
297.333
297.028
296.719
296.404
296.085
295.76
295.431
295.096
294.757
294.413
294.063
293.709
293.35
292.987
292.618
292.246
291.868
291.487
291.101
290.71
316.268
315.929
315.593
315.261
314.932
314.608
314.287
313.969
313.656
313.346
313.039
312.737
312.437
312.142
311.849
311.56
311.274
310.992
310.712
310.435
310.161
309.889
309.62
309.353
309.088
308.825
308.565
308.306
308.049
307.793
307.539
307.287
307.036
306.786
306.538
306.29
306.043
305.798
305.553
305.309
305.065
304.822
304.579
304.337
304.094
303.852
303.61
303.368
303.125
302.882
302.639
302.394
302.149
301.903
301.655
301.405
301.154
300.9
300.644
300.386
300.124
299.86
299.592
299.32
299.045
298.766
298.483
298.195
297.904
297.608
297.307
297.002
296.691
296.377
296.057
295.732
295.403
295.069
294.729
294.385
294.036
293.682
293.324
292.961
292.593
292.221
291.844
291.463
291.078
290.688
316.283
315.944
315.608
315.276
314.948
314.623
314.302
313.985
313.671
313.361
313.054
312.751
312.452
312.156
311.863
311.573
311.287
311.004
310.724
310.446
310.171
309.899
309.629
309.362
309.097
308.834
308.572
308.313
308.056
307.8
307.545
307.293
307.041
306.791
306.542
306.294
306.047
305.801
305.555
305.311
305.067
304.823
304.58
304.337
304.094
303.851
303.609
303.366
303.123
302.879
302.635
302.39
302.144
301.896
301.647
301.397
301.145
300.89
300.633
300.373
300.111
299.845
299.577
299.304
299.028
298.749
298.465
298.177
297.885
297.588
297.287
296.982
296.671
296.356
296.036
295.712
295.382
295.048
294.709
294.365
294.016
293.662
293.304
292.941
292.574
292.202
291.826
291.445
291.06
290.672
316.292
315.953
315.618
315.286
314.958
314.633
314.312
313.995
313.681
313.371
313.064
312.761
312.461
312.165
311.872
311.582
311.296
311.012
310.731
310.454
310.179
309.906
309.636
309.368
309.103
308.839
308.578
308.318
308.06
307.804
307.549
307.296
307.044
306.794
306.545
306.296
306.049
305.803
305.557
305.312
305.068
304.824
304.58
304.337
304.094
303.851
303.608
303.365
303.121
302.877
302.632
302.386
302.14
301.892
301.642
301.391
301.138
300.883
300.625
300.365
300.102
299.836
299.567
299.294
299.017
298.737
298.453
298.165
297.872
297.575
297.274
296.968
296.658
296.343
296.023
295.698
295.368
295.034
294.695
294.351
294.002
293.649
293.291
292.928
292.561
292.189
291.813
291.433
291.049
290.661
316.297
315.958
315.623
315.291
314.963
314.638
314.317
314
313.686
313.376
313.069
312.766
312.466
312.169
311.876
311.587
311.3
311.016
310.735
310.457
310.182
309.909
309.639
309.371
309.105
308.842
308.58
308.32
308.062
307.806
307.551
307.298
307.046
306.796
306.546
306.298
306.05
305.804
305.558
305.313
305.068
304.824
304.581
304.337
304.094
303.851
303.608
303.364
303.12
302.876
302.631
302.385
302.138
301.89
301.64
301.388
301.135
300.88
300.622
300.361
300.098
299.831
299.562
299.289
299.012
298.731
298.447
298.159
297.866
297.569
297.268
296.962
296.651
296.336
296.016
295.691
295.361
295.027
294.688
294.344
293.995
293.642
293.284
292.922
292.555
292.183
291.807
291.427
291.043
290.655
290.917
290.355
289.79
289.231
288.678
288.129
287.584
287.041
286.499
285.959
285.42
284.882
284.344
283.806
283.269
290.785
290.258
289.719
289.176
288.635
288.094
287.555
287.017
286.48
285.943
285.407
284.872
284.337
283.802
283.267
290.685
290.173
289.65
289.121
288.59
288.057
287.524
286.992
286.459
285.927
285.394
284.862
284.33
283.798
283.266
290.603
290.1
289.588
289.069
288.546
288.021
287.494
286.967
286.438
285.91
285.381
284.852
284.323
283.794
283.265
290.533
290.036
289.531
289.02
288.505
287.986
287.465
286.942
286.418
285.893
285.368
284.842
284.316
283.79
283.263
290.472
289.98
289.481
288.976
288.466
287.953
287.437
286.919
286.399
285.878
285.356
284.833
284.309
283.786
283.262
290.42
289.932
289.437
288.937
288.432
287.923
287.411
286.897
286.381
285.863
285.344
284.824
284.303
283.782
283.261
290.375
289.89
289.399
288.902
288.401
287.896
287.388
286.877
286.364
285.849
285.333
284.815
284.297
283.779
283.26
290.336
289.854
289.365
288.872
288.374
287.872
287.367
286.859
286.349
285.837
285.323
284.808
284.292
283.775
283.259
290.303
289.823
289.337
288.846
288.351
287.852
287.349
286.844
286.336
285.826
285.314
284.801
284.287
283.773
283.258
290.277
289.798
289.314
288.825
288.332
287.835
287.334
286.831
286.325
285.817
285.307
284.796
284.283
283.77
283.257
290.255
289.778
289.295
288.808
288.317
287.821
287.322
286.82
286.316
285.809
285.301
284.791
284.28
283.768
283.256
290.24
289.763
289.282
288.796
288.305
287.811
287.313
286.813
286.309
285.804
285.297
284.788
284.278
283.767
283.256
290.229
289.753
289.273
288.787
288.298
287.804
287.307
286.807
286.305
285.8
285.293
284.785
284.276
283.766
283.255
290.224
289.748
289.268
288.783
288.294
287.801
287.304
286.805
286.303
285.798
285.292
284.784
284.275
283.765
283.255
)
;

boundaryField
{
    hot
    {
        type            fixedValue;
        value           uniform 323;
    }
    cold
    {
        type            fixedValue;
        value           uniform 283;
    }
    interface_left
    {
        type            fixedValue;
        value           nonuniform List<scalar> 
90
(
314.993
314.993
315.037
315.037
315.015
315.015
315.015
314.978
314.978
314.928
314.928
314.893
314.893
314.867
314.867
314.867
314.844
314.844
314.817
314.817
314.8
314.8
314.8
314.786
314.786
314.772
314.772
314.758
314.758
314.749
314.749
314.749
314.744
314.744
314.741
314.741
314.74
314.74
314.742
314.742
314.742
314.747
314.747
314.755
314.755
314.771
314.771
314.785
314.785
314.785
314.801
314.801
314.825
314.825
314.861
314.861
314.891
314.891
314.891
314.923
314.923
314.966
314.966
315.026
315.026
315.074
315.074
315.074
315.124
315.124
315.186
315.186
315.269
315.269
315.332
315.332
315.332
315.39
315.39
315.456
315.456
315.533
315.533
315.575
315.575
315.575
315.584
315.584
315.509
315.509
)
;
    }
    interface_right
    {
        type            fixedValue;
        value           nonuniform List<scalar> 
90
(
290.631
290.631
290.54
290.54
290.54
290.537
290.537
290.568
290.568
290.63
290.63
290.685
290.685
290.735
290.735
290.735
290.79
290.79
290.865
290.865
290.92
290.92
290.965
290.965
290.965
291.01
291.01
291.066
291.066
291.106
291.106
291.137
291.137
291.137
291.165
291.165
291.2
291.2
291.223
291.223
291.223
291.242
291.242
291.262
291.262
291.285
291.285
291.3
291.3
291.311
291.311
291.311
291.32
291.32
291.33
291.33
291.336
291.336
291.341
291.341
291.341
291.344
291.344
291.347
291.347
291.348
291.348
291.348
291.349
291.349
291.349
291.349
291.348
291.348
291.347
291.347
291.347
291.347
291.347
291.348
291.348
291.351
291.351
291.361
291.361
291.361
291.394
291.394
291.518
291.518
)
;
    }
    interface_top
    {
        type            fixedValue;
        value           nonuniform List<scalar> 
90
(
315.509
315.509
314.717
314.717
314.081
314.081
314.081
313.431
313.431
312.544
312.544
311.876
311.876
311.331
311.331
311.331
310.783
310.783
310.055
310.055
309.532
309.532
309.532
309.051
309.051
308.498
308.498
307.791
307.791
307.296
307.296
307.296
306.848
306.848
306.334
306.334
305.676
305.676
305.213
305.213
305.213
304.786
304.786
304.283
304.283
303.617
303.617
303.121
303.121
302.714
302.714
302.714
302.293
302.293
301.716
301.716
301.286
301.286
301.286
300.865
300.865
300.351
300.351
299.655
299.655
299.137
299.137
299.137
298.627
298.627
297.998
297.998
297.142
297.142
296.5
296.5
296.5
295.866
295.866
295.084
295.084
294.026
294.026
293.238
293.238
293.238
292.468
292.468
291.518
291.518
)
;
    }
    interface_bottom
    {
        type            fixedValue;
        value           nonuniform List<scalar> 
90
(
314.993
314.993
314.184
314.184
314.184
313.429
313.429
312.542
312.542
311.398
311.398
310.576
310.576
309.922
309.922
309.922
309.27
309.27
308.41
308.41
307.785
307.785
307.286
307.286
307.286
306.789
306.789
306.143
306.143
305.686
305.686
305.686
305.263
305.263
304.772
304.772
304.144
304.144
303.702
303.702
303.702
303.286
303.286
302.788
302.788
302.129
302.129
301.64
301.64
301.231
301.231
301.231
300.8
300.8
300.207
300.207
299.764
299.764
299.764
299.326
299.326
298.789
298.789
298.075
298.075
297.55
297.55
297.55
297.038
297.038
296.414
296.414
295.59
295.59
294.99
294.99
294.99
294.408
294.408
293.703
293.703
292.777
292.777
292.102
292.102
292.102
291.445
291.445
290.631
290.631
)
;
    }
    defaultFaces
    {
        type            empty;
    }
}


// ************************************************************************* //
