/*--------------------------------*- C++ -*----------------------------------*\
| =========                 |                                                 |
| \\      /  F ield         | OpenFOAM: The Open Source CFD Toolbox           |
|  \\    /   O peration     | Version:  5.x                                   |
|   \\  /    A nd           | Web:      www.OpenFOAM.org                      |
|    \\/     M anipulation  |                                                 |
\*---------------------------------------------------------------------------*/
FoamFile
{
    version     2.0;
    format      ascii;
    class       volScalarField;
    location    "3.7";
    object      gradTx;
}
// * * * * * * * * * * * * * * * * * * * * * * * * * * * * * * * * * * * * * //

dimensions      [0 -1 0 1 0 0 0];

internalField   nonuniform List<scalar> 
6300
(
-48.5927
-48.5721
-48.531
-48.4691
-48.3863
-48.2825
-48.1575
-48.0116
-47.8451
-47.6587
-47.4534
-47.2307
-46.9921
-46.7394
-46.4741
-48.6133
-48.5929
-48.5519
-48.4902
-48.4075
-48.3037
-48.1787
-48.0324
-47.8652
-47.6777
-47.4711
-47.2467
-47.0064
-46.7522
-46.4858
-48.6547
-48.6344
-48.5937
-48.5324
-48.4501
-48.3465
-48.2212
-48.0743
-47.9057
-47.7162
-47.5067
-47.2789
-47.0349
-46.7773
-46.5087
-48.7164
-48.6965
-48.6563
-48.5957
-48.5141
-48.411
-48.2857
-48.1379
-47.9675
-47.7748
-47.5608
-47.3274
-47.0772
-46.8138
-46.5408
-48.7983
-48.7788
-48.7396
-48.6802
-48.5999
-48.4977
-48.3729
-48.2244
-48.0517
-47.8549
-47.6345
-47.3928
-47.1331
-46.8601
-46.5795
-48.8998
-48.8811
-48.8433
-48.7858
-48.7076
-48.6074
-48.4838
-48.3352
-48.1604
-47.9586
-47.7299
-47.4765
-47.2023
-46.9142
-46.6206
-49.0202
-49.0026
-48.9669
-48.9123
-48.8375
-48.7407
-48.6198
-48.4725
-48.2963
-48.0892
-47.8503
-47.581
-47.2859
-46.9739
-46.6583
-49.1585
-49.1423
-49.1096
-49.0591
-48.9894
-48.8982
-48.7825
-48.6389
-48.4633
-48.2518
-48.0014
-47.7115
-47.3864
-47.0376
-46.6846
-49.313
-49.2988
-49.2701
-49.2254
-49.1631
-49.0803
-48.9733
-48.8374
-48.6664
-48.4536
-48.1921
-47.8774
-47.511
-47.1056
-46.6898
-49.4817
-49.4702
-49.4466
-49.4096
-49.3573
-49.2867
-49.1933
-49.071
-48.9116
-48.7042
-48.4362
-48.0952
-47.6747
-47.1842
-46.6627
-49.6622
-49.6538
-49.6366
-49.6093
-49.5701
-49.516
-49.4423
-49.342
-49.2048
-49.0156
-48.7535
-48.3928
-47.9084
-47.2939
-46.5943
-49.8511
-49.8464
-49.8367
-49.8211
-49.798
-49.765
-49.718
-49.6501
-49.5501
-49.3999
-49.1697
-48.8141
-48.2724
-47.4887
-46.4854
-50.0449
-50.0443
-50.0429
-50.0404
-50.036
-50.0283
-50.0147
-49.9903
-49.946
-49.8643
-49.7112
-49.4218
-48.8785
-47.9033
-46.368
-50.2394
-50.243
-50.2505
-50.2619
-50.2775
-50.2977
-50.3223
-50.3505
-50.3793
-50.4001
-50.3893
-50.2836
-49.9165
-48.8783
-46.3958
-50.4303
-50.4381
-50.4541
-50.4792
-50.5147
-50.5627
-50.6263
-50.7102
-50.8208
-50.9678
-51.1624
-51.4068
-51.626
-51.2979
-47.4654
-46.2211
-45.9826
-45.7359
-45.4801
-45.214
-44.9359
-44.644
-44.3366
-44.0124
-43.6705
-43.3106
-42.9333
-42.5397
-42.1315
-41.7108
-41.2802
-40.8422
-40.3997
-39.9555
-39.5125
-39.0736
-38.6416
-38.2192
-37.8088
-37.4127
-37.0326
-36.6699
-36.3257
-36.0006
-35.6948
-35.4082
-35.1402
-34.8899
-34.6565
-34.4385
-34.2347
-34.0439
-33.8645
-33.6954
-33.5353
-33.383
-33.2374
-33.0978
-32.9633
-32.8336
-32.7086
-32.5886
-32.4744
-32.3668
-32.2672
-32.1767
-32.0966
-32.0281
-31.9721
-31.9293
-31.9002
-31.885
-31.8836
-31.8959
-31.9211
-31.9589
-32.0084
-32.0691
-32.1402
-32.2212
-32.3116
-32.4111
-32.5193
-32.6358
-32.7605
-32.8931
-33.0334
-33.1813
-33.3369
-33.5002
-33.6712
-33.8501
-34.0367
-34.2311
-34.4331
-34.6426
-34.8594
-35.0832
-35.3137
-35.5502
-35.792
-36.0381
-36.287
-36.5371
-36.7864
-46.2326
-45.9946
-45.7491
-45.4952
-45.2315
-44.9559
-44.6665
-44.3612
-44.0382
-43.6966
-43.336
-42.9571
-42.561
-42.1497
-41.7255
-41.291
-40.849
-40.4024
-39.9541
-39.5069
-39.064
-38.6281
-38.2022
-37.7887
-37.3899
-37.0078
-36.6436
-36.2986
-35.9731
-35.6676
-35.3817
-35.1148
-34.8661
-34.6344
-34.4183
-34.2165
-34.0275
-33.85
-33.6827
-33.5242
-33.3735
-33.2292
-33.0906
-32.9567
-32.827
-32.7015
-32.5805
-32.4649
-32.3556
-32.2541
-32.1618
-32.08
-32.0101
-31.9531
-31.9096
-31.8802
-31.8651
-31.8641
-31.877
-31.9032
-31.9419
-31.9924
-32.0539
-32.1258
-32.2075
-32.2985
-32.3984
-32.507
-32.624
-32.7489
-32.8817
-33.0221
-33.17
-33.3255
-33.4887
-33.6597
-33.8385
-34.0253
-34.2198
-34.422
-34.6318
-34.8489
-35.0733
-35.3045
-35.5421
-35.7855
-36.0335
-36.2848
-36.5377
-36.79
-46.2547
-46.0176
-45.7747
-45.5248
-45.2662
-44.9963
-44.7123
-44.4114
-44.0912
-43.7503
-43.3883
-43.0058
-42.6046
-42.1868
-41.7553
-41.313
-40.8629
-40.408
-39.9512
-39.4957
-39.0445
-38.6007
-38.1676
-37.7477
-37.3436
-36.9573
-36.5902
-36.2434
-35.9174
-35.6124
-35.3281
-35.0637
-34.8182
-34.5901
-34.378
-34.1801
-33.995
-33.8212
-33.6575
-33.5024
-33.3548
-33.2133
-33.0768
-32.9441
-32.8146
-32.6881
-32.565
-32.4463
-32.3334
-32.2279
-32.1318
-32.0466
-31.9738
-31.9146
-31.8697
-31.8397
-31.8247
-31.8247
-31.839
-31.867
-31.9078
-31.9604
-32.0238
-32.0972
-32.1802
-32.2722
-32.3731
-32.4826
-32.6003
-32.7259
-32.8591
-32.9997
-33.1475
-33.3028
-33.4657
-33.6365
-33.8153
-34.0022
-34.197
-34.3996
-34.6099
-34.8277
-35.053
-35.2856
-35.5254
-35.7717
-36.0237
-36.2799
-36.5383
-36.7969
-46.2851
-46.0493
-45.8105
-45.5674
-45.3175
-45.0574
-44.7828
-44.4895
-44.1742
-43.8346
-43.4702
-43.082
-42.6722
-42.244
-41.8009
-41.3465
-40.884
-40.4165
-39.947
-39.4785
-39.0145
-38.5585
-38.114
-37.6843
-37.2721
-36.8795
-36.508
-36.1586
-35.8318
-35.5278
-35.246
-34.9857
-34.7454
-34.5232
-34.3173
-34.1256
-33.9464
-33.7783
-33.6199
-33.4701
-33.3275
-33.1906
-33.0576
-32.9272
-32.7981
-32.6701
-32.5435
-32.4196
-32.3005
-32.1886
-32.0861
-31.9954
-31.9181
-31.8555
-31.8085
-31.7776
-31.763
-31.7644
-31.7813
-31.8125
-31.8568
-31.9127
-31.979
-32.0548
-32.1396
-32.2332
-32.3354
-32.4461
-32.565
-32.6917
-32.8256
-32.9665
-33.1141
-33.2688
-33.4311
-33.6014
-33.7801
-33.9672
-34.1626
-34.3658
-34.5768
-34.7953
-35.0216
-35.256
-35.4987
-35.7494
-36.0074
-36.2712
-36.5385
-36.8068
-46.3203
-46.0856
-45.8526
-45.6198
-45.3839
-45.1395
-44.8803
-44.5997
-44.2924
-43.9551
-43.5869
-43.1895
-42.7666
-42.3228
-41.8632
-41.392
-40.9128
-40.4283
-39.9414
-39.4552
-38.9734
-38.5001
-38.0396
-37.5961
-37.1726
-36.7715
-36.3942
-36.0415
-35.7139
-35.4113
-35.1335
-34.8792
-34.6467
-34.4334
-34.2365
-34.0535
-33.8823
-33.7216
-33.5704
-33.4278
-33.2923
-33.1623
-33.0351
-32.9085
-32.7804
-32.6501
-32.5181
-32.3862
-32.2576
-32.1356
-32.0238
-31.9249
-31.8412
-31.774
-31.7241
-31.6921
-31.6781
-31.682
-31.7029
-31.7392
-31.7889
-31.8499
-31.9204
-31.9994
-32.0863
-32.1814
-32.2851
-32.3976
-32.5184
-32.6468
-32.782
-32.9231
-33.0702
-33.2237
-33.3846
-33.554
-33.7324
-33.9201
-34.1164
-34.3207
-34.5323
-34.7513
-34.9782
-35.2141
-35.4599
-35.7162
-35.9823
-36.2568
-36.5369
-36.8192
-46.3542
-46.1199
-45.8946
-45.6772
-45.4628
-45.2434
-45.0088
-44.7487
-44.4543
-44.1203
-43.7458
-43.334
-42.8912
-42.4249
-41.9425
-41.4495
-40.9493
-40.444
-39.9353
-39.4261
-38.9203
-38.4234
-37.9413
-37.4793
-37.0413
-36.6297
-36.2454
-35.8888
-35.5601
-35.2597
-34.9873
-34.7419
-34.5207
-34.3201
-34.1359
-33.9645
-33.8034
-33.6516
-33.5089
-33.3753
-33.2498
-33.13
-33.0121
-32.8921
-32.7662
-32.6329
-32.4926
-32.3484
-32.2051
-32.0682
-31.9429
-31.8329
-31.7407
-31.6675
-31.614
-31.5806
-31.5677
-31.5752
-31.6022
-31.6464
-31.7046
-31.7733
-31.8497
-31.9323
-32.021
-32.1172
-32.2222
-32.3368
-32.4606
-32.5921
-32.7294
-32.871
-33.0167
-33.1676
-33.3256
-33.493
-33.6712
-33.8601
-34.0584
-34.2645
-34.4768
-34.6954
-34.9214
-35.1573
-35.4057
-35.6682
-35.9448
-36.2337
-36.5315
-36.8335
-46.378
-46.1412
-45.9256
-45.7304
-45.5492
-45.3694
-45.1745
-44.9473
-44.6733
-44.3442
-43.9589
-43.5236
-43.0499
-42.5507
-42.0375
-41.5175
-40.9935
-40.4647
-39.9305
-39.3922
-38.8547
-38.3258
-37.8143
-37.3282
-36.8725
-36.4489
-36.0571
-35.6961
-35.366
-35.0679
-34.8028
-34.5699
-34.3654
-34.1835
-34.0173
-33.861
-33.7115
-33.5687
-33.4346
-33.3114
-33.1993
-33.0952
-32.9926
-32.8842
-32.7631
-32.6258
-32.473
-32.3096
-32.1437
-31.9844
-31.8399
-31.7153
-31.6129
-31.533
-31.4751
-31.4396
-31.4277
-31.4404
-31.4768
-31.5336
-31.6052
-31.6856
-31.77
-31.8561
-31.945
-32.0401
-32.1452
-32.2625
-32.3914
-32.5287
-32.6703
-32.8128
-32.9556
-33.1007
-33.2527
-33.4163
-33.5941
-33.7861
-33.989
-34.1988
-34.4121
-34.6282
-34.8499
-35.0821
-35.3306
-35.5993
-35.8891
-36.1975
-36.5195
-36.8486
-46.3781
-46.1325
-45.9272
-45.7638
-45.6338
-45.5174
-45.387
-45.2135
-44.9722
-44.6492
-44.244
-43.7691
-43.2455
-42.6969
-42.1424
-41.5919
-41.0447
-40.4938
-39.9319
-39.3576
-38.7771
-38.2033
-37.6512
-37.1337
-36.6577
-36.2228
-35.8247
-35.4592
-35.1261
-34.829
-34.5724
-34.3571
-34.1781
-34.0247
-33.8848
-33.7481
-33.6103
-33.4735
-33.3448
-33.2319
-33.1378
-33.0582
-32.982
-32.8947
-32.7836
-32.6414
-32.4688
-32.2745
-32.0728
-31.8797
-31.7083
-31.5658
-31.453
-31.3667
-31.3038
-31.2646
-31.2525
-31.2714
-31.322
-31.3992
-31.4931
-31.5922
-31.6876
-31.7758
-31.8599
-31.9484
-32.0504
-32.1713
-32.3099
-32.459
-32.6096
-32.7541
-32.8906
-33.0237
-33.163
-33.3185
-33.4965
-33.6958
-33.9094
-34.1276
-34.3428
-34.5528
-34.7627
-34.9831
-35.2258
-35.4995
-35.8061
-36.1411
-36.4968
-36.8634
-46.3341
-46.066
-45.8686
-45.7495
-45.6991
-45.6857
-45.6621
-45.5774
-45.389
-45.0729
-44.6298
-44.0847
-43.4776
-42.8519
-42.2419
-41.6617
-41.1017
-40.5389
-39.9516
-39.3321
-38.6904
-38.0498
-37.4385
-36.8799
-36.3839
-35.9442
-35.5455
-35.1759
-34.8346
-34.5322
-34.2827
-34.0926
-33.954
-33.8469
-33.7477
-33.6373
-33.508
-33.3669
-33.2326
-33.1254
-33.0557
-33.0168
-32.9873
-32.9398
-32.8492
-32.701
-32.4959
-32.2501
-31.9899
-31.7438
-31.535
-31.3737
-31.2551
-31.1668
-31.0987
-31.0507
-31.0325
-31.0568
-31.1289
-31.2407
-31.3733
-31.5042
-31.6156
-31.7011
-31.7685
-31.8371
-31.9283
-32.0546
-32.2128
-32.3872
-32.5572
-32.7066
-32.8303
-32.9376
-33.0494
-33.1883
-33.3678
-33.5847
-33.8227
-34.0604
-34.2805
-34.4772
-34.6601
-34.8513
-35.0762
-35.3521
-35.6814
-36.0547
-36.4578
-36.8767
-46.2162
-45.898
-45.6972
-45.6365
-45.7114
-45.8688
-46.0253
-46.0909
-45.9901
-45.6795
-45.1629
-44.49
-43.7367
-42.9847
-42.2988
-41.7025
-41.1631
-40.6195
-40.0179
-39.3388
-38.6024
-37.8544
-37.1502
-36.5361
-36.0296
-35.6066
-35.2248
-34.8523
-34.4875
-34.1595
-33.9076
-33.7543
-33.6847
-33.6581
-33.6271
-33.5539
-33.4228
-33.2507
-33.0815
-32.965
-32.9296
-32.9618
-33.0189
-33.0471
-32.9981
-32.8426
-32.5817
-32.2467
-31.8865
-31.5545
-31.2936
-31.1201
-31.0137
-30.9378
-30.8647
-30.7937
-30.7515
-30.7732
-30.8786
-31.0524
-31.2559
-31.444
-31.5809
-31.6523
-31.6752
-31.6932
-31.7555
-31.8918
-32.0924
-32.3213
-32.5342
-32.696
-32.7934
-32.8449
-32.8964
-32.9994
-33.1848
-33.4429
-33.7361
-34.0183
-34.2517
-34.4212
-34.545
-34.6705
-34.8527
-35.1276
-35.4931
-35.9248
-36.3957
-36.8871
-45.9807
-45.5611
-45.3244
-45.3285
-45.605
-46.0535
-46.5195
-46.8441
-46.8937
-46.583
-45.9212
-45.0112
-43.994
-43.0225
-42.2267
-41.6618
-41.2309
-40.7838
-40.1959
-39.4285
-38.5313
-37.596
-36.7323
-36.0378
-35.5552
-35.2098
-34.8912
-34.5177
-34.0876
-33.6775
-33.3908
-33.2959
-33.3535
-33.4757
-33.5677
-33.5539
-33.3971
-33.1304
-32.8549
-32.6882
-32.7062
-32.8713
-33.0923
-33.2656
-33.3004
-33.136
-32.7744
-32.2798
-31.7427
-31.2628
-30.9262
-30.7699
-30.7285
-30.7049
-30.6275
-30.4955
-30.3783
-30.3693
-30.5297
-30.8213
-31.1606
-31.4576
-31.6403
-31.6733
-31.589
-31.4851
-31.4759
-31.6361
-31.9313
-32.2781
-32.5847
-32.778
-32.8223
-32.7521
-32.669
-32.6914
-32.8969
-33.2503
-33.6653
-34.046
-34.3144
-34.4306
-34.4273
-34.4079
-34.4952
-34.7721
-35.2092
-35.7382
-36.3039
-36.8905
-45.5591
-44.961
-44.6051
-44.6285
-45.2511
-46.2131
-47.2176
-47.9933
-48.3167
-47.992
-47.0374
-45.6872
-44.1857
-42.8077
-41.8223
-41.4285
-41.3221
-41.1514
-40.6324
-39.7056
-38.5155
-37.2349
-36.0712
-35.2347
-34.8833
-34.7749
-34.6367
-34.2652
-33.6589
-33.0184
-32.5979
-32.6183
-32.9297
-33.3369
-33.6608
-33.7604
-33.5298
-33.0232
-32.4719
-32.1455
-32.2713
-32.7005
-33.2345
-33.6839
-33.89
-33.7136
-33.1589
-32.3743
-31.5168
-30.7649
-30.2994
-30.2545
-30.4176
-30.5494
-30.4691
-30.176
-29.8495
-29.7212
-29.9921
-30.5213
-31.126
-31.6356
-31.9153
-31.8631
-31.5309
-31.1406
-30.9523
-31.1857
-31.6959
-32.2924
-32.7981
-33.0741
-33.0158
-32.6775
-32.2892
-32.1196
-32.3956
-32.9689
-33.6434
-34.235
-34.5961
-34.6118
-34.3324
-33.9911
-33.8645
-34.1854
-34.7929
-35.4983
-36.1818
-36.8674
-44.8053
-44.0125
-43.34
-43.0659
-44.409
-46.3118
-48.2453
-49.7945
-50.6731
-50.3087
-48.7237
-46.5816
-44.2002
-42.0278
-40.5666
-40.7815
-41.5066
-42.0208
-41.6567
-40.3621
-38.6305
-36.7059
-34.9396
-33.7333
-33.8619
-34.3835
-34.7187
-34.351
-33.28
-32.0429
-31.1708
-31.522
-32.3683
-33.3187
-34.0773
-34.4427
-34.0606
-32.9807
-31.7656
-30.9522
-31.4
-32.3791
-33.4989
-34.4529
-35.0307
-34.8361
-33.8749
-32.5743
-31.1389
-29.8549
-29.0671
-29.4398
-30.1518
-30.6997
-30.6171
-29.9046
-29.0354
-28.4984
-29.0827
-30.1125
-31.2286
-32.1444
-32.6682
-32.4561
-31.5562
-30.505
-29.8211
-30.3364
-31.3361
-32.4371
-33.3419
-33.8512
-33.6122
-32.6747
-31.5941
-30.9055
-31.4656
-32.5414
-33.7405
-34.7552
-35.3748
-35.2172
-34.3259
-33.2648
-32.5885
-33.1857
-34.2348
-35.2894
-36.0561
-36.7157
-43.1773
-42.8911
-41.5012
-39.1745
-42.7611
-46.3666
-49.8266
-52.5616
-54.8198
-54.3831
-51.2124
-47.8207
-43.9137
-40.2242
-36.8975
-39.4001
-41.9952
-44.1552
-44.0214
-41.6482
-39.0238
-35.9493
-33.0017
-30.3097
-32.2749
-34.2608
-35.8131
-35.45
-33.1407
-30.5418
-27.9822
-29.7131
-31.6572
-33.5772
-35.0603
-36.2018
-35.5964
-33.1331
-30.4812
-27.9427
-29.7639
-31.8553
-34.0022
-35.764
-37.2837
-37.0627
-35.08
-32.9684
-30.5432
-28.2302
-26.164
-28.1366
-30.1223
-31.7579
-31.6721
-29.859
-27.7431
-25.6607
-27.5316
-29.5795
-31.6196
-33.2174
-34.4807
-34.0394
-31.7994
-29.3401
-26.9632
-28.7894
-30.8303
-32.8639
-34.4552
-35.7055
-35.2141
-32.8774
-30.3346
-27.893
-29.7926
-31.9361
-34.1029
-35.8437
-37.2725
-36.8788
-34.5634
-31.9841
-29.4784
-31.5351
-33.6683
-35.4945
-36.0843
-35.916
-37.7324
-43.3588
-41.012
-26.768
-41.0863
-46.6314
-52.452
-56.0157
-62.8475
-62.3951
-54.0194
-49.8025
-43.3144
-37.8986
-24.8345
-37.8858
-43.1108
-49.593
-49.6112
-43.2964
-40.0656
-35.0105
-30.6959
-20.1803
-30.6585
-34.7631
-39.6659
-39.3519
-33.4188
-28.9846
-18.6157
-27.5977
-30.9812
-34.465
-36.5356
-40.4768
-39.8082
-33.5573
-29.0339
-18.6557
-27.7391
-31.252
-35.0604
-37.4241
-42.044
-41.8263
-36.4711
-33.8142
-29.7864
-26.2503
-17.4451
-26.8146
-30.5973
-35.2949
-35.2148
-30.2494
-26.4027
-17.1302
-25.7256
-29.0579
-32.6474
-34.7719
-38.7479
-38.2128
-32.3583
-28.0563
-18.0524
-26.9331
-30.3348
-33.9272
-36.0592
-40.0675
-39.4727
-33.3768
-28.9289
-18.6287
-27.7679
-31.2967
-35.0783
-37.3811
-41.7938
-41.3072
-35.1806
-30.5969
-19.798
-29.7738
-33.5435
-37.4793
-37.2031
-31.7303
-37.0573
-37.3458
-37.6234
-37.8867
-38.1328
-38.3595
-38.5651
-38.7485
-38.909
-39.0463
-39.1603
-39.2512
-39.3191
-39.3642
-39.3867
-37.0642
-37.3564
-37.6372
-37.9033
-38.1517
-38.3801
-38.5869
-38.7709
-38.9317
-39.0691
-39.183
-39.2736
-39.3413
-39.3863
-39.4087
-37.0781
-37.3777
-37.6653
-37.9371
-38.1901
-38.4218
-38.6308
-38.8161
-38.9774
-39.1148
-39.2284
-39.3186
-39.3858
-39.4305
-39.4527
-37.0991
-37.4104
-37.7086
-37.9894
-38.2492
-38.4859
-38.6979
-38.8848
-39.0467
-39.1837
-39.2967
-39.386
-39.4525
-39.4965
-39.5184
-37.1276
-37.4557
-37.7689
-38.0619
-38.331
-38.5739
-38.7896
-38.9782
-39.1401
-39.2764
-39.388
-39.4759
-39.5411
-39.5842
-39.6056
-37.1641
-37.5155
-37.8489
-38.1579
-38.4385
-38.6886
-38.908
-39.0976
-39.2587
-39.3931
-39.5025
-39.5881
-39.6513
-39.693
-39.7136
-37.2099
-37.5928
-37.9528
-38.2819
-38.5759
-38.8334
-39.0557
-39.2448
-39.4035
-39.5345
-39.6401
-39.7223
-39.7826
-39.8222
-39.8418
-37.267
-37.6925
-38.087
-38.4406
-38.7491
-39.0131
-39.236
-39.422
-39.5756
-39.7007
-39.8005
-39.8777
-39.9341
-39.971
-39.9892
-37.339
-37.8226
-38.2619
-38.644
-38.9665
-39.2336
-39.4526
-39.631
-39.7756
-39.8916
-39.9832
-40.0535
-40.1045
-40.1378
-40.1543
-37.4322
-37.9966
-38.4934
-38.9068
-39.2391
-39.502
-39.7094
-39.8735
-40.0035
-40.1063
-40.1866
-40.2479
-40.2922
-40.3211
-40.3353
-37.5562
-38.2379
-38.808
-39.2502
-39.5808
-39.8258
-40.0095
-40.1496
-40.2582
-40.3428
-40.4086
-40.4586
-40.4948
-40.5184
-40.5301
-37.7236
-38.5905
-39.2499
-39.7042
-40.0073
-40.211
-40.3532
-40.4572
-40.5363
-40.5978
-40.6458
-40.6826
-40.7095
-40.7272
-40.7359
-37.9521
-39.1495
-39.8963
-40.3083
-40.5314
-40.6571
-40.7351
-40.7896
-40.8316
-40.8657
-40.8936
-40.916
-40.9329
-40.9443
-40.95
-38.3144
-40.1586
-40.8783
-41.1014
-41.1514
-41.1502
-41.1403
-41.1345
-41.1346
-41.1393
-41.1465
-41.1543
-41.1612
-41.1664
-41.1692
-39.4517
-42.2906
-42.3563
-42.0677
-41.8209
-41.651
-41.5413
-41.4733
-41.4328
-41.41
-41.3981
-41.3927
-41.3908
-41.3905
-41.3906
-50.5984
-50.6096
-50.6327
-50.6689
-50.7207
-50.7914
-50.8867
-51.0154
-51.1924
-51.4445
-51.8255
-52.4598
-53.6951
-56.7282
-66.5323
-50.7434
-50.7573
-50.7859
-50.8308
-50.8948
-50.9824
-51.1002
-51.2593
-51.478
-51.7884
-52.2526
-52.9999
-54.3277
-56.9626
-62.6379
-50.8789
-50.895
-50.9279
-50.9795
-51.0528
-51.1523
-51.2851
-51.462
-51.6999
-52.0257
-52.4831
-53.1372
-54.0529
-55.0856
-54.6405
-51.0034
-51.021
-51.057
-51.1133
-51.1926
-51.2992
-51.4395
-51.6224
-51.8606
-52.1718
-52.5771
-53.0932
-53.6967
-54.2349
-54.3758
-51.1157
-51.1343
-51.1722
-51.2311
-51.3135
-51.4229
-51.5643
-51.7443
-51.9709
-52.2525
-52.5945
-52.9883
-53.386
-53.6603
-53.5698
-51.2151
-51.2342
-51.273
-51.3328
-51.4156
-51.5243
-51.6624
-51.8339
-52.0428
-52.2914
-52.5764
-52.8808
-53.1611
-53.3392
-53.3377
-51.3014
-51.3205
-51.3592
-51.4185
-51.4999
-51.6054
-51.7372
-51.8974
-52.0872
-52.3053
-52.5451
-52.79
-53.007
-53.143
-53.1035
-51.3745
-51.3933
-51.4312
-51.4889
-51.5675
-51.6683
-51.7923
-51.9404
-52.112
-52.3043
-52.5106
-52.7186
-52.9093
-53.0688
-53.2406
-51.4347
-51.4529
-51.4894
-51.5449
-51.6198
-51.715
-51.8307
-51.967
-52.1223
-52.2936
-52.4754
-52.6591
-52.8331
-52.9864
-53.0962
-51.4823
-51.4997
-51.5346
-51.5874
-51.6582
-51.7475
-51.855
-51.9802
-52.1214
-52.2759
-52.4392
-52.6062
-52.7715
-52.9342
-53.0973
-51.518
-51.5345
-51.5675
-51.6173
-51.6839
-51.7673
-51.867
-51.9822
-52.1114
-52.252
-52.4008
-52.5546
-52.7115
-52.8821
-53.1405
-51.5422
-51.5577
-51.5889
-51.6357
-51.698
-51.7757
-51.8682
-51.9746
-52.0934
-52.2225
-52.3593
-52.5008
-52.6419
-52.7691
-52.7898
-51.5556
-51.5702
-51.5995
-51.6433
-51.7016
-51.7739
-51.8597
-51.9583
-52.0682
-52.1878
-52.315
-52.4473
-52.5819
-52.7303
-53.0254
-51.5589
-51.5726
-51.6
-51.641
-51.6953
-51.7627
-51.8425
-51.934
-52.0362
-52.1478
-52.2673
-52.392
-52.5124
-52.5896
-52.4271
-51.5527
-51.5656
-51.5912
-51.6294
-51.6801
-51.7429
-51.8171
-51.9023
-51.9977
-52.1024
-52.2163
-52.3397
-52.4729
-52.6155
-52.7537
-51.5376
-51.5496
-51.5736
-51.6093
-51.6566
-51.715
-51.7842
-51.8636
-51.9525
-52.0508
-52.159
-52.2806
-52.4268
-52.6447
-53.1756
-51.5142
-51.5255
-51.5478
-51.5812
-51.6253
-51.6798
-51.7442
-51.8181
-51.9009
-51.9922
-52.0927
-52.2045
-52.3309
-52.4566
-52.3543
-51.4831
-51.4936
-51.5145
-51.5456
-51.5868
-51.6376
-51.6977
-51.7665
-51.8432
-51.9273
-52.0186
-52.1182
-52.2354
-52.4271
-53.0731
-51.4446
-51.4544
-51.474
-51.5031
-51.5416
-51.5891
-51.6451
-51.7092
-51.7804
-51.8576
-51.9387
-52.0198
-52.088
-52.0822
-51.6079
-51.3994
-51.4086
-51.4268
-51.4541
-51.4901
-51.5345
-51.587
-51.647
-51.7135
-51.7851
-51.8591
-51.9304
-51.9919
-52.0627
-52.4456
-51.3478
-51.3564
-51.3735
-51.399
-51.4328
-51.4744
-51.5237
-51.5802
-51.643
-51.7109
-51.7814
-51.8478
-51.8894
-51.8265
-51.2715
-51.2902
-51.2982
-51.3143
-51.3382
-51.3699
-51.4091
-51.4555
-51.5089
-51.5689
-51.635
-51.7066
-51.7823
-51.8594
-51.9322
-51.9895
-51.227
-51.2345
-51.2496
-51.2721
-51.3018
-51.3386
-51.3824
-51.433
-51.4905
-51.5553
-51.629
-51.716
-51.8322
-52.0488
-52.7475
-51.1585
-51.1656
-51.1797
-51.2008
-51.2287
-51.2633
-51.3045
-51.3523
-51.407
-51.4695
-51.5421
-51.6292
-51.7354
-51.8305
-51.5599
-51.0851
-51.0917
-51.105
-51.1248
-51.151
-51.1834
-51.2221
-51.2669
-51.3181
-51.3767
-51.445
-51.5292
-51.6463
-51.8662
-52.6157
-51.007
-51.0132
-51.0257
-51.0443
-51.0689
-51.0993
-51.1353
-51.1769
-51.224
-51.277
-51.337
-51.4063
-51.4858
-51.534
-51.1219
-50.9245
-50.9304
-50.9421
-50.9596
-50.9827
-51.0111
-51.0447
-51.0831
-51.1259
-51.1724
-51.2223
-51.2764
-51.347
-51.5215
-52.413
-50.8379
-50.8434
-50.8545
-50.8709
-50.8927
-50.9194
-50.9507
-50.9863
-51.0251
-51.0656
-51.1045
-51.1349
-51.136
-51.011
-50.1448
-50.7473
-50.7526
-50.763
-50.7786
-50.7991
-50.8243
-50.8539
-50.8871
-50.9231
-50.9597
-50.9926
-51.0138
-51.0126
-51.0151
-51.4549
-50.653
-50.658
-50.6679
-50.6827
-50.7022
-50.7262
-50.7544
-50.7861
-50.8207
-50.8562
-50.8886
-50.9081
-50.8865
-50.7154
-49.8655
-50.5551
-50.5599
-50.5694
-50.5836
-50.6022
-50.6252
-50.6523
-50.6832
-50.7177
-50.7548
-50.7934
-50.831
-50.8643
-50.8871
-50.8927
-50.4539
-50.4585
-50.4676
-50.4811
-50.499
-50.5212
-50.5475
-50.5779
-50.6127
-50.6523
-50.6985
-50.7569
-50.8493
-51.0705
-51.9248
-50.3494
-50.3538
-50.3625
-50.3756
-50.3929
-50.4143
-50.4398
-50.4697
-50.5044
-50.5451
-50.5948
-50.6591
-50.7447
-50.8142
-50.4167
-50.2417
-50.2459
-50.2544
-50.267
-50.2837
-50.3044
-50.3291
-50.3581
-50.3918
-50.4316
-50.4807
-50.5465
-50.6513
-50.8821
-51.7687
-50.1309
-50.135
-50.1432
-50.1555
-50.1716
-50.1917
-50.2155
-50.2432
-50.275
-50.3116
-50.3545
-50.4069
-50.4703
-50.4945
-49.9533
-50.0171
-50.0212
-50.0292
-50.0411
-50.0568
-50.0762
-50.0991
-50.1254
-50.1548
-50.187
-50.2214
-50.2594
-50.3167
-50.4992
-51.5481
-49.9005
-49.9044
-49.9122
-49.9239
-49.9393
-49.9582
-49.9804
-50.0055
-50.0328
-50.0607
-50.0854
-50.0985
-50.076
-49.902
-48.8373
-49.7809
-49.7848
-49.7925
-49.804
-49.8191
-49.8378
-49.8596
-49.8842
-49.9105
-49.9364
-49.9568
-49.9622
-49.9406
-49.9231
-50.4246
-49.6585
-49.6623
-49.67
-49.6814
-49.6965
-49.715
-49.7369
-49.7616
-49.7885
-49.8156
-49.8382
-49.8446
-49.8023
-49.5836
-48.5639
-49.5333
-49.5371
-49.5447
-49.5561
-49.5712
-49.5899
-49.612
-49.6376
-49.6664
-49.6978
-49.7302
-49.7609
-49.7865
-49.8002
-49.7952
-49.4052
-49.409
-49.4167
-49.4281
-49.4433
-49.4621
-49.4848
-49.5115
-49.5426
-49.579
-49.6228
-49.6806
-49.7788
-50.0294
-51.0251
-49.2743
-49.2781
-49.2858
-49.2973
-49.3126
-49.3317
-49.3548
-49.3823
-49.4151
-49.4549
-49.5051
-49.5723
-49.6654
-49.7409
-49.2701
-49.1405
-49.1444
-49.1521
-49.1637
-49.179
-49.1983
-49.2216
-49.2495
-49.2827
-49.3232
-49.3747
-49.4461
-49.5641
-49.8314
-50.8692
-49.0039
-49.0077
-49.0155
-49.0272
-49.0426
-49.062
-49.0853
-49.1129
-49.1454
-49.1837
-49.2299
-49.2874
-49.3591
-49.3864
-48.7525
-48.8643
-48.8682
-48.8761
-48.8878
-48.9033
-48.9228
-48.946
-48.9731
-49.004
-49.0386
-49.0763
-49.1187
-49.185
-49.4003
-50.6371
-48.7218
-48.7258
-48.7337
-48.7455
-48.7612
-48.7807
-48.8039
-48.8307
-48.8602
-48.891
-48.9187
-48.9334
-48.9074
-48.7044
-47.4535
-48.5763
-48.5803
-48.5883
-48.6003
-48.6162
-48.6359
-48.6594
-48.6863
-48.7157
-48.7453
-48.7692
-48.7763
-48.7528
-48.7358
-49.3337
-48.4278
-48.4319
-48.44
-48.4521
-48.4683
-48.4884
-48.5124
-48.5402
-48.5711
-48.6031
-48.6307
-48.6402
-48.5937
-48.3397
-47.1374
-48.2763
-48.2804
-48.2886
-48.3009
-48.3173
-48.3379
-48.3628
-48.3921
-48.4258
-48.4636
-48.5038
-48.5432
-48.5785
-48.6018
-48.6039
-48.1217
-48.1258
-48.1341
-48.1466
-48.1633
-48.1844
-48.2101
-48.241
-48.2778
-48.3221
-48.3765
-48.4489
-48.5716
-48.8782
-50.0749
-47.9639
-47.9681
-47.9765
-47.9891
-48.006
-48.0274
-48.0537
-48.0857
-48.1248
-48.1733
-48.2355
-48.3197
-48.4371
-48.5361
-47.9838
-47.803
-47.8072
-47.8156
-47.8282
-47.8452
-47.8668
-47.8934
-47.9257
-47.9653
-48.0146
-48.0784
-48.1675
-48.3152
-48.6458
-49.9088
-47.639
-47.6431
-47.6515
-47.6641
-47.6811
-47.7025
-47.7289
-47.7607
-47.7991
-47.8455
-47.9024
-47.9746
-48.0664
-48.1075
-47.3526
-47.4717
-47.4759
-47.4842
-47.4967
-47.5135
-47.5347
-47.5606
-47.5914
-47.6273
-47.6686
-47.7149
-47.7682
-47.8527
-48.1215
-49.6373
-47.3013
-47.3054
-47.3136
-47.326
-47.3426
-47.3634
-47.3887
-47.4184
-47.4521
-47.488
-47.5212
-47.5399
-47.5112
-47.2689
-45.7513
-47.1278
-47.1318
-47.1399
-47.152
-47.1683
-47.1889
-47.2138
-47.2429
-47.2754
-47.3088
-47.3364
-47.3447
-47.3178
-47.3015
-48.0421
-46.9511
-46.9551
-46.963
-46.9749
-46.9909
-47.0112
-47.0359
-47.065
-47.0981
-47.1332
-47.1639
-47.1738
-47.117
-46.8079
-45.3364
-46.7715
-46.7753
-46.783
-46.7945
-46.8102
-46.8302
-46.8548
-46.8845
-46.9196
-46.9602
-47.0046
-47.0494
-47.0912
-47.1211
-47.1274
-46.5889
-46.5925
-46.5999
-46.611
-46.6262
-46.6457
-46.6701
-46.7002
-46.7375
-46.7842
-46.8438
-46.9269
-47.0738
-47.4499
-48.9269
-46.4034
-46.4068
-46.4138
-46.4244
-46.4389
-46.4576
-46.4813
-46.5111
-46.5491
-46.5986
-46.6654
-46.7601
-46.8971
-47.0137
-46.3291
-46.2152
-46.2184
-46.2249
-46.2348
-46.2483
-46.2659
-46.2882
-46.3164
-46.3528
-46.4007
-46.4663
-46.5638
-46.7346
-47.1332
-48.687
-46.0244
-46.0273
-46.0332
-46.0423
-46.0546
-46.0706
-46.0908
-46.1163
-46.1485
-46.1899
-46.2438
-46.3166
-46.4141
-46.4498
-45.5038
-45.8312
-45.8338
-45.8391
-45.8471
-45.858
-45.8721
-45.8898
-45.9116
-45.9381
-45.9698
-46.0068
-46.0522
-46.1363
-46.4476
-48.2925
-45.6359
-45.6381
-45.6427
-45.6495
-45.6589
-45.6709
-45.6858
-45.7037
-45.7242
-45.7457
-45.7625
-45.7608
-45.7008
-45.3797
-43.4961
-45.4386
-45.4405
-45.4442
-45.4499
-45.4576
-45.4675
-45.4796
-45.494
-45.5098
-45.5243
-45.5297
-45.5099
-45.4466
-45.3963
-46.2669
-45.2397
-45.2412
-45.2441
-45.2485
-45.2545
-45.2622
-45.2718
-45.2834
-45.2965
-45.3088
-45.3129
-45.2892
-45.1832
-44.7728
-42.9614
-45.0394
-45.0404
-45.0425
-45.0455
-45.0498
-45.0553
-45.0626
-45.072
-45.0839
-45.0985
-45.1137
-45.1257
-45.1313
-45.1214
-45.088
-44.8381
-44.8387
-44.8397
-44.8414
-44.8438
-44.847
-44.8518
-44.8588
-44.8698
-44.8871
-44.9152
-44.9666
-45.0903
-45.4855
-47.1963
-44.636
-44.6361
-44.6362
-44.6364
-44.6367
-44.6375
-44.6392
-44.6431
-44.6513
-44.6677
-44.6989
-44.7574
-44.8606
-44.9352
-44.0634
-44.4336
-44.4331
-44.4322
-44.4309
-44.4291
-44.427
-44.4251
-44.4245
-44.4274
-44.4376
-44.4621
-44.5171
-44.6507
-45.0415
-46.764
-44.231
-44.2301
-44.2282
-44.2253
-44.2212
-44.216
-44.21
-44.2037
-44.1985
-44.1969
-44.2025
-44.2223
-44.2624
-44.222
-43.0479
-44.0286
-44.0273
-44.0245
-44.02
-44.0137
-44.0054
-43.9949
-43.9822
-43.9674
-43.9506
-43.9314
-43.9133
-43.9298
-44.1892
-46.1395
-43.8269
-43.8251
-43.8214
-43.8156
-43.8073
-43.7961
-43.7813
-43.7623
-43.7379
-43.7054
-43.658
-43.5801
-43.4287
-42.9814
-40.8117
-43.6259
-43.6238
-43.6195
-43.6126
-43.6026
-43.5888
-43.5705
-43.5464
-43.5143
-43.47
-43.4039
-43.2981
-43.1331
-42.9687
-43.7611
-43.426
-43.4237
-43.4189
-43.4112
-43.4
-43.3845
-43.3637
-43.336
-43.2993
-43.2492
-43.1757
-43.0571
-42.8371
-42.2909
-40.3039
-43.2273
-43.2249
-43.2199
-43.2118
-43.2
-43.1836
-43.1614
-43.1321
-43.0939
-43.0439
-42.9772
-42.8866
-42.7676
-42.6128
-42.4342
-43.0299
-43.0275
-43.0226
-43.0146
-43.0028
-42.9864
-42.964
-42.9346
-42.8968
-42.8497
-42.7934
-42.736
-42.7228
-42.9504
-44.4457
-42.8337
-42.8315
-42.827
-42.8196
-42.8085
-42.7929
-42.7715
-42.743
-42.7064
-42.6612
-42.6086
-42.5545
-42.5109
-42.407
-41.3939
-42.6385
-42.6367
-42.6329
-42.6266
-42.617
-42.6032
-42.5838
-42.5573
-42.5222
-42.4774
-42.423
-42.3659
-42.3407
-42.4941
-43.7508
-42.4442
-42.443
-42.4402
-42.4354
-42.4281
-42.417
-42.4008
-42.3776
-42.3449
-42.2996
-42.2375
-42.1551
-42.0467
-41.8142
-40.5827
-42.2504
-42.2498
-42.2483
-42.2457
-42.2412
-42.2341
-42.2227
-42.2047
-42.1766
-42.1327
-42.0644
-41.9625
-41.8386
-41.8273
-42.968
-42.0566
-42.0567
-42.0568
-42.0567
-42.0559
-42.0538
-42.049
-42.0391
-42.0195
-41.9823
-41.9126
-41.7852
-41.5526
-41.0394
-39.2488
-41.8624
-41.8633
-41.865
-41.8676
-41.8711
-41.8751
-41.8788
-41.8802
-41.8749
-41.8538
-41.7992
-41.6808
-41.4613
-41.1378
-41.1936
-41.6671
-41.6687
-41.6721
-41.6776
-41.6855
-41.6963
-41.7101
-41.7262
-41.7414
-41.7481
-41.7281
-41.6467
-41.4423
-40.972
-39.7294
-41.4703
-41.4726
-41.4774
-41.4854
-41.4975
-41.5152
-41.5398
-41.5728
-41.6141
-41.6602
-41.6979
-41.698
-41.6079
-41.3417
-40.861
-41.2716
-41.2742
-41.2799
-41.2898
-41.3053
-41.3289
-41.3636
-41.4138
-41.4838
-41.5773
-41.6921
-41.8119
-41.8959
-41.8595
-41.6642
-41.0705
-41.0732
-41.0792
-41.0898
-41.1071
-41.1344
-41.1767
-41.241
-41.3374
-41.4792
-41.6807
-41.9508
-42.2674
-42.4869
-42.2545
-40.8672
-40.8696
-40.8749
-40.8847
-40.9015
-40.9294
-40.9744
-41.0461
-41.1597
-41.3388
-41.6199
-42.0573
-42.7065
-43.4273
-42.7717
-40.6619
-40.6634
-40.667
-40.6743
-40.6879
-40.7121
-40.7533
-40.8223
-40.9368
-41.127
-41.4487
-42.0167
-43.0959
-45.3226
-50.2507
-40.4551
-40.4552
-40.4561
-40.4591
-40.4667
-40.4825
-40.5128
-40.5671
-40.6614
-40.8232
-41.1045
-41.6211
-42.6887
-45.3409
-53.7459
-55.4094
-46.7862
-44.036
-42.9152
-42.3625
-42.0542
-41.8707
-41.7586
-41.6897
-41.6477
-41.6224
-41.6076
-41.5993
-41.595
-41.5931
-52.1926
-46.7937
-44.4318
-43.291
-42.6836
-42.3332
-42.1206
-41.9881
-41.9046
-41.8518
-41.8186
-41.798
-41.7856
-41.7787
-41.7756
-43.7046
-44.6913
-43.98
-43.2962
-42.8246
-42.5159
-42.3149
-42.1838
-42.0981
-42.042
-42.0056
-41.9823
-41.9677
-41.9593
-41.9555
-43.5623
-43.7671
-43.5093
-43.1541
-42.8509
-42.6232
-42.4608
-42.348
-42.2708
-42.2184
-42.1832
-42.16
-42.1451
-42.1364
-42.1324
-43.2831
-43.1631
-43.1067
-42.9756
-42.8231
-42.6843
-42.5723
-42.4877
-42.4262
-42.3825
-42.3521
-42.3314
-42.3179
-42.3098
-42.306
-41.8664
-42.5141
-42.7564
-42.8118
-42.7842
-42.7262
-42.6648
-42.6114
-42.5691
-42.5371
-42.5139
-42.4975
-42.4865
-42.4797
-42.4765
-41.2313
-42.1458
-42.536
-42.7054
-42.7649
-42.7698
-42.7518
-42.7277
-42.7047
-42.6855
-42.6705
-42.6594
-42.6517
-42.6468
-42.6445
-41.9699
-42.1407
-42.4693
-42.6752
-42.782
-42.8284
-42.8431
-42.8432
-42.8377
-42.8306
-42.824
-42.8185
-42.8144
-42.8117
-42.8104
-40.5917
-42.0251
-42.488
-42.7136
-42.8395
-42.9084
-42.9446
-42.9629
-42.9716
-42.9752
-42.9763
-42.9762
-42.9757
-42.9753
-42.975
-43.33
-42.5827
-42.6719
-42.821
-42.9349
-43.0105
-43.0587
-43.0894
-43.1089
-43.1212
-43.129
-43.1337
-43.1366
-43.1382
-43.1389
-41.4859
-42.5584
-42.8144
-42.9527
-43.0553
-43.1309
-43.1852
-43.2238
-43.2511
-43.2702
-43.2833
-43.2922
-43.298
-43.3014
-43.303
-44.0425
-43.1003
-43.0389
-43.109
-43.193
-43.2654
-43.3225
-43.3662
-43.399
-43.423
-43.4403
-43.4524
-43.4605
-43.4654
-43.4678
-42.1182
-43.0297
-43.1725
-43.2554
-43.3372
-43.4098
-43.4693
-43.5164
-43.5528
-43.5802
-43.6005
-43.6149
-43.6247
-43.6309
-43.6338
-44.7099
-43.492
-43.348
-43.4023
-43.4863
-43.5625
-43.6248
-43.6742
-43.7128
-43.7422
-43.7642
-43.7802
-43.7912
-43.7981
-43.8014
-43.0087
-43.2076
-43.386
-43.5283
-43.6395
-43.7243
-43.7893
-43.8398
-43.879
-43.9091
-43.9318
-43.9485
-43.9601
-43.9674
-43.9709
-41.1744
-42.9366
-43.4493
-43.6759
-43.8094
-43.899
-43.9639
-44.0132
-44.0514
-44.0809
-44.1033
-44.1199
-44.1315
-44.1389
-44.1424
-44.1863
-43.5324
-43.7115
-43.8878
-44.0083
-44.0904
-44.1495
-44.1946
-44.2298
-44.2573
-44.2785
-44.2943
-44.3055
-44.3126
-44.3161
-41.5925
-43.5488
-43.976
-44.1384
-44.2325
-44.2969
-44.345
-44.3829
-44.4135
-44.4379
-44.457
-44.4715
-44.4818
-44.4885
-44.4917
-46.3301
-44.6264
-44.4245
-44.4362
-44.4759
-44.5141
-44.5475
-44.5765
-44.6013
-44.6219
-44.6384
-44.6511
-44.6604
-44.6663
-44.6692
-43.5706
-44.6603
-44.725
-44.7143
-44.7189
-44.7341
-44.7532
-44.7732
-44.7919
-44.8084
-44.8221
-44.8328
-44.8407
-44.8459
-44.8484
-46.9346
-45.4051
-45.0781
-44.9815
-44.9533
-44.9506
-44.9585
-44.9708
-44.9841
-44.9966
-45.0074
-45.0161
-45.0226
-45.0269
-45.029
-44.4902
-45.3141
-45.2715
-45.2009
-45.1686
-45.1591
-45.1608
-45.1678
-45.1767
-45.1858
-45.1939
-45.2006
-45.2056
-45.2089
-45.2106
-47.3726
-45.824
-45.4846
-45.3937
-45.3667
-45.3593
-45.3595
-45.3635
-45.3693
-45.3753
-45.381
-45.3857
-45.3894
-45.3918
-45.393
-45.4408
-45.4934
-45.5254
-45.5417
-45.55
-45.5535
-45.5556
-45.5582
-45.5615
-45.565
-45.5684
-45.5713
-45.5736
-45.5752
-45.576
-43.477
-45.1764
-45.5773
-45.6953
-45.7352
-45.748
-45.7515
-45.7525
-45.7534
-45.7545
-45.7557
-45.7569
-45.758
-45.7587
-45.7591
-46.5508
-45.7603
-45.8259
-45.9029
-45.9379
-45.9485
-45.9492
-45.9471
-45.9451
-45.9436
-45.9428
-45.9423
-45.9422
-45.9421
-45.9421
-43.9648
-45.7489
-46.0668
-46.1394
-46.1564
-46.1553
-46.1487
-46.1419
-46.1363
-46.1321
-46.1292
-46.1272
-46.1259
-46.1251
-46.1247
-48.472
-46.7551
-46.4782
-46.4144
-46.3861
-46.3653
-46.3486
-46.3358
-46.3264
-46.3195
-46.3146
-46.3112
-46.3089
-46.3075
-46.3068
-45.848
-46.7605
-46.742
-46.6644
-46.6094
-46.572
-46.5459
-46.5275
-46.5146
-46.5053
-46.4988
-46.4941
-46.491
-46.489
-46.488
-48.8716
-47.4116
-47.0471
-46.8986
-46.8193
-46.7703
-46.7378
-46.7156
-46.7001
-46.6891
-46.6813
-46.6757
-46.6718
-46.6694
-46.6683
-46.636
-47.3014
-47.2025
-47.0845
-47.0071
-46.9567
-46.9226
-46.8991
-46.8824
-46.8705
-46.8619
-46.8557
-46.8514
-46.8487
-46.8474
-49.1253
-47.7213
-47.3712
-47.242
-47.1749
-47.1312
-47.1002
-47.0778
-47.0614
-47.0494
-47.0405
-47.034
-47.0295
-47.0266
-47.0252
-47.4104
-47.4087
-47.3868
-47.3563
-47.3253
-47.2965
-47.272
-47.2524
-47.2374
-47.2259
-47.2172
-47.2107
-47.2062
-47.2032
-47.2018
-45.7005
-47.1096
-47.4084
-47.4708
-47.4731
-47.4582
-47.4403
-47.4241
-47.4107
-47.4002
-47.392
-47.3858
-47.3814
-47.3785
-47.3771
-48.2987
-47.5809
-47.5945
-47.6269
-47.6316
-47.6217
-47.6075
-47.5938
-47.5821
-47.5726
-47.5651
-47.5594
-47.5552
-47.5524
-47.5511
-46.1162
-47.5437
-47.7678
-47.8019
-47.7994
-47.7877
-47.7743
-47.7622
-47.7519
-47.7435
-47.7368
-47.7315
-47.7277
-47.7251
-47.7238
-49.8166
-48.3415
-48.0731
-48.0021
-47.9727
-47.9543
-47.9404
-47.9293
-47.9204
-47.9131
-47.9072
-47.9025
-47.8989
-47.8966
-47.8954
-47.6741
-48.301
-48.2414
-48.1734
-48.1374
-48.1174
-48.1045
-48.0951
-48.0877
-48.0815
-48.0764
-48.0723
-48.0691
-48.067
-48.0659
-50.1001
-48.7365
-48.4158
-48.3223
-48.2899
-48.2752
-48.2663
-48.2596
-48.254
-48.2491
-48.2448
-48.2412
-48.2383
-48.2364
-48.2353
-48.4758
-48.4473
-48.4325
-48.4288
-48.4291
-48.4286
-48.4265
-48.4234
-48.4198
-48.416
-48.4124
-48.4092
-48.4066
-48.4048
-48.4039
-46.8745
-48.1481
-48.4416
-48.5324
-48.5681
-48.5826
-48.5874
-48.5876
-48.5856
-48.5827
-48.5796
-48.5766
-48.5741
-48.5724
-48.5715
-49.1666
-48.529
-48.5916
-48.674
-48.721
-48.743
-48.7515
-48.7534
-48.7521
-48.7495
-48.7464
-48.7434
-48.7409
-48.7391
-48.7382
-47.1297
-48.4233
-48.728
-48.8401
-48.8904
-48.9123
-48.9202
-48.9214
-48.9195
-48.9163
-48.9129
-48.9096
-48.9069
-48.905
-48.904
-49.8519
-49.0037
-48.9983
-49.0488
-49.0789
-49.0911
-49.0936
-49.0916
-49.0877
-49.0833
-49.079
-49.0752
-49.0722
-49.07
-49.069
-47.5113
-48.9985
-49.2297
-49.2717
-49.2789
-49.2762
-49.2701
-49.2631
-49.2563
-49.25
-49.2446
-49.24
-49.2365
-49.2341
-49.2329
-51.4005
-49.8651
-49.5926
-49.5187
-49.4852
-49.4635
-49.4473
-49.4346
-49.4244
-49.4161
-49.4093
-49.4039
-49.3999
-49.3972
-49.3959
-49.0985
-49.8544
-49.8176
-49.7375
-49.6826
-49.6466
-49.622
-49.6043
-49.5911
-49.5809
-49.5729
-49.5667
-49.5622
-49.5591
-49.5576
-51.6523
-50.3939
-50.0729
-49.9387
-49.8662
-49.8216
-49.7919
-49.7711
-49.7557
-49.7441
-49.735
-49.7282
-49.7231
-49.7198
-49.7182
-49.7037
-50.2821
-50.1985
-50.0969
-50.0297
-49.9859
-49.9558
-49.9341
-49.9178
-49.9053
-49.8956
-49.8881
-49.8827
-49.8792
-49.8774
-51.8331
-50.6296
-50.3366
-50.2313
-50.1766
-50.1404
-50.1138
-50.0933
-50.0771
-50.0644
-50.0543
-50.0465
-50.0409
-50.0371
-50.0353
-50.3227
-50.3445
-50.3446
-50.3303
-50.31
-50.2882
-50.2675
-50.2495
-50.2342
-50.2215
-50.2113
-50.2033
-50.1975
-50.1936
-50.1917
-48.7991
-50.0741
-50.3625
-50.4335
-50.444
-50.4348
-50.4196
-50.4037
-50.3893
-50.3769
-50.3666
-50.3585
-50.3525
-50.3485
-50.3466
-51.0873
-50.4887
-50.5316
-50.5785
-50.5913
-50.5853
-50.572
-50.5571
-50.543
-50.5306
-50.5203
-50.5121
-50.506
-50.502
-50.4999
-49.0975
-50.4574
-50.6979
-50.7472
-50.7513
-50.7407
-50.7255
-50.7098
-50.6954
-50.6829
-50.6725
-50.6641
-50.6579
-50.6538
-50.6518
-52.5013
-51.2034
-50.9969
-50.9472
-50.9211
-50.8992
-50.8794
-50.8618
-50.8465
-50.8336
-50.823
-50.8146
-50.8083
-50.8041
-50.8021
-50.4712
-51.1914
-51.187
-51.1306
-51.0876
-51.0561
-51.0317
-51.0121
-50.9959
-50.9827
-50.9719
-50.9634
-50.9571
-50.9529
-50.9508
-52.7945
-51.6825
-51.4131
-51.3048
-51.2458
-51.2079
-51.1808
-51.1599
-51.1434
-51.1299
-51.1191
-51.1105
-51.1042
-51.1
-51.0979
-51.039
-51.5884
-51.5273
-51.4447
-51.3892
-51.3521
-51.3254
-51.3049
-51.2886
-51.2753
-51.2646
-51.2561
-51.2498
-51.2457
-51.2436
-53.0169
-51.9179
-51.6565
-51.5658
-51.5195
-51.4889
-51.4657
-51.447
-51.4316
-51.4188
-51.4084
-51.4001
-51.3939
-51.3897
-51.3876
-51.645
-51.6658
-51.6673
-51.6558
-51.6388
-51.6204
-51.6028
-51.5869
-51.5728
-51.5607
-51.5506
-51.5425
-51.5364
-51.5323
-51.5302
-50.2595
-51.4269
-51.6871
-51.7497
-51.7589
-51.7514
-51.7388
-51.7253
-51.7126
-51.7012
-51.6915
-51.6835
-51.6774
-51.6733
-51.6713
-52.3871
-51.8178
-51.8441
-51.8806
-51.8904
-51.8858
-51.8754
-51.8633
-51.8515
-51.8405
-51.831
-51.8231
-51.817
-51.8129
-51.8108
-50.5876
-51.7951
-51.9941
-52.03
-52.0319
-52.0241
-52.0131
-52.0012
-51.9896
-51.9789
-51.9694
-51.9614
-51.9552
-51.951
-51.9489
-53.6937
-52.4727
-52.2574
-52.203
-52.1799
-52.1646
-52.1513
-52.1389
-52.1272
-52.1163
-52.1066
-52.0984
-52.092
-52.0876
-52.0854
-51.9045
-52.4518
-52.4091
-52.354
-52.3226
-52.3035
-52.289
-52.2762
-52.2641
-52.2528
-52.2427
-52.2341
-52.2274
-52.2227
-52.2203
-53.9997
-52.8405
-52.5695
-52.4885
-52.4568
-52.4392
-52.4256
-52.4128
-52.4004
-52.3886
-52.3778
-52.3686
-52.3612
-52.3562
-52.3536
-52.6359
-52.6126
-52.5978
-52.5889
-52.5811
-52.5722
-52.5615
-52.5493
-52.5364
-52.5236
-52.5118
-52.5016
-52.4935
-52.4879
-52.485
-51.2883
-52.3787
-52.622
-52.6884
-52.7063
-52.7064
-52.6983
-52.6861
-52.6722
-52.658
-52.6448
-52.6332
-52.6241
-52.6177
-52.6145
-53.2991
-52.7332
-52.769
-52.8215
-52.844
-52.8464
-52.838
-52.8242
-52.8081
-52.7918
-52.7765
-52.7632
-52.7527
-52.7454
-52.7417
-51.5872
-52.6697
-52.9044
-52.9755
-52.9957
-52.9939
-52.9814
-52.9638
-52.9443
-52.9248
-52.9068
-52.8913
-52.879
-52.8706
-52.8663
-53.9604
-53.1952
-53.1534
-53.1648
-53.1627
-53.1489
-53.1284
-53.1048
-53.0803
-53.0568
-53.0354
-53.0171
-53.0028
-52.9929
-52.9879
-52.0277
-53.2182
-53.3655
-53.3634
-53.3382
-53.3085
-53.2775
-53.2463
-53.2158
-53.1873
-53.1618
-53.1402
-53.1234
-53.1119
-53.106
-55.3143
-53.9658
-53.6813
-53.5781
-53.5168
-53.4692
-53.4268
-53.3871
-53.3499
-53.3157
-53.2855
-53.2601
-53.2404
-53.227
-53.2201
-53.4903
-53.9746
-53.8712
-53.7635
-53.6863
-53.6263
-53.5742
-53.5263
-53.4819
-53.4414
-53.4058
-53.3762
-53.3532
-53.3375
-53.3295
-55.5991
-54.3917
-54.064
-53.9278
-53.8442
-53.778
-53.7186
-53.663
-53.6111
-53.5637
-53.5222
-53.4876
-53.4609
-53.4427
-53.4335
-54.2759
-54.198
-54.1237
-54.0557
-53.9901
-53.9251
-53.8604
-53.7972
-53.737
-53.682
-53.6337
-53.5936
-53.5627
-53.5417
-53.5311
-53.006
-54.002
-54.179
-54.182
-54.136
-54.0721
-54.0012
-53.9291
-53.8595
-53.7957
-53.7397
-53.6933
-53.6577
-53.6335
-53.6213
-54.9555
-54.3748
-54.355
-54.3424
-54.2945
-54.2241
-54.1429
-54.0591
-53.9781
-53.9038
-53.8391
-53.7857
-53.7448
-53.7171
-53.7032
-53.3951
-54.3585
-54.526
-54.5272
-54.4691
-54.3837
-54.2864
-54.187
-54.0919
-54.0055
-53.9307
-53.8694
-53.8227
-53.7913
-53.7755
-55.617
-54.8949
-54.8124
-54.7534
-54.663
-54.5516
-54.4314
-54.3119
-54.1997
-54.0992
-54.0131
-53.9431
-53.8901
-53.8546
-53.8369
-53.887
-54.9875
-55.0824
-55.0012
-54.8721
-54.7257
-54.5759
-54.4317
-54.2994
-54.1828
-54.0843
-54.005
-53.9455
-53.9058
-53.886
-57.0049
-55.7786
-55.4747
-55.2823
-55.0935
-54.9024
-54.7165
-54.5433
-54.3881
-54.254
-54.1423
-54.0534
-53.9872
-53.9433
-53.9214
-55.3596
-55.9294
-55.7894
-55.5611
-55.317
-55.0756
-54.8482
-54.6423
-54.4623
-54.3096
-54.1845
-54.0861
-54.0134
-53.9656
-53.9418
-57.7851
-56.5734
-56.1653
-55.8507
-55.5393
-55.2393
-54.9648
-54.7234
-54.5173
-54.3463
-54.2082
-54.101
-54.0226
-53.9712
-53.9458
-56.5827
-56.6595
-56.4763
-56.1382
-55.754
-55.3856
-55.0585
-54.7797
-54.5482
-54.36
-54.2106
-54.0961
-54.013
-53.9589
-53.9323
-55.3255
-56.9265
-56.8949
-56.4576
-55.9583
-55.5034
-55.1186
-54.8032
-54.549
-54.3468
-54.189
-54.0694
-53.9834
-53.9277
-53.9004
-59.3829
-58.3275
-57.595
-56.82
-56.1323
-55.5726
-55.1306
-54.7843
-54.5136
-54.3029
-54.141
-54.0195
-53.9328
-53.877
-53.8497
-57.7436
-59.5046
-58.3246
-57.1218
-56.2178
-55.5605
-55.0762
-54.7129
-54.4365
-54.2253
-54.0649
-53.9456
-53.8609
-53.8066
-53.78
-71.2446
-62.7242
-59.0702
-57.2163
-56.1321
-55.4282
-54.938
-54.581
-54.3142
-54.1125
-53.9603
-53.8477
-53.768
-53.717
-53.6921
-74.296
-62.5646
-58.5656
-56.7766
-55.7827
-55.1478
-54.7073
-54.3866
-54.1468
-53.9654
-53.8285
-53.7271
-53.6554
-53.6094
-53.587
-40.2272
-40.2253
-40.222
-40.2185
-40.2164
-40.2188
-40.2298
-40.256
-40.307
-40.3969
-40.5441
-40.7654
-41.0307
-40.9653
-38.2526
-39.9798
-39.9752
-39.9664
-39.9538
-39.9385
-39.9219
-39.9056
-39.8917
-39.8816
-39.8738
-39.8563
-39.7882
-39.5528
-38.8378
-37.03
-39.7364
-39.7288
-39.7138
-39.6913
-39.6615
-39.6242
-39.5787
-39.5235
-39.454
-39.3597
-39.2173
-38.9783
-38.554
-37.8018
-36.6038
-39.5
-39.4894
-39.4681
-39.4356
-39.3913
-39.334
-39.2614
-39.1694
-39.0509
-38.8931
-38.6731
-38.3538
-37.8842
-37.2107
-36.3278
-39.2737
-39.2602
-39.2329
-39.1911
-39.1337
-39.0587
-38.963
-38.8417
-38.6873
-38.488
-38.2263
-37.8783
-37.4179
-36.8283
-36.1234
-39.0603
-39.0442
-39.0116
-38.9617
-38.8931
-38.8035
-38.6898
-38.547
-38.3686
-38.1453
-37.8651
-37.5141
-37.0803
-36.5606
-35.9695
-38.8624
-38.8441
-38.8071
-38.7505
-38.6728
-38.572
-38.445
-38.2876
-38.0947
-37.8594
-37.5744
-37.2322
-36.828
-36.364
-35.8521
-38.6824
-38.6623
-38.6217
-38.5598
-38.4752
-38.3661
-38.2299
-38.0634
-37.8626
-37.6232
-37.3408
-37.0117
-36.6353
-36.2151
-35.7606
-38.5219
-38.5004
-38.4571
-38.3912
-38.3015
-38.1866
-38.0445
-37.8728
-37.6688
-37.4297
-37.1533
-36.8384
-36.4859
-36.0999
-35.688
-38.3824
-38.3599
-38.3145
-38.2457
-38.1526
-38.0339
-37.8883
-37.714
-37.5094
-37.273
-37.0038
-36.7021
-36.3696
-36.0102
-35.6302
-38.265
-38.2417
-38.1949
-38.1241
-38.0286
-37.9076
-37.7601
-37.5849
-37.3813
-37.1484
-36.8864
-36.5961
-36.2796
-35.9407
-35.5844
-38.1703
-38.1465
-38.0988
-38.0267
-37.9297
-37.8074
-37.659
-37.4839
-37.2818
-37.0526
-36.7967
-36.5157
-36.2116
-35.888
-35.5492
-38.099
-38.0748
-38.0264
-37.9535
-37.8558
-37.7327
-37.584
-37.4094
-37.2089
-36.9827
-36.7318
-36.4577
-36.1627
-35.85
-35.5234
-38.0512
-38.0269
-37.9782
-37.9048
-37.8066
-37.6832
-37.5345
-37.3604
-37.1611
-36.9371
-36.6896
-36.4201
-36.131
-35.8253
-35.5065
-38.0273
-38.0029
-37.954
-37.8804
-37.782
-37.6585
-37.5098
-37.336
-37.1374
-36.9146
-36.6687
-36.4015
-36.1153
-35.8131
-35.4981
-30.7233
-35.8205
-36.0154
-32.1616
-28.502
-18.8823
-29.0978
-33.3823
-39.0258
-39.3839
-35.0261
-32.7319
-28.961
-25.5573
-16.9425
-25.9725
-29.6672
-34.3694
-34.3515
-29.6116
-25.8426
-16.6445
-24.8187
-27.9497
-31.2394
-33.3008
-37.3575
-36.9422
-31.4449
-27.2851
-17.4511
-25.8875
-29.0969
-32.4322
-34.5395
-38.714
-38.2859
-32.6181
-28.3392
-18.2099
-27.1283
-30.6225
-34.461
-36.989
-42.1145
-42.1755
-37.2682
-34.7416
-30.684
-27.0811
-18.0031
-27.6576
-31.664
-36.8465
-36.9287
-32.0176
-28.0681
-18.2865
-27.4892
-31.1531
-35.2544
-37.8661
-42.994
-42.7899
-36.8916
-32.2765
-21.0101
-31.6611
-35.9419
-40.8154
-43.9222
-50.0176
-49.8426
-43.0632
-37.7043
-24.5365
-37.1456
-42.2117
-47.9857
-51.6036
-58.6334
-58.3045
-50.0891
-43.6462
-28.0288
-42.2625
-47.4725
-52.533
-51.7016
-42.9575
-34.6517
-34.7221
-34.0786
-32.2524
-30.1364
-28.0838
-30.38
-32.7359
-34.8144
-35.0691
-33.5794
-31.7953
-29.5907
-27.4122
-25.4186
-27.3334
-29.2832
-30.9196
-30.8686
-29.1219
-27.0311
-24.9175
-26.6337
-28.5365
-30.4402
-31.9824
-33.267
-32.8995
-30.7861
-28.4038
-26.044
-27.7378
-29.6579
-31.5897
-33.1668
-34.4917
-34.1249
-31.9702
-29.5576
-27.2014
-29.0987
-31.275
-33.5441
-35.5001
-37.3054
-37.3498
-35.6297
-33.6828
-31.3412
-29.0717
-27.0345
-29.1676
-31.36
-33.2498
-33.3426
-31.6409
-29.5755
-27.5221
-29.6776
-32.0642
-34.5211
-36.5877
-38.4117
-38.3213
-36.2434
-33.8243
-31.4694
-33.9976
-36.8141
-39.7377
-42.2103
-44.4091
-44.3646
-41.9983
-39.2118
-36.4908
-39.4972
-42.8144
-46.2302
-49.0659
-51.5209
-51.294
-48.2718
-44.7068
-41.1009
-43.9553
-46.8064
-49.065
-49.481
-48.6712
-35.3539
-34.6514
-33.8445
-32.7602
-31.6786
-31.0227
-31.576
-32.4883
-33.2288
-33.2658
-32.5561
-31.4636
-30.1827
-29.0003
-28.2662
-28.6437
-29.3502
-29.8991
-29.8271
-29.1278
-28.2519
-27.6754
-28.1797
-29.1218
-30.1611
-31.0348
-31.5555
-31.3706
-30.5142
-29.4901
-28.7997
-29.2624
-30.202
-31.258
-32.1574
-32.7055
-32.5386
-31.6937
-30.695
-30.0679
-30.6674
-31.7941
-33.0784
-34.2283
-35.0324
-35.0652
-34.3179
-33.1926
-31.8949
-30.7282
-30.0608
-30.5927
-31.4918
-32.241
-32.3411
-31.7881
-31.0661
-30.6973
-31.5338
-32.8741
-34.3503
-35.6589
-36.5867
-36.7151
-36.0869
-35.2798
-34.8977
-35.9192
-37.5323
-39.3096
-40.8931
-42.0314
-42.2306
-41.5386
-40.6255
-40.1978
-41.4018
-43.2755
-45.3107
-47.0765
-48.2707
-48.309
-47.2365
-45.8267
-44.8704
-45.6532
-46.9937
-48.2507
-49.0256
-49.5878
-35.4487
-34.7303
-34.0094
-33.2636
-32.6075
-32.2201
-32.2546
-32.4879
-32.6559
-32.5374
-32.0836
-31.4029
-30.6324
-29.9426
-29.5127
-29.48
-29.6436
-29.7727
-29.6886
-29.3875
-29.0414
-28.8767
-29.0951
-29.5668
-30.1205
-30.5953
-30.8599
-30.8084
-30.4839
-30.0956
-29.8949
-30.1001
-30.5784
-31.1517
-31.6538
-31.949
-31.9286
-31.6387
-31.2976
-31.1679
-31.4771
-32.0862
-32.8066
-33.4547
-33.8702
-33.904
-33.5509
-32.9507
-32.2602
-31.666
-31.3604
-31.4893
-31.8399
-32.1671
-32.2806
-32.1787
-32.0484
-32.1371
-32.6646
-33.4888
-34.4209
-35.279
-35.913
-36.199
-36.1881
-36.1239
-36.3049
-36.9892
-38.0142
-39.1612
-40.2174
-41.0061
-41.3804
-41.3978
-41.3405
-41.5554
-42.3422
-43.5042
-44.7792
-45.9107
-46.6852
-46.9242
-46.687
-46.2939
-46.1358
-46.5481
-47.3015
-48.1307
-48.8766
-49.5896
-35.4307
-34.8124
-34.2094
-33.6373
-33.1489
-32.8094
-32.6464
-32.5808
-32.4952
-32.2913
-31.9374
-31.4711
-30.9654
-30.51
-30.187
-30.0332
-29.9865
-29.9529
-29.862
-29.7118
-29.5692
-29.5262
-29.6455
-29.8936
-30.193
-30.4584
-30.6195
-30.6391
-30.5455
-30.4307
-30.4055
-30.5445
-30.8179
-31.148
-31.4482
-31.6469
-31.7067
-31.6576
-31.5959
-31.6363
-31.8551
-32.2183
-32.639
-33.0162
-33.2582
-33.3002
-33.1402
-32.839
-32.4873
-32.1886
-32.0345
-32.067
-32.222
-32.4011
-32.5308
-32.6109
-32.7155
-32.9453
-33.3688
-33.9486
-34.5985
-35.2224
-35.7407
-36.1109
-36.3665
-36.6155
-36.9876
-37.5692
-38.3208
-39.144
-39.9275
-40.5778
-41.0445
-41.365
-41.6637
-42.0902
-42.7426
-43.5707
-44.4548
-45.2596
-45.8711
-46.2255
-46.3623
-46.423
-46.5802
-46.9525
-47.5004
-48.1312
-48.7753
-49.4223
-35.3953
-34.8721
-34.3643
-33.8901
-33.4755
-33.144
-32.8976
-32.7019
-32.5045
-32.2606
-31.9528
-31.5958
-31.2254
-30.8866
-30.6173
-30.4319
-30.3099
-30.2154
-30.1207
-30.0248
-29.9534
-29.9417
-30.0102
-30.1464
-30.3144
-30.4714
-30.5825
-30.6328
-30.6372
-30.6369
-30.6797
-30.7952
-30.9757
-31.1875
-31.3888
-31.5449
-31.6416
-31.6948
-31.7472
-31.8478
-32.0252
-32.2677
-32.5344
-32.7727
-32.9341
-32.9877
-32.933
-32.8002
-32.6384
-32.5032
-32.4403
-32.4687
-32.5695
-32.7066
-32.8525
-33.0081
-33.2026
-33.4751
-33.8482
-34.3078
-34.8138
-35.3182
-35.7819
-36.1881
-36.5549
-36.9301
-37.369
-37.9047
-38.5245
-39.1844
-39.8296
-40.4145
-40.9193
-41.3641
-41.8033
-42.3
-42.8903
-43.5569
-44.2449
-44.8872
-45.4274
-45.8403
-46.1475
-46.4135
-46.715
-47.1042
-47.5803
-48.113
-48.6703
-49.2343
-35.3598
-34.9094
-34.4705
-34.0568
-33.6822
-33.3557
-33.0754
-32.825
-32.5806
-32.3215
-32.039
-31.7392
-31.4397
-31.1627
-30.9265
-30.7389
-30.5937
-30.4779
-30.381
-30.3024
-30.2516
-30.2412
-30.2774
-30.3533
-30.4514
-30.5503
-30.6329
-30.6924
-30.7357
-30.7811
-30.8491
-30.9523
-31.0883
-31.2422
-31.3944
-31.5286
-31.639
-31.733
-31.8294
-31.9486
-32.1016
-32.2824
-32.4709
-32.6401
-32.7653
-32.8313
-32.8386
-32.803
-32.7515
-32.7138
-32.7148
-32.7664
-32.8651
-32.9995
-33.1606
-33.3494
-33.5777
-33.86
-34.2035
-34.6005
-35.0316
-35.4731
-35.9059
-36.3225
-36.7313
-37.1532
-37.6115
-38.1192
-38.6709
-39.2463
-39.8188
-40.3667
-40.8811
-41.3712
-41.8606
-42.3752
-42.9285
-43.5124
-44.1011
-44.6618
-45.1676
-45.6074
-45.9925
-46.3528
-46.7237
-47.1307
-47.5792
-48.0593
-48.5561
-49.0555
-35.327
-34.9296
-34.5398
-34.167
-33.8192
-33.5006
-33.2098
-32.9392
-32.6777
-32.4158
-32.1495
-31.8819
-31.6215
-31.3796
-31.1657
-30.9844
-30.8349
-30.7129
-30.6145
-30.5396
-30.4913
-30.4735
-30.4873
-30.5281
-30.5869
-30.6526
-30.7166
-30.7752
-30.8312
-30.8925
-30.9677
-31.0623
-31.175
-31.2992
-31.4257
-31.5469
-31.6599
-31.7679
-31.8789
-32.001
-32.1379
-32.2861
-32.4351
-32.5712
-32.6818
-32.7597
-32.8059
-32.8292
-32.8447
-32.869
-32.9168
-32.9963
-33.1096
-33.2544
-33.4288
-33.6342
-33.8752
-34.1572
-34.4818
-34.8443
-35.2346
-35.641
-36.0536
-36.4685
-36.8891
-37.3241
-37.783
-38.2705
-38.7837
-39.3124
-39.8439
-40.3673
-40.878
-41.3797
-41.8819
-42.3947
-42.9228
-43.4615
-43.9979
-44.516
-45.0029
-45.4536
-45.8736
-46.277
-46.6808
-47.0978
-47.5325
-47.9818
-48.4381
-48.8921
-35.2972
-34.9385
-34.5842
-34.2409
-33.9136
-33.605
-33.3148
-33.0397
-32.7748
-32.516
-32.2617
-32.0137
-31.7764
-31.5559
-31.3574
-31.1839
-31.0363
-30.9134
-30.8141
-30.7383
-30.6867
-30.6602
-30.658
-30.677
-30.7121
-30.7573
-30.8078
-30.8615
-30.9191
-30.9836
-31.0585
-31.146
-31.2452
-31.353
-31.4648
-31.577
-31.6879
-31.7987
-31.9124
-32.0319
-32.1582
-32.2888
-32.418
-32.539
-32.6455
-32.7342
-32.8062
-32.8669
-32.9252
-32.9909
-33.0731
-33.178
-33.3089
-33.4669
-33.6528
-33.8678
-34.1141
-34.3935
-34.7059
-35.0482
-35.415
-35.8001
-36.1981
-36.6067
-37.0266
-37.4611
-37.9136
-38.3853
-38.8743
-39.375
-39.881
-40.3864
-40.8884
-41.3879
-41.8881
-42.3927
-42.9024
-43.4141
-43.9212
-44.4155
-44.8907
-45.3442
-45.7788
-46.2011
-46.6192
-47.0396
-47.4652
-47.8946
-48.3236
-48.7463
-35.2708
-34.9405
-34.6124
-34.2912
-33.9805
-33.6825
-33.3977
-33.125
-32.8628
-32.6094
-32.3645
-32.1295
-31.9069
-31.7003
-31.5125
-31.346
-31.2017
-31.0796
-30.9797
-30.9018
-30.8459
-30.8116
-30.798
-30.8026
-30.8225
-30.8541
-30.8945
-30.9422
-30.9969
-31.0595
-31.1313
-31.2127
-31.3031
-31.4008
-31.5034
-31.6088
-31.7162
-31.8255
-31.9376
-32.0533
-32.1725
-32.2934
-32.4131
-32.5279
-32.6349
-32.7329
-32.8229
-32.9085
-32.9952
-33.0894
-33.1968
-33.3224
-33.4693
-33.6398
-33.8351
-34.0566
-34.3056
-34.5826
-34.8871
-35.2171
-35.5695
-35.9408
-36.3278
-36.7288
-37.1435
-37.5725
-38.0167
-38.4758
-38.9482
-39.4306
-39.9192
-40.4106
-40.9028
-41.3953
-41.8886
-42.3834
-42.8793
-43.3738
-43.8631
-44.343
-44.8099
-45.2626
-45.7021
-46.1314
-46.5545
-46.9744
-47.3926
-47.8081
-48.2184
-48.6195
-35.2483
-34.9389
-34.6302
-34.3258
-34.0285
-33.7405
-33.4625
-33.195
-32.9375
-32.69
-32.4528
-32.2269
-32.0143
-31.8169
-31.6369
-31.4758
-31.3346
-31.2137
-31.1134
-31.0334
-30.9735
-30.9331
-30.9113
-30.9062
-30.9158
-30.9379
-30.9706
-31.0125
-31.0631
-31.1222
-31.19
-31.2664
-31.3506
-31.4415
-31.5378
-31.6381
-31.7417
-31.8482
-31.9576
-32.0698
-32.1844
-32.3001
-32.4153
-32.5283
-32.6377
-32.7432
-32.846
-32.9487
-33.0549
-33.1689
-33.2948
-33.4363
-33.5963
-33.777
-33.9799
-34.2063
-34.4571
-34.7324
-35.0318
-35.3541
-35.6973
-36.0592
-36.4378
-36.8317
-37.24
-37.6624
-38.0986
-38.5476
-39.008
-39.4775
-39.9537
-40.4341
-40.9172
-41.4017
-41.8872
-42.3732
-42.8584
-43.3412
-43.819
-44.2893
-44.75
-45.2002
-45.6402
-46.0711
-46.4947
-46.9122
-47.324
-47.7294
-48.1266
-48.5127
-35.2299
-34.9357
-34.6413
-34.3495
-34.0629
-33.7833
-33.5121
-33.25
-32.9976
-32.7554
-32.5242
-32.305
-32.0992
-31.9082
-31.7336
-31.5765
-31.4379
-31.3181
-31.2174
-31.1357
-31.0727
-31.0278
-31.0002
-30.9884
-30.991
-31.0064
-31.0332
-31.0703
-31.1168
-31.1724
-31.2365
-31.3087
-31.3884
-31.4746
-31.5663
-31.6627
-31.7631
-31.8668
-31.9736
-32.0831
-32.1947
-32.3076
-32.421
-32.534
-32.6461
-32.7576
-32.8696
-32.9841
-33.1037
-33.2314
-33.3706
-33.5239
-33.6938
-33.8824
-34.0912
-34.3214
-34.5735
-34.8478
-35.1441
-35.4614
-35.7984
-36.1538
-36.5261
-36.914
-37.3166
-37.7329
-38.1622
-38.6034
-39.055
-39.5153
-39.9823
-40.4543
-40.9297
-41.4071
-41.8857
-42.3642
-42.8416
-43.3161
-43.7861
-44.2497
-44.7057
-45.153
-45.5916
-46.0217
-46.4439
-46.8584
-47.265
-47.6631
-48.0509
-48.4266
-35.2159
-34.9324
-34.6481
-34.3654
-34.0867
-33.8137
-33.5479
-33.2905
-33.0425
-32.8047
-32.578
-32.3634
-32.1623
-31.9756
-31.8047
-31.6505
-31.5136
-31.3946
-31.2937
-31.2108
-31.1456
-31.0976
-31.0659
-31.0496
-31.0475
-31.0583
-31.0809
-31.1143
-31.1575
-31.21
-31.2712
-31.3403
-31.4167
-31.4996
-31.5882
-31.6817
-31.7796
-31.8811
-31.9858
-32.0933
-32.2031
-32.3146
-32.4274
-32.541
-32.6556
-32.7715
-32.8898
-33.0123
-33.1408
-33.278
-33.4261
-33.5877
-33.7647
-33.9591
-34.1722
-34.405
-34.6582
-34.932
-35.2263
-35.5404
-35.8735
-36.2245
-36.5923
-36.9756
-37.3736
-37.7851
-38.2092
-38.6446
-39.0899
-39.5436
-40.0042
-40.47
-40.9395
-41.4114
-41.8844
-42.3574
-42.829
-43.2979
-43.7625
-44.2216
-44.674
-45.1188
-45.5556
-45.9842
-46.4044
-46.8161
-47.2188
-47.6116
-47.9931
-48.3618
-35.2066
-34.9298
-34.6519
-34.3752
-34.1016
-33.8331
-33.5712
-33.3172
-33.0723
-32.8375
-32.6138
-32.4023
-32.204
-32.0201
-31.8515
-31.699
-31.5633
-31.4449
-31.3438
-31.2601
-31.1935
-31.1435
-31.1094
-31.0903
-31.0852
-31.0932
-31.113
-31.1439
-31.1849
-31.2352
-31.2943
-31.3613
-31.4355
-31.5163
-31.6029
-31.6946
-31.7908
-31.8908
-31.9942
-32.1004
-32.2092
-32.32
-32.4326
-32.547
-32.6633
-32.7821
-32.9044
-33.0318
-33.1659
-33.3088
-33.4627
-33.6294
-33.811
-34.0091
-34.2249
-34.4595
-34.7135
-34.9871
-35.2802
-35.5925
-35.9232
-36.2714
-36.6362
-37.0166
-37.4114
-37.8197
-38.2402
-38.6717
-39.113
-39.5626
-40.0189
-40.4806
-40.9462
-41.4143
-41.8836
-42.3529
-42.8208
-43.286
-43.7473
-44.2035
-44.6535
-45.0964
-45.5317
-45.9589
-46.3776
-46.7872
-47.1872
-47.5766
-47.9541
-48.3184
-35.2018
-34.9284
-34.6537
-34.3798
-34.1089
-33.8426
-33.5827
-33.3305
-33.0871
-32.8539
-32.6317
-32.4216
-32.2248
-32.0422
-31.8747
-31.7231
-31.588
-31.4697
-31.3686
-31.2845
-31.2172
-31.1663
-31.131
-31.1106
-31.1041
-31.1106
-31.1291
-31.1587
-31.1986
-31.2478
-31.3058
-31.3718
-31.445
-31.5248
-31.6104
-31.7011
-31.7964
-31.8957
-31.9984
-32.1041
-32.2124
-32.3229
-32.4356
-32.5503
-32.6675
-32.7878
-32.9121
-33.0418
-33.1785
-33.3242
-33.4808
-33.6501
-33.8339
-34.0338
-34.251
-34.4864
-34.7408
-35.0143
-35.3069
-35.6183
-35.9479
-36.2948
-36.6582
-37.037
-37.4303
-37.8368
-38.2556
-38.6852
-39.1245
-39.572
-40.0263
-40.486
-40.9496
-41.4158
-41.8832
-42.3507
-42.8167
-43.2802
-43.7399
-44.1946
-44.6434
-45.0853
-45.5198
-45.9462
-46.364
-46.7726
-47.1712
-47.5589
-47.9345
-48.2967
-52.8486
-56.4823
-56.3226
-55.6859
-55.1242
-54.6909
-54.3621
-54.1111
-53.9181
-53.7697
-53.6564
-53.5719
-53.5119
-53.4733
-53.4544
-51.4656
-53.6406
-54.3529
-54.4213
-54.2777
-54.088
-53.9078
-53.7525
-53.6243
-53.5212
-53.4401
-53.3784
-53.334
-53.3052
-53.2911
-50.9336
-52.2619
-53.0275
-53.3691
-53.4776
-53.4759
-53.4286
-53.3671
-53.3057
-53.2507
-53.2045
-53.1678
-53.1407
-53.1228
-53.1139
-50.5109
-51.4463
-52.1263
-52.55
-52.7879
-52.9094
-52.9638
-52.9816
-52.9808
-52.9716
-52.9596
-52.9479
-52.9383
-52.9315
-52.928
-50.1498
-50.8862
-51.4818
-51.917
-52.2147
-52.4103
-52.5357
-52.615
-52.6646
-52.6955
-52.7146
-52.7262
-52.7332
-52.737
-52.7387
-49.8462
-50.4671
-50.9979
-51.4216
-51.7438
-51.9815
-52.1539
-52.2781
-52.3674
-52.4314
-52.4772
-52.5095
-52.5313
-52.5449
-52.5514
-49.5913
-50.1382
-50.6213
-51.0279
-51.3576
-51.6181
-51.8206
-51.9764
-52.0955
-52.1858
-52.2536
-52.3032
-52.338
-52.3601
-52.3709
-49.3764
-49.8733
-50.3214
-50.7113
-51.0408
-51.313
-51.5342
-51.7117
-51.8525
-51.963
-52.0482
-52.1121
-52.1576
-52.1869
-52.2012
-49.1953
-49.6575
-50.0798
-50.4554
-50.7815
-51.0592
-51.2917
-51.4837
-51.6402
-51.7657
-51.8644
-51.9395
-51.9937
-52.0288
-52.0461
-49.0439
-49.4817
-49.8852
-50.2491
-50.571
-50.8507
-51.09
-51.2916
-51.4589
-51.5955
-51.7043
-51.7881
-51.849
-51.8888
-51.9084
-48.9201
-49.3406
-49.7303
-50.0852
-50.4029
-50.683
-50.926
-51.1339
-51.3088
-51.4531
-51.5694
-51.6597
-51.7258
-51.7691
-51.7905
-48.8221
-49.2307
-49.6105
-49.9586
-50.2728
-50.5524
-50.7976
-51.0094
-51.1893
-51.3391
-51.4607
-51.5557
-51.6256
-51.6715
-51.6943
-48.7494
-49.1498
-49.5229
-49.866
-50.1775
-50.4565
-50.7028
-50.917
-51.1002
-51.2536
-51.3788
-51.477
-51.5495
-51.5973
-51.621
-48.7011
-49.0965
-49.4653
-49.8054
-50.115
-50.3934
-50.6403
-50.8559
-51.041
-51.1966
-51.324
-51.4242
-51.4984
-51.5474
-51.5717
-48.677
-49.07
-49.4368
-49.7753
-50.0841
-50.3622
-50.6092
-50.8254
-51.0114
-51.1681
-51.2966
-51.3978
-51.4727
-51.5222
-51.5468
)
;

boundaryField
{
    hot
    {
        type            calculated;
        value           nonuniform List<scalar> 
120
(
-48.5978
-48.6185
-48.6597
-48.7214
-48.8032
-48.9045
-49.0246
-49.1625
-49.3164
-49.4846
-49.6642
-49.8522
-50.045
-50.2385
-50.4284
-50.5956
-50.74
-50.875
-50.999
-51.1111
-51.2104
-51.2967
-51.3699
-51.4302
-51.478
-51.5138
-51.5383
-51.5519
-51.5555
-51.5495
-51.5346
-51.5114
-51.4805
-51.4422
-51.3971
-51.3456
-51.2882
-51.2251
-51.1567
-51.0834
-51.0054
-50.923
-50.8365
-50.746
-50.6517
-50.554
-50.4527
-50.3483
-50.2406
-50.1299
-50.0161
-49.8995
-49.7799
-49.6575
-49.5323
-49.4042
-49.2733
-49.1395
-49.0029
-48.8633
-48.7208
-48.5753
-48.4268
-48.2753
-48.1207
-47.9629
-47.802
-47.6379
-47.4707
-47.3003
-47.1268
-46.9502
-46.7705
-46.5879
-46.4025
-46.2144
-46.0236
-45.8305
-45.6353
-45.4381
-45.2394
-45.0392
-44.838
-44.636
-44.4337
-44.2312
-44.029
-43.8273
-43.6264
-43.4266
-43.2279
-43.0305
-42.8342
-42.639
-42.4445
-42.2506
-42.0566
-41.8622
-41.6667
-41.4698
-41.2709
-41.0699
-40.8667
-40.6616
-40.4551
-40.2277
-39.9809
-39.7383
-39.5027
-39.277
-39.0643
-38.867
-38.6874
-38.5273
-38.388
-38.2708
-38.1763
-38.105
-38.0573
-38.0334
)
;
    }
    cold
    {
        type            calculated;
        value           nonuniform List<scalar> 
120
(
-39.3923
-39.4143
-39.4583
-39.5239
-39.6109
-39.7188
-39.8467
-39.9937
-40.1584
-40.3389
-40.533
-40.7381
-40.9514
-41.1699
-41.3907
-41.5927
-41.7749
-41.9546
-42.1314
-42.3051
-42.4758
-42.6439
-42.8101
-42.9749
-43.1391
-43.3034
-43.4684
-43.6345
-43.8022
-43.9718
-44.1433
-44.3169
-44.4925
-44.67
-44.8491
-45.0295
-45.211
-45.3934
-45.5762
-45.7592
-45.9421
-46.1246
-46.3066
-46.4878
-46.668
-46.847
-47.0249
-47.2014
-47.3767
-47.5507
-47.7235
-47.8951
-48.0656
-48.2351
-48.4036
-48.5712
-48.738
-48.9038
-49.0687
-49.2326
-49.3955
-49.5573
-49.7178
-49.877
-50.0348
-50.1912
-50.3461
-50.4994
-50.6513
-50.8015
-50.9503
-51.0974
-51.243
-51.3871
-51.5297
-51.6707
-51.8103
-51.9483
-52.0848
-52.2197
-52.3529
-52.4843
-52.6137
-52.7407
-52.8652
-52.9866
-53.1046
-53.2184
-53.3275
-53.4312
-53.5284
-53.6183
-53.6997
-53.7715
-53.8324
-53.881
-53.916
-53.9359
-53.9395
-53.9257
-53.8936
-53.8429
-53.7735
-53.686
-53.5815
-53.4498
-53.2876
-53.1117
-52.9271
-52.7391
-52.553
-52.3735
-52.2047
-52.0503
-51.9133
-51.7958
-51.6999
-51.6269
-51.5777
-51.553
)
;
    }
    interface_left
    {
        type            calculated;
        value           nonuniform List<scalar> 
90
(
-74.1362
-66.5396
-53.6923
-54.295
-53.3953
-53.2845
-53.0241
-53.3411
-53.1358
-53.1791
-53.3075
-52.7529
-53.2398
-52.2447
-52.8182
-53.57
-52.1933
-53.5921
-51.1677
-52.785
-50.7899
-52.0123
-53.2983
-51.2525
-53.2154
-50.7036
-53.1722
-49.3929
-51.8846
-49.1602
-50.8905
-52.6169
-49.9986
-52.4907
-49.4225
-52.4515
-47.922
-50.9245
-47.7234
-49.7876
-51.8348
-48.778
-51.7155
-48.1309
-51.7022
-46.3772
-49.9278
-46.1446
-48.5989
-51.0454
-47.4008
-50.936
-46.6077
-50.94
-44.4434
-48.775
-44.1203
-47.1239
-50.1252
-45.6089
-49.954
-44.5774
-49.8846
-41.8815
-47.1431
-41.4767
-45.0657
-48.6016
-43.182
-48.1915
-41.9397
-47.8549
-38.9872
-44.6186
-38.7174
-42.3434
-45.7273
-40.4671
-44.8567
-39.5218
-44.0565
-37.8208
-41.433
-38.8144
-40.5708
-41.5312
-41.9668
-41.7788
-53.6662
-60.2287
)
;
    }
    interface_right
    {
        type            calculated;
        value           nonuniform List<scalar> 
90
(
-62.0449
-55.9821
-42.4056
-43.284
-43.4009
-41.4039
-40.5861
-41.9946
-39.4764
-44.0852
-40.5897
-44.8971
-41.3089
-45.7721
-42.9088
-39.7794
-44.9153
-39.9576
-47.8395
-42.555
-48.2107
-43.6705
-48.6522
-45.4096
-42.0904
-47.3559
-42.4411
-49.9592
-44.9617
-50.066
-45.9424
-50.2669
-47.4049
-44.5359
-49.0056
-44.8811
-51.0753
-47.032
-51.2134
-48.4933
-45.8288
-49.8159
-46.0634
-50.6647
-46.2205
-52.7163
-48.3524
-52.6784
-49.1023
-52.8153
-50.306
-47.7542
-51.6949
-47.9361
-53.6276
-49.7778
-53.7088
-50.4775
-53.9166
-51.6294
-49.3006
-52.9562
-49.5478
-54.7394
-51.3496
-54.9474
-52.6495
-50.3899
-53.8661
-50.6858
-54.6753
-50.9757
-56.4461
-52.9659
-56.5668
-54.3144
-52.1673
-55.5124
-52.5783
-56.2776
-52.9045
-58.0267
-54.7573
-58.747
-56.4697
-53.8753
-60.1051
-55.4812
-77.2993
-83.2021
)
;
    }
    interface_top
    {
        type            calculated;
        value           nonuniform List<scalar> 
90
(
-30.7233
-35.8205
-36.0154
-32.1616
-28.502
-18.8823
-29.0978
-33.3823
-39.0258
-39.3839
-35.0261
-32.7319
-28.961
-25.5573
-16.9425
-25.9725
-29.6672
-34.3694
-34.3515
-29.6116
-25.8426
-16.6445
-24.8187
-27.9497
-31.2394
-33.3008
-37.3575
-36.9422
-31.4449
-27.2851
-17.4511
-25.8875
-29.0969
-32.4322
-34.5395
-38.714
-38.2859
-32.6181
-28.3392
-18.2099
-27.1283
-30.6225
-34.461
-36.989
-42.1145
-42.1755
-37.2682
-34.7416
-30.684
-27.0811
-18.0031
-27.6576
-31.664
-36.8465
-36.9287
-32.0176
-28.0681
-18.2865
-27.4892
-31.1531
-35.2544
-37.8661
-42.994
-42.7899
-36.8916
-32.2765
-21.0101
-31.6611
-35.9419
-40.8154
-43.9222
-50.0176
-49.8426
-43.0632
-37.7043
-24.5365
-37.1456
-42.2117
-47.9857
-51.6036
-58.6334
-58.3045
-50.0891
-43.6462
-28.0288
-42.2625
-47.4725
-52.533
-51.7016
-42.9575
)
;
    }
    interface_bottom
    {
        type            calculated;
        value           nonuniform List<scalar> 
90
(
-37.7324
-43.3588
-41.012
-26.768
-41.0863
-46.6314
-52.452
-56.0157
-62.8475
-62.3951
-54.0194
-49.8025
-43.3144
-37.8986
-24.8345
-37.8858
-43.1108
-49.593
-49.6112
-43.2964
-40.0656
-35.0105
-30.6959
-20.1803
-30.6585
-34.7631
-39.6659
-39.3519
-33.4188
-28.9846
-18.6157
-27.5977
-30.9812
-34.465
-36.5356
-40.4768
-39.8082
-33.5573
-29.0339
-18.6557
-27.7391
-31.252
-35.0604
-37.4241
-42.044
-41.8263
-36.4711
-33.8142
-29.7864
-26.2503
-17.4451
-26.8146
-30.5973
-35.2949
-35.2148
-30.2494
-26.4027
-17.1302
-25.7256
-29.0579
-32.6474
-34.7719
-38.7479
-38.2128
-32.3583
-28.0563
-18.0524
-26.9331
-30.3348
-33.9272
-36.0592
-40.0675
-39.4727
-33.3768
-28.9289
-18.6287
-27.7679
-31.2967
-35.0783
-37.3811
-41.7938
-41.3072
-35.1806
-30.5969
-19.798
-29.7738
-33.5435
-37.4793
-37.2031
-31.7303
)
;
    }
    defaultFaces
    {
        type            empty;
    }
}


// ************************************************************************* //
