/*--------------------------------*- C++ -*----------------------------------*\
| =========                 |                                                 |
| \\      /  F ield         | OpenFOAM: The Open Source CFD Toolbox           |
|  \\    /   O peration     | Version:  5.x                                   |
|   \\  /    A nd           | Web:      www.OpenFOAM.org                      |
|    \\/     M anipulation  |                                                 |
\*---------------------------------------------------------------------------*/
FoamFile
{
    version     2.0;
    format      ascii;
    class       volScalarField;
    location    "3.7";
    object      T;
}
// * * * * * * * * * * * * * * * * * * * * * * * * * * * * * * * * * * * * * //

dimensions      [0 0 0 1 0 0 0];

internalField   nonuniform List<scalar> 
6300
(
322.757
322.271
321.786
321.301
320.816
320.333
319.851
319.37
318.89
318.413
317.937
317.464
316.993
316.524
316.058
322.757
322.271
321.785
321.3
320.815
320.332
319.849
319.368
318.889
318.411
317.935
317.461
316.99
316.521
316.055
322.757
322.27
321.784
321.298
320.813
320.329
319.846
319.365
318.885
318.407
317.931
317.457
316.985
316.516
316.05
322.756
322.269
321.782
321.296
320.811
320.326
319.842
319.36
318.88
318.401
317.924
317.45
316.978
316.508
316.041
322.756
322.268
321.78
321.293
320.807
320.321
319.837
319.354
318.872
318.393
317.915
317.44
316.967
316.497
316.03
322.755
322.267
321.778
321.29
320.802
320.316
319.83
319.346
318.863
318.383
317.904
317.428
316.955
316.484
316.016
322.755
322.265
321.775
321.285
320.797
320.309
319.822
319.336
318.852
318.37
317.891
317.413
316.939
316.468
315.999
322.754
322.263
321.771
321.28
320.79
320.301
319.812
319.325
318.839
318.356
317.874
317.396
316.92
316.448
315.979
322.753
322.26
321.767
321.275
320.783
320.292
319.801
319.312
318.825
318.339
317.856
317.375
316.898
316.425
315.956
322.753
322.258
321.763
321.269
320.775
320.282
319.789
319.298
318.808
318.32
317.834
317.351
316.872
316.397
315.928
322.752
322.255
321.759
321.262
320.766
320.271
319.776
319.282
318.789
318.298
317.809
317.323
316.841
316.365
315.895
322.751
322.252
321.754
321.256
320.757
320.26
319.762
319.265
318.769
318.274
317.781
317.291
316.805
316.325
315.855
322.75
322.249
321.749
321.248
320.748
320.248
319.748
319.247
318.748
318.249
317.75
317.254
316.762
316.277
315.804
322.749
322.246
321.744
321.241
320.739
320.236
319.733
319.229
318.726
318.222
317.718
317.214
316.712
316.216
315.735
322.748
322.244
321.739
321.234
320.73
320.224
319.718
319.212
318.704
318.195
317.685
317.172
316.657
316.139
315.631
315.633
315.249
314.867
314.486
314.109
313.733
313.36
312.989
312.621
312.255
311.893
311.533
311.177
310.824
310.475
310.129
309.787
309.449
309.114
308.783
308.455
308.131
307.811
307.494
307.181
306.871
306.564
306.26
305.958
305.66
305.364
305.07
304.778
304.488
304.2
303.914
303.63
303.347
303.065
302.785
302.506
302.229
301.952
301.677
301.403
301.13
300.858
300.587
300.317
300.047
299.779
299.511
299.244
298.977
298.711
298.445
298.179
297.914
297.648
297.382
297.116
296.849
296.582
296.315
296.047
295.778
295.508
295.238
294.966
294.694
294.42
294.146
293.87
293.593
293.314
293.034
292.753
292.47
292.186
291.9
291.612
291.322
291.031
290.737
290.442
290.145
289.846
289.544
289.241
288.935
315.63
315.246
314.864
314.483
314.105
313.729
313.356
312.985
312.617
312.251
311.888
311.529
311.172
310.819
310.47
310.124
309.782
309.443
309.108
308.777
308.45
308.126
307.806
307.49
307.176
306.866
306.56
306.256
305.955
305.656
305.36
305.066
304.775
304.485
304.198
303.912
303.627
303.345
303.063
302.783
302.504
302.227
301.951
301.675
301.401
301.128
300.856
300.585
300.315
300.046
299.778
299.51
299.243
298.977
298.71
298.445
298.179
297.914
297.648
297.382
297.116
296.85
296.583
296.316
296.048
295.779
295.509
295.239
294.968
294.695
294.422
294.147
293.871
293.594
293.316
293.036
292.755
292.472
292.188
291.902
291.614
291.325
291.033
290.74
290.445
290.148
289.849
289.547
289.244
288.938
315.624
315.24
314.857
314.477
314.099
313.723
313.349
312.977
312.609
312.243
311.879
311.519
311.163
310.809
310.46
310.113
309.771
309.432
309.098
308.767
308.439
308.116
307.796
307.48
307.167
306.857
306.551
306.247
305.947
305.649
305.353
305.06
304.769
304.48
304.192
303.907
303.623
303.34
303.059
302.779
302.501
302.223
301.947
301.672
301.398
301.125
300.853
300.582
300.312
300.043
299.775
299.508
299.241
298.975
298.709
298.444
298.179
297.913
297.648
297.383
297.117
296.851
296.584
296.317
296.049
295.781
295.512
295.241
294.97
294.698
294.425
294.15
293.875
293.598
293.32
293.04
292.759
292.477
292.192
291.907
291.619
291.33
291.039
290.746
290.451
290.153
289.854
289.553
289.25
288.944
315.616
315.231
314.848
314.468
314.089
313.712
313.338
312.966
312.597
312.23
311.866
311.505
311.148
310.794
310.444
310.097
309.755
309.416
309.081
308.75
308.423
308.1
307.78
307.465
307.152
306.844
306.538
306.235
305.935
305.638
305.343
305.05
304.76
304.471
304.185
303.899
303.616
303.334
303.053
302.773
302.495
302.218
301.942
301.667
301.393
301.12
300.848
300.578
300.308
300.039
299.772
299.505
299.238
298.973
298.707
298.443
298.178
297.913
297.648
297.384
297.118
296.853
296.586
296.32
296.052
295.784
295.515
295.245
294.974
294.702
294.429
294.155
293.88
293.603
293.325
293.046
292.765
292.483
292.199
291.914
291.626
291.337
291.047
290.754
290.459
290.162
289.863
289.562
289.259
288.953
315.605
315.22
314.836
314.455
314.076
313.699
313.324
312.951
312.58
312.213
311.848
311.486
311.128
310.773
310.423
310.076
309.733
309.394
309.059
308.728
308.401
308.079
307.76
307.445
307.133
306.825
306.52
306.219
305.92
305.623
305.329
305.038
304.748
304.46
304.174
303.89
303.607
303.325
303.045
302.765
302.487
302.211
301.935
301.66
301.386
301.114
300.842
300.572
300.302
300.034
299.767
299.5
299.235
298.97
298.705
298.441
298.177
297.913
297.649
297.385
297.12
296.855
296.589
296.323
296.056
295.788
295.519
295.25
294.979
294.708
294.435
294.162
293.887
293.61
293.333
293.054
292.774
292.492
292.208
291.923
291.636
291.348
291.057
290.765
290.47
290.174
289.875
289.574
289.271
288.965
315.59
315.205
314.822
314.44
314.06
313.682
313.306
312.932
312.56
312.191
311.825
311.462
311.103
310.747
310.396
310.048
309.705
309.366
309.031
308.7
308.374
308.052
307.733
307.419
307.109
306.802
306.498
306.198
305.9
305.605
305.312
305.022
304.733
304.447
304.161
303.878
303.595
303.314
303.035
302.756
302.478
302.202
301.926
301.651
301.378
301.105
300.834
300.564
300.295
300.027
299.76
299.495
299.23
298.966
298.702
298.439
298.176
297.913
297.649
297.386
297.122
296.858
296.592
296.327
296.06
295.793
295.525
295.256
294.986
294.715
294.443
294.169
293.895
293.619
293.342
293.064
292.784
292.503
292.22
291.935
291.649
291.36
291.07
290.778
290.484
290.188
289.89
289.589
289.286
288.98
315.573
315.188
314.804
314.422
314.042
313.663
313.286
312.91
312.537
312.166
311.798
311.433
311.072
310.716
310.363
310.015
309.671
309.332
308.997
308.666
308.34
308.019
307.701
307.388
307.079
306.774
306.472
306.173
305.877
305.583
305.292
305.003
304.716
304.431
304.146
303.864
303.582
303.302
303.023
302.745
302.467
302.191
301.916
301.641
301.368
301.095
300.824
300.554
300.286
300.018
299.752
299.488
299.224
298.961
298.698
298.436
298.174
297.912
297.65
297.388
297.125
296.861
296.597
296.332
296.066
295.799
295.532
295.263
294.994
294.724
294.452
294.179
293.905
293.63
293.353
293.076
292.796
292.516
292.233
291.949
291.663
291.376
291.086
290.795
290.501
290.206
289.908
289.608
289.305
288.999
315.553
315.168
314.784
314.402
314.021
313.642
313.263
312.885
312.509
312.136
311.765
311.398
311.036
310.678
310.324
309.975
309.631
309.291
308.956
308.626
308.3
307.979
307.663
307.352
307.044
306.741
306.441
306.144
305.85
305.558
305.269
304.982
304.697
304.412
304.129
303.848
303.567
303.287
303.009
302.732
302.455
302.179
301.904
301.63
301.356
301.083
300.812
300.542
300.274
300.008
299.743
299.479
299.217
298.955
298.694
298.433
298.173
297.912
297.652
297.39
297.128
296.865
296.602
296.337
296.072
295.806
295.54
295.272
295.004
294.734
294.463
294.19
293.917
293.642
293.366
293.089
292.811
292.531
292.249
291.966
291.681
291.393
291.105
290.814
290.522
290.227
289.93
289.63
289.328
289.022
315.53
315.145
314.762
314.38
313.999
313.619
313.238
312.858
312.478
312.101
311.727
311.357
310.992
310.633
310.278
309.929
309.584
309.244
308.908
308.578
308.253
307.933
307.619
307.309
307.004
306.703
306.405
306.11
305.819
305.53
305.243
304.958
304.675
304.392
304.111
303.83
303.55
303.271
302.994
302.718
302.442
302.167
301.892
301.617
301.343
301.069
300.798
300.528
300.26
299.995
299.731
299.469
299.208
298.948
298.689
298.43
298.171
297.913
297.654
297.394
297.133
296.871
296.608
296.344
296.079
295.814
295.549
295.282
295.015
294.745
294.475
294.203
293.93
293.656
293.381
293.105
292.828
292.549
292.268
291.985
291.7
291.414
291.126
290.836
290.545
290.251
289.956
289.657
289.355
289.049
315.503
315.119
314.738
314.358
313.977
313.596
313.213
312.829
312.445
312.062
311.683
311.309
310.942
310.58
310.225
309.876
309.53
309.189
308.853
308.522
308.198
307.879
307.567
307.26
306.958
306.659
306.364
306.072
305.783
305.498
305.214
304.932
304.652
304.371
304.091
303.811
303.531
303.254
302.977
302.702
302.428
302.153
301.878
301.603
301.328
301.053
300.78
300.51
300.243
299.979
299.717
299.457
299.198
298.94
298.683
298.426
298.169
297.913
297.657
297.399
297.139
296.878
296.615
296.351
296.087
295.823
295.559
295.294
295.028
294.759
294.489
294.217
293.944
293.67
293.397
293.122
292.847
292.569
292.289
292.007
291.722
291.436
291.149
290.86
290.571
290.279
289.985
289.688
289.387
289.081
315.471
315.09
314.712
314.335
313.957
313.575
313.189
312.8
312.408
312.018
311.632
311.253
310.882
310.519
310.165
309.816
309.47
309.128
308.791
308.458
308.133
307.816
307.507
307.204
306.906
306.612
306.319
306.03
305.744
305.462
305.183
304.905
304.628
304.349
304.07
303.79
303.511
303.233
302.959
302.686
302.414
302.141
301.866
301.589
301.311
301.034
300.759
300.488
300.221
299.959
299.7
299.443
299.187
298.931
298.676
298.421
298.167
297.915
297.661
297.406
297.147
296.886
296.623
296.359
296.095
295.833
295.571
295.308
295.043
294.776
294.505
294.233
293.959
293.686
293.413
293.141
292.868
292.593
292.314
292.032
291.747
291.46
291.173
290.886
290.599
290.311
290.02
289.724
289.424
289.119
315.434
315.057
314.685
314.314
313.941
313.56
313.171
312.773
312.371
311.968
311.571
311.184
310.809
310.447
310.096
309.75
309.405
309.061
308.72
308.384
308.058
307.742
307.437
307.141
306.85
306.56
306.27
305.982
305.699
305.421
305.149
304.878
304.605
304.329
304.05
303.768
303.487
303.21
302.937
302.668
302.401
302.13
301.856
301.577
301.294
301.012
300.733
300.459
300.193
299.934
299.68
299.429
299.176
298.922
298.667
298.414
298.164
297.917
297.669
297.417
297.16
296.898
296.633
296.366
296.102
295.84
295.583
295.325
295.063
294.796
294.525
294.25
293.973
293.699
293.429
293.161
292.893
292.621
292.344
292.061
291.773
291.484
291.197
290.912
290.63
290.347
290.06
289.768
289.469
289.165
315.387
315.019
314.654
314.297
313.936
313.557
313.164
312.753
312.334
311.908
311.496
311.096
310.719
310.359
310.019
309.683
309.339
308.992
308.639
308.297
307.966
307.653
307.354
307.071
306.792
306.507
306.219
305.928
305.647
305.373
305.113
304.854
304.587
304.314
304.032
303.746
303.458
303.179
302.908
302.649
302.392
302.126
301.853
301.568
301.278
300.984
300.698
300.419
300.155
299.9
299.657
299.416
299.167
298.913
298.655
298.403
298.157
297.919
297.682
297.434
297.18
296.914
296.644
296.369
296.103
295.844
295.595
295.347
295.089
294.824
294.548
294.269
293.984
293.708
293.44
293.182
292.925
292.657
292.382
292.095
291.803
291.505
291.216
290.933
290.662
290.39
290.108
289.82
289.52
289.219
315.325
314.978
314.61
314.286
313.957
313.573
313.184
312.743
312.308
311.829
311.402
310.976
310.605
310.244
309.935
309.629
309.278
308.929
308.542
308.195
307.848
307.545
307.249
306.995
306.744
306.457
306.173
305.86
305.582
305.308
305.073
304.841
304.578
304.314
304.018
303.729
303.415
303.136
302.862
302.628
302.397
302.132
301.866
301.565
301.27
300.944
300.652
300.359
300.102
299.85
299.632
299.414
299.163
298.912
298.634
298.384
298.136
297.922
297.708
297.463
297.215
296.936
296.662
296.361
296.094
295.831
295.605
295.382
295.126
294.868
294.578
294.294
293.983
293.707
293.435
293.201
292.97
292.705
292.438
292.136
291.84
291.515
291.226
290.939
290.693
290.448
290.167
289.887
289.575
289.285
315.227
314.965
314.504
314.281
314.058
313.597
313.281
312.723
312.347
311.675
311.307
310.775
310.477
310.053
309.846
309.639
309.214
308.92
308.388
308.094
307.666
307.426
307.083
306.914
306.746
306.403
306.167
305.742
305.511
305.185
305.028
304.875
304.568
304.359
303.994
303.75
303.319
303.086
302.76
302.602
302.449
302.14
301.928
301.556
301.304
300.855
300.607
300.247
300.043
299.751
299.606
299.46
299.159
298.95
298.571
298.363
298.067
297.923
297.781
297.494
297.297
296.95
296.717
296.304
296.08
295.765
295.613
295.464
295.164
294.958
294.598
294.357
293.931
293.7
293.374
293.217
293.064
292.755
292.542
292.17
291.919
291.473
291.231
290.887
290.721
290.557
290.225
289.998
289.6
289.378
288.597
288.225
287.85
287.472
287.092
286.71
286.325
285.939
285.55
285.16
284.769
284.377
283.984
283.591
283.197
288.6
288.228
287.853
287.475
287.095
286.712
286.327
285.94
285.552
285.162
284.77
284.378
283.985
283.591
283.197
288.606
288.233
287.858
287.48
287.099
286.716
286.331
285.944
285.555
285.164
284.772
284.379
283.986
283.592
283.197
288.614
288.242
287.866
287.488
287.106
286.723
286.337
285.949
285.559
285.168
284.775
284.382
283.988
283.593
283.198
288.626
288.253
287.877
287.498
287.116
286.731
286.344
285.955
285.565
285.173
284.779
284.385
283.99
283.594
283.198
288.641
288.268
287.891
287.511
287.128
286.742
286.354
285.964
285.572
285.179
284.784
284.389
283.992
283.596
283.199
288.66
288.286
287.908
287.527
287.142
286.755
286.366
285.974
285.581
285.186
284.79
284.393
283.996
283.598
283.199
288.682
288.307
287.928
287.546
287.16
286.771
286.379
285.986
285.591
285.195
284.797
284.398
283.999
283.6
283.2
288.709
288.333
287.953
287.568
287.18
286.789
286.395
286
285.602
285.204
284.805
284.404
284.004
283.602
283.201
288.741
288.363
287.981
287.594
287.203
286.809
286.413
286.015
285.615
285.215
284.813
284.411
284.008
283.605
283.202
288.778
288.399
288.014
287.623
287.229
286.831
286.432
286.031
285.629
285.226
284.822
284.418
284.013
283.608
283.203
288.823
288.441
288.051
287.656
287.257
286.856
286.453
286.049
285.644
285.238
284.832
284.425
284.018
283.611
283.204
288.877
288.491
288.094
287.693
287.288
286.882
286.475
286.067
285.659
285.251
284.842
284.433
284.024
283.614
283.205
288.946
288.55
288.143
287.732
287.321
286.909
286.498
286.086
285.675
285.264
284.852
284.441
284.029
283.618
283.206
289.04
288.62
288.195
287.773
287.353
286.936
286.52
286.105
285.691
285.277
284.863
284.449
284.035
283.621
283.207
322.747
322.241
321.735
321.228
320.721
320.214
319.706
319.196
318.685
318.172
317.656
317.136
316.607
316.062
315.473
322.746
322.239
321.731
321.223
320.715
320.205
319.695
319.183
318.67
318.154
317.634
317.109
316.574
316.022
315.435
322.746
322.237
321.728
321.218
320.708
320.197
319.685
319.171
318.656
318.137
317.615
317.088
316.553
316.007
315.451
322.745
322.235
321.725
321.214
320.702
320.19
319.676
319.161
318.644
318.124
317.6
317.072
316.539
315.998
315.454
322.744
322.233
321.722
321.21
320.697
320.184
319.669
319.152
318.634
318.113
317.589
317.061
316.529
315.993
315.456
322.744
322.232
321.719
321.206
320.693
320.178
319.662
319.145
318.625
318.104
317.58
317.052
316.522
315.989
315.455
322.744
322.23
321.717
321.203
320.689
320.173
319.657
319.139
318.619
318.097
317.573
317.046
316.517
315.986
315.454
322.743
322.229
321.715
321.201
320.686
320.169
319.652
319.134
318.613
318.091
317.567
317.041
316.513
315.983
315.452
322.743
322.228
321.714
321.199
320.683
320.166
319.649
319.13
318.609
318.087
317.563
317.038
316.51
315.981
315.45
322.743
322.228
321.713
321.197
320.681
320.164
319.646
319.127
318.606
318.084
317.561
317.036
316.509
315.98
315.45
322.742
322.227
321.712
321.196
320.679
320.162
319.644
319.125
318.604
318.083
317.559
317.035
316.508
315.98
315.451
322.742
322.227
321.711
321.195
320.678
320.161
319.643
319.124
318.603
318.082
317.559
317.035
316.509
315.982
315.454
322.742
322.227
321.711
321.195
320.678
320.161
319.642
319.123
318.603
318.082
317.56
317.036
316.511
315.984
315.456
322.742
322.227
321.711
321.195
320.678
320.161
319.643
319.124
318.604
318.083
317.561
317.038
316.513
315.988
315.461
322.742
322.227
321.711
321.195
320.678
320.161
319.643
319.125
318.605
318.085
317.563
317.041
316.517
315.991
315.464
322.742
322.227
321.711
321.195
320.679
320.162
319.645
319.127
318.608
318.088
317.567
317.044
316.521
315.996
315.468
322.742
322.227
321.712
321.196
320.68
320.164
319.647
319.129
318.61
318.091
317.571
317.049
316.526
316.002
315.477
322.743
322.228
321.713
321.197
320.682
320.166
319.649
319.132
318.614
318.095
317.575
317.055
316.533
316.01
315.484
322.743
322.228
321.714
321.199
320.684
320.168
319.652
319.135
318.618
318.099
317.581
317.061
316.54
316.019
315.498
322.743
322.229
321.715
321.2
320.686
320.171
319.655
319.139
318.622
318.105
317.586
317.067
316.548
316.028
315.507
322.743
322.23
321.716
321.202
320.688
320.174
319.659
319.143
318.627
318.11
317.593
317.075
316.556
316.037
315.519
322.744
322.231
321.718
321.204
320.691
320.177
319.663
319.148
318.632
318.116
317.6
317.082
316.564
316.045
315.525
322.744
322.232
321.719
321.207
320.694
320.181
319.667
319.153
318.638
318.123
317.607
317.091
316.573
316.054
315.532
322.744
322.233
321.721
321.209
320.697
320.184
319.672
319.158
318.645
318.13
317.615
317.099
316.583
316.065
315.546
322.745
322.234
321.723
321.212
320.7
320.189
319.677
319.164
318.651
318.138
317.624
317.109
316.593
316.076
315.556
322.745
322.235
321.725
321.214
320.704
320.193
319.682
319.17
318.658
318.146
317.633
317.119
316.605
316.089
315.574
322.745
322.236
321.727
321.217
320.708
320.198
319.687
319.177
318.666
318.154
317.642
317.13
316.617
316.103
315.586
322.746
322.237
321.729
321.22
320.712
320.202
319.693
319.183
318.673
318.163
317.652
317.141
316.629
316.118
315.609
322.746
322.239
321.731
321.224
320.716
320.208
319.699
319.19
318.681
318.172
317.662
317.152
316.642
316.132
315.622
322.747
322.24
321.734
321.227
320.72
320.213
319.705
319.198
318.69
318.181
317.673
317.164
316.654
316.146
315.64
322.747
322.242
321.736
321.23
320.724
320.218
319.712
319.205
318.698
318.191
317.683
317.175
316.666
316.158
315.649
322.748
322.243
321.739
321.234
320.729
320.224
319.719
319.213
318.707
318.201
317.694
317.187
316.679
316.17
315.657
322.748
322.245
321.741
321.238
320.734
320.23
319.725
319.221
318.716
318.211
317.705
317.199
316.692
316.184
315.676
322.749
322.246
321.744
321.241
320.739
320.236
319.732
319.229
318.725
318.221
317.717
317.212
316.706
316.199
315.688
322.749
322.248
321.747
321.245
320.744
320.242
319.74
319.237
318.735
318.232
317.729
317.225
316.72
316.215
315.711
322.75
322.25
321.749
321.249
320.749
320.248
319.747
319.246
318.745
318.243
317.741
317.239
316.736
316.232
315.726
322.751
322.251
321.752
321.253
320.754
320.254
319.755
319.255
318.755
318.254
317.753
317.252
316.751
316.251
315.753
322.751
322.253
321.755
321.257
320.759
320.261
319.763
319.264
318.765
318.266
317.766
317.267
316.767
316.268
315.768
322.752
322.255
321.758
321.262
320.765
320.268
319.771
319.273
318.775
318.277
317.779
317.281
316.782
316.284
315.79
322.752
322.257
321.762
321.266
320.77
320.275
319.779
319.282
318.786
318.289
317.792
317.295
316.797
316.299
315.801
322.753
322.259
321.765
321.271
320.776
320.282
319.787
319.292
318.797
318.301
317.805
317.309
316.812
316.313
315.811
322.754
322.261
321.768
321.275
320.782
320.289
319.795
319.302
318.808
318.314
317.819
317.323
316.827
316.33
315.832
322.754
322.263
321.771
321.28
320.788
320.296
319.804
319.312
318.819
318.326
317.833
317.339
316.844
316.347
315.847
322.755
322.265
321.775
321.285
320.794
320.304
319.813
319.322
318.831
318.339
317.847
317.355
316.861
316.367
315.874
322.756
322.267
321.778
321.29
320.801
320.311
319.822
319.333
318.843
318.352
317.862
317.371
316.88
316.387
315.891
322.756
322.269
321.782
321.294
320.807
320.319
319.831
319.343
318.855
318.366
317.877
317.388
316.898
316.409
315.924
322.757
322.271
321.786
321.3
320.814
320.327
319.841
319.354
318.867
318.38
317.892
317.404
316.917
316.429
315.942
322.758
322.274
321.789
321.305
320.82
320.335
319.85
319.365
318.88
318.394
317.908
317.421
316.935
316.449
315.968
322.759
322.276
321.793
321.31
320.827
320.344
319.86
319.376
318.892
318.408
317.923
317.438
316.952
316.466
315.98
322.759
322.278
321.797
321.315
320.834
320.352
319.87
319.388
318.905
318.422
317.939
317.455
316.97
316.484
315.992
322.76
322.281
321.801
321.321
320.841
320.361
319.88
319.4
318.919
318.437
317.955
317.473
316.989
316.504
316.018
322.761
322.283
321.805
321.327
320.848
320.37
319.891
319.412
318.932
318.453
317.972
317.491
317.009
316.525
316.036
322.762
322.285
321.809
321.332
320.856
320.379
319.902
319.424
318.946
318.468
317.989
317.51
317.03
316.549
316.068
322.763
322.288
321.813
321.338
320.863
320.388
319.913
319.437
318.961
318.484
318.007
317.53
317.052
316.573
316.09
322.763
322.29
321.817
321.344
320.871
320.397
319.924
319.45
318.975
318.501
318.025
317.55
317.075
316.6
316.129
322.764
322.293
321.822
321.35
320.879
320.407
319.935
319.463
318.99
318.517
318.044
317.57
317.097
316.624
316.151
322.765
322.296
321.826
321.356
320.887
320.417
319.946
319.476
319.005
318.534
318.062
317.591
317.119
316.648
316.183
322.766
322.298
321.831
321.363
320.895
320.427
319.958
319.489
319.02
318.551
318.081
317.611
317.14
316.669
316.198
322.767
322.301
321.835
321.369
320.903
320.437
319.97
319.503
319.036
318.568
318.1
317.632
317.162
316.69
316.213
322.768
322.304
321.84
321.376
320.911
320.447
319.982
319.517
319.052
318.586
318.12
317.653
317.185
316.715
316.245
322.769
322.307
321.845
321.382
320.92
320.457
319.995
319.532
319.068
318.604
318.14
317.675
317.209
316.74
316.266
322.77
322.31
321.849
321.389
320.928
320.468
320.007
319.546
319.085
318.623
318.161
317.698
317.235
316.77
316.306
322.771
322.313
321.854
321.396
320.937
320.479
320.02
319.561
319.102
318.642
318.182
317.722
317.261
316.799
316.332
322.772
322.315
321.859
321.403
320.946
320.489
320.033
319.576
319.119
318.661
318.204
317.746
317.288
316.832
316.381
322.773
322.318
321.864
321.41
320.955
320.5
320.046
319.591
319.136
318.681
318.225
317.77
317.315
316.861
316.407
322.774
322.321
321.869
321.417
320.964
320.511
320.059
319.606
319.153
318.7
318.247
317.794
317.341
316.89
316.446
322.775
322.324
321.874
321.424
320.973
320.523
320.072
319.621
319.171
318.72
318.269
317.817
317.366
316.915
316.464
322.776
322.327
321.879
321.431
320.982
320.534
320.085
319.637
319.188
318.739
318.29
317.841
317.391
316.939
316.481
322.777
322.33
321.884
321.438
320.991
320.545
320.099
319.652
319.206
318.759
318.312
317.865
317.417
316.968
316.519
322.778
322.333
321.889
321.445
321.001
320.556
320.112
319.668
319.224
318.779
318.335
317.89
317.444
316.997
316.544
322.779
322.337
321.894
321.452
321.01
320.568
320.125
319.683
319.241
318.799
318.357
317.915
317.473
317.03
316.589
322.78
322.34
321.899
321.459
321.019
320.579
320.139
319.699
319.259
318.82
318.38
317.941
317.502
317.062
316.618
322.781
322.343
321.904
321.466
321.028
320.59
320.152
319.714
319.277
318.84
318.403
317.966
317.531
317.098
316.672
322.782
322.346
321.909
321.473
321.037
320.601
320.165
319.73
319.294
318.859
318.425
317.991
317.559
317.129
316.7
322.783
322.349
321.914
321.48
321.046
320.612
320.178
319.745
319.312
318.879
318.447
318.015
317.586
317.159
316.74
322.784
322.352
321.919
321.487
321.055
320.623
320.191
319.76
319.329
318.898
318.468
318.039
317.61
317.183
316.758
322.785
322.355
321.924
321.494
321.064
320.634
320.204
319.775
319.346
318.917
318.489
318.061
317.634
317.207
316.775
322.786
322.357
321.929
321.501
321.073
320.645
320.217
319.789
319.362
318.935
318.509
318.083
317.658
317.233
316.81
322.787
322.36
321.934
321.508
321.082
320.655
320.229
319.804
319.378
318.953
318.529
318.105
317.681
317.258
316.832
322.788
322.363
321.939
321.515
321.09
320.666
320.242
319.818
319.394
318.971
318.548
318.126
317.705
317.285
316.869
322.789
322.366
321.944
321.521
321.099
320.676
320.254
319.832
319.41
318.988
318.567
318.147
317.728
317.31
316.892
322.79
322.369
321.949
321.528
321.107
320.687
320.266
319.846
319.426
319.006
318.586
318.167
317.75
317.336
316.929
322.791
322.372
321.953
321.535
321.116
320.697
320.279
319.86
319.441
319.022
318.604
318.186
317.77
317.357
316.948
322.792
322.375
321.958
321.542
321.125
320.708
320.291
319.874
319.456
319.039
318.621
318.204
317.788
317.375
316.969
322.793
322.378
321.963
321.548
321.133
320.718
320.303
319.888
319.472
319.055
318.639
318.221
317.805
317.389
316.978
322.794
322.381
321.968
321.555
321.142
320.729
320.316
319.902
319.488
319.072
318.656
318.238
317.82
317.401
316.983
322.795
322.384
321.973
321.562
321.151
320.74
320.329
319.917
319.504
319.09
318.674
318.256
317.835
317.411
316.986
322.796
322.387
321.978
321.569
321.161
320.751
320.342
319.932
319.521
319.109
318.694
318.276
317.853
317.422
316.985
322.797
322.39
321.983
321.577
321.17
320.763
320.356
319.948
319.539
319.129
318.717
318.3
317.876
317.438
316.97
322.798
322.393
321.989
321.584
321.179
320.775
320.37
319.964
319.558
319.151
318.742
318.329
317.91
317.475
317.003
289.175
288.688
288.24
287.807
287.381
286.96
286.54
286.122
285.705
285.288
284.872
284.456
284.04
283.624
283.208
289.206
288.722
288.27
287.833
287.404
286.979
286.557
286.137
285.717
285.299
284.88
284.462
284.044
283.627
283.209
289.183
288.733
288.289
287.854
287.423
286.997
286.573
286.151
285.729
285.309
284.889
284.469
284.049
283.629
283.21
289.179
288.74
288.303
287.87
287.44
287.013
286.588
286.164
285.741
285.319
284.897
284.475
284.053
283.632
283.211
289.178
288.747
288.315
287.884
287.455
287.028
286.602
286.177
285.752
285.328
284.904
284.481
284.058
283.635
283.212
289.176
288.753
288.326
287.898
287.469
287.042
286.615
286.189
285.763
285.337
284.912
284.487
284.062
283.637
283.212
289.18
288.761
288.337
287.911
287.483
287.055
286.628
286.2
285.773
285.346
284.919
284.493
284.066
283.64
283.213
289.193
288.774
288.35
287.924
287.497
287.069
286.64
286.212
285.783
285.355
284.927
284.498
284.07
283.642
283.214
289.206
288.789
288.365
287.939
287.511
287.082
286.653
286.223
285.793
285.364
284.934
284.504
284.074
283.645
283.215
289.234
288.808
288.382
287.954
287.526
287.096
286.665
286.235
285.804
285.372
284.941
284.51
284.078
283.647
283.216
289.251
288.827
288.4
287.971
287.541
287.11
286.678
286.246
285.814
285.381
284.948
284.516
284.083
283.65
283.217
289.281
288.849
288.419
287.988
287.557
287.124
286.691
286.258
285.824
285.39
284.956
284.521
284.087
283.652
283.217
289.299
288.87
288.438
288.006
287.573
287.139
286.705
286.27
285.835
285.399
284.963
284.527
284.091
283.655
283.218
289.328
288.892
288.458
288.025
287.59
287.155
286.719
286.282
285.845
285.408
284.971
284.533
284.095
283.657
283.219
289.342
288.911
288.478
288.044
287.608
287.171
286.733
286.295
285.856
285.417
284.978
284.539
284.099
283.66
283.22
289.358
288.932
288.499
288.063
287.626
287.187
286.748
286.308
285.868
285.427
284.986
284.545
284.103
283.662
283.221
289.393
288.958
288.522
288.084
287.645
287.204
286.763
286.321
285.879
285.436
284.994
284.551
284.108
283.665
283.222
289.418
288.985
288.547
288.106
287.664
287.221
286.778
286.334
285.89
285.446
285.002
284.557
284.112
283.667
283.222
289.465
289.017
288.573
288.129
287.684
287.239
286.794
286.348
285.902
285.456
285.01
284.563
284.117
283.67
283.223
289.492
289.046
288.598
288.151
287.704
287.257
286.809
286.362
285.914
285.466
285.018
284.57
284.121
283.673
283.224
289.532
289.076
288.624
288.174
287.724
287.275
286.825
286.376
285.926
285.476
285.026
284.576
284.126
283.675
283.225
289.555
289.102
288.649
288.196
287.744
287.293
286.841
286.39
285.938
285.486
285.034
284.582
284.13
283.678
283.226
289.589
289.128
288.672
288.218
287.764
287.311
286.857
286.404
285.95
285.496
285.043
284.589
284.135
283.681
283.227
289.605
289.15
288.695
288.24
287.784
287.329
286.873
286.418
285.962
285.506
285.051
284.595
284.139
283.684
283.228
289.622
289.173
288.718
288.261
287.804
287.347
286.889
286.432
285.974
285.517
285.059
284.602
284.144
283.686
283.229
289.657
289.2
288.742
288.283
287.824
287.365
286.905
286.446
285.986
285.527
285.067
284.608
284.149
283.689
283.23
289.682
289.227
288.767
288.306
287.844
287.383
286.921
286.46
285.998
285.537
285.076
284.614
284.153
283.692
283.231
289.728
289.258
288.793
288.328
287.864
287.401
286.937
286.474
286.01
285.547
285.084
284.621
284.158
283.695
283.232
289.753
289.285
288.817
288.351
287.884
287.418
286.953
286.487
286.022
285.557
285.092
284.627
284.162
283.697
283.232
289.79
289.313
288.842
288.372
287.904
287.436
286.968
286.501
286.034
285.567
285.1
284.633
284.167
283.7
283.233
289.811
289.337
288.865
288.393
287.923
287.453
286.984
286.515
286.046
285.577
285.108
284.64
284.171
283.703
283.234
289.841
289.361
288.886
288.414
287.942
287.47
286.999
286.528
286.057
285.587
285.116
284.646
284.176
283.705
283.235
289.855
289.381
288.907
288.433
287.96
287.487
287.014
286.541
286.069
285.596
285.124
284.652
284.18
283.708
283.236
289.869
289.401
288.927
288.453
287.978
287.503
287.029
286.554
286.08
285.606
285.132
284.658
284.184
283.711
283.237
289.9
289.424
288.948
288.472
287.996
287.519
287.043
286.567
286.091
285.616
285.14
284.664
284.189
283.713
283.238
289.921
289.447
288.97
288.492
288.014
287.536
287.058
286.58
286.103
285.625
285.148
284.67
284.193
283.716
283.239
289.958
289.473
288.991
288.511
288.031
287.552
287.072
286.593
286.114
285.635
285.155
284.676
284.197
283.718
283.239
289.978
289.495
289.012
288.53
288.049
287.568
287.087
286.606
286.125
285.644
285.163
284.682
284.202
283.721
283.24
290.008
289.518
289.033
288.549
288.066
287.584
287.101
286.618
286.136
285.653
285.171
284.688
284.206
283.724
283.241
290.021
289.537
289.052
288.568
288.084
287.599
287.115
286.631
286.147
285.662
285.178
284.694
284.21
283.726
283.242
290.035
289.555
289.072
288.586
288.101
287.615
287.129
286.643
286.157
285.672
285.186
284.7
284.214
283.729
283.243
290.062
289.577
289.092
288.605
288.118
287.631
287.143
286.656
286.168
285.681
285.193
284.706
284.218
283.731
283.244
290.081
289.599
289.113
288.625
288.136
287.647
287.158
286.668
286.179
285.69
285.201
284.712
284.223
283.734
283.245
290.115
289.624
289.135
288.644
288.154
287.663
287.172
286.681
286.19
285.699
285.208
284.717
284.227
283.736
283.245
290.137
289.649
289.157
288.664
288.171
287.679
287.186
286.693
286.201
285.708
285.216
284.723
284.231
283.738
283.246
290.177
289.676
289.18
288.684
288.189
287.695
287.2
286.706
286.211
285.717
285.223
284.729
284.235
283.741
283.247
290.199
289.7
289.202
288.704
288.207
287.71
287.214
286.718
286.222
285.726
285.23
284.735
284.239
283.743
283.248
290.231
289.725
289.223
288.723
288.224
287.726
287.228
286.73
286.232
285.735
285.238
284.74
284.243
283.746
283.249
290.249
289.746
289.243
288.742
288.241
287.741
287.242
286.742
286.243
285.744
285.245
284.746
284.247
283.748
283.249
290.275
289.767
289.262
288.76
288.258
287.756
287.255
286.754
286.253
285.752
285.252
284.751
284.251
283.751
283.25
290.288
289.784
289.281
288.777
288.274
287.771
287.268
286.766
286.263
285.761
285.259
284.757
284.255
283.753
283.251
290.3
289.802
289.299
288.795
288.29
287.786
287.281
286.777
286.273
285.77
285.266
284.762
284.259
283.755
283.252
290.328
289.823
289.318
288.812
288.306
287.8
287.295
286.789
286.283
285.778
285.273
284.768
284.263
283.758
283.252
290.346
289.844
289.337
288.83
288.322
287.815
287.307
286.8
286.293
285.786
285.28
284.773
284.266
283.76
283.253
290.381
289.868
289.357
288.848
288.338
287.829
287.32
286.812
286.303
285.795
285.286
284.778
284.27
283.762
283.254
290.401
289.889
289.377
288.865
288.354
287.843
287.333
286.823
286.313
285.803
285.293
284.783
284.274
283.764
283.255
290.429
289.911
289.396
288.882
288.37
287.857
287.345
286.834
286.322
285.811
285.3
284.789
284.277
283.766
283.255
290.446
289.93
289.414
288.899
288.385
287.871
287.358
286.845
286.332
285.819
285.306
284.794
284.281
283.769
283.256
290.47
289.948
289.431
288.915
288.4
287.885
287.37
286.855
286.341
285.827
285.313
284.799
284.285
283.771
283.257
290.481
289.964
289.448
288.931
288.415
287.898
287.382
286.866
286.35
285.835
285.319
284.804
284.288
283.773
283.258
290.493
289.98
289.464
288.947
288.429
287.911
287.394
286.877
286.36
285.842
285.325
284.809
284.292
283.775
283.258
290.518
289.999
289.481
288.962
288.444
287.925
287.406
286.887
286.369
285.85
285.332
284.814
284.295
283.777
283.259
290.535
290.018
289.499
288.978
288.458
287.938
287.418
286.898
286.378
285.858
285.338
284.818
284.299
283.779
283.26
290.566
290.04
289.517
288.994
288.473
287.951
287.429
286.908
286.386
285.865
285.344
284.823
284.302
283.781
283.26
290.583
290.058
289.534
289.01
288.487
287.964
287.441
286.918
286.395
285.873
285.35
284.828
284.306
283.783
283.261
290.608
290.077
289.551
289.026
288.501
287.977
287.452
286.928
286.404
285.88
285.356
284.833
284.309
283.785
283.262
290.619
290.093
289.567
289.041
288.515
287.989
287.464
286.938
286.413
285.887
285.362
284.837
284.312
283.787
283.262
290.63
290.109
289.583
289.056
288.529
288.002
287.475
286.948
286.421
285.895
285.368
284.842
284.315
283.789
283.263
290.654
290.127
289.6
289.072
288.543
288.015
287.486
286.958
286.43
285.902
285.374
284.846
284.319
283.791
283.264
290.67
290.145
289.617
289.087
288.557
288.027
287.497
286.968
286.438
285.909
285.38
284.851
284.322
283.793
283.264
290.699
290.166
289.635
289.103
288.571
288.04
287.508
286.977
286.446
285.916
285.385
284.855
284.325
283.795
283.265
290.717
290.186
289.653
289.119
288.585
288.052
287.519
286.987
286.454
285.922
285.391
284.859
284.328
283.797
283.266
290.75
290.208
289.671
289.135
288.599
288.064
287.53
286.996
286.462
285.929
285.396
284.863
284.331
283.798
283.266
290.768
290.227
289.688
289.15
288.613
288.076
287.54
287.005
286.47
285.935
285.401
284.867
284.333
283.8
283.267
290.792
290.246
289.704
289.165
288.626
288.088
287.55
287.013
286.477
285.941
285.406
284.871
284.336
283.802
283.267
290.804
290.261
289.72
289.179
288.638
288.099
287.56
287.022
286.484
285.947
285.41
284.874
284.338
283.803
283.268
290.814
290.276
289.734
289.192
288.651
288.109
287.569
287.029
286.491
285.952
285.415
284.877
284.341
283.804
283.268
290.837
290.293
289.749
289.206
288.662
288.12
287.578
287.037
286.497
285.957
285.419
284.88
284.343
283.806
283.268
290.851
290.309
289.764
289.219
288.674
288.129
287.586
287.044
286.502
285.962
285.422
284.883
284.345
283.807
283.269
290.877
290.328
289.779
289.232
288.684
288.138
287.593
287.05
286.507
285.966
285.425
284.885
284.346
283.808
283.269
290.894
290.346
289.794
289.244
288.694
288.146
287.6
287.055
286.511
285.969
285.428
284.887
284.348
283.808
283.269
290.925
290.365
289.809
289.255
288.704
288.154
287.605
287.059
286.515
285.971
285.43
284.889
284.348
283.809
283.27
290.941
290.381
289.822
289.266
288.711
288.159
287.61
287.062
286.517
285.973
285.431
284.889
284.349
283.809
283.27
290.966
290.398
289.834
289.274
288.717
288.163
287.613
287.064
286.518
285.974
285.431
284.89
284.349
283.809
283.27
290.977
290.41
289.844
289.281
288.721
288.166
287.614
287.064
286.518
285.973
285.431
284.889
284.349
283.809
283.27
290.99
290.422
289.852
289.285
288.722
288.165
287.612
287.063
286.516
285.972
285.429
284.888
284.348
283.809
283.269
291.023
290.437
289.857
289.285
288.72
288.162
287.609
287.06
286.513
285.969
285.427
284.886
284.347
283.808
283.269
291.046
290.446
289.856
289.28
288.714
288.156
287.603
287.054
286.508
285.965
285.424
284.884
284.345
283.807
283.269
291.101
290.449
289.846
289.268
288.702
288.145
287.594
287.046
286.502
285.96
285.42
284.881
284.343
283.805
283.268
291.071
290.418
289.82
289.246
288.685
288.131
287.582
287.036
286.494
285.954
285.415
284.877
284.34
283.804
283.268
322.799
322.397
321.994
321.592
321.19
320.788
320.386
319.983
319.58
319.177
318.773
318.366
317.957
317.546
317.138
322.8
322.4
322.001
321.601
321.202
320.802
320.403
320.004
319.605
319.206
318.808
318.409
318.012
317.618
317.235
322.801
322.404
322.007
321.61
321.213
320.816
320.42
320.025
319.63
319.236
318.843
318.451
318.063
317.68
317.307
322.802
322.408
322.013
321.618
321.224
320.83
320.437
320.045
319.654
319.264
318.876
318.491
318.109
317.733
317.365
322.804
322.411
322.018
321.626
321.235
320.844
320.453
320.064
319.677
319.291
318.907
318.526
318.149
317.778
317.413
322.805
322.414
322.024
321.634
321.245
320.856
320.468
320.082
319.698
319.315
318.935
318.558
318.184
317.816
317.453
322.806
322.417
322.029
321.641
321.254
320.867
320.482
320.099
319.717
319.337
318.959
318.585
318.215
317.849
317.487
322.807
322.42
322.033
321.647
321.262
320.878
320.495
320.113
319.734
319.356
318.981
318.609
318.241
317.876
317.517
322.807
322.422
322.037
321.653
321.27
320.887
320.506
320.126
319.748
319.373
319
318.63
318.263
317.9
317.541
322.808
322.424
322.041
321.658
321.276
320.895
320.515
320.137
319.761
319.387
319.016
318.647
318.281
317.92
317.561
322.809
322.426
322.044
321.662
321.281
320.902
320.523
320.146
319.771
319.399
319.029
318.661
318.297
317.935
317.578
322.809
322.427
322.046
321.665
321.286
320.907
320.53
320.154
319.78
319.408
319.039
318.672
318.308
317.948
317.591
322.809
322.429
322.048
321.668
321.289
320.911
320.534
320.159
319.786
319.415
319.046
318.68
318.317
317.957
317.6
322.81
322.429
322.049
321.67
321.291
320.914
320.537
320.163
319.79
319.42
319.051
318.686
318.323
317.963
317.607
322.81
322.43
322.05
321.671
321.292
320.915
320.539
320.165
319.792
319.422
319.054
318.689
318.326
317.966
317.61
316.81
316.596
316.213
315.996
315.677
315.521
315.363
315.036
314.806
314.385
314.15
313.802
313.604
313.319
313.178
313.037
312.745
312.542
312.173
311.97
311.679
311.539
311.402
311.125
310.936
310.605
310.381
309.982
309.765
309.458
309.31
309.167
308.879
308.682
308.338
308.106
307.693
307.468
307.15
306.996
306.846
306.544
306.336
305.97
305.719
305.268
305.016
304.646
304.437
304.135
303.986
303.835
303.525
303.307
302.911
302.692
302.377
302.224
302.072
301.766
301.553
301.178
300.922
300.462
300.209
299.847
299.671
299.497
299.143
298.898
298.463
298.166
297.629
297.335
296.912
296.707
296.503
296.087
295.799
295.288
294.939
294.31
293.967
293.476
293.24
293.008
292.536
292.217
291.66
291.356
316.907
316.628
316.329
316.06
315.791
315.558
315.323
315.051
314.778
314.471
314.193
313.911
313.663
313.418
313.206
312.995
312.751
312.507
312.235
311.992
311.75
311.542
311.335
311.098
310.859
310.59
310.326
310.036
309.778
309.523
309.304
309.089
308.842
308.594
308.316
308.042
307.741
307.473
307.208
306.98
306.755
306.495
306.233
305.936
305.642
305.314
305.019
304.721
304.458
304.198
303.973
303.748
303.487
303.225
302.933
302.669
302.406
302.176
301.947
301.682
301.412
301.106
300.803
300.466
300.164
299.862
299.6
299.338
299.034
298.724
298.371
298.021
297.631
297.281
296.931
296.628
296.323
295.969
295.609
295.199
294.792
294.34
293.937
293.536
293.192
292.851
292.459
292.071
291.641
291.246
316.978
316.688
316.401
316.124
315.855
315.596
315.338
315.07
314.796
314.516
314.242
313.973
313.717
313.47
313.234
312.999
312.757
312.51
312.258
312.013
311.773
311.542
311.312
311.072
310.826
310.57
310.309
310.044
309.786
309.535
309.295
309.055
308.807
308.552
308.286
308.016
307.741
307.474
307.213
306.962
306.711
306.451
306.182
305.899
305.611
305.316
305.027
304.744
304.473
304.212
303.961
303.711
303.451
303.186
302.914
302.647
302.384
302.129
301.873
301.604
301.325
301.031
300.73
300.422
300.119
299.82
299.531
299.238
298.932
298.613
298.277
297.931
297.576
297.228
296.884
296.55
296.214
295.86
295.493
295.105
294.708
294.301
293.903
293.513
293.139
292.766
292.378
291.982
291.574
291.165
317.036
316.744
316.457
316.177
315.903
315.634
315.366
315.096
314.825
314.552
314.282
314.017
313.759
313.507
313.26
313.015
312.768
312.521
312.272
312.026
311.782
311.542
311.301
311.057
310.808
310.555
310.299
310.041
309.785
309.533
309.283
309.034
308.782
308.525
308.263
307.997
307.73
307.465
307.203
306.943
306.683
306.419
306.149
305.872
305.591
305.307
305.026
304.748
304.477
304.211
303.949
303.688
303.424
303.157
302.888
302.619
302.352
302.085
301.816
301.541
301.258
300.967
300.67
300.368
300.067
299.765
299.465
299.16
298.848
298.527
298.195
297.856
297.512
297.167
296.822
296.478
296.129
295.772
295.404
295.026
294.639
294.248
293.857
293.47
293.086
292.701
292.31
291.912
291.508
291.098
317.085
316.792
316.505
316.222
315.944
315.67
315.397
315.126
314.854
314.584
314.316
314.052
313.792
313.536
313.283
313.033
312.783
312.533
312.283
312.035
311.788
311.542
311.296
311.048
310.798
310.545
310.29
310.035
309.78
309.526
309.272
309.019
308.763
308.505
308.244
307.981
307.717
307.453
307.189
306.926
306.662
306.395
306.125
305.851
305.575
305.297
305.02
304.744
304.472
304.203
303.936
303.669
303.401
303.132
302.861
302.59
302.318
302.045
301.769
301.488
301.203
300.912
300.616
300.316
300.014
299.71
299.404
299.094
298.778
298.455
298.125
297.789
297.449
297.105
296.759
296.411
296.058
295.699
295.332
294.958
294.577
294.193
293.807
293.42
293.033
292.644
292.251
291.852
291.449
291.04
317.126
316.834
316.545
316.261
315.98
315.703
315.428
315.155
314.883
314.613
314.345
314.08
313.819
313.56
313.304
313.05
312.797
312.544
312.293
312.042
311.793
311.543
311.294
311.043
310.791
310.538
310.283
310.028
309.773
309.517
309.262
309.006
308.749
308.49
308.229
307.967
307.703
307.439
307.175
306.91
306.644
306.376
306.106
305.834
305.56
305.285
305.01
304.736
304.464
304.192
303.922
303.652
303.381
303.109
302.836
302.561
302.286
302.008
301.728
301.444
301.156
300.864
300.567
300.267
299.964
299.658
299.349
299.035
298.717
298.393
298.064
297.729
297.39
297.047
296.701
296.351
295.996
295.636
295.27
294.898
294.522
294.141
293.758
293.372
292.984
292.594
292.199
291.801
291.397
290.989
317.161
316.868
316.579
316.294
316.012
315.733
315.456
315.181
314.909
314.638
314.37
314.104
313.841
313.58
313.322
313.065
312.809
312.555
312.301
312.049
311.796
311.544
311.292
311.04
310.787
310.532
310.277
310.022
309.766
309.51
309.253
308.995
308.737
308.477
308.216
307.954
307.691
307.427
307.162
306.896
306.629
306.361
306.091
305.82
305.547
305.274
305
304.727
304.453
304.181
303.908
303.635
303.362
303.088
302.812
302.535
302.256
301.975
301.692
301.405
301.115
300.822
300.524
300.223
299.919
299.611
299.299
298.984
298.664
298.34
298.01
297.676
297.337
296.995
296.648
296.297
295.941
295.581
295.216
294.846
294.472
294.094
293.712
293.327
292.939
292.548
292.154
291.755
291.353
290.946
317.191
316.898
316.609
316.322
316.039
315.759
315.481
315.205
314.932
314.661
314.392
314.125
313.86
313.598
313.337
313.078
312.821
312.565
312.309
312.054
311.8
311.546
311.292
311.038
310.783
310.528
310.272
310.016
309.76
309.502
309.245
308.986
308.727
308.467
308.205
307.943
307.68
307.415
307.15
306.884
306.617
306.348
306.079
305.808
305.536
305.263
304.99
304.716
304.443
304.169
303.895
303.62
303.345
303.068
302.791
302.511
302.23
301.947
301.661
301.372
301.08
300.785
300.486
300.184
299.878
299.569
299.256
298.939
298.618
298.293
297.963
297.629
297.29
296.948
296.601
296.25
295.894
295.534
295.17
294.801
294.428
294.051
293.67
293.286
292.899
292.508
292.114
291.716
291.314
290.909
317.216
316.923
316.633
316.347
316.063
315.782
315.503
315.226
314.952
314.68
314.41
314.142
313.877
313.613
313.351
313.09
312.831
312.573
312.316
312.059
311.803
311.548
311.292
311.037
310.781
310.525
310.268
310.011
309.754
309.496
309.238
308.979
308.719
308.458
308.196
307.933
307.67
307.405
307.14
306.873
306.606
306.337
306.068
305.797
305.525
305.253
304.98
304.706
304.432
304.157
303.882
303.606
303.329
303.051
302.772
302.49
302.207
301.922
301.634
301.343
301.05
300.753
300.453
300.15
299.843
299.533
299.219
298.901
298.579
298.253
297.923
297.588
297.249
296.907
296.56
296.208
295.853
295.493
295.13
294.761
294.389
294.013
293.634
293.25
292.864
292.473
292.08
291.682
291.281
290.877
317.236
316.944
316.654
316.367
316.083
315.801
315.521
315.244
314.969
314.696
314.426
314.157
313.89
313.625
313.362
313.1
312.839
312.58
312.321
312.064
311.806
311.549
311.293
311.036
310.779
310.522
310.265
310.008
309.75
309.491
309.232
308.972
308.712
308.45
308.188
307.925
307.661
307.397
307.131
306.864
306.597
306.328
306.059
305.788
305.516
305.244
304.971
304.697
304.422
304.147
303.871
303.594
303.316
303.036
302.755
302.472
302.187
301.9
301.611
301.319
301.024
300.726
300.425
300.121
299.813
299.502
299.187
298.868
298.545
298.219
297.888
297.553
297.215
296.872
296.525
296.174
295.818
295.459
295.095
294.728
294.356
293.981
293.602
293.219
292.833
292.443
292.05
291.654
291.253
290.85
317.253
316.961
316.671
316.384
316.099
315.816
315.536
315.259
314.983
314.71
314.438
314.169
313.901
313.635
313.371
313.108
312.846
312.586
312.326
312.067
311.809
311.551
311.293
311.036
310.778
310.521
310.263
310.004
309.746
309.487
309.227
308.967
308.706
308.444
308.182
307.919
307.655
307.39
307.124
306.857
306.589
306.321
306.051
305.78
305.509
305.236
304.963
304.689
304.414
304.138
303.861
303.583
303.304
303.023
302.741
302.457
302.171
301.883
301.592
301.299
301.003
300.704
300.402
300.097
299.788
299.476
299.16
298.841
298.518
298.191
297.86
297.525
297.186
296.843
296.496
296.145
295.79
295.43
295.067
294.7
294.329
293.954
293.576
293.194
292.808
292.419
292.026
291.63
291.231
290.828
317.266
316.974
316.684
316.397
316.112
315.829
315.549
315.27
314.994
314.72
314.449
314.178
313.91
313.643
313.378
313.115
312.852
312.591
312.33
312.07
311.811
311.552
311.294
311.036
310.778
310.519
310.261
310.002
309.743
309.483
309.223
308.963
308.702
308.44
308.177
307.914
307.649
307.384
307.118
306.851
306.583
306.315
306.045
305.774
305.503
305.23
304.957
304.682
304.407
304.131
303.853
303.575
303.294
303.013
302.73
302.445
302.158
301.869
301.577
301.283
300.986
300.686
300.383
300.077
299.768
299.455
299.139
298.819
298.496
298.168
297.837
297.502
297.163
296.82
296.473
296.122
295.767
295.408
295.045
294.678
294.307
293.933
293.555
293.173
292.788
292.399
292.007
291.611
291.212
290.81
317.276
316.984
316.694
316.406
316.121
315.838
315.558
315.279
315.003
314.728
314.456
314.185
313.917
313.649
313.384
313.119
312.856
312.594
312.333
312.073
311.813
311.553
311.294
311.036
310.777
310.518
310.259
310
309.741
309.481
309.221
308.96
308.698
308.436
308.173
307.91
307.645
307.38
307.114
306.847
306.579
306.31
306.04
305.77
305.498
305.225
304.952
304.677
304.402
304.125
303.847
303.568
303.287
303.005
302.721
302.436
302.148
301.858
301.566
301.271
300.973
300.673
300.37
300.063
299.753
299.44
299.124
298.803
298.48
298.152
297.82
297.485
297.146
296.803
296.456
296.105
295.75
295.391
295.028
294.662
294.291
293.917
293.539
293.158
292.773
292.384
291.992
291.597
291.199
290.797
317.283
316.99
316.7
316.413
316.127
315.844
315.564
315.285
315.008
314.734
314.461
314.19
313.921
313.653
313.387
313.123
312.859
312.597
312.335
312.074
311.814
311.554
311.295
311.036
310.777
310.518
310.258
309.999
309.739
309.479
309.219
308.958
308.696
308.434
308.171
307.907
307.643
307.377
307.111
306.844
306.576
306.307
306.037
305.767
305.495
305.222
304.949
304.674
304.398
304.121
303.843
303.563
303.282
303
302.716
302.429
302.141
301.851
301.558
301.263
300.965
300.664
300.36
300.054
299.744
299.43
299.113
298.793
298.469
298.141
297.809
297.474
297.135
296.791
296.444
296.093
295.738
295.38
295.017
294.651
294.28
293.906
293.529
293.147
292.763
292.375
291.983
291.588
291.19
290.789
317.286
316.994
316.704
316.416
316.131
315.848
315.567
315.288
315.011
314.736
314.464
314.192
313.923
313.655
313.389
313.124
312.86
312.598
312.336
312.075
311.814
311.555
311.295
311.036
310.777
310.517
310.258
309.999
309.739
309.479
309.218
308.957
308.695
308.433
308.17
307.906
307.641
307.376
307.11
306.843
306.575
306.306
306.036
305.765
305.493
305.221
304.947
304.672
304.396
304.119
303.841
303.561
303.28
302.997
302.713
302.426
302.138
301.847
301.554
301.259
300.961
300.66
300.356
300.049
299.739
299.425
299.108
298.787
298.463
298.135
297.804
297.468
297.129
296.786
296.439
296.088
295.733
295.374
295.011
294.645
294.275
293.901
293.523
293.142
292.758
292.37
291.978
291.583
291.186
290.785
290.903
290.34
289.773
289.213
288.66
288.111
287.566
287.024
286.484
285.945
285.408
284.872
284.337
283.802
283.267
290.789
290.258
289.716
289.171
288.627
288.086
287.546
287.007
286.471
285.935
285.4
284.866
284.333
283.799
283.266
290.706
290.188
289.661
289.128
288.593
288.058
287.524
286.99
286.456
285.924
285.391
284.86
284.328
283.797
283.266
290.639
290.129
289.61
289.087
288.559
288.031
287.501
286.971
286.442
285.912
285.382
284.853
284.323
283.794
283.265
290.583
290.078
289.566
289.048
288.527
288.004
287.479
286.953
286.427
285.9
285.373
284.846
284.318
283.791
283.264
290.535
290.034
289.526
289.014
288.498
287.979
287.458
286.936
286.412
285.888
285.364
284.839
284.314
283.788
283.263
290.494
289.995
289.491
288.983
288.471
287.956
287.438
286.919
286.399
285.877
285.355
284.832
284.309
283.786
283.262
290.458
289.962
289.461
288.956
288.447
287.935
287.42
286.904
286.386
285.867
285.347
284.826
284.305
283.783
283.261
290.428
289.934
289.435
288.932
288.426
287.916
287.405
286.891
286.375
285.858
285.34
284.821
284.301
283.781
283.26
290.402
289.91
289.413
288.912
288.408
287.901
287.391
286.879
286.365
285.85
285.333
284.816
284.297
283.779
283.26
290.381
289.89
289.395
288.895
288.393
287.887
287.379
286.869
286.357
285.843
285.328
284.811
284.294
283.777
283.259
290.365
289.875
289.38
288.882
288.381
287.877
287.37
286.861
286.35
285.837
285.323
284.808
284.292
283.775
283.258
290.352
289.863
289.369
288.872
288.372
287.869
287.363
286.855
286.345
285.833
285.32
284.805
284.29
283.774
283.258
290.344
289.855
289.362
288.866
288.366
287.864
287.358
286.851
286.341
285.83
285.317
284.804
284.289
283.774
283.258
290.34
289.851
289.359
288.863
288.363
287.861
287.356
286.849
286.34
285.829
285.316
284.803
284.288
283.773
283.258
)
;

boundaryField
{
    hot
    {
        type            fixedValue;
        value           uniform 323;
    }
    cold
    {
        type            fixedValue;
        value           uniform 283;
    }
    interface_left
    {
        type            fixedValue;
        value           nonuniform List<scalar> 
90
(
315.102
315.102
315.182
315.182
315.189
315.189
315.189
315.185
315.185
315.184
315.184
315.19
315.19
315.2
315.2
315.2
315.216
315.216
315.243
315.243
315.265
315.265
315.265
315.29
315.29
315.321
315.321
315.362
315.362
315.394
315.394
315.394
315.426
315.426
315.464
315.464
315.514
315.514
315.552
315.552
315.552
315.589
315.589
315.633
315.633
315.693
315.693
315.738
315.738
315.738
315.782
315.782
315.835
315.835
315.908
315.908
315.963
315.963
315.963
316.017
316.017
316.083
316.083
316.172
316.172
316.239
316.239
316.239
316.303
316.303
316.38
316.38
316.477
316.477
316.547
316.547
316.547
316.608
316.608
316.672
316.672
316.741
316.741
316.776
316.776
316.776
316.777
316.777
316.702
316.702
)
;
    }
    interface_right
    {
        type            fixedValue;
        value           nonuniform List<scalar> 
90
(
289.485
289.485
289.394
289.394
289.394
289.382
289.382
289.402
289.402
289.453
289.453
289.505
289.505
289.556
289.556
289.556
289.617
289.617
289.704
289.704
289.772
289.772
289.831
289.831
289.831
289.894
289.894
289.977
289.977
290.04
290.04
290.092
290.092
290.092
290.144
290.144
290.213
290.213
290.263
290.263
290.263
290.311
290.311
290.368
290.368
290.44
290.44
290.494
290.494
290.539
290.539
290.539
290.586
290.586
290.649
290.649
290.698
290.698
290.739
290.739
290.739
290.782
290.782
290.84
290.84
290.882
290.882
290.882
290.924
290.924
290.972
290.972
291.032
291.032
291.075
291.075
291.075
291.114
291.114
291.159
291.159
291.215
291.215
291.26
291.26
291.26
291.324
291.324
291.488
291.488
)
;
    }
    interface_top
    {
        type            fixedValue;
        value           nonuniform List<scalar> 
90
(
316.702
316.702
316.038
316.038
315.505
315.505
315.505
314.959
314.959
314.211
314.211
313.64
313.64
313.167
313.167
313.167
312.681
312.681
312.023
312.023
311.537
311.537
311.537
311.078
311.078
310.536
310.536
309.826
309.826
309.312
309.312
309.312
308.833
308.833
308.271
308.271
307.536
307.536
307.003
307.003
307.003
306.502
306.502
305.905
305.905
305.102
305.102
304.495
304.495
303.995
303.995
303.995
303.479
303.479
302.773
302.773
302.248
302.248
302.248
301.742
301.742
301.13
301.13
300.311
300.311
299.706
299.706
299.706
299.121
299.121
298.411
298.411
297.455
297.455
296.746
296.746
296.746
296.056
296.056
295.215
295.215
294.09
294.09
293.262
293.262
293.262
292.463
292.463
291.488
291.488
)
;
    }
    interface_bottom
    {
        type            fixedValue;
        value           nonuniform List<scalar> 
90
(
315.102
315.102
314.28
314.28
314.28
313.503
313.503
312.58
312.58
311.378
311.378
310.504
310.504
309.8
309.8
309.8
309.088
309.088
308.138
308.138
307.44
307.44
306.873
306.873
306.873
306.299
306.299
305.543
305.543
305.001
305.001
305.001
304.492
304.492
303.893
303.893
303.127
303.127
302.585
302.585
302.585
302.073
302.073
301.462
301.462
300.664
300.664
300.077
300.077
299.592
299.592
299.592
299.089
299.089
298.414
298.414
297.92
297.92
297.92
297.443
297.443
296.873
296.873
296.138
296.138
295.612
295.612
295.612
295.113
295.113
294.522
294.522
293.762
293.762
293.222
293.222
293.222
292.708
292.708
292.098
292.098
291.305
291.305
290.732
290.732
290.732
290.176
290.176
289.485
289.485
)
;
    }
    defaultFaces
    {
        type            empty;
    }
}


// ************************************************************************* //
