/*--------------------------------*- C++ -*----------------------------------*\
| =========                 |                                                 |
| \\      /  F ield         | OpenFOAM: The Open Source CFD Toolbox           |
|  \\    /   O peration     | Version:  5.x                                   |
|   \\  /    A nd           | Web:      www.OpenFOAM.org                      |
|    \\/     M anipulation  |                                                 |
\*---------------------------------------------------------------------------*/
FoamFile
{
    version     2.0;
    format      ascii;
    class       volScalarField;
    location    "3.5";
    object      gradTx;
}
// * * * * * * * * * * * * * * * * * * * * * * * * * * * * * * * * * * * * * //

dimensions      [0 -1 0 1 0 0 0];

internalField   nonuniform List<scalar> 
6300
(
-48.3034
-48.282
-48.239
-48.1743
-48.0878
-47.9792
-47.8486
-47.6961
-47.522
-47.327
-47.1121
-46.8789
-46.6288
-46.3637
-46.0852
-48.325
-48.3036
-48.2608
-48.1963
-48.1099
-48.0014
-47.8707
-47.7178
-47.543
-47.347
-47.1307
-46.8958
-46.644
-46.3773
-46.0977
-48.3681
-48.3469
-48.3043
-48.2402
-48.1542
-48.0459
-47.9151
-47.7615
-47.5854
-47.3873
-47.1682
-46.9298
-46.6742
-46.4041
-46.122
-48.4324
-48.4116
-48.3696
-48.3062
-48.2209
-48.1132
-47.9823
-47.828
-47.65
-47.4487
-47.2251
-46.9811
-46.7192
-46.4431
-46.1563
-48.5178
-48.4974
-48.4564
-48.3943
-48.3103
-48.2036
-48.0732
-47.9182
-47.738
-47.5326
-47.3027
-47.0503
-46.7787
-46.4928
-46.1981
-48.6237
-48.6041
-48.5645
-48.5043
-48.4225
-48.3178
-48.1887
-48.0337
-47.8514
-47.6411
-47.4029
-47.1387
-46.8527
-46.5514
-46.2433
-48.7493
-48.7308
-48.6933
-48.6361
-48.5577
-48.4565
-48.3302
-48.1766
-47.9931
-47.7776
-47.5293
-47.2493
-46.9422
-46.6169
-46.2863
-48.8935
-48.8765
-48.842
-48.789
-48.7158
-48.6203
-48.4993
-48.3495
-48.1668
-47.9472
-47.6874
-47.387
-47.05
-46.6877
-46.3195
-49.0548
-49.0399
-49.0094
-48.9623
-48.8965
-48.8095
-48.6974
-48.5555
-48.3776
-48.1569
-47.8864
-47.5615
-47.1834
-46.7646
-46.3333
-49.2312
-49.2189
-49.1936
-49.1542
-49.0986
-49.0239
-48.9255
-48.7975
-48.6314
-48.4165
-48.14
-47.7893
-47.3576
-46.8541
-46.3171
-49.42
-49.4109
-49.392
-49.3624
-49.32
-49.2619
-49.1834
-49.0776
-48.9341
-48.7378
-48.4679
-48.0983
-47.6037
-46.9771
-46.2627
-49.6181
-49.6126
-49.6013
-49.5834
-49.5573
-49.5204
-49.4688
-49.3956
-49.2898
-49.1329
-48.8956
-48.5322
-47.9819
-47.1882
-46.1718
-49.8217
-49.8203
-49.8174
-49.8127
-49.8053
-49.7938
-49.7758
-49.7463
-49.6964
-49.6087
-49.4492
-49.1533
-48.6036
-47.622
-46.0782
-50.0267
-50.0296
-50.0355
-50.0447
-50.0574
-50.0739
-50.0942
-50.1176
-50.1411
-50.1562
-50.1395
-50.0283
-49.6573
-48.6183
-46.1389
-50.2289
-50.2359
-50.2505
-50.2733
-50.3059
-50.3503
-50.4097
-50.4888
-50.5942
-50.7355
-50.9243
-51.1634
-51.3791
-51.0551
-47.2576
-45.8195
-45.5689
-45.3097
-45.0411
-44.7621
-44.471
-44.1661
-43.8459
-43.5091
-43.155
-42.7833
-42.3946
-41.9902
-41.5718
-41.1417
-40.7022
-40.2561
-39.8062
-39.3554
-38.9065
-38.4626
-38.0263
-37.6004
-37.1873
-36.7893
-36.4082
-36.0454
-35.7019
-35.3785
-35.0754
-34.7924
-34.5291
-34.2848
-34.0583
-33.8487
-33.6545
-33.4745
-33.3074
-33.152
-33.0069
-32.8712
-32.7436
-32.6234
-32.5098
-32.4025
-32.3012
-32.2063
-32.1185
-32.0386
-31.9678
-31.9073
-31.8582
-31.8216
-31.7984
-31.7892
-31.7944
-31.814
-31.8481
-31.8961
-31.9576
-32.0317
-32.1179
-32.2152
-32.3229
-32.4404
-32.5672
-32.7026
-32.8464
-32.998
-33.1572
-33.3236
-33.4969
-33.677
-33.8639
-34.0575
-34.2578
-34.4649
-34.6787
-34.8991
-35.126
-35.3592
-35.5987
-35.844
-36.0949
-36.3508
-36.6109
-36.8744
-37.1397
-37.4052
-37.6691
-45.8316
-45.5814
-45.3233
-45.0565
-44.7797
-44.491
-44.1884
-43.8701
-43.5344
-43.1804
-42.8079
-42.4176
-42.0106
-41.5891
-41.1553
-40.712
-40.2619
-39.8078
-39.3528
-38.8998
-38.4518
-38.0116
-37.5822
-37.166
-36.7653
-36.3821
-36.0178
-35.6734
-35.3496
-35.0467
-34.7643
-34.5022
-34.2593
-34.0345
-33.8267
-33.6344
-33.4562
-33.291
-33.1372
-32.9938
-32.8596
-32.7334
-32.6142
-32.5012
-32.3939
-32.2922
-32.1964
-32.1072
-32.0258
-31.9532
-31.891
-31.8404
-31.8025
-31.7783
-31.7686
-31.7735
-31.7934
-31.828
-31.8768
-31.9393
-32.0145
-32.1017
-32.2001
-32.3087
-32.427
-32.5545
-32.6906
-32.8349
-32.9871
-33.1466
-33.3133
-33.4869
-33.6671
-33.854
-34.0475
-34.2479
-34.455
-34.6688
-34.8894
-35.1165
-35.35
-35.5898
-35.8356
-36.0872
-36.3442
-36.6059
-36.8712
-37.1389
-37.4071
-37.674
-45.8549
-45.6054
-45.3496
-45.0866
-44.8146
-44.5312
-44.2337
-43.9195
-43.5863
-43.2328
-42.8587
-42.4646
-42.0524
-41.6243
-41.1831
-40.7319
-40.2736
-39.8112
-39.3477
-38.8863
-38.43
-37.9819
-37.5452
-37.1226
-36.7166
-36.3292
-35.9618
-35.6156
-35.2911
-34.9886
-34.7077
-34.4478
-34.2079
-33.9867
-33.7826
-33.5942
-33.4198
-33.2582
-33.108
-32.9679
-32.8368
-32.7133
-32.5962
-32.4845
-32.3775
-32.2749
-32.1772
-32.0852
-32.0002
-31.924
-31.8581
-31.8043
-31.7638
-31.7377
-31.7268
-31.7314
-31.7517
-31.7874
-31.8379
-31.9025
-31.9801
-32.0696
-32.17
-32.2805
-32.4004
-32.5292
-32.6665
-32.812
-32.9652
-33.1257
-33.293
-33.4669
-33.6473
-33.8341
-34.0275
-34.2278
-34.4349
-34.649
-34.8699
-35.0974
-35.3314
-35.5717
-35.8184
-36.0714
-36.3304
-36.595
-36.8642
-37.1367
-37.4105
-37.6835
-45.8873
-45.6387
-45.3865
-45.1298
-44.8661
-44.5919
-44.3034
-43.9964
-43.6677
-43.3151
-42.9383
-42.5382
-42.1172
-41.6785
-41.2257
-40.7622
-40.2914
-39.8164
-39.3401
-38.8657
-38.3966
-37.9362
-37.4882
-37.0557
-36.6415
-36.2476
-35.8757
-35.5268
-35.2014
-34.8996
-34.6211
-34.365
-34.1301
-33.9146
-33.7165
-33.534
-33.3654
-33.2092
-33.0643
-32.9294
-32.8033
-32.6843
-32.5708
-32.4614
-32.355
-32.251
-32.15
-32.0531
-31.9623
-31.8799
-31.8081
-31.7491
-31.7045
-31.6754
-31.6627
-31.6668
-31.6878
-31.7254
-31.7788
-31.847
-31.9284
-32.0217
-32.1255
-32.2388
-32.3609
-32.4916
-32.6306
-32.7778
-32.9326
-33.0946
-33.263
-33.4375
-33.618
-33.8045
-33.9975
-34.1974
-34.4046
-34.6191
-34.8405
-35.0687
-35.3033
-35.5442
-35.7918
-36.0464
-36.3081
-36.5769
-36.8521
-37.132
-37.4147
-37.6974
-45.9251
-45.6772
-45.4303
-45.1833
-44.9328
-44.6737
-44.3998
-44.1048
-43.7836
-43.4328
-43.0517
-42.6422
-42.2078
-41.7534
-41.2838
-40.8034
-40.3157
-39.8237
-39.33
-38.8379
-38.3508
-37.8732
-37.4092
-36.9628
-36.5373
-36.1348
-35.757
-35.4045
-35.0779
-34.7774
-34.5025
-34.2522
-34.0247
-33.8176
-33.6282
-33.4541
-33.2933
-33.1445
-33.0066
-32.8788
-32.7597
-32.6475
-32.5399
-32.4344
-32.3291
-32.2231
-32.117
-32.0125
-31.9126
-31.8207
-31.74
-31.6734
-31.6228
-31.5896
-31.5745
-31.578
-31.6001
-31.6407
-31.6986
-31.7723
-31.8597
-31.9587
-32.0672
-32.1841
-32.309
-32.4418
-32.5829
-32.7324
-32.8897
-33.0539
-33.2241
-33.3994
-33.5796
-33.7652
-33.9571
-34.1564
-34.3635
-34.5786
-34.8011
-35.0303
-35.2655
-35.5068
-35.7547
-36.0105
-36.2752
-36.5493
-36.8325
-37.123
-37.4184
-37.7151
-45.9627
-45.7144
-45.4746
-45.242
-45.0121
-44.777
-44.5269
-44.2514
-43.9423
-43.5942
-43.2064
-42.7821
-42.3276
-41.8504
-41.3579
-40.8554
-40.3467
-39.8336
-39.3182
-38.8029
-38.292
-37.7908
-37.3051
-36.8403
-36.4002
-35.987
-35.6019
-35.2453
-34.9174
-34.6186
-34.3488
-34.1069
-33.8903
-33.6954
-33.5183
-33.3555
-33.2044
-33.0642
-32.9347
-32.8158
-32.7065
-32.6046
-32.5062
-32.4073
-32.3044
-32.1957
-32.0818
-31.9655
-31.8516
-31.7454
-31.6519
-31.5748
-31.5164
-31.4778
-31.4597
-31.4623
-31.4861
-31.5309
-31.5956
-31.6779
-31.7745
-31.8817
-31.9968
-32.118
-32.2454
-32.38
-32.5231
-32.6755
-32.8365
-33.0045
-33.1775
-33.3539
-33.5332
-33.7166
-33.9059
-34.1035
-34.3106
-34.5272
-34.7519
-34.9828
-35.2186
-35.4592
-35.7059
-35.9614
-36.2282
-36.5083
-36.8016
-37.1065
-37.4195
-37.7359
-45.9912
-45.7398
-45.5085
-45.2971
-45.0991
-44.9023
-44.6906
-44.4469
-44.1572
-43.8132
-43.414
-42.966
-42.4803
-41.97
-41.4464
-40.9169
-40.384
-39.8474
-39.3063
-38.762
-38.2195
-37.6864
-37.1715
-36.6825
-36.2245
-35.7992
-35.4063
-35.045
-34.7153
-34.4185
-34.1554
-33.9254
-33.7248
-33.548
-33.3883
-33.2401
-33.1003
-32.9689
-32.8478
-32.7392
-32.6433
-32.5568
-32.4736
-32.3863
-32.2884
-32.1761
-32.0502
-31.9154
-31.7798
-31.6521
-31.5403
-31.4493
-31.3815
-31.3369
-31.315
-31.3163
-31.3419
-31.3925
-31.4674
-31.563
-31.6738
-31.7936
-31.9174
-32.043
-32.1713
-32.3057
-32.4499
-32.6059
-32.773
-32.9478
-33.1259
-33.3039
-33.4808
-33.6589
-33.8426
-34.0367
-34.2438
-34.4637
-34.6932
-34.9279
-35.1645
-35.4024
-35.6442
-35.8953
-36.1617
-36.4475
-36.7537
-37.078
-37.4152
-37.7587
-45.9973
-45.7362
-45.5142
-45.3331
-45.1846
-45.0494
-44.9004
-44.7089
-44.4506
-44.1119
-43.6923
-43.2042
-42.6687
-42.1089
-41.5438
-40.9834
-40.4272
-39.8681
-39.2992
-38.719
-38.1338
-37.5561
-37.0008
-36.4805
-36.002
-35.5652
-35.1656
-34.7994
-34.4664
-34.1701
-33.9149
-33.7017
-33.5256
-33.3764
-33.2421
-33.1129
-32.9845
-32.8589
-32.7432
-32.6448
-32.5666
-32.5044
-32.4472
-32.381
-32.2932
-32.1764
-32.0315
-31.8669
-31.6967
-31.5363
-31.3987
-31.2908
-31.2134
-31.1632
-31.1372
-31.1355
-31.1616
-31.2193
-31.3093
-31.4262
-31.5601
-31.6996
-31.8354
-31.9639
-32.0885
-32.2173
-32.3595
-32.5203
-32.6983
-32.8861
-33.0742
-33.2551
-33.4264
-33.5929
-33.7642
-33.9506
-34.1583
-34.3861
-34.6266
-34.8699
-35.1082
-35.3394
-35.5686
-35.8069
-36.0667
-36.3569
-36.6794
-37.0302
-37.4012
-37.7824
-45.9613
-45.6766
-45.461
-45.3223
-45.2512
-45.2165
-45.1719
-45.0671
-44.8601
-44.5272
-44.0693
-43.5112
-42.8922
-42.2555
-41.6349
-41.0444
-40.4747
-39.9032
-39.3086
-38.6835
-38.0377
-37.3939
-36.7799
-36.2186
-35.72
-35.2777
-34.8771
-34.5064
-34.1649
-33.8628
-33.614
-33.425
-33.2879
-33.1836
-33.0888
-32.9851
-32.8649
-32.7352
-32.6141
-32.5214
-32.4674
-32.4452
-32.4341
-32.4072
-32.3398
-32.2176
-32.0413
-31.8268
-31.5996
-31.3879
-31.2143
-31.0886
-31.0063
-30.9548
-30.9243
-30.9147
-30.9358
-30.9999
-31.1123
-31.2649
-31.4386
-31.6108
-31.7637
-31.8906
-31.9994
-32.1094
-32.2421
-32.4098
-32.6091
-32.8238
-33.0329
-33.2197
-33.3788
-33.5198
-33.6637
-33.8338
-34.0436
-34.2898
-34.5555
-34.8188
-35.0619
-35.2788
-35.4796
-35.6871
-35.9276
-36.219
-36.564
-36.953
-37.3717
-37.8058
-45.8538
-45.5179
-45.2971
-45.2143
-45.2654
-45.3982
-45.5303
-45.5727
-45.4511
-45.1226
-44.5911
-43.9058
-43.1417
-42.3794
-41.6828
-41.0755
-40.5251
-39.9716
-39.3624
-38.6783
-37.9388
-37.189
-36.4832
-35.8669
-35.3571
-34.9306
-34.5459
-34.1717
-33.8067
-33.4792
-33.2275
-33.0738
-33.0035
-32.9772
-32.9488
-32.8811
-32.7592
-32.5992
-32.4443
-32.3428
-32.3224
-32.3702
-32.4442
-32.4917
-32.4656
-32.3368
-32.1064
-31.805
-31.4804
-31.185
-30.9609
-30.8243
-30.7548
-30.7163
-30.6816
-30.65
-30.648
-30.7107
-30.8576
-31.0733
-31.3191
-31.5498
-31.7293
-31.8432
-31.9085
-31.9689
-32.0741
-32.2537
-32.4978
-32.7693
-33.0233
-33.2239
-33.3572
-33.4421
-33.5253
-33.6594
-33.8761
-34.165
-34.4877
-34.7965
-35.0528
-35.2412
-35.3805
-35.5194
-35.7147
-36.0038
-36.3848
-36.8326
-37.3198
-37.8272
-45.632
-45.1934
-44.9346
-44.9137
-45.1623
-45.5812
-46.0177
-46.3147
-46.3404
-46.0105
-45.3346
-44.4142
-43.3886
-42.4087
-41.6026
-41.0248
-40.58
-40.1207
-39.5243
-38.7529
-37.8551
-36.921
-36.058
-35.3619
-34.8747
-34.5233
-34.1998
-33.8242
-33.3948
-32.9865
-32.7001
-32.6027
-32.6559
-32.7743
-32.8654
-32.8557
-32.7085
-32.4564
-32.1977
-32.0474
-32.0796
-32.2576
-32.4924
-32.6827
-32.7393
-32.6025
-32.2741
-31.8168
-31.3192
-30.8793
-30.5819
-30.4632
-30.4587
-30.4727
-30.4342
-30.3427
-30.2671
-30.3004
-30.5037
-30.8384
-31.2214
-31.5625
-31.7893
-31.8658
-31.8246
-31.7638
-31.7988
-32.0048
-32.3468
-32.7398
-33.0907
-33.3247
-33.405
-33.3667
-33.3133
-33.3661
-33.6042
-33.9916
-34.4394
-34.8494
-35.1413
-35.2741
-35.2815
-35.2701
-35.3664
-35.656
-36.109
-36.6553
-37.2385
-37.8425
-45.2286
-44.6099
-44.2299
-44.2251
-44.814
-45.7391
-46.7063
-47.4476
-47.742
-47.3969
-46.4304
-45.0744
-43.57
-42.1881
-41.1938
-40.7828
-40.6561
-40.4676
-39.9384
-39.0099
-37.8242
-36.5506
-35.3929
-34.5566
-34.1968
-34.0764
-33.9288
-33.5547
-32.9528
-32.3188
-31.901
-31.9149
-32.2149
-32.6107
-32.9277
-33.0284
-32.8094
-32.3232
-31.7955
-31.4895
-31.6272
-32.0636
-32.6051
-33.0664
-33.2918
-33.1444
-32.6278
-31.8867
-31.0752
-30.3687
-29.9455
-29.9379
-30.1363
-30.3045
-30.2634
-30.0124
-29.7296
-29.6456
-29.9604
-30.5339
-31.1841
-31.7398
-32.0656
-32.0579
-31.7686
-31.4208
-31.2771
-31.5597
-32.122
-32.7709
-33.3263
-33.6464
-33.6235
-33.3125
-32.9482
-32.8055
-33.1171
-33.7308
-34.4455
-35.072
-35.4587
-35.4871
-35.2092
-34.8652
-34.7395
-35.0725
-35.6986
-36.4244
-37.1271
-37.8313
-44.5002
-43.6831
-42.9849
-42.6819
-43.982
-45.8366
-47.7205
-49.2242
-50.0647
-49.6784
-48.0876
-45.9487
-43.5752
-41.4097
-39.9456
-40.1318
-40.8216
-41.3054
-40.928
-39.6378
-37.92
-36.0141
-34.2651
-33.0658
-33.1743
-33.6694
-33.9841
-33.6137
-32.5573
-31.3402
-30.4805
-30.8158
-31.6364
-32.5611
-33.3019
-33.6621
-33.2954
-32.2501
-31.0747
-30.2933
-30.7451
-31.7186
-32.8335
-33.79
-34.3818
-34.2184
-33.305
-32.0586
-30.6801
-29.4506
-28.7109
-29.1163
-29.8575
-30.4382
-30.3948
-29.7281
-28.9062
-28.4163
-29.0447
-30.1192
-31.2828
-32.248
-32.8221
-32.6557
-31.7968
-30.7837
-30.1415
-30.7118
-31.7722
-32.9363
-33.9006
-34.4617
-34.2564
-33.335
-32.2635
-31.5904
-32.1943
-33.3242
-34.578
-35.6393
-36.2915
-36.1406
-35.2317
-34.1451
-33.4516
-34.0662
-35.144
-36.2265
-37.0129
-37.689
-42.911
-42.5849
-41.1712
-38.83
-42.3517
-45.8921
-49.2825
-51.9559
-54.1544
-53.6946
-50.5343
-47.161
-43.2811
-39.6217
-36.3209
-38.7558
-41.2841
-43.3836
-43.2323
-40.8815
-38.2871
-35.252
-32.346
-29.6919
-31.5955
-33.5226
-35.0264
-34.6606
-32.3937
-29.8469
-27.3396
-29.0183
-30.9081
-32.7769
-34.2243
-35.343
-34.7591
-32.3645
-29.7866
-27.3213
-29.112
-31.1705
-33.2904
-35.0392
-36.5593
-36.3727
-34.4621
-32.4207
-30.0709
-27.8271
-25.8277
-27.8112
-29.8099
-31.4706
-31.4239
-29.6673
-27.6048
-25.5767
-27.4869
-29.5759
-31.6674
-33.3193
-34.6447
-34.2505
-32.0468
-29.6125
-27.2596
-29.1579
-31.2732
-33.3889
-35.0554
-36.3804
-35.9202
-33.5732
-31.0051
-28.536
-30.514
-32.7387
-34.9876
-36.7952
-38.2802
-37.8854
-35.5097
-32.8587
-30.2798
-32.3925
-34.5824
-36.4543
-37.0572
-36.8819
-37.5468
-43.0528
-40.6936
-26.5356
-40.6948
-46.1637
-51.8771
-55.3719
-62.0725
-61.5998
-53.288
-49.1033
-42.6699
-37.3176
-24.4374
-37.2455
-42.3645
-48.7031
-48.7045
-42.4764
-39.2892
-34.3043
-30.0646
-19.7552
-29.9832
-33.9854
-38.7615
-38.4456
-32.6336
-28.2973
-18.1714
-26.917
-30.2103
-33.6
-35.6205
-39.4762
-38.8304
-32.7434
-28.337
-18.2213
-27.0935
-30.5342
-34.2821
-36.6182
-41.1949
-41.01
-35.8078
-33.2272
-29.3094
-25.8519
-17.2094
-26.4842
-30.2495
-34.9617
-34.9155
-30.047
-26.2539
-17.0662
-25.6714
-29.0293
-32.6848
-34.8609
-38.9437
-38.4508
-32.629
-28.3237
-18.256
-27.2913
-30.7734
-34.4881
-36.7019
-40.8694
-40.3005
-34.1296
-29.6037
-19.0773
-28.4783
-32.1177
-36.0324
-38.4152
-42.9752
-42.4822
-36.1836
-31.4679
-20.3517
-30.6071
-34.4782
-38.5087
-38.2211
-32.5975
-37.9548
-38.2583
-38.5495
-38.8252
-39.0824
-39.319
-39.5333
-39.7242
-39.8912
-40.0338
-40.1523
-40.2466
-40.3171
-40.3639
-40.3873
-37.963
-38.2701
-38.5646
-38.8431
-39.1025
-39.3408
-39.5562
-39.7477
-39.9149
-40.0576
-40.1759
-40.27
-40.3402
-40.3869
-40.4101
-37.9795
-38.294
-38.5953
-38.8794
-39.1434
-39.3849
-39.6024
-39.7951
-39.9627
-40.1053
-40.2231
-40.3167
-40.3864
-40.4327
-40.4557
-38.0045
-38.3307
-38.6425
-38.9354
-39.2062
-39.4524
-39.6729
-39.867
-40.035
-40.1771
-40.2942
-40.3868
-40.4556
-40.5012
-40.5239
-38.0382
-38.3812
-38.708
-39.0131
-39.293
-39.5453
-39.7692
-39.9647
-40.1325
-40.2736
-40.3892
-40.4802
-40.5476
-40.5921
-40.6142
-38.0813
-38.4476
-38.7945
-39.1156
-39.4067
-39.666
-39.8933
-40.0895
-40.2562
-40.3952
-40.5081
-40.5966
-40.6619
-40.7049
-40.7262
-38.135
-38.5329
-38.9064
-39.2475
-39.5518
-39.8182
-40.0479
-40.2433
-40.4071
-40.5422
-40.6511
-40.7358
-40.7979
-40.8388
-40.859
-38.2013
-38.642
-39.0502
-39.4157
-39.7342
-40.0066
-40.2364
-40.4281
-40.5862
-40.7149
-40.8176
-40.8969
-40.9548
-40.9927
-41.0114
-38.2839
-38.7833
-39.2364
-39.6304
-39.9625
-40.2373
-40.4624
-40.6458
-40.7941
-40.9131
-41.007
-41.0789
-41.1312
-41.1653
-41.1821
-38.3892
-38.9704
-39.4815
-39.9065
-40.2477
-40.5174
-40.73
-40.8979
-41.0308
-41.1357
-41.2177
-41.2801
-41.3252
-41.3546
-41.3691
-38.5269
-39.2273
-39.8124
-40.2658
-40.6043
-40.8547
-41.0421
-41.1847
-41.295
-41.3808
-41.4474
-41.4979
-41.5345
-41.5583
-41.57
-38.7101
-39.5991
-40.2745
-40.7391
-41.0481
-41.2551
-41.399
-41.5038
-41.5831
-41.6446
-41.6925
-41.7292
-41.7559
-41.7734
-41.7821
-38.9567
-40.1833
-40.9468
-41.3664
-41.5921
-41.7179
-41.7949
-41.8481
-41.8887
-41.9215
-41.9483
-41.9698
-41.986
-41.9969
-42.0023
-39.3417
-41.2303
-41.964
-42.1879
-42.2345
-42.2288
-42.2146
-42.2049
-42.2019
-42.2039
-42.2089
-42.215
-42.2208
-42.2251
-42.2275
-40.5248
-43.4305
-43.4901
-43.187
-42.9274
-42.7473
-42.6295
-42.5551
-42.5096
-42.4828
-42.4678
-42.46
-42.4563
-42.4548
-42.4544
-50.4078
-50.4183
-50.4399
-50.474
-50.5228
-50.59
-50.681
-50.8049
-50.9766
-51.223
-51.5978
-52.2253
-53.4522
-56.473
-66.2631
-50.5633
-50.5764
-50.6035
-50.6462
-50.7074
-50.7913
-50.9049
-51.0591
-51.2724
-51.577
-52.0348
-52.7747
-54.0912
-56.6973
-62.2502
-50.7096
-50.7249
-50.7564
-50.8058
-50.8761
-50.972
-51.1005
-51.2724
-51.5048
-51.8247
-52.2758
-52.9237
-53.8349
-54.8751
-54.5204
-50.8453
-50.8622
-50.8968
-50.9508
-51.0271
-51.1301
-51.266
-51.4438
-51.6764
-51.9814
-52.3803
-52.8901
-53.4888
-54.0218
-54.1161
-50.9694
-50.9873
-51.0237
-51.0804
-51.1597
-51.2654
-51.4023
-51.5771
-51.7978
-52.0729
-52.4079
-52.7947
-53.1884
-53.4733
-53.463
-51.0811
-51.0994
-51.1367
-51.1942
-51.2741
-51.3789
-51.5124
-51.6786
-51.8814
-52.1229
-52.3997
-52.6944
-52.9637
-53.1297
-53.1161
-51.1801
-51.1985
-51.2356
-51.2926
-51.371
-51.4727
-51.5998
-51.7546
-51.938
-52.1486
-52.3791
-52.6118
-52.8108
-52.911
-52.7591
-51.2665
-51.2845
-51.3208
-51.3763
-51.4518
-51.5487
-51.6681
-51.8106
-51.9758
-52.1604
-52.3572
-52.5526
-52.7264
-52.8673
-53.0698
-51.3403
-51.3577
-51.3927
-51.4459
-51.5178
-51.6091
-51.7202
-51.851
-52
-52.1639
-52.3366
-52.5084
-52.665
-52.781
-52.7472
-51.4021
-51.4187
-51.4521
-51.5026
-51.5704
-51.6558
-51.7588
-51.8786
-52.0138
-52.1613
-52.3167
-52.4747
-52.6316
-52.7988
-53.0679
-51.4523
-51.468
-51.4996
-51.5472
-51.6108
-51.6903
-51.7856
-51.8956
-52.019
-52.1532
-52.2951
-52.4417
-52.591
-52.7461
-52.9082
-51.4916
-51.5064
-51.5361
-51.5807
-51.64
-51.714
-51.802
-51.9034
-52.0166
-52.1397
-52.2705
-52.4068
-52.5465
-52.6884
-52.815
-51.5205
-51.5344
-51.5622
-51.6039
-51.6592
-51.7278
-51.8093
-51.9028
-52.0072
-52.121
-52.2423
-52.3693
-52.5005
-52.6414
-52.8558
-51.5398
-51.5528
-51.5788
-51.6176
-51.669
-51.7327
-51.8082
-51.8948
-51.9914
-52.097
-52.2101
-52.3289
-52.4477
-52.5435
-52.5025
-51.55
-51.5622
-51.5864
-51.6225
-51.6703
-51.7295
-51.7994
-51.8796
-51.9693
-52.0677
-52.1741
-52.2885
-52.411
-52.5405
-52.6638
-51.5518
-51.5631
-51.5856
-51.6193
-51.6637
-51.7186
-51.7836
-51.8579
-51.9411
-52.0327
-52.1326
-52.2425
-52.3693
-52.5418
-52.911
-51.5457
-51.5562
-51.5772
-51.6085
-51.6498
-51.7009
-51.7611
-51.8301
-51.9072
-51.9919
-52.0841
-52.1848
-52.2957
-52.4065
-52.3665
-51.5322
-51.542
-51.5616
-51.5907
-51.6292
-51.6766
-51.7326
-51.7966
-51.8679
-51.9459
-52.0297
-52.1199
-52.2223
-52.376
-52.843
-51.5119
-51.521
-51.5393
-51.5664
-51.6023
-51.6464
-51.6985
-51.758
-51.8241
-51.8957
-51.9709
-52.0464
-52.1131
-52.1281
-51.8154
-51.4851
-51.4937
-51.5107
-51.536
-51.5695
-51.6107
-51.6593
-51.7148
-51.7764
-51.8428
-51.9118
-51.9791
-52.0398
-52.1075
-52.4001
-51.4524
-51.4604
-51.4763
-51.5
-51.5312
-51.5698
-51.6154
-51.6674
-51.7254
-51.7882
-51.8536
-51.9164
-51.9616
-51.9308
-51.5403
-51.414
-51.4215
-51.4364
-51.4586
-51.4878
-51.524
-51.5668
-51.6159
-51.6711
-51.7317
-51.7971
-51.8659
-51.9363
-52.0038
-52.0584
-51.3704
-51.3774
-51.3914
-51.4121
-51.4396
-51.4736
-51.5138
-51.5603
-51.6129
-51.6718
-51.7379
-51.8143
-51.9128
-52.0857
-52.6153
-51.3218
-51.3284
-51.3415
-51.361
-51.3868
-51.4187
-51.4565
-51.5003
-51.5502
-51.6068
-51.6715
-51.7472
-51.8376
-51.9198
-51.7279
-51.2686
-51.2748
-51.2871
-51.3054
-51.3296
-51.3596
-51.3951
-51.4362
-51.483
-51.5361
-51.5971
-51.67
-51.7681
-51.9442
-52.5213
-51.211
-51.2168
-51.2284
-51.2456
-51.2684
-51.2965
-51.3298
-51.3681
-51.4114
-51.4599
-51.514
-51.5752
-51.6444
-51.6901
-51.3857
-51.1492
-51.1547
-51.1657
-51.1819
-51.2034
-51.2298
-51.2609
-51.2965
-51.3363
-51.3795
-51.4256
-51.4749
-51.537
-51.679
-52.3709
-51.0836
-51.0888
-51.0991
-51.1145
-51.1347
-51.1597
-51.1889
-51.2222
-51.2587
-51.2971
-51.3347
-51.3656
-51.3742
-51.2858
-50.6269
-51.0141
-51.0191
-51.0289
-51.0435
-51.0628
-51.0864
-51.1142
-51.1456
-51.1798
-51.2151
-51.248
-51.2718
-51.2786
-51.2886
-51.638
-50.9412
-50.9459
-50.9553
-50.9692
-50.9876
-51.0102
-51.0368
-51.067
-51.1001
-51.1346
-51.1672
-51.1898
-51.1808
-51.0555
-50.4002
-50.8647
-50.8693
-50.8783
-50.8917
-50.9094
-50.9312
-50.957
-50.9865
-51.0194
-51.0553
-51.0928
-51.1297
-51.1638
-51.1902
-51.2022
-50.785
-50.7894
-50.7981
-50.8111
-50.8282
-50.8493
-50.8745
-50.9036
-50.9368
-50.9747
-51.0182
-51.0715
-51.1522
-51.3345
-52.0144
-50.7021
-50.7064
-50.7148
-50.7274
-50.744
-50.7646
-50.7891
-50.8178
-50.8511
-50.8899
-50.9363
-50.9943
-51.0698
-51.1332
-50.8272
-50.6161
-50.6203
-50.6285
-50.6407
-50.6569
-50.677
-50.7009
-50.7289
-50.7615
-50.7996
-50.8456
-50.905
-50.996
-51.188
-51.903
-50.5271
-50.5311
-50.5392
-50.5511
-50.5669
-50.5865
-50.6098
-50.6369
-50.6681
-50.7038
-50.7449
-50.7937
-50.852
-50.8794
-50.4553
-50.4351
-50.439
-50.4469
-50.4587
-50.4742
-50.4933
-50.516
-50.5422
-50.5715
-50.6038
-50.6384
-50.6758
-50.7293
-50.8841
-51.7375
-50.3401
-50.344
-50.3518
-50.3634
-50.3787
-50.3976
-50.4198
-50.4452
-50.473
-50.5021
-50.529
-50.5467
-50.5361
-50.4035
-49.5513
-50.2422
-50.2461
-50.2538
-50.2654
-50.2806
-50.2993
-50.3214
-50.3465
-50.3738
-50.4016
-50.4254
-50.4372
-50.4277
-50.4221
-50.8393
-50.1414
-50.1453
-50.153
-50.1646
-50.1798
-50.1986
-50.2209
-50.2463
-50.2743
-50.3034
-50.3294
-50.3425
-50.3165
-50.1467
-49.3213
-50.0377
-50.0416
-50.0493
-50.0609
-50.0763
-50.0953
-50.1181
-50.1444
-50.1742
-50.2071
-50.2416
-50.275
-50.3051
-50.3262
-50.3312
-49.931
-49.9349
-49.9428
-49.9545
-49.97
-49.9894
-50.0127
-50.0401
-50.0721
-50.1094
-50.1535
-50.2097
-50.3
-50.5166
-51.3474
-49.8214
-49.8254
-49.8333
-49.8451
-49.8609
-49.8806
-49.9044
-49.9327
-49.9663
-50.0066
-50.0563
-50.1206
-50.2072
-50.2801
-49.9004
-49.7088
-49.7128
-49.7208
-49.7328
-49.7487
-49.7687
-49.7929
-49.8216
-49.8558
-49.897
-49.9481
-50.016
-50.1238
-50.3573
-51.2359
-49.5931
-49.5972
-49.6053
-49.6174
-49.6336
-49.6538
-49.6781
-49.7069
-49.7407
-49.7803
-49.8271
-49.8836
-49.9531
-49.9863
-49.4657
-49.4744
-49.4785
-49.4867
-49.499
-49.5154
-49.5358
-49.5602
-49.5888
-49.6215
-49.6582
-49.6982
-49.7424
-49.8075
-49.9994
-51.056
-49.3525
-49.3567
-49.3651
-49.3775
-49.3941
-49.4147
-49.4394
-49.4679
-49.4997
-49.5336
-49.5654
-49.5865
-49.5739
-49.4116
-48.361
-49.2275
-49.2317
-49.2402
-49.2529
-49.2698
-49.2907
-49.3158
-49.3447
-49.3767
-49.4099
-49.439
-49.4541
-49.444
-49.4403
-49.9624
-49.0992
-49.1035
-49.1122
-49.1251
-49.1423
-49.1637
-49.1895
-49.2194
-49.2529
-49.2886
-49.3213
-49.3391
-49.3098
-49.1032
-48.0822
-48.9677
-48.9721
-48.9808
-48.994
-49.0115
-49.0336
-49.0602
-49.0916
-49.1279
-49.1689
-49.2129
-49.2569
-49.2986
-49.3311
-49.3445
-48.8328
-48.8372
-48.8461
-48.8595
-48.8774
-48.9
-48.9275
-48.9605
-48.9998
-49.0466
-49.1032
-49.1762
-49.2939
-49.5717
-50.6197
-48.6945
-48.699
-48.708
-48.7216
-48.7397
-48.7627
-48.791
-48.8251
-48.8665
-48.9172
-48.9809
-49.0644
-49.1779
-49.2768
-48.8095
-48.5528
-48.5573
-48.5664
-48.5801
-48.5984
-48.6217
-48.6502
-48.6848
-48.7268
-48.7785
-48.8437
-48.9317
-49.0722
-49.3745
-50.4958
-48.4076
-48.4122
-48.4213
-48.435
-48.4534
-48.4767
-48.5052
-48.5395
-48.5806
-48.6298
-48.6892
-48.7625
-48.8542
-48.9028
-48.2519
-48.259
-48.2635
-48.2726
-48.2863
-48.3046
-48.3278
-48.356
-48.3896
-48.4288
-48.4737
-48.5238
-48.5806
-48.6662
-48.9161
-50.2732
-48.1068
-48.1114
-48.1204
-48.134
-48.1523
-48.1752
-48.2031
-48.2358
-48.2731
-48.3135
-48.3524
-48.3788
-48.3639
-48.16
-46.8228
-47.9512
-47.9557
-47.9647
-47.9782
-47.9962
-48.019
-48.0466
-48.079
-48.1155
-48.154
-48.1882
-48.2057
-48.1927
-48.1904
-48.8663
-47.7922
-47.7966
-47.8054
-47.8187
-47.8366
-47.8593
-47.8868
-47.9194
-47.9566
-47.9969
-48.0342
-48.0536
-48.0142
-47.7492
-46.4393
-47.6297
-47.634
-47.6427
-47.6558
-47.6734
-47.6958
-47.7234
-47.7566
-47.7959
-47.8413
-47.8913
-47.9424
-47.9924
-48.0329
-48.0515
-47.4639
-47.4681
-47.4765
-47.4892
-47.5065
-47.5285
-47.556
-47.5897
-47.6311
-47.6821
-47.746
-47.8321
-47.9772
-48.331
-49.6811
-47.2948
-47.2989
-47.3069
-47.3192
-47.3358
-47.3573
-47.3841
-47.4176
-47.4597
-47.5134
-47.5839
-47.6806
-47.8172
-47.9366
-47.3284
-47.1226
-47.1264
-47.1341
-47.1457
-47.1615
-47.1819
-47.2076
-47.2397
-47.2803
-47.3326
-47.4021
-47.5014
-47.6691
-48.0466
-49.4827
-46.9473
-46.9509
-46.9581
-46.9689
-46.9837
-47.0027
-47.0265
-47.0561
-47.093
-47.1393
-47.1981
-47.2748
-47.3753
-47.4209
-46.567
-46.7692
-46.7725
-46.7791
-46.789
-46.8025
-46.8198
-46.8413
-46.8676
-46.8992
-46.9368
-46.98
-47.0315
-47.1198
-47.419
-49.1353
-46.5885
-46.5914
-46.5973
-46.6062
-46.6183
-46.6337
-46.6527
-46.6754
-46.7016
-46.7298
-46.7545
-46.7626
-46.7178
-46.4325
-44.7025
-46.4053
-46.4079
-46.413
-46.4209
-46.4314
-46.4449
-46.4614
-46.4809
-46.5028
-46.5246
-46.5389
-46.5305
-46.4828
-46.4483
-47.2712
-46.2199
-46.2221
-46.2265
-46.2331
-46.2421
-46.2536
-46.2678
-46.2848
-46.3043
-46.3242
-46.3375
-46.3257
-46.2385
-45.8681
-44.1908
-46.0326
-46.0344
-46.038
-46.0434
-46.0507
-46.0602
-46.0722
-46.0872
-46.1057
-46.1278
-46.1516
-46.1734
-46.1907
-46.1947
-46.1764
-45.8436
-45.845
-45.8477
-45.8518
-45.8574
-45.8648
-45.8744
-45.8873
-45.9048
-45.9295
-45.9655
-46.0243
-46.1522
-46.5361
-48.1545
-45.6534
-45.6543
-45.6561
-45.6588
-45.6625
-45.6675
-45.6744
-45.6842
-45.6991
-45.723
-45.7617
-45.8271
-45.936
-46.0193
-45.2125
-45.462
-45.4625
-45.4633
-45.4646
-45.4663
-45.4687
-45.4721
-45.4777
-45.4875
-45.5054
-45.5378
-45.5997
-45.7374
-46.12
-47.7649
-45.2699
-45.2699
-45.2699
-45.2697
-45.2693
-45.2687
-45.2682
-45.2684
-45.2706
-45.2771
-45.2914
-45.3198
-45.3688
-45.3432
-44.2434
-45.0774
-45.077
-45.0761
-45.0745
-45.072
-45.0685
-45.0637
-45.0578
-45.0508
-45.0428
-45.0335
-45.0256
-45.0521
-45.3114
-47.1852
-44.8848
-44.884
-44.8823
-44.8794
-44.875
-44.8687
-44.8599
-44.8481
-44.8319
-44.809
-44.7726
-44.7077
-44.5735
-44.1577
-42.0971
-44.6922
-44.6912
-44.6888
-44.6849
-44.679
-44.6704
-44.6582
-44.6414
-44.618
-44.5838
-44.5296
-44.4379
-44.2906
-44.1452
-44.9203
-44.5
-44.4988
-44.496
-44.4914
-44.4844
-44.4741
-44.4596
-44.4396
-44.4117
-44.372
-44.3108
-44.2068
-44.0063
-43.4927
-41.5911
-44.3083
-44.3069
-44.304
-44.2991
-44.2916
-44.2805
-44.2648
-44.2432
-44.214
-44.1745
-44.1197
-44.0428
-43.9395
-43.8031
-43.6433
-44.117
-44.1157
-44.113
-44.1082
-44.1008
-44.0897
-44.074
-44.0524
-44.0236
-43.9869
-43.9421
-43.897
-43.8958
-44.1289
-45.5902
-43.9262
-43.9252
-43.9228
-43.9187
-43.912
-43.9019
-43.8872
-43.8666
-43.8391
-43.8042
-43.7628
-43.7207
-43.6895
-43.6008
-42.6288
-43.7357
-43.735
-43.7334
-43.7304
-43.7253
-43.717
-43.7044
-43.6858
-43.6599
-43.6254
-43.5822
-43.5368
-43.5232
-43.6852
-44.927
-43.5452
-43.545
-43.5445
-43.5431
-43.5402
-43.5349
-43.5255
-43.5104
-43.4869
-43.4519
-43.4012
-43.3307
-43.2351
-43.0188
-41.824
-43.3544
-43.3549
-43.3556
-43.3564
-43.3565
-43.3551
-43.3506
-43.3408
-43.3221
-43.2887
-43.2319
-43.1421
-43.031
-43.0308
-44.1664
-43.1628
-43.164
-43.1664
-43.1696
-43.1734
-43.1771
-43.1793
-43.1777
-43.1677
-43.1413
-43.0834
-42.9685
-42.7497
-42.2532
-40.4947
-42.97
-42.9719
-42.9759
-42.982
-42.99
-42.9998
-43.0107
-43.0205
-43.0249
-43.015
-42.9726
-42.8671
-42.6612
-42.3512
-42.4161
-42.7753
-42.778
-42.7836
-42.7924
-42.8049
-42.8216
-42.8425
-42.8671
-42.8924
-42.9106
-42.9035
-42.8355
-42.6449
-42.188
-40.9598
-42.5783
-42.5816
-42.5886
-42.5999
-42.6165
-42.64
-42.6718
-42.7134
-42.7651
-42.8232
-42.8746
-42.8892
-42.8136
-42.5594
-42.085
-42.3786
-42.3822
-42.3901
-42.4031
-42.423
-42.4522
-42.4941
-42.5529
-42.6336
-42.7398
-42.8693
-43.0056
-43.1063
-43.0828
-42.8866
-42.1758
-42.1795
-42.1875
-42.2011
-42.2226
-42.2553
-42.3045
-42.3775
-42.4846
-42.6396
-42.8573
-43.1467
-43.4853
-43.7252
-43.5042
-41.9701
-41.9733
-41.9805
-41.9931
-42.0139
-42.0468
-42.0983
-42.1784
-42.3025
-42.495
-42.7935
-43.2537
-43.9329
-44.6867
-44.0277
-41.7617
-41.764
-41.7693
-41.7791
-41.7963
-41.825
-41.8722
-41.9489
-42.0731
-42.2762
-42.6155
-43.2088
-44.3287
-46.6285
-51.702
-41.5513
-41.5521
-41.5544
-41.5596
-41.5702
-41.5901
-41.6255
-41.6864
-41.7892
-41.9622
-42.2589
-42.7983
-43.9052
-46.6432
-55.3027
-56.9256
-48.0552
-45.2218
-44.0628
-43.4879
-43.1646
-42.9702
-42.8497
-42.7744
-42.7272
-42.698
-42.6802
-42.6697
-42.6639
-42.6614
-53.6053
-48.0662
-45.6335
-44.4533
-43.8212
-43.4537
-43.2285
-43.0864
-42.9953
-42.9367
-42.8989
-42.8748
-42.8599
-42.8513
-42.8475
-44.9277
-45.9189
-45.1758
-44.463
-43.969
-43.6433
-43.4291
-43.2877
-43.1938
-43.1313
-43.0898
-43.0626
-43.0453
-43.0351
-43.0304
-44.7767
-44.975
-44.6975
-44.3207
-43.9984
-43.7548
-43.5793
-43.456
-43.3703
-43.3111
-43.2705
-43.2431
-43.2253
-43.2146
-43.2096
-44.4936
-44.3605
-44.2886
-44.1403
-43.9714
-43.818
-43.6935
-43.5984
-43.5283
-43.4776
-43.4416
-43.4166
-43.3999
-43.3897
-43.3849
-43.0573
-43.7026
-43.9331
-43.9741
-43.932
-43.8606
-43.7872
-43.7236
-43.6727
-43.6336
-43.6046
-43.5838
-43.5695
-43.5606
-43.5564
-42.4297
-43.3318
-43.7094
-43.8653
-43.9114
-43.9036
-43.8743
-43.8402
-43.8087
-43.7824
-43.7616
-43.746
-43.7349
-43.7279
-43.7245
-43.1623
-43.3244
-43.64
-43.8326
-43.9266
-43.961
-43.9647
-43.9551
-43.9411
-43.927
-43.9146
-43.9046
-43.8971
-43.8922
-43.8898
-41.8067
-43.2095
-43.6562
-43.8682
-43.9816
-44.0389
-44.0644
-44.0731
-44.0736
-44.0702
-44.0655
-44.0609
-44.0571
-44.0543
-44.0529
-44.5009
-43.7577
-43.8356
-43.9721
-44.0739
-44.1381
-44.1758
-44.1972
-44.2085
-44.214
-44.216
-44.2162
-44.2157
-44.2151
-44.2147
-42.6984
-43.7347
-43.9746
-44.0999
-44.1906
-44.2549
-44.2988
-44.3283
-44.3476
-44.3598
-44.3673
-44.3716
-44.3741
-44.3753
-44.3758
-45.192
-44.2637
-44.1934
-44.2517
-44.3239
-44.3851
-44.432
-44.4666
-44.4914
-44.5086
-44.5203
-44.528
-44.5327
-44.5355
-44.5367
-43.3256
-44.1959
-44.3233
-44.3935
-44.4633
-44.5246
-44.5738
-44.6118
-44.6403
-44.6611
-44.6757
-44.6858
-44.6924
-44.6963
-44.6981
-45.8278
-44.6431
-44.4933
-44.5354
-44.607
-44.6716
-44.7235
-44.7639
-44.7946
-44.8174
-44.834
-44.8456
-44.8534
-44.8581
-44.8603
-44.1908
-44.3705
-44.5303
-44.6566
-44.754
-44.8268
-44.8813
-44.9228
-44.9542
-44.9779
-44.9952
-45.0076
-45.016
-45.0212
-45.0237
-42.4344
-44.111
-44.5909
-44.7978
-44.9165
-44.9939
-45.0483
-45.0887
-45.1193
-45.1424
-45.1596
-45.172
-45.1805
-45.1858
-45.1883
-45.3184
-44.6815
-44.8414
-44.9999
-45.1061
-45.1762
-45.2252
-45.2616
-45.2894
-45.3107
-45.3268
-45.3385
-45.3467
-45.3518
-45.3543
-42.8509
-44.6977
-45.0931
-45.2381
-45.3191
-45.3724
-45.4109
-45.4406
-45.464
-45.4824
-45.4966
-45.5072
-45.5146
-45.5193
-45.5215
-47.3481
-45.7209
-45.5189
-45.5206
-45.5499
-45.5783
-45.6028
-45.624
-45.642
-45.6568
-45.6686
-45.6775
-45.6839
-45.688
-45.6899
-44.7388
-45.7536
-45.8035
-45.7838
-45.7797
-45.7862
-45.7972
-45.8097
-45.822
-45.833
-45.8421
-45.8492
-45.8544
-45.8577
-45.8593
-47.907
-46.4555
-46.1366
-46.0359
-46.0007
-45.9902
-45.9905
-45.9958
-46.003
-46.0102
-46.0166
-46.0218
-46.0257
-46.0282
-46.0294
-45.6114
-46.3699
-46.3185
-46.2423
-46.2031
-46.1861
-46.1805
-46.1807
-46.1838
-46.1878
-46.1916
-46.1949
-46.1974
-46.1991
-46.1999
-48.3015
-46.8459
-46.518
-46.4228
-46.3886
-46.3735
-46.3664
-46.3639
-46.3639
-46.3651
-46.3667
-46.3682
-46.3694
-46.3702
-46.3706
-46.5002
-46.5379
-46.556
-46.5609
-46.5594
-46.5545
-46.5492
-46.5453
-46.543
-46.5419
-46.5414
-46.5412
-46.5412
-46.5412
-46.5412
-44.6777
-46.2427
-46.6036
-46.7031
-46.7313
-46.7351
-46.7311
-46.7259
-46.7214
-46.7179
-46.7155
-46.7137
-46.7125
-46.7117
-46.7114
-47.5252
-46.7828
-46.8329
-46.8947
-46.9186
-46.9205
-46.914
-46.906
-46.8988
-46.8931
-46.8887
-46.8854
-46.8831
-46.8816
-46.8809
-45.1412
-46.7719
-47.0544
-47.1123
-47.1197
-47.111
-47.098
-47.0856
-47.0753
-47.0671
-47.0608
-47.0561
-47.0528
-47.0506
-47.0495
-49.2841
-47.6965
-47.4322
-47.3647
-47.3307
-47.304
-47.2818
-47.2639
-47.2501
-47.2395
-47.2314
-47.2254
-47.2212
-47.2184
-47.2171
-46.8799
-47.7012
-47.6737
-47.5936
-47.5351
-47.4933
-47.4625
-47.4396
-47.4226
-47.4098
-47.4002
-47.3931
-47.3881
-47.3849
-47.3833
-49.6363
-48.2946
-47.9519
-47.8073
-47.7267
-47.6744
-47.6377
-47.6114
-47.5921
-47.5777
-47.567
-47.559
-47.5534
-47.5498
-47.548
-47.6026
-48.1935
-48.0929
-47.9763
-47.8975
-47.8439
-47.8059
-47.7783
-47.758
-47.7428
-47.7314
-47.723
-47.7169
-47.713
-47.7111
-49.8491
-48.5718
-48.2452
-48.1188
-48.0495
-48.002
-47.9669
-47.9404
-47.9204
-47.9051
-47.8935
-47.8848
-47.8786
-47.8746
-47.8726
-48.301
-48.2893
-48.2587
-48.2215
-48.185
-48.1511
-48.1219
-48.0981
-48.0793
-48.0646
-48.0532
-48.0446
-48.0384
-48.0343
-48.0323
-46.7655
-48.0191
-48.277
-48.3237
-48.3174
-48.2963
-48.2731
-48.2525
-48.2353
-48.2215
-48.2107
-48.2023
-48.1962
-48.1923
-48.1903
-49.0908
-48.4396
-48.4423
-48.4625
-48.4588
-48.4423
-48.4227
-48.4045
-48.389
-48.3762
-48.366
-48.3581
-48.3523
-48.3485
-48.3466
-47.1456
-48.4052
-48.5956
-48.6177
-48.6079
-48.5901
-48.5715
-48.5548
-48.5406
-48.529
-48.5195
-48.5121
-48.5066
-48.503
-48.5012
-50.4301
-49.1127
-48.8659
-48.7949
-48.7613
-48.7378
-48.7189
-48.7033
-48.6905
-48.6799
-48.6713
-48.6644
-48.6593
-48.6559
-48.6542
-48.5332
-49.076
-49.0143
-48.946
-48.9067
-48.8819
-48.864
-48.8501
-48.8387
-48.8293
-48.8215
-48.8152
-48.8105
-48.8073
-48.8057
-50.6655
-49.4584
-49.1674
-49.0769
-49.0408
-49.0208
-49.0065
-48.9951
-48.9855
-48.9773
-48.9704
-48.9647
-48.9603
-48.9573
-48.9558
-49.2379
-49.2039
-49.1815
-49.1698
-49.1626
-49.1551
-49.147
-49.139
-49.1313
-49.1243
-49.1181
-49.1128
-49.1087
-49.1059
-49.1045
-47.8377
-48.9409
-49.1883
-49.2594
-49.2835
-49.2894
-49.2876
-49.2827
-49.2766
-49.2705
-49.2648
-49.2599
-49.256
-49.2533
-49.2519
-49.8352
-49.2716
-49.3176
-49.3817
-49.4158
-49.4287
-49.4304
-49.4272
-49.422
-49.4162
-49.4108
-49.4059
-49.4021
-49.3995
-49.3981
-48.0675
-49.1785
-49.4344
-49.5246
-49.562
-49.5752
-49.5767
-49.5731
-49.5676
-49.5616
-49.5559
-49.551
-49.5471
-49.5444
-49.543
-50.4187
-49.6785
-49.6666
-49.7039
-49.7242
-49.7293
-49.7265
-49.7204
-49.7135
-49.7066
-49.7004
-49.6951
-49.691
-49.6882
-49.6867
-48.4005
-49.6724
-49.8646
-49.8949
-49.8959
-49.8885
-49.8786
-49.8685
-49.8592
-49.8509
-49.8439
-49.8381
-49.8337
-49.8307
-49.8292
-51.7405
-50.4154
-50.1751
-50.1062
-50.0725
-50.0492
-50.0308
-50.0161
-50.0041
-49.9943
-49.9863
-49.9799
-49.9751
-49.9719
-49.9703
-49.7655
-50.4047
-50.3668
-50.2929
-50.2412
-50.2059
-50.1806
-50.1619
-50.1475
-50.1362
-50.1273
-50.1203
-50.1152
-50.1118
-50.1101
-51.9439
-50.8636
-50.5837
-50.464
-50.3976
-50.3552
-50.3259
-50.3047
-50.2887
-50.2763
-50.2667
-50.2593
-50.2538
-50.2502
-50.2484
-50.2811
-50.7663
-50.6894
-50.5981
-50.5366
-50.4951
-50.4656
-50.4439
-50.4273
-50.4144
-50.4043
-50.3966
-50.3909
-50.3872
-50.3853
-52.0837
-51.0589
-50.8054
-50.7113
-50.6608
-50.6262
-50.6
-50.5795
-50.5633
-50.5504
-50.5402
-50.5322
-50.5264
-50.5226
-50.5206
-50.8013
-50.8154
-50.8106
-50.7943
-50.7733
-50.7512
-50.7304
-50.7123
-50.697
-50.6844
-50.6742
-50.6662
-50.6603
-50.6564
-50.6544
-49.5116
-50.5845
-50.8241
-50.8803
-50.8859
-50.8749
-50.859
-50.8431
-50.8287
-50.8165
-50.8065
-50.7985
-50.7926
-50.7886
-50.7867
-51.4398
-50.932
-50.9649
-51.0015
-51.0095
-51.0016
-50.9877
-50.9728
-50.959
-50.9471
-50.9371
-50.9292
-50.9233
-50.9193
-50.9174
-49.7626
-50.9037
-51.1032
-51.1423
-51.1435
-51.1322
-51.117
-51.1018
-51.088
-51.0761
-51.0662
-51.0583
-51.0524
-51.0484
-51.0465
-52.6215
-51.5288
-51.3531
-51.3093
-51.2856
-51.2651
-51.2464
-51.2299
-51.2156
-51.2035
-51.1936
-51.1858
-51.1799
-51.176
-51.1741
-50.915
-51.517
-51.5113
-51.4624
-51.4248
-51.3966
-51.3744
-51.3564
-51.3416
-51.3294
-51.3195
-51.3117
-51.3059
-51.302
-51.3001
-52.8603
-51.9269
-51.6996
-51.6076
-51.5569
-51.5237
-51.4994
-51.4807
-51.4658
-51.4536
-51.4438
-51.4361
-51.4304
-51.4266
-51.4247
-51.3878
-51.8463
-51.794
-51.7239
-51.6765
-51.6442
-51.6207
-51.6025
-51.5879
-51.5761
-51.5665
-51.559
-51.5533
-51.5496
-51.5477
-53.0394
-52.1201
-51.9009
-51.8243
-51.7851
-51.7586
-51.7382
-51.7217
-51.7082
-51.6969
-51.6877
-51.6804
-51.6749
-51.6712
-51.6693
-51.8902
-51.9077
-51.9087
-51.8989
-51.8844
-51.8684
-51.853
-51.839
-51.8268
-51.8162
-51.8074
-51.8003
-51.795
-51.7913
-51.7895
-50.7306
-51.7064
-51.924
-51.9766
-51.9843
-51.9777
-51.9668
-51.9551
-51.9441
-51.9343
-51.9259
-51.919
-51.9137
-51.9101
-51.9083
-52.5053
-52.0313
-52.0541
-52.0852
-52.0938
-52.09
-52.081
-52.0707
-52.0606
-52.0513
-52.0431
-52.0364
-52.0311
-52.0276
-52.0257
-51.0001
-52.011
-52.1785
-52.2095
-52.2117
-52.2055
-52.1963
-52.1863
-52.1765
-52.1674
-52.1593
-52.1526
-52.1473
-52.1436
-52.1418
-53.5947
-52.5761
-52.3978
-52.3535
-52.3353
-52.3229
-52.312
-52.3017
-52.2919
-52.2827
-52.2746
-52.2676
-52.2622
-52.2584
-52.2565
-52.0972
-52.5577
-52.5239
-52.4795
-52.4545
-52.4392
-52.4274
-52.4168
-52.4068
-52.3974
-52.3888
-52.3815
-52.3758
-52.3718
-52.3697
-53.8503
-52.8823
-52.6576
-52.5918
-52.5667
-52.5529
-52.5419
-52.5315
-52.5212
-52.5113
-52.5022
-52.4943
-52.488
-52.4837
-52.4815
-52.7073
-52.6907
-52.6809
-52.6757
-52.671
-52.6645
-52.656
-52.646
-52.6353
-52.6246
-52.6146
-52.6059
-52.5989
-52.5941
-52.5916
-51.5765
-52.4942
-52.7011
-52.7593
-52.7762
-52.7774
-52.7711
-52.7611
-52.7495
-52.7375
-52.7261
-52.7162
-52.7082
-52.7027
-52.6999
-53.2622
-52.7912
-52.8247
-52.8714
-52.8923
-52.8954
-52.8889
-52.8774
-52.8638
-52.8498
-52.8366
-52.825
-52.8158
-52.8094
-52.8061
-51.8226
-52.7379
-52.9389
-53.0015
-53.0205
-53.0201
-53.01
-52.9951
-52.9784
-52.9615
-52.9458
-52.9322
-52.9214
-52.9139
-52.9101
-53.8194
-53.1804
-53.1494
-53.1619
-53.1621
-53.1514
-53.1343
-53.1142
-53.093
-53.0724
-53.0536
-53.0374
-53.0246
-53.0158
-53.0113
-52.189
-53.2008
-53.3295
-53.3307
-53.3113
-53.2871
-53.2609
-53.2339
-53.2073
-53.1821
-53.1595
-53.1402
-53.1251
-53.1147
-53.1094
-54.9695
-53.8344
-53.5981
-53.5138
-53.4639
-53.4241
-53.3879
-53.3534
-53.3205
-53.2901
-53.2629
-53.2401
-53.2222
-53.21
-53.2038
-53.4252
-53.8439
-53.7611
-53.673
-53.6093
-53.5587
-53.5137
-53.4716
-53.432
-53.3957
-53.3635
-53.3365
-53.3154
-53.3011
-53.2938
-55.2241
-54.2017
-53.9278
-53.8153
-53.7458
-53.6894
-53.6376
-53.5881
-53.5413
-53.4984
-53.4604
-53.4287
-53.404
-53.3872
-53.3787
-54.0991
-54.0398
-53.9822
-53.9278
-53.8732
-53.817
-53.7597
-53.7027
-53.648
-53.5975
-53.553
-53.5159
-53.4872
-53.4677
-53.4578
-53.015
-53.8768
-54.0345
-54.0404
-54.0017
-53.9454
-53.8816
-53.8157
-53.7517
-53.6926
-53.6406
-53.5973
-53.564
-53.5414
-53.5299
-54.6929
-54.2028
-54.192
-54.184
-54.1426
-54.0792
-54.0049
-53.9273
-53.852
-53.7827
-53.722
-53.6718
-53.6333
-53.6073
-53.5942
-53.3503
-54.196
-54.3476
-54.3508
-54.2989
-54.2206
-54.1303
-54.0374
-53.9482
-53.8668
-53.7962
-53.7383
-53.6941
-53.6643
-53.6493
-55.2869
-54.6714
-54.6062
-54.5557
-54.4737
-54.3703
-54.2576
-54.145
-54.0388
-53.9435
-53.8617
-53.7952
-53.7448
-53.711
-53.6941
-53.7835
-54.7649
-54.8545
-54.7826
-54.6637
-54.5266
-54.3849
-54.2479
-54.1219
-54.0107
-53.9166
-53.8409
-53.784
-53.7461
-53.7272
-56.5447
-55.4777
-55.2148
-55.042
-54.8666
-54.6861
-54.5089
-54.3433
-54.1946
-54.066
-53.9589
-53.8736
-53.8101
-53.768
-53.7471
-55.0996
-55.6324
-55.5126
-55.3031
-55.0735
-54.8432
-54.6249
-54.4269
-54.2535
-54.1065
-53.986
-53.8913
-53.8214
-53.7753
-53.7525
-57.3253
-56.2405
-55.8725
-55.5783
-55.2811
-54.9922
-54.7269
-54.4932
-54.294
-54.1286
-53.9952
-53.8918
-53.8161
-53.7666
-53.7421
-56.2619
-56.3509
-56.181
-55.8556
-55.4832
-55.1249
-54.8067
-54.5357
-54.3109
-54.1284
-53.9838
-53.873
-53.7927
-53.7405
-53.7148
-55.1358
-56.6413
-56.5975
-56.1657
-55.6757
-55.2301
-54.8539
-54.5461
-54.2985
-54.102
-53.949
-53.8331
-53.7499
-53.6961
-53.6697
-59.0068
-58.0077
-57.2833
-56.5162
-55.8377
-55.2871
-54.8535
-54.5147
-54.2506
-54.0456
-53.8883
-53.7706
-53.6867
-53.6327
-53.6063
-57.5271
-59.1835
-57.9989
-56.805
-55.9111
-55.2631
-54.7873
-54.4314
-54.1616
-53.956
-53.8002
-53.6846
-53.6028
-53.5503
-53.5247
-70.694
-62.3323
-58.721
-56.8857
-55.8138
-55.1197
-54.6379
-54.2884
-54.028
-53.8319
-53.6843
-53.5754
-53.4985
-53.4493
-53.4253
-73.8686
-62.1825
-58.2096
-56.4365
-55.4542
-54.8289
-54.3968
-54.0834
-53.85
-53.674
-53.5417
-53.444
-53.375
-53.3309
-53.3094
-41.3187
-41.3174
-41.3153
-41.3135
-41.3139
-41.3194
-41.3345
-41.3659
-41.4234
-41.5215
-41.6791
-41.9135
-42.1937
-42.1347
-39.3535
-41.0657
-41.0616
-41.0535
-41.0422
-41.0286
-41.0142
-41.0006
-40.9899
-40.9837
-40.9804
-40.9674
-40.9027
-40.6663
-39.9369
-38.0832
-40.8163
-40.809
-40.7944
-40.7726
-40.7437
-40.7075
-40.6634
-40.6095
-40.5413
-40.448
-40.3054
-40.0637
-39.6315
-38.8619
-37.6335
-40.5737
-40.5631
-40.5419
-40.5096
-40.4654
-40.4082
-40.3355
-40.2433
-40.1239
-39.9642
-39.7408
-39.4153
-38.9351
-38.2449
-37.3389
-40.341
-40.3274
-40.2998
-40.2577
-40.1997
-40.1239
-40.027
-39.9039
-39.7468
-39.5437
-39.2764
-38.9202
-38.4482
-37.8429
-37.1185
-40.1213
-40.1049
-40.0718
-40.0211
-39.9513
-39.86
-39.744
-39.5983
-39.4159
-39.1873
-38.9
-38.5397
-38.0939
-37.5594
-36.9508
-39.9174
-39.8987
-39.8609
-39.803
-39.7236
-39.6204
-39.4903
-39.3291
-39.1311
-38.8895
-38.5965
-38.2443
-37.828
-37.3497
-36.8213
-39.7316
-39.711
-39.6694
-39.6059
-39.5191
-39.4071
-39.2672
-39.096
-38.8894
-38.6429
-38.3518
-38.0125
-37.6238
-37.1896
-36.7193
-39.566
-39.5439
-39.4993
-39.4315
-39.3393
-39.221
-39.0747
-38.8977
-38.6873
-38.4406
-38.1551
-37.8296
-37.4649
-37.065
-36.6377
-39.4219
-39.3986
-39.3519
-39.281
-39.1849
-39.0625
-38.9122
-38.7323
-38.5209
-38.2764
-37.9979
-37.6853
-37.3405
-36.9674
-36.5721
-39.3004
-39.2764
-39.2281
-39.155
-39.0564
-38.9314
-38.7789
-38.5978
-38.387
-38.1458
-37.8741
-37.5728
-37.244
-36.8913
-36.5199
-39.2025
-39.1779
-39.1286
-39.0541
-38.9538
-38.8273
-38.6737
-38.4924
-38.2829
-38.0451
-37.7795
-37.4873
-37.1709
-36.8335
-36.4795
-39.1287
-39.1037
-39.0537
-38.9783
-38.8771
-38.7497
-38.5956
-38.4146
-38.2065
-37.9717
-37.7109
-37.4256
-37.1181
-36.7916
-36.4499
-39.0793
-39.0541
-39.0037
-38.9277
-38.826
-38.6982
-38.544
-38.3634
-38.1564
-37.9237
-37.6662
-37.3854
-37.0838
-36.7643
-36.4305
-39.0545
-39.0293
-38.9786
-38.9024
-38.8005
-38.6725
-38.5183
-38.3379
-38.1316
-37.9
-37.6441
-37.3657
-37.0669
-36.7509
-36.4208
-31.6124
-36.8621
-37.0675
-33.1138
-29.3498
-19.4443
-29.9792
-34.396
-40.2109
-40.5743
-36.0666
-33.691
-29.7848
-26.2695
-17.3916
-26.6448
-30.4153
-35.1879
-35.1407
-30.2339
-26.3577
-16.9444
-25.2292
-28.3837
-31.6648
-33.7117
-37.7358
-37.2727
-31.6488
-27.4266
-17.5077
-25.9184
-29.0979
-32.3678
-34.4273
-38.5078
-38.041
-32.3396
-28.0664
-18.0092
-26.7786
-30.1988
-33.9312
-36.3856
-41.3646
-41.3924
-36.5205
-34.018
-30.0165
-26.4814
-17.6025
-27.0184
-30.9225
-35.9697
-36.0432
-31.2388
-27.3842
-17.8498
-26.8271
-30.4053
-34.4192
-36.9755
-41.9942
-41.8008
-36.0485
-31.5471
-20.5528
-30.9835
-35.1847
-39.9837
-43.0441
-49.0471
-48.8903
-42.2649
-37.0197
-24.1124
-36.5261
-41.5256
-47.2444
-50.8312
-57.801
-57.5002
-49.4389
-43.1002
-27.7028
-41.8071
-46.9847
-52.0417
-51.2548
-42.6725
-35.6411
-35.7176
-35.0595
-33.185
-31.0097
-28.8987
-31.2674
-33.6944
-35.8325
-36.0873
-34.5399
-32.6878
-30.3998
-28.139
-26.0657
-28.0064
-29.9797
-31.6241
-31.5396
-29.7147
-27.5433
-25.3481
-27.0534
-28.9471
-30.8329
-32.3491
-33.5961
-33.1772
-30.9931
-28.5484
-26.1284
-27.7761
-29.6515
-31.5316
-33.057
-34.3248
-33.9145
-31.7261
-29.2923
-26.9175
-28.7487
-30.8575
-33.0532
-34.9406
-36.6756
-36.685
-34.9617
-33.0253
-30.7083
-28.47
-26.4634
-28.5324
-30.6617
-32.4965
-32.5794
-30.9122
-28.8946
-26.8926
-28.9971
-31.3294
-33.7335
-35.7576
-37.5465
-37.4658
-35.4453
-33.0927
-30.8063
-33.2951
-36.0676
-38.9494
-41.3902
-43.5651
-43.5394
-41.2379
-38.5232
-35.8751
-38.8546
-42.1409
-45.5298
-48.3487
-50.7968
-50.5995
-47.6479
-44.1568
-40.6264
-43.4812
-46.333
-48.6047
-49.054
-48.2963
-36.3508
-35.6306
-34.8026
-33.6887
-32.5766
-31.9017
-32.4712
-33.4083
-34.1656
-34.1949
-33.4517
-32.3117
-30.9752
-29.7381
-28.9593
-29.3206
-30.0174
-30.5499
-30.4442
-29.6942
-28.7627
-28.1348
-28.6063
-29.5217
-30.533
-31.374
-31.8553
-31.6232
-30.7128
-29.6344
-28.8916
-29.3058
-30.1983
-31.2063
-32.0576
-32.5582
-32.3487
-31.4661
-30.4333
-29.7694
-30.3194
-31.3914
-32.6192
-33.7153
-34.4719
-34.4728
-33.7102
-32.5809
-31.287
-30.1255
-29.4555
-29.9598
-30.8252
-31.5463
-31.6362
-31.0906
-30.3829
-30.0224
-30.8396
-32.1503
-33.5956
-34.8788
-35.7915
-35.9247
-35.3204
-34.5434
-34.1839
-35.1985
-36.7933
-38.5507
-40.1192
-41.2526
-41.466
-40.8064
-39.931
-39.5342
-40.7417
-42.6087
-44.6365
-46.4003
-47.6023
-47.6654
-46.634
-45.2701
-44.3554
-45.1601
-46.5168
-47.7923
-48.5914
-49.1799
-36.4361
-35.6981
-34.9568
-34.1894
-33.5133
-33.1127
-33.1453
-33.3806
-33.5465
-33.4145
-32.9346
-32.2184
-31.4072
-30.6767
-30.2111
-30.1515
-30.2915
-30.3941
-30.2765
-29.9347
-29.5449
-29.3381
-29.5199
-29.9581
-30.478
-30.9168
-31.1416
-31.0461
-30.6742
-30.2373
-29.9885
-30.1467
-30.5789
-31.1065
-31.5634
-31.8145
-31.7522
-31.4227
-31.043
-30.8733
-31.1385
-31.7012
-32.3751
-32.9793
-33.3565
-33.3605
-32.9871
-32.3739
-31.6752
-31.0737
-30.7569
-30.8673
-31.1967
-31.5056
-31.6082
-31.5027
-31.3717
-31.4566
-31.9716
-32.7779
-33.6912
-34.5339
-35.1591
-35.4462
-35.4448
-35.3932
-35.583
-36.2668
-37.2851
-38.4241
-39.4753
-40.2653
-40.65
-40.686
-40.6501
-40.8832
-41.6793
-42.8454
-44.1235
-45.2613
-46.0481
-46.3078
-46.0989
-45.7371
-45.6085
-46.0443
-46.8175
-47.6661
-48.4319
-49.1639
-36.4061
-35.7697
-35.1482
-34.5578
-34.0526
-33.6995
-33.5268
-33.4525
-33.3557
-33.1348
-32.7571
-32.2613
-31.7225
-31.2333
-30.878
-30.6945
-30.619
-30.5553
-30.4311
-30.2442
-30.0631
-29.9817
-30.0642
-30.2764
-30.5397
-30.7676
-30.889
-30.8667
-30.7291
-30.5695
-30.4991
-30.5933
-30.8223
-31.1086
-31.3656
-31.522
-31.5407
-31.4517
-31.3507
-31.3513
-31.5293
-31.8512
-32.2315
-32.5707
-32.7787
-32.7922
-32.6094
-32.2904
-31.9241
-31.612
-31.4437
-31.46
-31.5982
-31.7623
-31.8803
-31.9521
-32.0499
-32.2719
-32.6847
-33.2518
-33.889
-34.5025
-35.0144
-35.3833
-35.6419
-35.8957
-36.2715
-36.8537
-37.6035
-38.4247
-39.2079
-39.8618
-40.3367
-40.6695
-40.9823
-41.4219
-42.0846
-42.921
-43.8132
-44.628
-45.2531
-45.6255
-45.7842
-45.8687
-46.0492
-46.4429
-47.0103
-47.6595
-48.3212
-48.9845
-36.359
-35.8191
-35.2943
-34.8033
-34.3726
-34.0262
-33.766
-33.5564
-33.3434
-33.0803
-32.7495
-32.3657
-31.9661
-31.5969
-31.2971
-31.0815
-30.9293
-30.8034
-30.6757
-30.545
-30.4375
-30.3892
-30.4214
-30.5212
-30.6523
-30.7715
-30.8434
-30.8532
-30.8158
-30.773
-30.7728
-30.8455
-30.9834
-31.153
-31.3126
-31.4279
-31.4844
-31.4983
-31.512
-31.5739
-31.7129
-31.9175
-32.1475
-32.3512
-32.4811
-32.5069
-32.4283
-32.275
-32.0953
-31.9437
-31.8648
-31.8774
-31.9627
-32.0857
-32.2193
-32.3645
-32.5496
-32.8127
-33.1759
-33.6251
-34.1214
-34.6178
-35.0759
-35.4795
-35.8462
-36.2228
-36.6631
-37.1995
-37.8196
-38.4801
-39.1272
-39.7164
-40.2282
-40.6823
-41.1322
-41.6396
-42.2401
-42.9164
-43.6146
-44.2683
-44.8222
-45.2512
-45.5767
-45.8621
-46.1833
-46.5914
-47.0855
-47.6351
-48.2086
-48.7875
-36.3127
-35.8466
-35.3915
-34.9616
-34.5708
-34.2283
-33.932
-33.6651
-33.4026
-33.1231
-32.8177
-32.4926
-32.1658
-31.8601
-31.5946
-31.377
-31.2013
-31.0541
-30.9245
-30.8121
-30.7265
-30.6806
-30.681
-30.7206
-30.7819
-30.8432
-30.8874
-30.9074
-30.9104
-30.9149
-30.9418
-31.0038
-31.0987
-31.2118
-31.3237
-31.4183
-31.4896
-31.5452
-31.6039
-31.6858
-31.8022
-31.9473
-32.1015
-32.2383
-32.3334
-32.3722
-32.355
-32.2977
-32.2265
-32.1707
-32.1547
-32.19
-32.2735
-32.3938
-32.5421
-32.7194
-32.9372
-33.2096
-33.5433
-33.9311
-34.3539
-34.7884
-35.216
-35.6293
-36.0366
-36.4582
-36.9168
-37.4252
-37.9779
-38.5549
-39.1303
-39.6826
-40.2032
-40.7012
-41.1995
-41.7236
-42.2867
-42.8807
-43.4801
-44.0526
-44.5715
-45.026
-45.4272
-45.8043
-46.1924
-46.6162
-47.081
-47.5767
-48.0883
-48.6017
-36.2701
-35.8576
-35.4521
-35.0632
-34.6989
-34.3636
-34.0556
-33.7668
-33.486
-33.2031
-32.9139
-32.6215
-32.3348
-32.0653
-31.8227
-31.612
-31.4322
-31.2789
-31.1484
-31.0403
-30.9579
-30.9055
-30.8839
-30.8889
-30.9111
-30.9397
-30.9659
-30.986
-31.0029
-31.0245
-31.06
-31.1147
-31.1877
-31.2724
-31.3598
-31.4424
-31.5173
-31.588
-31.6622
-31.7483
-31.8502
-31.9643
-32.0805
-32.1856
-32.2672
-32.3183
-32.3398
-32.3406
-32.3355
-32.3408
-32.3708
-32.4337
-32.5315
-32.6619
-32.8232
-33.0165
-33.2465
-33.5183
-33.8333
-34.187
-34.5696
-34.9694
-35.3769
-35.7882
-36.2066
-36.6405
-37.0991
-37.5872
-38.1015
-38.6323
-39.1669
-39.6947
-40.2112
-40.7198
-41.23
-41.7516
-42.289
-42.8376
-43.3846
-43.9143
-44.4137
-44.878
-45.3125
-45.731
-46.1501
-46.5823
-47.0319
-47.4957
-47.9657
-48.4328
-36.2316
-35.8581
-35.4883
-35.1289
-34.7849
-34.4591
-34.1509
-33.8568
-33.5719
-33.2916
-33.0144
-32.7419
-32.4789
-32.2313
-32.0047
-31.8022
-31.6246
-31.4708
-31.3397
-31.2313
-31.1462
-31.0855
-31.0485
-31.0321
-31.0311
-31.0397
-31.0531
-31.069
-31.0884
-31.1143
-31.1506
-31.1993
-31.2598
-31.3291
-31.4029
-31.4774
-31.5513
-31.6257
-31.7037
-31.7883
-31.8806
-31.9783
-32.076
-32.1669
-32.245
-32.3072
-32.3545
-32.3925
-32.4296
-32.4757
-32.5396
-32.6275
-32.7426
-32.8861
-33.0585
-33.2611
-33.496
-33.765
-34.0679
-34.4017
-34.761
-35.1397
-35.5326
-35.9373
-36.3546
-36.7876
-37.2395
-37.7116
-38.2017
-38.7046
-39.2137
-39.7234
-40.2308
-40.7367
-41.2443
-41.757
-42.2756
-42.797
-43.3144
-43.8198
-44.3069
-44.7731
-45.221
-45.657
-46.0891
-46.5236
-46.9629
-47.4057
-47.8476
-48.2827
-36.1977
-35.8528
-35.5092
-35.1718
-34.8443
-34.5287
-34.2254
-33.9334
-33.6506
-33.3755
-33.1076
-32.8483
-32.6003
-32.3669
-32.1515
-31.9562
-31.7823
-31.6297
-31.4984
-31.3882
-31.2992
-31.2312
-31.1832
-31.1529
-31.1372
-31.1326
-31.1364
-31.147
-31.1643
-31.1892
-31.2232
-31.2667
-31.3194
-31.3795
-31.4449
-31.5136
-31.5847
-31.6584
-31.7356
-31.8173
-31.9035
-31.9924
-32.0813
-32.1668
-32.246
-32.3177
-32.3831
-32.4458
-32.5111
-32.5853
-32.6742
-32.7824
-32.9133
-33.0689
-33.2505
-33.4594
-33.6968
-33.9633
-34.2583
-34.5798
-34.9249
-35.2898
-35.6717
-36.0687
-36.4805
-36.9077
-37.3511
-37.8104
-38.2839
-38.7684
-39.2601
-39.7556
-40.2528
-40.7513
-41.2516
-41.7542
-42.2586
-42.7623
-43.2616
-43.7521
-44.2304
-44.695
-45.1469
-45.589
-46.0251
-46.458
-46.889
-47.3172
-47.7397
-48.1526
-36.1688
-35.8449
-35.5208
-35.2002
-34.8859
-34.58
-34.2833
-33.9961
-33.7179
-33.4485
-33.1882
-32.9382
-32.7002
-32.4764
-32.2689
-32.0794
-31.9088
-31.7577
-31.6262
-31.5143
-31.4218
-31.3481
-31.2922
-31.2525
-31.227
-31.2134
-31.2099
-31.2154
-31.2291
-31.2512
-31.2819
-31.3211
-31.3683
-31.4224
-31.4821
-31.5464
-31.6145
-31.6861
-31.7613
-31.8402
-31.9224
-32.0068
-32.0919
-32.176
-32.258
-32.3375
-32.4158
-32.4955
-32.5802
-32.674
-32.7811
-32.9051
-33.0488
-33.2144
-33.4035
-33.6171
-33.8562
-34.1209
-34.4108
-34.7246
-35.0603
-35.4159
-35.7893
-36.1791
-36.5844
-37.0049
-37.4401
-37.8892
-38.3506
-38.8221
-39.3012
-39.7856
-40.2735
-40.7638
-41.256
-41.7493
-42.2428
-42.7344
-43.2218
-43.7023
-44.1739
-44.6354
-45.0871
-45.53
-45.9658
-46.3956
-46.8196
-47.237
-47.6458
-48.0432
-36.1454
-35.8367
-35.5268
-35.2188
-34.9151
-34.6175
-34.3273
-34.0453
-33.772
-33.5079
-33.2536
-33.0103
-32.7792
-32.562
-32.3601
-32.1749
-32.007
-31.8572
-31.7257
-31.6123
-31.517
-31.4391
-31.3777
-31.3316
-31.2994
-31.2795
-31.2706
-31.2716
-31.2818
-31.3008
-31.3283
-31.364
-31.4071
-31.4571
-31.5129
-31.5739
-31.6392
-31.7086
-31.7818
-31.8585
-31.9383
-32.0204
-32.1041
-32.1886
-32.2736
-32.3593
-32.4469
-32.5384
-32.6363
-32.7439
-32.864
-32.9996
-33.1532
-33.3266
-33.5213
-33.7386
-33.9789
-34.2426
-34.5292
-34.838
-35.1677
-35.5167
-35.8838
-36.2675
-36.6669
-37.0812
-37.5095
-37.9506
-38.4031
-38.8653
-39.3352
-39.8109
-40.2909
-40.774
-41.2589
-41.7446
-42.2298
-42.713
-43.1922
-43.6657
-44.132
-44.5903
-45.0401
-45.4817
-45.9155
-46.3417
-46.76
-47.1695
-47.5686
-47.9552
-36.1276
-35.8295
-35.5298
-35.2308
-34.9348
-34.6437
-34.359
-34.0816
-33.8126
-33.5527
-33.3029
-33.0643
-32.838
-32.6252
-32.4272
-32.2449
-32.079
-31.9302
-31.7986
-31.6842
-31.5869
-31.506
-31.4409
-31.3906
-31.3539
-31.3297
-31.3168
-31.3145
-31.3217
-31.3381
-31.363
-31.396
-31.4363
-31.4834
-31.5365
-31.595
-31.6583
-31.7259
-31.7974
-31.8726
-31.9509
-32.0319
-32.1153
-32.2008
-32.2884
-32.3787
-32.4727
-32.5721
-32.679
-32.7958
-32.9249
-33.0687
-33.2292
-33.4083
-33.6072
-33.827
-34.0684
-34.3315
-34.6161
-34.9217
-35.2474
-35.592
-35.9545
-36.3336
-36.7284
-37.1378
-37.5607
-37.996
-38.4421
-38.8977
-39.361
-39.8304
-40.3044
-40.7817
-41.261
-41.7409
-42.2202
-42.6975
-43.1711
-43.6398
-44.1022
-44.5575
-45.0052
-45.4449
-45.8764
-46.2994
-46.7134
-47.1173
-47.5097
-47.8889
-36.1157
-35.8244
-35.531
-35.2379
-34.9472
-34.6605
-34.3795
-34.1055
-33.8395
-33.5826
-33.3358
-33.1002
-32.8769
-32.6669
-32.4713
-32.2908
-32.1262
-31.978
-31.8464
-31.7314
-31.6328
-31.5501
-31.4827
-31.4297
-31.3903
-31.3633
-31.348
-31.3433
-31.3486
-31.3631
-31.3862
-31.4173
-31.4558
-31.501
-31.5524
-31.6093
-31.6712
-31.7375
-31.808
-31.8822
-31.9597
-32.0403
-32.1238
-32.2101
-32.2996
-32.3928
-32.4909
-32.5953
-32.7077
-32.8303
-32.965
-33.114
-33.279
-33.4616
-33.6633
-33.8848
-34.1269
-34.3897
-34.6732
-34.9769
-35.3001
-35.642
-36.0015
-36.3776
-36.7692
-37.1752
-37.5946
-38.0259
-38.468
-38.9193
-39.3783
-39.8436
-40.3136
-40.787
-41.2624
-41.7385
-42.214
-42.6874
-43.1576
-43.6231
-44.0829
-44.5361
-44.9821
-45.4201
-45.8498
-46.2705
-46.6815
-47.0818
-47.47
-47.8447
-36.1096
-35.8217
-35.5315
-35.2413
-34.9531
-34.6687
-34.3896
-34.1173
-33.8529
-33.5975
-33.3523
-33.1182
-32.8963
-32.6876
-32.4931
-32.3136
-32.1496
-32.0017
-31.8701
-31.7548
-31.6556
-31.572
-31.5034
-31.4492
-31.4084
-31.3802
-31.3636
-31.3578
-31.362
-31.3756
-31.3977
-31.4279
-31.4655
-31.5099
-31.5604
-31.6165
-31.6777
-31.7434
-31.8133
-31.887
-31.9642
-32.0447
-32.1283
-32.2151
-32.3056
-32.4003
-32.5003
-32.6071
-32.7222
-32.8475
-32.9849
-33.1364
-33.3035
-33.488
-33.691
-33.9134
-34.1558
-34.4185
-34.7015
-35.0043
-35.3264
-35.6669
-36.0249
-36.3995
-36.7895
-37.1939
-37.6114
-38.0408
-38.4809
-38.9301
-39.387
-39.8502
-40.3182
-40.7896
-41.2631
-41.7373
-42.2109
-42.6825
-43.1509
-43.6149
-44.0734
-44.5256
-44.9705
-45.4077
-45.8363
-46.2559
-46.6654
-47.0639
-47.4501
-47.8226
-52.5293
-56.1258
-55.9669
-55.3386
-54.7862
-54.3616
-54.0408
-53.7969
-53.6102
-53.4672
-53.3584
-53.2776
-53.2202
-53.1835
-53.1655
-51.1014
-53.2741
-53.9897
-54.0651
-53.9297
-53.7481
-53.5755
-53.4272
-53.3052
-53.2074
-53.1307
-53.0727
-53.0309
-53.004
-52.9908
-50.542
-51.8796
-52.653
-53.0027
-53.1195
-53.1258
-53.0861
-53.0314
-52.9761
-52.9264
-52.8846
-52.8515
-52.827
-52.8109
-52.8029
-50.1013
-51.0497
-51.7402
-52.1733
-52.42
-52.5497
-52.6117
-52.6363
-52.6416
-52.6376
-52.63
-52.6218
-52.6148
-52.6098
-52.6072
-49.7274
-50.4777
-51.085
-51.5305
-51.8375
-52.0415
-52.1746
-52.2608
-52.3165
-52.3526
-52.376
-52.3912
-52.4008
-52.4064
-52.409
-49.414
-50.0488
-50.5918
-51.0263
-51.3581
-51.6045
-51.7847
-51.9158
-52.0111
-52.0804
-52.1305
-52.1663
-52.1908
-52.2061
-52.2135
-49.1514
-49.712
-50.2073
-50.6248
-50.9643
-51.2336
-51.444
-51.6068
-51.7319
-51.8275
-51.8996
-51.9527
-51.9901
-52.014
-52.0256
-48.9304
-49.4406
-49.9007
-50.3016
-50.6409
-50.922
-51.151
-51.3355
-51.4824
-51.5982
-51.6877
-51.7551
-51.8032
-51.8342
-51.8494
-48.7444
-49.2195
-49.6537
-50.04
-50.376
-50.6625
-50.9029
-51.1019
-51.2644
-51.3952
-51.4982
-51.5768
-51.6336
-51.6704
-51.6886
-48.5892
-49.0395
-49.4545
-49.8291
-50.1607
-50.4492
-50.6963
-50.9049
-51.0783
-51.2201
-51.3332
-51.4205
-51.4841
-51.5255
-51.546
-48.4623
-48.8951
-49.2961
-49.6614
-49.9887
-50.2775
-50.5284
-50.7432
-50.9241
-51.0737
-51.1943
-51.288
-51.3568
-51.4018
-51.4241
-48.3621
-48.7826
-49.1735
-49.5318
-49.8555
-50.1438
-50.3967
-50.6155
-50.8014
-50.9565
-51.0823
-51.1808
-51.2533
-51.301
-51.3246
-48.2877
-48.6998
-49.0838
-49.4371
-49.758
-50.0455
-50.2996
-50.5207
-50.7099
-50.8685
-50.998
-51.0997
-51.1748
-51.2243
-51.2489
-48.2384
-48.6453
-49.0249
-49.375
-49.694
-49.9809
-50.2355
-50.4579
-50.6491
-50.8099
-50.9416
-51.0453
-51.1221
-51.1727
-51.1979
-48.2138
-48.6182
-48.9957
-49.3443
-49.6624
-49.9489
-50.2037
-50.4267
-50.6188
-50.7806
-50.9134
-51.018
-51.0956
-51.1468
-51.1723
)
;

boundaryField
{
    hot
    {
        type            calculated;
        value           nonuniform List<scalar> 
120
(
-48.3088
-48.3303
-48.3734
-48.4377
-48.5229
-48.6286
-48.7539
-48.8977
-49.0585
-49.2342
-49.4223
-49.6194
-49.822
-50.026
-50.2271
-50.4052
-50.56
-50.7058
-50.8412
-50.965
-51.0766
-51.1756
-51.262
-51.336
-51.3979
-51.4483
-51.4878
-51.517
-51.5365
-51.547
-51.549
-51.543
-51.5298
-51.5096
-51.483
-51.4504
-51.4122
-51.3687
-51.3202
-51.2671
-51.2096
-51.1479
-51.0823
-51.0129
-50.94
-50.8636
-50.7839
-50.7011
-50.6151
-50.5261
-50.4341
-50.3391
-50.2412
-50.1404
-50.0367
-49.93
-49.8204
-49.7078
-49.5921
-49.4733
-49.3515
-49.2264
-49.0981
-48.9666
-48.8317
-48.6934
-48.5517
-48.4065
-48.2578
-48.1057
-47.9501
-47.7911
-47.6286
-47.4629
-47.2938
-47.1216
-46.9465
-46.7684
-46.5877
-46.4046
-46.2194
-46.0322
-45.8433
-45.6531
-45.4619
-45.2699
-45.0775
-44.885
-44.6925
-44.5003
-44.3086
-44.1173
-43.9265
-43.7358
-43.5452
-43.3543
-43.1625
-42.9695
-42.7746
-42.5775
-42.3777
-42.1749
-41.9693
-41.7612
-41.5511
-41.3191
-41.0668
-40.8182
-40.5763
-40.3443
-40.1253
-39.922
-39.7368
-39.5715
-39.4276
-39.3064
-39.2087
-39.1349
-39.0856
-39.0608
)
;
    }
    cold
    {
        type            calculated;
        value           nonuniform List<scalar> 
120
(
-40.3931
-40.4159
-40.4615
-40.5296
-40.6197
-40.7315
-40.864
-41.0161
-41.1863
-41.3727
-41.5729
-41.7843
-42.0037
-42.2281
-42.4543
-42.6608
-42.8465
-43.0292
-43.2084
-43.3837
-43.5553
-43.7236
-43.8892
-44.0526
-44.2146
-44.3759
-44.537
-44.6986
-44.8609
-45.0243
-45.1889
-45.3549
-45.5221
-45.6904
-45.8597
-46.0297
-46.2001
-46.3707
-46.5412
-46.7113
-46.8807
-47.0493
-47.2167
-47.3829
-47.5476
-47.7107
-47.8721
-48.0318
-48.1898
-48.3461
-48.5007
-48.6538
-48.8053
-48.9554
-49.1041
-49.2516
-49.3978
-49.5427
-49.6864
-49.8288
-49.9699
-50.1097
-50.248
-50.3848
-50.5202
-50.654
-50.7862
-50.9169
-51.046
-51.1736
-51.2996
-51.4242
-51.5473
-51.6689
-51.7891
-51.9079
-52.0253
-52.1413
-52.256
-52.3692
-52.4809
-52.5909
-52.6991
-52.8053
-52.9091
-53.0102
-53.1081
-53.2022
-53.2919
-53.3766
-53.4553
-53.5271
-53.5909
-53.6456
-53.6899
-53.7224
-53.7419
-53.7468
-53.736
-53.7084
-53.6632
-53.5998
-53.5183
-53.4194
-53.3041
-53.1611
-52.9875
-52.8009
-52.6065
-52.4096
-52.2153
-52.0285
-51.8532
-51.6931
-51.5511
-51.4296
-51.3305
-51.255
-51.2042
-51.1786
)
;
    }
    interface_left
    {
        type            calculated;
        value           nonuniform List<scalar> 
90
(
-73.8604
-66.0512
-53.6536
-53.9921
-53.3577
-53.0572
-52.5923
-53.21
-52.6698
-53.2476
-52.9906
-52.8703
-52.9957
-52.424
-52.7209
-53.1766
-52.274
-53.2117
-51.5172
-52.653
-51.196
-52.0807
-53.0292
-51.503
-52.9801
-51.0722
-52.9574
-50.0522
-51.9756
-49.8538
-51.204
-52.5626
-50.5007
-52.4828
-50.0353
-52.4698
-48.8159
-51.2511
-48.638
-50.3291
-52.0198
-49.4978
-51.9492
-48.95
-51.9623
-47.4536
-50.4758
-47.2355
-49.3456
-51.4658
-48.3091
-51.4041
-47.6034
-51.4352
-45.6661
-49.5291
-45.3525
-48.0542
-50.7724
-46.681
-50.6495
-45.7245
-50.612
-43.2154
-48.093
-42.8119
-46.1615
-49.4796
-44.3899
-49.1238
-43.1995
-48.8287
-40.3604
-45.7515
-40.0689
-43.5616
-46.8382
-41.7346
-46.0151
-40.7907
-45.2451
-39.0894
-42.6581
-40.0528
-41.7962
-42.7481
-43.2189
-43.0153
-55.2151
-61.9796
)
;
    }
    interface_right
    {
        type            calculated;
        value           nonuniform List<scalar> 
90
(
-63.7497
-57.4889
-43.6088
-44.4964
-44.6175
-42.5925
-41.7908
-43.1895
-40.713
-45.2471
-41.8293
-46.0297
-42.5487
-46.8568
-44.1002
-41.1037
-46.0212
-41.3041
-48.7856
-43.7878
-49.1141
-44.8507
-49.5003
-46.4763
-43.3971
-48.2754
-43.7449
-50.6555
-46.0768
-50.7304
-46.9805
-50.8841
-48.3007
-45.726
-49.7275
-46.0526
-51.5512
-47.9723
-51.6481
-49.2573
-46.9289
-50.4045
-47.1491
-51.1246
-47.294
-52.8737
-49.1314
-52.8227
-49.7734
-52.9184
-50.789
-48.631
-51.9535
-48.7871
-53.5689
-50.3344
-53.6272
-50.9185
-53.7918
-51.8771
-49.9293
-52.9797
-50.13
-54.4677
-51.6315
-54.6425
-52.7172
-50.8215
-53.7359
-51.0618
-54.4184
-51.2967
-55.9238
-52.9753
-56.0453
-54.1282
-52.2917
-55.1666
-52.6359
-55.8537
-52.9109
-57.4363
-54.5436
-58.1879
-56.1434
-53.7679
-59.6774
-55.3609
-76.6208
-82.7458
)
;
    }
    interface_top
    {
        type            calculated;
        value           nonuniform List<scalar> 
90
(
-31.6124
-36.8621
-37.0675
-33.1138
-29.3498
-19.4443
-29.9792
-34.396
-40.2109
-40.5743
-36.0666
-33.691
-29.7848
-26.2695
-17.3916
-26.6448
-30.4153
-35.1879
-35.1407
-30.2339
-26.3577
-16.9444
-25.2292
-28.3837
-31.6648
-33.7117
-37.7358
-37.2727
-31.6488
-27.4266
-17.5077
-25.9184
-29.0979
-32.3678
-34.4273
-38.5078
-38.041
-32.3396
-28.0664
-18.0092
-26.7786
-30.1988
-33.9312
-36.3856
-41.3646
-41.3924
-36.5205
-34.018
-30.0165
-26.4814
-17.6025
-27.0184
-30.9225
-35.9697
-36.0432
-31.2388
-27.3842
-17.8498
-26.8271
-30.4053
-34.4192
-36.9755
-41.9942
-41.8008
-36.0485
-31.5471
-20.5528
-30.9835
-35.1847
-39.9837
-43.0441
-49.0471
-48.8903
-42.2649
-37.0197
-24.1124
-36.5261
-41.5256
-47.2444
-50.8312
-57.801
-57.5002
-49.4389
-43.1002
-27.7028
-41.8071
-46.9847
-52.0417
-51.2548
-42.6725
)
;
    }
    interface_bottom
    {
        type            calculated;
        value           nonuniform List<scalar> 
90
(
-37.5468
-43.0528
-40.6936
-26.5356
-40.6948
-46.1637
-51.8771
-55.3719
-62.0725
-61.5998
-53.288
-49.1033
-42.6699
-37.3176
-24.4374
-37.2455
-42.3645
-48.7031
-48.7045
-42.4764
-39.2892
-34.3043
-30.0646
-19.7552
-29.9832
-33.9854
-38.7615
-38.4456
-32.6336
-28.2973
-18.1714
-26.917
-30.2103
-33.6
-35.6205
-39.4762
-38.8304
-32.7434
-28.337
-18.2213
-27.0935
-30.5342
-34.2821
-36.6182
-41.1949
-41.01
-35.8078
-33.2272
-29.3094
-25.8519
-17.2094
-26.4842
-30.2495
-34.9617
-34.9155
-30.047
-26.2539
-17.0662
-25.6714
-29.0293
-32.6848
-34.8609
-38.9437
-38.4508
-32.629
-28.3237
-18.256
-27.2913
-30.7734
-34.4881
-36.7019
-40.8694
-40.3005
-34.1296
-29.6037
-19.0773
-28.4783
-32.1177
-36.0324
-38.4152
-42.9752
-42.4822
-36.1836
-31.4679
-20.3517
-30.6071
-34.4782
-38.5087
-38.2211
-32.5975
)
;
    }
    defaultFaces
    {
        type            empty;
    }
}


// ************************************************************************* //
