/*--------------------------------*- C++ -*----------------------------------*\
| =========                 |                                                 |
| \\      /  F ield         | OpenFOAM: The Open Source CFD Toolbox           |
|  \\    /   O peration     | Version:  5.x                                   |
|   \\  /    A nd           | Web:      www.OpenFOAM.org                      |
|    \\/     M anipulation  |                                                 |
\*---------------------------------------------------------------------------*/
FoamFile
{
    version     2.0;
    format      ascii;
    class       volScalarField;
    location    "0.8";
    object      gradTx;
}
// * * * * * * * * * * * * * * * * * * * * * * * * * * * * * * * * * * * * * //

dimensions      [0 -1 0 1 0 0 0];

internalField   nonuniform List<scalar> 
6300
(
-59.4937
-59.4255
-59.2888
-59.0831
-58.8077
-58.4618
-58.0448
-57.5562
-56.9957
-56.3638
-55.6619
-54.8918
-54.0564
-53.1596
-52.2054
-59.5605
-59.4925
-59.3564
-59.1513
-58.8767
-58.5316
-58.1151
-57.6266
-57.0657
-56.4328
-55.7288
-54.9559
-54.1169
-53.2159
-52.2573
-59.6937
-59.6263
-59.4913
-59.2877
-59.0148
-58.6713
-58.2561
-57.7681
-57.2066
-56.5714
-55.8635
-55.0848
-54.2384
-53.3286
-52.3609
-59.8928
-59.8264
-59.6931
-59.4921
-59.222
-58.8814
-58.4685
-57.9817
-57.4196
-56.7816
-56.0679
-55.2803
-54.4221
-53.4984
-52.5159
-60.1568
-60.0918
-59.9612
-59.7639
-59.4983
-59.1623
-58.7534
-58.2692
-57.7074
-57.0662
-56.345
-55.5452
-54.6702
-53.7261
-52.7216
-60.4843
-60.4213
-60.2945
-60.1027
-59.8436
-59.5145
-59.1122
-58.633
-58.0732
-57.4294
-56.6996
-55.8841
-54.9862
-54.0133
-52.9771
-60.8732
-60.8129
-60.6914
-60.5071
-60.2573
-59.9386
-59.5465
-59.0761
-58.5215
-57.8772
-57.1388
-56.3042
-55.376
-54.363
-53.2809
-61.3209
-61.2641
-61.1496
-60.9754
-60.7384
-60.4344
-60.0578
-59.6018
-59.0581
-58.418
-57.6729
-56.8168
-55.8496
-54.7806
-53.6315
-61.8238
-61.7715
-61.6659
-61.5048
-61.2849
-61.0012
-60.6471
-60.2137
-59.6899
-59.0624
-58.3166
-57.4394
-56.4238
-55.2771
-54.0281
-62.3773
-62.3305
-62.236
-62.0915
-61.8936
-61.637
-61.3141
-60.9145
-60.424
-59.8237
-59.0905
-58.1989
-57.1279
-55.8746
-54.4734
-62.9758
-62.9356
-62.8544
-62.7301
-62.5594
-62.3374
-62.0563
-61.7049
-61.2663
-60.7165
-60.0212
-59.1364
-58.013
-56.6186
-54.9809
-63.6128
-63.5801
-63.5141
-63.4132
-63.275
-63.0952
-62.8672
-62.5807
-62.2185
-61.753
-61.1401
-60.3107
-59.1677
-57.6045
-55.592
-64.2806
-64.2561
-64.2069
-64.132
-64.0303
-63.8994
-63.7352
-63.5305
-63.2721
-62.9355
-62.4736
-61.797
-60.7408
-59.0384
-56.4225
-64.9711
-64.9551
-64.9234
-64.876
-64.8132
-64.7353
-64.642
-64.5323
-64.4023
-64.2412
-64.02
-63.6613
-62.9584
-61.3843
-57.8387
-65.6756
-65.6681
-65.6536
-65.6334
-65.6094
-65.5846
-65.5635
-65.5525
-65.5616
-65.6049
-65.702
-65.868
-66.0459
-65.7004
-61.4466
-51.2861
-50.413
-49.5083
-48.5739
-47.6115
-46.6225
-45.6081
-44.5696
-43.5086
-42.4271
-41.3275
-40.2131
-39.0874
-37.9545
-36.8188
-35.6848
-34.5569
-33.4396
-32.3372
-31.2539
-30.1936
-29.1599
-28.1564
-27.1862
-26.2519
-25.3561
-24.5008
-23.6877
-22.9181
-22.1929
-21.5129
-20.8786
-20.2901
-19.7474
-19.2506
-18.7992
-18.3932
-18.0321
-17.7156
-17.4436
-17.2156
-17.0315
-16.8909
-16.7939
-16.7404
-16.7304
-16.7642
-16.842
-16.9642
-17.1313
-17.3438
-17.602
-17.9064
-18.2573
-18.6548
-19.099
-19.5897
-20.1267
-20.7094
-21.3372
-22.0093
-22.7247
-23.4824
-24.2811
-25.1195
-25.996
-26.909
-27.8565
-28.8366
-29.8469
-30.8851
-31.9486
-33.0348
-34.1409
-35.2639
-36.4008
-37.5484
-38.7035
-39.8626
-41.0223
-42.1791
-43.3298
-44.4709
-45.599
-46.7107
-47.8025
-48.8704
-49.9106
-50.919
-51.8914
-51.3342
-50.4578
-49.5503
-48.6136
-47.6493
-46.6585
-45.6423
-44.6017
-43.5379
-42.4529
-41.3489
-40.2294
-39.0979
-37.9588
-36.8167
-35.6762
-34.542
-33.4186
-32.3103
-31.2214
-30.1558
-29.1172
-28.1093
-27.135
-26.1974
-25.2987
-24.441
-23.626
-22.8549
-22.1288
-21.4482
-20.8136
-20.2251
-19.6826
-19.1861
-18.7351
-18.3295
-17.9689
-17.6529
-17.3812
-17.1536
-16.9698
-16.8295
-16.7325
-16.6789
-16.6686
-16.7019
-16.7791
-16.9007
-17.0671
-17.279
-17.5367
-17.8407
-18.1913
-18.5888
-19.0331
-19.5243
-20.0619
-20.6455
-21.2744
-21.9479
-22.6649
-23.4243
-24.2249
-25.0655
-25.9444
-26.86
-27.8105
-28.7937
-29.8075
-30.8493
-31.9166
-33.0067
-34.1169
-35.2442
-36.3856
-37.538
-38.6978
-39.8618
-41.0263
-42.188
-43.3434
-44.4893
-45.6223
-46.7391
-47.8361
-48.9097
-49.9557
-50.97
-51.9481
-51.4296
-50.5466
-49.6336
-48.6924
-47.7246
-46.7308
-45.7114
-44.6668
-43.5977
-42.5056
-41.3928
-40.2627
-39.1194
-37.9677
-36.8125
-35.659
-34.512
-33.3762
-32.2561
-31.1559
-30.0796
-29.0312
-28.0143
-27.0321
-26.0876
-25.1831
-24.3207
-23.502
-22.7282
-22.0001
-21.3184
-20.6833
-20.0948
-19.5528
-19.057
-18.6069
-18.2022
-17.8425
-17.5275
-17.2567
-17.0298
-16.8466
-16.7067
-16.6099
-16.5561
-16.5453
-16.5777
-16.6537
-16.7739
-16.9389
-17.1493
-17.4058
-17.709
-18.0591
-18.4564
-18.9011
-19.393
-19.932
-20.5174
-21.1487
-21.8249
-22.545
-23.3079
-24.1124
-24.9572
-25.8408
-26.7618
-27.7181
-28.7077
-29.7283
-30.7774
-31.8523
-32.9503
-34.0687
-35.2046
-36.3551
-37.5169
-38.6864
-39.8601
-41.0344
-42.2057
-43.3705
-44.5258
-45.6684
-46.7953
-47.9031
-48.9879
-50.0457
-51.0719
-52.0618
-51.5715
-50.6781
-49.7565
-48.809
-47.8367
-46.8393
-45.8164
-44.7668
-43.6904
-42.588
-41.4616
-40.3151
-39.1533
-37.9817
-36.8062
-35.6327
-34.4662
-33.3117
-32.1737
-31.0564
-29.9641
-28.9007
-27.8701
-26.8758
-25.9208
-25.0077
-24.1384
-23.3142
-22.5364
-21.8057
-21.1225
-20.4869
-19.8987
-19.3577
-18.8631
-18.4145
-18.0113
-17.6531
-17.3394
-17.07
-16.8444
-16.6622
-16.5231
-16.4267
-16.3726
-16.3609
-16.3918
-16.4658
-16.5837
-16.7463
-16.9545
-17.2091
-17.5107
-17.8599
-18.257
-18.7021
-19.1953
-19.7362
-20.3245
-20.9593
-21.6397
-22.3645
-23.1326
-23.9427
-24.7938
-25.6845
-26.6134
-27.5786
-28.5779
-29.6089
-30.6689
-31.7552
-32.865
-33.9957
-35.1446
-36.3087
-37.4847
-38.6691
-39.8578
-41.0468
-42.2324
-43.4112
-44.5802
-45.7369
-46.8787
-48.0024
-49.1045
-50.1805
-51.2254
-52.2336
-51.7578
-50.8493
-49.9161
-48.9609
-47.9841
-46.9845
-45.9592
-44.9052
-43.8205
-42.7046
-41.5595
-40.3896
-39.2012
-38.0014
-36.7976
-35.5964
-34.4036
-33.2241
-32.062
-30.9217
-29.8074
-28.7235
-27.6743
-26.6636
-25.6948
-24.7702
-23.8918
-23.0607
-22.2779
-21.5439
-20.859
-20.2231
-19.6359
-19.0966
-18.6042
-18.1579
-17.7569
-17.4006
-17.0888
-16.8213
-16.5975
-16.4171
-16.2793
-16.1836
-16.1293
-16.1164
-16.145
-16.216
-16.3303
-16.4893
-16.6941
-16.9458
-17.2452
-17.593
-17.9895
-18.4351
-18.9298
-19.4735
-20.0657
-20.7054
-21.3915
-22.1227
-22.8976
-23.7152
-24.5744
-25.4742
-26.4135
-27.3906
-28.4032
-29.4485
-30.5234
-31.6249
-32.7502
-33.897
-35.0629
-36.2453
-37.4409
-38.6457
-39.8551
-41.0642
-42.2689
-43.4656
-44.6521
-45.8266
-46.9874
-48.1324
-49.258
-50.3594
-51.4306
-52.4651
-51.9852
-51.0554
-50.1068
-49.1431
-48.1641
-47.1661
-46.1429
-45.0877
-43.9952
-42.863
-41.693
-40.4909
-39.2656
-38.0272
-36.7854
-35.5485
-34.3224
-33.1116
-31.9196
-30.7502
-29.6077
-28.4972
-27.4237
-26.392
-25.4057
-24.4672
-23.578
-22.7387
-21.95
-21.2123
-20.5258
-19.8904
-19.3052
-18.769
-18.2801
-17.8371
-17.439
-17.0852
-16.7758
-16.5106
-16.2894
-16.1116
-15.9762
-15.8819
-15.8277
-15.8131
-15.8385
-15.9048
-16.0138
-16.1674
-16.3673
-16.6149
-16.9113
-17.257
-17.6526
-18.0985
-18.5949
-19.1421
-19.7394
-20.3858
-21.0796
-21.8189
-22.6023
-23.4286
-24.2973
-25.208
-26.1602
-27.1525
-28.1823
-29.2461
-30.3402
-31.4607
-32.6051
-33.7713
-34.9579
-36.1632
-37.3841
-38.6159
-39.8527
-41.088
-42.3166
-43.5347
-44.7409
-45.9354
-47.1186
-48.2896
-49.4456
-50.5809
-51.6881
-52.7585
-52.2481
-51.2877
-50.3188
-49.3469
-48.371
-47.3836
-46.3724
-45.3239
-44.2269
-43.0758
-41.8726
-40.6258
-39.3491
-38.058
-36.7666
-35.4852
-34.2196
-32.9725
-31.7453
-30.5406
-29.3627
-28.2181
-27.1137
-26.0558
-25.0486
-24.0942
-23.1931
-22.3449
-21.5497
-20.808
-20.1202
-19.4864
-18.9051
-18.3742
-17.8909
-17.4528
-17.0583
-16.7073
-16.4001
-16.1376
-15.92
-15.7464
-15.615
-15.5236
-15.4701
-15.4535
-15.474
-15.5334
-15.6344
-15.7799
-15.9728
-16.215
-16.5074
-16.8504
-17.2444
-17.6901
-18.1882
-18.7395
-19.3435
-19.9989
-20.703
-21.4529
-22.2463
-23.082
-23.9605
-24.8829
-25.85
-26.861
-27.913
-29.0011
-30.1194
-31.263
-32.4289
-33.6165
-34.8264
-36.0589
-37.3118
-38.5792
-39.8523
-41.1217
-42.3792
-43.6206
-44.8463
-46.0601
-47.2667
-48.4681
-49.6623
-50.8421
-51.9976
-53.1168
-52.5374
-51.5315
-50.5343
-49.5556
-48.5939
-47.635
-46.6555
-45.6297
-44.5362
-43.3639
-42.1149
-40.8037
-39.4535
-38.0896
-36.7338
-35.3995
-34.0908
-32.8052
-31.5393
-30.2927
-29.0706
-27.8819
-26.7377
-25.6473
-24.6163
-23.6455
-22.7328
-21.8757
-21.0733
-20.3268
-19.6381
-19.0076
-18.4336
-17.912
-17.4378
-17.0067
-16.6163
-16.2671
-15.9612
-15.7012
-15.4883
-15.3215
-15.1975
-15.1118
-15.0606
-15.0415
-15.0548
-15.1034
-15.1919
-15.3255
-15.5086
-15.7438
-16.0317
-16.3715
-16.7631
-17.2072
-17.7062
-18.2619
-18.875
-19.543
-20.2615
-21.0252
-21.8302
-22.6749
-23.5616
-24.4943
-25.4773
-26.5115
-27.5928
-28.7131
-29.8628
-31.0337
-32.2223
-33.4301
-34.6629
-35.9257
-37.2188
-38.5342
-39.8576
-41.1723
-42.4647
-43.7289
-44.9684
-46.195
-47.4216
-48.6567
-49.8987
-51.1378
-52.3586
-53.5441
-52.839
-51.7621
-50.7224
-49.7393
-48.8122
-47.9153
-47.0048
-46.0327
-44.959
-43.7625
-42.4466
-41.038
-39.5777
-38.1098
-36.6704
-35.2775
-33.9291
-32.6102
-31.3059
-30.0106
-28.7308
-27.4826
-26.285
-25.1543
-24.0982
-23.114
-22.1934
-21.3286
-20.5175
-19.7637
-19.073
-18.4487
-17.8878
-17.3827
-16.9237
-16.5029
-16.1163
-15.7659
-15.4574
-15.198
-14.9914
-14.8362
-14.7258
-14.6517
-14.6061
-14.5841
-14.5861
-14.6171
-14.6856
-14.8009
-14.9706
-15.1981
-15.4823
-15.8194
-16.207
-16.6466
-17.1434
-17.7031
-18.3283
-19.0155
-19.7559
-20.5394
-21.3578
-22.2086
-23.0972
-24.0345
-25.032
-26.0949
-27.2172
-28.3838
-29.5764
-30.7799
-31.9884
-33.2085
-34.4565
-35.7495
-37.0938
-38.4779
-39.8755
-41.2552
-42.591
-43.8723
-45.1092
-46.3291
-47.5641
-48.8345
-50.1388
-51.459
-52.7698
-54.0462
-53.1315
-51.9382
-50.8279
-49.8414
-48.9863
-48.2143
-47.4424
-46.5816
-45.5585
-44.333
-42.912
-41.3469
-39.7129
-38.0896
-36.5402
-35.0922
-33.7253
-32.3948
-31.0604
-29.7067
-28.3466
-27.011
-25.7369
-24.5549
-23.4774
-22.492
-21.5746
-20.7055
-19.8803
-19.1106
-18.4135
-17.7994
-17.263
-16.7882
-16.3559
-15.9508
-15.5657
-15.2052
-14.8843
-14.6198
-14.422
-14.2875
-14.2031
-14.1519
-14.1186
-14.0935
-14.0767
-14.078
-14.1131
-14.1992
-14.3504
-14.5722
-14.8578
-15.1956
-15.5773
-16.005
-16.4911
-17.0512
-17.6938
-18.4124
-19.1896
-20.0045
-20.8398
-21.6893
-22.5637
-23.4888
-24.4938
-25.594
-26.7786
-28.0179
-29.2751
-30.5196
-31.7385
-32.9472
-34.1859
-35.4998
-36.9121
-38.4025
-39.9195
-41.4012
-42.7956
-44.0794
-45.274
-46.4414
-47.6552
-48.9626
-50.3555
-51.7928
-53.2293
-54.6312
-53.3838
-51.9936
-50.7546
-49.7536
-49.0404
-48.5125
-48.0076
-47.3636
-46.4491
-45.1847
-43.5851
-41.7552
-39.8331
-37.9632
-36.2644
-34.7905
-33.4696
-32.1857
-30.8436
-29.4128
-27.928
-26.4519
-25.0573
-23.8059
-22.725
-21.7732
-20.8874
-20.02
-19.1645
-18.3543
-17.6355
-17.0393
-16.5506
-16.1335
-15.7503
-15.3711
-14.9806
-14.589
-14.2311
-13.9468
-13.7627
-13.6679
-13.6338
-13.6278
-13.6205
-13.5921
-13.5425
-13.4916
-13.4684
-13.505
-13.63
-13.8554
-14.1596
-14.5099
-14.8826
-15.2805
-15.7336
-16.2816
-16.9509
-17.726
-18.5704
-19.4413
-20.3027
-21.1352
-21.9582
-22.8295
-23.8193
-24.9725
-26.2625
-27.6272
-28.993
-30.297
-31.5042
-32.6435
-33.8075
-35.1088
-36.6185
-38.2889
-40.0145
-41.673
-43.1597
-44.4147
-45.4777
-46.4863
-47.6111
-48.9672
-50.5073
-52.1267
-53.7379
-55.3073
-53.5459
-51.8303
-50.3376
-49.251
-48.8276
-48.7777
-48.7729
-48.5352
-47.8435
-46.5193
-44.5896
-42.2968
-39.8782
-37.591
-35.6652
-34.2692
-33.1613
-32.0611
-30.7554
-29.1977
-27.4976
-25.7761
-24.1725
-22.8122
-21.7875
-20.9605
-20.1746
-19.3186
-18.3843
-17.4675
-16.6818
-16.1257
-15.7363
-15.4311
-15.1402
-14.8089
-14.3982
-13.9256
-13.4728
-13.1308
-12.9759
-12.9619
-13.0253
-13.1065
-13.1542
-13.1226
-13.0114
-12.8666
-12.7385
-12.6848
-12.7659
-13.0265
-13.396
-13.7931
-14.1526
-14.4779
-14.8405
-15.3383
-16.0571
-16.941
-17.9139
-18.8933
-19.8083
-20.5958
-21.2843
-22.0008
-22.9104
-24.1551
-25.6399
-27.2356
-28.801
-30.2147
-31.3682
-32.305
-33.2321
-34.418
-36.0939
-38.096
-40.2062
-42.1925
-43.8572
-45.0266
-45.7591
-46.3637
-47.2332
-48.7062
-50.544
-52.4716
-54.3052
-56.0665
-53.4982
-51.345
-49.335
-47.7925
-48.0755
-48.9769
-49.8731
-50.3602
-50.1485
-48.7258
-46.1173
-43.0197
-39.7344
-36.6988
-34.3036
-33.3339
-32.8425
-32.2334
-31.0308
-29.1884
-27.0991
-24.9315
-22.9385
-21.3362
-20.5668
-20.0897
-19.5639
-18.7309
-17.5804
-16.3929
-15.3989
-14.973
-14.8022
-14.7095
-14.5893
-14.3623
-13.9062
-13.2349
-12.5562
-12.0466
-11.9877
-12.1457
-12.3924
-12.6346
-12.8036
-12.7688
-12.5298
-12.219
-11.9027
-11.6717
-11.6447
-12.0422
-12.5938
-13.1316
-13.4732
-13.6226
-13.7542
-14.0779
-14.9269
-16.0292
-17.2494
-18.4393
-19.4989
-20.2002
-20.5714
-20.8956
-21.5199
-22.9933
-24.8588
-26.8888
-28.8286
-30.5082
-31.5451
-31.9814
-32.2846
-33.0226
-35.0999
-37.748
-40.5765
-43.1751
-45.2678
-46.2674
-46.2248
-45.8589
-45.986
-47.919
-50.4503
-52.9511
-54.9753
-56.7883
-52.7069
-50.6521
-47.6581
-43.7045
-46.4331
-49.1831
-51.5623
-53.191
-54.1973
-52.6401
-48.3493
-44.0133
-39.2312
-34.8852
-30.8896
-31.7106
-32.6941
-33.2611
-32.2286
-29.5357
-26.8145
-23.8367
-21.1428
-18.6618
-18.926
-19.2903
-19.3967
-18.6017
-16.8309
-15.0409
-13.299
-13.4541
-13.7566
-14.0287
-14.1936
-14.2471
-13.7252
-12.5559
-11.3975
-10.3144
-10.6882
-11.2031
-11.7672
-12.2694
-12.7479
-12.7106
-12.1528
-11.5803
-10.9453
-10.3661
-9.91332
-10.8369
-11.8128
-12.754
-13.0717
-12.7944
-12.3921
-12.0625
-13.433
-14.9489
-16.63
-18.1742
-19.7068
-20.2815
-19.9273
-19.3593
-18.9081
-21.2677
-23.8422
-26.6729
-29.232
-31.7285
-32.5877
-31.8502
-30.7119
-29.699
-33.2844
-37.1407
-41.2783
-44.8865
-48.2525
-49.009
-47.1554
-44.644
-42.1374
-46.2698
-50.3997
-54.1159
-55.9488
-56.7407
-47.9852
-51.311
-47.3625
-29.9932
-44.759
-49.9227
-54.3319
-56.9179
-61.9373
-60.4909
-50.6465
-45.6495
-38.1007
-32.5674
-20.5402
-29.8542
-33.1465
-36.5932
-35.8184
-29.925
-26.9006
-22.3341
-19.0418
-12.0351
-17.1426
-18.8632
-20.5291
-19.8789
-16.1101
-13.621
-8.46859
-11.7242
-12.7559
-13.5034
-13.9598
-14.9618
-14.4779
-11.8624
-10.1318
-6.48508
-9.18668
-10.191
-11.2326
-11.9396
-13.4362
-13.4033
-11.7985
-11.0329
-9.90899
-8.87934
-6.20101
-9.55772
-11.0827
-13.2756
-13.5285
-12.1476
-10.9264
-7.60013
-11.7312
-13.6318
-16.209
-17.9276
-21.2956
-21.7017
-19.5929
-17.6559
-12.2498
-19.2341
-22.4579
-26.8494
-29.7268
-35.3077
-35.9308
-32.2974
-28.9596
-19.7542
-31.0796
-36.1287
-42.7426
-46.947
-54.9951
-55.5089
-49.0332
-43.4218
-28.7283
-44.6232
-50.9441
-57.9913
-58.4194
-51.8473
-52.9125
-53.968
-54.9543
-55.8669
-56.7023
-57.4584
-58.1344
-58.7302
-59.2467
-59.6852
-60.0472
-60.3345
-60.5485
-60.6904
-60.7611
-52.9751
-54.0362
-55.027
-55.9429
-56.7803
-57.5373
-58.2131
-58.8081
-59.3233
-59.7601
-60.1206
-60.4063
-60.619
-60.76
-60.8303
-53.1008
-54.1735
-55.1736
-56.0961
-56.9375
-57.6961
-58.3714
-58.9644
-59.4766
-59.9101
-60.267
-60.5496
-60.7598
-60.8989
-60.9683
-53.2915
-54.3822
-55.3967
-56.3292
-57.1763
-57.9367
-58.6108
-59.2002
-59.7073
-60.1351
-60.4864
-60.7639
-60.9699
-61.1062
-61.174
-53.5499
-54.6662
-55.7005
-56.6465
-57.5006
-58.2625
-58.9335
-59.5167
-60.0159
-60.4351
-60.778
-61.0481
-61.2482
-61.3803
-61.446
-53.8802
-55.0312
-56.0917
-57.0543
-57.9161
-58.6777
-59.3427
-59.9159
-60.4031
-60.8098
-61.141
-61.4008
-61.5927
-61.7193
-61.7821
-54.2885
-55.4855
-56.5796
-57.5619
-58.4304
-59.1884
-59.8422
-60.3999
-60.8695
-61.2587
-61.5737
-61.8199
-62.0011
-62.1203
-62.1795
-54.7835
-56.0418
-57.178
-58.182
-59.054
-59.8018
-60.4366
-60.9705
-61.4151
-61.7802
-62.0739
-62.3022
-62.4698
-62.5798
-62.6344
-55.3785
-56.7189
-57.9074
-58.9326
-59.8004
-60.5266
-61.1302
-61.629
-62.0387
-62.3718
-62.6379
-62.8438
-62.9944
-63.0931
-63.142
-56.0935
-57.5465
-58.7986
-59.8393
-60.6869
-61.3724
-61.9265
-62.3749
-62.7374
-63.0292
-63.2606
-63.439
-63.5693
-63.6546
-63.6968
-56.9595
-58.5736
-59.8997
-60.9374
-61.7344
-62.348
-62.8266
-63.2045
-63.5053
-63.7452
-63.9348
-64.0808
-64.1875
-64.2574
-64.292
-58.0236
-59.8877
-61.2879
-62.2745
-62.9641
-63.4579
-63.8257
-64.109
-64.3322
-64.51
-64.6511
-64.7604
-64.8408
-64.8937
-64.9199
-59.3655
-61.6642
-63.0883
-63.9065
-64.3872
-64.6928
-64.9077
-65.0714
-65.2026
-65.3099
-65.3976
-65.4674
-65.5197
-65.5547
-65.5723
-61.2236
-64.3131
-65.4933
-65.8741
-65.9836
-66.0172
-66.0388
-66.0642
-66.0946
-66.1277
-66.1604
-66.1901
-66.2143
-66.2314
-66.2403
-64.9775
-68.8699
-68.6961
-68.1104
-67.6541
-67.3525
-67.1641
-67.0496
-66.9819
-66.9439
-66.9246
-66.9165
-66.9142
-66.9145
-66.9151
-66.3265
-66.3262
-66.3266
-66.3296
-66.3384
-66.3583
-66.3971
-66.4676
-66.5908
-66.8038
-67.1789
-67.8783
-69.3543
-73.2377
-86.9239
-66.9171
-66.9227
-66.9353
-66.9571
-66.9922
-67.0471
-67.1316
-67.2615
-67.4626
-67.7797
-68.295
-69.1654
-70.6883
-73.2807
-76.0019
-67.5022
-67.5131
-67.5361
-67.574
-67.631
-67.714
-67.8333
-68.0044
-68.252
-68.6164
-69.1632
-69.9982
-71.2777
-73.2325
-76.7295
-68.0784
-68.0936
-68.1253
-68.1762
-68.2505
-68.3545
-68.4974
-68.6924
-68.9587
-69.3247
-69.8303
-70.5208
-71.3966
-72.1115
-70.1668
-68.6424
-68.6612
-68.6998
-68.7608
-68.848
-68.9666
-69.1239
-69.3291
-69.5944
-69.9348
-70.3676
-70.913
-71.6253
-72.8359
-76.7548
-69.192
-69.2134
-69.2574
-69.3259
-69.4222
-69.5504
-69.7154
-69.9224
-70.1762
-70.4792
-70.8252
-71.1877
-71.5063
-71.6775
-71.6062
-69.7251
-69.7486
-69.7964
-69.8704
-69.9731
-70.1073
-70.276
-70.4812
-70.7222
-70.9924
-71.2696
-71.4912
-71.4882
-70.6856
-66.4303
-70.2402
-70.2652
-70.3159
-70.3937
-70.5006
-70.6387
-70.8095
-71.0131
-71.2463
-71.4998
-71.7508
-71.9487
-72.0239
-72.0895
-74.296
-70.7365
-70.7625
-70.8151
-70.8955
-71.0052
-71.1458
-71.3183
-71.5222
-71.7544
-72.008
-72.2669
-72.4896
-72.5649
-72.0045
-67.7426
-71.213
-71.2396
-71.2935
-71.3755
-71.4869
-71.6293
-71.8034
-72.0092
-72.2458
-72.5118
-72.8061
-73.1309
-73.5459
-74.4879
-78.9978
-71.6693
-71.6963
-71.7508
-71.8336
-71.946
-72.0892
-72.2645
-72.4726
-72.7149
-72.9952
-73.3221
-73.7076
-74.1594
-74.4915
-72.6638
-72.1052
-72.1323
-72.1869
-72.2699
-72.3822
-72.5254
-72.7008
-72.9098
-73.1556
-73.4454
-73.7953
-74.2361
-74.8546
-75.9928
-79.6743
-72.5205
-72.5475
-72.6018
-72.6842
-72.7958
-72.9378
-73.1117
-73.3191
-73.5636
-73.853
-74.2035
-74.6389
-75.1873
-75.7256
-74.6761
-72.9153
-72.942
-72.9956
-73.077
-73.1869
-73.3266
-73.4973
-73.7003
-73.9383
-74.2174
-74.5506
-74.9612
-75.5256
-76.5589
-79.7213
-73.2898
-73.316
-73.3687
-73.4484
-73.5559
-73.6923
-73.8584
-74.0548
-74.2824
-74.5436
-74.8417
-75.1746
-75.5367
-75.9112
-76.2398
-73.6444
-73.67
-73.7213
-73.7989
-73.9036
-74.0359
-74.1964
-74.385
-74.601
-74.8432
-75.1066
-75.3655
-75.5377
-75.2932
-73.0115
-73.9795
-74.0043
-74.0541
-74.1293
-74.2306
-74.3584
-74.513
-74.6937
-74.8992
-75.1275
-75.3725
-75.6144
-75.8265
-76.0877
-77.6408
-74.2955
-74.3194
-74.3676
-74.4402
-74.5378
-74.6608
-74.8093
-74.9826
-75.1796
-75.3992
-75.6385
-75.8818
-76.0797
-75.9827
-73.9566
-74.593
-74.6161
-74.6624
-74.7322
-74.826
-74.944
-75.0864
-75.2526
-75.4422
-75.6564
-75.8995
-76.1786
-76.5362
-77.2152
-79.7933
-74.8727
-74.8948
-74.9392
-75.0061
-75.0959
-75.2088
-75.3448
-75.5037
-75.6854
-75.8929
-76.1335
-76.4186
-76.768
-77.1267
-76.5428
-75.1351
-75.1563
-75.1987
-75.2627
-75.3483
-75.456
-75.5854
-75.7363
-75.9087
-76.1054
-76.3346
-76.6117
-76.992
-77.6904
-79.767
-75.3811
-75.4012
-75.4417
-75.5026
-75.5841
-75.6864
-75.8091
-75.9515
-76.113
-76.2947
-76.5001
-76.731
-76.9936
-77.2948
-77.6038
-75.6111
-75.6303
-75.6688
-75.7267
-75.8041
-75.9011
-76.017
-76.1509
-76.3011
-76.4666
-76.6459
-76.8261
-76.9669
-76.8916
-75.6805
-75.826
-75.8442
-75.8808
-75.9357
-76.0091
-76.1009
-76.2105
-76.3363
-76.4763
-76.6283
-76.789
-76.9464
-77.0889
-77.2749
-78.224
-76.0263
-76.0436
-76.0783
-76.1304
-76.2
-76.287
-76.3906
-76.5093
-76.6409
-76.7832
-76.9324
-77.0746
-77.1791
-77.1261
-76.1694
-76.2127
-76.2291
-76.262
-76.3114
-76.3774
-76.4599
-76.5581
-76.6709
-76.7961
-76.9325
-77.0785
-77.2269
-77.3773
-77.6027
-78.594
-76.3859
-76.4014
-76.4326
-76.4794
-76.5419
-76.6202
-76.7136
-76.8211
-76.9414
-77.0743
-77.2208
-77.3757
-77.5221
-77.5453
-76.6139
-76.5464
-76.5611
-76.5906
-76.6349
-76.6942
-76.7684
-76.8573
-76.9599
-77.0757
-77.206
-77.3551
-77.5283
-77.7509
-78.1485
-79.5051
-76.6948
-76.7087
-76.7366
-76.7785
-76.8346
-76.905
-76.9893
-77.087
-77.1978
-77.3238
-77.4707
-77.6445
-77.8567
-78.0836
-77.8707
-76.8317
-76.8448
-76.8711
-76.9108
-76.9638
-77.0303
-77.1101
-77.2025
-77.3072
-77.4264
-77.5655
-77.7317
-77.951
-78.3221
-79.3278
-76.9576
-76.9699
-76.9948
-77.0322
-77.0822
-77.1449
-77.22
-77.3067
-77.4045
-77.5143
-77.6394
-77.7799
-77.9386
-78.1176
-78.294
-77.073
-77.0846
-77.1081
-77.1433
-77.1904
-77.2494
-77.3198
-77.4008
-77.4912
-77.591
-77.7006
-77.8134
-77.9107
-77.9127
-77.4077
-77.1784
-77.1894
-77.2114
-77.2446
-77.2889
-77.3443
-77.4104
-77.4858
-77.5693
-77.6601
-77.7577
-77.8554
-77.9475
-78.0579
-78.4926
-77.2744
-77.2847
-77.3054
-77.3366
-77.3783
-77.4304
-77.4923
-77.5627
-77.6402
-77.7237
-77.8125
-77.8992
-77.9702
-77.9758
-77.6072
-77.3612
-77.371
-77.3905
-77.4199
-77.4591
-77.5081
-77.5662
-77.6323
-77.7047
-77.7829
-77.8669
-77.9519
-78.0369
-78.1516
-78.5725
-77.4395
-77.4487
-77.4671
-77.4948
-77.5317
-77.5779
-77.6326
-77.6948
-77.7631
-77.8374
-77.9184
-78.0024
-78.0817
-78.1125
-77.7729
-77.5095
-77.5182
-77.5356
-77.5617
-77.5966
-77.6401
-77.6919
-77.7506
-77.8154
-77.8864
-77.966
-78.054
-78.159
-78.3284
-78.8567
-77.5717
-77.5799
-77.5963
-77.621
-77.654
-77.6952
-77.7442
-77.7998
-77.8611
-77.9288
-78.0056
-78.0916
-78.1902
-78.2931
-78.2374
-77.6262
-77.634
-77.6496
-77.673
-77.7044
-77.7434
-77.7898
-77.8424
-77.9004
-77.9643
-78.0367
-78.1184
-78.2172
-78.3658
-78.7245
-77.6736
-77.681
-77.6958
-77.7181
-77.7479
-77.7851
-77.8291
-77.8789
-77.9334
-77.993
-78.0595
-78.1312
-78.2083
-78.2906
-78.3648
-77.7139
-77.721
-77.7352
-77.7565
-77.785
-77.8204
-77.8623
-77.9096
-77.9609
-78.0162
-78.0767
-78.1383
-78.1943
-78.219
-78.0812
-77.7475
-77.7543
-77.7679
-77.7884
-77.8157
-77.8498
-77.8899
-77.9349
-77.9834
-78.0353
-78.0911
-78.147
-78.2007
-78.2583
-78.4041
-77.7744
-77.781
-77.7942
-77.8141
-77.8405
-77.8734
-77.912
-77.9552
-78.0016
-78.0508
-78.1033
-78.1554
-78.2029
-78.2344
-78.1749
-77.795
-77.8014
-77.8143
-77.8336
-77.8594
-77.8914
-77.929
-77.9709
-78.0158
-78.0632
-78.114
-78.1649
-78.215
-78.2715
-78.3913
-77.8092
-77.8155
-77.8282
-77.8472
-77.8726
-77.904
-77.941
-77.9821
-78.0261
-78.0726
-78.1226
-78.1727
-78.2212
-78.2627
-78.2528
-77.8172
-77.8235
-77.8361
-77.8549
-77.8801
-77.9113
-77.948
-77.9889
-78.0326
-78.079
-78.1289
-78.1798
-78.231
-78.2875
-78.3767
-77.819
-77.8253
-77.8379
-77.8568
-77.882
-77.9133
-77.9501
-77.9912
-78.0352
-78.082
-78.1327
-78.1844
-78.2359
-78.2876
-78.3421
-77.8145
-77.8209
-77.8336
-77.8528
-77.8783
-77.91
-77.9473
-77.989
-78.0338
-78.0817
-78.1339
-78.1872
-78.2392
-78.2837
-78.2911
-77.8038
-77.8103
-77.8233
-77.8428
-77.8689
-77.9012
-77.9394
-77.9821
-78.0282
-78.0778
-78.1321
-78.1888
-78.2464
-78.3035
-78.3482
-77.7868
-77.7934
-77.8068
-77.8269
-77.8537
-77.887
-77.9263
-77.9704
-78.0182
-78.0698
-78.1269
-78.1876
-78.2527
-78.3298
-78.4608
-77.7632
-77.7701
-77.784
-77.8048
-77.8325
-77.8671
-77.9078
-77.9536
-78.0034
-78.0573
-78.1171
-78.1812
-78.2495
-78.3167
-78.3185
-77.733
-77.7402
-77.7547
-77.7764
-77.8053
-77.8413
-77.8838
-77.9316
-77.9836
-78.0399
-78.1024
-78.1698
-78.2456
-78.347
-78.572
-77.6959
-77.7035
-77.7186
-77.7414
-77.7718
-77.8095
-77.8541
-77.9043
-77.9588
-78.0176
-78.0822
-78.1506
-78.2226
-78.2896
-78.238
-77.6518
-77.6597
-77.6757
-77.6997
-77.7317
-77.7715
-77.8185
-77.8714
-77.9289
-77.9906
-78.0574
-78.1267
-78.2017
-78.3124
-78.6609
-77.6002
-77.6086
-77.6255
-77.6509
-77.6847
-77.7269
-77.7767
-77.833
-77.8941
-77.9594
-78.0288
-78.0968
-78.1547
-78.168
-77.9163
-77.5409
-77.5499
-77.5678
-77.5947
-77.6306
-77.6754
-77.7285
-77.7886
-77.8542
-77.9245
-77.9991
-78.072
-78.1373
-78.2055
-78.4555
-77.4736
-77.4831
-77.5021
-77.5307
-77.569
-77.6167
-77.6735
-77.738
-77.809
-77.8859
-77.9686
-78.0503
-78.1165
-78.1147
-77.7914
-77.3978
-77.4079
-77.4281
-77.4586
-77.4993
-77.5502
-77.6109
-77.6804
-77.7575
-77.8426
-77.9368
-78.0373
-78.1415
-78.2451
-78.3289
-77.3131
-77.3239
-77.3454
-77.3778
-77.4211
-77.4754
-77.5403
-77.6149
-77.6985
-77.7921
-77.8986
-78.0195
-78.1658
-78.387
-78.9494
-77.2191
-77.2305
-77.2534
-77.2879
-77.334
-77.3918
-77.4609
-77.5407
-77.6306
-77.7319
-77.8484
-77.982
-78.1366
-78.29
-78.1635
-77.1154
-77.1275
-77.1518
-77.1883
-77.2373
-77.2986
-77.3721
-77.457
-77.5526
-77.6603
-77.7842
-77.9279
-78.1069
-78.3853
-79.1361
-77.0013
-77.0142
-77.0399
-77.0786
-77.1305
-77.1956
-77.2734
-77.3632
-77.4641
-77.5768
-77.7043
-77.847
-78.0069
-78.1505
-77.8828
-76.8765
-76.8901
-76.9173
-76.9583
-77.0132
-77.0821
-77.1644
-77.2592
-77.3652
-77.4823
-77.6117
-77.7522
-77.9167
-78.1991
-79.2407
-76.7404
-76.7547
-76.7835
-76.8268
-76.8849
-76.9576
-77.0447
-77.1448
-77.2565
-77.3785
-77.5093
-77.6387
-77.7432
-77.7183
-76.8944
-76.5924
-76.6076
-76.6379
-76.6836
-76.7449
-76.8217
-76.9138
-77.0199
-77.1385
-77.268
-77.4057
-77.5403
-77.6581
-77.7903
-78.4535
-76.4321
-76.448
-76.48
-76.5281
-76.5927
-76.6737
-76.7711
-76.8839
-77.0108
-77.1509
-77.3022
-77.4514
-77.5617
-77.4914
-76.5516
-76.2589
-76.2756
-76.3091
-76.3597
-76.4275
-76.5129
-76.6157
-76.7355
-76.8717
-77.0253
-77.1982
-77.3875
-77.5892
-77.7942
-77.9688
-76.0722
-76.0897
-76.1248
-76.1777
-76.2488
-76.3383
-76.4464
-76.573
-76.7185
-76.8855
-77.0807
-77.3126
-77.613
-78.116
-79.5325
-75.8715
-75.8897
-75.9264
-75.9816
-76.0558
-76.1493
-76.2623
-76.395
-76.5481
-76.7255
-76.9356
-77.188
-77.4947
-77.8012
-77.4058
-75.6562
-75.6752
-75.7134
-75.7709
-75.848
-75.9452
-76.0625
-76.2001
-76.3586
-76.542
-76.7591
-77.0234
-77.3752
-77.9715
-79.7292
-75.4259
-75.4457
-75.4853
-75.5449
-75.6249
-75.7255
-75.8467
-75.9881
-76.1498
-76.3343
-76.5476
-76.7957
-77.0846
-77.3329
-76.5962
-75.18
-75.2005
-75.2416
-75.3034
-75.3862
-75.49
-75.6147
-75.7594
-75.923
-76.1058
-76.3099
-76.5376
-76.8208
-77.3762
-79.6792
-74.9181
-74.9393
-74.9818
-75.0457
-75.1313
-75.2385
-75.3668
-75.5149
-75.6807
-75.8618
-76.0537
-76.2386
-76.3666
-76.2035
-74.2388
-74.6395
-74.6615
-74.7055
-74.7716
-74.8601
-74.9708
-75.1032
-75.2557
-75.4256
-75.6095
-75.8002
-75.9768
-76.113
-76.2798
-77.6074
-74.3439
-74.3666
-74.4121
-74.4805
-74.5719
-74.6865
-74.8235
-74.9817
-75.1587
-75.3518
-75.5543
-75.741
-75.8367
-75.5477
-73.4288
-74.0308
-74.0542
-74.1012
-74.1718
-74.2664
-74.385
-74.5272
-74.6921
-74.8785
-75.0867
-75.3173
-75.566
-75.8262
-76.084
-76.2983
-73.6995
-73.7237
-73.7721
-73.8451
-73.9429
-74.0656
-74.2131
-74.3849
-74.5812
-74.8051
-75.0658
-75.3809
-75.8157
-76.6484
-79.3418
-73.3496
-73.3745
-73.4245
-73.4997
-73.6006
-73.7274
-73.88
-74.0582
-74.2625
-74.4974
-74.7743
-75.1104
-75.5275
-75.9181
-74.9181
-72.9807
-73.0063
-73.0576
-73.1351
-73.2391
-73.3698
-73.5273
-73.7108
-73.9204
-74.1597
-74.4394
-74.7815
-75.2562
-76.1514
-79.1876
-72.5922
-72.6184
-72.6711
-72.7506
-72.8575
-72.9922
-73.1544
-73.3427
-73.5556
-73.7932
-74.0592
-74.3584
-74.6913
-74.8956
-73.2506
-72.1838
-72.2105
-72.2642
-72.3456
-72.4554
-72.5941
-72.7613
-72.955
-73.1716
-73.4063
-73.654
-73.9095
-74.2144
-74.9217
-78.5356
-71.7551
-71.7821
-71.8367
-71.9196
-72.032
-72.1747
-72.3478
-72.5489
-72.7728
-73.0097
-73.2412
-73.4242
-73.4566
-72.927
-69.3184
-71.3059
-71.333
-71.3878
-71.4716
-71.5861
-71.7329
-71.9129
-72.1246
-72.3629
-72.6162
-72.8599
-73.0412
-73.0879
-73.0682
-74.6554
-70.8363
-70.863
-70.9173
-71.001
-71.1165
-71.2666
-71.454
-71.6794
-71.9406
-72.2288
-72.52
-72.7497
-72.7638
-72.0915
-68.6785
-70.3464
-70.3722
-70.4249
-70.5069
-70.6215
-70.7731
-70.9667
-71.207
-71.4975
-71.8386
-72.2207
-72.6058
-72.915
-73.0158
-72.7948
-69.8369
-69.8611
-69.9108
-69.9888
-70.0996
-70.2491
-70.4451
-70.6972
-71.0173
-71.4194
-71.9172
-72.5127
-73.2094
-74.1616
-76.7806
-69.309
-69.3307
-69.3755
-69.4467
-69.5495
-69.6914
-69.8827
-70.138
-70.4781
-70.9332
-71.5441
-72.3471
-73.3252
-74.1478
-72.888
-68.7645
-68.7827
-68.8205
-68.8815
-68.9711
-69.0979
-69.274
-69.5176
-69.857
-70.3383
-71.0356
-72.0578
-73.5476
-75.578
-77.8628
-68.2059
-68.2194
-68.248
-68.295
-68.3658
-68.4689
-68.6167
-68.8285
-69.1356
-69.5928
-70.2997
-71.4419
-73.3933
-76.8292
-81.9598
-67.6363
-67.6442
-67.6614
-67.6907
-67.7369
-67.8074
-67.9132
-68.0709
-68.308
-68.6735
-69.2598
-70.2622
-72.2069
-76.9014
-92.1277
-92.0348
-76.7725
-72.0082
-70.0392
-69.0415
-68.4721
-68.1261
-67.9074
-67.7658
-67.6734
-67.6135
-67.5753
-67.5518
-67.5385
-67.5325
-82.4623
-76.6648
-73.0769
-71.116
-70.0039
-69.3342
-68.9106
-68.6317
-68.4427
-68.3128
-68.2234
-68.1629
-68.1232
-68.0992
-68.088
-77.2446
-75.0212
-73.0144
-71.6012
-70.6575
-70.0248
-69.5931
-69.2916
-69.0769
-68.9227
-68.8123
-68.7347
-68.6822
-68.6498
-68.6343
-73.2833
-73.2255
-72.5382
-71.7584
-71.0935
-70.5751
-70.1835
-69.8891
-69.6672
-69.5007
-69.3773
-69.2879
-69.226
-69.1871
-69.1683
-69.3833
-71.8655
-72.125
-71.8337
-71.426
-71.0367
-70.7049
-70.4339
-70.2174
-70.0476
-69.9174
-69.8207
-69.7524
-69.7089
-69.6878
-73.0769
-72.0476
-72.0929
-71.9875
-71.7443
-71.4576
-71.1822
-70.9388
-70.7333
-70.5655
-70.4331
-70.3324
-70.2603
-70.2137
-70.191
-68.2113
-71.4819
-72.164
-72.2348
-72.0911
-71.87
-71.6354
-71.4152
-71.2211
-71.0576
-70.9254
-70.8232
-70.7488
-70.7005
-70.6767
-74.6539
-72.7121
-72.6583
-72.6288
-72.49
-72.2911
-72.0769
-71.8711
-71.6857
-71.5265
-71.3956
-71.2932
-71.218
-71.1687
-71.1444
-68.9106
-72.6296
-73.1343
-73.0964
-72.9288
-72.7219
-72.5107
-72.3107
-72.1302
-71.9741
-71.8449
-71.7429
-71.6676
-71.618
-71.5934
-78.6756
-74.7777
-73.9854
-73.6518
-73.393
-73.155
-72.9349
-72.7343
-72.5557
-72.4018
-72.274
-72.1729
-72.0979
-72.0483
-72.0237
-73.1032
-74.7674
-74.5165
-74.1527
-73.841
-73.5749
-73.3436
-73.1402
-72.9621
-72.8097
-72.6834
-72.5833
-72.5089
-72.4597
-72.4353
-79.2887
-76.0853
-75.1245
-74.6151
-74.2555
-73.9698
-73.7311
-73.526
-73.3488
-73.198
-73.0732
-72.9744
-72.9009
-72.8523
-72.8281
-74.8331
-75.8441
-75.4173
-74.9711
-74.6169
-74.3312
-74.0933
-73.8901
-73.7151
-73.5665
-73.4438
-73.3465
-73.2741
-73.2262
-73.2024
-79.4064
-76.5996
-75.7219
-75.2607
-74.9287
-74.6585
-74.4296
-74.232
-74.0611
-73.9157
-73.7953
-73.6999
-73.6288
-73.5818
-73.5583
-76.2468
-76.0135
-75.7357
-75.4582
-75.1959
-74.9561
-74.7422
-74.553
-74.3875
-74.2457
-74.1282
-74.0348
-73.9653
-73.9192
-73.8963
-73.2739
-75.4564
-75.7478
-75.6426
-75.4455
-75.2348
-75.0357
-74.8551
-74.6952
-74.5574
-74.4429
-74.3518
-74.2839
-74.2389
-74.2165
-77.5876
-76.2108
-76.0336
-75.8885
-75.7027
-75.5044
-75.3144
-75.1404
-74.9854
-74.8515
-74.74
-74.6512
-74.585
-74.5411
-74.5193
-74.1047
-76.1304
-76.2955
-76.1601
-75.9666
-75.7674
-75.5801
-75.4099
-75.2588
-75.1284
-75.0199
-74.9335
-74.8691
-74.8264
-74.8051
-79.7217
-77.3403
-76.7645
-76.4697
-76.2327
-76.0211
-75.832
-75.6637
-75.5157
-75.3886
-75.283
-75.199
-75.1364
-75.095
-75.0743
-76.5355
-77.2945
-77.0367
-76.7368
-76.4791
-76.2583
-76.0675
-75.901
-75.7561
-75.6322
-75.5296
-75.4482
-75.3875
-75.3473
-75.3273
-79.7699
-77.953
-77.3365
-76.9721
-76.6981
-76.4737
-76.2841
-76.1208
-75.9797
-75.8595
-75.7602
-75.6814
-75.6228
-75.584
-75.5647
-77.3683
-77.7763
-77.4595
-77.1422
-76.8809
-76.6638
-76.4805
-76.3228
-76.1866
-76.0707
-75.975
-75.8991
-75.8427
-75.8053
-75.7867
-79.5661
-78.1011
-77.5814
-77.271
-77.0311
-76.8296
-76.6571
-76.5073
-76.3773
-76.2664
-76.1746
-76.1019
-76.0477
-76.0118
-75.994
-77.9482
-77.7677
-77.5565
-77.3483
-77.1527
-76.9744
-76.8159
-76.6756
-76.5526
-76.4472
-76.3597
-76.2901
-76.2384
-76.2041
-76.187
-76.4806
-77.454
-77.5278
-77.4144
-77.2604
-77.1045
-76.96
-76.8294
-76.7137
-76.6139
-76.5307
-76.4646
-76.4153
-76.3826
-76.3664
-78.4497
-77.7633
-77.6276
-77.5064
-77.3675
-77.2258
-77.0924
-76.9705
-76.8617
-76.7673
-76.6886
-76.6258
-76.579
-76.548
-76.5325
-76.8325
-77.6884
-77.7156
-77.6083
-77.4748
-77.3404
-77.2147
-77.1001
-76.9975
-76.9084
-76.8339
-76.7745
-76.7302
-76.7008
-76.6861
-79.2687
-78.1875
-77.8956
-77.726
-77.581
-77.448
-77.3275
-77.2188
-77.1218
-77.0377
-76.9673
-76.9112
-76.8693
-76.8415
-76.8277
-77.8572
-78.1367
-77.989
-77.8242
-77.6769
-77.546
-77.4301
-77.3268
-77.2352
-77.1558
-77.0894
-77.0365
-76.997
-76.9708
-76.9577
-79.1621
-78.381
-78.0927
-77.9079
-77.7597
-77.6326
-77.5221
-77.4244
-77.338
-77.2632
-77.2008
-77.151
-77.1138
-77.0892
-77.0769
-78.1482
-78.2813
-78.1232
-77.9638
-77.8261
-77.7068
-77.6031
-77.5116
-77.4306
-77.3605
-77.3019
-77.2552
-77.2203
-77.1972
-77.1856
-78.9697
-78.3823
-78.1529
-78.0022
-77.8779
-77.7692
-77.6738
-77.589
-77.5136
-77.4482
-77.3934
-77.3497
-77.317
-77.2953
-77.2845
-78.3201
-78.233
-78.1267
-78.0199
-77.9171
-77.8214
-77.7352
-77.6574
-77.5877
-77.5268
-77.4758
-77.4349
-77.4044
-77.3842
-77.3741
-77.7555
-78.0953
-78.0993
-78.0324
-77.9495
-77.8662
-77.7888
-77.7178
-77.6536
-77.5971
-77.5496
-77.5115
-77.4831
-77.4642
-77.4548
-78.452
-78.1894
-78.1196
-78.0537
-77.9804
-77.906
-77.836
-77.7711
-77.7119
-77.6596
-77.6154
-77.58
-77.5535
-77.5358
-77.5271
-77.8825
-78.1478
-78.1356
-78.0779
-78.0102
-77.9419
-77.8778
-77.8181
-77.7634
-77.7148
-77.6738
-77.6408
-77.616
-77.5996
-77.5914
-78.6673
-78.2972
-78.1819
-78.1067
-78.0385
-77.974
-77.9144
-77.8592
-77.8085
-77.7633
-77.7251
-77.6943
-77.6712
-77.6558
-77.6482
-78.2192
-78.2682
-78.1989
-78.1282
-78.0627
-78.0017
-77.9462
-77.8949
-77.8476
-77.8055
-77.7697
-77.7409
-77.7193
-77.705
-77.6978
-78.5735
-78.3196
-78.2153
-78.1438
-78.0818
-78.0248
-77.9731
-77.9252
-77.8811
-77.8417
-77.8081
-77.7811
-77.7608
-77.7474
-77.7406
-78.316
-78.2657
-78.2073
-78.1507
-78.0956
-78.0433
-77.9953
-77.9507
-77.9092
-77.8722
-77.8406
-77.8151
-77.796
-77.7833
-77.7769
-78.1177
-78.2157
-78.1967
-78.154
-78.1059
-78.0579
-78.0133
-77.9714
-77.9324
-77.8973
-77.8673
-77.8432
-77.8251
-77.813
-77.807
-78.3499
-78.2454
-78.2011
-78.1589
-78.1142
-78.0694
-78.0274
-77.9878
-77.9507
-77.9173
-77.8887
-77.8656
-77.8483
-77.8368
-77.831
-78.2042
-78.2318
-78.2026
-78.1633
-78.1207
-78.078
-78.0379
-78.0001
-77.9644
-77.9323
-77.9047
-77.8825
-77.8659
-77.8548
-77.8492
-78.34
-78.256
-78.2095
-78.1677
-78.1255
-78.0839
-78.0451
-78.0083
-77.9737
-77.9425
-77.9157
-77.8941
-77.8779
-77.8671
-77.8618
-78.2816
-78.2526
-78.2116
-78.1701
-78.1281
-78.087
-78.0488
-78.0127
-77.9787
-77.948
-77.9217
-77.9005
-77.8846
-77.874
-77.8687
-78.298
-78.256
-78.2127
-78.1706
-78.1284
-78.0873
-78.0491
-78.0131
-77.9793
-77.9488
-77.9227
-77.9017
-77.8859
-77.8754
-77.8702
-78.3371
-78.2588
-78.2115
-78.1688
-78.1262
-78.0845
-78.046
-78.0097
-77.9757
-77.945
-77.9188
-77.8977
-77.8819
-77.8714
-77.8662
-78.2226
-78.2384
-78.2055
-78.1647
-78.1214
-78.0788
-78.0393
-78.0023
-77.9677
-77.9365
-77.91
-77.8886
-77.8726
-77.862
-77.8567
-78.3532
-78.2504
-78.2037
-78.1598
-78.1145
-78.07
-78.029
-77.9908
-77.9552
-77.9233
-77.8961
-77.8743
-77.858
-77.8471
-77.8417
-78.1339
-78.2217
-78.1984
-78.1538
-78.1052
-78.058
-78.0149
-77.975
-77.9381
-77.9052
-77.8772
-77.8547
-77.8379
-77.8267
-77.8212
-78.3233
-78.2684
-78.2065
-78.1482
-78.0932
-78.0423
-77.9966
-77.9547
-77.9163
-77.882
-77.853
-77.8297
-77.8122
-77.8006
-77.7949
-78.5748
-78.3185
-78.2107
-78.1379
-78.0766
-78.022
-77.9737
-77.9297
-77.8895
-77.8537
-77.8234
-77.7991
-77.7809
-77.7688
-77.7627
-78.2239
-78.2638
-78.1892
-78.1172
-78.0535
-77.9965
-77.9458
-77.8997
-77.8575
-77.82
-77.7882
-77.7627
-77.7436
-77.7309
-77.7246
-78.674
-78.287
-78.1644
-78.0885
-78.0241
-77.9656
-77.9129
-77.8646
-77.8202
-77.7808
-77.7473
-77.7204
-77.7003
-77.6869
-77.6802
-77.8706
-78.125
-78.1057
-78.0496
-77.9889
-77.9297
-77.875
-77.8243
-77.7775
-77.7358
-77.7004
-77.672
-77.6506
-77.6364
-77.6294
-78.4611
-78.1516
-78.0709
-78.0115
-77.9507
-77.8899
-77.8325
-77.7788
-77.7291
-77.6849
-77.6473
-77.617
-77.5944
-77.5793
-77.5718
-77.7352
-78.0176
-78.0199
-77.9721
-77.9108
-77.8467
-77.7855
-77.728
-77.675
-77.6277
-77.5876
-77.5554
-77.5312
-77.5151
-77.5071
-78.3931
-78.0766
-78.0022
-77.9398
-77.871
-77.8006
-77.734
-77.6718
-77.6147
-77.564
-77.5211
-77.4866
-77.4608
-77.4436
-77.435
-77.5771
-77.9657
-77.9745
-77.9098
-77.8304
-77.7511
-77.6775
-77.6096
-77.5479
-77.4934
-77.4474
-77.4104
-77.3827
-77.3643
-77.3552
-78.2338
-78.1168
-77.9965
-77.8875
-77.7879
-77.6968
-77.6149
-77.5408
-77.4739
-77.4153
-77.3659
-77.3263
-77.2966
-77.2769
-77.2671
-78.9961
-78.2687
-78.009
-77.8564
-77.7376
-77.6351
-77.5451
-77.4645
-77.3923
-77.3292
-77.2761
-77.2337
-77.2019
-77.1808
-77.1703
-77.9111
-78.094
-77.9458
-77.7995
-77.6741
-77.564
-77.4669
-77.3799
-77.3022
-77.2344
-77.1776
-77.1322
-77.0982
-77.0757
-77.0645
-79.1005
-78.1476
-77.8797
-77.7258
-77.5981
-77.483
-77.3796
-77.2864
-77.2031
-77.1306
-77.0698
-77.0212
-76.985
-76.9609
-76.9489
-77.0051
-77.7238
-77.7329
-77.6315
-77.5115
-77.3929
-77.2833
-77.1836
-77.0944
-77.0169
-76.952
-76.9003
-76.8616
-76.836
-76.8232
-78.4062
-77.7912
-77.6612
-77.5478
-77.422
-77.2957
-77.1781
-77.0711
-76.9756
-76.8929
-76.8238
-76.7687
-76.7276
-76.7004
-76.6868
-76.6741
-77.5202
-77.5764
-77.4704
-77.331
-77.1916
-77.0635
-76.9481
-76.846
-76.7578
-76.6844
-76.6259
-76.5824
-76.5535
-76.5391
-77.9636
-77.7961
-77.6025
-77.4139
-77.2381
-77.0789
-76.938
-76.8136
-76.7045
-76.6109
-76.5331
-76.4713
-76.4253
-76.3948
-76.3796
-79.3941
-78.0884
-77.6237
-77.3461
-77.1319
-76.9524
-76.7991
-76.6659
-76.5502
-76.4513
-76.3694
-76.3043
-76.2559
-76.2237
-76.2078
-77.4311
-77.7949
-77.5135
-77.2318
-76.9998
-76.807
-76.6441
-76.5038
-76.3822
-76.2785
-76.1925
-76.1243
-76.0734
-76.0397
-76.0229
-79.5649
-77.9477
-77.402
-77.0805
-76.8385
-76.6398
-76.4716
-76.3261
-76.1997
-76.0917
-76.002
-75.9307
-75.8775
-75.8422
-75.8247
-76.6648
-77.3545
-77.1332
-76.8715
-76.6454
-76.4506
-76.2813
-76.1327
-76.0024
-75.8905
-75.7973
-75.723
-75.6676
-75.6307
-75.6124
-79.4917
-77.3924
-76.8909
-76.6355
-76.4288
-76.2426
-76.0748
-75.9241
-75.7904
-75.6748
-75.5781
-75.5008
-75.4431
-75.4047
-75.3855
-74.5098
-76.3189
-76.476
-76.3633
-76.196
-76.0209
-75.8544
-75.7012
-75.5638
-75.4442
-75.344
-75.2637
-75.2035
-75.1635
-75.1436
-77.587
-76.3911
-76.2469
-76.1267
-75.9668
-75.7924
-75.6227
-75.465
-75.3228
-75.1988
-75.0946
-75.011
-74.9484
-74.9067
-74.886
-73.799
-75.7311
-75.9995
-75.9154
-75.7457
-75.5598
-75.3808
-75.2156
-75.0672
-74.938
-74.8294
-74.7424
-74.6772
-74.6338
-74.6121
-76.4134
-76.2246
-75.9954
-75.7611
-75.534
-75.3213
-75.1273
-74.9522
-74.7964
-74.6612
-74.548
-74.4573
-74.3893
-74.3441
-74.3215
-79.1828
-76.7445
-75.9932
-75.5993
-75.3106
-75.069
-74.8588
-74.6729
-74.5092
-74.3677
-74.2495
-74.1549
-74.0841
-74.037
-74.0135
-75.1768
-76.0912
-75.7412
-75.3623
-75.0525
-74.794
-74.5714
-74.376
-74.2045
-74.0566
-73.9332
-73.8346
-73.7608
-73.7118
-73.6874
-79.0521
-76.3142
-75.5075
-75.0749
-74.7572
-74.4929
-74.2633
-74.0603
-73.8814
-73.7271
-73.5983
-73.4956
-73.4189
-73.368
-73.3426
-73.6943
-75.1942
-75.0126
-74.7055
-74.4228
-74.1669
-73.9349
-73.7254
-73.5392
-73.3783
-73.2441
-73.1372
-73.0576
-73.0048
-72.9786
-78.476
-75.2403
-74.6032
-74.3169
-74.0681
-73.8234
-73.5891
-73.3721
-73.1776
-73.0094
-72.8695
-72.7585
-72.6761
-72.6217
-72.5946
-70.2332
-73.4802
-73.9486
-73.9
-73.7089
-73.4717
-73.2294
-73.0008
-72.7958
-72.6194
-72.4736
-72.3586
-72.2738
-72.2179
-72.1902
-75.0522
-73.6482
-73.6515
-73.5798
-73.38
-73.1228
-72.8583
-72.6111
-72.3923
-72.2066
-72.0549
-71.9366
-71.8498
-71.7931
-71.765
-69.8113
-72.8372
-73.4052
-73.3464
-73.0892
-72.7781
-72.4736
-72.1995
-71.964
-71.7686
-71.6119
-71.4912
-71.4037
-71.3468
-71.3188
-73.5476
-73.7316
-73.5926
-73.2487
-72.8341
-72.4279
-72.0661
-71.7591
-71.506
-71.3023
-71.1425
-71.0215
-70.9348
-70.8789
-70.8516
-77.1774
-74.8489
-73.9206
-73.1983
-72.5714
-72.0457
-71.6191
-71.2794
-71.0119
-70.8039
-70.6449
-70.5267
-70.4432
-70.3899
-70.3639
-73.9802
-74.9923
-74.1042
-73.0797
-72.237
-71.5934
-71.1102
-70.7477
-70.475
-70.2701
-70.1176
-70.0065
-69.9292
-69.8803
-69.8567
-78.5656
-76.4539
-74.3807
-72.8332
-71.7631
-71.0283
-70.516
-70.152
-69.8894
-69.6986
-69.5603
-69.4617
-69.3941
-69.3519
-69.3317
-83.4648
-77.8873
-74.2906
-72.2535
-71.0549
-70.3073
-69.8172
-69.4842
-69.2525
-69.0893
-68.9741
-68.8939
-68.84
-68.8069
-68.7911
-93.4293
-77.9438
-73.1158
-71.09
-70.0326
-69.406
-69.0077
-68.7445
-68.5667
-68.4452
-68.3624
-68.3066
-68.2703
-68.2485
-68.2383
-67.0022
-67.0029
-67.0053
-67.0116
-67.0253
-67.0515
-67.0977
-67.1745
-67.298
-67.4931
-67.796
-68.2422
-68.8004
-68.9337
-65.029
-66.3075
-66.2994
-66.2838
-66.2617
-66.2347
-66.2051
-66.1751
-66.1471
-66.1221
-66.097
-66.0535
-65.9234
-65.5079
-64.2771
-61.1157
-65.619
-65.6016
-65.5669
-65.5148
-65.4451
-65.3571
-65.2484
-65.1142
-64.9443
-64.7185
-64.3953
-63.8874
-63.0293
-61.5498
-59.1745
-64.9458
-64.9191
-64.8655
-64.7838
-64.6723
-64.5279
-64.3451
-64.1144
-63.8202
-63.4364
-62.9199
-62.1993
-61.1708
-59.7159
-57.7819
-64.2973
-64.2618
-64.1902
-64.0808
-63.9307
-63.7354
-63.4876
-63.176
-62.7837
-62.2857
-61.6466
-60.8168
-59.7373
-58.3595
-56.6833
-63.6823
-63.6389
-63.5511
-63.4169
-63.2328
-62.9937
-62.6919
-62.3162
-61.851
-61.2753
-60.5629
-59.6819
-58.6007
-57.3005
-55.7919
-63.1089
-63.0585
-62.9566
-62.8011
-62.5883
-62.3132
-61.9683
-61.5438
-61.0266
-60.4003
-59.6465
-58.7457
-57.6817
-56.4484
-55.0576
-62.5841
-62.5278
-62.4141
-62.2409
-62.0047
-61.7009
-61.3229
-60.8624
-60.3091
-59.651
-58.8756
-57.9713
-56.9303
-55.7523
-54.448
-62.1138
-62.0526
-61.9294
-61.7419
-61.4873
-61.1613
-60.7585
-60.2722
-59.6946
-59.0173
-58.232
-57.3321
-56.3145
-55.1814
-53.9418
-61.7029
-61.6379
-61.5071
-61.3086
-61.0398
-60.6971
-60.2762
-59.7719
-59.1784
-58.49
-57.7015
-56.8094
-55.813
-54.7157
-53.5251
-61.3554
-61.2874
-61.1507
-60.9438
-60.6644
-60.3096
-59.8759
-59.3594
-58.7559
-58.0615
-57.2733
-56.3897
-55.4114
-54.342
-53.1884
-61.0741
-61.004
-60.863
-60.6499
-60.3629
-59.9995
-59.557
-59.0324
-58.4227
-57.7256
-56.9392
-56.0634
-55.0996
-54.0516
-52.9254
-60.8614
-60.7897
-60.6457
-60.4284
-60.1361
-59.767
-59.3186
-58.7889
-58.1757
-57.4775
-56.6934
-55.8239
-54.8709
-53.8383
-52.7315
-60.7187
-60.6461
-60.5002
-60.2802
-59.9847
-59.612
-59.1602
-58.6275
-58.0124
-57.3138
-56.5316
-55.6665
-54.7208
-53.6981
-52.6037
-60.6472
-60.574
-60.4273
-60.206
-59.9089
-59.5345
-59.0811
-58.547
-57.9311
-57.2325
-56.4513
-55.5884
-54.6463
-53.6286
-52.5402
-51.7555
-57.8768
-57.3196
-50.2758
-43.9969
-28.2855
-42.6752
-48.1327
-54.3688
-53.7905
-45.7708
-41.567
-34.9472
-29.9534
-18.8809
-27.396
-30.3095
-33.1372
-32.1286
-26.0132
-21.9304
-13.4002
-18.5995
-20.1516
-21.0418
-21.54
-22.6573
-21.6839
-17.3283
-14.5438
-8.93881
-12.2894
-13.3214
-14.0073
-14.4333
-15.4012
-14.8719
-12.14
-10.3441
-6.5879
-9.29757
-10.2905
-11.2951
-11.981
-13.4458
-13.3944
-11.7615
-10.9785
-9.82623
-8.78908
-6.1207
-9.40182
-10.8868
-13.0163
-13.2521
-11.8796
-10.676
-7.41625
-11.4154
-13.2517
-15.7351
-17.3999
-20.6748
-21.0728
-19.0319
-17.1559
-11.9135
-18.6823
-21.817
-26.1011
-28.9323
-34.454
-35.1089
-31.6435
-28.4155
-19.4349
-30.6067
-35.6267
-42.2657
-46.5297
-54.7499
-55.3755
-49.111
-43.5676
-28.8791
-44.9551
-51.3725
-58.5643
-59.0602
-52.5608
-56.5066
-55.5297
-53.5815
-49.8116
-45.6588
-41.5107
-43.8976
-46.2869
-48.0153
-47.1836
-43.7814
-40.1438
-35.9765
-32.0893
-28.4371
-29.1518
-29.9498
-30.2761
-29.0794
-26.2453
-23.3277
-20.4309
-20.592
-20.949
-21.1863
-21.2246
-21.0338
-19.973
-17.9027
-15.8729
-13.9213
-14.0041
-14.2597
-14.4835
-14.607
-14.618
-14.0459
-12.8109
-11.5936
-10.4536
-10.7983
-11.2885
-11.825
-12.302
-12.755
-12.695
-12.114
-11.5203
-10.8638
-10.2669
-9.79554
-10.6823
-11.6231
-12.5295
-12.8265
-12.54
-12.1333
-11.7967
-13.1157
-14.5787
-16.2031
-17.7002
-19.1908
-19.7538
-19.4172
-18.8738
-18.4451
-20.745
-23.2614
-26.0379
-28.5649
-31.0491
-31.9385
-31.2769
-30.218
-29.2858
-32.8745
-36.7442
-40.92
-44.5947
-48.0628
-48.9252
-47.1908
-44.7678
-42.3363
-46.5747
-50.8031
-54.6204
-56.5386
-57.4173
-56.5002
-54.5798
-52.4654
-49.8978
-47.3133
-45.3247
-45.1163
-45.3926
-45.3481
-44.2782
-42.1311
-39.4836
-36.6027
-33.8875
-31.7054
-30.7884
-30.2704
-29.609
-28.3892
-26.5988
-24.6962
-23.0589
-22.3036
-21.92
-21.6188
-21.2406
-20.6644
-19.7176
-18.4201
-17.0908
-15.9754
-15.4713
-15.245
-15.1058
-14.9439
-14.6758
-14.176
-13.4574
-12.7333
-12.1822
-12.0909
-12.2211
-12.4416
-12.6592
-12.8045
-12.7471
-12.486
-12.1539
-11.8167
-11.565
-11.5157
-11.8861
-12.4101
-12.9217
-13.2421
-13.3749
-13.4906
-13.794
-14.6099
-15.6743
-16.8558
-18.0113
-19.044
-19.7317
-20.1014
-20.428
-21.0486
-22.4969
-24.3322
-26.3354
-28.2604
-29.9418
-31.0026
-31.4835
-31.839
-32.6272
-34.7384
-37.4215
-40.2964
-42.9573
-45.1284
-46.2143
-46.2619
-45.9802
-46.1884
-48.208
-50.8252
-53.4103
-55.5131
-57.4008
-55.7473
-53.9081
-52.0008
-50.0074
-48.1091
-46.5746
-45.6366
-44.9601
-44.1572
-42.9238
-41.2015
-39.1598
-36.9905
-34.9183
-33.1525
-31.8513
-30.7983
-29.7469
-28.5219
-27.1145
-25.6837
-24.418
-23.4812
-22.7735
-22.1633
-21.543
-20.8301
-19.9684
-18.9848
-18.0019
-17.1505
-16.54
-16.106
-15.762
-15.4352
-15.0689
-14.6224
-14.1133
-13.625
-13.2498
-13.0656
-13.0251
-13.0638
-13.1217
-13.1471
-13.0939
-12.9616
-12.7962
-12.6475
-12.5731
-12.6325
-12.87
-13.216
-13.5905
-13.9293
-14.2354
-14.5787
-15.0547
-15.7474
-16.6027
-17.5471
-18.5008
-19.3951
-20.1686
-20.8491
-21.5599
-22.4614
-23.6927
-25.1625
-26.7464
-28.308
-29.729
-30.9028
-31.8717
-32.8375
-34.0642
-35.7791
-37.8229
-39.9815
-42.0254
-43.7566
-44.9987
-45.807
-46.487
-47.4316
-48.9803
-50.8931
-52.8935
-54.7957
-56.6207
-54.9661
-53.3334
-51.6593
-49.9792
-48.3803
-46.9651
-45.7796
-44.7093
-43.586
-42.2734
-40.7321
-39.0199
-37.2389
-35.5082
-33.9312
-32.5572
-31.3245
-30.1356
-28.918
-27.6649
-26.4344
-25.3047
-24.3298
-23.4879
-22.7237
-21.9799
-21.2114
-20.3961
-19.5499
-18.7248
-17.9801
-17.3556
-16.839
-16.3948
-15.9848
-15.5786
-15.1604
-14.7408
-14.3549
-14.0439
-13.8346
-13.7162
-13.6598
-13.6323
-13.6044
-13.5557
-13.4862
-13.4157
-13.3727
-13.3895
-13.4942
-13.6988
-13.9821
-14.3118
-14.6647
-15.0434
-15.477
-16.0044
-16.6518
-17.4041
-18.2262
-19.077
-19.9214
-20.7409
-21.5544
-22.4182
-23.4006
-24.5462
-25.8294
-27.1907
-28.5591
-29.8732
-31.0991
-32.265
-33.4613
-34.7986
-36.3469
-38.0594
-39.8322
-41.5438
-43.0893
-44.4077
-45.5366
-46.6123
-47.8044
-49.2276
-50.8338
-52.5171
-54.1886
-55.8137
-54.2732
-52.8171
-51.3254
-49.8332
-48.386
-47.0243
-45.7561
-44.5345
-43.287
-41.9522
-40.5087
-38.9792
-37.415
-35.8772
-34.4178
-33.0603
-31.7883
-30.5662
-29.3658
-28.1835
-27.041
-25.9691
-24.9879
-24.0913
-23.2559
-22.4535
-21.6613
-20.8695
-20.0859
-19.3332
-18.6378
-18.0169
-17.4688
-16.9794
-16.5304
-16.1068
-15.7019
-15.3206
-14.9784
-14.6926
-14.4741
-14.3193
-14.2153
-14.1449
-14.0927
-14.0489
-14.0136
-13.9965
-14.0131
-14.0806
-14.2129
-14.4156
-14.6822
-15.0011
-15.3642
-15.7735
-16.2413
-16.7826
-17.4062
-18.1059
-18.8651
-19.6636
-20.4848
-21.3228
-22.1883
-23.1066
-24.106
-25.2022
-26.385
-27.6257
-28.8891
-30.1455
-31.3824
-32.6151
-33.8827
-35.2297
-36.6787
-38.2095
-39.7711
-41.3018
-42.7493
-44.0894
-45.3427
-46.57
-47.8441
-49.2114
-50.663
-52.157
-53.6473
-55.0987
-53.6754
-52.351
-50.9912
-49.6216
-48.2679
-46.9484
-45.6648
-44.3969
-43.1135
-41.7875
-40.409
-38.9889
-37.5531
-36.1336
-34.758
-33.441
-32.1808
-30.9664
-29.7883
-28.6456
-27.5467
-26.504
-25.5251
-24.6077
-23.7416
-22.9133
-22.1118
-21.3323
-20.5784
-19.8602
-19.1896
-18.5745
-18.0155
-17.5069
-17.0406
-16.6095
-16.2104
-15.8456
-15.5217
-15.246
-15.0228
-14.8507
-14.7235
-14.6325
-14.57
-14.5311
-14.5161
-14.5301
-14.5814
-14.6794
-14.8316
-15.0416
-15.3082
-15.6279
-15.9982
-16.4208
-16.9006
-17.4436
-18.0522
-18.7233
-19.4487
-20.2185
-21.0251
-21.8663
-22.7473
-23.6791
-24.6732
-25.7347
-26.858
-28.029
-29.23
-30.4465
-31.6728
-32.9154
-34.1904
-35.5143
-36.8933
-38.3155
-39.7548
-41.1796
-42.5638
-43.8961
-45.1859
-46.4599
-47.7492
-49.0734
-50.4306
-51.8017
-53.1609
-54.4823
-53.1635
-51.935
-50.67
-49.3864
-48.0997
-46.8205
-45.5503
-44.2814
-43.001
-41.6981
-40.3694
-39.0212
-37.6679
-36.3269
-35.0143
-33.7402
-32.5076
-31.3151
-30.1607
-29.0452
-27.9725
-26.9479
-25.9745
-25.0514
-24.1739
-23.3357
-22.5317
-21.7595
-21.0207
-20.3199
-19.6626
-19.0526
-18.4908
-17.9749
-17.5015
-17.0673
-16.6708
-16.3131
-15.9967
-15.7249
-15.4992
-15.3189
-15.1807
-15.0806
-15.0145
-14.9803
-14.9782
-15.0111
-15.0838
-15.2014
-15.3684
-15.5874
-15.859
-16.1827
-16.5583
-16.9868
-17.4703
-18.011
-18.6095
-19.2636
-19.9693
-20.7216
-21.5167
-22.3535
-23.2342
-24.163
-25.1442
-26.1789
-27.2634
-28.3901
-29.5495
-30.7341
-31.9403
-33.1699
-34.4282
-35.7203
-37.0459
-38.3972
-39.7596
-41.1162
-42.453
-43.7637
-45.0515
-46.3271
-47.6033
-48.8873
-50.1774
-51.4629
-52.7279
-53.9547
-52.7288
-51.5705
-50.375
-49.1547
-47.9202
-46.6789
-45.4335
-44.182
-42.9206
-41.6457
-40.3577
-39.0612
-37.765
-36.4797
-35.2156
-33.98
-32.7773
-31.6096
-30.4778
-29.3837
-28.3298
-27.3189
-26.3524
-25.4303
-24.5504
-23.71
-22.9068
-22.1396
-21.4093
-20.7181
-20.0685
-19.4626
-18.901
-18.383
-17.9071
-17.4719
-17.0768
-16.7221
-16.4089
-16.1386
-15.9116
-15.7274
-15.5845
-15.4808
-15.4144
-15.3843
-15.391
-15.4361
-15.5226
-15.6534
-15.8313
-16.0585
-16.3359
-16.6641
-17.0434
-17.4747
-17.9588
-18.4964
-19.0876
-19.7309
-20.4239
-21.1641
-21.9494
-22.7787
-23.6527
-24.5725
-25.5393
-26.5524
-27.609
-28.7046
-29.8336
-30.9913
-32.1748
-33.3835
-34.6179
-35.8782
-37.162
-38.4632
-39.7729
-41.0813
-42.38
-43.6644
-44.9344
-46.1934
-47.4453
-48.6919
-49.9302
-51.1529
-52.3492
-53.5069
-52.3651
-51.2587
-50.1148
-48.9426
-47.75
-46.5429
-45.3247
-44.0968
-42.8592
-41.6123
-40.358
-39.1007
-37.8464
-36.6024
-35.3759
-34.1727
-32.9973
-31.8526
-30.7411
-29.6649
-28.626
-27.6265
-26.6674
-25.7491
-24.871
-24.0318
-23.2309
-22.4677
-21.7428
-21.0574
-20.4127
-19.8099
-19.2496
-18.7315
-18.2551
-17.8199
-17.4257
-17.0724
-16.7607
-16.491
-16.2635
-16.0777
-15.933
-15.8284
-15.7631
-15.7366
-15.7495
-15.8029
-15.8986
-16.0386
-16.2246
-16.4584
-16.7409
-17.0728
-17.4549
-17.8875
-18.3711
-18.906
-19.4918
-20.1275
-20.8117
-21.5428
-22.3194
-23.1406
-24.006
-24.9154
-25.8684
-26.8639
-27.8994
-28.9717
-30.077
-31.2119
-32.3737
-33.5605
-34.7709
-36.0028
-37.2531
-38.5171
-39.7883
-41.0604
-42.3275
-43.5857
-44.8331
-46.0695
-47.2948
-48.5078
-49.7048
-50.8801
-52.0255
-53.1322
-52.0679
-50.9999
-49.8946
-48.7592
-47.6
-46.4221
-45.2296
-44.0252
-42.811
-41.5891
-40.3627
-39.1357
-37.913
-36.7002
-35.5029
-34.3258
-33.1732
-32.0484
-30.9542
-29.8928
-28.8663
-27.8765
-26.9245
-26.011
-25.1361
-24.2996
-23.5014
-22.7416
-22.0205
-21.3389
-20.6976
-20.0973
-19.5384
-19.021
-18.545
-18.1102
-17.7166
-17.3642
-17.0532
-16.7839
-16.5563
-16.3701
-16.2251
-16.1208
-16.0569
-16.0335
-16.0509
-16.1101
-16.2121
-16.3585
-16.5505
-16.7892
-17.0757
-17.4107
-17.7946
-18.2279
-18.7108
-19.2433
-19.825
-20.4552
-21.133
-21.857
-22.6263
-23.4398
-24.2967
-25.1963
-26.1374
-27.1185
-28.1376
-29.1919
-30.2785
-31.3945
-32.5372
-33.7042
-34.8931
-36.1012
-37.3251
-38.5606
-39.8028
-41.0467
-42.2878
-43.5224
-44.7476
-45.9614
-47.1619
-48.3462
-49.5104
-50.6495
-51.757
-52.826
-51.8337
-50.7939
-49.7172
-48.6094
-47.4761
-46.322
-45.1512
-43.9673
-42.7733
-41.5725
-40.3682
-39.1644
-37.9654
-36.776
-35.6008
-34.444
-33.3096
-32.2008
-31.1204
-30.071
-29.0545
-28.0728
-27.127
-26.2182
-25.3468
-24.5132
-23.7177
-22.9606
-22.2423
-21.5635
-20.9246
-20.3262
-19.7686
-19.2521
-18.7766
-18.3424
-17.9493
-17.5974
-17.287
-17.018
-16.7905
-16.6044
-16.4596
-16.3561
-16.2937
-16.2726
-16.2934
-16.3565
-16.463
-16.6139
-16.81
-17.0525
-17.3419
-17.6791
-18.0643
-18.498
-18.9801
-19.5108
-20.0895
-20.7157
-21.3885
-22.1071
-22.8704
-23.6774
-24.527
-25.4182
-26.3496
-27.3194
-28.3258
-29.3663
-30.4383
-31.5391
-32.6662
-33.8168
-34.9881
-36.1772
-37.3806
-38.5945
-39.8148
-41.0371
-42.2575
-43.4723
-44.6783
-45.8724
-47.0518
-48.2129
-49.3518
-50.4638
-51.5433
-52.5847
-51.66
-50.6401
-49.5836
-48.4958
-47.3814
-46.2452
-45.0913
-43.9235
-42.7454
-41.5606
-40.3729
-39.186
-38.0042
-36.8316
-35.6724
-34.5304
-33.4094
-32.3126
-31.2427
-30.2023
-29.1934
-28.2179
-27.2771
-26.3722
-25.5039
-24.6729
-23.8796
-23.1247
-22.4085
-21.7315
-21.0943
-20.4973
-19.9408
-19.425
-18.9502
-18.5164
-18.1237
-17.7723
-17.4622
-17.1935
-16.9662
-16.7804
-16.6361
-16.5333
-16.4721
-16.4529
-16.4759
-16.5418
-16.6513
-16.8051
-17.0042
-17.2491
-17.5407
-17.8793
-18.2654
-18.6992
-19.1809
-19.7101
-20.2866
-20.9099
-21.5793
-22.2938
-23.0526
-23.8545
-24.6985
-25.5831
-26.5071
-27.4686
-28.4656
-29.4959
-30.5572
-31.6467
-32.7619
-33.8999
-35.058
-36.2329
-37.4213
-38.6195
-39.8239
-41.0304
-42.2353
-43.4349
-44.6257
-45.8044
-46.9675
-48.1112
-49.2316
-50.324
-51.3838
-52.4058
-51.5452
-50.5379
-49.4945
-48.4195
-47.3177
-46.1934
-45.0508
-43.894
-42.7268
-41.5529
-40.3761
-39.2004
-38.0298
-36.8681
-35.7192
-34.587
-33.4749
-32.386
-31.3231
-30.2887
-29.285
-28.3137
-27.3764
-26.4742
-25.6082
-24.779
-23.9874
-23.2339
-22.5191
-21.8434
-21.2073
-20.6111
-20.0554
-19.5402
-19.0658
-18.6324
-18.24
-17.8889
-17.579
-17.3105
-17.0834
-16.8979
-16.754
-16.6518
-16.5915
-16.5734
-16.5978
-16.6655
-16.7768
-16.9326
-17.1334
-17.3799
-17.6727
-18.0123
-18.399
-18.8329
-19.3141
-19.8424
-20.4175
-21.0389
-21.706
-22.4179
-23.1736
-23.9721
-24.8121
-25.6924
-26.6114
-27.5673
-28.5582
-29.5818
-30.6359
-31.7179
-32.8251
-33.9548
-35.1039
-36.2694
-37.4479
-38.636
-39.8299
-41.026
-42.2205
-43.4098
-44.5904
-45.7585
-46.9106
-48.0428
-49.151
-50.2308
-51.2779
-52.2875
-51.4881
-50.487
-49.4499
-48.3813
-47.2856
-46.1673
-45.0305
-43.8792
-42.7175
-41.549
-40.3778
-39.2076
-38.0424
-36.8861
-35.7425
-34.6151
-33.5073
-32.4224
-31.363
-30.3316
-29.3305
-28.3614
-27.4258
-26.5251
-25.6602
-24.832
-24.0412
-23.2885
-22.5744
-21.8993
-21.2637
-20.668
-20.1126
-19.5977
-19.1236
-18.6903
-18.2981
-17.9471
-17.6374
-17.369
-17.1421
-16.9567
-16.813
-16.7111
-16.6512
-16.6337
-16.6589
-16.7274
-16.8396
-16.9962
-17.1979
-17.4452
-17.7387
-18.0787
-18.4656
-18.8995
-19.3805
-19.9084
-20.4828
-21.1033
-21.7692
-22.4797
-23.2339
-24.0307
-24.8688
-25.7469
-26.6633
-27.6165
-28.6043
-29.6246
-30.6752
-31.7534
-32.8566
-33.982
-35.1267
-36.2876
-37.4612
-38.6441
-39.8329
-41.0238
-42.2131
-43.3973
-44.5726
-45.7354
-46.882
-48.0084
-49.1105
-50.1842
-51.225
-52.2286
-65.9293
-69.8633
-69.6812
-69.0689
-68.5777
-68.2385
-68.0126
-67.8641
-67.7676
-67.706
-67.6675
-67.6443
-67.631
-67.6239
-67.6209
-62.0108
-65.1619
-66.3627
-66.7413
-66.8366
-66.8496
-66.8475
-66.8497
-66.8593
-66.8745
-66.8925
-66.9102
-66.9255
-66.9366
-66.9425
-60.0534
-62.4093
-63.8649
-64.6953
-65.176
-65.4739
-65.6763
-65.826
-65.9436
-66.0387
-66.1158
-66.1768
-66.2224
-66.2528
-66.268
-58.6393
-60.5557
-61.9908
-62.9975
-63.6963
-64.192
-64.556
-64.8327
-65.0486
-65.2193
-65.3537
-65.4572
-65.5328
-65.5825
-65.6071
-57.5197
-59.1819
-60.5437
-61.6058
-62.4182
-63.04
-63.5213
-63.8986
-64.1974
-64.4344
-64.6208
-64.7636
-64.8675
-64.9354
-64.969
-56.6095
-58.1073
-59.3949
-60.4623
-61.3291
-62.0272
-62.5889
-63.0416
-63.4063
-63.6987
-63.9298
-64.1074
-64.2366
-64.321
-64.3627
-55.8589
-57.2415
-58.4649
-59.5181
-60.4073
-61.1493
-61.7641
-62.271
-62.6862
-63.0228
-63.2909
-63.4978
-63.6489
-63.7477
-63.7966
-55.2354
-56.5337
-57.7041
-58.7364
-59.6314
-60.3972
-61.0459
-61.5906
-62.0431
-62.414
-62.7116
-62.9425
-63.1118
-63.2228
-63.2778
-54.7174
-55.9527
-57.0802
-58.091
-58.9834
-59.7609
-60.4306
-61.0008
-61.4803
-61.8769
-62.1974
-62.4475
-62.6314
-62.7523
-62.8123
-54.2909
-55.4786
-56.5718
-57.5629
-58.4491
-59.2313
-59.9133
-60.5005
-60.9989
-61.4144
-61.7523
-62.0171
-62.2126
-62.3414
-62.4053
-53.9462
-55.0981
-56.1644
-57.1387
-58.0176
-58.8006
-59.4896
-60.0877
-60.5992
-61.0281
-61.3788
-61.6547
-61.8589
-61.9937
-62.0607
-53.6768
-54.8022
-55.8481
-56.8087
-57.6807
-58.4628
-59.1553
-59.7604
-60.2805
-60.7188
-61.0785
-61.3625
-61.5731
-61.7124
-61.7818
-53.4781
-54.5847
-55.6159
-56.5664
-57.4327
-58.2132
-58.9074
-59.5165
-60.0422
-60.4868
-60.8526
-61.1421
-61.3572
-61.4997
-61.5707
-53.3472
-54.4418
-55.4634
-56.4072
-57.2695
-58.0485
-58.7435
-59.3548
-59.8838
-60.3321
-60.7018
-60.9947
-61.2126
-61.3571
-61.4291
-53.2822
-54.3709
-55.3878
-56.3282
-57.1885
-57.9667
-58.6619
-59.2742
-59.8047
-60.2548
-60.6263
-60.9208
-61.1401
-61.2855
-61.358
)
;

boundaryField
{
    hot
    {
        type            calculated;
        value           nonuniform List<scalar> 
120
(
-59.5108
-59.5774
-59.7105
-59.9094
-60.173
-60.5
-60.8883
-61.3351
-61.8368
-62.3889
-62.9858
-63.6209
-64.2867
-64.9751
-65.6775
-66.3266
-66.9157
-67.4996
-68.0746
-68.6378
-69.1867
-69.7192
-70.2341
-70.73
-71.2064
-71.6626
-72.0984
-72.5138
-72.9087
-73.2833
-73.6381
-73.9733
-74.2895
-74.5872
-74.8671
-75.1299
-75.376
-75.6063
-75.8214
-76.022
-76.2086
-76.382
-76.5427
-76.6913
-76.8284
-76.9545
-77.0701
-77.1757
-77.2718
-77.3588
-77.4372
-77.5074
-77.5696
-77.6243
-77.6717
-77.7121
-77.7458
-77.7728
-77.7934
-77.8076
-77.8156
-77.8174
-77.813
-77.8022
-77.7851
-77.7615
-77.7312
-77.694
-77.6498
-77.5981
-77.5387
-77.4712
-77.3953
-77.3104
-77.2163
-77.1123
-76.9981
-76.8731
-76.7368
-76.5887
-76.4282
-76.2547
-76.0678
-75.8669
-75.6515
-75.421
-75.1749
-74.9128
-74.6341
-74.3383
-74.0249
-73.6935
-73.3434
-72.9743
-72.5857
-72.1772
-71.7484
-71.2992
-70.8297
-70.34
-69.831
-69.3037
-68.7601
-68.2026
-67.6345
-67.0021
-66.3096
-65.6233
-64.9524
-64.3061
-63.6931
-63.1214
-62.5981
-62.129
-61.7191
-61.3723
-61.0916
-60.8793
-60.7369
-60.6654
)
;
    }
    cold
    {
        type            calculated;
        value           nonuniform List<scalar> 
120
(
-60.7788
-60.8479
-60.9856
-61.1909
-61.4624
-61.7978
-62.1943
-62.6479
-63.1542
-63.7073
-64.3006
-64.9265
-65.5767
-66.2425
-66.9154
-67.5311
-68.0853
-68.6306
-69.1638
-69.6826
-70.1854
-70.6709
-71.1383
-71.5873
-72.0176
-72.4292
-72.8221
-73.1965
-73.5525
-73.8906
-74.2109
-74.5138
-74.7998
-75.0692
-75.3224
-75.5599
-75.7821
-75.9896
-76.1828
-76.3623
-76.5287
-76.6825
-76.8242
-76.9545
-77.0738
-77.1828
-77.2819
-77.3716
-77.4524
-77.5249
-77.5894
-77.6463
-77.6961
-77.739
-77.7754
-77.8055
-77.8296
-77.8479
-77.8605
-77.8674
-77.8689
-77.8649
-77.8554
-77.8404
-77.8198
-77.7935
-77.7613
-77.723
-77.6786
-77.6276
-77.5699
-77.5051
-77.4329
-77.3529
-77.2647
-77.1677
-77.0617
-76.9459
-76.82
-76.6834
-76.5356
-76.3759
-76.2038
-76.0188
-75.8203
-75.6078
-75.3807
-75.1386
-74.8808
-74.6067
-74.3159
-74.0076
-73.6813
-73.3363
-72.972
-72.5879
-72.1834
-71.7581
-71.3119
-70.8448
-70.3575
-69.8509
-69.3267
-68.7873
-68.2358
-67.6202
-66.944
-66.2719
-65.6132
-64.9773
-64.3731
-63.8087
-63.2914
-62.8272
-62.4212
-62.0775
-61.7991
-61.5884
-61.447
-61.3761
)
;
    }
    interface_left
    {
        type            calculated;
        value           nonuniform List<scalar> 
90
(
-97.7432
-77.1038
-79.0457
-67.9859
-79.8719
-71.5021
-62.8892
-76.435
-64.0216
-82.8098
-70.7467
-82.5881
-73.3943
-82.1863
-76.3818
-71.0233
-79.0284
-72.1059
-81.9003
-75.7946
-81.3724
-77.7525
-74.5981
-79.0541
-75.3036
-79.4369
-75.7274
-80.5934
-77.5489
-80.0911
-78.3765
-76.9424
-78.8615
-77.2628
-78.9221
-77.4404
-79.2747
-78.1325
-78.9905
-78.3972
-77.9446
-78.5189
-78.1066
-78.4801
-78.2257
-78.4359
-78.3711
-78.28
-78.3655
-78.5493
-78.2888
-78.7369
-78.157
-78.9391
-77.6768
-78.668
-77.4971
-78.3627
-79.3729
-77.9671
-79.7106
-77.5565
-80.0918
-76.1376
-79.0381
-75.721
-78.0424
-80.6202
-76.873
-81.0967
-75.7668
-81.5901
-72.4781
-78.8235
-71.6104
-76.3872
-81.4634
-73.7591
-81.613
-71.576
-81.618
-66.2001
-76.2428
-65.8641
-72.5958
-78.8229
-71.3307
-78.9988
-84.8955
-103.965
)
;
    }
    interface_right
    {
        type            calculated;
        value           nonuniform List<scalar> 
90
(
-103.86
-85.9335
-78.3081
-73.0634
-67.2518
-74.1558
-65.5106
-76.5242
-65.6661
-81.9794
-71.3831
-81.8378
-73.6442
-81.612
-76.3441
-71.3978
-78.8463
-72.2876
-81.6967
-75.6798
-81.183
-76.8178
-80.6909
-78.0243
-75.6205
-79.055
-76.0464
-80.1522
-77.5171
-79.76
-77.9427
-79.4123
-78.3553
-77.4465
-78.6755
-77.6302
-78.9628
-78.138
-78.7624
-78.337
-78.02
-78.4305
-78.1661
-78.3985
-78.2905
-78.318
-78.3898
-78.1936
-78.4311
-78.0437
-78.3465
-78.764
-78.1481
-78.9808
-77.6228
-78.7198
-77.474
-78.6646
-77.2237
-78.2878
-79.5525
-77.6595
-79.8723
-76.338
-78.9434
-75.9226
-78.0348
-80.3958
-76.9408
-80.8243
-75.8938
-81.2359
-72.8918
-78.6859
-72.1433
-76.4911
-81.1047
-74.1213
-81.2405
-72.1714
-81.236
-67.4261
-76.454
-67.3077
-73.3655
-78.9619
-72.6291
-79.5158
-86.7387
-105.441
)
;
    }
    interface_top
    {
        type            calculated;
        value           nonuniform List<scalar> 
90
(
-51.7555
-57.8768
-57.3196
-50.2758
-43.9969
-28.2855
-42.6752
-48.1327
-54.3688
-53.7905
-45.7708
-41.567
-34.9472
-29.9534
-18.8809
-27.396
-30.3095
-33.1372
-32.1286
-26.0132
-21.9304
-13.4002
-18.5995
-20.1516
-21.0418
-21.54
-22.6573
-21.6839
-17.3283
-14.5438
-8.93881
-12.2894
-13.3214
-14.0073
-14.4333
-15.4012
-14.8719
-12.14
-10.3441
-6.5879
-9.29757
-10.2905
-11.2951
-11.981
-13.4458
-13.3944
-11.7615
-10.9785
-9.82623
-8.78908
-6.1207
-9.40182
-10.8868
-13.0163
-13.2521
-11.8796
-10.676
-7.41625
-11.4154
-13.2517
-15.7351
-17.3999
-20.6748
-21.0728
-19.0319
-17.1559
-11.9135
-18.6823
-21.817
-26.1011
-28.9323
-34.454
-35.1089
-31.6435
-28.4155
-19.4349
-30.6067
-35.6267
-42.2657
-46.5297
-54.7499
-55.3755
-49.111
-43.5676
-28.8791
-44.9551
-51.3725
-58.5643
-59.0602
-52.5608
)
;
    }
    interface_bottom
    {
        type            calculated;
        value           nonuniform List<scalar> 
90
(
-47.9852
-51.311
-47.3625
-29.9932
-44.759
-49.9227
-54.3319
-56.9179
-61.9373
-60.4909
-50.6465
-45.6495
-38.1007
-32.5674
-20.5402
-29.8542
-33.1465
-36.5932
-35.8184
-29.925
-26.9006
-22.3341
-19.0418
-12.0351
-17.1426
-18.8632
-20.5291
-19.8789
-16.1101
-13.621
-8.46859
-11.7242
-12.7559
-13.5034
-13.9598
-14.9618
-14.4779
-11.8624
-10.1318
-6.48508
-9.18668
-10.191
-11.2326
-11.9396
-13.4362
-13.4033
-11.7985
-11.0329
-9.90899
-8.87934
-6.20101
-9.55772
-11.0827
-13.2756
-13.5285
-12.1476
-10.9264
-7.60013
-11.7312
-13.6318
-16.209
-17.9276
-21.2956
-21.7017
-19.5929
-17.6559
-12.2498
-19.2341
-22.4579
-26.8494
-29.7268
-35.3077
-35.9308
-32.2974
-28.9596
-19.7542
-31.0796
-36.1287
-42.7426
-46.947
-54.9951
-55.5089
-49.0332
-43.4218
-28.7283
-44.6232
-50.9441
-57.9913
-58.4194
-51.8473
)
;
    }
    defaultFaces
    {
        type            empty;
    }
}


// ************************************************************************* //
