/*--------------------------------*- C++ -*----------------------------------*\
| =========                 |                                                 |
| \\      /  F ield         | OpenFOAM: The Open Source CFD Toolbox           |
|  \\    /   O peration     | Version:  5.x                                   |
|   \\  /    A nd           | Web:      www.OpenFOAM.org                      |
|    \\/     M anipulation  |                                                 |
\*---------------------------------------------------------------------------*/
FoamFile
{
    version     2.0;
    format      ascii;
    class       volScalarField;
    location    "5";
    object      T;
}
// * * * * * * * * * * * * * * * * * * * * * * * * * * * * * * * * * * * * * //

dimensions      [0 0 0 1 0 0 0];

internalField   nonuniform List<scalar> 
6300
(
322.736
322.209
321.682
321.156
320.63
320.106
319.582
319.059
318.538
318.018
317.5
316.984
316.47
315.958
315.449
322.736
322.209
321.682
321.155
320.63
320.104
319.58
319.058
318.536
318.016
317.498
316.982
316.468
315.956
315.447
322.736
322.208
321.681
321.154
320.628
320.102
319.578
319.055
318.533
318.013
317.494
316.978
316.463
315.951
315.442
322.736
322.208
321.68
321.152
320.625
320.099
319.574
319.05
318.528
318.007
317.488
316.971
316.457
315.944
315.434
322.735
322.206
321.678
321.15
320.622
320.095
319.569
319.045
318.521
318
317.48
316.963
316.448
315.935
315.424
322.735
322.205
321.675
321.146
320.618
320.09
319.563
319.037
318.513
317.991
317.47
316.952
316.436
315.923
315.412
322.734
322.203
321.673
321.142
320.613
320.084
319.555
319.029
318.503
317.979
317.458
316.939
316.422
315.908
315.397
322.734
322.202
321.67
321.138
320.607
320.076
319.547
319.018
318.491
317.966
317.443
316.923
316.405
315.89
315.379
322.733
322.2
321.666
321.133
320.6
320.068
319.537
319.007
318.478
317.951
317.426
316.904
316.385
315.869
315.358
322.732
322.197
321.662
321.127
320.593
320.059
319.526
318.994
318.462
317.933
317.406
316.881
316.361
315.844
315.333
322.732
322.195
321.658
321.122
320.585
320.049
319.514
318.979
318.445
317.913
317.383
316.856
316.332
315.814
315.303
322.731
322.192
321.654
321.115
320.577
320.039
319.501
318.964
318.427
317.891
317.357
316.826
316.298
315.778
315.267
322.73
322.19
321.65
321.109
320.569
320.029
319.488
318.948
318.407
317.867
317.328
316.791
316.258
315.732
315.219
322.729
322.187
321.645
321.103
320.561
320.018
319.475
318.931
318.387
317.843
317.298
316.753
316.21
315.673
315.152
322.728
322.185
321.641
321.097
320.553
320.008
319.462
318.916
318.368
317.818
317.267
316.713
316.156
315.598
315.049
314.984
314.563
314.144
313.727
313.312
312.899
312.488
312.08
311.674
311.27
310.87
310.472
310.078
309.688
309.301
308.918
308.538
308.163
307.792
307.425
307.062
306.704
306.349
305.999
305.653
305.311
304.972
304.638
304.307
303.98
303.656
303.335
303.018
302.704
302.393
302.085
301.78
301.477
301.178
300.881
300.587
300.295
300.007
299.721
299.437
299.157
298.879
298.604
298.331
298.061
297.793
297.528
297.265
297.004
296.746
296.489
296.235
295.982
295.731
295.481
295.233
294.985
294.739
294.494
294.25
294.007
293.764
293.522
293.28
293.038
292.796
292.555
292.313
292.071
291.829
291.586
291.342
291.098
290.853
290.607
290.36
290.112
289.862
289.611
289.359
289.105
288.849
288.592
288.333
288.072
314.982
314.561
314.142
313.724
313.309
312.896
312.485
312.076
311.67
311.266
310.865
310.468
310.073
309.682
309.295
308.912
308.532
308.157
307.786
307.419
307.056
306.697
306.343
305.993
305.647
305.305
304.967
304.632
304.302
303.974
303.651
303.331
303.013
302.699
302.389
302.081
301.775
301.473
301.174
300.877
300.583
300.291
300.003
299.717
299.433
299.153
298.875
298.6
298.327
298.057
297.789
297.524
297.261
297.001
296.743
296.486
296.232
295.979
295.728
295.479
295.231
294.984
294.738
294.493
294.249
294.006
293.763
293.521
293.279
293.038
292.796
292.555
292.313
292.071
291.829
291.587
291.343
291.099
290.854
290.608
290.362
290.113
289.864
289.613
289.361
289.107
288.852
288.594
288.335
288.075
314.976
314.555
314.136
313.719
313.303
312.889
312.478
312.068
311.662
311.257
310.856
310.458
310.063
309.672
309.284
308.9
308.521
308.145
307.774
307.406
307.044
306.685
306.331
305.981
305.635
305.293
304.955
304.621
304.291
303.964
303.641
303.321
303.004
302.69
302.38
302.072
301.767
301.465
301.165
300.869
300.575
300.283
299.995
299.709
299.425
299.145
298.867
298.592
298.319
298.049
297.782
297.517
297.255
296.994
296.736
296.481
296.227
295.974
295.724
295.475
295.227
294.98
294.735
294.49
294.247
294.004
293.762
293.52
293.278
293.037
292.796
292.555
292.314
292.072
291.83
291.588
291.345
291.101
290.857
290.611
290.365
290.117
289.868
289.617
289.365
289.112
288.856
288.599
288.34
288.08
314.969
314.547
314.128
313.71
313.294
312.88
312.467
312.057
311.65
311.245
310.842
310.443
310.048
309.655
309.267
308.883
308.503
308.127
307.755
307.388
307.025
306.666
306.312
305.963
305.617
305.276
304.938
304.605
304.275
303.949
303.626
303.307
302.99
302.677
302.366
302.059
301.754
301.452
301.153
300.856
300.562
300.271
299.983
299.697
299.413
299.133
298.855
298.58
298.307
298.038
297.771
297.506
297.244
296.985
296.727
296.472
296.218
295.967
295.717
295.468
295.221
294.975
294.73
294.486
294.243
294.001
293.759
293.518
293.277
293.036
292.796
292.555
292.314
292.074
291.832
291.59
291.348
291.105
290.861
290.616
290.37
290.122
289.874
289.623
289.372
289.119
288.863
288.607
288.348
288.087
314.959
314.537
314.117
313.699
313.282
312.867
312.454
312.043
311.634
311.228
310.824
310.424
310.027
309.634
309.244
308.859
308.478
308.102
307.73
307.363
307
306.641
306.288
305.938
305.593
305.252
304.916
304.583
304.254
303.928
303.606
303.287
302.972
302.659
302.349
302.042
301.737
301.436
301.137
300.84
300.546
300.255
299.966
299.68
299.397
299.117
298.839
298.564
298.292
298.022
297.756
297.492
297.23
296.971
296.715
296.46
296.208
295.957
295.708
295.46
295.213
294.968
294.724
294.481
294.238
293.997
293.756
293.515
293.275
293.035
292.795
292.555
292.315
292.075
291.835
291.594
291.352
291.109
290.866
290.622
290.376
290.129
289.881
289.632
289.381
289.128
288.873
288.617
288.358
288.098
314.946
314.524
314.104
313.685
313.268
312.852
312.438
312.025
311.614
311.206
310.801
310.399
310.001
309.606
309.216
308.83
308.448
308.071
307.698
307.331
306.968
306.609
306.256
305.907
305.563
305.223
304.887
304.555
304.227
303.903
303.582
303.264
302.949
302.637
302.327
302.02
301.716
301.415
301.116
300.82
300.526
300.235
299.946
299.66
299.377
299.096
298.818
298.544
298.272
298.003
297.737
297.474
297.213
296.955
296.699
296.446
296.194
295.944
295.696
295.449
295.204
294.96
294.716
294.474
294.232
293.992
293.752
293.512
293.273
293.034
292.795
292.556
292.317
292.077
291.838
291.597
291.357
291.115
290.873
290.629
290.384
290.138
289.891
289.642
289.392
289.14
288.886
288.629
288.371
288.111
314.931
314.509
314.088
313.669
313.251
312.834
312.419
312.004
311.591
311.181
310.773
310.369
309.969
309.572
309.18
308.793
308.411
308.033
307.66
307.292
306.929
306.571
306.218
305.87
305.527
305.188
304.853
304.522
304.196
303.872
303.552
303.235
302.921
302.61
302.301
301.995
301.692
301.39
301.092
300.796
300.502
300.211
299.922
299.636
299.352
299.072
298.794
298.519
298.247
297.979
297.714
297.451
297.192
296.935
296.68
296.428
296.178
295.929
295.682
295.437
295.192
294.949
294.707
294.466
294.225
293.986
293.747
293.508
293.27
293.032
292.794
292.556
292.318
292.08
291.841
291.602
291.363
291.122
290.881
290.638
290.394
290.149
289.903
289.655
289.406
289.154
288.901
288.645
288.387
288.127
314.913
314.491
314.071
313.652
313.233
312.815
312.397
311.98
311.565
311.151
310.74
310.333
309.93
309.532
309.139
308.75
308.366
307.987
307.614
307.245
306.882
306.524
306.172
305.825
305.483
305.146
304.813
304.484
304.158
303.837
303.518
303.203
302.89
302.58
302.272
301.966
301.663
301.362
301.064
300.768
300.475
300.184
299.895
299.608
299.324
299.043
298.764
298.489
298.218
297.95
297.686
297.425
297.166
296.911
296.658
296.407
296.158
295.912
295.666
295.422
295.179
294.937
294.696
294.456
294.217
293.978
293.741
293.504
293.267
293.03
292.793
292.556
292.32
292.082
291.845
291.608
291.369
291.13
290.89
290.649
290.406
290.162
289.917
289.67
289.422
289.171
288.919
288.664
288.407
288.147
314.892
314.471
314.052
313.633
313.214
312.795
312.375
311.955
311.535
311.117
310.702
310.291
309.885
309.485
309.09
308.7
308.315
307.935
307.56
307.191
306.827
306.47
306.119
305.774
305.434
305.098
304.767
304.439
304.116
303.796
303.48
303.166
302.855
302.546
302.239
301.933
301.63
301.33
301.032
300.737
300.444
300.153
299.863
299.576
299.291
299.009
298.73
298.455
298.184
297.917
297.653
297.394
297.137
296.883
296.632
296.383
296.137
295.892
295.648
295.406
295.165
294.924
294.684
294.445
294.207
293.97
293.734
293.498
293.263
293.028
292.792
292.557
292.321
292.085
291.85
291.614
291.377
291.14
290.901
290.661
290.42
290.177
289.933
289.687
289.44
289.192
288.941
288.687
288.43
288.171
314.869
314.449
314.032
313.614
313.196
312.776
312.353
311.929
311.503
311.079
310.658
310.242
309.833
309.43
309.033
308.642
308.256
307.875
307.498
307.128
306.764
306.407
306.058
305.714
305.377
305.044
304.715
304.389
304.068
303.751
303.437
303.126
302.817
302.509
302.203
301.897
301.594
301.294
300.996
300.702
300.41
300.119
299.829
299.541
299.254
298.97
298.69
298.414
298.143
297.877
297.616
297.358
297.104
296.852
296.603
296.356
296.112
295.87
295.629
295.389
295.149
294.91
294.671
294.433
294.196
293.96
293.726
293.493
293.26
293.026
292.792
292.557
292.323
292.088
291.855
291.621
291.387
291.152
290.915
290.676
290.435
290.193
289.95
289.707
289.462
289.215
288.966
288.714
288.458
288.199
314.841
314.425
314.011
313.597
313.181
312.76
312.334
311.903
311.47
311.036
310.607
310.184
309.77
309.365
308.969
308.578
308.191
307.807
307.428
307.055
306.69
306.334
305.987
305.647
305.313
304.983
304.657
304.333
304.015
303.701
303.391
303.084
302.777
302.471
302.164
301.858
301.554
301.253
300.956
300.664
300.373
300.083
299.793
299.503
299.214
298.926
298.643
298.366
298.095
297.831
297.573
297.318
297.066
296.817
296.569
296.325
296.084
295.845
295.608
295.371
295.133
294.895
294.656
294.418
294.182
293.949
293.718
293.487
293.256
293.025
292.791
292.557
292.323
292.091
291.859
291.629
291.398
291.165
290.93
290.693
290.453
290.211
289.969
289.728
289.486
289.242
288.996
288.746
288.491
288.232
314.808
314.397
313.989
313.583
313.172
312.753
312.322
311.882
311.435
310.987
310.545
310.113
309.695
309.289
308.895
308.507
308.12
307.733
307.348
306.971
306.603
306.248
305.905
305.572
305.244
304.918
304.594
304.271
303.954
303.644
303.34
303.04
302.737
302.432
302.125
301.816
301.508
301.206
300.911
300.622
300.336
300.048
299.758
299.464
299.169
298.876
298.588
298.308
298.038
297.777
297.523
297.274
297.026
296.778
296.532
296.29
296.052
295.819
295.587
295.354
295.118
294.879
294.64
294.401
294.165
293.934
293.707
293.482
293.255
293.025
292.792
292.558
292.323
292.091
291.862
291.636
291.411
291.183
290.95
290.713
290.472
290.229
289.988
289.749
289.512
289.274
289.031
288.784
288.53
288.272
314.766
314.365
313.965
313.574
313.177
312.759
312.325
311.869
311.404
310.929
310.469
310.022
309.6
309.196
308.814
308.436
308.048
307.656
307.258
306.872
306.498
306.145
305.807
305.488
305.173
304.851
304.527
304.2
303.884
303.578
303.286
302.998
302.701
302.398
302.086
301.772
301.455
301.15
300.856
300.576
300.3
300.016
299.726
299.426
299.123
298.817
298.522
298.236
297.968
297.711
297.468
297.229
296.984
296.738
296.488
296.247
296.013
295.79
295.568
295.34
295.107
294.866
294.623
294.377
294.141
293.913
293.695
293.479
293.257
293.03
292.795
292.558
292.318
292.086
291.86
291.644
291.429
291.206
290.976
290.737
290.494
290.246
290.004
289.767
289.539
289.311
289.074
288.83
288.576
288.321
314.708
314.33
313.929
313.574
313.213
312.789
312.359
311.869
311.386
310.851
310.373
309.895
309.479
309.073
308.725
308.38
307.983
307.588
307.15
306.757
306.363
306.019
305.684
305.396
305.112
304.787
304.466
304.113
303.799
303.49
303.226
302.967
302.672
302.378
302.05
301.731
301.384
301.078
300.78
300.525
300.276
299.993
299.709
299.392
299.082
298.742
298.441
298.141
297.879
297.625
297.407
297.191
296.945
296.701
296.433
296.194
295.959
295.758
295.559
295.333
295.107
294.854
294.609
294.342
294.106
293.876
293.679
293.486
293.266
293.047
292.801
292.562
292.302
292.071
291.845
291.65
291.458
291.238
291.017
290.768
290.522
290.253
290.012
289.773
289.567
289.361
289.125
288.889
288.626
288.38
314.614
314.33
313.827
313.583
313.337
312.829
312.479
311.859
311.441
310.69
310.278
309.679
309.344
308.865
308.631
308.397
307.915
307.582
306.976
306.642
306.155
305.882
305.491
305.3
305.109
304.718
304.45
303.968
303.706
303.338
303.16
302.988
302.643
302.408
302
301.729
301.253
300.996
300.639
300.467
300.302
299.969
299.742
299.346
299.082
298.614
298.357
297.989
297.782
297.487
297.342
297.197
296.902
296.699
296.334
296.136
295.857
295.722
295.59
295.326
295.146
294.833
294.625
294.26
294.064
293.79
293.658
293.53
293.275
293.1
292.798
292.596
292.242
292.051
291.783
291.653
291.526
291.272
291.098
290.792
290.586
290.218
290.017
289.732
289.593
289.456
289.177
288.987
288.651
288.463
287.783
287.466
287.146
286.824
286.499
286.172
285.844
285.513
285.181
284.848
284.514
284.178
283.842
283.505
283.169
287.786
287.468
287.148
286.826
286.501
286.174
285.845
285.515
285.183
284.849
284.514
284.179
283.843
283.506
283.169
287.791
287.473
287.153
286.83
286.505
286.178
285.849
285.518
285.185
284.851
284.516
284.18
283.844
283.506
283.169
287.798
287.481
287.16
286.837
286.512
286.184
285.854
285.522
285.189
284.855
284.519
284.182
283.845
283.507
283.169
287.809
287.491
287.17
286.846
286.52
286.192
285.861
285.529
285.195
284.859
284.523
284.185
283.847
283.508
283.17
287.822
287.503
287.182
286.858
286.531
286.201
285.87
285.536
285.201
284.865
284.527
284.189
283.85
283.51
283.17
287.838
287.519
287.197
286.872
286.544
286.213
285.88
285.546
285.209
284.872
284.533
284.193
283.853
283.512
283.171
287.858
287.538
287.215
286.889
286.559
286.227
285.893
285.557
285.219
284.879
284.539
284.198
283.856
283.514
283.171
287.881
287.561
287.237
286.909
286.578
286.244
285.907
285.569
285.229
284.888
284.546
284.204
283.86
283.516
283.172
287.909
287.588
287.262
286.932
286.598
286.262
285.924
285.583
285.241
284.898
284.554
284.21
283.864
283.519
283.173
287.943
287.62
287.292
286.959
286.622
286.283
285.942
285.599
285.254
284.909
284.563
284.216
283.869
283.522
283.174
287.983
287.658
287.326
286.989
286.648
286.306
285.961
285.615
285.268
284.921
284.572
284.224
283.874
283.525
283.175
288.031
287.702
287.365
287.022
286.677
286.33
285.982
285.633
285.283
284.933
284.582
284.231
283.88
283.528
283.176
288.092
287.755
287.409
287.059
286.707
286.356
286.004
285.651
285.299
284.946
284.593
284.239
283.885
283.531
283.177
288.175
287.818
287.456
287.096
286.738
286.382
286.026
285.67
285.315
284.959
284.603
284.247
283.891
283.535
283.178
322.728
322.183
321.638
321.092
320.546
319.999
319.451
318.902
318.351
317.798
317.241
316.679
316.109
315.52
314.885
322.727
322.181
321.635
321.088
320.54
319.992
319.442
318.891
318.338
317.781
317.221
316.654
316.078
315.482
314.848
322.727
322.179
321.632
321.084
320.535
319.986
319.435
318.882
318.326
317.768
317.205
316.636
316.06
315.471
314.873
322.726
322.178
321.63
321.081
320.531
319.98
319.428
318.874
318.317
317.757
317.193
316.624
316.049
315.467
314.88
322.726
322.177
321.628
321.078
320.528
319.976
319.423
318.867
318.31
317.749
317.185
316.617
316.043
315.466
314.888
322.725
322.176
321.626
321.076
320.525
319.973
319.419
318.863
318.305
317.744
317.18
316.612
316.041
315.466
314.89
322.725
322.175
321.625
321.075
320.523
319.97
319.416
318.86
318.301
317.741
317.177
316.61
316.04
315.467
314.891
322.725
322.175
321.625
321.074
320.522
319.969
319.415
318.858
318.3
317.739
317.176
316.61
316.041
315.469
314.895
322.725
322.175
321.625
321.074
320.522
319.969
319.414
318.858
318.3
317.74
317.177
316.612
316.044
315.474
314.899
322.725
322.175
321.625
321.074
320.522
319.969
319.415
318.859
318.302
317.742
317.18
316.616
316.049
315.48
314.909
322.725
322.176
321.625
321.075
320.523
319.971
319.417
318.862
318.305
317.746
317.185
316.622
316.056
315.488
314.917
322.725
322.176
321.626
321.076
320.525
319.973
319.42
318.866
318.309
317.751
317.191
316.629
316.065
315.498
314.931
322.726
322.177
321.628
321.078
320.528
319.977
319.424
318.87
318.315
317.758
317.199
316.638
316.074
315.509
314.941
322.726
322.178
321.63
321.081
320.531
319.981
319.429
318.876
318.322
317.766
317.208
316.648
316.086
315.522
314.959
322.726
322.179
321.632
321.084
320.535
319.986
319.435
318.883
318.33
317.775
317.218
316.659
316.098
315.534
314.968
322.727
322.181
321.634
321.087
320.54
319.991
319.442
318.891
318.339
317.785
317.23
316.672
316.112
315.549
314.979
322.727
322.182
321.637
321.091
320.545
319.997
319.449
318.9
318.349
317.797
317.243
316.687
316.128
315.567
315.004
322.728
322.184
321.64
321.095
320.55
320.004
319.457
318.909
318.36
317.809
317.257
316.703
316.147
315.588
315.023
322.729
322.186
321.643
321.1
320.556
320.012
319.466
318.92
318.372
317.823
317.273
316.72
316.167
315.612
315.06
322.73
322.188
321.647
321.105
320.563
320.02
319.476
318.931
318.385
317.838
317.289
316.739
316.188
315.635
315.081
322.73
322.191
321.651
321.111
320.57
320.029
319.487
318.944
318.399
317.854
317.307
316.758
316.209
315.659
315.114
322.731
322.193
321.655
321.117
320.578
320.038
319.498
318.956
318.414
317.87
317.325
316.779
316.231
315.681
315.129
322.732
322.196
321.66
321.123
320.586
320.048
319.51
318.97
318.43
317.888
317.345
316.8
316.253
315.703
315.146
322.733
322.199
321.664
321.13
320.594
320.059
319.522
318.985
318.446
317.906
317.365
316.823
316.278
315.73
315.181
322.734
322.202
321.669
321.136
320.603
320.069
319.535
319
318.463
317.926
317.387
316.847
316.304
315.759
315.206
322.735
322.205
321.674
321.144
320.612
320.081
319.548
319.015
318.481
317.946
317.41
316.873
316.333
315.792
315.251
322.736
322.208
321.68
321.151
320.622
320.093
319.563
319.032
318.5
317.968
317.434
316.899
316.364
315.826
315.281
322.737
322.211
321.685
321.159
320.632
320.105
319.577
319.049
318.519
317.989
317.459
316.927
316.395
315.864
315.338
322.738
322.215
321.691
321.167
320.642
320.117
319.592
319.066
318.539
318.012
317.484
316.955
316.426
315.898
315.369
322.739
322.218
321.697
321.175
320.653
320.13
319.607
319.084
318.56
318.035
317.509
316.983
316.457
315.932
315.414
322.741
322.222
321.703
321.183
320.664
320.144
319.623
319.102
318.58
318.058
317.535
317.011
316.486
315.961
315.436
322.742
322.225
321.709
321.192
320.675
320.157
319.639
319.121
318.602
318.082
317.561
317.04
316.516
315.99
315.457
322.743
322.229
321.715
321.201
320.686
320.171
319.656
319.14
318.624
318.106
317.588
317.069
316.548
316.025
315.501
322.744
322.233
321.721
321.21
320.698
320.186
319.673
319.16
318.646
318.131
317.616
317.1
316.582
316.06
315.532
322.746
322.237
321.728
321.219
320.71
320.2
319.69
319.18
318.669
318.157
317.645
317.131
316.617
316.101
315.586
322.747
322.241
321.735
321.228
320.722
320.215
319.708
319.2
318.692
318.183
317.674
317.164
316.653
316.141
315.622
322.748
322.245
321.742
321.238
320.734
320.23
319.725
319.221
318.715
318.21
317.703
317.197
316.691
316.186
315.688
322.75
322.249
321.748
321.248
320.747
320.245
319.744
319.242
318.739
318.236
317.733
317.23
316.727
316.225
315.724
322.751
322.253
321.755
321.257
320.759
320.261
319.762
319.263
318.763
318.263
317.763
317.263
316.763
316.265
315.776
322.753
322.258
321.763
321.267
320.772
320.276
319.781
319.284
318.788
318.29
317.793
317.295
316.797
316.298
315.8
322.754
322.262
321.77
321.278
320.785
320.292
319.799
319.306
318.812
318.318
317.823
317.328
316.831
316.331
315.824
322.755
322.266
321.777
321.288
320.798
320.308
319.818
319.328
318.837
318.346
317.854
317.361
316.867
316.37
315.873
322.757
322.271
321.784
321.298
320.812
320.325
319.838
319.35
318.862
318.374
317.885
317.395
316.904
316.409
315.907
322.758
322.275
321.792
321.309
320.825
320.341
319.857
319.373
318.888
318.403
317.917
317.431
316.943
316.454
315.967
322.76
322.28
321.8
321.319
320.839
320.358
319.877
319.396
318.914
318.432
317.95
317.467
316.983
316.499
316.006
322.761
322.284
321.807
321.33
320.852
320.375
319.897
319.419
318.94
318.461
317.982
317.503
317.025
316.548
316.079
322.763
322.289
321.815
321.341
320.866
320.392
319.917
319.442
318.967
318.491
318.015
317.54
317.065
316.591
316.118
322.765
322.294
321.823
321.352
320.88
320.409
319.937
319.465
318.993
318.521
318.048
317.575
317.104
316.634
316.174
322.766
322.298
321.83
321.363
320.894
320.426
319.958
319.489
319.02
318.551
318.081
317.611
317.141
316.67
316.201
322.768
322.303
321.838
321.374
320.909
320.444
319.978
319.513
319.047
318.581
318.114
317.646
317.178
316.707
316.226
322.769
322.308
321.846
321.385
320.923
320.461
319.999
319.537
319.074
318.611
318.147
317.683
317.217
316.749
316.28
322.771
322.313
321.854
321.396
320.938
320.479
320.02
319.561
319.102
318.642
318.181
317.72
317.257
316.791
316.317
322.773
322.318
321.862
321.407
320.952
320.497
320.041
319.585
319.129
318.673
318.216
317.759
317.3
316.84
316.381
322.774
322.322
321.871
321.419
320.967
320.515
320.063
319.61
319.157
318.704
318.251
317.798
317.344
316.888
316.425
322.776
322.327
321.879
321.43
320.982
320.533
320.084
319.635
319.186
318.736
318.287
317.837
317.388
316.941
316.503
322.777
322.332
321.887
321.442
320.996
320.551
320.105
319.66
319.214
318.768
318.322
317.876
317.431
316.988
316.545
322.779
322.337
321.895
321.453
321.011
320.569
320.127
319.685
319.242
318.8
318.357
317.915
317.473
317.035
316.607
322.781
322.342
321.904
321.465
321.026
320.588
320.149
319.71
319.271
318.832
318.392
317.953
317.513
317.074
316.635
322.782
322.347
321.912
321.477
321.041
320.606
320.171
319.735
319.3
318.864
318.428
317.991
317.553
317.113
316.663
322.784
322.352
321.92
321.488
321.057
320.625
320.193
319.761
319.328
318.896
318.463
318.03
317.595
317.158
316.721
322.786
322.357
321.929
321.5
321.072
320.643
320.215
319.786
319.357
318.928
318.499
318.069
317.638
317.204
316.76
322.787
322.362
321.937
321.512
321.087
320.662
320.237
319.811
319.386
318.961
318.536
318.11
317.683
317.256
316.83
322.789
322.367
321.945
321.524
321.102
320.68
320.259
319.837
319.415
318.994
318.572
318.151
317.729
317.307
316.876
322.791
322.372
321.954
321.535
321.117
320.699
320.28
319.862
319.445
319.027
318.609
318.192
317.776
317.363
316.96
322.792
322.377
321.962
321.547
321.132
320.717
320.302
319.888
319.473
319.059
318.646
318.233
317.821
317.412
317.004
322.794
322.382
321.97
321.559
321.147
320.735
320.324
319.913
319.502
319.092
318.682
318.273
317.865
317.461
317.068
322.796
322.387
321.979
321.57
321.162
320.754
320.346
319.938
319.531
319.124
318.717
318.311
317.906
317.501
317.098
322.797
322.392
321.987
321.582
321.177
320.772
320.367
319.963
319.559
319.156
318.752
318.349
317.946
317.541
317.126
322.799
322.397
321.995
321.593
321.191
320.79
320.388
319.988
319.587
319.187
318.787
318.388
317.988
317.586
317.186
322.801
322.402
322.003
321.604
321.206
320.807
320.41
320.012
319.615
319.219
318.822
318.426
318.03
317.631
317.225
322.802
322.406
322.011
321.615
321.22
320.825
320.43
320.036
319.643
319.25
318.857
318.465
318.074
317.682
317.294
322.804
322.411
322.018
321.626
321.234
320.842
320.451
320.06
319.67
319.28
318.892
318.504
318.118
317.731
317.338
322.805
322.415
322.026
321.637
321.248
320.859
320.471
320.083
319.697
319.311
318.926
318.543
318.162
317.784
317.418
322.807
322.42
322.033
321.647
321.261
320.875
320.49
320.106
319.723
319.34
318.959
318.58
318.203
317.83
317.459
322.808
322.424
322.041
321.657
321.274
320.892
320.51
320.128
319.748
319.369
318.991
318.615
318.241
317.873
317.517
322.81
322.429
322.048
321.667
321.287
320.907
320.528
320.15
319.772
319.396
319.021
318.648
318.277
317.908
317.543
322.811
322.433
322.055
321.677
321.3
320.923
320.546
320.171
319.796
319.423
319.051
318.68
318.31
317.941
317.567
322.812
322.437
322.062
321.687
321.312
320.938
320.564
320.191
319.819
319.449
319.079
318.711
318.344
317.978
317.615
322.814
322.441
322.068
321.696
321.324
320.952
320.581
320.211
319.842
319.473
319.106
318.741
318.376
318.012
317.645
322.815
322.445
322.075
321.705
321.335
320.966
320.598
320.23
319.863
319.497
319.133
318.77
318.409
318.049
317.695
322.816
322.449
322.081
321.714
321.347
320.98
320.614
320.249
319.884
319.521
319.158
318.798
318.439
318.083
317.725
322.817
322.452
322.087
321.722
321.358
320.994
320.63
320.267
319.904
319.543
319.183
318.825
318.469
318.118
317.776
322.819
322.456
322.093
321.731
321.369
321.007
320.645
320.284
319.924
319.564
319.206
318.849
318.495
318.145
317.8
322.82
322.459
322.099
321.739
321.379
321.019
320.66
320.301
319.943
319.585
319.228
318.872
318.519
318.17
317.83
322.821
322.463
322.105
321.747
321.39
321.032
320.675
320.318
319.961
319.605
319.249
318.894
318.54
318.189
317.842
322.822
322.466
322.111
321.755
321.4
321.045
320.689
320.335
319.98
319.625
319.27
318.914
318.559
318.204
317.85
322.823
322.47
322.116
321.763
321.41
321.057
320.704
320.351
319.998
319.645
319.29
318.935
318.578
318.219
317.86
322.824
322.473
322.122
321.771
321.42
321.069
320.718
320.368
320.017
319.665
319.312
318.957
318.598
318.234
317.863
322.825
322.476
322.128
321.779
321.43
321.081
320.733
320.384
320.036
319.686
319.335
318.982
318.622
318.252
317.858
322.827
322.48
322.133
321.786
321.44
321.094
320.748
320.401
320.055
319.708
319.36
319.01
318.655
318.287
317.888
288.293
287.878
287.497
287.129
286.765
286.405
286.046
285.687
285.329
284.971
284.613
284.255
283.896
283.538
283.179
288.321
287.911
287.526
287.154
286.788
286.425
286.063
285.703
285.342
284.982
284.622
284.262
283.901
283.541
283.18
288.307
287.924
287.547
287.176
286.809
286.444
286.08
285.718
285.355
284.993
284.631
284.269
283.906
283.544
283.181
288.306
287.935
287.564
287.195
286.827
286.462
286.097
285.732
285.368
285.004
284.64
284.276
283.911
283.547
283.182
288.309
287.945
287.579
287.212
286.845
286.479
286.113
285.747
285.381
285.015
284.649
284.283
283.916
283.55
283.183
288.314
287.956
287.594
287.229
286.863
286.496
286.129
285.762
285.394
285.026
284.658
284.29
283.921
283.553
283.184
288.324
287.971
287.611
287.247
286.881
286.513
286.145
285.776
285.407
285.037
284.667
284.297
283.927
283.556
283.185
288.347
287.991
287.631
287.267
286.9
286.531
286.162
285.791
285.42
285.049
284.677
284.304
283.932
283.559
283.186
288.367
288.014
287.653
287.288
286.92
286.55
286.179
285.807
285.434
285.06
284.686
284.312
283.937
283.562
283.188
288.409
288.044
287.679
287.311
286.941
286.57
286.197
285.823
285.448
285.072
284.696
284.32
283.943
283.566
283.189
288.436
288.073
287.705
287.335
286.964
286.59
286.215
285.839
285.462
285.085
284.706
284.328
283.949
283.569
283.19
288.48
288.106
287.734
287.361
286.987
286.612
286.235
285.856
285.477
285.097
284.717
284.336
283.954
283.573
283.191
288.506
288.136
287.763
287.388
287.012
286.634
286.255
285.874
285.493
285.111
284.728
284.344
283.96
283.576
283.192
288.55
288.169
287.793
287.416
287.037
286.657
286.276
285.893
285.509
285.124
284.739
284.353
283.967
283.58
283.193
288.571
288.199
287.824
287.445
287.064
286.682
286.297
285.912
285.526
285.138
284.75
284.362
283.973
283.584
283.195
288.595
288.232
287.856
287.476
287.092
286.707
286.32
285.932
285.543
285.153
284.762
284.371
283.98
283.588
283.196
288.649
288.272
287.892
287.508
287.122
286.733
286.343
285.952
285.561
285.168
284.774
284.381
283.986
283.592
283.197
288.688
288.314
287.93
287.543
287.152
286.761
286.368
285.974
285.579
285.183
284.787
284.39
283.993
283.596
283.199
288.763
288.364
287.972
287.579
287.184
286.789
286.393
285.996
285.598
285.199
284.8
284.4
284.001
283.6
283.2
288.805
288.41
288.013
287.615
287.217
286.818
286.418
286.018
285.617
285.215
284.813
284.411
284.008
283.605
283.202
288.87
288.459
288.055
287.652
287.25
286.847
286.444
286.041
285.636
285.232
284.827
284.421
284.015
283.609
283.203
288.908
288.502
288.095
287.689
287.283
286.877
286.471
286.064
285.656
285.248
284.84
284.432
284.023
283.614
283.205
288.964
288.545
288.135
287.726
287.317
286.907
286.498
286.087
285.677
285.266
284.854
284.442
284.03
283.618
283.206
288.992
288.583
288.173
287.762
287.35
286.938
286.525
286.111
285.697
285.283
284.868
284.453
284.038
283.623
283.208
289.02
288.622
288.213
287.799
287.384
286.969
286.552
286.135
285.718
285.3
284.882
284.464
284.046
283.628
283.209
289.083
288.669
288.255
287.838
287.419
287
286.58
286.159
285.739
285.318
284.897
284.475
284.054
283.632
283.211
289.126
288.717
288.298
287.877
287.454
287.031
286.608
286.184
285.76
285.336
284.911
284.487
284.062
283.637
283.212
289.207
288.772
288.344
287.917
287.49
287.063
286.636
286.209
285.781
285.354
284.926
284.498
284.07
283.642
283.214
289.252
288.821
288.389
287.957
287.526
287.095
286.664
286.233
285.803
285.372
284.941
284.509
284.078
283.647
283.216
289.321
288.872
288.433
287.996
287.561
287.127
286.693
286.258
285.824
285.39
284.955
284.521
284.086
283.652
283.217
289.359
288.917
288.475
288.035
287.596
287.158
286.721
286.283
285.846
285.408
284.97
284.532
284.095
283.657
283.219
289.415
288.961
288.516
288.073
287.631
287.19
286.749
286.308
285.867
285.426
284.985
284.544
284.103
283.662
283.221
289.443
288.999
288.554
288.11
287.666
287.221
286.777
286.333
285.889
285.444
285
284.556
284.111
283.667
283.222
289.47
289.037
288.593
288.147
287.7
287.253
286.805
286.358
285.91
285.462
285.015
284.567
284.119
283.672
283.224
289.53
289.082
288.634
288.185
287.734
287.284
286.833
286.382
285.932
285.481
285.03
284.579
284.128
283.677
283.226
289.57
289.127
288.676
288.223
287.769
287.315
286.861
286.407
285.953
285.499
285.045
284.59
284.136
283.682
283.227
289.645
289.178
288.719
288.261
287.804
287.347
286.89
286.432
285.975
285.517
285.06
284.602
284.144
283.687
283.229
289.686
289.223
288.761
288.3
287.839
287.379
286.918
286.457
285.997
285.536
285.075
284.614
284.153
283.692
283.231
289.745
289.269
288.802
288.338
287.874
287.41
286.946
286.483
286.018
285.554
285.09
284.625
284.161
283.697
283.232
289.773
289.307
288.841
288.375
287.909
287.442
286.975
286.508
286.04
285.573
285.105
284.637
284.169
283.702
283.234
289.8
289.346
288.881
288.413
287.944
287.474
287.004
286.533
286.062
285.591
285.12
284.649
284.178
283.707
283.236
289.858
289.391
288.923
288.452
287.98
287.506
287.033
286.558
286.084
285.61
285.135
284.661
284.186
283.712
283.237
289.898
289.437
288.966
288.492
288.016
287.539
287.062
286.584
286.106
285.628
285.151
284.673
284.195
283.717
283.239
289.969
289.49
289.012
288.533
288.053
287.572
287.091
286.61
286.128
285.647
285.166
284.685
284.203
283.722
283.241
290.016
289.542
289.059
288.575
288.09
287.605
287.12
286.636
286.151
285.666
285.181
284.696
284.212
283.727
283.242
290.101
289.6
289.107
288.617
288.128
287.639
287.15
286.661
286.173
285.685
285.196
284.708
284.22
283.732
283.244
290.148
289.651
289.154
288.659
288.165
287.672
287.179
286.687
286.195
285.703
285.211
284.72
284.228
283.737
283.246
290.216
289.703
289.199
288.699
288.201
287.704
287.208
286.712
286.217
285.722
285.227
284.732
284.237
283.742
283.247
290.255
289.748
289.242
288.739
288.237
287.737
287.237
286.738
286.239
285.74
285.242
284.743
284.245
283.747
283.249
290.311
289.793
289.283
288.777
288.272
287.769
287.265
286.763
286.26
285.758
285.256
284.755
284.253
283.752
283.251
290.338
289.83
289.322
288.814
288.307
287.8
287.294
286.787
286.282
285.776
285.271
284.766
284.262
283.757
283.252
290.366
289.868
289.361
288.851
288.341
287.831
287.321
286.812
286.303
285.794
285.286
284.778
284.27
283.762
283.254
290.425
289.913
289.402
288.889
288.375
287.862
287.349
286.836
286.324
285.812
285.3
284.789
284.278
283.767
283.256
290.465
289.958
289.443
288.926
288.409
287.893
287.376
286.86
286.345
285.83
285.315
284.8
284.286
283.771
283.257
290.54
290.009
289.486
288.964
288.443
287.923
287.403
286.884
286.365
285.847
285.329
284.811
284.294
283.776
283.259
290.582
290.055
289.528
289.002
288.477
287.953
287.43
286.908
286.386
285.864
285.343
284.822
284.301
283.781
283.26
290.644
290.101
289.568
289.038
288.51
287.983
287.456
286.931
286.406
285.881
285.357
284.833
284.309
283.785
283.262
290.678
290.142
289.606
289.073
288.542
288.012
287.482
286.954
286.425
285.898
285.37
284.843
284.317
283.79
283.263
290.729
290.181
289.643
289.107
288.573
288.04
287.508
286.976
286.445
285.914
285.384
284.854
284.324
283.794
283.265
290.753
290.215
289.677
289.14
288.604
288.068
287.533
286.998
286.464
285.93
285.397
284.864
284.331
283.799
283.266
290.777
290.249
289.712
289.173
288.634
288.096
287.558
287.02
286.483
285.946
285.41
284.874
284.339
283.803
283.268
290.83
290.288
289.747
289.206
288.664
288.123
287.582
287.041
286.502
285.962
285.423
284.884
284.346
283.807
283.269
290.865
290.327
289.783
289.238
288.694
288.15
287.606
287.063
286.52
285.978
285.436
284.894
284.353
283.812
283.271
290.93
290.371
289.82
289.271
288.723
288.176
287.629
287.083
286.538
285.993
285.448
284.904
284.36
283.816
283.272
290.964
290.409
289.855
289.303
288.752
288.202
287.653
287.104
286.556
286.008
285.46
284.913
284.366
283.82
283.273
291.014
290.447
289.889
289.334
288.781
288.228
287.676
287.124
286.573
286.023
285.472
284.923
284.373
283.824
283.275
291.037
290.478
289.921
289.364
288.808
288.253
287.698
287.144
286.59
286.037
285.484
284.932
284.38
283.828
283.276
291.059
290.509
289.952
289.394
288.836
288.278
287.72
287.164
286.607
286.051
285.496
284.941
284.386
283.832
283.277
291.105
290.545
289.985
289.424
288.863
288.302
287.742
287.183
286.624
286.065
285.507
284.95
284.392
283.835
283.278
291.136
290.58
290.018
289.454
288.89
288.327
287.764
287.202
286.64
286.079
285.518
284.958
284.398
283.839
283.28
291.19
290.619
290.051
289.484
288.917
288.351
287.785
287.22
286.656
286.092
285.529
284.967
284.404
283.843
283.281
291.224
290.657
290.085
289.514
288.943
288.374
287.805
287.238
286.671
286.105
285.54
284.975
284.41
283.846
283.282
291.285
290.697
290.119
289.543
288.969
288.397
287.825
287.255
286.686
286.117
285.55
284.982
284.416
283.849
283.283
291.316
290.732
290.15
289.571
288.994
288.419
287.845
287.272
286.7
286.129
285.559
284.99
284.421
283.852
283.284
291.36
290.765
290.179
289.597
289.018
288.44
287.863
287.288
286.714
286.141
285.569
284.997
284.426
283.855
283.285
291.379
290.791
290.206
289.622
289.04
288.46
287.881
287.303
286.727
286.152
285.577
285.004
284.431
283.858
283.286
291.397
290.816
290.231
289.646
289.062
288.479
287.898
287.318
286.739
286.162
285.586
285.01
284.435
283.861
283.287
291.434
290.844
290.256
289.669
289.082
288.497
287.914
287.332
286.751
286.172
285.593
285.016
284.44
283.864
283.288
291.458
290.871
290.281
289.691
289.102
288.514
287.929
287.344
286.762
286.181
285.601
285.022
284.443
283.866
283.289
291.498
290.9
290.305
289.712
289.12
288.53
287.942
287.356
286.772
286.189
285.607
285.026
284.447
283.868
283.289
291.523
290.927
290.329
289.732
289.138
288.545
287.955
287.367
286.78
286.196
285.613
285.031
284.45
283.87
283.29
291.567
290.956
290.352
289.751
289.154
288.558
287.966
287.376
286.788
286.202
285.617
285.034
284.452
283.871
283.29
291.59
290.981
290.373
289.768
289.167
288.57
287.975
287.383
286.794
286.207
285.621
285.037
284.454
283.872
283.291
291.623
291.004
290.391
289.783
289.179
288.579
287.983
287.389
286.799
286.211
285.624
285.04
284.456
283.873
283.291
291.639
291.022
290.407
289.795
289.188
288.586
287.988
287.393
286.802
286.213
285.626
285.041
284.457
283.874
283.291
291.655
291.039
290.42
289.804
289.194
288.59
287.991
287.395
286.803
286.214
285.627
285.042
284.457
283.874
283.291
291.696
291.06
290.43
289.809
289.196
288.591
287.99
287.395
286.803
286.214
285.627
285.041
284.457
283.874
283.291
291.725
291.075
290.434
289.808
289.193
288.587
287.987
287.392
286.8
286.212
285.625
285.04
284.456
283.874
283.291
291.792
291.083
290.428
289.799
289.185
288.58
287.981
287.387
286.796
286.208
285.622
285.038
284.455
283.873
283.291
291.764
291.054
290.404
289.78
289.17
288.568
287.971
287.379
286.79
286.203
285.619
285.035
284.453
283.872
283.29
322.828
322.483
322.139
321.795
321.451
321.107
320.764
320.42
320.077
319.734
319.39
319.045
318.699
318.351
318.006
322.829
322.487
322.145
321.804
321.462
321.121
320.781
320.441
320.101
319.762
319.423
319.085
318.749
318.416
318.092
322.83
322.491
322.151
321.812
321.474
321.135
320.798
320.461
320.125
319.79
319.456
319.124
318.795
318.471
318.156
322.831
322.494
322.157
321.821
321.484
321.149
320.814
320.48
320.147
319.816
319.487
319.16
318.837
318.519
318.208
322.832
322.498
322.163
321.828
321.495
321.162
320.829
320.498
320.169
319.841
319.515
319.192
318.873
318.559
318.251
322.834
322.501
322.168
321.836
321.504
321.173
320.844
320.515
320.188
319.863
319.541
319.221
318.905
318.593
318.287
322.834
322.503
322.173
321.842
321.513
321.184
320.856
320.53
320.206
319.883
319.563
319.246
318.932
318.622
318.317
322.835
322.506
322.177
321.848
321.521
321.194
320.868
320.544
320.221
319.901
319.583
319.268
318.956
318.647
318.343
322.836
322.508
322.181
321.854
321.528
321.202
320.878
320.556
320.235
319.916
319.6
319.286
318.975
318.668
318.364
322.837
322.51
322.184
321.858
321.534
321.21
320.887
320.566
320.246
319.929
319.614
319.301
318.992
318.685
318.382
322.837
322.512
322.187
321.862
321.538
321.216
320.894
320.574
320.256
319.94
319.626
319.314
319.005
318.699
318.397
322.838
322.513
322.189
321.865
321.542
321.221
320.9
320.581
320.264
319.948
319.635
319.324
319.016
318.71
318.408
322.838
322.514
322.191
321.868
321.545
321.224
320.904
320.586
320.269
319.954
319.642
319.331
319.024
318.719
318.416
322.838
322.515
322.192
321.869
321.547
321.227
320.907
320.589
320.273
319.959
319.646
319.336
319.029
318.724
318.422
322.838
322.515
322.192
321.87
321.548
321.228
320.909
320.591
320.275
319.961
319.648
319.339
319.031
318.727
318.425
317.729
317.549
317.229
317.047
316.782
316.652
316.522
316.253
316.064
315.72
315.528
315.244
315.084
314.852
314.737
314.621
314.384
314.218
313.915
313.748
313.508
313.391
313.276
313.044
312.884
312.603
312.411
312.067
311.878
311.607
311.476
311.347
311.086
310.906
310.59
310.374
309.985
309.771
309.464
309.316
309.168
308.87
308.662
308.293
308.038
307.575
307.314
306.927
306.707
306.386
306.227
306.065
305.729
305.493
305.059
304.819
304.471
304.302
304.133
303.791
303.553
303.132
302.844
302.324
302.039
301.628
301.429
301.231
300.829
300.55
300.055
299.717
299.106
298.771
298.29
298.057
297.826
297.355
297.029
296.451
296.059
295.352
294.968
294.418
294.156
293.899
293.375
293.024
292.412
292.079
317.816
317.581
317.33
317.105
316.881
316.686
316.492
316.267
316.042
315.79
315.561
315.33
315.127
314.926
314.752
314.577
314.377
314.175
313.951
313.749
313.547
313.372
313.198
312.997
312.793
312.563
312.335
312.083
311.856
311.631
311.436
311.241
311.016
310.789
310.531
310.275
309.991
309.736
309.481
309.26
309.039
308.782
308.52
308.22
307.921
307.585
307.28
306.97
306.694
306.42
306.181
305.939
305.659
305.375
305.057
304.769
304.479
304.226
303.972
303.678
303.378
303.035
302.695
302.316
301.976
301.635
301.34
301.043
300.699
300.348
299.948
299.55
299.108
298.712
298.315
297.972
297.628
297.228
296.823
296.36
295.903
295.396
294.945
294.497
294.115
293.736
293.304
292.875
292.404
291.97
317.879
317.635
317.394
317.162
316.937
316.721
316.506
316.284
316.057
315.825
315.599
315.377
315.166
314.962
314.766
314.572
314.37
314.165
313.955
313.75
313.548
313.353
313.157
312.953
312.742
312.52
312.293
312.061
311.834
311.611
311.395
311.178
310.951
310.716
310.469
310.215
309.955
309.7
309.449
309.206
308.96
308.702
308.432
308.148
307.855
307.553
307.255
306.961
306.679
306.404
306.138
305.871
305.593
305.307
305.012
304.721
304.433
304.153
303.87
303.573
303.263
302.936
302.6
302.254
301.914
301.578
301.253
300.924
300.578
300.218
299.838
299.448
299.046
298.652
298.264
297.888
297.509
297.111
296.697
296.262
295.817
295.361
294.917
294.483
294.067
293.653
293.225
292.789
292.34
291.891
317.931
317.685
317.444
317.209
316.979
316.754
316.531
316.306
316.08
315.853
315.63
315.41
315.195
314.985
314.78
314.575
314.37
314.162
313.954
313.746
313.54
313.335
313.129
312.919
312.705
312.484
312.26
312.033
311.806
311.581
311.356
311.129
310.898
310.66
310.416
310.166
309.913
309.66
309.407
309.154
308.899
308.637
308.367
308.089
307.804
307.514
307.224
306.937
306.653
306.374
306.098
305.82
305.538
305.251
304.96
304.669
304.377
304.085
303.789
303.486
303.173
302.85
302.519
302.182
301.845
301.508
301.17
300.829
300.478
300.116
299.743
299.361
298.973
298.584
298.196
297.809
297.417
297.016
296.604
296.179
295.747
295.31
294.874
294.443
294.017
293.59
293.159
292.72
292.275
291.825
317.974
317.728
317.486
317.248
317.015
316.785
316.557
316.33
316.104
315.878
315.655
315.434
315.217
315.003
314.792
314.582
314.372
314.161
313.95
313.74
313.53
313.319
313.107
312.893
312.676
312.455
312.231
312.004
311.777
311.549
311.32
311.088
310.853
310.614
310.37
310.122
309.871
309.618
309.364
309.107
308.848
308.584
308.314
308.039
307.759
307.475
307.19
306.906
306.623
306.341
306.059
305.776
305.491
305.202
304.91
304.617
304.321
304.023
303.72
303.412
303.097
302.775
302.446
302.113
301.776
301.437
301.094
300.747
300.393
300.031
299.661
299.284
298.901
298.515
298.127
297.736
297.34
296.937
296.527
296.108
295.684
295.255
294.826
294.396
293.967
293.536
293.101
292.662
292.218
291.768
318.011
317.764
317.521
317.282
317.046
316.813
316.582
316.353
316.126
315.9
315.676
315.454
315.234
315.017
314.802
314.588
314.374
314.161
313.947
313.733
313.52
313.305
313.089
312.872
312.652
312.429
312.205
311.978
311.749
311.519
311.287
311.053
310.815
310.575
310.33
310.083
309.832
309.579
309.323
309.065
308.804
308.539
308.27
307.996
307.719
307.438
307.156
306.873
306.59
306.307
306.022
305.736
305.448
305.157
304.864
304.568
304.269
303.966
303.66
303.349
303.032
302.709
302.381
302.048
301.712
301.371
301.026
300.676
300.32
299.958
299.589
299.214
298.834
298.45
298.062
297.67
297.273
296.87
296.461
296.047
295.627
295.203
294.777
294.349
293.919
293.486
293.051
292.611
292.168
291.719
318.042
317.795
317.551
317.31
317.073
316.838
316.606
316.375
316.146
315.919
315.693
315.47
315.248
315.029
314.81
314.593
314.376
314.16
313.944
313.727
313.51
313.293
313.074
312.854
312.632
312.408
312.182
311.954
311.724
311.492
311.258
311.022
310.783
310.541
310.296
310.048
309.797
309.543
309.287
309.028
308.766
308.5
308.231
307.959
307.683
307.404
307.124
306.842
306.558
306.274
305.988
305.7
305.409
305.117
304.821
304.523
304.221
303.916
303.607
303.293
302.975
302.651
302.323
301.99
301.653
301.311
300.964
300.613
300.256
299.894
299.526
299.152
298.774
298.39
298.003
297.61
297.214
296.812
296.404
295.992
295.575
295.154
294.731
294.304
293.874
293.442
293.006
292.567
292.124
291.677
318.068
317.82
317.576
317.335
317.096
316.86
316.626
316.394
316.164
315.935
315.709
315.484
315.26
315.038
314.818
314.598
314.379
314.16
313.941
313.722
313.503
313.282
313.061
312.839
312.615
312.389
312.162
311.932
311.701
311.468
311.232
310.994
310.754
310.511
310.266
310.017
309.766
309.512
309.255
308.995
308.733
308.467
308.198
307.926
307.651
307.374
307.094
306.812
306.529
306.243
305.956
305.666
305.374
305.08
304.783
304.482
304.179
303.871
303.56
303.245
302.925
302.601
302.272
301.938
301.6
301.257
300.91
300.558
300.201
299.838
299.47
299.098
298.72
298.337
297.95
297.558
297.162
296.761
296.355
295.944
295.529
295.111
294.688
294.263
293.834
293.402
292.967
292.528
292.086
291.64
318.089
317.842
317.598
317.355
317.116
316.879
316.643
316.41
316.179
315.949
315.721
315.495
315.27
315.046
314.823
314.602
314.38
314.159
313.938
313.717
313.496
313.274
313.05
312.826
312.6
312.373
312.144
311.914
311.681
311.447
311.21
310.971
310.73
310.486
310.24
309.99
309.739
309.484
309.227
308.967
308.704
308.438
308.169
307.898
307.623
307.346
307.067
306.785
306.501
306.215
305.927
305.637
305.343
305.048
304.749
304.447
304.142
303.833
303.52
303.203
302.883
302.557
302.227
301.893
301.554
301.211
300.863
300.51
300.153
299.79
299.423
299.05
298.673
298.291
297.904
297.513
297.117
296.717
296.312
295.903
295.489
295.072
294.651
294.227
293.799
293.368
292.933
292.495
292.054
291.609
318.107
317.86
317.615
317.373
317.132
316.894
316.658
316.424
316.192
315.961
315.732
315.504
315.278
315.053
314.828
314.605
314.382
314.159
313.936
313.713
313.49
313.266
313.041
312.816
312.588
312.36
312.13
311.898
311.664
311.429
311.191
310.951
310.709
310.465
310.218
309.968
309.716
309.461
309.203
308.943
308.68
308.414
308.145
307.874
307.6
307.323
307.043
306.762
306.478
306.191
305.902
305.611
305.317
305.02
304.72
304.416
304.11
303.8
303.486
303.168
302.846
302.52
302.19
301.855
301.515
301.172
300.823
300.47
300.112
299.75
299.382
299.01
298.633
298.251
297.865
297.475
297.079
296.68
296.276
295.868
295.455
295.039
294.619
294.195
293.768
293.338
292.904
292.467
292.026
291.582
318.122
317.875
317.63
317.387
317.146
316.907
316.67
316.435
316.202
315.971
315.741
315.512
315.284
315.058
314.832
314.607
314.383
314.159
313.934
313.71
313.485
313.26
313.034
312.807
312.579
312.349
312.118
311.885
311.65
311.414
311.176
310.935
310.692
310.447
310.199
309.949
309.697
309.441
309.184
308.923
308.66
308.394
308.125
307.854
307.58
307.303
307.024
306.742
306.457
306.171
305.881
305.589
305.294
304.996
304.695
304.391
304.084
303.772
303.458
303.139
302.816
302.489
302.158
301.823
301.483
301.139
300.79
300.437
300.079
299.716
299.349
298.977
298.6
298.219
297.833
297.443
297.048
296.649
296.246
295.838
295.427
295.011
294.592
294.169
293.743
293.313
292.88
292.443
292.003
291.56
318.133
317.886
317.641
317.398
317.156
316.917
316.68
316.444
316.211
315.978
315.747
315.518
315.289
315.062
314.835
314.609
314.384
314.158
313.933
313.708
313.482
313.255
313.028
312.8
312.571
312.34
312.108
311.875
311.639
311.402
311.163
310.922
310.679
310.433
310.185
309.935
309.682
309.426
309.168
308.907
308.644
308.378
308.109
307.838
307.564
307.287
307.008
306.726
306.441
306.154
305.864
305.571
305.276
304.977
304.676
304.371
304.062
303.751
303.435
303.116
302.792
302.465
302.133
301.798
301.457
301.113
300.764
300.41
300.052
299.689
299.322
298.95
298.574
298.193
297.807
297.417
297.023
296.624
296.222
295.815
295.404
294.989
294.571
294.148
293.722
293.293
292.861
292.425
291.985
291.543
318.142
317.894
317.649
317.406
317.164
316.925
316.687
316.451
316.217
315.984
315.752
315.522
315.293
315.065
314.837
314.611
314.384
314.158
313.932
313.706
313.479
313.252
313.024
312.795
312.565
312.334
312.101
311.867
311.631
311.394
311.154
310.912
310.669
310.423
310.174
309.924
309.67
309.415
309.156
308.896
308.632
308.366
308.097
307.826
307.552
307.275
306.995
306.713
306.429
306.141
305.851
305.558
305.262
304.963
304.661
304.355
304.047
303.734
303.418
303.098
302.775
302.447
302.115
301.779
301.438
301.093
300.744
300.39
300.032
299.669
299.302
298.93
298.554
298.173
297.788
297.398
297.004
296.606
296.204
295.797
295.387
294.972
294.554
294.133
293.707
293.278
292.846
292.411
291.972
291.53
318.147
317.9
317.655
317.411
317.169
316.93
316.692
316.455
316.221
315.988
315.756
315.525
315.295
315.067
314.839
314.612
314.385
314.158
313.931
313.704
313.477
313.25
313.021
312.792
312.561
312.33
312.097
311.862
311.626
311.388
311.148
310.906
310.662
310.416
310.167
309.916
309.663
309.407
309.149
308.888
308.624
308.358
308.089
307.818
307.544
307.267
306.987
306.705
306.42
306.133
305.842
305.549
305.253
304.954
304.651
304.345
304.036
303.723
303.407
303.087
302.763
302.435
302.102
301.766
301.425
301.08
300.731
300.377
300.019
299.656
299.289
298.917
298.541
298.16
297.775
297.386
296.992
296.594
296.192
295.786
295.375
294.961
294.544
294.122
293.697
293.269
292.837
292.401
291.963
291.522
318.15
317.903
317.657
317.414
317.172
316.932
316.694
316.458
316.223
315.989
315.757
315.526
315.297
315.068
314.84
314.612
314.385
314.158
313.931
313.704
313.476
313.248
313.02
312.79
312.559
312.328
312.094
311.86
311.623
311.385
311.145
310.903
310.659
310.412
310.164
309.913
309.659
309.403
309.145
308.884
308.62
308.354
308.085
307.814
307.54
307.263
306.983
306.701
306.416
306.129
305.838
305.545
305.248
304.949
304.646
304.34
304.031
303.718
303.401
303.081
302.757
302.429
302.096
301.76
301.419
301.074
300.725
300.371
300.012
299.65
299.282
298.911
298.534
298.154
297.769
297.379
296.986
296.588
296.186
295.78
295.37
294.956
294.538
294.117
293.692
293.264
292.832
292.397
291.959
291.518
291.588
290.975
290.359
289.749
289.147
288.55
287.957
287.368
286.781
286.197
285.614
285.032
284.451
283.87
283.29
291.471
290.893
290.302
289.708
289.116
288.527
287.939
287.354
286.77
286.188
285.607
285.027
284.447
283.868
283.289
291.389
290.823
290.247
289.666
289.084
288.501
287.919
287.338
286.757
286.178
285.599
285.021
284.443
283.866
283.289
291.323
290.765
290.198
289.626
289.051
288.475
287.898
287.321
286.744
286.167
285.591
285.015
284.439
283.863
283.288
291.268
290.715
290.154
289.589
289.02
288.449
287.877
287.303
286.73
286.156
285.582
285.008
284.435
283.861
283.287
291.221
290.671
290.115
289.555
288.991
288.425
287.856
287.287
286.716
286.145
285.574
285.002
284.43
283.858
283.286
291.18
290.633
290.081
289.525
288.965
288.402
287.838
287.271
286.703
286.135
285.566
284.996
284.426
283.856
283.285
291.145
290.601
290.052
289.498
288.942
288.382
287.82
287.257
286.691
286.125
285.558
284.99
284.422
283.853
283.284
291.116
290.573
290.026
289.475
288.921
288.364
287.805
287.244
286.681
286.116
285.551
284.985
284.418
283.851
283.284
291.09
290.55
290.005
289.456
288.904
288.349
287.792
287.232
286.671
286.108
285.545
284.98
284.415
283.849
283.283
291.07
290.53
289.987
289.44
288.889
288.336
287.78
287.223
286.663
286.102
285.539
284.976
284.412
283.847
283.282
291.053
290.515
289.973
289.427
288.878
288.326
287.771
287.215
286.656
286.096
285.535
284.973
284.41
283.846
283.282
291.041
290.503
289.962
289.417
288.869
288.318
287.765
287.209
286.651
286.092
285.532
284.97
284.408
283.845
283.282
291.033
290.496
289.955
289.411
288.863
288.313
287.76
287.205
286.648
286.089
285.53
284.969
284.407
283.844
283.281
291.029
290.492
289.952
289.408
288.86
288.31
287.758
287.203
286.646
286.088
285.528
284.968
284.406
283.844
283.281
)
;

boundaryField
{
    hot
    {
        type            fixedValue;
        value           uniform 323;
    }
    cold
    {
        type            fixedValue;
        value           uniform 283;
    }
    interface_left
    {
        type            fixedValue;
        value           nonuniform List<scalar> 
90
(
314.486
314.486
314.587
314.587
314.601
314.601
314.601
314.607
314.607
314.625
314.625
314.651
314.651
314.683
314.683
314.683
314.726
314.726
314.795
314.795
314.853
314.853
314.853
314.914
314.914
314.99
314.99
315.093
315.093
315.173
315.173
315.173
315.249
315.249
315.341
315.341
315.461
315.461
315.551
315.551
315.551
315.636
315.636
315.737
315.737
315.868
315.868
315.966
315.966
315.966
316.059
316.059
316.168
316.168
316.31
316.31
316.416
316.416
316.416
316.516
316.516
316.634
316.634
316.786
316.786
316.898
316.898
316.898
317
317
317.117
317.117
317.263
317.263
317.362
317.362
317.362
317.447
317.447
317.533
317.533
317.624
317.624
317.672
317.672
317.672
317.686
317.686
317.635
317.635
)
;
    }
    interface_right
    {
        type            fixedValue;
        value           nonuniform List<scalar> 
90
(
288.556
288.556
288.488
288.488
288.488
288.49
288.49
288.526
288.526
288.603
288.603
288.679
288.679
288.755
288.755
288.755
288.848
288.848
288.985
288.985
289.096
289.096
289.195
289.195
289.195
289.303
289.303
289.451
289.451
289.566
289.566
289.664
289.664
289.664
289.767
289.767
289.904
289.904
290.006
290.006
290.006
290.105
290.105
290.225
290.225
290.38
290.38
290.495
290.495
290.592
290.592
290.592
290.694
290.694
290.831
290.831
290.935
290.935
291.022
291.022
291.022
291.113
291.113
291.231
291.231
291.317
291.317
291.317
291.398
291.398
291.49
291.49
291.601
291.601
291.675
291.675
291.675
291.74
291.74
291.808
291.808
291.888
291.888
291.947
291.947
291.947
292.024
292.024
292.216
292.216
)
;
    }
    interface_top
    {
        type            fixedValue;
        value           nonuniform List<scalar> 
90
(
317.635
317.635
317.079
317.079
316.637
316.637
316.637
316.188
316.188
315.577
315.577
315.114
315.114
314.731
314.731
314.731
314.338
314.338
313.801
313.801
313.4
313.4
313.4
313.017
313.017
312.56
312.56
311.949
311.949
311.496
311.496
311.496
311.065
311.065
310.549
310.549
309.858
309.858
309.344
309.344
309.344
308.85
308.85
308.249
308.249
307.425
307.425
306.788
306.788
306.254
306.254
306.254
305.695
305.695
304.923
304.923
304.341
304.341
304.341
303.775
303.775
303.087
303.087
302.162
302.162
301.474
301.474
301.474
300.808
300.808
299.997
299.997
298.908
298.908
298.099
298.099
298.099
297.315
297.315
296.365
296.365
295.099
295.099
294.173
294.173
294.173
293.288
293.288
292.216
292.216
)
;
    }
    interface_bottom
    {
        type            fixedValue;
        value           nonuniform List<scalar> 
90
(
314.486
314.486
313.588
313.588
313.588
312.733
312.733
311.708
311.708
310.364
310.364
309.38
309.38
308.583
308.583
308.583
307.773
307.773
306.692
306.692
305.896
305.896
305.249
305.249
305.249
304.594
304.594
303.735
303.735
303.122
303.122
303.122
302.546
302.546
301.875
301.875
301.027
301.027
300.432
300.432
300.432
299.878
299.878
299.227
299.227
298.394
298.394
297.794
297.794
297.307
297.307
297.307
296.812
296.812
296.164
296.164
295.699
295.699
295.699
295.26
295.26
294.744
294.744
294.097
294.097
293.643
293.643
293.643
293.219
293.219
292.722
292.722
292.094
292.094
291.651
291.651
291.651
291.232
291.232
290.732
290.732
290.08
290.08
289.605
289.605
289.605
289.139
289.139
288.556
288.556
)
;
    }
    defaultFaces
    {
        type            empty;
    }
}


// ************************************************************************* //
