/*--------------------------------*- C++ -*----------------------------------*\
| =========                 |                                                 |
| \\      /  F ield         | OpenFOAM: The Open Source CFD Toolbox           |
|  \\    /   O peration     | Version:  5.x                                   |
|   \\  /    A nd           | Web:      www.OpenFOAM.org                      |
|    \\/     M anipulation  |                                                 |
\*---------------------------------------------------------------------------*/
FoamFile
{
    version     2.0;
    format      ascii;
    class       volScalarField;
    location    "2.9";
    object      gradTy;
}
// * * * * * * * * * * * * * * * * * * * * * * * * * * * * * * * * * * * * * //

dimensions      [0 -1 0 1 0 0 0];

internalField   nonuniform List<scalar> 
6300
(
32275.9
32227.9
32179.8
32131.8
32083.9
32036.1
31988.5
31941
31893.7
31846.6
31799.8
31753.2
31707
31661
31615.4
-0.0189053
-0.0567929
-0.0948981
-0.133319
-0.172086
-0.211131
-0.25027
-0.28918
-0.327401
-0.364363
-0.399432
-0.432015
-0.461685
-0.488335
-0.512308
-0.031424
-0.0944142
-0.157812
-0.221812
-0.286496
-0.351777
-0.417364
-0.48272
-0.547056
-0.609353
-0.668455
-0.723226
-0.77279
-0.816823
-0.855826
-0.0437975
-0.131625
-0.220119
-0.309619
-0.400302
-0.492111
-0.58468
-0.677271
-0.768735
-0.857524
-0.941793
-1.01962
-1.0894
-1.15031
-1.20285
-0.0559364
-0.168163
-0.281411
-0.396231
-0.512969
-0.631667
-0.751952
-0.872924
-0.993062
-1.11018
-1.22153
-1.32404
-1.41485
-1.49213
-1.55602
-0.0677217
-0.203677
-0.341125
-0.480915
-0.623662
-0.769618
-0.918515
-1.06939
-1.22037
-1.36859
-1.51008
-1.6401
-1.75377
-1.84729
-1.91963
-0.0789934
-0.237692
-0.398485
-0.562627
-0.731127
-0.904603
-1.08308
-1.2657
-1.45042
-1.63367
-1.81005
-1.97247
-2.11279
-2.22358
-2.30097
-0.0895504
-0.269604
-0.452485
-0.639961
-0.83359
-1.03456
-1.24345
-1.45986
-1.68191
-1.90555
-2.12394
-2.32688
-2.50129
-2.6332
-2.71256
-0.0991512
-0.29868
-0.501874
-0.71112
-0.928683
-1.15657
-1.39627
-1.64835
-1.91173
-2.18265
-2.4532
-2.70979
-2.93222
-3.09533
-3.17603
-0.107522
-0.324081
-0.545193
-0.773938
-1.01342
-1.26672
-1.53667
-1.82549
-2.13397
-2.46005
-2.79637
-3.1268
-3.42241
-3.63984
-3.72924
-0.114377
-0.344916
-0.580862
-0.825989
-1.08432
-1.36017
-1.65814
-1.98291
-2.33857
-2.72714
-3.14537
-3.57859
-3.99073
-4.31232
-4.43992
-0.119442
-0.360332
-0.607327
-0.864811
-1.13765
-1.43145
-1.75277
-2.10938
-2.51019
-2.96453
-3.47932
-4.05142
-4.64952
-5.17871
-5.43544
-0.122498
-0.369628
-0.623282
-0.888242
-1.16999
-1.47515
-1.81206
-2.19158
-2.62823
-3.14141
-3.75591
-4.49818
-5.37713
-6.3174
-6.97931
-0.123415
-0.372384
-0.627908
-0.894846
-1.17888
-1.48706
-1.82867
-2.21659
-2.66967
-3.21691
-3.90465
-4.80819
-6.04327
-7.73425
-9.67465
-0.122188
-0.368569
-0.621095
-0.884317
-1.16357
-1.46549
-1.79892
-2.17637
-2.61691
-3.15185
-3.83753
-4.78652
-6.25329
-8.9014
-14.7545
31573.8
31536.3
31499.1
31462.1
31425.4
31389
31352.9
31317
31281.5
31246.4
31211.6
31177.1
31143
31109.3
31076
31043.2
31010.7
30978.6
30947
30915.8
30884.9
30854.5
30824.5
30794.9
30765.6
30736.7
30708.1
30679.8
30651.8
30624.1
30596.7
30569.5
30542.5
30515.7
30489.1
30462.7
30436.4
30410.3
30384.2
30358.3
30332.5
30306.7
30281.1
30255.5
30229.9
30204.4
30178.9
30153.4
30128
30102.5
30077
30051.6
30026
30000.5
29974.8
29949.1
29923.3
29897.3
29871.3
29845.1
29818.7
29792.2
29765.5
29738.6
29711.5
29684.3
29656.8
29629
29601.1
29572.9
29544.5
29515.9
29487
29457.9
29428.5
29398.8
29368.9
29338.7
29308.3
29277.5
29246.6
29215.3
29183.8
29151.9
29119.8
29087.5
29054.8
29021.9
28988.7
28955.2
-0.532615
-0.550647
-0.569143
-0.589005
-0.610994
-0.635589
-0.662871
-0.692481
-0.723641
-0.755261
-0.786089
-0.814872
-0.840505
-0.862119
-0.879106
-0.891086
-0.897846
-0.899268
-0.89529
-0.885898
-0.871152
-0.851223
-0.82642
-0.797193
-0.764118
-0.727849
-0.689081
-0.648519
-0.606855
-0.564758
-0.522864
-0.481746
-0.441892
-0.403671
-0.367321
-0.33296
-0.300611
-0.270249
-0.241825
-0.215286
-0.190552
-0.167479
-0.145818
-0.125186
-0.105071
-0.0848727
-0.0639784
-0.0418419
-0.0180604
0.00757721
0.0350791
0.0642712
0.0948391
0.126376
0.158421
0.19049
0.222095
0.252768
0.282097
0.309755
0.335537
0.35937
0.381299
0.401444
0.419955
0.436962
0.452556
0.466788
0.479705
0.491382
0.501947
0.511576
0.520471
0.528812
0.536719
0.544239
0.551354
0.558017
0.564193
0.569881
0.575108
0.579884
0.584152
0.587725
0.590264
0.591281
0.590195
0.586401
0.579351
0.568621
-0.888336
-0.916969
-0.946364
-0.978257
-1.01415
-1.05501
-1.10106
-1.15165
-1.20532
-1.26002
-1.3134
-1.36314
-1.40726
-1.44426
-1.47319
-1.49351
-1.50498
-1.50746
-1.50086
-1.48512
-1.46028
-1.42658
-1.38453
-1.33492
-1.27876
-1.21721
-1.15148
-1.08279
-1.01229
-0.941128
-0.8704
-0.801108
-0.734109
-0.670039
-0.609282
-0.551986
-0.498129
-0.447614
-0.400346
-0.356261
-0.315284
-0.277247
-0.241774
-0.208218
-0.175661
-0.14299
-0.10905
-0.0728107
-0.0335263
0.00917544
0.0552749
0.104415
0.155999
0.209283
0.263455
0.317673
0.371083
0.422857
0.472248
0.518666
0.561749
0.601399
0.63775
0.671087
0.701729
0.72993
0.755832
0.779477
0.800885
0.820146
0.837474
0.85321
0.867755
0.881469
0.894582
0.90715
0.919088
0.930257
0.940564
0.950018
0.958726
0.966801
0.974232
0.980755
0.985787
0.988437
0.987614
0.982178
0.971107
0.953637
-1.24535
-1.28216
-1.31995
-1.36171
-1.4101
-1.46692
-1.53267
-1.60632
-1.68546
-1.76663
-1.84588
-1.91943
-1.98418
-2.03796
-2.07959
-2.10862
-2.12497
-2.12864
-2.1195
-2.09735
-2.06207
-2.01386
-1.95343
-1.88196
-1.80105
-1.71248
-1.61806
-1.51954
-1.41856
-1.31676
-1.21575
-1.11705
-1.02199
-0.931515
-0.846136
-0.765934
-0.690708
-0.620178
-0.554158
-0.49263
-0.435658
-0.383194
-0.33484
-0.289688
-0.24629
-0.202813
-0.157308
-0.108043
-0.0537929
0.00599956
0.0712087
0.141158
0.214822
0.291022
0.368535
0.446126
0.522533
0.596484
0.666785
0.73248
0.793006
0.848277
0.898639
0.944704
0.987107
1.0263
1.06244
1.09547
1.12524
1.15177
1.17537
1.19663
1.21631
1.23506
1.2533
1.27103
1.28799
1.3038
1.31822
1.33129
1.34331
1.3547
1.36567
1.37598
1.38478
1.39064
1.39172
1.38612
1.37214
1.34851
-1.60495
-1.64588
-1.68776
-1.73555
-1.79386
-1.86593
-1.95282
-2.05303
-2.16264
-2.27593
-2.38651
-2.48836
-2.57685
-2.64912
-2.70411
-2.74194
-2.76321
-2.76825
-2.75688
-2.72849
-2.68247
-2.61878
-2.53825
-2.44265
-2.33441
-2.21622
-2.09062
-1.95989
-1.82611
-1.69136
-1.55787
-1.42787
-1.30338
-1.18579
-1.07569
-0.972879
-0.876699
-0.786431
-0.701702
-0.622651
-0.549768
-0.483462
-0.423553
-0.368896
-0.317314
-0.265849
-0.211285
-0.150775
-0.0823718
-0.00532074
0.0799606
0.172182
0.269617
0.370482
0.473106
0.575879
0.677107
0.774943
0.867526
0.953302
1.03139
1.10178
1.16527
1.22314
1.27665
1.3266
1.37309
1.41569
1.4538
1.48717
1.51618
1.5419
1.56573
1.58897
1.6123
1.6356
1.65813
1.67894
1.69742
1.71366
1.72842
1.74282
1.75769
1.77304
1.78769
1.79939
1.80514
1.80185
1.7868
1.75803
-1.96962
-2.0082
-2.04698
-2.09418
-2.15775
-2.24351
-2.35372
-2.48615
-2.63441
-2.78908
-2.93961
-3.07647
-3.19277
-3.2851
-3.35324
-3.39904
-3.42471
-3.43142
-3.4187
-3.38491
-3.32823
-3.24785
-3.1447
-3.02146
-2.88203
-2.73053
-2.57047
-2.40455
-2.23496
-2.06408
-1.89486
-1.7307
-1.57477
-1.42922
-1.29466
-1.17021
-1.05412
-0.94465
-0.841016
-0.743742
-0.654361
-0.574481
-0.504667
-0.443652
-0.388148
-0.33333
-0.273814
-0.204867
-0.123402
-0.0284973
0.0787079
0.195681
0.31945
0.447381
0.577427
0.707819
0.836523
0.960921
1.07802
1.18514
1.2808
1.36514
1.43992
1.50778
1.57126
1.6318
1.68927
1.74229
1.78911
1.82874
1.86165
1.88978
1.91593
1.94265
1.97123
2.0012
2.03066
2.05734
2.07976
2.09806
2.11398
2.13017
2.14894
2.171
2.19479
2.21661
2.23151
2.23443
2.22113
2.18867
-2.34415
-2.37017
-2.39401
-2.42923
-2.48961
-2.58587
-2.72254
-2.89643
-3.09691
-3.30811
-3.51234
-3.69412
-3.84316
-3.95582
-4.03448
-4.08506
-4.11346
-4.12247
-4.1108
-4.07421
-4.00804
-3.90966
-3.77997
-3.62349
-3.44695
-3.25708
-3.0587
-2.8544
-2.64558
-2.43432
-2.22448
-2.02157
-1.83111
-1.65673
-1.49898
-1.35543
-1.2219
-1.09437
-0.971073
-0.853366
-0.745175
-0.650909
-0.573015
-0.510377
-0.457905
-0.407481
-0.34983
-0.276891
-0.183687
-0.0692911
0.0634835
0.209489
0.363378
0.521323
0.681335
0.842274
1.00222
1.1575
1.30295
1.43358
1.54657
1.64237
1.72462
1.79882
1.87018
1.94148
2.01195
2.07789
2.13484
2.18007
2.21406
2.2406
2.26538
2.29372
2.32823
2.36759
2.40728
2.44193
2.46812
2.48594
2.49922
2.51388
2.5355
2.56652
2.60478
2.64387
2.67519
2.69043
2.6831
2.64899
-2.73771
-2.73525
-2.72462
-2.72802
-2.76982
-2.87005
-3.03777
-3.26842
-3.54397
-3.83715
-4.11738
-4.35888
-4.54588
-4.67548
-4.7561
-4.80296
-4.83007
-4.84323
-4.83871
-4.80602
-4.73414
-4.61642
-4.45372
-4.25427
-4.03092
-3.79572
-3.5553
-3.31058
-3.05955
-2.80231
-2.54392
-2.29429
-2.06409
-1.86003
-1.68259
-1.52597
-1.38074
-1.23772
-1.09277
-0.948968
-0.815605
-0.703412
-0.619038
-0.562096
-0.524337
-0.49165
-0.44746
-0.37768
-0.274057
-0.136102
0.0296665
0.212415
0.401943
0.592775
0.784396
0.978649
1.17516
1.36875
1.54973
1.70795
1.83764
1.93963
2.02145
2.09446
2.16975
2.25291
2.34169
2.42699
2.49801
2.54814
2.57776
2.5945
2.61023
2.63647
2.67876
2.73403
2.79166
2.83925
2.869
2.88088
2.88294
2.88806
2.90899
2.95206
3.01402
3.08273
3.1424
3.17933
3.18398
3.15097
-3.16769
-3.1121
-3.03501
-2.97154
-2.9659
-3.05706
-3.26245
-3.5758
-3.96569
-4.38485
-4.77822
-5.10212
-5.33127
-5.46563
-5.52627
-5.54927
-5.56668
-5.58936
-5.60707
-5.59413
-5.52612
-5.38778
-5.18023
-4.91925
-4.63171
-4.34161
-4.05783
-3.77553
-3.48212
-3.17161
-2.8504
-2.53861
-2.25898
-2.02453
-1.83574
-1.6796
-1.53586
-1.38326
-1.21223
-1.02889
-0.854874
-0.715142
-0.624813
-0.585413
-0.582668
-0.591554
-0.581085
-0.526314
-0.412939
-0.242005
-0.0276047
0.206607
0.439688
0.664171
0.884766
1.11289
1.35343
1.59932
1.83045
2.0246
2.1698
2.26718
2.33219
2.38808
2.45924
2.5575
2.67773
2.79791
2.89253
2.94702
2.96127
2.95114
2.94119
2.95737
3.01187
3.09829
3.19172
3.26345
3.29681
3.29113
3.2634
3.24058
3.25171
3.31144
3.41458
3.53559
3.64329
3.71559
3.73993
3.71166
-3.66679
-3.51985
-3.32577
-3.13174
-3.02258
-3.07956
-3.33167
-3.77298
-4.34529
-4.96972
-5.53914
-5.98183
-6.25313
-6.36195
-6.35062
-6.30359
-6.29564
-6.34255
-6.41949
-6.4614
-6.41926
-6.25863
-5.98348
-5.62229
-5.23596
-4.87813
-4.55792
-4.25616
-3.92898
-3.55595
-3.1429
-2.73619
-2.38838
-2.12275
-1.94135
-1.81482
-1.70315
-1.55472
-1.34877
-1.09473
-0.844049
-0.654967
-0.556441
-0.555094
-0.623373
-0.718421
-0.777576
-0.758379
-0.633713
-0.409466
-0.112329
0.203545
0.490972
0.742365
0.975521
1.23052
1.52524
1.85245
2.16572
2.41308
2.57219
2.64271
2.65748
2.66111
2.71111
2.83188
3.01528
3.2071
3.3463
3.40529
3.38135
3.309
3.236
3.22454
3.30047
3.4539
3.62445
3.7443
3.78225
3.73448
3.63814
3.54554
3.52574
3.6096
3.79064
4.0088
4.19629
4.32196
4.37263
4.35491
-4.29567
-3.99539
-3.61633
-3.1695
-2.83979
-2.82081
-3.12818
-3.78128
-4.64958
-5.63361
-6.48232
-7.10814
-7.40878
-7.43112
-7.22621
-7.00149
-6.94542
-7.05235
-7.28218
-7.44959
-7.48291
-7.29429
-6.91056
-6.36148
-5.79907
-5.36044
-5.03141
-4.77332
-4.44186
-3.99789
-3.42627
-2.849
-2.39948
-2.09972
-1.96801
-1.9287
-1.92348
-1.80915
-1.55475
-1.15594
-0.744771
-0.464663
-0.348405
-0.424797
-0.625845
-0.897318
-1.08729
-1.14275
-0.998369
-0.682402
-0.224577
0.240895
0.593578
0.846247
1.03426
1.29034
1.64966
2.12502
2.59524
2.92795
3.10146
3.09783
2.99812
2.86667
2.86034
3.01533
3.33997
3.69128
3.91483
3.98223
3.87039
3.66705
3.44143
3.36515
3.47675
3.78415
4.12949
4.34241
4.39044
4.24709
4.00686
3.74503
3.64993
3.76722
4.1127
4.52566
4.83778
5.0358
5.10323
5.1125
-5.16792
-4.58414
-4.00419
-3.03822
-2.20907
-2.09155
-2.42624
-3.47908
-4.78662
-6.49176
-7.7459
-8.70216
-8.96469
-8.82706
-8.12989
-7.45616
-7.36017
-7.58489
-8.23451
-8.63069
-8.86601
-8.61084
-8.07574
-7.11997
-6.1841
-5.68515
-5.40304
-5.39648
-5.11717
-4.62414
-3.71836
-2.77855
-2.1957
-1.83558
-1.86257
-1.99456
-2.30208
-2.26654
-1.97007
-1.23645
-0.458409
-0.0402033
0.135137
-0.116989
-0.529024
-1.19581
-1.59308
-1.8174
-1.61278
-1.16242
-0.350786
0.437611
0.837027
1.03997
0.991637
1.19808
1.6035
2.4014
3.2191
3.66832
3.88198
3.68742
3.38057
2.88806
2.77323
2.95041
3.62212
4.35526
4.70405
4.81309
4.48697
4.05299
3.42764
3.23106
3.36692
4.05566
4.82119
5.17398
5.2703
4.89536
4.40287
3.70072
3.46464
3.59271
4.33415
5.18439
5.64035
5.93461
5.91454
6.03147
-6.53026
-5.16702
-4.94766
-2.7098
-0.553556
-0.71106
-0.690161
-2.81005
-4.35111
-7.99933
-9.43838
-11.2951
-11.0968
-11.0286
-8.99975
-7.07876
-7.31299
-7.50552
-9.5517
-10.0434
-10.9553
-10.3304
-9.84649
-7.84959
-5.93974
-5.69736
-5.37769
-6.41221
-6.1
-5.84451
-4.05912
-2.19369
-1.67081
-1.01365
-1.60563
-1.80731
-3.17435
-3.09932
-3.01447
-1.38044
0.346657
0.734531
1.23473
0.421573
-0.0648938
-1.88192
-2.34743
-3.10915
-2.58048
-2.16199
-0.442842
1.1952
1.36414
1.59624
0.58284
0.819997
0.992949
2.65005
4.37444
4.74875
5.25119
4.43952
4.0312
2.36643
2.26648
2.17427
3.81669
5.57362
5.83941
6.27149
5.25983
4.71543
2.79738
2.61919
2.46192
4.21751
6.10811
6.37576
6.8297
5.71385
5.10173
2.98624
2.75589
2.53585
4.39976
6.41165
6.67654
7.28689
6.52946
7.23612
-9.26747
-4.10256
-8.79757
-2.26364
4.43388
0.41262
4.12874
-2.9745
-0.881226
-12.688
-10.5293
-16.8475
-13.0412
-16.0537
-9.7141
-3.59778
-7.32572
-4.75675
-13.1073
-10.8506
-15.2577
-11.8466
-13.7959
-8.45365
-3.29402
-5.82065
-3.40205
-9.36699
-7.00091
-9.26767
-4.51483
0.324746
-1.33894
1.60742
-1.91037
0.0584262
-6.12288
-3.94584
-6.28935
-1.65798
3.08066
1.34801
4.2261
0.490173
2.31576
-4.51375
-2.67472
-6.25861
-3.38894
-5.03398
-0.417461
4.06895
1.80096
3.94674
-1.62609
0.53509
-1.75409
2.80256
7.47464
5.64548
8.51352
4.61159
6.49191
-0.407725
1.74941
-1.09892
3.84722
8.94006
6.73618
9.80973
5.36071
7.35679
-0.337366
1.97809
-1.1967
4.18582
9.73297
7.31016
10.6504
5.80789
7.96634
-0.441933
2.0332
-1.52098
4.2531
10.1554
7.21607
10.6096
5.03699
9.40813
-18.9092
11.1604
-28.8171
-2.05281
24.8567
-9.60517
24.5279
-16.3815
22.6052
-37.4868
0.586917
-36.9786
-5.16643
-34.5453
-10.1066
14.0593
-16.4057
13.7165
-31.9372
-2.06189
-30.818
-5.64369
-28.2449
-8.79468
10.4201
-13.065
10.646
-24.3184
-1.23048
-22.7991
-5.09549
12.2079
-7.64563
13.5368
-10.116
13.6602
-21.1077
1.71696
-19.6085
-2.0904
15.1329
-4.67851
16.7412
-7.45041
17.1592
-19.6291
4.80627
-18.7021
2.30289
-16.9237
-0.205738
16.668
-4.11918
17.411
-14.9732
6.65753
-14.3604
2.78756
19.9353
-0.22314
21.5233
-3.54421
21.5944
-16.2251
8.43875
-15.5977
3.66499
22.8122
0.0318947
24.1789
-3.82094
23.9505
-17.8875
9.24136
-17.1793
3.91552
24.8331
-0.0558011
26.2529
-4.18097
26.0456
-19.5435
9.99135
-19.0117
3.92052
26.63
-1.36478
26.8422
-10.7756
17.7374
28918
28877.1
28835.9
28794.3
28752.4
28710.2
28667.7
28625
28582.1
28539
28495.7
28452.4
28408.9
28365.4
28321.8
0.552503
0.529267
0.500739
0.467615
0.430809
0.39131
0.350064
0.307895
0.265455
0.223207
0.181433
0.140257
0.0996752
0.0595867
0.0198237
0.926895
0.88781
0.839522
0.783335
0.720917
0.654047
0.584399
0.513403
0.442164
0.371447
0.301695
0.233084
0.165572
0.0989543
0.0329173
1.31117
1.25554
1.18619
1.10527
1.01546
0.919543
0.820071
0.719148
0.618352
0.518722
0.42082
0.324816
0.230576
0.137743
0.0458107
1.71019
1.63683
1.54428
1.43596
1.31598
1.18849
1.0571
0.9247
0.793322
0.664232
0.538024
0.414774
0.294169
0.175629
0.0583943
2.13033
2.03726
1.91809
1.77823
1.62395
1.46123
1.29507
1.12916
0.965957
0.806819
0.652239
0.502062
0.355685
0.212205
0.0705308
2.5799
2.46381
2.31258
2.13488
1.94027
1.73734
1.53269
1.33084
1.13447
0.944804
0.762014
0.585524
0.414287
0.246966
0.0820518
3.07039
2.92569
2.73366
2.50854
2.26497
2.01509
1.76738
1.52691
1.29618
1.07586
0.865448
0.663702
0.468953
0.279308
0.0927578
3.61821
3.43537
3.18823
2.90098
2.59623
2.29078
1.99477
1.71313
1.44736
1.19692
0.96016
0.734843
0.518491
0.308541
0.102423
4.24759
4.00993
3.68345
3.31144
2.92879
2.55744
2.20795
1.88346
1.58312
1.30422
1.04335
0.796968
0.561593
0.333923
0.110807
4.99712
4.67303
4.224
3.73249
3.2505
2.80278
2.39646
2.02974
1.6974
1.39341
1.112
0.848026
0.59695
0.354728
0.117676
5.9427
5.45926
4.80555
4.14254
3.53754
3.00693
2.54559
2.14177
1.78335
1.45996
1.16314
0.886135
0.623415
0.370339
0.122838
7.27556
6.4164
5.39702
4.49347
3.74945
3.1417
2.63732
2.20845
1.83429
1.49989
1.19443
0.90991
0.640201
0.380358
0.126172
9.51148
7.53372
5.87426
4.68498
3.82484
3.17309
2.6536
2.22044
1.84546
1.51083
1.20471
0.918827
0.647087
0.384701
0.127655
13.8368
8.33149
5.88089
4.54708
3.69173
3.07233
2.58367
2.17426
1.81624
1.4932
1.19468
0.913548
0.644583
0.383681
0.127393
-0.119366
-0.359869
-0.60579
-0.861092
-1.13033
-1.41904
-1.73437
-2.08614
-2.48872
-2.96501
-3.55489
-4.33659
-5.48628
-7.46603
-11.6757
-0.115432
-0.347779
-0.584635
-0.829214
-1.08506
-1.35622
-1.64749
-1.96467
-2.31484
-2.70622
-3.14624
-3.63129
-4.10006
-4.21904
-2.36303
-0.110464
-0.332543
-0.558095
-0.789481
-1.02911
-1.27939
-1.54257
-1.82027
-2.1123
-2.41362
-2.70621
-2.93715
-2.95668
-2.34357
0.057467
-0.104691
-0.314883
-0.527481
-0.743992
-0.965721
-1.19355
-1.42751
-1.66587
-1.90329
-2.12702
-2.30889
-2.38962
-2.25267
-1.70949
-0.674124
-0.0983514
-0.295539
-0.494127
-0.694845
-0.898051
-1.10341
-1.30936
-1.51208
-1.70377
-1.86946
-1.9817
-1.99306
-1.83086
-1.41701
-0.783762
-0.0916702
-0.275209
-0.459269
-0.643937
-0.82884
-1.01281
-1.19338
-1.3659
-1.52228
-1.64899
-1.72448
-1.7168
-1.58382
-1.27677
-0.702957
-0.0848464
-0.254501
-0.423964
-0.59283
-0.760228
-0.924528
-1.08293
-1.23089
-1.36137
-1.46407
-1.52496
-1.52738
-1.45762
-1.32166
-1.19995
-0.078044
-0.233913
-0.38905
-0.542708
-0.693722
-0.840284
-0.979672
-1.10795
-1.21971
-1.30817
-1.36598
-1.38795
-1.37733
-1.35652
-1.37032
-0.0713891
-0.213819
-0.355139
-0.494389
-0.630265
-0.76097
-0.884071
-0.996409
-1.09419
-1.17352
-1.23182
-1.27102
-1.30404
-1.36723
-1.54477
-0.0649715
-0.194482
-0.322643
-0.448378
-0.570353
-0.686884
-0.795886
-0.894918
-0.981433
-1.05343
-1.11087
-1.15828
-1.20968
-1.29841
-1.50382
-0.0588497
-0.176069
-0.291807
-0.404945
-0.514179
-0.617973
-0.714565
-0.802059
-0.878696
-0.943411
-0.996813
-1.04263
-1.0893
-1.14841
-1.20997
-0.0530569
-0.15867
-0.262752
-0.364188
-0.461737
-0.554012
-0.639505
-0.716679
-0.784181
-0.84119
-0.887935
-0.926269
-0.960197
-0.996565
-1.05175
-0.0476074
-0.142321
-0.23551
-0.326096
-0.412913
-0.494708
-0.570163
-0.637959
-0.696898
-0.746041
-0.784807
-0.812823
-0.82933
-0.831507
-0.805007
-0.0425013
-0.127016
-0.210053
-0.290585
-0.367531
-0.439754
-0.506081
-0.565333
-0.616366
-0.658048
-0.689056
-0.707223
-0.708346
-0.686228
-0.650547
-0.0377296
-0.112723
-0.186311
-0.257529
-0.325382
-0.38884
-0.446852
-0.498357
-0.542277
-0.577421
-0.602141
-0.613317
-0.60344
-0.550236
-0.367467
-0.0332765
-0.0993917
-0.164189
-0.226776
-0.286239
-0.341653
-0.392081
-0.43659
-0.474232
-0.503985
-0.524552
-0.533895
-0.528558
-0.504102
-0.467774
-0.0291224
-0.086961
-0.143579
-0.198155
-0.249863
-0.297872
-0.341361
-0.37953
-0.411612
-0.436883
-0.454681
-0.464529
-0.46688
-0.466071
-0.478704
-0.0252455
-0.0753633
-0.124361
-0.171491
-0.216008
-0.257174
-0.294274
-0.326637
-0.353668
-0.374922
-0.390255
-0.400231
-0.407293
-0.418582
-0.449433
-0.0216229
-0.0645287
-0.106416
-0.146607
-0.184434
-0.219244
-0.250415
-0.277382
-0.299681
-0.317024
-0.329478
-0.337834
-0.344668
-0.357368
-0.398508
-0.0182314
-0.0543869
-0.0896221
-0.123329
-0.154909
-0.183785
-0.209414
-0.231308
-0.249075
-0.262467
-0.271464
-0.276368
-0.277877
-0.276264
-0.262348
-0.0150484
-0.0448694
-0.073865
-0.101491
-0.127216
-0.150527
-0.170945
-0.18804
-0.20145
-0.210904
-0.216205
-0.217126
-0.213182
-0.203564
-0.190604
-0.0120521
-0.0359105
-0.0590337
-0.080938
-0.101152
-0.119222
-0.134724
-0.147269
-0.156518
-0.162169
-0.163897
-0.161122
-0.152367
-0.133047
-0.0842978
-0.00922164
-0.0274475
-0.0450235
-0.0615229
-0.07653
-0.089646
-0.100495
-0.108729
-0.114032
-0.116107
-0.114631
-0.109126
-0.0988303
-0.0828459
-0.0611591
-0.00653725
-0.0194212
-0.0317359
-0.043108
-0.0531749
-0.0615886
-0.0680207
-0.0721646
-0.0737353
-0.0724642
-0.0680813
-0.0603146
-0.0491765
-0.0364657
-0.0313556
-0.00398029
-0.0117757
-0.0190777
-0.0255637
-0.0309212
-0.0348517
-0.0370743
-0.0373262
-0.0353603
-0.0309368
-0.0238064
-0.013704
-0.000516942
0.0153143
0.0350009
-0.00153317
-0.00445814
-0.00696116
-0.00876737
-0.0096122
-0.00924546
-0.00743481
-0.00396607
0.0013626
0.00875762
0.0184739
0.0308863
0.0464039
0.0645518
0.0790719
0.000820616
0.00258096
0.00469637
0.00739683
0.0109013
0.015413
0.0211142
0.0281648
0.0367076
0.0468932
0.0589613
0.0734479
0.0915948
0.116452
0.158482
0.00309651
0.00938799
0.0159724
0.0230381
0.0307611
0.0392996
0.0487859
0.0593202
0.0709681
0.0837771
0.0978548
0.113604
0.132219
0.15658
0.192159
0.00530884
0.016006
0.0269391
0.0382581
0.0501001
0.0625817
0.0757887
0.0897611
0.104476
0.119834
0.135675
0.151912
0.168941
0.189062
0.222391
0.00747072
0.0224744
0.0376623
0.05315
0.0690401
0.0854139
0.102318
0.119744
0.13759
0.155607
0.173306
0.18981
0.203584
0.212511
0.221281
0.0095941
0.028829
0.0482016
0.0677972
0.0876892
0.107931
0.128544
0.149491
0.170635
0.191651
0.21185
0.229746
0.241646
0.236204
0.17023
0.0116898
0.0351019
0.0586101
0.082273
0.10614
0.130244
0.154595
0.179157
0.203816
0.228308
0.252074
0.273987
0.291803
0.302049
0.309848
0.0137674
0.041322
0.0689349
0.0966412
0.12447
0.15244
0.180558
0.208813
0.237162
0.26551
0.293658
0.321208
0.347278
0.369722
0.382331
0.0158357
0.0475154
0.0792184
0.110958
0.142744
0.174584
0.206484
0.23846
0.270558
0.302893
0.335725
0.369587
0.405361
0.444337
0.491694
0.017903
0.053706
0.0894996
0.125276
0.161025
0.196738
0.232414
0.26808
0.30384
0.339973
0.377139
0.416752
0.461307
0.513253
0.564253
0.0199766
0.0599165
0.0998157
0.139645
0.179373
0.218969
0.258407
0.297693
0.336916
0.376383
0.416924
0.4606
0.512205
0.582954
0.703312
0.0220639
0.0661685
0.110203
0.154117
0.197855
0.241358
0.28456
0.327404
0.369875
0.412097
0.45461
0.499063
0.549891
0.618339
0.732322
0.0241714
0.0724823
0.120696
0.168741
0.216542
0.264005
0.311016
0.357429
0.403054
0.447658
0.491027
0.533226
0.575416
0.622232
0.687143
0.0263055
0.0788766
0.131326
0.183568
0.235503
0.287013
0.337939
0.388052
0.436988
0.484123
0.528331
0.567519
0.59779
0.613679
0.626702
0.0284713
0.0853676
0.142123
0.198638
0.2548
0.310473
0.365477
0.419542
0.472217
0.522662
0.569195
0.608127
0.630197
0.607231
0.431017
0.0306733
0.0919685
0.153108
0.213983
0.274475
0.334444
0.393718
0.452048
0.509036
0.563959
0.615408
0.660567
0.693925
0.707303
0.711644
0.0329149
0.0986896
0.164298
0.229624
0.29455
0.358945
0.422665
0.485536
0.547331
0.607702
0.666054
0.721317
0.771579
0.813763
0.842184
0.0351988
0.105538
0.175702
0.245573
0.315032
0.38396
0.45225
0.519821
0.586657
0.652882
0.718902
0.785653
0.854916
0.929875
1.02067
0.037527
0.11252
0.187331
0.261837
0.335918
0.409462
0.482384
0.554666
0.626451
0.698241
0.771294
0.84834
0.93437
1.03509
1.13815
0.0399011
0.11964
0.19919
0.278423
0.357213
0.435439
0.51301
0.589904
0.666286
0.742764
0.820972
0.904885
1.00369
1.13879
1.3663
0.0423226
0.126903
0.211288
0.295344
0.378933
0.461914
0.544152
0.625544
0.706098
0.786127
0.866754
0.951188
1.04788
1.17844
1.398
0.0447926
0.134312
0.223633
0.312616
0.40111
0.488946
0.575925
0.661811
0.746315
0.829115
0.909956
0.989083
1.06861
1.15638
1.27175
0.0473116
0.14187
0.236231
0.330253
0.423778
0.516611
0.608501
0.699079
0.787755
0.873502
0.95441
1.0268
1.08368
1.11524
1.14183
0.049879
0.149575
0.249082
0.348262
0.446958
0.544972
0.642031
0.737709
0.831266
0.921284
1.00484
1.07538
1.11638
1.07765
0.766161
0.0524929
0.157422
0.262176
0.366631
0.470643
0.574034
0.676561
0.777853
0.877267
0.973587
1.06436
1.14459
1.20447
1.22955
1.23833
0.0551496
0.165399
0.275496
0.385333
0.494791
0.603732
0.71199
0.81934
0.925452
1.02977
1.13126
1.22803
1.31676
1.39285
1.44998
0.0578442
0.173491
0.289012
0.404321
0.519327
0.633942
0.748088
0.861727
0.974918
1.08793
1.20149
1.31714
1.43789
1.5694
1.72863
0.0605707
0.18168
0.302692
0.423542
0.544165
0.664513
0.784579
0.904465
1.02454
1.14576
1.2703
1.40279
1.55161
1.72678
1.91006
0.0633226
0.189945
0.3165
0.442941
0.569223
0.695315
0.821231
0.947111
1.0734
1.20129
1.33365
1.47717
1.64708
1.87863
2.26294
0.0660928
0.198267
0.330403
0.462472
0.59444
0.726271
0.857945
0.989507
1.12119
1.25376
1.38931
1.53331
1.69979
1.92449
2.29937
0.0688742
0.206622
0.344366
0.482094
0.619778
0.757367
0.894771
1.03185
1.1684
1.3042
1.43913
1.57391
1.71214
1.86612
2.0634
0.0716585
0.214988
0.358354
0.501766
0.645209
0.788623
0.931857
1.07459
1.21617
1.35525
1.48912
1.6122
1.71357
1.77778
1.83755
0.0744362
0.223338
0.372324
0.521435
0.670686
0.820033
0.969322
1.11817
1.26569
1.40996
1.54665
1.66564
1.74085
1.69259
1.21268
0.0771961
0.231637
0.386219
0.541026
0.696119
0.851512
1.00713
1.16269
1.3175
1.46996
1.61651
1.74956
1.85391
1.90721
1.93886
0.0799249
0.239844
0.39997
0.560436
0.721366
0.882865
1.045
1.20776
1.37096
1.53407
1.6958
1.85348
2.00243
2.13694
2.25236
0.0826077
0.247915
0.413497
0.579541
0.746241
0.913803
1.08247
1.25255
1.42452
1.59916
1.77793
1.96354
2.16104
2.37998
2.64679
0.0852291
0.255801
0.426714
0.598207
0.770537
0.944
1.11898
1.29606
1.47624
1.66141
1.85533
2.0654
2.3048
2.58984
2.89756
0.0877739
0.263455
0.439539
0.616308
0.794065
0.973165
1.15407
1.33745
1.52452
1.71759
1.92155
2.14694
2.4169
2.78402
3.3814
0.0902281
0.270836
0.4519
0.633736
0.81668
1.0011
1.18745
1.37631
1.56864
1.76624
1.97294
2.19758
2.46156
2.81835
3.40694
0.0925791
0.277904
0.463733
0.650409
0.838286
1.02773
1.2191
1.41278
1.60913
1.80859
2.01189
2.22097
2.4418
2.69178
3.00355
0.0948157
0.284628
0.474986
0.66626
0.858822
1.05303
1.24918
1.44741
1.64748
1.84829
2.04687
2.23625
2.40183
2.52235
2.6454
0.096928
0.290978
0.485612
0.681229
0.87823
1.077
1.27783
1.48078
1.68533
1.88956
2.08826
2.26811
2.39318
2.3512
1.70401
0.0989072
0.296926
0.495563
0.695247
0.896426
1.09955
1.30502
1.51307
1.72343
1.93467
2.14277
2.33808
2.50053
2.60037
2.67989
0.100746
0.302448
0.504792
0.708236
0.913283
1.12049
1.33045
1.54376
1.76091
1.98199
2.20617
2.4309
2.65139
2.8637
3.07408
0.10244
0.307529
0.513264
0.720121
0.928653
1.13952
1.35356
1.57181
1.79568
2.02715
2.26921
2.52669
2.80796
3.12841
3.52495
0.103988
0.312165
0.520961
0.73085
0.942409
1.15638
1.37375
1.59596
1.82518
2.06498
2.32155
2.606
2.93735
3.34031
3.79696
0.105398
0.316373
0.527902
0.740427
0.954501
1.17087
1.3906
1.61525
1.84734
2.09116
2.35455
2.65275
3.01702
3.51495
4.30964
0.106685
0.320197
0.534156
0.748932
0.965006
1.18305
1.40403
1.62938
1.86137
2.10377
2.36337
2.65366
3.00389
3.48354
4.27461
0.107873
0.323712
0.539847
0.756538
0.974148
1.19319
1.41442
1.63891
1.86819
2.10443
2.3509
2.61295
2.90089
3.2359
3.6407
0.108997
0.327022
0.545152
0.76351
0.982295
1.20182
1.42256
1.64512
1.87016
2.09799
2.32761
2.5543
2.76519
2.93981
3.13816
0.1101
0.330258
0.550301
0.770187
0.989928
1.20962
1.42944
1.64961
1.87018
2.09031
2.30637
2.50663
2.65468
2.62727
1.92565
0.111232
0.333574
0.555559
0.776964
0.997597
1.21732
1.43607
1.65383
1.87051
2.08544
2.29609
2.49524
2.66601
2.78292
2.90043
0.112447
0.337138
0.561219
0.784276
1.0059
1.2257
1.44338
1.6588
1.87206
2.08353
2.2938
2.50356
2.71472
2.93817
3.22157
0.113802
0.341124
0.567587
0.792582
1.01546
1.23555
1.45226
1.66527
1.87484
2.08245
2.29185
2.51092
2.75488
3.05178
3.45032
0.115352
0.345704
0.574974
0.802356
1.02694
1.24773
1.46371
1.67412
1.87898
2.08012
2.28318
2.50097
2.75827
3.09479
3.54247
0.117146
0.351034
0.583667
0.814066
1.04106
1.26324
1.47902
1.68682
1.88568
2.07643
2.26428
2.46356
2.70664
3.06059
3.66011
0.11922
0.357233
0.593905
0.828134
1.05851
1.28319
1.49985
1.70573
1.89799
2.07475
2.23742
2.39571
2.57799
2.85583
3.42502
0.121588
0.36436
0.605833
0.844869
1.0799
1.30869
1.52815
1.73407
1.92105
2.08283
2.21359
2.31119
2.38297
2.44871
2.48963
0.124237
0.372382
0.619444
0.864376
1.10559
1.34065
1.56583
1.77553
1.96158
2.11243
2.21277
2.24457
2.19212
2.0588
1.94104
0.127113
0.38115
0.634524
0.886446
1.13554
1.37945
1.61423
1.8334
2.02653
2.17708
2.25951
2.23644
2.05743
1.65805
0.907137
0.130117
0.390372
0.650597
0.910459
1.16907
1.42456
1.67342
1.90931
2.12103
2.28901
2.37952
2.33657
2.07576
1.50138
0.611656
0.133105
0.399604
0.666907
0.935318
1.20472
1.47423
1.74158
2.00197
2.24589
2.45472
2.59219
2.58798
2.31183
1.56365
0.281634
0.135888
0.408267
0.682429
0.959464
1.24027
1.52536
1.81453
2.10605
2.3951
2.67
2.90326
3.02821
2.87567
1.99656
-0.813721
0.138249
0.415681
0.695938
0.980963
1.2728
1.57363
1.8858
2.21181
2.55411
2.91423
3.28956
3.66113
3.94398
3.77043
1.48215
0.139957
0.421123
0.706113
0.997699
1.29904
1.61396
1.9474
2.30622
2.70074
3.14792
3.67855
4.35572
5.32901
7.01238
10.7209
10.5041
6.67177
4.97784
4.02184
3.37078
2.86934
2.45238
2.08828
1.75969
1.45612
1.17064
0.898323
0.635407
0.378813
0.125873
0.858332
3.30684
3.53974
3.29585
2.95926
2.61805
2.29156
1.98233
1.68872
1.40827
1.1385
0.877149
0.622136
0.371543
0.12356
-1.49424
1.48058
2.4326
2.63412
2.55091
2.35652
2.11876
1.8655
1.60858
1.35296
1.10049
0.851547
0.605776
0.362448
0.120644
-0.18631
1.05895
1.84655
2.17002
2.21974
2.1251
1.95671
1.75121
1.52752
1.29543
1.05999
0.823715
0.587701
0.352284
0.117365
-0.00193062
0.955039
1.58273
1.89597
1.98881
1.94491
1.82043
1.64953
1.45224
1.24018
1.02005
0.795673
0.569194
0.341761
0.113952
0.292234
1.07972
1.53724
1.77494
1.85282
1.82067
1.71638
1.56615
1.3872
1.19051
0.983025
0.769067
0.551332
0.331491
0.110602
1.22245
1.43348
1.64436
1.76487
1.79321
1.74652
1.6442
1.50269
1.33444
1.14831
0.950466
0.745064
0.534919
0.321941
0.107469
1.72004
1.78731
1.81421
1.81879
1.78568
1.71099
1.59922
1.45778
1.29405
1.11423
0.923131
0.724336
0.520462
0.313421
0.104656
2.57596
2.16914
1.99955
1.89886
1.807
1.70119
1.57482
1.42834
1.26482
1.08796
0.901121
0.707123
0.508196
0.306092
0.10222
2.82496
2.38621
2.137
1.97278
1.83799
1.70566
1.56439
1.4107
1.24485
1.0686
0.88407
0.693321
0.498127
0.299988
0.100176
2.83506
2.47164
2.2154
2.02626
1.86724
1.71632
1.56255
1.40149
1.23209
1.05496
0.87133
0.682597
0.490097
0.295041
0.0985075
2.80828
2.4826
2.24718
2.05878
1.89086
1.72896
1.56578
1.39804
1.22469
1.04583
0.862125
0.67448
0.483839
0.291116
0.0971724
2.68121
2.43088
2.24627
2.07708
1.91028
1.74246
1.57215
1.39849
1.22111
1.04005
0.85565
0.668438
0.479021
0.288036
0.0961153
2.4381
2.3335
2.23465
2.09371
1.93041
1.75769
1.58084
1.40152
1.22008
1.03658
0.851122
0.663922
0.47529
0.285603
0.0952729
1.64012
2.23211
2.25224
2.12587
1.95705
1.77578
1.59125
1.40601
1.22046
1.03446
0.847803
0.660398
0.472289
0.283615
0.0945798
2.70899
2.52786
2.37155
2.18752
1.99234
1.79613
1.60214
1.4107
1.22117
1.0328
0.844999
0.65736
0.469679
0.281878
0.0939727
3.16132
2.80636
2.51011
2.2569
2.02836
1.81492
1.61126
1.41406
1.22107
1.03076
0.842078
0.654353
0.46715
0.280213
0.0933933
3.7461
3.0441
2.61879
2.30916
2.0539
1.82691
1.61589
1.41449
1.21911
1.02757
0.838497
0.650984
0.464439
0.278466
0.0927912
3.79299
3.08971
2.64715
2.32368
2.05983
1.82781
1.61385
1.41075
1.21449
1.02268
0.833834
0.646944
0.461332
0.276513
0.0921253
3.36803
2.95427
2.59283
2.29681
2.04365
1.81617
1.60427
1.40226
1.20677
1.01575
0.827816
0.642021
0.457676
0.274261
0.0913648
3.14148
2.78251
2.49308
2.2402
2.00966
1.79371
1.58784
1.38923
1.19597
1.00668
0.820318
0.636095
0.453376
0.271651
0.0904892
2.76061
2.56248
2.36797
2.1681
1.96553
1.76426
1.56638
1.37251
1.18242
0.995575
0.811346
0.629131
0.448392
0.268651
0.0894875
2.41636
2.33996
2.2466
2.0979
1.92054
1.73244
1.54216
1.35317
1.16663
0.982667
0.800983
0.621151
0.442718
0.265253
0.0883557
1.54605
2.12925
2.16368
2.04765
1.883
1.70217
1.51703
1.33214
1.14907
0.968188
0.789346
0.612206
0.436377
0.261466
0.0870957
2.41804
2.29968
2.18525
2.03121
1.85673
1.67488
1.49176
1.30985
1.13001
0.952308
0.776539
0.602361
0.429405
0.257306
0.0857129
2.75557
2.4674
2.23436
2.02901
1.83561
1.6485
1.46565
1.28616
1.10947
0.935103
0.76264
0.591677
0.421845
0.252799
0.0842154
3.14539
2.59686
2.26428
2.01855
1.81016
1.61918
1.43721
1.26053
1.08733
0.916596
0.747713
0.58022
0.413748
0.247976
0.0826135
3.1317
2.57641
2.23392
1.98222
1.77265
1.58361
1.40513
1.23252
1.06349
0.896826
0.731838
0.568067
0.405172
0.242872
0.0809194
2.70022
2.40824
2.14055
1.91668
1.72092
1.54072
1.36899
1.20205
1.03802
0.875912
0.715135
0.555319
0.396192
0.237534
0.0791479
2.476
2.22326
2.01679
1.83166
1.65842
1.49198
1.32953
1.16957
1.01126
0.854095
0.697782
0.542106
0.386897
0.232011
0.0773161
2.12041
2.00619
1.87824
1.73845
1.59123
1.44047
1.28838
1.13599
0.983712
0.83171
0.680008
0.528583
0.377388
0.226363
0.0754425
1.83123
1.79869
1.74796
1.65047
1.52653
1.38991
1.24746
1.10234
0.956007
0.809142
0.662062
0.514916
0.367771
0.220649
0.0735467
1.1501
1.60389
1.65019
1.58092
1.47066
1.34343
1.20841
1.06956
0.9287
0.786748
0.644183
0.501266
0.358151
0.214926
0.0716475
1.75124
1.6921
1.63272
1.53989
1.42663
1.30239
1.17206
1.0382
0.90218
0.764809
0.62657
0.487773
0.348619
0.209249
0.0697619
1.96828
1.78054
1.63853
1.51311
1.39028
1.26559
1.13819
1.00836
0.876632
0.7435
0.609369
0.474544
0.339251
0.20366
0.0679043
2.192
1.83728
1.63285
1.4846
1.35526
1.23071
1.10604
0.979881
0.852089
0.722914
0.592675
0.46166
0.330104
0.198194
0.066086
2.1482
1.78971
1.58821
1.44304
1.31696
1.19594
1.07497
0.952566
0.828539
0.703098
0.576547
0.449172
0.321215
0.192874
0.0643148
1.77863
1.63319
1.50451
1.38829
1.2752
1.16116
1.04491
0.926418
0.806008
0.684086
0.561018
0.43711
0.312609
0.187714
0.0625955
1.51573
1.46511
1.41221
1.33143
1.23416
1.12793
1.01645
0.901638
0.784565
0.665903
0.546101
0.425482
0.30429
0.182718
0.0609295
0.928522
1.29868
1.33931
1.28612
1.1994
1.09837
0.990339
0.878464
0.764265
0.648547
0.531781
0.414276
0.296252
0.177883
0.0593157
1.37391
1.36116
1.33161
1.26418
1.17462
1.07371
0.966928
0.856944
0.745061
0.631955
0.518005
0.403453
0.288469
0.173194
0.05775
1.52843
1.43539
1.35026
1.2577
1.15778
1.05315
0.945777
0.83678
0.726746
0.615986
0.504681
0.392953
0.280907
0.168634
0.0562263
1.66247
1.50421
1.37413
1.25644
1.14428
1.03453
0.925787
0.817376
0.708978
0.600436
0.491681
0.382702
0.273519
0.164178
0.0547374
1.74102
1.55353
1.38948
1.25144
1.12916
1.01526
0.905601
0.798004
0.691354
0.585073
0.478872
0.372617
0.26626
0.159802
0.0532757
1.89349
1.58667
1.38682
1.23559
1.10829
0.993094
0.88402
0.778019
0.673516
0.569695
0.466136
0.36263
0.259089
0.155486
0.0518347
1.8544
1.54562
1.3505
1.20323
1.0791
0.966718
0.860347
0.757038
0.655251
0.554178
0.453397
0.352697
0.25198
0.151215
0.0504102
1.57079
1.42576
1.28103
1.15489
1.04182
0.936212
0.834592
0.735047
0.636537
0.538501
0.44064
0.342803
0.244923
0.146984
0.0490003
1.4297
1.30578
1.19875
1.09758
0.999437
0.90298
0.807443
0.712386
0.617543
0.522747
0.427904
0.332968
0.237928
0.142797
0.047606
1.2205
1.17418
1.11248
1.03825
0.955943
0.869148
0.780004
0.689628
0.598565
0.507071
0.415271
0.323235
0.231016
0.138664
0.0462304
1.05453
1.05335
1.03498
0.984659
0.915631
0.836989
0.753464
0.667398
0.579939
0.491655
0.40284
0.313659
0.224218
0.1346
0.0448781
0.669944
0.944571
0.979744
0.944167
0.882065
0.808263
0.728732
0.646185
0.561936
0.476656
0.390704
0.304294
0.217565
0.130621
0.043554
1.02518
1.00216
0.973704
0.92221
0.856703
0.783559
0.706139
0.626203
0.544701
0.46217
0.378928
0.295183
0.211082
0.126742
0.0422623
1.16162
1.06363
0.98373
0.910102
0.836725
0.761873
0.68534
0.60736
0.528235
0.448225
0.367542
0.286351
0.204788
0.122972
0.0410067
1.32086
1.11264
0.98948
0.897937
0.817854
0.741404
0.665592
0.589365
0.512435
0.434799
0.35655
0.277808
0.198693
0.119318
0.0397895
1.31587
1.10268
0.973368
0.877935
0.796544
0.720547
0.646182
0.571911
0.497179
0.421847
0.345942
0.269558
0.192802
0.115785
0.0386118
1.14315
1.03461
0.933822
0.848301
0.771571
0.69861
0.626758
0.554834
0.482396
0.409342
0.335711
0.261599
0.187116
0.112372
0.0374743
1.05506
0.961248
0.883776
0.812675
0.74406
0.675955
0.607438
0.53817
0.468097
0.397288
0.325857
0.253932
0.181635
0.109081
0.0363768
0.918998
0.876652
0.829406
0.775434
0.716264
0.653635
0.58869
0.522123
0.454368
0.385718
0.31639
0.246556
0.176356
0.105908
0.0353182
0.801627
0.795559
0.779804
0.741928
0.690946
0.63297
0.571117
0.506957
0.441317
0.374671
0.30732
0.239469
0.171273
0.102849
0.0342967
0.514728
0.721308
0.745642
0.717649
0.670566
0.615045
0.555197
0.492875
0.429022
0.364168
0.298641
0.232658
0.166371
0.0998929
0.0333088
0.799334
0.773714
0.747893
0.706752
0.656134
0.600179
0.541046
0.479914
0.41748
0.354185
0.290323
0.226092
0.161628
0.0970249
0.0323491
0.909363
0.826368
0.76086
0.702563
0.6455
0.587577
0.528337
0.467914
0.406594
0.344651
0.282307
0.219723
0.157006
0.0942222
0.0314098
1.03749
0.866988
0.768907
0.69764
0.635551
0.575948
0.516506
0.456599
0.3962
0.33545
0.274505
0.213483
0.152455
0.0914541
0.0304808
1.02996
0.857431
0.758434
0.686465
0.623959
0.564265
0.505055
0.445686
0.386109
0.32644
0.266803
0.207282
0.147912
0.0886816
0.0295489
0.87775
0.796927
0.729299
0.668838
0.610492
0.552299
0.493771
0.43498
0.376145
0.317464
0.259067
0.201014
0.143296
0.0858566
0.0285978
0.759308
0.72737
0.695295
0.649876
0.597002
0.540618
0.482722
0.424368
0.366138
0.308346
0.25114
0.194549
0.138515
0.0829212
0.0276082
0.476178
0.658033
0.67065
0.636224
0.586032
0.530038
0.472045
0.41373
0.355888
0.29888
0.242836
0.187733
0.133453
0.0798063
0.0265568
0.728184
0.706328
0.678754
0.633656
0.579181
0.520896
0.461643
0.402826
0.34512
0.288804
0.233926
0.180385
0.127979
0.0764309
0.0254165
0.82193
0.75871
0.699112
0.63774
0.575068
0.512479
0.45099
0.391212
0.33345
0.277786
0.224135
0.172287
0.121935
0.0727004
0.0241557
0.916354
0.808698
0.720793
0.642876
0.570998
0.503358
0.439202
0.378257
0.320386
0.265429
0.213143
0.163189
0.115142
0.0685067
0.0227381
0.970357
0.845104
0.735638
0.643966
0.56409
0.491879
0.425241
0.363229
0.305361
0.251275
0.20058
0.152805
0.107396
0.0637271
0.0211229
1.07117
0.870682
0.738233
0.637007
0.551961
0.476593
0.408128
0.345387
0.287773
0.234825
0.186038
0.140816
0.0984676
0.0582241
0.0192642
1.05151
0.849142
0.719269
0.618949
0.533205
0.456576
0.3871
0.324048
0.26701
0.215543
0.16907
0.126871
0.0881048
0.0518458
0.0171114
0.885339
0.777395
0.679908
0.590902
0.508204
0.43165
0.36167
0.298599
0.242443
0.192852
0.149184
0.11058
0.0760283
0.0444248
0.0146086
0.760106
0.698512
0.63478
0.558619
0.479024
0.402214
0.331498
0.268413
0.213381
0.166106
0.125832
0.0915128
0.0619316
0.0357784
0.0116954
0.469675
0.62125
0.598383
0.528859
0.448
0.3686
0.296084
0.232697
0.178996
0.134559
0.0983946
0.0691935
0.0454812
0.0257101
0.00830683
0.72638
0.665242
0.594473
0.507107
0.416054
0.330259
0.254384
0.190317
0.138241
0.0973244
0.0661708
0.0431007
0.0263207
0.0140132
0.00437533
0.826245
0.716037
0.602178
0.488055
0.380549
0.285085
0.204538
0.139671
0.0897991
0.0533683
0.0283822
0.0126777
0.00408065
0.000477991
-0.000167038
0.942051
0.76949
0.61016
0.464552
0.336781
0.229613
0.143857
0.0786715
0.0320845
0.00152139
-0.0158035
-0.0226436
-0.0216015
-0.0150959
-0.00538414
1.02131
0.813883
0.60871
0.428804
0.278805
0.159332
0.0689498
0.00481644
-0.0366972
-0.0594625
-0.0672224
-0.0634016
-0.0510519
-0.0328812
-0.0113298
1.19831
0.856839
0.589818
0.37242
0.199724
0.0689134
-0.0241275
-0.0846854
-0.118438
-0.130811
-0.126636
-0.110046
-0.084519
-0.0529993
-0.01804
1.23124
0.848218
0.536582
0.285119
0.0916424
-0.0476745
-0.139703
-0.19274
-0.214964
-0.213597
-0.194625
-0.162859
-0.122122
-0.0754911
-0.0255235
1.19467
0.790149
0.441672
0.157669
-0.0539739
-0.197049
-0.2823
-0.322129
-0.327813
-0.308553
-0.271454
-0.221866
-0.163794
-0.100285
-0.0337516
1.09889
0.693271
0.302099
-0.0199044
-0.247132
-0.386532
-0.456385
-0.475169
-0.457923
-0.415841
-0.356909
-0.286728
-0.209216
-0.127164
-0.042648
0.811649
0.586477
0.114578
-0.263172
-0.501209
-0.624272
-0.665886
-0.65317
-0.60522
-0.534774
-0.450131
-0.356645
-0.257766
-0.155739
-0.0520807
1.80813
0.651118
-0.138249
-0.603332
-0.835056
-0.918539
-0.913076
-0.855582
-0.768078
-0.663511
-0.549448
-0.430273
-0.308477
-0.185431
-0.0618575
2.29879
0.460556
-0.616206
-1.1054
-1.27177
-1.27454
-1.19637
-1.07879
-0.94273
-0.79879
-0.652271
-0.505685
-0.360031
-0.215475
-0.0717278
3.4382
-0.258695
-1.50213
-1.83149
-1.82197
-1.68672
-1.50699
-1.31478
-1.12281
-0.93581
-0.755096
-0.580416
-0.4108
-0.244945
-0.0813909
0.353298
-2.68162
-3.02281
-2.79274
-2.45939
-2.12972
-1.82623
-1.55057
-1.29938
-1.06842
-0.853691
-0.651596
-0.458934
-0.272804
-0.0905127
-11.7002
-6.97511
-4.94014
-3.82561
-3.09415
-2.55449
-2.12611
-1.76933
-1.46184
-1.18971
-0.943471
-0.716195
-0.50251
-0.297983
-0.0987504
0.140763
0.423835
0.71165
1.00773
1.31624
1.64241
1.99335
2.3794
2.8167
3.3326
3.97749
4.85403
6.1984
8.63381
14.0546
0.140206
0.422388
0.710004
1.00712
1.31855
1.6504
2.0109
2.41175
2.87057
3.41506
4.09046
4.97171
6.1779
7.85122
9.85543
0.137873
0.415488
0.69883
0.992142
1.30039
1.6297
1.98804
2.38614
2.83882
3.36668
3.99743
4.76394
5.69014
6.73636
7.63697
0.133668
0.402847
0.677653
0.962185
1.2611
1.57993
1.92542
2.30598
2.73197
3.21548
3.76841
4.39635
5.08397
5.76677
6.28803
0.127615
0.38456
0.646717
0.917795
1.20185
1.50344
1.82772
2.18046
2.56771
2.99481
3.46377
3.96796
4.48341
4.95952
5.31531
0.119839
0.361035
0.60682
0.860369
1.125
1.40421
1.70158
2.02053
2.36384
2.73246
3.1235
3.52674
3.92072
4.27108
4.53485
0.110537
0.332897
0.559121
0.791798
1.03351
1.28676
1.55381
1.83635
2.13496
2.44826
2.77147
3.09466
3.40126
3.66876
3.87288
0.0999439
0.300877
0.504933
0.714138
0.930406
1.15542
1.39046
1.63605
1.89156
2.15457
2.42008
2.67971
2.92139
3.13038
3.29217
0.0882998
0.265718
0.445568
0.629373
0.818487
1.01397
1.21643
1.42571
1.64061
1.85848
2.07485
2.28311
2.47462
2.63969
2.7693
0.0758319
0.228115
0.382223
0.53926
0.700143
0.865489
1.03547
1.2096
1.38654
1.56383
1.73776
1.90333
2.05445
2.18466
2.28821
0.062741
0.188674
0.315927
0.445269
0.577293
0.712319
0.85028
0.990589
1.13199
1.27241
1.40897
1.53797
1.65518
1.75628
1.83757
0.049197
0.147905
0.247525
0.34857
0.451405
0.556169
0.662697
0.770428
0.878318
0.984773
1.08765
1.18434
1.27195
1.34765
1.40904
0.0353389
0.106221
0.177691
0.250069
0.323563
0.398218
0.473862
0.550047
0.626004
0.700611
0.772407
0.839662
0.900513
0.953167
0.996145
0.0212781
0.0639485
0.106947
0.150445
0.194547
0.239259
0.284457
0.329858
0.374995
0.419203
0.461636
0.50131
0.53718
0.568256
0.593738
-32278.8
-32236.4
-32194.1
-32151.8
-32109.7
-32067.7
-32025.8
-31984.1
-31942.7
-31901.5
-31860.6
-31820
-31779.8
-31739.9
-31700.4
18.1617
-9.52822
26.8945
-0.366792
26.6845
4.83613
-17.1551
10.7368
-17.4325
26.018
-2.6199
26.1112
1.42821
24.5466
5.19008
-14.1041
9.95146
-14.2685
22.3787
-1.52125
21.8566
3.43113
-14.5988
6.69346
-15.4503
9.60307
-15.302
21.8089
-2.10219
20.9016
2.73976
-14.9216
5.74065
-15.8195
8.33326
-15.8778
19.9548
-3.34317
18.9053
1.07419
-16.3826
3.7864
-17.8223
6.33417
-18.4782
18.7178
-5.99106
18.1008
-3.11947
16.2041
-0.58925
-17.4575
2.8919
-18.5523
13.402
-8.17055
12.623
-4.51796
-21.6403
-2.1069
-23.813
0.420046
-24.892
12.9582
-12.2281
12.398
-7.58416
-27.6007
-4.32682
-29.9013
-0.790389
-30.8176
14.8321
-15.1742
14.8916
-8.938
-32.8496
-4.20245
-34.8644
1.01227
-34.9473
20.7939
-14.912
21.7993
-6.09223
-33.7543
1.67386
-32.6951
14.2252
-20.0889
9.87616
5.67516
11.0952
7.83925
10.7069
5.0541
-0.468615
2.97222
0.630317
8.65718
6.62564
11.1994
8.05492
10.2798
5.11568
0.0997036
2.87221
0.610586
7.07116
4.87143
7.61348
2.87807
-1.97786
0.0296023
-2.86668
1.02894
-0.838515
5.94738
3.89292
6.66031
2.03525
-2.72594
-0.808713
-3.67076
0.0328336
-1.84896
4.64108
2.5611
5.15738
0.549143
-4.19901
-2.39153
-5.28597
-1.56355
-3.40389
3.51776
1.69561
5.41218
2.5404
4.18907
-0.471965
-5.03228
-2.92652
-5.17481
0.225376
-2.03662
0.121672
-4.53814
-9.34621
-7.78822
-10.872
-7.31764
-9.42371
-2.68227
-5.04874
-2.26775
-7.53131
-12.9859
-10.9323
-14.3727
-9.90252
-12.1758
-3.83651
-6.41323
-2.76152
-8.81926
-15.0928
-12.2377
-16.0347
-10.1885
-12.527
-1.99234
-4.63294
0.266424
-6.42332
-13.2797
-9.14472
-12.9085
-5.64224
-10.6906
7.66613
7.02297
7.78811
7.22607
6.99733
5.08346
3.30912
3.53328
3.76068
5.77882
6.35802
7.39998
6.94822
6.6513
4.82632
3.08639
3.04038
2.92795
4.23264
4.1462
4.13607
2.49678
0.758059
0.425369
-0.0651367
0.75191
1.16236
2.81425
2.94287
3.06246
1.5251
-0.148857
-0.477511
-0.978089
-0.226118
0.122929
1.66682
1.73018
1.7827
0.224275
-1.45682
-1.7999
-2.27909
-1.4519
-0.947875
0.908015
1.40563
2.21006
1.69009
1.2594
-0.50037
-2.20686
-2.47567
-2.81175
-1.9181
-2.26835
-2.56188
-4.3452
-6.21966
-6.78571
-7.4902
-6.90449
-6.69602
-5.20736
-5.28181
-5.34931
-7.20341
-9.18284
-9.62661
-10.235
-9.30402
-8.816
-6.78581
-6.62101
-6.43283
-8.38955
-10.4811
-10.6936
-11.0912
-9.60288
-8.64395
-5.80576
-5.21112
-4.57777
-6.51415
-8.63226
-8.58884
-9.00476
-7.77649
-8.42152
6.42149
6.3442
6.39349
6.13437
5.71582
4.91337
4.21054
4.0912
4.31399
4.97413
5.42565
5.75317
5.6202
5.2249
4.41617
3.63554
3.3059
3.20642
3.39904
3.31283
3.0064
2.26042
1.47103
1.05012
0.85525
1.06209
1.37727
1.87634
2.0075
1.85229
1.21332
0.492588
0.102853
-0.0875579
0.0966859
0.375734
0.826024
0.916341
0.729222
0.0774678
-0.640076
-1.01093
-1.15219
-0.873664
-0.437406
0.255353
0.674947
0.916224
0.712287
0.244664
-0.604481
-1.45079
-1.927
-2.21863
-2.26951
-2.58096
-3.09935
-4.02025
-4.97657
-5.58318
-5.96572
-5.94753
-5.81131
-5.48103
-5.5244
-5.85772
-6.6946
-7.59078
-8.08341
-8.31396
-8.0673
-7.67667
-7.04868
-6.86221
-7.01529
-7.7655
-8.5749
-8.88312
-8.86301
-8.25489
-7.46691
-6.38836
-5.84498
-5.72145
-6.34324
-7.09737
-7.37141
-7.46854
-7.21305
-7.17516
5.46337
5.48369
5.44343
5.27267
4.98748
4.60021
4.27217
4.1569
4.238
4.47028
4.6723
4.76986
4.67034
4.39421
3.96595
3.53567
3.2404
3.06466
2.96739
2.79696
2.51005
2.08695
1.65375
1.34977
1.19753
1.21661
1.32774
1.46856
1.48484
1.33909
1.01963
0.657719
0.396498
0.263756
0.283235
0.382218
0.503869
0.502323
0.345138
0.0257008
-0.322282
-0.552309
-0.629558
-0.522362
-0.296095
-0.00373964
0.20128
0.263759
0.114504
-0.220368
-0.712391
-1.22744
-1.64389
-1.97202
-2.24545
-2.59532
-3.05695
-3.64404
-4.23686
-4.7031
-5.01815
-5.16041
-5.20588
-5.21649
-5.34924
-5.6408
-6.10021
-6.57967
-6.91747
-7.0799
-7.03777
-6.87901
-6.67565
-6.6143
-6.73772
-7.05606
-7.3903
-7.54524
-7.48148
-7.16579
-6.70818
-6.20019
-5.8741
-5.79177
-5.98162
-6.25368
-6.40864
-6.43991
-6.33603
-6.19383
4.66743
4.70791
4.67871
4.57304
4.40326
4.19885
4.02437
3.93673
3.94113
4.00677
4.06606
4.06697
3.97136
3.77912
3.51513
3.23784
2.99918
2.8063
2.63744
2.44519
2.20617
1.92437
1.64674
1.42726
1.28951
1.23497
1.23189
1.23658
1.192
1.07258
0.883661
0.674508
0.501857
0.392676
0.352163
0.352998
0.356118
0.309505
0.191879
0.0123093
-0.176963
-0.3162
-0.374903
-0.344797
-0.2521
-0.139119
-0.0690735
-0.0856753
-0.217758
-0.460754
-0.788708
-1.14752
-1.48936
-1.80548
-2.11259
-2.44988
-2.83495
-3.26057
-3.68032
-4.04154
-4.32012
-4.51329
-4.65122
-4.77659
-4.94585
-5.18254
-5.47724
-5.77276
-6.00423
-6.14053
-6.17625
-6.14557
-6.09807
-6.10022
-6.17935
-6.32352
-6.46367
-6.52202
-6.46245
-6.28072
-6.02162
-5.74974
-5.55182
-5.46976
-5.50121
-5.57824
-5.62367
-5.60568
-5.51398
-5.36131
3.98608
4.03169
4.02331
3.96491
3.86809
3.75356
3.65065
3.58314
3.55511
3.55142
3.5429
3.50206
3.41051
3.26631
3.08241
2.8833
2.69097
2.51224
2.34011
2.15963
1.96281
1.75468
1.55486
1.38598
1.26058
1.17814
1.12375
1.07449
1.00584
0.905105
0.775772
0.637705
0.514819
0.42175
0.360611
0.319576
0.279085
0.218061
0.126961
0.0120528
-0.104492
-0.196822
-0.24883
-0.258018
-0.237911
-0.213228
-0.215172
-0.269317
-0.390787
-0.579244
-0.821
-1.09242
-1.3722
-1.65223
-1.93654
-2.23593
-2.55482
-2.88581
-3.20826
-3.49916
-3.74519
-3.94583
-4.11473
-4.27356
-4.4454
-4.6408
-4.85307
-5.05811
-5.22798
-5.34593
-5.41025
-5.43624
-5.44891
-5.47518
-5.52717
-5.59662
-5.65468
-5.66844
-5.61912
-5.50687
-5.35327
-5.19257
-5.06247
-4.98406
-4.95493
-4.94809
-4.92979
-4.87743
-4.77959
-4.63362
3.38803
3.43403
3.4408
3.41304
3.3594
3.29253
3.22699
3.17376
3.13514
3.10414
3.06741
3.01132
2.92665
2.81183
2.67276
2.52023
2.36435
2.20991
2.056
1.89883
1.73696
1.57423
1.41967
1.28329
1.17099
1.08214
1.00942
0.94149
0.867056
0.779961
0.681595
0.58016
0.485944
0.405936
0.341185
0.286434
0.232662
0.170935
0.0973092
0.0150987
-0.0659756
-0.134619
-0.183555
-0.212576
-0.229482
-0.24818
-0.28531
-0.355245
-0.466625
-0.620287
-0.809907
-1.02463
-1.25403
-1.49222
-1.73821
-1.99334
-2.25677
-2.52283
-2.7812
-3.02095
-3.23524
-3.42365
-3.59236
-3.75144
-3.9107
-4.07446
-4.23906
-4.39382
-4.52629
-4.62835
-4.69923
-4.7459
-4.77999
-4.81293
-4.84971
-4.88602
-4.90937
-4.90562
-4.86633
-4.79249
-4.69507
-4.59126
-4.49861
-4.42735
-4.37648
-4.33433
-4.28489
-4.21456
-4.11446
-3.98014
2.85004
2.89366
2.9089
2.89932
2.87073
2.8306
2.78664
2.74442
2.70532
2.66623
2.62096
2.56289
2.4874
2.39347
2.28375
2.1632
2.0369
1.90809
1.77782
1.64608
1.51364
1.38328
1.25957
1.1472
1.04889
0.964194
0.889455
0.819113
0.747751
0.672281
0.593053
0.51342
0.437788
0.369316
0.308504
0.253014
0.198805
0.142033
0.0810814
0.0175408
-0.0443584
-0.0998308
-0.146022
-0.183675
-0.217592
-0.255737
-0.307379
-0.380687
-0.480805
-0.608809
-0.761954
-0.935041
-1.12254
-1.32034
-1.52609
-1.73822
-1.95438
-2.17038
-2.38047
-2.57895
-2.76211
-2.92943
-3.08349
-3.2287
-3.36918
-3.50657
-3.63894
-3.76136
-3.86815
-3.95546
-4.02287
-4.07349
-4.11256
-4.14499
-4.17282
-4.19396
-4.203
-4.1939
-4.16323
-4.11203
-4.04604
-3.97385
-3.90393
-3.84126
-3.78545
-3.73106
-3.67003
-3.59451
-3.49857
-3.37865
2.35526
2.39453
2.41311
2.41341
2.39911
2.37463
2.34427
2.31107
2.27599
2.23774
2.19349
2.14008
2.07525
1.99843
1.91087
1.81503
1.71365
1.60895
1.50236
1.39491
1.28791
1.18334
1.08373
0.991439
0.907783
0.832494
0.763746
0.69879
0.634945
0.57059
0.505668
0.441483
0.379877
0.322212
0.268697
0.218283
0.169167
0.119669
0.0690931
0.0181196
-0.0315083
-0.0779341
-0.120329
-0.159713
-0.199183
-0.243445
-0.297841
-0.367127
-0.454445
-0.560758
-0.684927
-0.824348
-0.975896
-1.13671
-1.30445
-1.477
-1.65194
-1.82618
-1.99621
-2.15875
-2.31158
-2.45408
-2.58715
-2.71256
-2.83192
-2.94575
-3.05299
-3.15126
-3.23792
-3.31111
-3.37055
-3.41761
-3.45459
-3.48359
-3.50546
-3.51925
-3.52265
-3.51319
-3.48961
-3.45282
-3.40588
-3.35315
-3.29879
-3.24525
-3.19234
-3.13734
-3.076
-3.00384
-2.91717
-2.81359
1.89176
1.92527
1.94369
1.94859
1.94222
1.92721
1.90605
1.88052
1.85131
1.81798
1.7793
1.73381
1.68045
1.61896
1.55001
1.47492
1.39529
1.31263
1.22823
1.1432
1.05878
0.976367
0.897461
0.823352
0.754733
0.691479
0.632684
0.576972
0.522983
0.469828
0.417331
0.365946
0.316399
0.269242
0.224536
0.181791
0.14019
0.0989716
0.0577922
0.0168774
-0.0231523
-0.061726
-0.0988538
-0.135517
-0.17376
-0.21645
-0.266749
-0.32749
-0.400618
-0.486881
-0.585825
-0.696083
-0.815797
-0.942997
-1.07578
-1.21225
-1.35038
-1.48794
-1.62264
-1.75241
-1.87582
-1.99222
-2.10176
-2.20502
-2.30253
-2.39434
-2.47983
-2.55782
-2.62699
-2.68645
-2.73599
-2.77618
-2.80801
-2.83238
-2.84965
-2.85943
-2.86077
-2.85273
-2.83496
-2.80815
-2.77399
-2.73472
-2.69242
-2.64829
-2.60219
-2.5527
-2.49749
-2.43403
-2.36008
-2.27416
1.45084
1.47766
1.4937
1.49992
1.49769
1.48859
1.47406
1.45518
1.43248
1.40586
1.37485
1.3388
1.29726
1.25017
1.19791
1.14127
1.08121
1.01876
0.954898
0.89056
0.826691
0.764264
0.704214
0.647288
0.593889
0.543981
0.497119
0.452614
0.409762
0.368064
0.327344
0.287716
0.249438
0.212708
0.177517
0.143624
0.110641
0.0781995
0.0460986
0.0143546
-0.0168929
-0.0475944
-0.0780378
-0.109028
-0.141918
-0.178473
-0.220593
-0.269981
-0.32784
-0.394698
-0.470385
-0.554151
-0.644862
-0.741192
-0.841736
-0.945036
-1.04957
-1.15376
-1.25608
-1.35518
-1.45006
-1.54017
-1.62535
-1.70568
-1.78125
-1.85196
-1.9174
-1.97696
-2.02998
-2.07598
-2.11482
-2.14672
-2.17208
-2.19131
-2.20455
-2.21167
-2.21232
-2.20618
-2.19324
-2.174
-2.14939
-2.12057
-2.08861
-2.05408
-2.01688
-1.97622
-1.93082
-1.87924
-1.82019
-1.75278
1.02583
1.04532
1.05757
1.06313
1.0628
1.05748
1.04802
1.03506
1.01895
0.999752
0.9773
0.951349
0.921727
0.888452
0.851774
0.812154
0.770189
0.726539
0.681873
0.636853
0.592133
0.548349
0.506075
0.465754
0.427628
0.391703
0.357771
0.32549
0.294497
0.264514
0.235406
0.207174
0.179886
0.153597
0.128279
0.103803
0.0799763
0.0566097
0.0335732
0.0108093
-0.0117173
-0.0341213
-0.0567112
-0.0800678
-0.105051
-0.132725
-0.164206
-0.200495
-0.242314
-0.290003
-0.343502
-0.402395
-0.466003
-0.533477
-0.603872
-0.676186
-0.749378
-0.822405
-0.894272
-0.964114
-1.03127
-1.0953
-1.15599
-1.21326
-1.26704
-1.3172
-1.36349
-1.40557
-1.4431
-1.47583
-1.50366
-1.52666
-1.545
-1.55884
-1.56826
-1.57323
-1.57362
-1.56938
-1.56058
-1.54755
-1.53079
-1.51092
-1.48845
-1.46368
-1.43651
-1.40652
-1.373
-1.33517
-1.2923
-1.2439
0.611503
0.623327
0.630963
0.634705
0.634965
0.632208
0.626873
0.619306
0.609716
0.598171
0.584633
0.569022
0.551288
0.531466
0.509703
0.486247
0.461426
0.435609
0.409184
0.382538
0.356051
0.330083
0.304947
0.280882
0.258023
0.236383
0.215875
0.196341
0.17761
0.159539
0.142049
0.125113
0.108742
0.0929401
0.0776829
0.062905
0.048514
0.034415
0.020531
0.00680382
-0.00683037
-0.0204867
-0.0343803
-0.0488584
-0.0643995
-0.0815735
-0.100971
-0.123117
-0.148397
-0.176998
-0.208902
-0.243897
-0.281617
-0.321591
-0.363278
-0.406097
-0.449448
-0.492732
-0.53539
-0.576931
-0.616969
-0.655234
-0.691561
-0.725852
-0.758031
-0.787998
-0.815615
-0.840709
-0.863113
-0.882701
-0.899419
-0.913282
-0.924352
-0.932697
-0.938351
-0.941313
-0.941558
-0.939089
-0.933982
-0.92641
-0.916634
-0.904943
-0.891582
-0.876672
-0.860165
-0.841842
-0.821358
-0.798317
-0.772358
-0.743231
-31664.6
-31632.3
-31600.3
-31568.6
-31537.2
-31506.1
-31475.4
-31444.9
-31414.7
-31384.8
-31355.1
-31325.8
-31296.7
-31267.9
-31239.4
-31211.1
-31183
-31155.2
-31127.6
-31100.1
-31072.9
-31045.8
-31018.9
-30992.1
-30965.5
-30939
-30912.7
-30886.4
-30860.2
-30834.2
-30808.2
-30782.3
-30756.4
-30730.7
-30704.9
-30679.3
-30653.6
-30628
-30602.4
-30576.8
-30551.3
-30525.7
-30500.2
-30474.6
-30449
-30423.4
-30397.8
-30372.1
-30346.4
-30320.7
-30294.8
-30268.9
-30242.8
-30216.6
-30190.3
-30163.8
-30137.2
-30110.3
-30083.2
-30055.9
-30028.3
-30000.4
-29972.3
-29943.8
-29915
-29885.8
-29856.3
-29826.3
-29796.1
-29765.4
-29734.3
-29702.8
-29670.8
-29638.5
-29605.7
-29572.5
-29538.8
-29504.7
-29470.2
-29435.2
-29399.8
-29364
-29327.8
-29291.2
-29254.1
-29216.7
-29178.8
-29140.6
-29102
-29063.1
-15.7667
-9.15184
-6.20605
-4.6195
-3.62388
-2.92504
-2.39417
-1.96759
-1.61024
-1.30099
-1.02601
-0.775644
-0.542625
-0.321163
-0.106334
-10.7976
-8.39299
-6.38025
-4.94855
-3.92881
-3.17393
-2.58997
-2.11968
-1.72752
-1.39057
-1.09324
-0.824407
-0.575668
-0.340303
-0.112602
-8.34969
-7.24212
-5.9732
-4.86551
-3.96878
-3.25184
-2.67204
-2.19355
-1.78955
-1.44047
-1.13192
-0.853041
-0.595314
-0.351761
-0.116366
-6.93082
-6.25242
-5.40478
-4.57139
-3.82888
-3.19255
-2.65274
-2.19288
-1.79659
-1.44978
-1.14089
-0.860489
-0.60076
-0.355049
-0.117462
-5.9236
-5.43179
-4.82201
-4.1863
-3.58273
-3.03667
-2.55342
-2.12859
-1.7541
-1.42113
-1.12134
-0.84723
-0.592165
-0.350199
-0.115893
-5.11322
-4.72902
-4.26507
-3.769
-3.27902
-2.8179
-2.39561
-2.0139
-1.67004
-1.35926
-1.07606
-0.8149
-0.570449
-0.337676
-0.111799
-4.41631
-4.10593
-3.7402
-3.34553
-2.94639
-2.56026
-2.19718
-1.86129
-1.55285
-1.26976
-1.00872
-0.765833
-0.537038
-0.318246
-0.105421
-3.79264
-3.53812
-3.2442
-2.92646
-2.60068
-2.27952
-1.97149
-1.6812
-1.41026
-1.15819
-0.923182
-0.702653
-0.493606
-0.292838
-0.0970578
-3.21888
-3.00965
-2.77195
-2.5154
-2.25029
-1.9856
-1.72801
-1.48172
-1.24877
-1.02953
-0.823138
-0.627969
-0.441881
-0.262434
-0.0870267
-2.68002
-2.50959
-2.31851
-2.11286
-1.89943
-1.68453
-1.47318
-1.26886
-1.07355
-0.887975
-0.711851
-0.544188
-0.383501
-0.227985
-0.075639
-2.16582
-2.03015
-1.87958
-1.71803
-1.55001
-1.37987
-1.21128
-1.04695
-0.888575
-0.736947
-0.592084
-0.453416
-0.31994
-0.190358
-0.0631816
-1.66904
-1.56556
-1.45158
-1.32964
-1.20267
-1.07364
-0.945097
-0.819049
-0.696829
-0.579134
-0.466108
-0.35744
-0.252477
-0.150321
-0.0499101
-1.18435
-1.11142
-1.03152
-0.946226
-0.857381
-0.766874
-0.676397
-0.587303
-0.500539
-0.416639
-0.33576
-0.257748
-0.182202
-0.108536
-0.0360457
-0.707608
-0.664215
-0.616842
-0.56634
-0.51373
-0.460063
-0.406296
-0.353213
-0.301374
-0.25111
-0.202537
-0.155586
-0.11004
-0.0655723
-0.0217807
-29019.9
-28972.3
-28924.2
-28875.8
-28826.9
-28777.7
-28728.2
-28678.5
-28628.5
-28578.3
-28527.9
-28477.4
-28426.8
-28376.1
-28325.4
)
;

boundaryField
{
    hot
    {
        type            calculated;
        value           nonuniform List<scalar> 
120
(
32275.9
-0.0189053
-0.031424
-0.0437975
-0.0559364
-0.0677217
-0.0789934
-0.0895504
-0.0991512
-0.107522
-0.114377
-0.119442
-0.122498
-0.123415
-0.122188
-0.119366
-0.115432
-0.110464
-0.104691
-0.0983514
-0.0916702
-0.0848464
-0.078044
-0.0713891
-0.0649715
-0.0588497
-0.0530569
-0.0476074
-0.0425013
-0.0377296
-0.0332765
-0.0291224
-0.0252455
-0.0216229
-0.0182314
-0.0150484
-0.0120521
-0.00922164
-0.00653725
-0.00398029
-0.00153317
0.000820616
0.00309651
0.00530884
0.00747072
0.0095941
0.0116898
0.0137674
0.0158357
0.017903
0.0199766
0.0220639
0.0241714
0.0263055
0.0284713
0.0306733
0.0329149
0.0351988
0.037527
0.0399011
0.0423226
0.0447926
0.0473116
0.049879
0.0524929
0.0551496
0.0578442
0.0605707
0.0633226
0.0660928
0.0688742
0.0716585
0.0744362
0.0771961
0.0799249
0.0826077
0.0852291
0.0877739
0.0902281
0.0925791
0.0948157
0.096928
0.0989072
0.100746
0.10244
0.103988
0.105398
0.106685
0.107873
0.108997
0.1101
0.111232
0.112447
0.113802
0.115352
0.117146
0.11922
0.121588
0.124237
0.127113
0.130117
0.133105
0.135888
0.138249
0.139957
0.140763
0.140206
0.137873
0.133668
0.127615
0.119839
0.110537
0.0999439
0.0882998
0.0758319
0.062741
0.049197
0.0353389
0.0212781
-32278.8
)
;
    }
    cold
    {
        type            calculated;
        value           nonuniform List<scalar> 
120
(
28321.8
0.0198237
0.0329173
0.0458107
0.0583943
0.0705308
0.0820518
0.0927578
0.102423
0.110807
0.117676
0.122838
0.126172
0.127655
0.127393
0.125873
0.12356
0.120644
0.117365
0.113952
0.110602
0.107469
0.104656
0.10222
0.100176
0.0985075
0.0971724
0.0961153
0.0952729
0.0945798
0.0939727
0.0933933
0.0927912
0.0921253
0.0913648
0.0904892
0.0894875
0.0883557
0.0870957
0.0857129
0.0842154
0.0826135
0.0809194
0.0791479
0.0773161
0.0754425
0.0735467
0.0716475
0.0697619
0.0679043
0.066086
0.0643148
0.0625955
0.0609295
0.0593157
0.05775
0.0562263
0.0547374
0.0532757
0.0518347
0.0504102
0.0490003
0.047606
0.0462304
0.0448781
0.043554
0.0422623
0.0410067
0.0397895
0.0386118
0.0374743
0.0363768
0.0353182
0.0342967
0.0333088
0.0323491
0.0314098
0.0304808
0.0295489
0.0285978
0.0276082
0.0265568
0.0254165
0.0241557
0.0227381
0.0211229
0.0192642
0.0171114
0.0146086
0.0116954
0.00830683
0.00437533
-0.000167038
-0.00538414
-0.0113298
-0.01804
-0.0255235
-0.0337516
-0.042648
-0.0520807
-0.0618575
-0.0717278
-0.0813909
-0.0905127
-0.0987504
-0.106334
-0.112602
-0.116366
-0.117462
-0.115893
-0.111799
-0.105421
-0.0970578
-0.0870267
-0.075639
-0.0631816
-0.0499101
-0.0360457
-0.0217807
-28325.4
)
;
    }
    interface_left
    {
        type            calculated;
        value           nonuniform List<scalar> 
90
(
-11.6757
-2.36303
0.057467
-0.674124
-0.783762
-0.702957
-1.19995
-1.37032
-1.54477
-1.50382
-1.20997
-1.05175
-0.805007
-0.650547
-0.367467
-0.467774
-0.478704
-0.449433
-0.398508
-0.262348
-0.190604
-0.0842978
-0.0611591
-0.0313556
0.0350009
0.0790719
0.158482
0.192159
0.222391
0.221281
0.17023
0.309848
0.382331
0.491694
0.564253
0.703312
0.732322
0.687143
0.626702
0.431017
0.711644
0.842184
1.02067
1.13815
1.3663
1.398
1.27175
1.14183
0.766161
1.23833
1.44998
1.72863
1.91006
2.26294
2.29937
2.0634
1.83755
1.21268
1.93886
2.25236
2.64679
2.89756
3.3814
3.40694
3.00355
2.6454
1.70401
2.67989
3.07408
3.52495
3.79696
4.30964
4.27461
3.6407
3.13816
1.92565
2.90043
3.22157
3.45032
3.54247
3.66011
3.42502
2.48963
1.94104
0.907137
0.611656
0.281634
-0.813721
1.48215
10.7209
)
;
    }
    interface_right
    {
        type            calculated;
        value           nonuniform List<scalar> 
90
(
10.5041
0.858332
-1.49424
-0.18631
-0.00193062
0.292234
1.22245
1.72004
2.57596
2.82496
2.83506
2.80828
2.68121
2.4381
1.64012
2.70899
3.16132
3.7461
3.79299
3.36803
3.14148
2.76061
2.41636
1.54605
2.41804
2.75557
3.14539
3.1317
2.70022
2.476
2.12041
1.83123
1.1501
1.75124
1.96828
2.192
2.1482
1.77863
1.51573
0.928522
1.37391
1.52843
1.66247
1.74102
1.89349
1.8544
1.57079
1.4297
1.2205
1.05453
0.669944
1.02518
1.16162
1.32086
1.31587
1.14315
1.05506
0.918998
0.801627
0.514728
0.799334
0.909363
1.03749
1.02996
0.87775
0.759308
0.476178
0.728184
0.82193
0.916354
0.970357
1.07117
1.05151
0.885339
0.760106
0.469675
0.72638
0.826245
0.942051
1.02131
1.19831
1.23124
1.19467
1.09889
0.811649
1.80813
2.29879
3.4382
0.353298
-11.7002
)
;
    }
    interface_top
    {
        type            calculated;
        value           nonuniform List<scalar> 
90
(
24.9548
-23.1505
40.2467
-8.57743
39.8145
4.68961
-30.8245
18.6338
-32.8776
41.0354
-11.6243
38.2838
-5.533
36.1212
5.16368
-25.8445
16.9629
-27.1353
35.4264
-8.12185
33.4308
3.74615
-25.0391
13.3499
-25.897
17.7105
-27.9855
35.208
-8.45145
32.41
3.12953
-25.0444
12.25
-25.9138
16.1833
-28.1686
32.9114
-9.547
30.0561
1.38113
-26.4207
10.0685
-28.1269
13.997
-31.4995
31.7884
-13.5368
28.456
-9.03379
25.997
-0.690057
-27.6436
8.80192
-30.0036
24.7588
-14.2865
22.9316
-4.44667
-31.6174
3.88481
-34.3387
8.05187
-38.1947
26.4153
-19.3893
24.5098
-7.53265
-39.4273
2.70586
-42.4968
8.25164
-46.8152
30.9255
-23.8703
29.4902
-8.90725
-47.2183
4.33707
-50.1649
12.0608
-54.2524
40.3497
-25.2682
39.4573
-5.87973
-50.6278
12.3711
-49.5357
31.8372
-27.9301
)
;
    }
    interface_bottom
    {
        type            calculated;
        value           nonuniform List<scalar> 
90
(
-26.6605
25.104
-45.6918
-2.07363
41.4844
-19.8772
41.3312
-29.2018
43.0666
-58.6053
11.8347
-53.1993
3.42471
-49.4065
-10.2005
28.7446
-25.3035
29.7179
-48.0214
6.77146
-43.3682
1.10276
-39.8525
-8.88063
21.855
-20.093
22.8898
-36.9793
4.85287
-33.7449
-5.40966
22.0582
-13.9304
23.454
-17.8538
25.5983
-33.7685
7.69297
-30.4117
-2.34007
25.0482
-10.831
27.0308
-15.1312
30.0012
-32.607
12.1746
-28.8549
8.22152
-26.6311
-0.0478727
26.9901
-10.1216
28.9491
-26.4604
12.787
-24.7415
2.73247
30.0723
-6.35051
32.1652
-11.457
34.6787
-29.7338
15.2631
-27.4764
3.52116
34.1396
-6.90083
35.9655
-12.6801
38.3584
-32.8484
16.694
-30.2506
3.72306
37.1811
-7.64744
39.0601
-13.814
41.7461
-35.8238
18.1596
-33.2981
3.72153
40.2034
-9.90261
40.5952
-24.9001
24.5923
)
;
    }
    defaultFaces
    {
        type            empty;
    }
}


// ************************************************************************* //
