/*--------------------------------*- C++ -*----------------------------------*\
| =========                 |                                                 |
| \\      /  F ield         | OpenFOAM: The Open Source CFD Toolbox           |
|  \\    /   O peration     | Version:  5.x                                   |
|   \\  /    A nd           | Web:      www.OpenFOAM.org                      |
|    \\/     M anipulation  |                                                 |
\*---------------------------------------------------------------------------*/
FoamFile
{
    version     2.0;
    format      ascii;
    class       volScalarField;
    location    "2.9";
    object      T;
}
// * * * * * * * * * * * * * * * * * * * * * * * * * * * * * * * * * * * * * //

dimensions      [0 0 0 1 0 0 0];

internalField   nonuniform List<scalar> 
6300
(
322.76
322.279
321.798
321.318
320.84
320.362
319.885
319.411
318.938
318.467
317.999
317.534
317.071
316.612
316.155
322.759
322.278
321.798
321.318
320.838
320.36
319.884
319.409
318.936
318.465
317.997
317.531
317.068
316.608
316.152
322.759
322.278
321.796
321.316
320.836
320.358
319.88
319.405
318.931
318.46
317.991
317.525
317.062
316.602
316.145
322.759
322.276
321.794
321.313
320.833
320.353
319.875
319.399
318.925
318.453
317.983
317.516
317.053
316.592
316.135
322.758
322.275
321.792
321.31
320.828
320.348
319.869
319.391
318.916
318.443
317.972
317.505
317.04
316.579
316.121
322.758
322.273
321.789
321.305
320.822
320.341
319.86
319.382
318.905
318.431
317.959
317.49
317.024
316.562
316.104
322.757
322.271
321.785
321.3
320.816
320.332
319.85
319.37
318.892
318.416
317.942
317.472
317.005
316.542
316.083
322.756
322.268
321.781
321.294
320.808
320.323
319.839
319.356
318.876
318.398
317.923
317.45
316.982
316.518
316.058
322.755
322.265
321.776
321.287
320.799
320.312
319.825
319.341
318.858
318.377
317.9
317.425
316.955
316.489
316.028
322.754
322.262
321.771
321.28
320.789
320.299
319.811
319.323
318.838
318.354
317.874
317.396
316.923
316.456
315.994
322.753
322.259
321.765
321.272
320.779
320.286
319.795
319.304
318.815
318.328
317.844
317.363
316.887
316.416
315.954
322.752
322.255
321.759
321.263
320.768
320.272
319.778
319.284
318.791
318.3
317.811
317.325
316.844
316.37
315.905
322.751
322.252
321.753
321.254
320.756
320.258
319.76
319.262
318.765
318.269
317.774
317.282
316.794
316.313
315.845
322.749
322.248
321.747
321.245
320.744
320.243
319.741
319.24
318.738
318.237
317.736
317.235
316.736
316.243
315.766
322.748
322.244
321.74
321.237
320.732
320.228
319.723
319.218
318.712
318.205
317.696
317.186
316.673
316.158
315.652
315.74
315.365
314.993
314.623
314.256
313.892
313.531
313.173
312.818
312.466
312.118
311.774
311.433
311.096
310.763
310.435
310.11
309.789
309.473
309.161
308.852
308.548
308.248
307.951
307.658
307.369
307.083
306.8
306.52
306.243
305.969
305.697
305.427
305.159
304.893
304.628
304.365
304.104
303.843
303.584
303.326
303.068
302.811
302.555
302.299
302.044
301.789
301.534
301.28
301.025
300.77
300.515
300.26
300.004
299.748
299.49
299.232
298.972
298.712
298.45
298.186
297.921
297.654
297.385
297.114
296.841
296.566
296.289
296.01
295.728
295.444
295.157
294.868
294.577
294.283
293.986
293.687
293.385
293.081
292.774
292.464
292.151
291.836
291.517
291.196
290.873
290.546
290.217
289.885
289.55
315.737
315.362
314.989
314.619
314.252
313.888
313.526
313.168
312.813
312.461
312.113
311.768
311.427
311.09
310.757
310.429
310.104
309.783
309.467
309.155
308.847
308.542
308.242
307.946
307.653
307.364
307.079
306.796
306.516
306.24
305.965
305.693
305.424
305.156
304.89
304.626
304.363
304.102
303.842
303.583
303.324
303.067
302.81
302.554
302.299
302.043
301.789
301.534
301.28
301.025
300.771
300.516
300.261
300.005
299.749
299.491
299.233
298.974
298.714
298.452
298.188
297.923
297.656
297.387
297.117
296.844
296.569
296.292
296.013
295.731
295.447
295.161
294.872
294.58
294.286
293.99
293.691
293.389
293.085
292.777
292.468
292.155
291.84
291.521
291.2
290.877
290.55
290.221
289.888
289.554
315.73
315.354
314.982
314.611
314.244
313.879
313.518
313.159
312.803
312.451
312.102
311.757
311.416
311.079
310.746
310.417
310.092
309.771
309.455
309.143
308.835
308.531
308.231
307.935
307.643
307.355
307.069
306.787
306.508
306.232
305.958
305.687
305.418
305.151
304.885
304.622
304.359
304.098
303.838
303.58
303.322
303.065
302.808
302.552
302.297
302.042
301.788
301.533
301.279
301.025
300.771
300.517
300.262
300.007
299.751
299.494
299.236
298.977
298.717
298.456
298.193
297.928
297.661
297.393
297.122
296.85
296.575
296.298
296.019
295.738
295.454
295.167
294.879
294.587
294.294
293.997
293.698
293.396
293.092
292.785
292.475
292.163
291.847
291.529
291.208
290.885
290.558
290.228
289.896
289.561
315.719
315.343
314.97
314.6
314.232
313.867
313.504
313.145
312.789
312.436
312.087
311.741
311.399
311.062
310.728
310.399
310.074
309.753
309.437
309.125
308.817
308.514
308.215
307.919
307.628
307.34
307.056
306.774
306.496
306.221
305.948
305.677
305.409
305.143
304.878
304.615
304.353
304.093
303.834
303.575
303.318
303.061
302.805
302.55
302.295
302.041
301.786
301.533
301.279
301.025
300.772
300.518
300.264
300.009
299.754
299.498
299.241
298.983
298.723
298.462
298.199
297.935
297.669
297.401
297.131
296.859
296.584
296.308
296.029
295.747
295.464
295.178
294.889
294.598
294.304
294.008
293.709
293.408
293.103
292.796
292.487
292.174
291.859
291.541
291.22
290.896
290.57
290.24
289.908
289.573
315.705
315.329
314.955
314.584
314.216
313.85
313.487
313.127
312.77
312.416
312.065
311.719
311.376
311.038
310.704
310.375
310.049
309.729
309.413
309.101
308.794
308.491
308.192
307.898
307.607
307.32
307.037
306.757
306.48
306.206
305.934
305.665
305.397
305.132
304.868
304.606
304.345
304.086
303.827
303.57
303.313
303.057
302.802
302.547
302.292
302.038
301.785
301.531
301.278
301.025
300.772
300.519
300.266
300.012
299.758
299.503
299.247
298.989
298.731
298.47
298.208
297.945
297.679
297.412
297.142
296.87
296.596
296.32
296.042
295.761
295.477
295.191
294.903
294.612
294.319
294.023
293.724
293.422
293.118
292.812
292.502
292.19
291.875
291.557
291.236
290.912
290.586
290.256
289.924
289.588
315.687
315.31
314.936
314.565
314.196
313.829
313.465
313.104
312.746
312.39
312.039
311.691
311.348
311.009
310.674
310.344
310.019
309.698
309.382
309.07
308.764
308.462
308.164
307.87
307.581
307.296
307.014
306.735
306.46
306.187
305.917
305.649
305.383
305.119
304.857
304.596
304.336
304.077
303.82
303.563
303.307
303.052
302.797
302.543
302.289
302.035
301.782
301.53
301.277
301.025
300.773
300.521
300.269
300.017
299.763
299.509
299.254
298.998
298.74
298.481
298.22
297.957
297.692
297.425
297.156
296.885
296.612
296.336
296.058
295.777
295.494
295.209
294.92
294.63
294.337
294.041
293.742
293.441
293.137
292.831
292.521
292.209
291.894
291.576
291.256
290.932
290.606
290.276
289.944
289.608
315.665
315.288
314.914
314.542
314.173
313.805
313.44
313.077
312.717
312.36
312.007
311.657
311.313
310.972
310.637
310.307
309.981
309.66
309.344
309.033
308.727
308.426
308.129
307.837
307.55
307.266
306.986
306.709
306.435
306.164
305.896
305.63
305.366
305.103
304.843
304.583
304.324
304.067
303.811
303.555
303.3
303.046
302.792
302.538
302.285
302.032
301.779
301.527
301.276
301.025
300.774
300.523
300.273
300.021
299.77
299.517
299.263
299.009
298.752
298.494
298.234
297.972
297.708
297.442
297.174
296.903
296.63
296.355
296.077
295.797
295.514
295.229
294.941
294.651
294.358
294.063
293.764
293.464
293.16
292.854
292.544
292.232
291.918
291.6
291.28
290.957
290.63
290.301
289.968
289.632
315.64
315.263
314.889
314.516
314.146
313.778
313.411
313.046
312.684
312.324
311.969
311.617
311.271
310.929
310.593
310.262
309.936
309.615
309.3
308.989
308.684
308.383
308.088
307.798
307.512
307.23
306.953
306.678
306.407
306.138
305.872
305.608
305.346
305.086
304.827
304.568
304.311
304.055
303.8
303.546
303.292
303.039
302.785
302.532
302.28
302.027
301.775
301.524
301.274
301.024
300.775
300.526
300.276
300.027
299.777
299.526
299.274
299.021
298.766
298.51
298.251
297.99
297.727
297.461
297.194
296.924
296.652
296.378
296.101
295.821
295.538
295.253
294.966
294.676
294.383
294.088
293.79
293.49
293.187
292.88
292.571
292.259
291.945
291.628
291.308
290.985
290.659
290.33
289.997
289.661
315.611
315.234
314.86
314.488
314.117
313.748
313.379
313.012
312.646
312.283
311.924
311.57
311.222
310.879
310.542
310.21
309.884
309.563
309.247
308.937
308.632
308.334
308.04
307.752
307.469
307.19
306.914
306.643
306.374
306.108
305.845
305.584
305.325
305.066
304.809
304.552
304.297
304.042
303.789
303.536
303.284
303.031
302.779
302.527
302.274
302.022
301.77
301.52
301.27
301.022
300.775
300.528
300.281
300.033
299.785
299.537
299.287
299.036
298.783
298.528
298.271
298.011
297.748
297.484
297.217
296.948
296.677
296.404
296.127
295.848
295.566
295.281
294.994
294.704
294.412
294.117
293.82
293.52
293.217
292.911
292.602
292.29
291.976
291.659
291.34
291.018
290.693
290.364
290.032
289.695
315.577
315.201
314.828
314.457
314.087
313.717
313.346
312.975
312.604
312.237
311.873
311.515
311.164
310.82
310.483
310.151
309.825
309.504
309.187
308.877
308.573
308.276
307.985
307.7
307.42
307.144
306.871
306.603
306.337
306.075
305.815
305.558
305.301
305.045
304.79
304.535
304.281
304.028
303.776
303.525
303.275
303.024
302.773
302.521
302.268
302.015
301.764
301.514
301.265
301.019
300.774
300.53
300.285
300.04
299.795
299.548
299.301
299.053
298.803
298.55
298.294
298.035
297.773
297.509
297.243
296.975
296.705
296.433
296.158
295.88
295.598
295.312
295.025
294.735
294.443
294.15
293.854
293.555
293.253
292.946
292.637
292.324
292.01
291.694
291.376
291.056
290.732
290.404
290.072
289.735
315.537
315.163
314.793
314.425
314.057
313.686
313.312
312.936
312.559
312.184
311.814
311.451
311.097
310.752
310.415
310.084
309.758
309.436
309.119
308.808
308.504
308.208
307.921
307.64
307.364
307.092
306.823
306.557
306.295
306.037
305.782
305.529
305.277
305.024
304.77
304.516
304.263
304.011
303.762
303.514
303.267
303.018
302.768
302.515
302.262
302.007
301.755
301.504
301.258
301.014
300.772
300.532
300.29
300.048
299.805
299.561
299.317
299.073
298.827
298.577
298.322
298.064
297.802
297.537
297.271
297.005
296.737
296.468
296.194
295.916
295.634
295.347
295.058
294.768
294.478
294.186
293.893
293.595
293.293
292.986
292.675
292.361
292.046
291.731
291.416
291.099
290.777
290.451
290.119
289.782
315.491
315.121
314.756
314.394
314.03
313.66
313.283
312.899
312.511
312.124
311.743
311.373
311.016
310.672
310.338
310.011
309.686
309.363
309.042
308.728
308.423
308.13
307.846
307.572
307.304
307.036
306.771
306.507
306.248
305.995
305.747
305.501
305.253
305.003
304.75
304.496
304.242
303.991
303.745
303.502
303.26
303.015
302.766
302.512
302.255
301.997
301.742
301.491
301.245
301.005
300.77
300.534
300.297
300.057
299.815
299.574
299.334
299.096
298.855
298.609
298.356
298.097
297.833
297.566
297.3
297.035
296.772
296.507
296.237
295.959
295.675
295.386
295.093
294.802
294.513
294.226
293.937
293.642
293.34
293.031
292.717
292.399
292.083
291.769
291.459
291.147
290.829
290.505
290.174
289.837
315.434
315.072
314.713
314.364
314.013
313.644
313.264
312.867
312.463
312.054
311.659
311.277
310.917
310.575
310.252
309.935
309.611
309.285
308.954
308.635
308.327
308.036
307.759
307.497
307.241
306.979
306.715
306.45
306.193
305.945
305.708
305.474
305.233
304.987
304.733
304.476
304.217
303.966
303.722
303.489
303.258
303.018
302.771
302.513
302.251
301.983
301.723
301.468
301.225
300.991
300.765
300.54
300.307
300.069
299.825
299.585
299.35
299.121
298.891
298.65
298.4
298.138
297.869
297.595
297.327
297.064
296.81
296.555
296.288
296.013
295.723
295.428
295.127
294.833
294.545
294.267
293.989
293.699
293.398
293.084
292.763
292.435
292.116
291.803
291.503
291.202
290.89
290.57
290.238
289.903
315.36
315.017
314.657
314.339
314.019
313.646
313.269
312.843
312.424
311.964
311.555
311.147
310.794
310.451
310.158
309.87
309.54
309.212
308.851
308.527
308.204
307.923
307.65
307.415
307.185
306.922
306.663
306.379
306.126
305.878
305.666
305.457
305.22
304.983
304.718
304.46
304.179
303.929
303.685
303.475
303.267
303.03
302.791
302.521
302.254
301.96
301.695
301.428
301.194
300.962
300.761
300.558
300.324
300.089
299.827
299.591
299.354
299.149
298.942
298.704
298.461
298.186
297.914
297.614
297.345
297.079
296.849
296.619
296.353
296.085
295.78
295.48
295.149
294.854
294.562
294.31
294.059
293.77
293.477
293.145
292.819
292.459
292.138
291.82
291.547
291.275
290.963
290.651
290.305
289.982
315.248
314.99
314.537
314.319
314.101
313.653
313.347
312.807
312.446
311.8
311.448
310.94
310.657
310.254
310.058
309.863
309.465
309.19
308.692
308.418
308.022
307.799
307.483
307.328
307.175
306.862
306.647
306.262
306.053
305.759
305.618
305.48
305.206
305.019
304.695
304.477
304.094
303.887
303.597
303.456
303.319
303.045
302.855
302.523
302.297
301.893
301.669
301.343
301.158
300.89
300.757
300.622
300.343
300.148
299.792
299.596
299.314
299.177
299.04
298.763
298.57
298.23
297.999
297.587
297.362
297.042
296.887
296.734
296.423
296.209
295.831
295.575
295.12
294.872
294.521
294.351
294.184
293.845
293.611
293.2
292.922
292.426
292.156
291.773
291.588
291.405
291.034
290.782
290.338
290.091
289.178
288.77
288.357
287.941
287.522
287.101
286.676
286.249
285.82
285.389
284.957
284.523
284.089
283.654
283.218
289.182
288.773
288.361
287.945
287.525
287.103
286.678
286.251
285.822
285.391
284.958
284.524
284.089
283.654
283.218
289.189
288.78
288.367
287.951
287.531
287.108
286.683
286.255
285.825
285.394
284.96
284.526
284.091
283.655
283.218
289.201
288.791
288.377
287.96
287.54
287.116
286.69
286.261
285.831
285.398
284.964
284.529
284.093
283.656
283.219
289.216
288.805
288.391
287.973
287.551
287.127
286.699
286.27
285.838
285.404
284.969
284.533
284.095
283.657
283.219
289.235
288.824
288.408
287.989
287.566
287.14
286.711
286.28
285.847
285.411
284.975
284.537
284.099
283.659
283.22
289.258
288.846
288.429
288.008
287.584
287.156
286.725
286.292
285.857
285.42
284.982
284.543
284.102
283.662
283.221
289.286
288.873
288.454
288.032
287.605
287.175
286.742
286.306
285.869
285.43
284.99
284.549
284.107
283.664
283.221
289.32
288.905
288.484
288.059
287.629
287.196
286.761
286.323
285.883
285.442
284.999
284.556
284.112
283.667
283.222
289.359
288.942
288.518
288.09
287.657
287.221
286.782
286.341
285.898
285.454
285.009
284.564
284.117
283.671
283.224
289.405
288.985
288.558
288.125
287.688
287.247
286.805
286.36
285.915
285.468
285.02
284.572
284.123
283.674
283.225
289.459
289.035
288.603
288.164
287.722
287.277
286.83
286.381
285.932
285.482
285.032
284.581
284.129
283.678
283.226
289.524
289.094
288.654
288.208
287.758
287.308
286.856
286.403
285.95
285.497
285.043
284.59
284.136
283.681
283.227
289.604
289.163
288.711
288.254
287.797
287.339
286.882
286.426
285.969
285.512
285.055
284.599
284.142
283.685
283.228
289.714
289.245
288.771
288.301
287.835
287.371
286.909
286.448
285.987
285.527
285.067
284.608
284.148
283.689
283.23
322.747
322.241
321.735
321.228
320.722
320.215
319.707
319.198
318.688
318.176
317.662
317.143
316.616
316.073
315.486
322.746
322.238
321.73
321.221
320.713
320.203
319.693
319.181
318.668
318.153
317.634
317.11
316.576
316.026
315.442
322.745
322.235
321.725
321.215
320.704
320.192
319.679
319.165
318.65
318.131
317.609
317.082
316.548
316.003
315.446
322.744
322.232
321.721
321.208
320.695
320.182
319.667
319.151
318.633
318.112
317.589
317.061
316.527
315.987
315.443
322.743
322.23
321.716
321.202
320.688
320.172
319.656
319.138
318.618
318.096
317.571
317.043
316.51
315.974
315.435
322.743
322.228
321.712
321.197
320.68
320.163
319.645
319.126
318.605
318.081
317.556
317.027
316.496
315.963
315.43
322.742
322.225
321.709
321.192
320.674
320.155
319.636
319.115
318.593
318.068
317.542
317.014
316.484
315.953
315.423
322.741
322.223
321.705
321.187
320.668
320.148
319.627
319.105
318.582
318.057
317.53
317.002
316.472
315.941
315.41
322.741
322.221
321.702
321.182
320.662
320.141
319.619
319.096
318.572
318.047
317.519
316.991
316.461
315.93
315.401
322.74
322.22
321.699
321.179
320.657
320.135
319.612
319.089
318.564
318.037
317.51
316.981
316.45
315.919
315.384
322.739
322.218
321.697
321.175
320.653
320.13
319.606
319.082
318.556
318.029
317.501
316.972
316.441
315.909
315.376
322.739
322.217
321.694
321.172
320.649
320.125
319.6
319.075
318.549
318.022
317.493
316.963
316.432
315.899
315.364
322.739
322.216
321.692
321.169
320.645
320.121
319.595
319.07
318.543
318.015
317.486
316.956
316.425
315.892
315.358
322.738
322.214
321.691
321.166
320.642
320.117
319.591
319.065
318.537
318.009
317.48
316.95
316.418
315.886
315.351
322.738
322.213
321.689
321.164
320.639
320.113
319.587
319.06
318.533
318.004
317.475
316.944
316.413
315.881
315.347
322.738
322.213
321.687
321.162
320.636
320.11
319.584
319.056
318.528
318
317.47
316.94
316.408
315.876
315.344
322.737
322.212
321.686
321.16
320.634
320.108
319.581
319.053
318.525
317.996
317.466
316.935
316.404
315.872
315.339
322.737
322.211
321.685
321.159
320.632
320.105
319.578
319.05
318.521
317.992
317.462
316.932
316.401
315.869
315.336
322.737
322.211
321.684
321.157
320.631
320.103
319.576
319.047
318.519
317.989
317.459
316.929
316.397
315.865
315.332
322.737
322.21
321.683
321.156
320.629
320.102
319.574
319.045
318.516
317.987
317.457
316.926
316.395
315.863
315.33
322.737
322.21
321.683
321.155
320.628
320.1
319.572
319.044
318.515
317.985
317.455
316.924
316.393
315.861
315.328
322.736
322.209
321.682
321.155
320.627
320.099
319.571
319.042
318.513
317.983
317.453
316.923
316.391
315.859
315.327
322.736
322.209
321.682
321.154
320.626
320.098
319.57
319.041
318.512
317.982
317.452
316.921
316.39
315.858
315.326
322.736
322.209
321.681
321.154
320.626
320.098
319.569
319.04
318.511
317.982
317.451
316.921
316.39
315.858
315.326
322.736
322.209
321.681
321.153
320.625
320.097
319.569
319.04
318.511
317.981
317.451
316.92
316.389
315.858
315.326
322.736
322.209
321.681
321.153
320.625
320.097
319.569
319.04
318.511
317.981
317.451
316.921
316.39
315.858
315.326
322.736
322.209
321.681
321.153
320.625
320.097
319.569
319.04
318.511
317.981
317.451
316.921
316.39
315.859
315.327
322.736
322.209
321.681
321.153
320.625
320.097
319.569
319.04
318.511
317.982
317.452
316.922
316.391
315.86
315.329
322.736
322.209
321.681
321.154
320.626
320.098
319.569
319.041
318.512
317.983
317.453
316.923
316.392
315.861
315.33
322.736
322.209
321.682
321.154
320.626
320.098
319.57
319.042
318.513
317.984
317.454
316.924
316.394
315.863
315.333
322.736
322.209
321.682
321.154
320.627
320.099
319.571
319.043
318.514
317.985
317.456
316.926
316.396
315.865
315.334
322.736
322.209
321.682
321.155
320.628
320.1
319.572
319.044
318.516
317.987
317.458
316.928
316.398
315.867
315.335
322.737
322.21
321.683
321.156
320.629
320.101
319.574
319.046
318.518
317.989
317.46
316.931
316.401
315.87
315.339
322.737
322.21
321.683
321.157
320.63
320.103
319.575
319.048
318.52
317.991
317.463
316.933
316.404
315.873
315.342
322.737
322.211
321.684
321.158
320.631
320.104
319.577
319.05
318.522
317.994
317.466
316.937
316.407
315.877
315.347
322.737
322.211
321.685
321.159
320.632
320.106
319.579
319.052
318.525
317.997
317.469
316.94
316.411
315.882
315.351
322.737
322.212
321.686
321.16
320.634
320.108
319.581
319.055
318.528
318
317.473
316.944
316.416
315.887
315.359
322.737
322.212
321.687
321.161
320.636
320.11
319.584
319.058
318.531
318.004
317.477
316.949
316.421
315.892
315.363
322.738
322.213
321.688
321.163
320.638
320.112
319.587
319.061
318.534
318.008
317.481
316.953
316.425
315.898
315.37
322.738
322.213
321.689
321.164
320.64
320.115
319.59
319.064
318.538
318.012
317.485
316.958
316.431
315.902
315.374
322.738
322.214
321.69
321.166
320.642
320.117
319.593
319.068
318.542
318.017
317.49
316.963
316.436
315.908
315.377
322.738
322.215
321.692
321.168
320.644
320.12
319.596
319.072
318.547
318.021
317.496
316.969
316.442
315.914
315.386
322.739
322.216
321.693
321.17
320.647
320.123
319.6
319.076
318.551
318.027
317.501
316.975
316.449
315.921
315.392
322.739
322.217
321.694
321.172
320.65
320.127
319.604
319.08
318.556
318.032
317.508
316.982
316.456
315.93
315.403
322.739
322.218
321.696
321.174
320.652
320.13
319.608
319.085
318.562
318.038
317.514
316.99
316.464
315.938
315.411
322.74
322.219
321.698
321.177
320.655
320.134
319.612
319.09
318.568
318.045
317.521
316.997
316.473
315.949
315.425
322.74
322.22
321.7
321.179
320.659
320.138
319.617
319.095
318.574
318.051
317.529
317.005
316.482
315.958
315.434
322.74
322.221
321.702
321.182
320.662
320.142
319.622
319.101
318.58
318.058
317.536
317.014
316.491
315.968
315.447
322.741
322.222
321.704
321.185
320.666
320.147
319.627
319.107
318.587
318.066
317.545
317.023
316.5
315.977
315.453
322.741
322.223
321.706
321.188
320.67
320.151
319.633
319.113
318.594
318.074
317.553
317.032
316.509
315.986
315.459
322.742
322.225
321.708
321.191
320.674
320.156
319.638
319.12
318.601
318.082
317.562
317.042
316.52
315.997
315.473
322.742
322.226
321.71
321.194
320.678
320.161
319.644
319.127
318.609
318.091
317.572
317.052
316.531
316.009
315.484
322.743
322.228
321.713
321.198
320.682
320.167
319.651
319.134
318.618
318.1
317.582
317.064
316.544
316.023
315.502
322.743
322.229
321.715
321.201
320.687
320.172
319.657
319.142
318.626
318.11
317.593
317.076
316.557
316.038
315.515
322.744
322.231
321.718
321.205
320.692
320.178
319.664
319.15
318.636
318.12
317.605
317.088
316.571
316.055
315.54
322.744
322.233
321.721
321.209
320.697
320.184
319.672
319.159
318.645
318.131
317.616
317.101
316.586
316.07
315.554
322.745
322.234
321.724
321.213
320.702
320.191
319.679
319.167
318.655
318.142
317.629
317.114
316.6
316.086
315.574
322.745
322.236
321.727
321.217
320.708
320.198
319.687
319.177
318.665
318.154
317.641
317.128
316.614
316.1
315.584
322.746
322.238
321.73
321.222
320.713
320.205
319.696
319.186
318.676
318.166
317.654
317.142
316.629
316.114
315.595
322.747
322.24
321.733
321.226
320.719
320.212
319.704
319.196
318.687
318.178
317.668
317.157
316.645
316.131
315.617
322.747
322.242
321.737
321.231
320.725
320.219
319.713
319.206
318.699
318.191
317.683
317.173
316.662
316.15
315.632
322.748
322.244
321.74
321.236
320.732
320.227
319.722
319.217
318.711
318.205
317.698
317.19
316.681
316.171
315.661
322.749
322.246
321.744
321.241
320.738
320.235
319.732
319.228
318.724
318.219
317.713
317.208
316.701
316.193
315.68
322.75
322.249
321.747
321.246
320.745
320.243
319.741
319.239
318.736
318.233
317.73
317.226
316.721
316.217
315.717
322.75
322.251
321.751
321.252
320.752
320.252
319.751
319.251
318.75
318.248
317.746
317.244
316.742
316.24
315.737
322.751
322.253
321.755
321.257
320.759
320.26
319.762
319.263
318.763
318.264
317.763
317.263
316.762
316.262
315.767
322.752
322.256
321.759
321.263
320.766
320.269
319.772
319.275
318.777
318.279
317.78
317.281
316.782
316.282
315.781
322.753
322.258
321.763
321.268
320.773
320.278
319.783
319.287
318.791
318.295
317.798
317.301
316.802
316.301
315.796
322.754
322.26
321.767
321.274
320.781
320.288
319.794
319.3
318.806
318.311
317.816
317.32
316.824
316.325
315.826
322.754
322.263
321.772
321.28
320.789
320.297
319.805
319.313
318.821
318.328
317.835
317.341
316.846
316.349
315.847
322.755
322.266
321.776
321.286
320.796
320.307
319.817
319.326
318.836
318.345
317.854
317.362
316.87
316.377
315.885
322.756
322.268
321.78
321.292
320.804
320.316
319.828
319.34
318.851
318.362
317.874
317.384
316.895
316.405
315.91
322.757
322.271
321.785
321.299
320.812
320.326
319.84
319.353
318.867
318.38
317.893
317.407
316.921
316.436
315.957
322.758
322.274
321.789
321.305
320.82
320.336
319.851
319.367
318.882
318.398
317.913
317.429
316.945
316.463
315.981
322.759
322.276
321.794
321.311
320.829
320.346
319.863
319.381
318.898
318.415
317.932
317.45
316.969
316.49
316.017
322.76
322.279
321.798
321.318
320.837
320.356
319.875
319.394
318.913
318.432
317.952
317.471
316.991
316.512
316.034
322.761
322.282
321.803
321.324
320.845
320.366
319.887
319.408
318.929
318.45
317.971
317.492
317.013
316.534
316.049
322.762
322.285
321.808
321.331
320.853
320.376
319.899
319.422
318.945
318.467
317.99
317.513
317.036
316.558
316.082
322.762
322.287
321.812
321.337
320.862
320.387
319.911
319.436
318.96
318.485
318.009
317.534
317.058
316.582
316.103
322.763
322.29
321.817
321.344
320.87
320.397
319.923
319.45
318.976
318.502
318.028
317.555
317.082
316.609
316.139
322.764
322.293
321.822
321.351
320.879
320.407
319.936
319.464
318.991
318.519
318.047
317.575
317.104
316.634
316.162
322.765
322.296
321.827
321.357
320.888
320.418
319.948
319.478
319.007
318.537
318.066
317.596
317.127
316.66
316.2
322.766
322.299
321.832
321.364
320.897
320.429
319.961
319.492
319.023
318.554
318.084
317.615
317.147
316.682
316.219
322.767
322.302
321.837
321.371
320.906
320.44
319.973
319.507
319.039
318.571
318.103
317.634
317.166
316.701
316.242
322.768
322.305
321.842
321.379
320.915
320.451
319.987
319.522
319.056
318.589
318.121
317.653
317.184
316.716
316.251
322.77
322.309
321.847
321.386
320.925
320.463
320
319.537
319.073
318.608
318.14
317.672
317.201
316.729
316.257
322.771
322.312
321.853
321.394
320.935
320.475
320.015
319.553
319.091
318.627
318.161
317.692
317.218
316.741
316.262
322.772
322.315
321.859
321.402
320.945
320.487
320.029
319.57
319.11
318.648
318.184
317.715
317.239
316.755
316.262
322.773
322.319
321.864
321.41
320.955
320.5
320.045
319.588
319.131
318.672
318.209
317.742
317.266
316.774
316.248
322.774
322.322
321.87
321.418
320.966
320.514
320.061
319.607
319.153
318.697
318.239
317.776
317.305
316.818
316.286
289.867
289.323
288.824
288.341
287.868
287.398
286.932
286.467
286.004
285.541
285.078
284.616
284.154
283.693
283.231
289.903
289.363
288.859
288.372
287.894
287.421
286.952
286.484
286.018
285.553
285.088
284.624
284.16
283.696
283.232
289.881
289.378
288.883
288.396
287.917
287.442
286.97
286.5
286.032
285.564
285.097
284.631
284.165
283.699
283.233
289.878
289.388
288.9
288.416
287.937
287.461
286.987
286.515
286.045
285.575
285.106
284.638
284.17
283.702
283.234
289.878
289.396
288.913
288.433
287.954
287.477
287.003
286.529
286.057
285.586
285.115
284.645
284.175
283.705
283.235
289.878
289.404
288.926
288.448
287.97
287.493
287.017
286.543
286.069
285.596
285.123
284.651
284.179
283.707
283.236
289.883
289.414
288.939
288.462
287.985
287.508
287.031
286.556
286.08
285.606
285.131
284.657
284.184
283.71
283.237
289.898
289.427
288.953
288.477
288
287.522
287.045
286.568
286.091
285.615
285.139
284.664
284.188
283.713
283.238
289.912
289.443
288.969
288.492
288.015
287.536
287.058
286.58
286.102
285.624
285.147
284.669
284.192
283.715
283.238
289.941
289.464
288.987
288.509
288.03
287.551
287.071
286.592
286.112
285.633
285.154
284.675
284.197
283.718
283.239
289.959
289.483
289.005
288.525
288.045
287.565
287.084
286.603
286.123
285.642
285.161
284.681
284.201
283.72
283.24
289.988
289.505
289.024
288.542
288.061
287.579
287.097
286.615
286.133
285.651
285.169
284.687
284.205
283.723
283.241
290.006
289.525
289.042
288.56
288.077
287.594
287.11
286.627
286.143
285.659
285.176
284.692
284.209
283.725
283.242
290.033
289.545
289.061
288.577
288.093
287.608
287.123
286.638
286.153
285.668
285.183
284.698
284.213
283.728
283.243
290.046
289.564
289.079
288.595
288.109
287.623
287.137
286.65
286.163
285.677
285.19
284.703
284.217
283.73
283.243
290.06
289.583
289.099
288.612
288.125
287.638
287.15
286.662
286.174
285.685
285.197
284.709
284.221
283.732
283.244
290.091
289.606
289.119
288.631
288.142
287.653
287.163
286.674
286.184
285.694
285.204
284.714
284.224
283.735
283.245
290.113
289.629
289.14
288.65
288.159
287.668
287.177
286.685
286.194
285.703
285.211
284.72
284.228
283.737
283.246
290.154
289.656
289.163
288.669
288.176
287.683
287.19
286.697
286.204
285.711
285.218
284.725
284.232
283.739
283.246
290.176
289.681
289.184
288.689
288.194
287.698
287.204
286.709
286.214
285.72
285.225
284.731
284.236
283.742
283.247
290.21
289.706
289.206
288.708
288.21
287.714
287.217
286.72
286.224
285.728
285.232
284.736
284.24
283.744
283.248
290.229
289.727
289.226
288.726
288.227
287.728
287.23
286.732
286.234
285.736
285.239
284.741
284.244
283.746
283.249
290.256
289.748
289.245
288.744
288.243
287.743
287.243
286.743
286.244
285.745
285.245
284.746
284.247
283.748
283.249
290.269
289.766
289.263
288.761
288.259
287.757
287.256
286.755
286.254
285.753
285.252
284.751
284.251
283.751
283.25
290.282
289.784
289.281
288.778
288.275
287.771
287.268
286.766
286.263
285.761
285.259
284.757
284.255
283.753
283.251
290.309
289.804
289.3
288.795
288.29
287.785
287.281
286.776
286.272
285.769
285.265
284.762
284.258
283.755
283.252
290.328
289.825
289.319
288.812
288.305
287.799
287.293
286.787
286.282
285.776
285.271
284.766
284.262
283.757
283.252
290.362
289.848
289.338
288.829
288.32
287.812
287.305
286.797
286.291
285.784
285.277
284.771
284.265
283.759
283.253
290.38
289.868
289.356
288.845
288.335
287.825
287.316
286.808
286.299
285.791
285.283
284.776
284.268
283.761
283.254
290.407
289.888
289.373
288.861
288.349
287.838
287.327
286.817
286.308
285.798
285.289
284.78
284.272
283.763
283.254
290.421
289.905
289.389
288.875
288.362
287.85
287.338
286.827
286.316
285.806
285.295
284.785
284.275
283.765
283.255
290.442
289.921
289.405
288.89
288.375
287.862
287.349
286.836
286.324
285.812
285.301
284.789
284.278
283.767
283.256
290.452
289.935
289.419
288.903
288.388
287.873
287.359
286.845
286.332
285.819
285.306
284.793
284.281
283.769
283.256
290.461
289.948
289.432
288.916
288.4
287.884
287.369
286.854
286.34
285.825
285.311
284.798
284.284
283.77
283.257
290.481
289.963
289.446
288.929
288.412
287.895
287.379
286.863
286.347
285.832
285.317
284.802
284.287
283.772
283.257
290.494
289.978
289.459
288.941
288.423
287.905
287.388
286.871
286.354
285.838
285.322
284.806
284.29
283.774
283.258
290.517
289.994
289.473
288.953
288.434
287.915
287.397
286.879
286.361
285.844
285.326
284.809
284.292
283.775
283.258
290.53
290.008
289.486
288.965
288.445
287.925
287.406
286.887
286.368
285.85
285.331
284.813
284.295
283.777
283.259
290.547
290.021
289.498
288.976
288.455
287.935
287.414
286.894
286.375
285.855
285.336
284.817
284.297
283.778
283.259
290.555
290.032
289.509
288.987
288.466
287.944
287.423
286.902
286.381
285.861
285.34
284.82
284.3
283.78
283.26
290.563
290.043
289.52
288.998
288.475
287.953
287.431
286.909
286.387
285.866
285.345
284.824
284.302
283.781
283.26
290.578
290.055
289.532
289.008
288.485
287.962
287.439
286.916
286.394
285.871
285.349
284.827
284.305
283.783
283.261
290.588
290.067
289.543
289.019
288.495
287.971
287.447
286.923
286.4
285.876
285.353
284.83
284.307
283.784
283.261
290.606
290.08
289.555
289.029
288.504
287.979
287.454
286.93
286.405
285.881
285.357
284.833
284.309
283.786
283.262
290.617
290.092
289.566
289.04
288.514
287.988
287.462
286.936
286.411
285.886
285.361
284.836
284.312
283.787
283.262
290.637
290.106
289.578
289.05
288.523
287.996
287.469
286.943
286.417
285.891
285.365
284.839
284.314
283.788
283.263
290.648
290.118
289.589
289.06
288.531
288.004
287.476
286.949
286.422
285.895
285.369
284.842
284.316
283.789
283.263
290.663
290.13
289.599
289.069
288.54
288.011
287.483
286.955
286.427
285.9
285.372
284.845
284.318
283.791
283.264
290.672
290.14
289.609
289.078
288.548
288.019
287.49
286.961
286.432
285.904
285.376
284.848
284.32
283.792
283.264
290.684
290.15
289.618
289.086
288.556
288.026
287.496
286.967
286.437
285.908
285.379
284.85
284.322
283.793
283.264
290.689
290.157
289.626
289.094
288.563
288.033
287.502
286.972
286.442
285.912
285.382
284.853
284.323
283.794
283.265
290.695
290.165
289.634
289.102
288.571
288.039
287.508
286.977
286.447
285.916
285.386
284.855
284.325
283.795
283.265
290.706
290.174
289.642
289.11
288.578
288.046
287.514
286.982
286.451
285.92
285.389
284.858
284.327
283.796
283.265
290.714
290.183
289.65
289.117
288.585
288.052
287.52
286.987
286.455
285.924
285.392
284.86
284.329
283.797
283.266
290.728
290.193
289.659
289.125
288.591
288.058
287.525
286.992
286.46
285.927
285.395
284.862
284.33
283.798
283.266
290.736
290.201
289.666
289.132
288.598
288.064
287.53
286.997
286.464
285.931
285.398
284.865
284.332
283.799
283.266
290.748
290.21
289.674
289.139
288.604
288.07
287.536
287.001
286.468
285.934
285.4
284.867
284.333
283.8
283.267
290.754
290.217
289.681
289.146
288.61
288.075
287.54
287.006
286.471
285.937
285.403
284.869
284.335
283.801
283.267
290.763
290.225
289.688
289.152
288.616
288.081
287.545
287.01
286.475
285.94
285.406
284.871
284.336
283.802
283.267
290.767
290.231
289.694
289.158
288.622
288.086
287.55
287.014
286.479
285.943
285.408
284.873
284.338
283.803
283.268
290.771
290.237
289.7
289.164
288.627
288.091
287.555
287.018
286.482
285.946
285.411
284.875
284.339
283.803
283.268
290.78
290.244
289.707
289.17
288.633
288.096
287.559
287.022
286.486
285.949
285.413
284.877
284.34
283.804
283.268
290.787
290.25
289.713
289.176
288.638
288.101
287.563
287.026
286.489
285.952
285.415
284.878
284.342
283.805
283.268
290.798
290.258
289.719
289.181
288.643
288.105
287.568
287.03
286.492
285.955
285.418
284.88
284.343
283.806
283.269
290.804
290.265
289.726
289.187
288.648
288.11
287.572
287.034
286.496
285.958
285.42
284.882
284.344
283.806
283.269
290.812
290.271
289.732
289.192
288.653
288.115
287.576
287.037
286.499
285.96
285.422
284.884
284.345
283.807
283.269
290.816
290.277
289.737
289.198
288.658
288.119
287.58
287.041
286.502
285.963
285.424
284.885
284.346
283.808
283.269
290.82
290.282
289.743
289.203
288.663
288.123
287.584
287.044
286.505
285.965
285.426
284.887
284.348
283.809
283.27
290.829
290.289
289.749
289.208
288.668
288.128
287.588
287.047
286.507
285.968
285.428
284.888
284.349
283.809
283.27
290.834
290.295
289.754
289.214
288.673
288.132
287.591
287.051
286.51
285.97
285.43
284.89
284.35
283.81
283.27
290.844
290.302
289.761
289.219
288.678
288.136
287.595
287.054
286.513
285.972
285.431
284.891
284.351
283.81
283.27
290.85
290.309
289.767
289.224
288.682
288.14
287.598
287.057
286.515
285.974
285.433
284.892
284.351
283.811
283.27
290.862
290.317
289.773
289.23
288.687
288.144
287.602
287.059
286.518
285.976
285.434
284.893
284.352
283.811
283.27
290.868
290.323
289.779
289.235
288.691
288.148
287.605
287.062
286.52
285.978
285.436
284.894
284.353
283.812
283.271
290.876
290.33
289.784
289.24
288.695
288.151
287.608
287.064
286.522
285.979
285.437
284.895
284.353
283.812
283.271
290.88
290.335
289.789
289.244
288.699
288.155
287.61
287.067
286.523
285.98
285.438
284.896
284.354
283.812
283.271
290.884
290.34
289.794
289.248
288.703
288.157
287.613
287.068
286.525
285.981
285.439
284.896
284.354
283.812
283.271
290.892
290.346
289.799
289.253
288.706
288.16
287.615
287.07
286.526
285.982
285.439
284.896
284.354
283.812
283.271
290.898
290.352
289.804
289.257
288.709
288.162
287.616
287.071
286.526
285.982
285.439
284.896
284.354
283.812
283.271
290.908
290.359
289.809
289.26
288.712
288.164
287.617
287.071
286.526
285.982
285.439
284.896
284.354
283.812
283.271
290.915
290.365
289.814
289.264
288.714
288.165
287.617
287.071
286.525
285.981
285.438
284.895
284.353
283.812
283.271
290.928
290.373
289.819
289.266
288.715
288.165
287.617
287.07
286.524
285.98
285.437
284.894
284.353
283.811
283.27
290.936
290.38
289.823
289.268
288.715
288.164
287.615
287.068
286.522
285.978
285.435
284.893
284.351
283.811
283.27
290.948
290.386
289.827
289.269
288.714
288.162
287.612
287.064
286.519
285.975
285.432
284.891
284.35
283.81
283.27
290.954
290.391
289.828
289.268
288.711
288.158
287.607
287.06
286.514
285.971
285.429
284.888
284.348
283.809
283.269
290.962
290.396
289.828
289.265
288.706
288.151
287.601
287.053
286.509
285.966
285.425
284.885
284.346
283.807
283.269
290.984
290.402
289.826
289.258
288.697
288.142
287.592
287.045
286.501
285.96
285.42
284.881
284.343
283.805
283.268
291
290.404
289.818
289.246
288.685
288.13
287.581
287.035
286.493
285.952
285.414
284.876
284.34
283.804
283.268
291.041
290.398
289.801
289.227
288.667
288.114
287.567
287.023
286.483
285.944
285.407
284.871
284.336
283.801
283.267
291.006
290.359
289.768
289.2
288.644
288.095
287.55
287.01
286.471
285.935
285.4
284.865
284.332
283.799
283.266
322.775
322.326
321.877
321.427
320.978
320.529
320.079
319.629
319.178
318.727
318.274
317.819
317.36
316.899
316.441
322.777
322.33
321.884
321.437
320.991
320.545
320.099
319.653
319.207
318.761
318.315
317.869
317.424
316.983
316.554
322.778
322.334
321.891
321.447
321.004
320.562
320.119
319.677
319.236
318.795
318.356
317.918
317.484
317.056
316.638
322.78
322.339
321.898
321.457
321.017
320.578
320.139
319.701
319.264
318.828
318.395
317.964
317.538
317.118
316.706
322.781
322.343
321.904
321.467
321.03
320.593
320.158
319.723
319.29
318.859
318.431
318.006
317.586
317.171
316.764
322.782
322.346
321.911
321.476
321.041
320.608
320.175
319.744
319.315
318.888
318.464
318.044
317.627
317.217
316.813
322.783
322.35
321.917
321.484
321.052
320.621
320.192
319.764
319.338
318.914
318.494
318.077
317.664
317.256
316.854
322.784
322.353
321.922
321.491
321.062
320.633
320.206
319.781
319.358
318.937
318.52
318.105
317.695
317.29
316.89
322.785
322.356
321.927
321.498
321.071
320.644
320.219
319.796
319.376
318.957
318.542
318.13
317.722
317.319
316.92
322.786
322.358
321.931
321.504
321.078
320.654
320.231
319.81
319.391
318.974
318.561
318.151
317.745
317.343
316.945
322.787
322.36
321.934
321.509
321.085
320.662
320.24
319.821
319.403
318.989
318.577
318.168
317.763
317.363
316.966
322.787
322.362
321.937
321.513
321.09
320.668
320.248
319.829
319.413
319
318.589
318.182
317.778
317.378
316.982
322.788
322.363
321.939
321.516
321.094
320.673
320.253
319.836
319.421
319.008
318.598
318.192
317.789
317.39
316.994
322.788
322.364
321.941
321.518
321.096
320.676
320.257
319.84
319.426
319.014
318.605
318.199
317.796
317.397
317.002
322.788
322.365
321.941
321.519
321.098
320.678
320.259
319.843
319.428
319.017
318.608
318.202
317.8
317.401
317.006
316.072
315.832
315.402
315.158
314.8
314.624
314.447
314.079
313.822
313.35
313.087
312.698
312.479
312.164
312.009
311.854
311.536
311.315
310.916
310.699
310.389
310.241
310.097
309.808
309.612
309.271
309.042
308.638
308.419
308.113
307.967
307.826
307.544
307.354
307.023
306.801
306.409
306.196
305.898
305.755
305.616
305.337
305.146
304.812
304.585
304.176
303.95
303.619
303.431
303.162
303.028
302.893
302.617
302.423
302.07
301.875
301.595
301.458
301.322
301.048
300.857
300.519
300.288
299.872
299.643
299.315
299.154
298.995
298.671
298.445
298.044
297.769
297.271
296.997
296.603
296.411
296.219
295.828
295.556
295.071
294.739
294.139
293.811
293.339
293.113
292.889
292.431
292.121
291.578
291.279
316.186
315.873
315.538
315.237
314.936
314.674
314.412
314.108
313.802
313.46
313.151
312.838
312.563
312.293
312.061
311.83
311.565
311.301
311.01
310.749
310.492
310.272
310.055
309.808
309.562
309.286
309.016
308.722
308.462
308.207
307.99
307.778
307.537
307.296
307.027
306.765
306.479
306.225
305.975
305.762
305.552
305.312
305.071
304.799
304.53
304.233
303.965
303.696
303.459
303.226
303.023
302.821
302.587
302.352
302.091
301.854
301.618
301.412
301.205
300.967
300.724
300.447
300.172
299.867
299.592
299.317
299.078
298.837
298.558
298.272
297.946
297.621
297.259
296.933
296.606
296.321
296.034
295.701
295.36
294.97
294.583
294.152
293.766
293.381
293.049
292.72
292.34
291.963
291.544
291.156
316.27
315.945
315.624
315.315
315.014
314.725
314.437
314.139
313.835
313.523
313.219
312.922
312.64
312.369
312.111
311.856
311.593
311.328
311.058
310.796
310.542
310.298
310.057
309.809
309.555
309.291
309.025
308.757
308.497
308.246
308.007
307.771
307.528
307.28
307.023
306.764
306.501
306.247
306.001
305.766
305.532
305.289
305.04
304.781
304.517
304.247
303.984
303.727
303.482
303.245
303.019
302.793
302.559
302.32
302.075
301.834
301.597
301.367
301.135
300.892
300.639
300.373
300.1
299.818
299.542
299.269
299.004
298.735
298.453
298.158
297.846
297.525
297.195
296.869
296.547
296.234
295.917
295.583
295.235
294.867
294.488
294.099
293.718
293.345
292.984
292.623
292.248
291.863
291.465
291.065
316.339
316.013
315.693
315.381
315.076
314.776
314.478
314.179
313.877
313.576
313.278
312.986
312.702
312.426
312.158
311.892
311.626
311.36
311.094
310.832
310.575
310.322
310.07
309.817
309.561
309.301
309.039
308.778
308.521
308.268
308.021
307.775
307.527
307.277
307.023
306.767
306.512
306.259
306.011
305.767
305.523
305.276
305.025
304.77
304.511
304.251
303.994
303.74
303.493
303.251
303.013
302.776
302.537
302.296
302.052
301.809
301.567
301.325
301.081
300.831
300.574
300.309
300.038
299.763
299.487
299.21
298.934
298.654
298.365
298.067
297.76
297.444
297.123
296.8
296.477
296.153
295.825
295.487
295.138
294.778
294.41
294.036
293.661
293.289
292.919
292.547
292.169
291.783
291.388
290.988
316.398
316.072
315.752
315.438
315.128
314.824
314.522
314.221
313.921
313.623
313.328
313.037
312.753
312.474
312.2
311.929
311.659
311.392
311.126
310.862
310.602
310.344
310.087
309.83
309.572
309.312
309.053
308.794
308.537
308.283
308.032
307.781
307.53
307.278
307.025
306.771
306.518
306.266
306.016
305.767
305.519
305.269
305.017
304.763
304.508
304.252
303.997
303.745
303.496
303.25
303.007
302.764
302.52
302.275
302.029
301.783
301.535
301.287
301.036
300.78
300.52
300.254
299.983
299.709
299.432
299.152
298.87
298.583
298.291
297.991
297.685
297.372
297.054
296.732
296.407
296.079
295.746
295.406
295.058
294.702
294.339
293.972
293.602
293.23
292.857
292.481
292.1
291.714
291.321
290.922
316.449
316.123
315.802
315.487
315.175
314.868
314.564
314.262
313.962
313.665
313.371
313.081
312.796
312.514
312.237
311.963
311.691
311.421
311.154
310.888
310.625
310.364
310.104
309.844
309.584
309.325
309.066
308.807
308.55
308.295
308.041
307.788
307.535
307.282
307.029
306.775
306.522
306.27
306.018
305.767
305.516
305.265
305.013
304.759
304.505
304.251
303.998
303.745
303.495
303.246
302.999
302.752
302.505
302.256
302.007
301.757
301.506
301.252
300.996
300.737
300.474
300.206
299.934
299.659
299.38
299.098
298.812
298.522
298.227
297.926
297.619
297.307
296.99
296.668
296.342
296.012
295.677
295.336
294.988
294.635
294.275
293.912
293.544
293.173
292.8
292.422
292.041
291.654
291.262
290.864
316.492
316.166
315.846
315.529
315.217
314.908
314.602
314.299
314
313.703
313.409
313.119
312.832
312.549
312.27
311.993
311.719
311.448
311.178
310.911
310.646
310.382
310.12
309.858
309.597
309.337
309.078
308.819
308.561
308.305
308.049
307.795
307.54
307.286
307.032
306.778
306.525
306.272
306.019
305.767
305.515
305.263
305.01
304.757
304.503
304.249
303.996
303.743
303.492
303.241
302.991
302.741
302.49
302.239
301.987
301.734
301.479
301.222
300.962
300.699
300.433
300.164
299.89
299.613
299.333
299.048
298.76
298.468
298.171
297.869
297.561
297.249
296.932
296.61
296.284
295.953
295.617
295.275
294.928
294.576
294.219
293.857
293.491
293.121
292.747
292.37
291.988
291.602
291.21
290.814
316.528
316.204
315.883
315.566
315.253
314.943
314.637
314.333
314.033
313.736
313.442
313.151
312.864
312.58
312.299
312.02
311.745
311.471
311.2
310.931
310.664
310.399
310.135
309.872
309.61
309.349
309.088
308.829
308.57
308.313
308.056
307.801
307.545
307.29
307.036
306.782
306.528
306.274
306.021
305.767
305.514
305.261
305.008
304.754
304.501
304.247
303.993
303.74
303.487
303.235
302.983
302.73
302.477
302.223
301.969
301.712
301.454
301.194
300.932
300.667
300.399
300.127
299.852
299.573
299.291
299.005
298.715
298.421
298.122
297.819
297.511
297.198
296.881
296.558
296.232
295.9
295.564
295.222
294.876
294.525
294.168
293.808
293.443
293.074
292.7
292.323
291.942
291.556
291.166
290.771
316.559
316.235
315.914
315.597
315.284
314.974
314.667
314.363
314.062
313.765
313.47
313.179
312.891
312.606
312.323
312.044
311.767
311.492
311.22
310.949
310.681
310.414
310.148
309.884
309.621
309.359
309.098
308.838
308.579
308.32
308.063
307.806
307.55
307.294
307.039
306.784
306.53
306.275
306.021
305.768
305.514
305.26
305.006
304.752
304.498
304.244
303.99
303.736
303.482
303.229
302.975
302.72
302.465
302.209
301.952
301.694
301.433
301.171
300.906
300.639
300.369
300.095
299.818
299.538
299.254
298.967
298.676
298.38
298.08
297.776
297.467
297.154
296.836
296.514
296.187
295.855
295.518
295.177
294.831
294.48
294.125
293.765
293.401
293.032
292.66
292.283
291.902
291.517
291.128
290.735
316.585
316.261
315.941
315.624
315.31
315
314.692
314.388
314.087
313.789
313.494
313.202
312.914
312.627
312.344
312.064
311.785
311.51
311.236
310.964
310.695
310.426
310.16
309.895
309.631
309.368
309.106
308.845
308.585
308.327
308.068
307.811
307.554
307.298
307.042
306.787
306.531
306.277
306.022
305.768
305.514
305.259
305.005
304.751
304.496
304.242
303.987
303.732
303.478
303.223
302.967
302.711
302.455
302.197
301.938
301.678
301.415
301.151
300.884
300.615
300.343
300.068
299.79
299.509
299.223
298.935
298.642
298.346
298.045
297.74
297.43
297.117
296.798
296.476
296.148
295.816
295.48
295.139
294.793
294.442
294.087
293.728
293.365
292.997
292.625
292.249
291.869
291.484
291.096
290.704
316.607
316.283
315.963
315.646
315.332
315.021
314.714
314.409
314.108
313.81
313.514
313.222
312.932
312.646
312.361
312.08
311.801
311.524
311.25
310.977
310.706
310.437
310.17
309.904
309.639
309.375
309.113
308.852
308.591
308.332
308.073
307.815
307.558
307.301
307.044
306.789
306.533
306.278
306.023
305.768
305.513
305.259
305.004
304.749
304.494
304.239
303.984
303.729
303.473
303.217
302.961
302.704
302.446
302.187
301.926
301.664
301.4
301.135
300.866
300.596
300.322
300.046
299.767
299.484
299.198
298.908
298.614
298.317
298.016
297.71
297.4
297.086
296.767
296.444
296.116
295.784
295.448
295.107
294.761
294.411
294.057
293.698
293.335
292.967
292.596
292.22
291.841
291.457
291.07
290.678
316.623
316.3
315.98
315.663
315.349
315.038
314.73
314.426
314.124
313.826
313.53
313.237
312.947
312.66
312.375
312.093
311.813
311.536
311.261
310.987
310.716
310.446
310.178
309.911
309.646
309.382
309.119
308.857
308.596
308.336
308.077
307.818
307.56
307.303
307.047
306.79
306.534
306.279
306.023
305.768
305.513
305.258
305.003
304.748
304.493
304.237
303.982
303.726
303.47
303.213
302.956
302.697
302.438
302.178
301.917
301.653
301.388
301.121
300.852
300.58
300.306
300.029
299.748
299.464
299.177
298.887
298.593
298.294
297.992
297.686
297.376
297.061
296.742
296.419
296.091
295.759
295.423
295.082
294.736
294.386
294.032
293.673
293.311
292.944
292.573
292.198
291.819
291.436
291.049
290.658
316.636
316.313
315.993
315.676
315.362
315.051
314.743
314.438
314.137
313.838
313.542
313.249
312.958
312.671
312.385
312.103
311.823
311.545
311.269
310.995
310.723
310.453
310.184
309.917
309.651
309.386
309.123
308.861
308.599
308.339
308.08
307.821
307.563
307.305
307.048
306.791
306.535
306.279
306.024
305.768
305.513
305.258
305.002
304.747
304.491
304.236
303.98
303.724
303.467
303.209
302.951
302.693
302.433
302.172
301.909
301.645
301.379
301.111
300.841
300.569
300.293
300.015
299.734
299.45
299.162
298.871
298.576
298.277
297.975
297.668
297.358
297.043
296.724
296.4
296.072
295.74
295.404
295.063
294.717
294.368
294.014
293.655
293.293
292.926
292.555
292.181
291.802
291.42
291.033
290.643
316.644
316.321
316.001
315.684
315.37
315.059
314.751
314.447
314.145
313.846
313.55
313.256
312.966
312.678
312.392
312.109
311.829
311.55
311.274
311
310.728
310.457
310.188
309.92
309.654
309.389
309.126
308.863
308.602
308.341
308.081
307.822
307.564
307.306
307.049
306.792
306.536
306.28
306.024
305.768
305.513
305.257
305.002
304.746
304.491
304.235
303.978
303.722
303.465
303.207
302.949
302.689
302.429
302.167
301.904
301.64
301.373
301.105
300.834
300.561
300.285
300.007
299.725
299.44
299.152
298.86
298.565
298.266
297.963
297.657
297.346
297.031
296.711
296.388
296.06
295.728
295.391
295.05
294.705
294.355
294.001
293.643
293.281
292.915
292.544
292.17
291.791
291.409
291.023
290.634
316.648
316.325
316.005
315.688
315.374
315.063
314.756
314.451
314.149
313.85
313.553
313.26
312.969
312.681
312.396
312.113
311.832
311.553
311.277
311.002
310.73
310.459
310.19
309.922
309.656
309.391
309.127
308.865
308.603
308.342
308.082
307.823
307.565
307.307
307.05
306.793
306.536
306.28
306.024
305.768
305.513
305.257
305.002
304.746
304.49
304.234
303.978
303.721
303.464
303.206
302.947
302.688
302.427
302.165
301.902
301.637
301.37
301.102
300.831
300.557
300.281
300.002
299.72
299.435
299.147
298.855
298.56
298.261
297.958
297.651
297.34
297.024
296.705
296.382
296.054
295.721
295.385
295.044
294.699
294.349
293.995
293.637
293.275
292.909
292.538
292.164
291.786
291.404
291.018
290.629
290.83
290.274
289.714
289.16
288.612
288.069
287.53
286.992
286.457
285.923
285.39
284.859
284.327
283.796
283.265
290.706
290.184
289.649
289.111
288.574
288.038
287.504
286.972
286.44
285.91
285.38
284.85
284.321
283.793
283.264
290.614
290.106
289.586
289.061
288.534
288.006
287.478
286.95
286.423
285.895
285.369
284.842
284.316
283.789
283.263
290.539
290.039
289.529
289.014
288.495
287.973
287.451
286.928
286.404
285.881
285.357
284.833
284.31
283.786
283.262
290.476
289.981
289.478
288.97
288.457
287.942
287.425
286.906
286.387
285.866
285.346
284.825
284.304
283.782
283.261
290.421
289.93
289.433
288.93
288.423
287.913
287.4
286.885
286.369
285.852
285.335
284.816
284.298
283.779
283.26
290.374
289.886
289.393
288.894
288.392
287.886
287.377
286.866
286.353
285.839
285.324
284.809
284.292
283.775
283.259
290.333
289.848
289.358
288.863
288.364
287.861
287.356
286.848
286.338
285.827
285.315
284.801
284.287
283.772
283.257
290.298
289.815
289.328
288.836
288.34
287.84
287.337
286.832
286.325
285.816
285.306
284.794
284.282
283.77
283.257
290.268
289.788
289.302
288.813
288.319
287.822
287.321
286.818
286.313
285.806
285.298
284.789
284.278
283.767
283.256
290.244
289.765
289.282
288.794
288.302
287.806
287.308
286.807
286.304
285.798
285.292
284.784
284.275
283.765
283.255
290.225
289.747
289.265
288.778
288.288
287.794
287.297
286.798
286.296
285.792
285.286
284.78
284.272
283.763
283.254
290.211
289.734
289.252
288.767
288.278
287.785
287.289
286.79
286.29
285.787
285.282
284.776
284.27
283.762
283.254
290.201
289.725
289.244
288.759
288.271
287.779
287.284
286.786
286.286
285.783
285.28
284.774
284.268
283.761
283.254
290.197
289.721
289.24
288.756
288.267
287.776
287.281
286.783
286.284
285.782
285.278
284.773
284.267
283.761
283.254
)
;

boundaryField
{
    hot
    {
        type            fixedValue;
        value           uniform 323;
    }
    cold
    {
        type            fixedValue;
        value           uniform 283;
    }
    interface_left
    {
        type            fixedValue;
        value           nonuniform List<scalar> 
90
(
315.115
315.115
315.174
315.174
315.164
315.164
315.164
315.141
315.141
315.112
315.112
315.093
315.093
315.08
315.08
315.08
315.072
315.072
315.064
315.064
315.061
315.061
315.061
315.06
315.06
315.061
315.061
315.064
315.064
315.069
315.069
315.069
315.075
315.075
315.084
315.084
315.098
315.098
315.11
315.11
315.11
315.124
315.124
315.142
315.142
315.169
315.169
315.192
315.192
315.192
315.215
315.215
315.247
315.247
315.292
315.292
315.327
315.327
315.327
315.365
315.365
315.413
315.413
315.48
315.48
315.532
315.532
315.532
315.584
315.584
315.649
315.649
315.734
315.734
315.796
315.796
315.796
315.853
315.853
315.916
315.916
315.986
315.986
316.023
316.023
316.023
316.026
316.026
315.949
315.949
)
;
    }
    interface_right
    {
        type            fixedValue;
        value           nonuniform List<scalar> 
90
(
290.213
290.213
290.119
290.119
290.119
290.11
290.11
290.134
290.134
290.187
290.187
290.238
290.238
290.286
290.286
290.286
290.34
290.34
290.415
290.415
290.472
290.472
290.519
290.519
290.519
290.567
290.567
290.629
290.629
290.674
290.674
290.709
290.709
290.709
290.744
290.744
290.786
290.786
290.816
290.816
290.816
290.842
290.842
290.872
290.872
290.909
290.909
290.934
290.934
290.955
290.955
290.955
290.975
290.975
291
291
291.019
291.019
291.035
291.035
291.035
291.05
291.05
291.071
291.071
291.086
291.086
291.086
291.1
291.1
291.117
291.117
291.138
291.138
291.153
291.153
291.153
291.167
291.167
291.185
291.185
291.21
291.21
291.234
291.234
291.234
291.28
291.28
291.418
291.418
)
;
    }
    interface_top
    {
        type            fixedValue;
        value           nonuniform List<scalar> 
90
(
315.949
315.949
315.202
315.202
314.602
314.602
314.602
313.988
313.988
313.146
313.146
312.509
312.509
311.985
311.985
311.985
311.453
311.453
310.741
310.741
310.224
310.224
310.224
309.743
309.743
309.184
309.184
308.463
308.463
307.953
307.953
307.953
307.485
307.485
306.943
306.943
306.245
306.245
305.749
305.749
305.749
305.288
305.288
304.743
304.743
304.019
304.019
303.477
303.477
303.032
303.032
303.032
302.574
302.574
301.947
301.947
301.481
301.481
301.481
301.029
301.029
300.48
300.48
299.74
299.74
299.192
299.192
299.192
298.658
298.658
298.003
298.003
297.117
297.117
296.455
296.455
296.455
295.806
295.806
295.01
295.01
293.937
293.937
293.142
293.142
293.142
292.369
292.369
291.418
291.418
)
;
    }
    interface_bottom
    {
        type            fixedValue;
        value           nonuniform List<scalar> 
90
(
315.115
315.115
314.309
314.309
314.309
313.553
313.553
312.661
312.661
311.507
311.507
310.674
310.674
310.007
310.007
310.007
309.338
309.338
308.452
308.452
307.805
307.805
307.284
307.284
307.284
306.761
306.761
306.077
306.077
305.59
305.59
305.59
305.136
305.136
304.605
304.605
303.925
303.925
303.444
303.444
303.444
302.99
302.99
302.446
302.446
301.729
301.729
301.197
301.197
300.755
300.755
300.755
300.291
300.291
299.658
299.658
299.189
299.189
299.189
298.73
298.73
298.171
298.171
297.436
297.436
296.903
296.903
296.903
296.387
296.387
295.766
295.766
294.954
294.954
294.368
294.368
294.368
293.805
293.805
293.129
293.129
292.246
292.246
291.605
291.605
291.605
290.984
290.984
290.213
290.213
)
;
    }
    defaultFaces
    {
        type            empty;
    }
}


// ************************************************************************* //
