/*--------------------------------*- C++ -*----------------------------------*\
| =========                 |                                                 |
| \\      /  F ield         | OpenFOAM: The Open Source CFD Toolbox           |
|  \\    /   O peration     | Version:  5.x                                   |
|   \\  /    A nd           | Web:      www.OpenFOAM.org                      |
|    \\/     M anipulation  |                                                 |
\*---------------------------------------------------------------------------*/
FoamFile
{
    version     2.0;
    format      ascii;
    class       volScalarField;
    location    "1.7";
    object      gradTx;
}
// * * * * * * * * * * * * * * * * * * * * * * * * * * * * * * * * * * * * * //

dimensions      [0 -1 0 1 0 0 0];

internalField   nonuniform List<scalar> 
6300
(
-51.3314
-51.2913
-51.2109
-51.09
-50.9282
-50.7252
-50.4807
-50.1946
-49.8673
-49.4992
-49.0915
-48.6458
-48.1643
-47.6494
-47.1037
-51.371
-51.331
-51.2509
-51.1303
-50.9688
-50.7661
-50.5217
-50.2355
-49.9075
-49.5383
-49.129
-48.6812
-48.1973
-47.6798
-47.1317
-51.4501
-51.4104
-51.3308
-51.211
-51.0503
-50.8482
-50.6041
-50.3176
-49.9884
-49.6171
-49.2045
-48.7524
-48.2634
-47.7405
-47.1875
-51.5682
-51.529
-51.4504
-51.3319
-51.1726
-50.9718
-50.7284
-50.4417
-50.1111
-49.7366
-49.319
-48.8601
-48.3627
-47.831
-47.2696
-51.725
-51.6866
-51.6095
-51.493
-51.336
-51.1373
-50.8955
-50.6092
-50.2772
-49.8988
-49.4744
-49.0057
-48.4961
-47.9508
-47.3763
-51.9196
-51.8823
-51.8074
-51.6939
-51.5405
-51.3454
-51.1066
-50.8219
-50.4891
-50.1065
-49.6737
-49.1918
-48.6648
-48.0992
-47.5047
-52.1508
-52.1152
-52.0434
-51.9342
-51.7861
-51.5967
-51.3631
-51.0821
-50.7501
-50.364
-49.9215
-49.4227
-48.8714
-48.2762
-47.651
-52.4171
-52.3836
-52.316
-52.213
-52.0724
-51.8915
-51.6665
-51.3927
-51.0649
-50.6773
-50.2251
-49.7057
-49.1216
-48.483
-47.8098
-52.7163
-52.6856
-52.6235
-52.5286
-52.3985
-52.2299
-52.018
-51.7569
-51.4389
-51.0549
-50.5955
-50.053
-49.4258
-48.7239
-47.9751
-53.0455
-53.0183
-52.9633
-52.8789
-52.7626
-52.6109
-52.4183
-52.1775
-51.8782
-51.5073
-51.0484
-50.4847
-49.8042
-49.0113
-48.1418
-53.4013
-53.3783
-53.3318
-53.2603
-53.1616
-53.0321
-52.8663
-52.6559
-52.3888
-52.0471
-51.6057
-51.0327
-50.2947
-49.3749
-48.31
-53.7793
-53.7612
-53.7246
-53.6683
-53.5908
-53.489
-53.3581
-53.1906
-52.9735
-52.6861
-52.2942
-51.7453
-50.9662
-49.8831
-48.4964
-54.1748
-54.162
-54.1363
-54.0971
-54.0436
-53.9742
-53.8862
-53.7741
-53.6281
-53.4289
-53.1392
-52.6873
-51.9412
-50.6943
-48.7661
-54.5824
-54.5751
-54.5607
-54.5394
-54.5116
-54.4776
-54.4377
-54.3912
-54.3353
-54.2616
-54.1459
-53.9226
-53.4163
-52.1863
-49.3547
-54.9965
-54.9946
-54.9913
-54.9876
-54.9851
-54.9863
-54.9951
-55.0169
-55.0599
-55.1357
-55.2595
-55.4399
-55.6144
-55.2793
-51.4196
-46.5793
-46.0822
-45.5671
-45.0343
-44.4838
-43.9151
-43.3275
-42.7207
-42.0943
-41.4486
-40.7843
-40.1031
-39.4068
-38.698
-37.9798
-37.2553
-36.5277
-35.8007
-35.0775
-34.3617
-33.6565
-32.9654
-32.2914
-31.6374
-31.0063
-30.4002
-29.8213
-29.2713
-28.7514
-28.2628
-27.806
-27.3815
-26.9895
-26.6298
-26.3023
-26.0066
-25.7424
-25.5091
-25.3064
-25.1337
-24.9907
-24.8769
-24.7919
-24.7355
-24.7075
-24.7079
-24.737
-24.795
-24.8826
-25.0003
-25.1486
-25.3282
-25.5393
-25.7822
-26.0568
-26.3629
-26.7
-27.0672
-27.4637
-27.8882
-28.3393
-28.8156
-29.3156
-29.8376
-30.3801
-30.9414
-31.52
-32.1142
-32.7223
-33.3426
-33.9735
-34.6133
-35.2605
-35.9134
-36.5709
-37.2313
-37.8933
-38.5556
-39.2167
-39.8755
-40.5305
-41.1807
-41.8249
-42.4619
-43.0906
-43.7094
-44.3168
-44.9109
-45.4894
-46.05
-46.6057
-46.1076
-45.5922
-45.0597
-44.5098
-43.9419
-43.3552
-42.7487
-42.122
-41.4751
-40.8089
-40.1247
-39.4247
-38.7118
-37.989
-37.2597
-36.5273
-35.7953
-35.0672
-34.3465
-33.6367
-32.941
-32.2628
-31.605
-30.9705
-30.3615
-29.7803
-29.2283
-28.707
-28.2174
-27.76
-27.3354
-26.9434
-26.5841
-26.2571
-25.962
-25.6984
-25.4658
-25.2637
-25.0917
-24.9494
-24.8361
-24.7516
-24.6954
-24.6673
-24.6674
-24.6959
-24.7532
-24.8399
-24.9568
-25.1044
-25.2834
-25.4942
-25.7371
-26.0121
-26.3189
-26.6571
-27.0257
-27.4239
-27.8503
-28.3036
-28.7821
-29.2843
-29.8085
-30.3533
-30.9169
-31.4978
-32.0944
-32.7049
-33.3276
-33.9608
-34.6029
-35.2521
-35.9072
-36.5665
-37.2289
-37.8929
-38.557
-39.2201
-39.8806
-40.5373
-41.1891
-41.8349
-42.4736
-43.1043
-43.7255
-44.3356
-44.9327
-45.5146
-46.0787
-46.6578
-46.1577
-45.6416
-45.1097
-44.5615
-43.9958
-43.411
-42.8057
-42.1786
-41.5296
-40.8591
-40.1689
-39.4614
-38.7398
-38.0077
-37.2686
-36.5263
-35.7844
-35.0465
-34.316
-33.5966
-32.8918
-32.2051
-31.5396
-30.8982
-30.2835
-29.6974
-29.1416
-28.6175
-28.126
-27.6676
-27.2426
-26.851
-26.4925
-26.1666
-25.8727
-25.6104
-25.3792
-25.1784
-25.0078
-24.8667
-24.7547
-24.671
-24.6153
-24.5873
-24.5868
-24.6141
-24.6698
-24.7547
-24.8696
-25.0156
-25.1934
-25.4036
-25.6466
-25.9223
-26.2305
-26.5708
-26.9423
-27.344
-27.7744
-28.2319
-28.7149
-29.2216
-29.7504
-30.2997
-30.8679
-31.4535
-32.0549
-32.6702
-33.2978
-33.9356
-34.5821
-35.2356
-35.8947
-36.558
-37.2242
-37.8921
-38.5601
-39.2269
-39.8909
-40.5509
-41.2058
-41.8546
-42.4967
-43.1312
-43.757
-44.3726
-44.976
-45.5649
-46.1363
-46.7338
-46.2304
-45.7133
-45.183
-44.6382
-44.0769
-43.4963
-42.8937
-42.2669
-41.6148
-40.9379
-40.2381
-39.5185
-38.7832
-38.0364
-37.2824
-36.525
-35.7681
-35.0152
-34.2699
-33.5359
-32.817
-32.1172
-31.4398
-30.7881
-30.1645
-29.5713
-29.0099
-28.4817
-27.9874
-27.5276
-27.1024
-26.7116
-26.3546
-26.0305
-25.7387
-25.4785
-25.2492
-25.0506
-24.882
-24.7431
-24.633
-24.551
-24.4963
-24.4683
-24.4668
-24.4921
-24.5451
-24.6268
-24.7386
-24.8818
-25.0575
-25.2666
-25.5094
-25.7862
-26.0966
-26.4402
-26.8162
-27.2233
-27.6599
-28.1242
-28.6141
-29.1277
-29.6633
-30.2192
-30.7942
-31.3868
-31.9955
-32.6183
-33.2532
-33.8983
-34.5515
-35.2112
-35.8761
-36.5451
-37.2171
-37.8909
-38.5649
-39.2375
-39.9069
-40.5716
-41.2308
-41.8838
-42.5303
-43.1701
-43.8026
-44.4265
-45.0398
-45.6396
-46.2226
-46.8309
-46.3222
-45.804
-45.2767
-44.7384
-44.1855
-43.6132
-43.0165
-42.3914
-41.7356
-41.0495
-40.3356
-39.5983
-38.8431
-38.0757
-37.3009
-36.5233
-35.7462
-34.9732
-34.2076
-33.4535
-32.7152
-31.9972
-31.3035
-30.6377
-30.0024
-29.3997
-28.831
-28.2974
-27.7996
-27.3383
-26.9134
-26.5242
-26.1697
-25.8487
-25.5599
-25.3025
-25.076
-24.88
-24.7144
-24.5786
-24.4717
-24.3925
-24.3395
-24.3119
-24.309
-24.3312
-24.3797
-24.4562
-24.563
-24.7018
-24.8744
-25.0817
-25.3242
-25.6022
-25.9155
-26.2636
-26.6458
-27.0606
-27.5062
-27.98
-28.4796
-29.0026
-29.5471
-30.1118
-30.6956
-31.2975
-31.9159
-32.549
-33.1944
-33.8493
-34.5116
-35.1794
-35.8518
-36.528
-37.2076
-37.8893
-38.5717
-39.2525
-39.9293
-40.6002
-41.2645
-41.9219
-42.5732
-43.2192
-43.8602
-44.4953
-45.1223
-45.7379
-46.3377
-46.9441
-46.4273
-45.9077
-45.386
-44.8595
-44.3219
-43.765
-43.1801
-42.5598
-41.9002
-41.2012
-40.4668
-39.704
-38.9209
-38.1254
-37.3239
-36.5208
-35.7188
-34.9206
-34.1292
-33.3488
-32.5846
-31.8425
-31.1275
-30.4437
-29.7939
-29.1797
-28.602
-28.0618
-27.5601
-27.0973
-26.6734
-26.2873
-25.9373
-25.621
-25.3366
-25.0828
-24.8593
-24.6664
-24.5044
-24.3731
-24.2712
-24.1967
-24.1472
-24.1205
-24.1157
-24.1331
-24.1745
-24.243
-24.3418
-24.4741
-24.6419
-24.8466
-25.0886
-25.368
-25.6848
-26.0386
-26.429
-26.8544
-27.3123
-27.7993
-28.3119
-28.8469
-29.4024
-29.9773
-30.5714
-31.1845
-31.8156
-32.4625
-33.1219
-33.79
-34.4637
-35.1412
-35.8218
-36.5062
-37.1947
-37.8869
-38.5807
-39.2729
-39.9598
-40.6384
-41.3076
-41.9684
-42.6233
-43.2752
-43.9259
-44.5753
-45.2209
-45.8582
-46.4816
-47.0662
-46.536
-46.014
-45.5021
-44.9961
-44.4859
-43.9571
-43.3943
-42.7848
-42.1213
-41.4037
-40.639
-39.8388
-39.0165
-38.184
-37.3495
-36.5167
-35.6863
-34.8585
-34.0351
-33.2208
-32.4227
-31.649
-30.9068
-30.2013
-29.5347
-28.9074
-28.3196
-27.7716
-27.2648
-26.8007
-26.3794
-25.9992
-25.6568
-25.3481
-25.0698
-24.8202
-24.5993
-24.4091
-24.2511
-24.126
-24.0321
-23.9658
-23.9226
-23.8985
-23.8912
-23.9011
-23.9313
-23.9868
-24.0733
-24.1957
-24.357
-24.5585
-24.7999
-25.0808
-25.4012
-25.7617
-26.1624
-26.6019
-27.0769
-27.5822
-28.1123
-28.6624
-29.2301
-29.8154
-30.4201
-31.0459
-31.6929
-32.3583
-33.037
-33.7228
-34.4108
-35.0985
-35.7867
-36.4783
-37.1765
-37.882
-38.5921
-39.301
-40.002
-40.6897
-41.3625
-42.0231
-42.6774
-43.3324
-43.993
-44.6602
-45.3307
-45.9981
-46.6542
-47.1857
-46.6326
-46.1055
-45.6094
-45.1388
-44.6766
-44.198
-43.6758
-43.0874
-42.4201
-41.6742
-40.8624
-40.0055
-39.1268
-38.2455
-37.3727
-36.5092
-35.6503
-34.7902
-33.9281
-33.0698
-32.2261
-31.4103
-30.6338
-29.9031
-29.2191
-28.579
-27.9801
-27.4224
-26.9088
-26.4431
-26.0268
-25.6573
-25.3283
-25.0322
-24.7625
-24.5166
-24.2961
-24.1058
-23.9511
-23.8345
-23.7538
-23.7023
-23.6713
-23.6529
-23.6425
-23.6405
-23.6522
-23.6867
-23.7539
-23.8618
-24.015
-24.2135
-24.4549
-24.7373
-25.0607
-25.4276
-25.8404
-26.2989
-26.7983
-27.3301
-27.8843
-28.453
-29.033
-29.6262
-30.2387
-30.8771
-31.5439
-32.2353
-32.942
-33.6527
-34.3583
-35.0551
-35.7466
-36.4412
-37.1478
-37.8704
-38.6049
-39.3403
-40.0631
-40.7624
-41.4349
-42.0863
-42.73
-43.381
-44.0502
-44.7398
-45.4445
-46.1538
-46.8555
-47.2854
-46.6913
-46.1521
-45.68
-45.269
-44.891
-44.5015
-44.0525
-43.5035
-42.832
-42.0396
-41.1506
-40.2036
-39.2407
-38.2952
-37.3824
-36.4956
-35.6159
-34.725
-33.8162
-32.8978
-31.9896
-31.1153
-30.2951
-29.5382
-28.8407
-28.1917
-27.5818
-27.0101
-26.4843
-26.0148
-25.6074
-25.2577
-24.9532
-24.6786
-24.4216
-24.1771
-23.9498
-23.7519
-23.5969
-23.4922
-23.4341
-23.4099
-23.4026
-23.3966
-23.3825
-23.3607
-23.3411
-23.3403
-23.3763
-23.4636
-23.6084
-23.8073
-24.0517
-24.3351
-24.6581
-25.0278
-25.4532
-25.9376
-26.4738
-27.046
-27.6357
-28.228
-28.8171
-29.4094
-30.0205
-30.6678
-31.3598
-32.0904
-32.8414
-33.5902
-34.3186
-35.0197
-35.7021
-36.3866
-37.0959
-37.8415
-38.6163
-39.3978
-40.1577
-40.8735
-41.5372
-42.1605
-42.7717
-43.4032
-44.0775
-44.7974
-45.551
-46.32
-47.0861
-47.3396
-46.6708
-46.1019
-45.6621
-45.3517
-45.1215
-44.8909
-44.5731
-44.0959
-43.4181
-42.5442
-41.5222
-40.4248
-39.3296
-38.2981
-37.3546
-36.472
-35.598
-34.6858
-33.7182
-32.7117
-31.7045
-30.743
-29.8657
-29.0881
-28.3931
-27.7483
-27.1288
-26.5323
-25.9791
-25.4977
-25.1054
-24.7934
-24.5355
-24.3005
-24.0633
-23.8136
-23.562
-23.337
-23.1711
-23.0833
-23.0662
-23.0939
-23.1329
-23.1527
-23.1344
-23.0783
-23.0037
-22.9414
-22.9255
-22.9832
-23.1247
-23.3361
-23.5929
-23.8768
-24.1887
-24.5484
-24.9817
-25.5024
-26.0978
-26.7372
-27.3839
-28.008
-28.5973
-29.1658
-29.7507
-30.3943
-31.1204
-31.9163
-32.7441
-33.5573
-34.3182
-35.0112
-35.6546
-36.2966
-36.9916
-37.7707
-38.6181
-39.4859
-40.3157
-41.0594
-41.6973
-42.2519
-42.7837
-43.3636
-44.0385
-44.8061
-45.6349
-46.4898
-47.3462
-47.311
-46.5059
-45.8654
-45.4571
-45.3187
-45.3523
-45.4054
-45.3233
-44.9772
-44.2866
-43.2619
-42.0026
-40.6428
-39.3266
-38.1745
-37.239
-36.4364
-35.6352
-34.7266
-33.6766
-32.5268
-31.3541
-30.2496
-29.2929
-28.5197
-27.8735
-27.2691
-26.6434
-25.9925
-25.3712
-24.8531
-24.4884
-24.252
-24.0855
-23.9261
-23.7237
-23.4534
-23.1364
-22.8379
-22.6336
-22.5732
-22.6348
-22.7624
-22.8914
-22.9644
-22.9417
-22.8235
-22.6495
-22.4768
-22.3693
-22.3829
-22.5411
-22.8003
-23.0957
-23.3789
-23.6513
-23.9637
-24.385
-24.96
-25.6593
-26.4185
-27.1651
-27.8387
-28.4078
-28.8991
-29.397
-30.0024
-30.7808
-31.6968
-32.6678
-33.6002
-34.4159
-35.0741
-35.6094
-36.1302
-36.7661
-37.6013
-38.5905
-39.6287
-40.5972
-41.3975
-41.9768
-42.3758
-42.726
-43.1865
-43.8656
-44.7263
-45.6805
-46.6571
-47.634
-47.1406
-46.1035
-45.294
-44.8631
-45.0375
-45.5543
-46.1145
-46.4531
-46.3544
-45.6359
-44.3175
-42.6275
-40.7983
-39.0875
-37.739
-36.9324
-36.399
-35.8273
-34.9715
-33.7789
-32.3751
-30.9058
-29.5439
-28.4564
-27.7688
-27.2942
-26.8211
-26.1949
-25.4108
-24.6151
-23.9882
-23.6871
-23.6108
-23.626
-23.6144
-23.4826
-23.1614
-22.6852
-22.2039
-21.8898
-21.8884
-22.1093
-22.4297
-22.7318
-22.9147
-22.8873
-22.6501
-22.2942
-21.9192
-21.6398
-21.575
-21.813
-22.2135
-22.6168
-22.8974
-23.0568
-23.2232
-23.5675
-24.2394
-25.1354
-26.1188
-27.0518
-27.8207
-28.3308
-28.6235
-28.8889
-29.3618
-30.2434
-31.3985
-32.6477
-33.8111
-34.7407
-35.3142
-35.5851
-35.7981
-36.254
-37.2098
-38.4924
-39.8717
-41.1209
-42.0533
-42.5159
-42.5695
-42.5092
-42.6942
-43.4306
-44.511
-45.6934
-46.8232
-47.9291
-46.6981
-45.3731
-44.1774
-43.3979
-44.2632
-45.6941
-47.1427
-48.2123
-48.6244
-47.849
-45.908
-43.453
-40.7832
-38.3267
-36.5232
-36.2325
-36.4167
-36.4289
-35.7016
-34.1856
-32.3179
-30.3033
-28.4432
-27.0445
-26.7116
-26.7131
-26.5942
-25.9739
-24.8466
-23.6164
-22.6546
-22.5628
-22.8382
-23.2059
-23.4763
-23.5149
-23.0934
-22.2419
-21.3297
-20.6962
-20.8841
-21.4412
-22.1242
-22.7446
-23.1684
-23.1362
-22.6481
-21.9672
-21.2244
-20.602
-20.3319
-20.8514
-21.6232
-22.3152
-22.5911
-22.4531
-22.2269
-22.2787
-23.1967
-24.4863
-25.892
-27.1754
-28.176
-28.5671
-28.3879
-28.0823
-28.1331
-29.3122
-30.9651
-32.7514
-34.3591
-35.5782
-35.9902
-35.6443
-35.1162
-35.0217
-36.3479
-38.2547
-40.302
-42.1004
-43.3855
-43.6434
-42.9267
-41.9389
-41.4071
-42.5001
-44.1484
-45.7814
-47.0229
-48.108
-45.4662
-44.4566
-42.4608
-39.5635
-42.6739
-45.8079
-48.7167
-50.918
-52.604
-51.7407
-48.2387
-44.5877
-40.461
-36.6258
-33.1292
-34.849
-36.6823
-38.0957
-37.5676
-35.0992
-32.4727
-29.4788
-26.6784
-24.0985
-25.1733
-26.306
-27.0898
-26.4837
-24.431
-22.2317
-20.069
-20.9104
-21.9336
-22.9265
-23.6729
-24.2104
-23.6456
-21.8866
-20.0552
-18.3208
-19.349
-20.5928
-21.9096
-23.0415
-24.0799
-24.0424
-22.9249
-21.7301
-20.3574
-19.0578
-17.9527
-19.5273
-21.1487
-22.6137
-22.8815
-21.9773
-20.8308
-19.7437
-21.6193
-23.6709
-25.8419
-27.7072
-29.4094
-29.6256
-28.3347
-26.7629
-25.2803
-27.6993
-30.34
-33.1128
-35.4668
-37.5783
-37.7577
-35.966
-33.8101
-31.7438
-34.6497
-37.8145
-41.0907
-43.8188
-46.1966
-46.1741
-43.6738
-40.7115
-37.78
-40.7691
-43.8071
-46.4323
-47.447
-47.506
-40.5185
-44.9589
-42.0423
-27.0778
-41.0506
-46.2456
-51.3091
-54.3657
-60.2545
-59.4319
-50.7841
-46.4073
-39.719
-34.4376
-22.2235
-33.3021
-37.5529
-42.5585
-42.2282
-36.2407
-33.1568
-28.3759
-24.5965
-15.8899
-23.5522
-26.4016
-29.5876
-29.0771
-24.2271
-20.795
-13.158
-18.9968
-21.0733
-23.0027
-24.1711
-26.4942
-25.9184
-21.6363
-18.6417
-11.9678
-17.5043
-19.6403
-21.962
-23.4742
-26.5416
-26.5049
-23.3138
-21.7501
-19.3859
-17.2344
-11.7154
-18.1366
-20.9001
-24.637
-24.8607
-21.8511
-19.35
-12.9428
-19.7893
-22.684
-26.2329
-28.4744
-32.7834
-32.8547
-28.6867
-25.3156
-16.8094
-25.7674
-29.5251
-34.0774
-36.9241
-42.3611
-42.3636
-36.8123
-32.3752
-21.3057
-32.5787
-37.2136
-42.6685
-46.0412
-52.4636
-52.2726
-45.0858
-39.4393
-25.6269
-38.9674
-44.0594
-49.4017
-49.2471
-42.5691
-46.6418
-47.2567
-47.8344
-48.3714
-48.8651
-49.3135
-49.7154
-50.0705
-50.3788
-50.6409
-50.8575
-51.0295
-51.1576
-51.2427
-51.285
-46.6744
-47.2933
-47.8744
-48.4141
-48.9097
-49.3592
-49.7615
-50.1165
-50.4243
-50.6856
-50.9014
-51.0725
-51.2
-51.2845
-51.3266
-46.74
-47.367
-47.9551
-48.5003
-48.9996
-49.4512
-49.8543
-50.2089
-50.5155
-50.7752
-50.9891
-51.1585
-51.2845
-51.3679
-51.4095
-46.839
-47.4789
-48.078
-48.6316
-49.1365
-49.5911
-49.9949
-50.3484
-50.6528
-50.9096
-51.1205
-51.2871
-51.4107
-51.4925
-51.5332
-46.9726
-47.6311
-48.2457
-48.8108
-49.3231
-49.7811
-50.185
-50.5363
-50.8369
-51.0892
-51.2955
-51.4578
-51.578
-51.6573
-51.6968
-47.1423
-47.8266
-48.4622
-49.0422
-49.5632
-50.0244
-50.4271
-50.774
-51.0685
-51.314
-51.5136
-51.6699
-51.7852
-51.8612
-51.899
-47.3507
-48.0702
-48.7335
-49.3321
-49.8625
-50.3254
-50.7241
-51.0634
-51.3484
-51.5839
-51.774
-51.9222
-52.031
-52.1026
-52.138
-47.6019
-48.3694
-49.0689
-49.6895
-50.2288
-50.69
-51.0799
-51.4064
-51.6771
-51.8983
-52.0756
-52.2128
-52.3133
-52.3791
-52.4117
-47.9024
-48.7363
-49.4824
-50.1277
-50.6724
-51.1253
-51.4985
-51.8047
-52.0543
-52.256
-52.4162
-52.5395
-52.6294
-52.6881
-52.7171
-48.2629
-49.1901
-49.9962
-50.6656
-51.2069
-51.6394
-51.9838
-52.2589
-52.479
-52.6545
-52.7928
-52.8987
-52.9756
-53.0259
-53.0507
-48.6993
-49.7642
-50.6456
-51.3308
-51.8493
-52.2402
-52.5377
-52.7675
-52.9476
-53.0896
-53.2009
-53.286
-53.3478
-53.3881
-53.4081
-49.2354
-50.5206
-51.4904
-52.1622
-52.6181
-52.933
-53.1579
-53.3251
-53.4538
-53.5549
-53.6344
-53.6956
-53.7404
-53.7699
-53.7845
-49.9094
-51.5918
-52.6326
-53.2095
-53.5277
-53.7144
-53.8347
-53.9205
-53.9869
-54.041
-54.0853
-54.1208
-54.1475
-54.1655
-54.1745
-50.8523
-53.3039
-54.2369
-54.5145
-54.5684
-54.5611
-54.5447
-54.5342
-54.5319
-54.5362
-54.5443
-54.5538
-54.5625
-54.5691
-54.5726
-53.0251
-56.5338
-56.4954
-56.0426
-55.6701
-55.4152
-55.2475
-55.1388
-55.0697
-55.0269
-55.0013
-54.9866
-54.9786
-54.9747
-54.9731
-55.3771
-55.3797
-55.3857
-55.3966
-55.4151
-55.4452
-55.4936
-55.5706
-55.6933
-55.8923
-56.2275
-56.8353
-58.096
-61.3449
-72.3744
-55.7208
-55.727
-55.7404
-55.7628
-55.7974
-55.8493
-55.9266
-56.0417
-56.2157
-56.4848
-56.9174
-57.6502
-58.9712
-61.455
-65.667
-56.0595
-56.0688
-56.0882
-56.1199
-56.1672
-56.2355
-56.3328
-56.4717
-56.6713
-56.9631
-57.3981
-58.056
-59.0388
-60.3645
-61.5223
-56.3913
-56.4029
-56.427
-56.4656
-56.522
-56.6011
-56.7099
-56.8588
-57.0624
-57.3414
-57.7232
-58.2359
-58.8677
-59.3898
-58.5586
-56.7144
-56.7277
-56.7551
-56.7985
-56.8607
-56.9456
-57.0588
-57.2076
-57.4005
-57.6473
-57.9568
-58.3326
-58.7723
-59.3543
-60.9215
-57.0276
-57.042
-57.0717
-57.1179
-57.183
-57.27
-57.3827
-57.5251
-57.7004
-57.909
-58.1441
-58.3844
-58.5773
-58.6343
-58.4844
-57.3301
-57.3453
-57.376
-57.4236
-57.4896
-57.5762
-57.6856
-57.8192
-57.9763
-58.1512
-58.3278
-58.4684
-58.4759
-58.0575
-55.951
-57.6215
-57.6369
-57.6681
-57.716
-57.7816
-57.8663
-57.9712
-58.0963
-58.2389
-58.3911
-58.5363
-58.6444
-58.6695
-58.6526
-59.629
-57.9016
-57.917
-57.9481
-57.9954
-58.0598
-58.142
-58.2426
-58.3608
-58.4938
-58.6347
-58.7705
-58.8774
-58.8914
-58.5576
-56.3271
-58.1703
-58.1855
-58.2161
-58.2624
-58.3251
-58.4047
-58.5013
-58.6145
-58.7422
-58.8806
-59.0248
-59.1744
-59.354
-59.7793
-61.9984
-58.4277
-58.4425
-58.4724
-58.5175
-58.5783
-58.6551
-58.7482
-58.8575
-58.9821
-59.1212
-59.2753
-59.4501
-59.6448
-59.7549
-58.7058
-58.6741
-58.6885
-58.7175
-58.7612
-58.8199
-58.8939
-58.9836
-59.0892
-59.211
-59.35
-59.5113
-59.7114
-59.9933
-60.5352
-62.4175
-58.9097
-58.9236
-58.9516
-58.9938
-59.0503
-59.1214
-59.2076
-59.3092
-59.4268
-59.562
-59.7203
-59.9155
-60.1602
-60.3842
-59.7214
-59.1349
-59.1483
-59.1753
-59.2158
-59.27
-59.3382
-59.4206
-59.5175
-59.6292
-59.7565
-59.9035
-60.0845
-60.3405
-60.8487
-62.5511
-59.3499
-59.3629
-59.3887
-59.4276
-59.4795
-59.5447
-59.6232
-59.715
-59.8197
-59.936
-60.063
-60.2009
-60.3445
-60.4833
-60.5955
-59.5553
-59.5677
-59.5925
-59.6297
-59.6794
-59.7415
-59.8162
-59.903
-60.0008
-60.1067
-60.215
-60.3128
-60.3508
-60.1359
-58.7274
-59.7512
-59.7631
-59.7869
-59.8225
-59.8699
-59.9293
-60.0004
-60.0828
-60.1752
-60.2742
-60.3741
-60.4656
-60.5315
-60.617
-61.4654
-59.9382
-59.9495
-59.9723
-60.0064
-60.0518
-60.1085
-60.1764
-60.2552
-60.3438
-60.4396
-60.5391
-60.6356
-60.6976
-60.5677
-59.2277
-60.1164
-60.1273
-60.1491
-60.1817
-60.2252
-60.2794
-60.3445
-60.4202
-60.506
-60.601
-60.706
-60.8289
-60.9959
-61.3583
-62.9141
-60.2862
-60.2966
-60.3176
-60.3489
-60.3905
-60.4425
-60.5049
-60.5777
-60.6607
-60.7539
-60.8605
-60.991
-61.1572
-61.3196
-60.8463
-60.4479
-60.458
-60.4781
-60.5081
-60.5481
-60.598
-60.6578
-60.7275
-60.8069
-60.8961
-60.9984
-61.1276
-61.32
-61.7218
-63.062
-60.6018
-60.6115
-60.6309
-60.6598
-60.6982
-60.7461
-60.8034
-60.87
-60.945
-61.0275
-61.1176
-61.2195
-61.3363
-61.472
-61.6165
-60.7482
-60.7575
-60.7762
-60.8041
-60.8412
-60.8873
-60.9424
-61.0059
-61.0766
-61.152
-61.2287
-61.3006
-61.3383
-61.2155
-60.2817
-60.8872
-60.8962
-60.9143
-60.9414
-60.9773
-61.0219
-61.0751
-61.1362
-61.2036
-61.2741
-61.343
-61.4048
-61.4504
-61.5217
-62.1531
-61.019
-61.0278
-61.0454
-61.0717
-61.1067
-61.1502
-61.202
-61.2616
-61.3272
-61.3957
-61.4621
-61.5196
-61.5434
-61.4386
-60.6293
-61.1439
-61.1525
-61.1697
-61.1954
-61.2296
-61.2722
-61.3232
-61.382
-61.4475
-61.517
-61.5875
-61.6572
-61.7245
-61.8441
-62.5643
-61.2619
-61.2703
-61.2872
-61.3124
-61.346
-61.3881
-61.4385
-61.4973
-61.5636
-61.6361
-61.7135
-61.7958
-61.868
-61.8321
-60.9999
-61.3731
-61.3814
-61.398
-61.4229
-61.456
-61.4976
-61.5478
-61.6067
-61.6742
-61.75
-61.836
-61.9408
-62.0851
-62.3728
-63.4678
-61.4777
-61.4859
-61.5023
-61.5268
-61.5595
-61.6007
-61.6506
-61.7095
-61.7775
-61.8552
-61.9455
-62.0578
-62.2014
-62.3523
-62.1075
-61.5758
-61.5838
-61.6
-61.6242
-61.6566
-61.6974
-61.7468
-61.8053
-61.8729
-61.95
-62.0396
-62.1523
-62.3114
-62.6061
-63.4847
-61.6673
-61.6753
-61.6913
-61.7152
-61.7473
-61.7876
-61.8364
-61.894
-61.9602
-62.0345
-62.1177
-62.2141
-62.3258
-62.4541
-62.5863
-61.7524
-61.7603
-61.7761
-61.7998
-61.8315
-61.8714
-61.9196
-61.9761
-62.0405
-62.1112
-62.1865
-62.2645
-62.3274
-62.2988
-61.7907
-61.8312
-61.839
-61.8546
-61.8781
-61.9095
-61.9489
-61.9965
-62.0522
-62.115
-62.183
-62.2535
-62.3248
-62.3913
-62.4759
-62.8826
-61.9035
-61.9113
-61.9268
-61.9502
-61.9813
-62.0204
-62.0676
-62.1226
-62.1846
-62.2512
-62.3198
-62.3878
-62.4413
-62.4287
-62.039
-61.9696
-61.9773
-61.9928
-62.016
-62.0469
-62.0858
-62.1328
-62.1876
-62.2494
-62.3164
-62.3866
-62.4601
-62.536
-62.6431
-63.0704
-62.0294
-62.0371
-62.0525
-62.0756
-62.1064
-62.1452
-62.1921
-62.247
-62.3094
-62.3777
-62.451
-62.5302
-62.6075
-62.6346
-62.2752
-62.0829
-62.0906
-62.1059
-62.129
-62.1598
-62.1985
-62.2455
-62.3006
-62.3637
-62.4338
-62.5112
-62.6011
-62.7125
-62.894
-63.4622
-62.1302
-62.1378
-62.1532
-62.1762
-62.207
-62.2457
-62.2927
-62.3482
-62.4117
-62.483
-62.5628
-62.6564
-62.7673
-62.8845
-62.8346
-62.1712
-62.1789
-62.1942
-62.2172
-62.248
-62.2868
-62.3338
-62.3893
-62.4531
-62.5246
-62.6046
-62.6991
-62.8165
-62.9904
-63.3973
-62.206
-62.2136
-62.229
-62.252
-62.2828
-62.3216
-62.3686
-62.4241
-62.4876
-62.5584
-62.6365
-62.7253
-62.825
-62.9341
-63.0403
-62.2345
-62.2422
-62.2575
-62.2806
-62.3114
-62.3502
-62.3972
-62.4525
-62.5156
-62.5854
-62.6609
-62.7433
-62.8257
-62.8793
-62.7685
-62.2567
-62.2644
-62.2798
-62.3029
-62.3338
-62.3727
-62.4197
-62.4749
-62.5377
-62.6065
-62.6804
-62.7607
-62.8449
-62.9381
-63.1273
-62.2727
-62.2804
-62.2959
-62.3191
-62.3501
-62.3891
-62.4362
-62.4914
-62.554
-62.6224
-62.6956
-62.7748
-62.8565
-62.9298
-62.933
-62.2823
-62.2901
-62.3056
-62.329
-62.3602
-62.3993
-62.4467
-62.502
-62.5648
-62.6333
-62.7065
-62.7865
-62.8725
-62.9697
-63.1237
-62.2856
-62.2934
-62.3091
-62.3326
-62.364
-62.4035
-62.4511
-62.5069
-62.5701
-62.6391
-62.7128
-62.7934
-62.8793
-62.9698
-63.0615
-62.2825
-62.2904
-62.3062
-62.3299
-62.3617
-62.4015
-62.4496
-62.506
-62.5699
-62.6397
-62.7145
-62.7958
-62.8816
-62.9685
-63.0439
-62.273
-62.2809
-62.2969
-62.3209
-62.353
-62.3933
-62.442
-62.4992
-62.5641
-62.6352
-62.7115
-62.7945
-62.8816
-62.9747
-63.1209
-62.2569
-62.265
-62.2812
-62.3054
-62.3379
-62.3787
-62.4282
-62.4863
-62.5524
-62.6253
-62.704
-62.7895
-62.8762
-62.9436
-62.9048
-62.2343
-62.2425
-62.2588
-62.2834
-62.3163
-62.3578
-62.408
-62.4671
-62.5347
-62.6097
-62.6917
-62.7832
-62.8826
-62.9859
-63.0795
-62.205
-62.2133
-62.2299
-62.2548
-62.2882
-62.3302
-62.3812
-62.4413
-62.5103
-62.5873
-62.6727
-62.7707
-62.8851
-63.0343
-63.3309
-62.1691
-62.1775
-62.1943
-62.2195
-62.2534
-62.296
-62.3477
-62.4088
-62.4789
-62.5574
-62.645
-62.7462
-62.8619
-62.9799
-62.9689
-62.1263
-62.1348
-62.1519
-62.1775
-62.2118
-62.255
-62.3074
-62.3692
-62.4401
-62.5194
-62.6078
-62.7108
-62.8358
-63.0145
-63.442
-62.0766
-62.0853
-62.1026
-62.1286
-62.1634
-62.2072
-62.2602
-62.3226
-62.394
-62.4733
-62.5605
-62.6596
-62.771
-62.8759
-62.7665
-62.02
-62.0288
-62.0463
-62.0727
-62.108
-62.1524
-62.2061
-62.2692
-62.3409
-62.4198
-62.5048
-62.5992
-62.7093
-62.8856
-63.4839
-61.9563
-61.9652
-61.983
-62.0098
-62.0456
-62.0907
-62.1452
-62.2091
-62.2814
-62.3601
-62.4427
-62.5273
-62.6002
-62.6018
-62.1621
-61.8855
-61.8945
-61.9126
-61.9397
-61.9761
-62.0219
-62.0774
-62.1424
-62.216
-62.296
-62.3791
-62.463
-62.5391
-62.624
-63.0133
-61.8075
-61.8166
-61.8349
-61.8625
-61.8994
-61.946
-62.0025
-62.069
-62.1447
-62.2277
-62.3152
-62.4033
-62.4703
-62.4345
-61.9064
-61.7221
-61.7313
-61.7499
-61.7778
-61.8154
-61.8627
-61.9204
-61.9885
-62.0669
-62.1545
-62.2507
-62.3575
-62.4717
-62.5864
-62.6846
-61.6293
-61.6387
-61.6574
-61.6857
-61.7238
-61.7719
-61.8305
-61.9003
-61.9812
-62.0735
-62.1789
-62.3059
-62.4713
-62.7491
-63.543
-61.529
-61.5385
-61.5574
-61.586
-61.6245
-61.6732
-61.7326
-61.8035
-61.8863
-61.9815
-62.0921
-62.227
-62.3915
-62.5528
-62.3188
-61.4212
-61.4307
-61.4498
-61.4787
-61.5174
-61.5665
-61.6264
-61.6978
-61.7811
-61.8769
-61.9885
-62.1267
-62.3126
-62.6305
-63.5897
-61.3058
-61.3154
-61.3346
-61.3636
-61.4025
-61.4518
-61.5119
-61.5832
-61.6658
-61.7596
-61.8663
-61.9927
-62.1406
-62.2624
-61.8391
-61.1827
-61.1923
-61.2116
-61.2407
-61.2798
-61.3291
-61.3891
-61.46
-61.5412
-61.6315
-61.7305
-61.843
-61.9853
-62.2723
-63.5059
-61.052
-61.0616
-61.081
-61.1101
-61.1492
-61.1986
-61.2585
-61.3289
-61.4087
-61.4955
-61.5853
-61.6721
-61.728
-61.6242
-60.5462
-60.9136
-60.9232
-60.9426
-60.9717
-61.0109
-61.0602
-61.1201
-61.1905
-61.27
-61.3556
-61.4421
-61.5219
-61.58
-61.6523
-62.345
-60.7675
-60.7771
-60.7965
-60.8256
-60.8647
-60.9141
-60.9742
-61.045
-61.1255
-61.2133
-61.3034
-61.3862
-61.4208
-61.249
-60.1053
-60.6137
-60.6233
-60.6426
-60.6717
-60.7108
-60.7602
-60.8204
-60.892
-60.9746
-61.0674
-61.1699
-61.2834
-61.4034
-61.5203
-61.6147
-60.4523
-60.4618
-60.4811
-60.51
-60.5489
-60.5982
-60.6585
-60.7306
-60.8151
-60.9131
-61.0286
-61.1753
-61.3868
-61.8065
-63.2017
-60.2832
-60.2927
-60.3118
-60.3406
-60.3792
-60.4281
-60.488
-60.5598
-60.6447
-60.7447
-60.8656
-61.0216
-61.224
-61.4149
-60.8835
-60.1065
-60.116
-60.135
-60.1635
-60.2017
-60.2499
-60.3089
-60.3793
-60.4623
-60.5599
-60.6783
-60.835
-61.0678
-61.5244
-63.094
-59.9224
-59.9318
-59.9506
-59.9788
-60.0165
-60.0639
-60.1214
-60.1894
-60.2683
-60.3588
-60.4643
-60.595
-60.7546
-60.8605
-60.0238
-59.7307
-59.74
-59.7587
-59.7867
-59.8239
-59.8703
-59.9262
-59.9912
-60.0647
-60.1453
-60.2329
-60.3343
-60.4772
-60.8506
-62.7672
-59.5315
-59.5409
-59.5595
-59.5873
-59.6241
-59.6699
-59.7242
-59.7865
-59.8547
-59.9252
-59.9918
-60.044
-60.0383
-59.7686
-57.9207
-59.3249
-59.3343
-59.353
-59.3808
-59.4176
-59.4629
-59.5164
-59.5768
-59.6417
-59.7059
-59.7608
-59.7933
-59.7812
-59.7821
-60.7353
-59.1108
-59.1203
-59.1393
-59.1674
-59.2044
-59.2499
-59.3034
-59.3635
-59.4277
-59.4911
-59.5452
-59.573
-59.5137
-59.1338
-57.2892
-58.8892
-58.8989
-58.9182
-58.9469
-58.9847
-59.031
-59.0853
-59.1466
-59.2128
-59.281
-59.3479
-59.4124
-59.4673
-59.5022
-59.5082
-58.6599
-58.6699
-58.6898
-58.7194
-58.7583
-58.806
-58.8621
-58.9255
-58.9951
-59.0699
-59.1523
-59.2579
-59.4335
-59.89
-61.7431
-58.4226
-58.4331
-58.4538
-58.4846
-58.5251
-58.5749
-58.6333
-58.6995
-58.7724
-58.8515
-58.9408
-59.054
-59.2032
-59.3074
-58.3867
-58.1772
-58.1882
-58.2099
-58.2423
-58.2849
-58.3373
-58.3988
-58.4682
-58.5438
-58.6243
-58.7126
-58.8244
-59.0027
-59.4361
-61.2923
-57.9233
-57.9348
-57.9577
-57.992
-58.0372
-58.0931
-58.1585
-58.2319
-58.3103
-58.3898
-58.4681
-58.5481
-58.6235
-58.5763
-57.2717
-57.6605
-57.6726
-57.6969
-57.7332
-57.7816
-57.8416
-57.9123
-57.9914
-58.0746
-58.1545
-58.2224
-58.2743
-58.328
-58.589
-60.5832
-57.3884
-57.4011
-57.4267
-57.4654
-57.5173
-57.5824
-57.6599
-57.7475
-57.8396
-57.9256
-57.9879
-57.9985
-57.8873
-57.3976
-55.0286
-57.1065
-57.1198
-57.1466
-57.1876
-57.2432
-57.3141
-57.4002
-57.4998
-57.6075
-57.7114
-57.7895
-57.8066
-57.7079
-57.5109
-58.1023
-56.8145
-56.8282
-56.856
-56.8988
-56.9579
-57.0348
-57.1308
-57.2459
-57.3767
-57.5132
-57.6335
-57.6943
-57.5955
-57.0763
-55.1065
-56.5121
-56.5259
-56.554
-56.5979
-56.6596
-56.7418
-56.8477
-56.9803
-57.1406
-57.3245
-57.5188
-57.6923
-57.7738
-57.6486
-57.2448
-56.1993
-56.2127
-56.2403
-56.284
-56.3465
-56.4319
-56.5459
-56.695
-56.8866
-57.127
-57.4186
-57.7534
-58.0942
-58.4139
-59.1136
-55.8764
-55.8888
-55.9147
-55.9562
-56.0168
-56.1019
-56.2192
-56.3795
-56.5973
-56.892
-57.2885
-57.8098
-58.428
-58.9148
-58.3648
-55.544
-55.5548
-55.5774
-55.6144
-55.6696
-55.7491
-55.8624
-56.0234
-56.2531
-56.5847
-57.0718
-57.7984
-58.8516
-60.1352
-60.3587
-55.2032
-55.2116
-55.2295
-55.2592
-55.3048
-55.3725
-55.4722
-55.6189
-55.837
-56.1677
-56.689
-57.5595
-59.114
-62.0913
-67.8392
-54.8559
-54.8611
-54.8725
-54.8923
-54.924
-54.9733
-55.0489
-55.1643
-55.3412
-55.6168
-56.0638
-56.8449
-58.3871
-62.1228
-74.0005
-74.7187
-62.7455
-58.9439
-57.3691
-56.5722
-56.1166
-55.8361
-55.656
-55.538
-55.4604
-55.4094
-55.3763
-55.3555
-55.3434
-55.3378
-68.9467
-62.7172
-59.6219
-58.0346
-57.1552
-56.6314
-56.3003
-56.0823
-55.9355
-55.8355
-55.7674
-55.7214
-55.6914
-55.6733
-55.6648
-60.4991
-60.5116
-59.2514
-58.2083
-57.4911
-57.011
-56.6847
-56.4586
-56.3
-56.1882
-56.1095
-56.0549
-56.0183
-55.9958
-55.9851
-59.0644
-59.1891
-58.7287
-58.1552
-57.6624
-57.2825
-56.9982
-56.7874
-56.6317
-56.5174
-56.4344
-56.3751
-56.3346
-56.3093
-56.2971
-57.5531
-58.2724
-58.283
-58.046
-57.755
-57.4861
-57.2596
-57.0771
-56.9342
-56.8246
-56.7421
-56.6818
-56.6396
-56.6129
-56.5999
-57.7301
-57.847
-58.0082
-57.9737
-57.8324
-57.6587
-57.489
-57.3387
-57.2133
-57.1125
-57.034
-56.9751
-56.933
-56.9061
-56.8929
-55.659
-57.3901
-57.8678
-57.9754
-57.932
-57.8272
-57.7035
-57.5825
-57.4749
-57.3845
-57.3119
-57.2559
-57.2153
-57.1889
-57.1759
-58.3658
-57.8029
-57.983
-58.0817
-58.0742
-58.0075
-57.9146
-57.8162
-57.7241
-57.6439
-57.5775
-57.5253
-57.4869
-57.4616
-57.4491
-55.5047
-57.6989
-58.1534
-58.2612
-58.2574
-58.2044
-58.1282
-58.045
-57.9647
-57.8932
-57.8328
-57.7845
-57.7485
-57.7246
-57.7127
-60.6487
-58.8022
-58.5633
-58.5177
-58.4747
-58.416
-58.3454
-58.2708
-58.199
-58.1343
-58.0791
-58.0345
-58.0009
-57.9784
-57.9672
-57.5682
-58.7884
-58.8374
-58.7721
-58.7027
-58.6342
-58.564
-58.494
-58.4278
-58.3684
-58.3175
-58.276
-58.2446
-58.2236
-58.2131
-61.3078
-59.5871
-59.1895
-59.0289
-58.9299
-58.8521
-58.7811
-58.7139
-58.6517
-58.5962
-58.5487
-58.5099
-58.4804
-58.4606
-58.4507
-58.5974
-59.466
-59.3757
-59.2424
-59.1423
-59.0637
-58.994
-58.9295
-58.8705
-58.818
-58.7732
-58.7366
-58.7087
-58.6899
-58.6805
-61.7354
-60.0099
-59.5903
-59.4324
-59.3397
-59.2674
-59.202
-59.1406
-59.0842
-59.0342
-58.9914
-58.9564
-58.9298
-58.9118
-58.9028
-59.6432
-59.6462
-59.6215
-59.5768
-59.5226
-59.4649
-59.4057
-59.3475
-59.2933
-59.2449
-59.2035
-59.1697
-59.144
-59.1267
-59.118
-57.5605
-59.3008
-59.6651
-59.7275
-59.7076
-59.662
-59.6072
-59.5509
-59.4978
-59.4503
-59.4097
-59.3767
-59.3515
-59.3346
-59.3261
-60.7974
-59.9102
-59.9169
-59.9349
-59.9103
-59.8639
-59.8083
-59.7514
-59.6979
-59.6505
-59.6101
-59.5773
-59.5525
-59.5358
-59.5275
-58.1457
-59.8978
-60.1595
-60.1713
-60.1281
-60.0705
-60.0089
-59.9487
-59.8936
-59.8453
-59.8045
-59.7717
-59.747
-59.7304
-59.7221
-62.7214
-60.9197
-60.5742
-60.4455
-60.3557
-60.2782
-60.207
-60.1418
-60.084
-60.0343
-59.9929
-59.9598
-59.9349
-59.9182
-59.9099
-60.1276
-60.9294
-60.8367
-60.6922
-60.5746
-60.48
-60.3994
-60.3291
-60.2684
-60.2172
-60.1749
-60.1413
-60.1161
-60.0994
-60.0911
-63.0401
-61.5595
-61.1338
-60.9197
-60.7773
-60.6705
-60.5831
-60.5089
-60.4459
-60.3933
-60.3502
-60.3161
-60.2907
-60.2739
-60.2655
-60.9415
-61.4563
-61.2825
-61.0969
-60.9551
-60.8459
-60.7562
-60.6802
-60.6159
-60.5623
-60.5186
-60.4841
-60.4585
-60.4415
-60.4331
-63.1532
-61.8304
-61.4378
-61.2433
-61.1102
-61.0061
-60.9182
-60.8425
-60.778
-60.724
-60.6799
-60.6452
-60.6194
-60.6023
-60.5938
-61.6396
-61.5576
-61.454
-61.3466
-61.2451
-61.1533
-61.0703
-60.9964
-60.9323
-60.8784
-60.8342
-60.7993
-60.7734
-60.7562
-60.7477
-60.195
-61.299
-61.4713
-61.4454
-61.373
-61.2928
-61.2146
-61.1426
-61.0792
-61.0254
-60.9813
-60.9464
-60.9204
-60.9032
-60.8947
-62.343
-61.6865
-61.6248
-61.5761
-61.5062
-61.4294
-61.3531
-61.282
-61.219
-61.1654
-61.1213
-61.0864
-61.0605
-61.0433
-61.0347
-60.6116
-61.6601
-61.7678
-61.7209
-61.6442
-61.5639
-61.4864
-61.4149
-61.3519
-61.2984
-61.2543
-61.2195
-61.1936
-61.1764
-61.1679
-63.47
-62.2863
-62.0165
-61.8861
-61.7843
-61.695
-61.614
-61.5413
-61.4778
-61.4242
-61.3802
-61.3455
-61.3197
-61.3026
-61.2941
-61.8564
-62.277
-62.167
-62.0309
-61.9156
-61.8188
-61.7344
-61.6603
-61.5965
-61.5429
-61.4991
-61.4645
-61.4389
-61.4219
-61.4135
-63.5604
-62.6354
-62.3341
-62.1607
-62.0338
-61.9324
-61.8461
-61.7715
-61.7077
-61.6543
-61.6108
-61.5766
-61.5512
-61.5344
-61.526
-62.3212
-62.5599
-62.4107
-62.2579
-62.1343
-62.0338
-61.9482
-61.8743
-61.8112
-61.7585
-61.7155
-61.6817
-61.6566
-61.64
-61.6317
-63.5253
-62.7528
-62.4884
-62.3344
-62.2185
-62.1232
-62.0408
-61.9688
-61.9071
-61.8554
-61.8131
-61.7799
-61.7552
-61.7389
-61.7308
-62.6807
-62.5921
-62.4878
-62.3841
-62.2881
-62.2021
-62.1245
-62.0555
-61.9956
-61.9452
-61.9039
-61.8713
-61.8472
-61.8311
-61.8232
-61.9097
-62.4414
-62.4854
-62.428
-62.3506
-62.2735
-62.201
-62.135
-62.0771
-62.0282
-61.988
-61.9562
-61.9325
-61.9169
-61.9091
-63.0087
-62.6285
-62.5519
-62.4854
-62.4125
-62.3403
-62.2713
-62.208
-62.1521
-62.1046
-62.0655
-62.0346
-62.0115
-61.9962
-61.9886
-62.1565
-62.6038
-62.6099
-62.5469
-62.4739
-62.4032
-62.3363
-62.275
-62.2209
-62.1748
-62.1368
-62.1066
-62.0842
-62.0693
-62.0618
-63.4842
-62.8849
-62.7143
-62.6148
-62.5335
-62.4618
-62.396
-62.3362
-62.2836
-62.2389
-62.2019
-62.1726
-62.1507
-62.1362
-62.1289
-62.7614
-62.8673
-62.7679
-62.6696
-62.5863
-62.5146
-62.45
-62.3917
-62.3406
-62.297
-62.2611
-62.2326
-62.2113
-62.1971
-62.1901
-63.4532
-62.9914
-62.8193
-62.7135
-62.631
-62.561
-62.4982
-62.4415
-62.3918
-62.3494
-62.3145
-62.2867
-62.266
-62.2522
-62.2453
-63.0012
-62.9135
-62.8234
-62.7407
-62.6667
-62.6009
-62.5405
-62.4857
-62.4374
-62.3962
-62.3622
-62.3352
-62.3149
-62.3015
-62.2948
-62.6221
-62.8363
-62.8207
-62.7614
-62.6967
-62.6353
-62.5776
-62.5246
-62.4777
-62.4376
-62.4044
-62.3781
-62.3583
-62.3452
-62.3387
-63.1342
-62.9179
-62.8471
-62.7854
-62.7241
-62.6656
-62.61
-62.5586
-62.5129
-62.4737
-62.4413
-62.4155
-62.3963
-62.3834
-62.3771
-62.7801
-62.8977
-62.8655
-62.8088
-62.7493
-62.6923
-62.638
-62.5877
-62.543
-62.5047
-62.4729
-62.4477
-62.4288
-62.4163
-62.41
-63.1876
-62.9807
-62.8995
-62.8338
-62.7725
-62.7156
-62.6619
-62.6123
-62.5683
-62.5306
-62.4994
-62.4747
-62.4561
-62.4438
-62.4377
-62.919
-62.9757
-62.9213
-62.8553
-62.7925
-62.735
-62.6814
-62.6322
-62.5887
-62.5515
-62.5208
-62.4965
-62.4783
-62.4661
-62.4601
-63.2519
-63.0471
-62.9496
-62.8743
-62.8086
-62.7502
-62.6964
-62.6474
-62.6043
-62.5675
-62.5372
-62.5132
-62.4953
-62.4833
-62.4774
-63.1094
-63.0433
-62.9611
-62.8861
-62.8195
-62.7606
-62.7067
-62.6579
-62.615
-62.5786
-62.5486
-62.5249
-62.5072
-62.4954
-62.4896
-63.1511
-63.0497
-62.9662
-62.8915
-62.8249
-62.7658
-62.712
-62.6634
-62.6208
-62.5847
-62.5551
-62.5316
-62.5141
-62.5025
-62.4968
-63.1482
-63.0429
-62.9638
-62.891
-62.8248
-62.766
-62.7123
-62.664
-62.6217
-62.586
-62.5566
-62.5334
-62.5161
-62.5047
-62.499
-63.0175
-63.0172
-62.9555
-62.8854
-62.8196
-62.7609
-62.7075
-62.6595
-62.6176
-62.5823
-62.5532
-62.5303
-62.5132
-62.5019
-62.4963
-63.1109
-63.0333
-62.9517
-62.8763
-62.8093
-62.7506
-62.6976
-62.6501
-62.6087
-62.5737
-62.545
-62.5224
-62.5055
-62.4943
-62.4887
-63.2698
-63.0515
-62.9423
-62.8608
-62.793
-62.7347
-62.6825
-62.6356
-62.5948
-62.5603
-62.532
-62.5096
-62.4929
-62.4819
-62.4764
-62.99
-62.993
-62.9121
-62.8356
-62.7699
-62.7132
-62.6622
-62.6163
-62.5761
-62.5421
-62.5142
-62.4921
-62.4756
-62.4647
-62.4593
-63.3213
-62.9919
-62.8775
-62.8023
-62.7403
-62.6862
-62.6369
-62.5922
-62.5528
-62.5193
-62.4918
-62.4699
-62.4536
-62.4428
-62.4374
-62.6503
-62.8409
-62.8142
-62.7596
-62.7049
-62.6544
-62.6071
-62.5635
-62.5249
-62.492
-62.4648
-62.4431
-62.427
-62.4163
-62.4109
-63.1006
-62.8399
-62.7688
-62.7165
-62.6665
-62.6189
-62.5733
-62.5307
-62.4928
-62.4602
-62.4332
-62.4118
-62.3958
-62.3851
-62.3798
-62.48
-62.7066
-62.7088
-62.6715
-62.6262
-62.5806
-62.536
-62.494
-62.4564
-62.4241
-62.3973
-62.3759
-62.3599
-62.3493
-62.344
-62.9766
-62.7283
-62.6749
-62.6318
-62.5858
-62.5401
-62.4955
-62.4535
-62.416
-62.3837
-62.3569
-62.3356
-62.3196
-62.3089
-62.3036
-62.3024
-62.6139
-62.6323
-62.5936
-62.545
-62.4974
-62.4517
-62.4093
-62.3714
-62.339
-62.3121
-62.2907
-62.2747
-62.264
-62.2587
-62.7773
-62.7023
-62.6281
-62.5618
-62.5034
-62.4518
-62.4044
-62.3611
-62.3228
-62.2901
-62.263
-62.2414
-62.2253
-62.2145
-62.2092
-63.3155
-62.7894
-62.6171
-62.524
-62.4568
-62.4018
-62.3529
-62.3087
-62.2699
-62.2367
-62.2094
-62.1876
-62.1713
-62.1604
-62.155
-62.4652
-62.63
-62.5496
-62.468
-62.4017
-62.3462
-62.2967
-62.2519
-62.2126
-62.179
-62.1513
-62.1292
-62.1127
-62.1016
-62.0962
-63.2761
-62.6401
-62.4815
-62.4008
-62.3387
-62.285
-62.2357
-62.1907
-62.1509
-62.1168
-62.0886
-62.0662
-62.0494
-62.0382
-62.0326
-61.7896
-62.3178
-62.358
-62.3204
-62.2699
-62.2193
-62.1705
-62.1252
-62.0848
-62.0501
-62.0214
-61.9986
-61.9815
-61.9701
-61.9644
-62.6971
-62.3338
-62.287
-62.2486
-62.2008
-62.1508
-62.1016
-62.0555
-62.0143
-61.9789
-61.9496
-61.9263
-61.9088
-61.8971
-61.8913
-61.5491
-62.1293
-62.209
-62.1829
-62.1331
-62.0804
-62.0292
-61.9816
-61.9393
-61.9031
-61.8731
-61.8491
-61.8312
-61.8192
-61.8133
-62.3273
-62.2715
-62.2031
-62.1331
-62.0673
-62.0077
-61.953
-61.9034
-61.8598
-61.8226
-61.7917
-61.7671
-61.7487
-61.7364
-61.7303
-63.1548
-62.4218
-62.197
-62.0801
-61.997
-61.93
-61.8719
-61.8203
-61.7754
-61.7372
-61.7055
-61.6802
-61.6612
-61.6485
-61.6422
-61.9412
-62.2183
-62.1146
-62.0032
-61.9153
-61.845
-61.7848
-61.732
-61.686
-61.6468
-61.6142
-61.5881
-61.5685
-61.5554
-61.5488
-63.1061
-62.2785
-62.0364
-61.9096
-61.8212
-61.7514
-61.6914
-61.6383
-61.5916
-61.5515
-61.5179
-61.4909
-61.4706
-61.4569
-61.45
-61.4819
-61.9312
-61.8767
-61.7891
-61.7139
-61.6498
-61.5921
-61.5394
-61.4922
-61.4512
-61.4165
-61.3885
-61.3672
-61.3529
-61.3457
-62.93
-61.9332
-61.7386
-61.6595
-61.5987
-61.5424
-61.4879
-61.436
-61.3882
-61.346
-61.31
-61.2806
-61.2582
-61.2432
-61.2356
-60.4017
-61.3773
-61.5192
-61.5169
-61.48
-61.4326
-61.3809
-61.329
-61.2801
-61.2361
-61.1983
-61.1672
-61.1435
-61.1275
-61.1194
-61.8843
-61.3996
-61.3989
-61.3978
-61.3686
-61.3243
-61.2727
-61.2193
-61.1681
-61.1216
-61.0813
-61.0481
-61.0227
-61.0055
-60.9968
-60.1293
-61.0851
-61.2776
-61.2977
-61.2676
-61.2199
-61.1646
-61.1074
-61.0524
-61.0024
-60.9589
-60.923
-60.8955
-60.8768
-60.8674
-61.304
-61.3001
-61.2748
-61.2321
-61.1787
-61.1194
-61.0566
-60.9933
-60.9331
-60.8783
-60.8307
-60.7915
-60.7614
-60.741
-60.7307
-62.4907
-61.5294
-61.283
-61.1736
-61.0936
-61.0203
-60.9477
-60.8766
-60.8095
-60.7488
-60.6962
-60.6529
-60.6198
-60.5974
-60.5861
-60.7872
-61.2615
-61.1948
-61.0943
-61.0037
-60.9193
-60.8367
-60.7565
-60.6812
-60.6133
-60.5548
-60.5068
-60.4701
-60.4454
-60.433
-62.3304
-61.3686
-61.1291
-61.0076
-60.9094
-60.816
-60.723
-60.6323
-60.5473
-60.4711
-60.4055
-60.3521
-60.3115
-60.2841
-60.2704
-60.2949
-60.9734
-60.9804
-60.9043
-60.8116
-60.7112
-60.6067
-60.5036
-60.4071
-60.3209
-60.2475
-60.1879
-60.1429
-60.1128
-60.0977
-62.0527
-61.0438
-60.8884
-60.8122
-60.719
-60.608
-60.4884
-60.3697
-60.2593
-60.1617
-60.0793
-60.013
-59.9633
-59.9303
-59.9138
-59.3032
-60.521
-60.7403
-60.7314
-60.6387
-60.5097
-60.3684
-60.2295
-60.1023
-59.9916
-59.8993
-59.8261
-59.7716
-59.7356
-59.7177
-60.9327
-60.6909
-60.7498
-60.7086
-60.5833
-60.419
-60.2456
-60.0807
-59.9336
-59.8083
-59.7058
-59.6255
-59.5665
-59.5277
-59.5086
-59.7251
-60.6514
-60.8278
-60.7438
-60.5547
-60.3336
-60.1159
-59.9189
-59.7493
-59.6089
-59.4963
-59.4096
-59.3467
-59.3057
-59.2855
-60.8953
-61.1321
-61.0857
-60.8518
-60.5484
-60.2447
-59.971
-59.7373
-59.5446
-59.3898
-59.2686
-59.1768
-59.111
-59.0685
-59.0477
-61.9089
-61.809
-61.473
-61.0076
-60.542
-60.1343
-59.7973
-59.5267
-59.3131
-59.1469
-59.0199
-58.9254
-58.8585
-58.8157
-58.7949
-62.6985
-62.6493
-61.9493
-61.1631
-60.4952
-59.9739
-59.5768
-59.276
-59.0483
-58.8765
-58.7482
-58.6544
-58.5887
-58.5471
-58.527
-63.8306
-63.9409
-62.4847
-61.2359
-60.3463
-59.7265
-59.2888
-58.974
-58.7443
-58.5756
-58.4521
-58.3632
-58.3018
-58.2631
-58.2445
-73.2269
-66.3197
-62.8756
-61.0591
-60.0094
-59.352
-58.9149
-58.6123
-58.3975
-58.2429
-58.1316
-58.0525
-57.9984
-57.9647
-57.9484
-79.0935
-66.293
-62.1355
-60.3492
-59.3996
-58.8238
-58.447
-58.1893
-58.0084
-57.8798
-57.7883
-57.724
-57.6805
-57.6535
-57.6406
-54.4689
-54.4699
-54.4727
-54.4789
-54.4911
-54.5136
-54.5525
-54.6166
-54.7189
-54.8781
-55.121
-55.4773
-55.9101
-55.9374
-52.4924
-54.0447
-54.0403
-54.0321
-54.0208
-54.0078
-53.9951
-53.985
-53.9801
-53.9816
-53.9865
-53.9794
-53.9081
-53.6112
-52.6614
-50.1989
-53.6237
-53.6136
-53.5935
-53.5634
-53.5234
-53.4732
-53.4118
-53.3361
-53.2392
-53.1052
-52.9017
-52.5638
-51.964
-50.897
-49.1811
-53.2117
-53.1959
-53.1638
-53.1151
-53.0484
-52.9619
-52.852
-52.7126
-52.5325
-52.2919
-51.9582
-51.4802
-50.7823
-49.7811
-48.4562
-52.8147
-52.7933
-52.7499
-52.6836
-52.5924
-52.4732
-52.3213
-52.1291
-51.8849
-51.5703
-51.1589
-50.6165
-49.903
-48.988
-47.8825
-52.438
-52.4116
-52.3581
-52.2761
-52.1634
-52.0164
-51.8301
-51.597
-51.3064
-50.9436
-50.4897
-49.9232
-49.2244
-48.3842
-47.417
-52.0868
-52.056
-51.9937
-51.8984
-51.7678
-51.5983
-51.3852
-51.1217
-50.7992
-50.4068
-49.9317
-49.3613
-48.6864
-47.9064
-47.0339
-51.7654
-51.7309
-51.6613
-51.5552
-51.4102
-51.2232
-50.9899
-50.7048
-50.3614
-49.9519
-49.468
-48.9029
-48.2529
-47.5203
-46.7156
-51.4775
-51.4401
-51.3646
-51.2498
-51.0937
-50.8934
-50.6455
-50.3457
-49.9892
-49.5705
-49.0849
-48.5288
-47.9012
-47.2058
-46.4507
-51.2261
-51.1864
-51.1064
-50.9849
-50.8203
-50.6104
-50.3522
-50.0427
-49.6783
-49.2555
-48.7717
-48.2253
-47.6169
-46.9502
-46.2319
-51.0136
-50.9721
-50.8887
-50.7622
-50.5915
-50.3747
-50.1095
-49.7937
-49.4249
-49.0009
-48.5204
-47.983
-47.3902
-46.7455
-46.0544
-50.8418
-50.799
-50.713
-50.583
-50.408
-50.1864
-49.9166
-49.5969
-49.2258
-48.8021
-48.3251
-47.7954
-47.2148
-46.5864
-45.9151
-50.7119
-50.6682
-50.5804
-50.4481
-50.2701
-50.0454
-49.7727
-49.4508
-49.0786
-48.6557
-48.1818
-47.6581
-47.0863
-46.4696
-45.8121
-50.6248
-50.5805
-50.4917
-50.3578
-50.1781
-49.9515
-49.6771
-49.354
-48.9815
-48.5593
-48.0877
-47.568
-47.002
-46.3928
-45.7441
-50.5811
-50.5366
-50.4473
-50.3127
-50.1321
-49.9046
-49.6294
-49.3058
-48.9332
-48.5114
-48.0411
-47.5233
-46.9602
-46.3547
-45.7103
-42.0671
-48.3771
-48.4326
-43.1105
-38.0792
-24.9759
-38.3467
-43.761
-50.5676
-50.6506
-44.2498
-40.8701
-35.3989
-30.8487
-19.9691
-29.9942
-33.8002
-38.1681
-37.6214
-31.4776
-27.0217
-16.9374
-24.527
-27.1535
-29.4264
-30.7761
-33.46
-32.5565
-26.8259
-22.8809
-14.2937
-20.5064
-22.6599
-24.5468
-25.7086
-28.0726
-27.4048
-22.779
-19.5594
-12.4378
-18.0638
-20.1786
-22.3733
-23.823
-26.8156
-26.7155
-23.3962
-21.7459
-19.2214
-17.0132
-11.4828
-17.6166
-20.2356
-23.7577
-23.9303
-20.9699
-18.5396
-12.3699
-18.7896
-21.4987
-24.8095
-26.9492
-31.1349
-31.2608
-27.4066
-24.2412
-16.1636
-24.774
-28.4409
-32.9733
-35.8893
-41.5645
-41.7616
-36.632
-32.3711
-21.4551
-32.993
-37.8442
-43.7409
-47.4716
-54.6817
-54.7431
-47.6314
-41.8102
-27.2081
-41.5831
-47.063
-52.7778
-52.538
-45.1319
-46.8081
-46.6213
-45.5251
-42.8653
-39.8136
-36.8048
-39.5639
-42.3447
-44.6522
-44.5556
-42.1157
-39.3387
-36.0154
-32.8056
-29.8044
-31.4262
-33.0801
-34.2728
-33.6157
-31.045
-28.2125
-25.3618
-26.4094
-27.6508
-28.7921
-29.5903
-30.0767
-29.1515
-26.6723
-24.0932
-21.5698
-22.3543
-23.3534
-24.3093
-25.0191
-25.5102
-24.841
-22.9018
-20.887
-18.9574
-19.9063
-21.0801
-22.3111
-23.3662
-24.3272
-24.2097
-22.9973
-21.7084
-20.2316
-18.846
-17.6525
-19.0843
-20.5796
-21.9276
-22.1332
-21.2133
-20.0698
-18.9816
-20.7143
-22.6316
-24.6763
-26.4631
-28.1283
-28.3912
-27.235
-25.804
-24.4606
-26.8572
-29.4924
-32.3005
-34.7473
-37.0201
-37.3928
-35.8445
-33.8958
-32.0318
-35.171
-38.5903
-42.1833
-45.246
-48.0083
-48.2272
-45.843
-42.8824
-39.8974
-43.1908
-46.4835
-49.288
-50.3136
-50.2513
-47.3297
-46.1744
-44.8687
-43.1837
-41.4858
-40.3274
-40.7492
-41.6096
-42.198
-41.8346
-40.4666
-38.5939
-36.4681
-34.4624
-32.9823
-32.8121
-33.0241
-33.0414
-32.366
-30.9894
-29.4299
-28.173
-28.0131
-28.2928
-28.6523
-28.8542
-28.7266
-27.9851
-26.6629
-25.2262
-24.0828
-23.8941
-24.11
-24.427
-24.6454
-24.6196
-24.1068
-23.1346
-22.0925
-21.333
-21.4255
-21.9003
-22.503
-23.0462
-23.3929
-23.2815
-22.7096
-21.9426
-21.1115
-20.4026
-20.0427
-20.4612
-21.1364
-21.7435
-21.9578
-21.7793
-21.5211
-21.5319
-22.3737
-23.5817
-24.9152
-26.1529
-27.1418
-27.566
-27.4597
-27.241
-27.3727
-28.597
-30.2954
-32.1484
-33.8561
-35.2125
-35.7904
-35.6338
-35.2987
-35.404
-36.9458
-39.0862
-41.3896
-43.4529
-44.9974
-45.4597
-44.8846
-43.9898
-43.5455
-44.7992
-46.6069
-48.3595
-49.655
-50.7498
-47.1027
-45.9433
-44.7578
-43.5199
-42.3804
-41.5741
-41.3025
-41.2659
-41.1139
-40.5598
-39.5438
-38.2136
-36.7475
-35.3621
-34.2738
-33.6477
-33.2484
-32.8077
-32.1259
-31.1976
-30.2116
-29.4046
-28.9843
-28.8201
-28.74
-28.5931
-28.2609
-27.6557
-26.819
-25.9373
-25.2218
-24.8519
-24.7215
-24.6876
-24.6241
-24.4313
-24.0348
-23.4692
-22.8917
-22.4826
-22.3953
-22.5371
-22.7817
-23.0099
-23.1192
-23.0174
-22.7037
-22.27
-21.8161
-21.4577
-21.3128
-21.4694
-21.7921
-22.1258
-22.3487
-22.4611
-22.5856
-22.8861
-23.5067
-24.3516
-25.2928
-26.2014
-26.9694
-27.5051
-27.8467
-28.174
-28.712
-29.6547
-30.876
-32.2059
-33.4712
-34.5261
-35.2461
-35.6805
-36.0678
-36.7078
-37.8589
-39.3475
-40.9418
-42.4068
-43.5447
-44.1859
-44.3864
-44.4484
-44.7482
-45.6095
-46.8091
-48.0888
-49.2853
-50.4342
-46.7727
-45.749
-44.7218
-43.7136
-42.7947
-42.0505
-41.5168
-41.0878
-40.6083
-39.95
-39.0733
-38.0286
-36.9106
-35.8337
-34.8999
-34.1564
-33.5327
-32.921
-32.2411
-31.4887
-30.7359
-30.0797
-29.587
-29.2268
-28.9241
-28.5993
-28.1887
-27.6603
-27.0402
-26.4097
-25.8635
-25.4656
-25.1948
-24.9913
-24.7896
-24.537
-24.207
-23.8215
-23.4491
-23.1695
-23.0358
-23.0265
-23.0849
-23.1457
-23.1504
-23.0591
-22.8715
-22.6273
-22.384
-22.2061
-22.1495
-22.2389
-22.4328
-22.6685
-22.8993
-23.126
-23.3974
-23.7799
-24.3173
-24.9833
-25.7178
-26.453
-27.132
-27.7242
-28.2549
-28.8042
-29.4687
-30.3118
-31.3008
-32.3569
-33.3896
-34.3223
-35.1133
-35.7951
-36.4733
-37.2759
-38.2859
-39.4567
-40.68
-41.832
-42.8074
-43.5467
-44.0877
-44.5645
-45.142
-45.9329
-46.8961
-47.9379
-48.9838
-50.0135
-46.4584
-45.5591
-44.6574
-43.7784
-42.9566
-42.223
-41.5801
-40.982
-40.3597
-39.6545
-38.8444
-37.9488
-37.0145
-36.0992
-35.2518
-34.4925
-33.7996
-33.1328
-32.4606
-31.7809
-31.1212
-30.5195
-29.9994
-29.5508
-29.1407
-28.7297
-28.2864
-27.7976
-27.2771
-26.7612
-26.2922
-25.897
-25.5721
-25.2931
-25.0292
-24.7549
-24.46
-24.1561
-23.8736
-23.6473
-23.498
-23.4194
-23.3855
-23.3629
-23.321
-23.2405
-23.1217
-22.9841
-22.8589
-22.7804
-22.7767
-22.8589
-23.0141
-23.2191
-23.4565
-23.7271
-24.0503
-24.4511
-24.9437
-25.517
-26.1425
-26.7862
-27.4201
-28.0325
-28.637
-29.2688
-29.9686
-30.7594
-31.6293
-32.5419
-33.4522
-34.323
-35.1382
-35.9151
-36.6998
-37.5455
-38.4816
-39.4903
-40.521
-41.5115
-42.41
-43.1929
-43.8811
-44.5354
-45.2282
-46.0076
-46.8697
-47.781
-48.7051
-49.6178
-46.1779
-45.3719
-44.5599
-43.7601
-42.991
-42.2646
-41.5783
-40.9106
-40.2301
-39.5097
-38.7383
-37.9244
-37.0909
-36.2669
-35.477
-34.7328
-34.0292
-33.3524
-32.691
-32.0444
-31.4233
-30.8421
-30.3091
-29.8197
-29.3587
-28.9072
-28.45
-27.9813
-27.5077
-27.046
-26.6152
-26.2277
-25.8839
-25.574
-25.2843
-25.0032
-24.7267
-24.4605
-24.2182
-24.0149
-23.8592
-23.7486
-23.6708
-23.609
-23.5478
-23.4779
-23.3999
-23.324
-23.2671
-23.2478
-23.2813
-23.3743
-23.5243
-23.7237
-23.9665
-24.2534
-24.5919
-24.991
-25.4544
-25.9761
-26.5417
-27.1342
-27.7397
-28.353
-28.9801
-29.6363
-30.3379
-31.0934
-31.8968
-32.7304
-33.5723
-34.4041
-35.2187
-36.0238
-36.8389
-37.6852
-38.5728
-39.4926
-40.4198
-41.3237
-42.179
-42.9755
-43.7235
-44.4506
-45.1896
-45.9626
-46.7721
-47.605
-48.4426
-49.2666
-45.9318
-45.193
-44.444
-43.6972
-42.9633
-42.248
-41.5493
-40.8573
-40.1576
-39.4379
-38.6933
-37.9279
-37.1535
-36.3852
-35.6364
-34.9145
-34.2202
-33.5499
-32.9002
-32.2715
-31.6681
-31.0954
-30.5563
-30.0481
-29.5635
-29.0934
-28.6305
-28.1723
-27.7218
-27.2869
-26.8763
-26.4961
-26.1475
-25.8266
-25.5276
-25.2457
-24.9792
-24.7311
-24.5073
-24.3146
-24.1564
-24.0314
-23.9337
-23.8551
-23.7878
-23.7278
-23.6757
-23.6372
-23.6219
-23.6401
-23.7006
-23.8084
-23.9643
-24.1665
-24.4136
-24.7061
-25.0469
-25.4387
-25.8819
-26.3725
-26.9027
-27.4638
-28.0486
-28.6539
-29.282
-29.9386
-30.6301
-31.3589
-32.121
-32.9075
-33.707
-34.5103
-35.3132
-36.1183
-36.9332
-37.7655
-38.6177
-39.4842
-40.3521
-41.2058
-42.0328
-42.8279
-43.5958
-44.3488
-45.1017
-45.865
-46.6404
-47.422
-48.1993
-48.9598
-45.7188
-45.0282
-44.3242
-43.6154
-42.9084
-42.2069
-41.5104
-40.8147
-40.1136
-39.4019
-38.6778
-37.9441
-37.2072
-36.4755
-35.7568
-35.0564
-34.3767
-33.7176
-33.0792
-32.4622
-31.8686
-31.3007
-30.7593
-30.2428
-29.7476
-29.2694
-28.8048
-28.3525
-27.914
-27.4931
-27.094
-26.7198
-26.3716
-26.048
-25.747
-25.4665
-25.2061
-24.9671
-24.7525
-24.5651
-24.4064
-24.2756
-24.1699
-24.0853
-24.0183
-23.967
-23.9324
-23.9179
-23.9292
-23.9722
-24.0526
-24.174
-24.3381
-24.5454
-24.7958
-25.09
-25.4289
-25.8131
-26.2418
-26.7122
-27.22
-27.76
-28.3283
-28.9226
-29.543
-30.1913
-30.8692
-31.5765
-32.3106
-33.066
-33.8367
-34.6172
-35.4046
-36.1991
-37.0026
-37.8171
-38.6423
-39.4739
-40.3048
-41.1266
-41.9326
-42.7196
-43.4894
-44.2471
-44.999
-45.7497
-46.4997
-47.2452
-47.9797
-48.695
-45.5377
-44.8821
-44.2109
-43.5304
-42.8451
-42.1581
-41.4699
-40.7795
-40.0845
-39.3834
-38.6761
-37.9647
-37.2533
-36.547
-35.8508
-35.1687
-34.5032
-33.8558
-33.2275
-32.6193
-32.0325
-31.4681
-30.9265
-30.4069
-29.9076
-29.4264
-28.9617
-28.5131
-28.0814
-27.6684
-27.2762
-26.9067
-26.5606
-26.2377
-25.9374
-25.659
-25.4025
-25.1688
-24.9592
-24.775
-24.6169
-24.4845
-24.3764
-24.291
-24.2267
-24.183
-24.1607
-24.1623
-24.1912
-24.2514
-24.3462
-24.4787
-24.6505
-24.8626
-25.1157
-25.4102
-25.7463
-26.124
-26.5421
-26.9988
-27.4911
-28.0162
-28.5711
-29.1541
-29.7644
-30.4019
-31.0661
-31.7562
-32.4697
-33.2031
-33.9525
-34.7144
-35.4863
-36.267
-37.0564
-37.8537
-38.6576
-39.4647
-40.2706
-41.0702
-41.8595
-42.6361
-43.4002
-44.1535
-44.8981
-45.6355
-46.365
-47.084
-47.7877
-48.4704
-45.3878
-44.7576
-44.1107
-43.4515
-42.7839
-42.1104
-41.4324
-40.7503
-40.064
-39.3736
-38.6799
-37.985
-37.2918
-36.6037
-35.9244
-35.257
-34.6038
-33.9666
-33.3468
-32.7457
-32.1641
-31.603
-31.0624
-30.5423
-30.0417
-29.5598
-29.096
-28.65
-28.2223
-27.8141
-27.4264
-27.0605
-26.7168
-26.3956
-26.0969
-25.8206
-25.5669
-25.3365
-25.1299
-24.948
-24.791
-24.6589
-24.5511
-24.4671
-24.4062
-24.3687
-24.3554
-24.3681
-24.4092
-24.4811
-24.5865
-24.7274
-24.9054
-25.1217
-25.3768
-25.6711
-26.0046
-26.3771
-26.7875
-27.2345
-27.7159
-28.2298
-28.774
-29.3469
-29.9473
-30.5741
-31.2264
-31.9025
-32.6004
-33.3174
-34.0506
-34.7974
-35.5554
-36.3229
-37.0987
-37.8811
-38.6683
-39.4575
-40.2454
-41.0287
-41.8045
-42.5707
-43.3266
-44.0722
-44.8075
-45.5324
-46.2455
-46.9445
-47.6257
-48.2849
-45.2684
-44.6567
-44.0275
-43.3844
-42.7306
-42.0687
-41.4003
-40.7268
-40.049
-39.3681
-38.6854
-38.0027
-37.3226
-36.6478
-35.981
-35.3247
-34.6812
-34.0523
-33.4395
-32.8439
-32.2666
-31.7083
-31.1693
-30.6497
-30.1493
-29.6677
-29.2049
-28.7608
-28.3358
-27.9306
-27.546
-27.1826
-26.8411
-26.5217
-26.2246
-25.9502
-25.6987
-25.4704
-25.266
-25.0858
-24.9301
-24.799
-24.6925
-24.6104
-24.5529
-24.5203
-24.5135
-24.5339
-24.5833
-24.6634
-24.7762
-24.9234
-25.1061
-25.3254
-25.582
-25.876
-26.2075
-26.5762
-26.981
-27.421
-27.8946
-28.4002
-28.936
-29.5006
-30.0924
-30.7103
-31.3527
-32.0179
-32.704
-33.4087
-34.1297
-34.8644
-35.6109
-36.3672
-37.1315
-37.9019
-38.6762
-39.4521
-40.2269
-40.9981
-41.7631
-42.5201
-43.2679
-44.0054
-44.7318
-45.4459
-46.1462
-46.8303
-47.4952
-48.1375
-45.1793
-44.5805
-43.9637
-43.3321
-42.6886
-42.0357
-41.3752
-40.7089
-40.0384
-39.365
-38.6904
-38.0166
-37.3458
-36.6802
-36.0222
-35.3741
-34.7377
-34.115
-33.5074
-32.916
-32.342
-31.786
-31.2485
-30.7298
-30.23
-29.7491
-29.2872
-28.8445
-28.4213
-28.0181
-27.6355
-27.274
-26.9341
-26.6161
-26.3205
-26.0475
-25.7975
-25.5708
-25.3678
-25.1889
-25.0344
-24.9045
-24.7994
-24.7192
-24.6643
-24.6354
-24.6331
-24.6588
-24.7138
-24.7994
-24.9173
-25.0687
-25.2548
-25.4763
-25.7339
-26.0277
-26.3577
-26.7236
-27.1246
-27.5598
-28.0279
-28.5275
-29.0572
-29.6154
-30.2007
-30.8116
-31.4465
-32.1037
-32.7812
-33.4771
-34.189
-34.9149
-35.6527
-36.4003
-37.1557
-37.917
-38.682
-39.4484
-40.2139
-40.9762
-41.7332
-42.4829
-43.2238
-43.9544
-44.6734
-45.3793
-46.07
-46.7434
-47.3969
-48.0275
-45.12
-44.5293
-43.9205
-43.2965
-42.6598
-42.0129
-41.358
-40.6969
-40.0314
-39.3632
-38.6941
-38.0261
-37.3612
-36.7015
-36.0492
-35.4063
-34.7747
-34.1561
-33.5519
-32.9634
-32.3915
-31.8372
-31.3008
-30.7829
-30.2838
-29.8035
-29.3423
-28.9005
-28.4784
-28.0765
-27.6951
-27.3348
-26.996
-26.6791
-26.3844
-26.1124
-25.8634
-25.6377
-25.4357
-25.2577
-25.104
-24.975
-24.871
-24.7923
-24.7393
-24.7127
-24.7134
-24.7423
-24.8007
-24.8898
-25.0109
-25.165
-25.3531
-25.576
-25.8342
-26.1278
-26.4569
-26.8211
-27.2196
-27.6518
-28.1164
-28.6121
-29.1377
-29.6917
-30.2726
-30.8788
-31.5087
-32.1606
-32.8325
-33.5225
-34.2286
-34.9486
-35.6805
-36.4222
-37.1718
-37.927
-38.6858
-39.4461
-40.2055
-40.9621
-41.7136
-42.4583
-43.1943
-43.9201
-44.634
-45.3341
-46.0185
-46.6851
-47.3312
-47.9545
-45.0904
-44.5037
-43.8988
-43.2784
-42.6452
-42.0014
-41.3493
-40.6908
-40.0279
-39.3623
-38.696
-38.0308
-37.3688
-36.7121
-36.0625
-35.4222
-34.793
-34.1764
-33.5739
-32.9868
-32.4161
-31.8626
-31.3269
-30.8095
-30.3106
-29.8307
-29.3699
-28.9286
-28.507
-28.1057
-27.7249
-27.3652
-27.0269
-26.7105
-26.4164
-26.1449
-25.8963
-25.6711
-25.4696
-25.2921
-25.1389
-25.0104
-24.9069
-24.8289
-24.7769
-24.7515
-24.7536
-24.7841
-24.8442
-24.9349
-25.0575
-25.2129
-25.402
-25.6256
-25.8841
-26.1776
-26.5063
-26.8696
-27.267
-27.6976
-28.1605
-28.6544
-29.1779
-29.7298
-30.3084
-30.9123
-31.5397
-32.1889
-32.8581
-33.5452
-34.2484
-34.9654
-35.6944
-36.4332
-37.1798
-37.932
-38.6878
-39.445
-40.2014
-40.9551
-41.7039
-42.446
-43.1796
-43.9029
-44.614
-45.3113
-45.9926
-46.6558
-47.2984
-47.918
-56.057
-59.6605
-59.5098
-58.929
-58.4426
-58.09
-57.8408
-57.6648
-57.5401
-57.4517
-57.3894
-57.3463
-57.3175
-57.2999
-57.2916
-53.6831
-56.1788
-57.075
-57.2845
-57.2639
-57.1853
-57.1057
-57.0407
-56.9922
-56.9579
-56.9345
-56.9192
-56.9097
-56.9042
-56.9018
-52.5886
-54.296
-55.3263
-55.8693
-56.1425
-56.2809
-56.3553
-56.3996
-56.4297
-56.4525
-56.4709
-56.4857
-56.4971
-56.5048
-56.5088
-51.7784
-53.0897
-54.0642
-54.7233
-55.1551
-55.4401
-55.6343
-55.7722
-55.8739
-55.9511
-56.0103
-56.055
-56.0875
-56.1086
-56.1191
-51.1223
-52.2195
-53.117
-53.8041
-54.3139
-54.6897
-54.9692
-55.1803
-55.3421
-55.4671
-55.5634
-55.6361
-55.6885
-55.7224
-55.7392
-50.5827
-51.5486
-52.3795
-53.0616
-53.6061
-54.0351
-54.372
-54.6373
-54.8466
-55.0113
-55.1395
-55.2369
-55.3072
-55.3529
-55.3754
-50.1346
-51.0124
-51.7902
-52.4565
-53.0134
-53.4719
-53.8461
-54.1498
-54.3951
-54.5913
-54.746
-54.8643
-54.95
-55.0059
-55.0335
-49.7602
-50.5757
-51.3122
-51.9602
-52.5187
-52.9926
-53.3901
-53.7203
-53.992
-54.2125
-54.3881
-54.5235
-54.6222
-54.6867
-54.7185
-49.4472
-50.2178
-50.9222
-51.5532
-52.1082
-52.5893
-53.0009
-53.3489
-53.6394
-53.8782
-54.07
-54.2189
-54.328
-54.3995
-54.4349
-49.188
-49.9256
-50.6054
-51.2216
-51.7713
-52.2549
-52.6747
-53.0344
-53.3382
-53.5902
-53.7943
-53.9536
-54.0708
-54.1479
-54.1861
-48.9774
-49.6908
-50.352
-50.9559
-51.5001
-51.9838
-52.4082
-52.7754
-53.0882
-53.3497
-53.5627
-53.7298
-53.8533
-53.9346
-53.975
-48.8121
-49.508
-50.1552
-50.7497
-51.2889
-51.7717
-52.1984
-52.5703
-52.8891
-53.1571
-53.3765
-53.5493
-53.6773
-53.7618
-53.8038
-48.6897
-49.3735
-50.0109
-50.5984
-51.1336
-51.6152
-52.043
-52.4177
-52.7404
-53.0127
-53.2364
-53.4131
-53.5442
-53.6309
-53.6741
-48.6088
-49.2849
-49.9161
-50.4991
-51.0315
-51.5121
-51.9403
-52.3165
-52.6415
-52.9164
-53.1428
-53.3219
-53.455
-53.5431
-53.587
-48.5686
-49.241
-49.8691
-50.4498
-50.9809
-51.4609
-51.8893
-52.2661
-52.5921
-52.8683
-53.0959
-53.2762
-53.4102
-53.499
-53.5432
)
;

boundaryField
{
    hot
    {
        type            calculated;
        value           nonuniform List<scalar> 
120
(
-51.3415
-51.381
-51.46
-51.578
-51.7346
-51.9289
-52.1597
-52.4254
-52.7239
-53.0523
-53.407
-53.7838
-54.178
-54.5842
-54.997
-55.3765
-55.7193
-56.0573
-56.3884
-56.7111
-57.024
-57.3264
-57.6177
-57.8978
-58.1665
-58.424
-58.6705
-58.9062
-59.1315
-59.3467
-59.5522
-59.7483
-59.9353
-60.1136
-60.2836
-60.4454
-60.5994
-60.7458
-60.8849
-61.0168
-61.1417
-61.2598
-61.371
-61.4757
-61.5738
-61.6653
-61.7505
-61.8292
-61.9016
-61.9677
-62.0275
-62.081
-62.1283
-62.1693
-62.2041
-62.2326
-62.2548
-62.2708
-62.2804
-62.2837
-62.2805
-62.271
-62.2549
-62.2323
-62.203
-62.167
-62.1242
-62.0745
-62.0178
-61.9541
-61.8833
-61.8052
-61.7198
-61.627
-61.5267
-61.4188
-61.3034
-61.1803
-61.0496
-60.9112
-60.7651
-60.6113
-60.4499
-60.2808
-60.1042
-59.92
-59.7283
-59.5292
-59.3226
-59.1085
-58.8868
-58.6574
-58.42
-58.1745
-57.9205
-57.6575
-57.3852
-57.1032
-56.8111
-56.5087
-56.196
-55.8734
-55.5414
-55.2012
-54.8546
-54.4687
-54.0458
-53.6262
-53.2157
-52.82
-52.4446
-52.0944
-51.7739
-51.4868
-51.236
-51.024
-50.8525
-50.7228
-50.6358
-50.5922
)
;
    }
    cold
    {
        type            calculated;
        value           nonuniform List<scalar> 
120
(
-51.2956
-51.3371
-51.4199
-51.5434
-51.7066
-51.9084
-52.1469
-52.4198
-52.7244
-53.0568
-53.413
-53.7881
-54.1768
-54.5735
-54.9728
-55.3365
-55.6628
-55.9825
-56.2942
-56.5968
-56.8897
-57.1727
-57.446
-57.7098
-57.9644
-58.2104
-58.4482
-58.6781
-58.9006
-59.1158
-59.324
-59.5254
-59.72
-59.9079
-60.089
-60.2634
-60.431
-60.5917
-60.7456
-60.8926
-61.0326
-61.1658
-61.292
-61.4114
-61.5239
-61.6297
-61.7288
-61.8212
-61.9072
-61.9867
-62.06
-62.1272
-62.1883
-62.2436
-62.2931
-62.3371
-62.3755
-62.4085
-62.4362
-62.4586
-62.4759
-62.4881
-62.4953
-62.4976
-62.4949
-62.4874
-62.475
-62.4579
-62.4361
-62.4096
-62.3785
-62.3427
-62.3023
-62.2574
-62.2078
-62.1536
-62.0948
-62.0313
-61.963
-61.8898
-61.8118
-61.7288
-61.6406
-61.5472
-61.4483
-61.3439
-61.2337
-61.1174
-60.9946
-60.865
-60.7281
-60.5833
-60.4299
-60.267
-60.0939
-59.9097
-59.7133
-59.5038
-59.2805
-59.0426
-58.7897
-58.522
-58.2399
-57.9445
-57.6375
-57.2895
-56.9012
-56.5098
-56.1217
-55.7433
-55.381
-55.0403
-54.7265
-54.4437
-54.1956
-53.9851
-53.8143
-53.6848
-53.5979
-53.5543
)
;
    }
    interface_left
    {
        type            calculated;
        value           nonuniform List<scalar> 
90
(
-81.0195
-68.252
-61.9403
-57.5449
-62.1419
-58.353
-54.2158
-60.6074
-54.4022
-63.8951
-57.6475
-63.9269
-58.97
-63.8996
-60.6408
-57.5278
-62.2522
-58.0333
-64.207
-60.3037
-64.1189
-61.6874
-59.4746
-62.7303
-59.9232
-63.1976
-60.2331
-64.3607
-61.792
-64.1633
-62.6496
-61.3349
-63.2356
-61.6818
-63.4286
-61.9245
-63.911
-62.7271
-63.6955
-63.0893
-62.6433
-63.2654
-62.9029
-63.2243
-63.1062
-63.0754
-63.2176
-62.8402
-63.1206
-63.5396
-62.9008
-63.7595
-62.6101
-63.9656
-61.7509
-63.3517
-61.4375
-62.7259
-64.1541
-62.013
-64.339
-61.3725
-64.534
-59.586
-62.9862
-59.13
-61.6524
-64.3047
-60.2743
-64.3485
-59.1674
-64.3975
-56.3159
-61.6667
-55.7607
-59.5026
-63.2536
-57.4459
-62.8283
-56.0485
-62.3483
-53.0501
-58.8041
-53.5487
-56.9716
-59.6582
-57.6519
-59.9162
-71.6151
-83.182
)
;
    }
    interface_right
    {
        type            calculated;
        value           nonuniform List<scalar> 
90
(
-83.9521
-73.1119
-59.839
-58.7765
-56.9351
-57.7525
-54.2986
-59.0263
-53.6719
-62.2842
-56.4268
-62.7341
-57.7143
-63.1449
-59.6341
-56.1215
-61.6687
-56.6273
-64.257
-59.3116
-64.2261
-60.3572
-64.2018
-61.672
-59.2568
-62.9546
-59.6811
-64.4594
-61.3986
-64.2858
-62.0171
-64.1227
-62.718
-61.4413
-63.3427
-61.7413
-63.9688
-62.6091
-63.8034
-63.0421
-62.4185
-63.3097
-62.6564
-63.3469
-62.8406
-63.3993
-63.1327
-63.2081
-63.2119
-62.9913
-63.1464
-63.4233
-62.9469
-63.5776
-62.4589
-63.3165
-62.2704
-63.1915
-62.0237
-62.8131
-63.7244
-62.2648
-63.8003
-61.314
-63.0291
-61.0515
-62.35
-63.733
-61.6222
-63.7679
-61.0244
-63.7791
-59.5557
-62.3598
-59.3369
-61.3001
-63.272
-60.299
-63.123
-59.6556
-62.9413
-58.28
-61.2264
-58.9786
-60.6999
-61.8942
-62.4616
-62.9878
-77.8548
-88.9241
)
;
    }
    interface_top
    {
        type            calculated;
        value           nonuniform List<scalar> 
90
(
-42.0671
-48.3771
-48.4326
-43.1105
-38.0792
-24.9759
-38.3467
-43.761
-50.5676
-50.6506
-44.2498
-40.8701
-35.3989
-30.8487
-19.9691
-29.9942
-33.8002
-38.1681
-37.6214
-31.4776
-27.0217
-16.9374
-24.527
-27.1535
-29.4264
-30.7761
-33.46
-32.5565
-26.8259
-22.8809
-14.2937
-20.5064
-22.6599
-24.5468
-25.7086
-28.0726
-27.4048
-22.779
-19.5594
-12.4378
-18.0638
-20.1786
-22.3733
-23.823
-26.8156
-26.7155
-23.3962
-21.7459
-19.2214
-17.0132
-11.4828
-17.6166
-20.2356
-23.7577
-23.9303
-20.9699
-18.5396
-12.3699
-18.7896
-21.4987
-24.8095
-26.9492
-31.1349
-31.2608
-27.4066
-24.2412
-16.1636
-24.774
-28.4409
-32.9733
-35.8893
-41.5645
-41.7616
-36.632
-32.3711
-21.4551
-32.993
-37.8442
-43.7409
-47.4716
-54.6817
-54.7431
-47.6314
-41.8102
-27.2081
-41.5831
-47.063
-52.7778
-52.538
-45.1319
)
;
    }
    interface_bottom
    {
        type            calculated;
        value           nonuniform List<scalar> 
90
(
-40.5185
-44.9589
-42.0423
-27.0778
-41.0506
-46.2456
-51.3091
-54.3657
-60.2545
-59.4319
-50.7841
-46.4073
-39.719
-34.4376
-22.2235
-33.3021
-37.5529
-42.5585
-42.2282
-36.2407
-33.1568
-28.3759
-24.5965
-15.8899
-23.5522
-26.4016
-29.5876
-29.0771
-24.2271
-20.795
-13.158
-18.9968
-21.0733
-23.0027
-24.1711
-26.4942
-25.9184
-21.6363
-18.6417
-11.9678
-17.5043
-19.6403
-21.962
-23.4742
-26.5416
-26.5049
-23.3138
-21.7501
-19.3859
-17.2344
-11.7154
-18.1366
-20.9001
-24.637
-24.8607
-21.8511
-19.35
-12.9428
-19.7893
-22.684
-26.2329
-28.4744
-32.7834
-32.8547
-28.6867
-25.3156
-16.8094
-25.7674
-29.5251
-34.0774
-36.9241
-42.3611
-42.3636
-36.8123
-32.3752
-21.3057
-32.5787
-37.2136
-42.6685
-46.0412
-52.4636
-52.2726
-45.0858
-39.4393
-25.6269
-38.9674
-44.0594
-49.4017
-49.2471
-42.5691
)
;
    }
    defaultFaces
    {
        type            empty;
    }
}


// ************************************************************************* //
