/*--------------------------------*- C++ -*----------------------------------*\
| =========                 |                                                 |
| \\      /  F ield         | OpenFOAM: The Open Source CFD Toolbox           |
|  \\    /   O peration     | Version:  5.x                                   |
|   \\  /    A nd           | Web:      www.OpenFOAM.org                      |
|    \\/     M anipulation  |                                                 |
\*---------------------------------------------------------------------------*/
FoamFile
{
    version     2.0;
    format      ascii;
    class       volScalarField;
    location    "1";
    object      gradTy;
}
// * * * * * * * * * * * * * * * * * * * * * * * * * * * * * * * * * * * * * //

dimensions      [0 -1 0 1 0 0 0];

internalField   nonuniform List<scalar> 
6300
(
32271.5
32214.6
32157.7
32101.1
32044.6
31988.4
31932.5
31877
31821.9
31767.4
31713.4
31660.1
31607.5
31555.6
31504.6
-0.0433482
-0.130223
-0.217628
-0.305847
-0.395052
-0.485266
-0.57632
-0.667814
-0.759098
-0.84928
-0.937272
-1.02189
-1.10203
-1.17682
-1.24589
-0.0720394
-0.216444
-0.361796
-0.508617
-0.657249
-0.807779
-0.959965
-1.11316
-1.26628
-1.41777
-1.56571
-1.70797
-1.84247
-1.96756
-2.08243
-0.100394
-0.301695
-0.504472
-0.70955
-0.917516
-1.1286
-1.34256
-1.55855
-1.77504
-1.98976
-2.19979
-2.40175
-2.59225
-2.76846
-2.92888
-0.128239
-0.38545
-0.644802
-0.907536
-1.17459
-1.44646
-1.72302
-2.00332
-2.28544
-2.56632
-2.84181
-3.10688
-3.35617
-3.58501
-3.79058
-0.155344
-0.467042
-0.781716
-1.10115
-1.42679
-1.75956
-2.09964
-2.44617
-2.79695
-3.14815
-3.49413
-3.82764
-4.14043
-4.42472
-4.67522
-0.181421
-0.545614
-0.913807
-1.28847
-1.67174
-2.06522
-2.46967
-2.88462
-3.30789
-3.73501
-4.15874
-4.56892
-4.953
-5.29798
-5.59386
-0.206135
-0.620153
-1.03937
-1.4671
-1.9064
-2.3598
-2.82906
-3.3146
-3.81481
-4.32507
-4.83672
-5.33607
-5.80441
-6.22008
-6.56387
-0.229091
-0.689456
-1.15636
-1.63409
-2.12682
-2.63839
-3.17202
-3.72975
-4.31147
-4.91354
-5.52676
-6.13394
-6.70816
-7.21367
-7.61343
-0.249848
-0.752178
-1.26243
-1.78599
-2.32828
-2.89477
-3.49072
-4.1207
-4.78756
-5.49062
-6.22251
-6.9644
-7.68013
-8.31243
-8.78982
-0.267955
-0.806922
-1.35514
-1.91903
-2.50539
-3.12152
-3.77522
-4.47456
-5.22719
-6.03854
-6.90786
-7.82053
-8.73495
-9.56539
-10.1753
-0.282987
-0.852362
-1.43208
-2.02947
-2.65259
-3.31054
-4.01386
-4.77487
-5.60782
-6.52812
-7.54937
-8.67431
-9.87306
-11.0381
-11.9204
-0.294597
-0.887408
-1.49125
-2.11406
-2.76481
-3.45402
-4.1946
-5.003
-5.90074
-6.91633
-8.08661
-9.45363
-11.0441
-12.7931
-14.3242
-0.302571
-0.911371
-1.53134
-2.1706
-2.83842
-3.54594
-4.3073
-5.1415
-6.07543
-7.14937
-8.42651
-10.0088
-12.0561
-14.7655
-18.0181
-0.306866
-0.924104
-1.55204
-2.19845
-2.87217
-3.58383
-4.34696
-5.17997
-6.10971
-7.17869
-8.46067
-10.0983
-12.4055
-16.194
-23.9982
31458.5
31417.3
31376.7
31336.7
31297.5
31258.9
31221.1
31184
31147.7
31112.1
31077.3
31043.4
31010.3
30978
30946.5
30915.9
30886.2
30857.3
30829.2
30802
30775.5
30749.9
30725
30700.9
30677.5
30654.8
30632.8
30611.4
30590.7
30570.5
30550.8
30531.7
30513
30494.8
30477
30459.5
30442.4
30425.5
30408.9
30392.6
30376.4
30360.4
30344.5
30328.8
30313
30297.3
30281.6
30265.8
30250
30234
30217.9
30201.6
30185.1
30168.3
30151.3
30133.9
30116.1
30097.9
30079.3
30060.3
30040.7
30020.5
29999.9
29978.6
29956.6
29934.1
29910.8
29886.8
29862.1
29836.7
29810.5
29783.5
29755.7
29727.1
29697.6
29667.3
29636.2
29604.2
29571.4
29537.8
29503.3
29467.9
29431.8
29394.8
29357
29318.3
29279
29238.8
29197.9
29156.3
-1.30411
-1.35368
-1.40054
-1.44543
-1.48906
-1.53187
-1.574
-1.61513
-1.65458
-1.69133
-1.72422
-1.75209
-1.77395
-1.78904
-1.7969
-1.79732
-1.79029
-1.7759
-1.75432
-1.72576
-1.69049
-1.64884
-1.60124
-1.54821
-1.49034
-1.42827
-1.36266
-1.29415
-1.22332
-1.15075
-1.07696
-1.0024
-0.927465
-0.852467
-0.777631
-0.703096
-0.62894
-0.555195
-0.481873
-0.408973
-0.336482
-0.264359
-0.192519
-0.120822
-0.0490758
0.0229485
0.0954824
0.168725
0.242807
0.317774
0.393572
0.470061
0.547025
0.624196
0.701262
0.777883
0.853699
0.92834
1.00145
1.07269
1.14178
1.2085
1.27265
1.33405
1.39254
1.4479
1.4999
1.54827
1.59277
1.63321
1.66942
1.70131
1.72884
1.75192
1.77046
1.78434
1.79341
1.79758
1.79681
1.79117
1.78079
1.76583
1.74638
1.7224
1.69369
1.65991
1.62065
1.57548
1.52412
1.46645
-2.17864
-2.26017
-2.33705
-2.41078
-2.48274
-2.55391
-2.62459
-2.69426
-2.76159
-2.82469
-2.88134
-2.92938
-2.96701
-2.9929
-3.00635
-3.0071
-2.99522
-2.97098
-2.93468
-2.88668
-2.82736
-2.75727
-2.67712
-2.58779
-2.49033
-2.38586
-2.2755
-2.16036
-2.04143
-1.91967
-1.79596
-1.67108
-1.5457
-1.42036
-1.29542
-1.17109
-1.04746
-0.924545
-0.802357
-0.680895
-0.560158
-0.440105
-0.32061
-0.201439
-0.0822398
0.0374167
0.157975
0.27982
0.403207
0.528219
0.65476
0.782567
0.911257
1.04036
1.16933
1.29759
1.42452
1.54948
1.67184
1.79102
1.90653
2.01802
2.12519
2.2278
2.3256
2.41823
2.50529
2.58629
2.66079
2.72839
2.78889
2.84214
2.88811
2.92673
2.95783
2.98117
2.99645
3.00344
3.00206
2.99245
2.97492
2.94985
2.9175
2.87786
2.83057
2.77496
2.71018
2.63538
2.54994
2.45363
-3.06178
-3.17346
-3.27825
-3.37882
-3.47773
-3.57686
-3.67686
-3.77696
-3.87495
-3.96757
-4.05109
-4.12193
-4.17719
-4.21495
-4.23434
-4.23528
-4.2182
-4.18366
-4.13215
-4.0641
-3.97998
-3.88043
-3.76642
-3.63929
-3.50062
-3.35211
-3.19544
-3.03219
-2.86379
-2.69157
-2.51679
-2.34061
-2.16403
-1.98781
-1.81246
-1.63819
-1.46503
-1.29294
-1.12187
-0.951833
-0.782897
-0.615079
-0.448259
-0.282104
-0.116058
0.0506022
0.218645
0.388737
0.56132
0.736533
0.914204
1.0939
1.27501
1.45682
1.63854
1.81935
1.99834
2.17454
2.34698
2.51479
2.67728
2.83394
2.98449
3.1287
3.2663
3.39683
3.51964
3.63394
3.73895
3.83408
3.91902
3.99372
4.05824
4.11261
4.15664
4.18987
4.21169
4.22161
4.21942
4.20538
4.18017
4.14462
4.09937
4.04458
3.97967
3.90345
3.81435
3.71081
3.59164
3.4563
-3.95792
-4.09654
-4.22539
-4.34912
-4.47232
-4.59846
-4.72896
-4.86268
-4.99602
-5.12356
-5.23913
-5.33695
-5.41259
-5.46349
-5.48891
-5.48947
-5.46638
-5.42081
-5.35348
-5.26474
-5.15487
-5.02445
-4.8747
-4.70748
-4.52514
-4.33017
-4.12494
-3.91151
-3.69172
-3.46723
-3.23972
-3.0108
-2.78189
-2.55409
-2.32799
-2.10373
-1.88113
-1.65992
-1.43994
-1.22124
-1.00408
-0.788663
-0.574992
-0.362655
-0.150799
0.0617632
0.27633
0.494036
0.71562
0.941286
1.17071
1.40318
1.63774
1.87338
2.10908
2.34374
2.57617
2.805
3.02879
3.24625
3.4564
3.65868
3.85293
4.03914
4.21718
4.38655
4.54624
4.69495
4.83134
4.95445
5.06392
5.15994
5.24298
5.31339
5.371
5.41498
5.4441
5.45722
5.45384
5.43442
5.40032
5.35335
5.29502
5.22587
5.14506
5.0505
4.93934
4.80878
4.65666
4.48192
-4.87347
-5.03364
-5.17989
-5.32017
-5.46267
-5.61382
-5.77648
-5.94904
-6.12556
-6.29694
-6.45289
-6.58407
-6.6838
-6.74889
-6.77947
-6.77789
-6.74714
-6.68948
-6.60584
-6.49602
-6.35954
-6.19652
-6.00833
-5.79765
-5.56803
-5.3232
-5.06641
-4.8002
-4.52656
-4.24742
-3.96484
-3.6811
-3.39833
-3.11806
-2.84101
-2.56701
-2.29535
-2.02523
-1.75624
-1.48854
-1.22281
-0.959797
-0.699852
-0.442547
-0.186579
0.0700258
0.329491
0.593761
0.864058
1.14065
1.42289
1.7095
1.99899
2.28996
2.58119
2.87146
3.1593
3.44281
3.71984
3.98837
4.24698
4.49513
4.73309
4.96148
5.18072
5.39034
5.58883
5.77385
5.943
6.09463
6.22835
6.34501
6.44609
6.53279
6.60514
6.66164
6.69971
6.71677
6.71153
6.68475
6.63917
6.5786
6.50642
6.42412
6.33044
6.22159
6.09243
5.93793
5.75434
5.53978
-5.8177
-5.99057
-6.14274
-6.28777
-6.44031
-6.6123
-6.80944
-7.02946
-7.26227
-7.49233
-7.70213
-7.87633
-8.00474
-8.08386
-8.11624
-8.10821
-8.06653
-7.99548
-7.89583
-7.76564
-7.60237
-7.40479
-7.17432
-6.91506
-6.63282
-6.33346
-6.02147
-5.69956
-5.36937
-5.03256
-4.69165
-4.35004
-4.01116
-3.67745
-3.34966
-3.02694
-2.70737
-2.38897
-2.07071
-1.75305
-1.43766
-1.12656
-0.820955
-0.520554
-0.223317
0.0741322
0.375696
0.684766
1.00339
1.33183
1.66872
2.01164
2.35806
2.70611
3.05463
3.40265
3.74863
4.08993
4.4231
4.74472
5.05257
5.34621
5.62694
5.89695
6.15801
6.41009
6.65071
6.8755
7.07977
7.26046
7.41721
7.55236
7.66974
7.77269
7.86194
7.93469
7.98538
8.00823
8.00005
7.96197
7.89943
7.82038
7.73222
7.63858
7.53747
7.42175
7.28184
7.10883
6.89643
6.64168
-6.80567
-6.97692
-7.11542
-7.24408
-7.38938
-7.5739
-7.80877
-8.09068
-8.40218
-8.71613
-9.00194
-9.23381
-9.39598
-9.48547
-9.51052
-9.48634
-9.4276
-9.34207
-9.2292
-9.08236
-8.89405
-8.65991
-8.38129
-8.0651
-7.72182
-7.36151
-6.99039
-6.61048
-6.22135
-5.82326
-5.41915
-5.01474
-4.6163
-4.22802
-3.85079
-3.48213
-3.11751
-2.7523
-2.38416
-2.01413
-1.64622
-1.28528
-0.934486
-0.59394
-0.260312
0.072344
0.411107
0.76201
1.12855
1.51081
1.9058
2.30863
2.71468
3.12147
3.52863
3.93663
4.3445
4.74858
5.14276
5.52067
5.87836
6.21558
6.53589
6.84493
7.14786
7.44592
7.73496
8.00619
8.24997
8.46023
8.63659
8.78468
8.91354
9.03165
9.14182
9.23877
9.31041
9.3436
9.33086
9.27362
9.18269
9.07446
8.96512
8.86301
8.76473
8.65597
8.51814
8.33569
8.09879
7.80349
-7.86303
-8.00976
-8.10156
-8.17567
-8.28114
-8.46208
-8.73931
-9.10815
-9.53732
-9.97916
-10.3781
-10.6904
-10.8906
-10.9786
-10.9745
-10.913
-10.826
-10.7269
-10.6103
-10.4577
-10.2506
-9.97804
-9.64134
-9.25317
-8.83442
-8.40421
-7.97111
-7.53389
-7.08543
-6.62187
-6.14639
-5.67017
-5.20615
-4.76207
-4.33904
-3.93099
-3.52801
-3.1194
-2.69994
-2.27177
-1.8444
-1.42913
-1.03301
-0.657168
-0.29576
0.0618747
0.429111
0.816775
1.23106
1.67142
2.13152
2.60083
3.07007
3.53606
4.00116
4.4705
4.94549
5.42113
5.88543
6.32528
6.73311
7.10876
7.46045
7.80107
8.14399
8.49396
8.84405
9.17551
9.46752
9.70779
9.89563
10.0436
10.1716
10.3009
10.4395
10.578
10.6895
10.7438
10.7243
10.6324
10.4894
10.3287
10.1862
10.0804
10.0056
9.9306
9.81728
9.63955
9.38389
9.04779
-9.03509
-9.12086
-9.11229
-9.06122
-9.06346
-9.2109
-9.53724
-10.038
-10.6534
-11.303
-11.8783
-12.3073
-12.546
-12.6034
-12.52
-12.3756
-12.2412
-12.1358
-12.0427
-11.9105
-11.7009
-11.3877
-10.9748
-10.4846
-9.9629
-9.45048
-8.95717
-8.47296
-7.97077
-7.43717
-6.87423
-6.30761
-5.76687
-5.26544
-4.80534
-4.37223
-3.94633
-3.50189
-3.02799
-2.52803
-2.02497
-1.5452
-1.10218
-0.699489
-0.325697
0.0376204
0.41771
0.8332
1.296
1.80354
2.34394
2.89307
3.43
3.95182
4.46743
4.99601
5.54531
6.10975
6.66304
7.17569
7.63386
8.03605
8.40051
8.75342
9.12942
9.54129
9.97934
10.401
10.7589
11.0301
11.2114
11.3303
11.4272
11.5557
11.7363
11.9554
12.1498
12.2492
12.2212
12.0636
11.8206
11.5556
11.3532
11.2523
11.2458
11.2593
11.2082
11.0547
10.7839
10.4081
-10.4039
-10.3671
-10.1835
-9.86937
-9.63617
-9.70187
-10.084
-10.8028
-11.7204
-12.7343
-13.5895
-14.1985
-14.4631
-14.4311
-14.1541
-13.8241
-13.6151
-13.5277
-13.5318
-13.4753
-13.301
-12.9416
-12.4202
-11.762
-11.0785
-10.4698
-9.93065
-9.43846
-8.90186
-8.29525
-7.60788
-6.90828
-6.27143
-5.70975
-5.23317
-4.80353
-4.39174
-3.92721
-3.39395
-2.7891
-2.17233
-1.60861
-1.11351
-0.700427
-0.340769
-0.0109992
0.355129
0.78132
1.29636
1.88823
2.5437
3.20284
3.8117
4.37657
4.91508
5.49179
6.12341
6.81452
7.49928
8.10471
8.6154
9.01786
9.35736
9.6727
10.0634
10.5511
11.1384
11.7186
12.1753
12.4823
12.617
12.649
12.6374
12.7357
12.9778
13.3686
13.7472
13.9381
13.9052
13.618
13.1837
12.6928
12.3746
12.2883
12.4578
12.6816
12.7469
12.639
12.3358
11.9338
-12.1246
-11.8242
-11.4421
-10.5606
-9.77775
-9.73613
-10.145
-11.2802
-12.6477
-14.3932
-15.654
-16.5845
-16.8061
-16.6109
-15.8634
-15.0973
-14.8129
-14.7871
-15.1071
-15.2089
-15.1668
-14.7281
-14.0618
-13.0753
-12.0858
-11.3882
-10.836
-10.4674
-9.93323
-9.26908
-8.35867
-7.41814
-6.66733
-6.03112
-5.59306
-5.20878
-4.91277
-4.45121
-3.86271
-3.06712
-2.24306
-1.57307
-1.00659
-0.624308
-0.312695
-0.111901
0.206104
0.601509
1.18606
1.88127
2.73812
3.58489
4.25662
4.83912
5.30755
5.90832
6.61563
7.52821
8.44949
9.16984
9.75242
10.09
10.3486
10.4831
10.8569
11.4171
12.3068
13.2135
13.8066
14.1818
14.1698
14.0295
13.6883
13.7078
14.004
14.7984
15.6138
15.9483
15.954
15.3833
14.6269
13.5802
13.0609
12.9546
13.5903
14.331
14.5336
14.5037
14.0289
13.7001
-14.5447
-13.3984
-13.4191
-11.1088
-8.85111
-9.12081
-9.15889
-11.422
-13.0295
-16.749
-18.1929
-19.9902
-19.7482
-19.5846
-17.5982
-15.6758
-15.6373
-15.5473
-16.9955
-17.149
-17.6027
-16.8414
-16.1635
-14.3922
-12.6718
-12.0965
-11.4762
-11.7339
-11.1512
-10.597
-9.15224
-7.65424
-6.89765
-6.06664
-5.87502
-5.48652
-5.67182
-5.15765
-4.6294
-3.38583
-2.09164
-1.38821
-0.634156
-0.446249
-0.12489
-0.38151
-0.0543298
0.149311
0.91637
1.64148
2.94699
4.21892
4.82994
5.46581
5.50925
6.17124
6.81201
8.22912
9.68875
10.4331
11.242
11.2753
11.518
10.9481
11.3817
11.8078
13.4498
15.1594
15.7506
16.4378
15.9065
15.6983
14.2188
14.2802
14.3118
16.1965
18.1717
18.4305
18.8316
17.4145
16.4868
13.7067
13.1511
12.5511
14.5704
16.7536
16.654
17.0077
15.5105
15.9054
-18.9029
-13.2908
-18.7515
-11.5799
-4.28409
-8.83819
-4.96814
-12.5071
-10.3693
-22.3811
-20.2222
-26.3318
-22.577
-25.1828
-19.2403
-13.541
-16.5353
-14.0923
-20.7479
-18.6566
-21.788
-18.8346
-19.8397
-15.6356
-11.6086
-12.8698
-10.8518
-14.2107
-12.3282
-13.2072
-10.0225
-6.82265
-7.23508
-5.18136
-6.4405
-4.93799
-7.43823
-5.88447
-6.4263
-3.77749
-1.08954
-1.27623
0.553583
-0.460368
0.89518
-1.49194
-0.137021
-1.11443
0.706902
0.565727
3.20412
5.80465
5.36746
6.94561
4.8201
6.46463
5.8903
8.86872
11.958
11.6033
13.8483
12.1589
13.8576
9.96762
11.9172
10.4471
14.4954
18.7152
17.5562
20.4482
17.1775
19.1974
12.5296
14.8948
11.9506
17.4636
23.2004
20.707
24.3269
18.7402
21.0136
10.6292
13.3045
8.37532
15.3136
22.4628
18.1208
22.1762
14.2672
19.6143
-32.4995
2.76299
-42.2731
-12.2289
17.348
-20.685
15.653
-27.5254
12.668
-48.4179
-10.3432
-46.8768
-16.245
-43.0893
-20.5309
1.1139
-25.2616
0.466066
-37.0951
-12.6421
-34.7348
-15.1264
-31.0166
-16.6232
-2.92931
-18.364
-2.48413
-24.2346
-9.52804
-21.6686
-10.9142
-0.788634
-11.1232
0.475047
-10.9823
1.37497
-15.0422
-3.59344
-12.8176
-4.22526
4.05246
-4.06771
5.8367
-3.88636
7.3049
-7.99096
3.13876
-6.40858
3.32327
-4.51287
3.51568
11.7647
3.00278
13.7586
-1.29823
9.95286
-0.147794
9.34837
19.1864
9.02987
22.1197
8.16325
24.2445
0.577394
17.376
1.13908
15.293
30.0158
13.5275
33.3318
10.8291
35.2055
-2.16864
23.1536
-2.59059
18.407
40.0791
14.1787
43.0781
8.74562
43.7659
-11.2557
24.4067
-12.8912
15.7515
44.7174
7.4939
44.5718
-6.0668
32.4779
29109.7
29058
29005.4
28952
28897.8
28842.9
28787.4
28731.3
28674.8
28617.8
28560.5
28502.9
28445.1
28387.1
28329
1.39624
1.31146
1.21969
1.1225
1.02161
0.918696
0.815262
0.712502
0.611265
0.512055
0.415066
0.32023
0.227269
0.135754
0.0451477
2.33595
2.19335
2.03869
1.87481
1.7048
1.53164
1.35793
1.18573
1.01645
0.850892
0.689332
0.531592
0.377151
0.225235
0.0748995
3.28996
3.08732
2.86695
2.63329
2.39115
2.14512
1.89907
1.65599
1.41785
1.18568
0.959724
0.739609
0.524473
0.313115
0.104107
4.26515
3.99903
3.70848
3.40022
3.08139
2.75858
2.43722
2.12127
1.8132
1.51416
1.2242
0.942584
0.66797
0.398614
0.132506
5.26998
4.93517
4.56773
4.17773
3.77561
3.37061
2.96997
2.57865
2.19948
1.83347
1.48025
1.13848
0.806151
0.480826
0.159794
6.3151
5.90375
5.44936
4.96722
4.47258
3.97823
3.4934
3.02391
2.57259
2.13993
1.72476
1.32485
0.937263
0.558699
0.185621
7.41466
6.9148
6.35823
5.76879
5.16893
4.57604
4.00136
3.45099
2.92706
2.42888
1.95398
1.49881
1.05929
0.63104
0.209591
8.58884
7.9816
7.29914
6.58005
5.85768
5.15503
4.48461
3.85146
3.25572
2.69453
2.1634
1.65706
1.16997
0.696541
0.231276
9.86888
9.12298
8.27608
7.39404
6.52623
5.70107
4.92995
4.21413
3.54964
2.93004
2.34799
1.79602
1.26692
0.753839
0.250235
11.307
10.3657
9.28832
8.19389
7.15239
6.19288
5.31952
4.52507
3.79842
3.12787
2.5024
1.91202
1.34779
0.80162
0.266044
13.0017
11.7437
10.3169
8.93998
7.69651
6.59848
5.62989
4.7679
3.99087
3.28047
2.6216
2.00178
1.41052
0.838763
0.278346
15.1909
13.2893
11.2948
9.55152
8.09447
6.87416
5.83327
4.92545
4.11648
3.3814
2.70162
2.06287
1.45369
0.864507
0.286905
18.5022
14.9273
12.0209
9.87656
8.25535
6.96993
5.90308
4.98379
4.16798
3.42686
2.7405
2.09427
1.47677
0.878618
0.291653
24.1737
15.8964
11.9839
9.67792
8.08022
6.84668
5.82483
4.93832
4.14458
3.41742
2.73913
2.09682
1.48039
0.88148
0.292719
-0.307828
-0.926701
-1.55537
-2.20085
-2.87099
-3.57498
-4.32414
-5.13329
-6.02317
-7.02534
-8.19246
-9.622
-11.5159
-14.3422
-19.2713
-0.306215
-0.921493
-1.5454
-2.18399
-2.8438
-3.53206
-4.257
-5.02821
-5.85705
-6.75685
-7.74154
-8.81556
-9.9244
-10.7238
-9.50973
-0.30261
-0.910246
-1.52517
-2.15232
-2.79675
-3.46355
-4.15757
-4.88289
-5.6413
-6.42902
-7.22822
-7.98466
-8.54717
-8.50328
-6.76652
-0.297309
-0.893897
-1.49637
-2.10857
-2.73409
-3.37601
-4.03626
-4.71434
-5.40491
-6.09293
-6.7443
-7.288
-7.5904
-7.45814
-6.86867
-0.290624
-0.873412
-1.46076
-2.05548
-2.65994
-3.27564
-3.90238
-4.53686
-5.16996
-5.78209
-6.335
-6.75837
-6.93523
-6.72996
-6.27819
-0.282853
-0.849714
-1.41996
-1.99556
-2.57792
-3.16748
-3.76297
-4.36006
-4.94923
-5.51214
-6.01557
-6.39922
-6.54528
-6.17251
-4.27065
-0.274263
-0.823619
-1.37538
-1.93085
-2.49081
-3.05514
-3.62231
-4.18851
-4.74635
-5.28325
-5.77932
-6.20445
-6.51542
-6.67656
-6.87358
-0.265081
-0.795808
-1.32816
-1.86295
-2.40057
-2.94074
-3.48223
-4.02253
-4.55764
-5.08239
-5.59226
-6.08846
-6.5893
-7.15532
-7.88511
-0.255488
-0.766823
-1.27917
-1.79301
-2.30848
-2.82534
-3.34287
-3.85997
-4.37582
-4.89152
-5.41454
-5.96886
-6.61759
-7.51997
-9.08009
-0.245631
-0.737088
-1.22908
-1.72183
-2.21534
-2.7094
-3.2037
-3.69816
-4.19386
-4.69525
-5.2149
-5.78337
-6.46941
-7.42746
-9.03521
-0.235624
-0.706936
-1.17841
-1.65004
-2.12171
-2.5932
-3.06433
-3.53534
-4.00775
-4.48605
-4.98114
-5.51593
-6.13201
-6.8834
-7.72123
-0.22556
-0.676636
-1.12755
-1.57814
-2.02811
-2.47715
-2.92493
-3.37144
-3.81736
-4.26498
-4.7196
-5.19179
-5.70037
-6.27898
-7.01314
-0.215515
-0.64641
-1.07688
-1.50658
-1.93508
-2.36186
-2.78632
-3.20782
-3.62564
-4.03885
-4.44568
-4.84214
-5.21985
-5.56624
-5.85552
-0.205552
-0.616447
-1.02669
-1.43579
-1.84316
-2.24808
-2.64965
-3.04662
-3.43697
-3.81697
-4.17879
-4.50527
-4.76087
-4.89293
-4.98115
-0.195727
-0.586907
-0.977252
-1.36614
-1.75286
-2.13655
-2.51609
-2.88988
-3.25534
-3.60757
-3.9363
-4.21743
-4.38751
-4.24986
-3.03606
-0.186082
-0.557923
-0.928781
-1.29794
-1.6646
-2.02782
-2.38642
-2.73883
-3.08275
-3.41435
-3.72675
-4.00652
-4.22769
-4.35395
-4.46468
-0.176653
-0.5296
-0.881451
-1.23143
-1.57867
-1.92222
-2.26095
-2.59358
-2.91857
-3.23433
-3.53973
-3.83613
-4.13363
-4.46869
-4.93165
-0.167468
-0.502016
-0.835389
-1.16676
-1.49525
-1.8199
-2.13967
-2.45353
-2.7607
-3.06138
-3.35885
-3.66485
-4.01335
-4.49445
-5.33015
-0.158544
-0.475228
-0.790685
-1.10406
-1.41445
-1.7209
-2.02241
-2.31805
-2.60723
-2.89056
-3.17195
-3.46393
-3.80088
-4.27383
-5.13431
-0.149896
-0.449274
-0.747396
-1.04339
-1.33635
-1.62529
-1.90918
-2.18697
-2.45773
-2.72099
-2.97762
-3.23167
-3.49384
-3.78397
-4.08938
-0.141531
-0.424176
-0.705558
-0.984804
-1.26099
-1.53313
-1.80013
-2.06072
-2.31337
-2.55595
-2.78501
-2.99368
-3.16732
-3.2834
-3.40084
-0.133452
-0.399941
-0.66518
-0.928307
-1.18841
-1.44451
-1.69548
-1.93993
-2.17592
-2.40023
-2.60649
-2.77993
-2.88069
-2.78183
-1.98189
-0.125656
-0.376563
-0.62625
-0.87388
-1.11858
-1.35941
-1.59532
-1.82497
-2.04653
-2.25699
-2.45073
-2.61657
-2.73265
-2.76706
-2.76001
-0.118138
-0.354022
-0.58873
-0.821465
-1.05141
-1.27771
-1.49945
-1.71559
-1.92481
-2.1253
-2.31431
-2.48771
-2.6413
-2.78104
-2.96471
-0.110887
-0.332288
-0.552565
-0.770968
-0.986745
-1.19915
-1.40745
-1.61097
-1.80911
-2.00156
-2.18868
-2.37258
-2.55952
-2.76448
-3.01276
-0.103895
-0.311327
-0.517689
-0.722277
-0.924402
-1.12341
-1.31875
-1.51005
-1.69732
-1.88148
-2.06528
-2.25531
-2.4652
-2.71781
-3.0292
-0.0971473
-0.291101
-0.484035
-0.675282
-0.864202
-1.05021
-1.23285
-1.4119
-1.58768
-1.76162
-1.93752
-2.12423
-2.3412
-2.63033
-3.08067
-0.090635
-0.271578
-0.451544
-0.629892
-0.80601
-0.979335
-1.14941
-1.316
-1.47929
-1.64037
-1.80224
-1.97211
-2.1671
-2.43088
-2.8941
-0.0843482
-0.25273
-0.420168
-0.586041
-0.749745
-0.910702
-1.06839
-1.22238
-1.37243
-1.51857
-1.66141
-1.80254
-1.94521
-2.09295
-2.21933
-0.078279
-0.234532
-0.389872
-0.54369
-0.695379
-0.84433
-0.989923
-1.1315
-1.26826
-1.39905
-1.52176
-1.6319
-1.71981
-1.76988
-1.8073
-0.0724204
-0.216967
-0.360629
-0.502811
-0.642906
-0.780281
-0.914241
-1.04395
-1.16823
-1.28514
-1.39084
-1.47671
-1.52069
-1.45559
-1.02401
-0.0667656
-0.200014
-0.332409
-0.463376
-0.592317
-0.718599
-0.841507
-0.96016
-1.07332
-1.17902
-1.27369
-1.35062
-1.39733
-1.39583
-1.36325
-0.061307
-0.183651
-0.305181
-0.425344
-0.543571
-0.659255
-0.771724
-0.880184
-0.983607
-1.08055
-1.16887
-1.24554
-1.30745
-1.35767
-1.43087
-0.0560358
-0.167852
-0.278899
-0.388656
-0.496589
-0.602142
-0.704726
-0.803705
-0.898392
-0.988073
-1.07216
-1.15071
-1.22572
-1.30358
-1.39422
-0.0509419
-0.152586
-0.253512
-0.353233
-0.451258
-0.54709
-0.64023
-0.730211
-0.81666
-0.899488
-0.97931
-1.05834
-1.14202
-1.24065
-1.36583
-0.0460141
-0.13782
-0.22896
-0.318986
-0.40745
-0.493906
-0.577931
-0.659172
-0.737448
-0.813001
-0.887019
-0.962773
-1.04796
-1.15932
-1.33026
-0.0412404
-0.123517
-0.205182
-0.285825
-0.365036
-0.44241
-0.517568
-0.590195
-0.660136
-0.72759
-0.793534
-0.860668
-0.935761
-1.03663
-1.21958
-0.0366083
-0.10964
-0.182115
-0.253659
-0.323898
-0.392456
-0.458965
-0.52309
-0.58456
-0.643239
-0.699234
-0.753054
-0.805682
-0.856963
-0.888418
-0.0321048
-0.0961486
-0.159693
-0.222401
-0.283929
-0.343924
-0.402021
-0.457832
-0.510929
-0.560762
-0.606457
-0.646285
-0.676559
-0.691093
-0.698507
-0.0277168
-0.0830046
-0.137853
-0.191963
-0.245026
-0.296713
-0.346665
-0.394466
-0.439573
-0.481168
-0.517762
-0.546168
-0.558383
-0.530192
-0.369379
-0.0234302
-0.0701661
-0.116527
-0.162254
-0.207079
-0.250707
-0.292807
-0.332974
-0.370664
-0.405055
-0.434763
-0.45731
-0.468282
-0.461404
-0.441618
-0.0192301
-0.0575886
-0.0956401
-0.133173
-0.169963
-0.205764
-0.240293
-0.273207
-0.304054
-0.332201
-0.356745
-0.376502
-0.390589
-0.401597
-0.429071
-0.0151007
-0.0452247
-0.0751144
-0.104608
-0.133534
-0.161703
-0.188903
-0.21488
-0.239323
-0.261855
-0.282055
-0.299642
-0.315045
-0.330369
-0.347131
-0.0110253
-0.0330236
-0.0548641
-0.0764378
-0.09763
-0.118317
-0.138363
-0.157619
-0.175924
-0.193133
-0.209184
-0.224308
-0.239565
-0.258153
-0.290277
-0.00698616
-0.0209322
-0.0347991
-0.0485326
-0.062077
-0.0753753
-0.0883716
-0.101018
-0.11329
-0.12522
-0.136959
-0.148888
-0.161777
-0.176546
-0.190208
-0.00296524
-0.00889574
-0.0148265
-0.0207583
-0.0266943
-0.0326424
-0.0386221
-0.0446767
-0.0508945
-0.0574415
-0.0646005
-0.0728047
-0.0826869
-0.0957131
-0.12092
0.00105579
0.00314118
0.00514744
0.00701955
0.00869797
0.010114
0.0111811
0.0117793
0.0117305
0.0107629
0.00848514
0.00444374
-0.00141282
-0.00642231
0.00580828
0.00509516
0.0152336
0.0252153
0.0349332
0.0442741
0.0531149
0.0613124
0.0686875
0.0749959
0.0798799
0.0827998
0.082955
0.0792767
0.0708994
0.0599992
0.00917083
0.0274354
0.0454677
0.0631102
0.0802
0.0965653
0.112018
0.12634
0.139254
0.150366
0.159041
0.164134
0.163236
0.149979
0.100858
0.0133004
0.0397993
0.0659924
0.0916732
0.116632
0.140653
0.163514
0.184976
0.204771
0.22255
0.237779
0.24948
0.255789
0.253975
0.247691
0.0175009
0.0523768
0.0868746
0.12074
0.153718
0.185551
0.215985
0.244777
0.271694
0.296515
0.318979
0.338584
0.353995
0.361089
0.344182
0.0217892
0.0652182
0.108198
0.150427
0.191603
0.231425
0.269605
0.305886
0.340081
0.372129
0.402176
0.430617
0.457993
0.48489
0.516975
0.0261819
0.078373
0.130045
0.180849
0.230432
0.278445
0.32455
0.368453
0.40997
0.449147
0.486503
0.523407
0.562347
0.605112
0.636024
0.030695
0.0918898
0.152497
0.212121
0.270357
0.326795
0.38103
0.432689
0.481496
0.527443
0.571163
0.614803
0.664069
0.733595
0.865866
0.0353441
0.105816
0.175636
0.244361
0.311535
0.376682
0.439309
0.498914
0.555022
0.607302
0.655897
0.702317
0.751749
0.818542
0.936332
0.040144
0.120196
0.199538
0.277683
0.354124
0.428324
0.499695
0.567579
0.631221
0.689737
0.742161
0.787763
0.827403
0.86811
0.935237
0.0451081
0.135072
0.224274
0.312191
0.398276
0.481937
0.56251
0.639203
0.710994
0.77642
0.833182
0.877377
0.902346
0.899368
0.883237
0.050248
0.150478
0.249904
0.347976
0.444116
0.537701
0.628028
0.714243
0.795201
0.86914
0.932951
0.980369
0.996728
0.939794
0.650285
0.0555735
0.166443
0.276477
0.385105
0.491734
0.595733
0.696408
0.792946
0.884298
0.96891
1.04413
1.10496
1.14203
1.14176
1.11948
0.0610919
0.18299
0.30403
0.423626
0.541183
0.656079
0.767669
0.875262
0.978092
1.07522
1.16531
1.24607
1.31331
1.35906
1.36221
0.0668089
0.200135
0.332585
0.463566
0.592481
0.718726
0.841711
0.960894
1.07586
1.18645
1.29299
1.39661
1.49954
1.60597
1.73326
0.0727287
0.21789
0.362161
0.504944
0.645635
0.783639
0.918398
1.04947
1.17668
1.3005
1.42272
1.54764
1.68337
1.83844
1.98332
0.0788541
0.236263
0.392772
0.547774
0.700656
0.850808
0.997652
1.14072
1.27986
1.41568
1.55059
1.69121
1.8538
2.07802
2.47192
0.0851873
0.255261
0.424428
0.592075
0.757572
0.920274
1.07953
1.23471
1.38536
1.53149
1.67451
1.81955
1.98146
2.19982
2.57331
0.0917293
0.274887
0.457139
0.637867
0.816427
0.992132
1.16423
1.33186
1.494
1.64948
1.79705
1.93618
2.06994
2.21394
2.41416
0.0984797
0.295142
0.490907
0.685161
0.877259
1.06649
1.25203
1.43281
1.60728
1.77296
1.92546
2.05658
2.15132
2.18906
2.20664
0.105436
0.316016
0.525719
0.733947
0.940073
1.14341
1.34313
1.53813
1.72666
1.9056
2.06871
2.20224
2.27229
2.1782
1.53569
0.112593
0.337496
0.561551
0.784185
1.00482
1.22282
1.4375
1.64793
1.85269
2.04923
2.23249
2.392
2.50727
2.54818
2.55148
0.119945
0.359562
0.598361
0.835804
1.07137
1.30454
1.53481
1.76166
1.98442
2.20208
2.41274
2.61249
2.79388
2.9443
3.03581
0.127486
0.382191
0.636103
0.888716
1.13956
1.38825
1.63448
1.8782
2.11966
2.35978
2.60054
2.84573
3.10197
3.38132
3.72261
0.135209
0.405363
0.674736
0.942839
1.20924
1.47363
1.73588
1.99627
2.25582
2.51701
2.78525
3.07126
3.39402
3.7753
4.16851
0.143112
0.42907
0.714237
0.998124
1.2803
1.56047
1.83855
2.1149
2.39079
2.66932
2.95757
3.27124
3.64539
4.16097
5.02888
0.151197
0.453315
0.754613
1.05457
1.35273
1.64872
1.94237
2.23381
2.52389
2.81485
3.11218
3.42918
3.7985
4.30193
5.14559
0.15947
0.478119
0.795899
1.11225
1.42663
1.73857
2.04767
2.35363
2.65633
2.95589
3.25308
3.55072
3.85844
4.20655
4.6639
0.167941
0.503514
0.838158
1.17126
1.50219
1.83035
2.1551
2.47566
2.79088
3.0985
3.39361
3.6652
3.89025
4.03526
4.17451
0.176622
0.529539
0.881467
1.23173
1.57964
1.92446
2.26537
2.60134
2.93063
3.24973
3.5504
3.8119
3.97755
3.86789
2.77685
0.185526
0.556234
0.925903
1.29381
1.65918
2.02121
2.37902
2.73157
3.07738
3.41366
3.73428
4.02508
4.25594
4.38193
4.47819
0.194661
0.583633
0.971534
1.3576
1.74099
2.12084
2.49625
2.86641
3.23064
3.58837
3.93876
4.27976
4.60704
4.9165
5.20621
0.204033
0.611754
1.01841
1.42319
1.82521
2.22347
2.61704
3.00526
3.3883
3.76805
4.14965
4.54382
4.97037
5.46464
6.10634
0.213638
0.640593
1.06654
1.49066
1.91196
2.32929
2.74146
3.14761
3.54812
3.9463
4.35165
4.78523
5.28651
5.91019
6.63743
0.223459
0.670108
1.11589
1.56002
2.0014
2.43862
2.86994
3.29375
3.70942
4.11943
4.53389
4.97944
5.51745
6.2836
7.59649
0.233455
0.700198
1.16635
1.63122
2.09366
2.55193
3.00354
3.44543
3.87449
4.28931
4.69435
5.10925
5.58974
6.27706
7.53426
0.243557
0.730666
1.21765
1.70404
2.18875
2.66976
3.14378
3.60588
4.04928
4.46581
4.84778
5.1933
5.51814
5.87448
6.32562
0.253651
0.76119
1.26931
1.77795
2.2863
2.79234
3.29218
3.77916
4.24256
4.66612
5.0263
5.29146
5.4244
5.40579
5.41398
0.263569
0.791275
1.32055
1.85199
2.38537
2.91912
3.44939
3.96865
4.46335
4.91023
5.27061
5.48118
5.43563
4.91821
3.22559
0.273081
0.820232
1.37024
1.92459
2.48409
3.0482
3.61412
4.17505
4.71714
5.21419
5.61871
5.84847
5.77427
5.24646
4.34156
0.281894
0.847169
1.41683
1.99355
2.5795
3.1759
3.78217
4.39435
5.002
5.58218
6.0879
6.42653
6.42759
5.83625
4.57769
0.289661
0.871017
1.45847
2.05602
2.66756
3.29663
3.94599
4.61664
5.3057
6.00163
6.67284
7.23868
7.49195
6.88902
4.01633
0.296002
0.890593
1.49301
2.10868
2.74333
3.40314
4.09488
4.82597
5.60441
6.43797
7.33065
8.26751
9.15053
9.51752
7.25073
0.300529
0.904689
1.51829
2.14807
2.80152
3.48738
4.21633
5.00228
5.86461
6.83291
7.95733
9.33334
11.1673
13.9743
19.1936
18.5883
13.3475
10.6363
8.90371
7.61198
6.55387
5.63788
4.81768
4.06658
3.36727
2.70733
2.07715
1.46882
0.875461
0.290861
6.24848
8.75966
8.58615
7.84083
6.9997
6.17533
5.39271
4.65406
3.95542
3.29114
2.65535
2.04235
1.44668
0.863198
0.286935
2.71345
6.03567
6.93273
6.84411
6.37547
5.7675
5.11673
4.46247
3.82022
3.1951
2.58745
1.99541
1.41602
0.845877
0.281334
2.51009
4.9954
5.96346
6.11095
5.84771
5.38909
4.84294
4.26233
3.67298
3.0868
2.50862
1.93959
1.37888
0.824624
0.274417
4.0668
5.00845
5.56372
5.66269
5.45533
5.07118
4.59282
4.06807
3.52338
2.97281
2.42333
1.87791
1.33719
0.800522
0.266531
4.80947
5.28947
5.48051
5.42683
5.18545
4.81843
4.37468
3.88747
3.37773
2.85794
2.33513
1.81287
1.29262
0.774523
0.257988
6.09018
5.77082
5.56692
5.32101
5.00255
4.61873
4.18651
3.72233
3.2389
2.74506
2.24645
1.74637
1.24649
0.747403
0.249042
6.74084
6.17162
5.68216
5.26526
4.8648
4.45239
4.02034
3.57038
3.10716
2.63537
2.15869
1.67964
1.19974
0.719746
0.239889
7.83864
6.51668
5.74667
5.1978
4.7351
4.29948
3.86641
3.42747
2.98124
2.52897
2.07249
1.61344
1.15301
0.691957
0.23067
7.84503
6.47809
5.6573
5.07025
4.58636
4.14457
3.71637
3.28945
2.8594
2.42538
1.98797
1.54811
1.10666
0.664297
0.221478
6.80015
6.0599
5.40531
4.87081
4.40817
3.98004
3.56528
3.15347
2.74019
2.32405
1.90508
1.48381
1.0609
0.636923
0.212369
6.23303
5.58194
5.06968
4.62123
4.20582
3.80604
3.41198
3.01838
2.62284
2.2246
1.8237
1.42059
1.01582
0.609922
0.203377
5.29412
5.00733
4.68951
4.34853
3.99242
3.6279
3.2582
2.8845
2.50728
2.12689
1.74379
1.35848
0.971489
0.583344
0.194522
4.54642
4.45407
4.32525
4.08615
3.78472
3.45323
3.10707
2.75296
2.39381
2.03099
1.66534
1.29747
0.927921
0.55721
0.185812
2.81643
3.92597
4.0374
3.86691
3.59775
3.2886
2.96135
2.62482
2.28279
1.93699
1.58836
1.23757
0.885126
0.531532
0.177253
4.22755
4.0909
3.9452
3.71607
3.43841
3.13643
2.82196
2.50042
2.17431
1.84488
1.51285
1.17876
0.843099
0.506309
0.168845
4.72166
4.262
3.91082
3.59881
3.29587
2.99284
2.68739
2.3791
2.06807
1.7545
1.43871
1.12102
0.801825
0.481537
0.160586
5.20936
4.35766
3.84914
3.47517
3.15329
2.85083
2.5547
2.25963
1.96352
1.66563
1.36583
1.06428
0.761283
0.457209
0.152477
5.09156
4.21491
3.69394
3.31527
2.99715
2.70435
2.42122
2.14081
1.86014
1.57803
1.29413
1.00852
0.721464
0.433323
0.144516
4.22199
3.8251
3.43985
3.11326
2.82336
2.5511
2.28578
2.02213
1.75772
1.49162
1.22359
0.95374
0.682377
0.409887
0.136707
3.77155
3.42715
3.14497
2.88572
2.63725
2.39297
2.14915
1.90391
1.65644
1.40652
1.15427
0.899986
0.644054
0.38692
0.129055
3.0782
2.98595
2.83413
2.65064
2.4482
2.23447
2.01346
1.78721
1.55682
1.32301
1.08634
0.847353
0.60655
0.36445
0.12157
2.58851
2.58611
2.54525
2.42868
2.26697
2.08098
1.88137
1.67335
1.45955
1.24145
1.02001
0.79596
0.569934
0.342515
0.114264
1.55994
2.21297
2.30893
2.23805
2.10257
1.93693
1.75511
1.56348
1.36524
1.16218
0.955463
0.745925
0.534276
0.321149
0.107147
2.24446
2.22669
2.18846
2.09228
1.95909
1.8041
1.63564
1.45818
1.27425
1.08545
0.892859
0.697345
0.499634
0.300387
0.10023
2.45766
2.25464
2.10823
1.97221
1.83072
1.68062
1.52242
1.35736
1.18665
1.01132
0.832274
0.65028
0.466052
0.280253
0.0935207
2.62434
2.24329
2.02079
1.85595
1.70834
1.56276
1.41395
1.26045
1.10223
0.939773
0.773724
0.604761
0.433555
0.260763
0.0870256
2.52337
2.12186
1.89333
1.72773
1.58455
1.44714
1.30873
1.1668
1.02075
0.870712
0.717192
0.560793
0.402155
0.241927
0.0807477
2.02872
1.88033
1.72218
1.58395
1.45676
1.33224
1.20595
1.07604
0.942017
0.804067
0.662655
0.518374
0.371858
0.22375
0.0746889
1.77556
1.64561
1.53723
1.43254
1.32711
1.21856
1.10569
0.988119
0.866019
0.739824
0.610109
0.477506
0.342665
0.206233
0.0688497
1.39944
1.39596
1.34973
1.28166
1.19965
1.10791
1.00869
0.903355
0.792865
0.678023
0.559565
0.438192
0.314577
0.189376
0.0632301
1.15227
1.17603
1.17742
1.14047
1.07898
1.00245
0.91595
0.822177
0.722737
0.618735
0.511048
0.400434
0.28759
0.173176
0.0578286
0.671797
0.971671
1.03177
1.01635
0.968752
0.903936
0.828273
0.744942
0.65578
0.56201
0.464564
0.364225
0.261694
0.157625
0.0526425
0.916156
0.933848
0.938586
0.914594
0.870503
0.812969
0.745931
0.671766
0.592028
0.50784
0.420091
0.32954
0.236868
0.142709
0.047667
0.972351
0.905052
0.865384
0.826822
0.781608
0.728616
0.668552
0.60247
0.531374
0.456147
0.377568
0.296331
0.213077
0.128406
0.042895
0.977457
0.857103
0.791442
0.743691
0.698134
0.649191
0.595366
0.536665
0.473594
0.406789
0.336893
0.264526
0.190271
0.114689
0.0383169
0.904656
0.771207
0.705092
0.659059
0.617031
0.573172
0.525578
0.473907
0.418416
0.359581
0.29794
0.234034
0.168391
0.101521
0.0339212
0.661929
0.638585
0.604825
0.571668
0.537216
0.499762
0.458637
0.41381
0.365567
0.314328
0.260564
0.204753
0.147365
0.0888622
0.0296944
0.520381
0.513226
0.504164
0.485198
0.459504
0.428918
0.394279
0.356096
0.314806
0.270835
0.224614
0.176569
0.127116
0.0766666
0.0256215
0.272173
0.389216
0.410405
0.40342
0.385204
0.360902
0.332395
0.300551
0.265913
0.228911
0.189937
0.149366
0.107563
0.0648861
0.0216866
0.320718
0.33179
0.33623
0.32946
0.315146
0.295821
0.272838
0.246957
0.21867
0.188362
0.156373
0.123022
0.0886198
0.0534699
0.0178729
0.30499
0.278989
0.269859
0.260753
0.248583
0.233291
0.215306
0.195041
0.172837
0.148986
0.123759
0.0974122
0.070198
0.0423657
0.014163
0.228886
0.214491
0.203488
0.19419
0.184201
0.172643
0.159368
0.144481
0.128153
0.110572
0.0919268
0.0724081
0.052208
0.0315202
0.0105393
0.173908
0.147652
0.135947
0.128118
0.120921
0.113196
0.104558
0.0949278
0.0843465
0.0729021
0.0607054
0.0478803
0.034559
0.0208796
0.00698397
0.0719284
0.0707239
0.0657267
0.0616182
0.0580188
0.0543923
0.0504441
0.0460425
0.0411449
0.0357592
0.0299243
0.0237001
0.0171608
0.0103905
0.00347928
0.00695299
-0.00355904
-0.00510051
-0.00522637
-0.00485646
-0.00418063
-0.00334805
-0.00249242
-0.00171228
-0.0010672
-0.000582803
-0.000258504
-7.48352e-05
4.92666e-07
7.87203e-06
-0.104802
-0.0840631
-0.076903
-0.0724084
-0.067937
-0.0628562
-0.0571507
-0.0509696
-0.0444709
-0.0377779
-0.0309754
-0.0241168
-0.0172334
-0.0103412
-0.00344711
-0.16517
-0.155133
-0.14685
-0.139569
-0.131435
-0.121961
-0.111279
-0.0996628
-0.0873601
-0.0745608
-0.0614036
-0.04799
-0.0343963
-0.0206832
-0.00690181
-0.25057
-0.224982
-0.216097
-0.207321
-0.19586
-0.181901
-0.166053
-0.148829
-0.13059
-0.111589
-0.092007
-0.0719857
-0.0516404
-0.0310716
-0.0103716
-0.274026
-0.283235
-0.285269
-0.276935
-0.262016
-0.243149
-0.221781
-0.198697
-0.174346
-0.149016
-0.122913
-0.0962044
-0.069038
-0.0415501
-0.0138712
-0.243956
-0.346473
-0.361642
-0.351123
-0.330913
-0.306132
-0.278699
-0.249442
-0.21878
-0.186977
-0.154236
-0.120739
-0.0866574
-0.0521604
-0.0174144
-0.481524
-0.470375
-0.455857
-0.432042
-0.402985
-0.370955
-0.336883
-0.301161
-0.264003
-0.225585
-0.186081
-0.145676
-0.104564
-0.0629424
-0.0210149
-0.621892
-0.596624
-0.556533
-0.516605
-0.477122
-0.437195
-0.396212
-0.353874
-0.310099
-0.264945
-0.21855
-0.171103
-0.122822
-0.0739361
-0.024686
-0.869821
-0.733176
-0.657104
-0.600862
-0.551568
-0.504168
-0.45648
-0.407582
-0.357151
-0.305162
-0.251745
-0.197107
-0.141497
-0.0851818
-0.0284414
-0.95498
-0.827675
-0.743914
-0.680297
-0.624702
-0.57134
-0.517588
-0.462352
-0.40528
-0.346367
-0.285785
-0.223784
-0.160659
-0.0967217
-0.0322951
-0.989161
-0.891949
-0.816743
-0.754165
-0.696285
-0.638783
-0.579722
-0.518396
-0.454682
-0.388728
-0.320805
-0.251238
-0.180382
-0.1086
-0.0362619
-1.01288
-0.940952
-0.880811
-0.824775
-0.767605
-0.707308
-0.643427
-0.576093
-0.505635
-0.432452
-0.356961
-0.279584
-0.200745
-0.120863
-0.0403569
-1.04152
-0.981781
-0.942033
-0.896174
-0.841097
-0.778318
-0.709526
-0.635952
-0.558475
-0.477772
-0.39442
-0.308941
-0.221828
-0.133557
-0.0445956
-0.991495
-1.00873
-1.0075
-0.973973
-0.919934
-0.853498
-0.778939
-0.698516
-0.613546
-0.524924
-0.43335
-0.339426
-0.24371
-0.146728
-0.0489928
-0.739861
-1.04852
-1.09541
-1.06601
-1.00737
-0.934311
-0.852417
-0.764227
-0.671144
-0.574118
-0.473902
-0.37115
-0.266466
-0.160419
-0.0535627
-1.30147
-1.27008
-1.23629
-1.17834
-1.10483
-1.02125
-0.930255
-0.833324
-0.731468
-0.625516
-0.516205
-0.404208
-0.290161
-0.174669
-0.0583181
-1.58857
-1.49331
-1.39394
-1.30148
-1.20926
-1.11331
-1.0122
-0.905826
-0.794622
-0.679236
-0.56036
-0.438679
-0.314852
-0.189511
-0.06327
-2.04428
-1.71939
-1.54677
-1.42443
-1.31628
-1.20893
-1.09779
-0.981664
-0.860665
-0.735363
-0.60645
-0.47463
-0.340586
-0.204973
-0.0684276
-2.14906
-1.8397
-1.66468
-1.53752
-1.4227
-1.30717
-1.18682
-1.06086
-0.929678
-0.79398
-0.654542
-0.512112
-0.367398
-0.221076
-0.0737979
-2.03765
-1.86672
-1.74931
-1.64201
-1.5296
-1.40874
-1.27971
-1.14367
-1.0018
-0.855173
-0.704694
-0.551164
-0.395316
-0.237837
-0.0793863
-1.87123
-1.85655
-1.82691
-1.75002
-1.64233
-1.51593
-1.37744
-1.23048
-1.07721
-0.919018
-0.756942
-0.591809
-0.424354
-0.255262
-0.0851955
-1.31014
-1.85673
-1.93728
-1.87936
-1.76802
-1.63149
-1.481
-1.32164
-1.15599
-0.985536
-0.811289
-0.634047
-0.454514
-0.273356
-0.0912266
-2.18909
-2.18052
-2.14375
-2.04576
-1.91116
-1.75668
-1.59067
-1.41713
-1.23807
-1.05466
-0.867689
-0.677853
-0.485784
-0.292114
-0.0974787
-2.6078
-2.52384
-2.39267
-2.23752
-2.06806
-1.88983
-1.70552
-1.51641
-1.32314
-1.1262
-0.926051
-0.723184
-0.518147
-0.311529
-0.10395
-3.20014
-2.89986
-2.65817
-2.43915
-2.23099
-2.02711
-1.82365
-1.6185
-1.41071
-1.19994
-0.986263
-0.769992
-0.551585
-0.331598
-0.110641
-3.57852
-3.2351
-2.90785
-2.63314
-2.39088
-2.16404
-1.94286
-1.72238
-1.50029
-1.27565
-1.04824
-0.81825
-0.586097
-0.352324
-0.117554
-4.2984
-3.55899
-3.12092
-2.80449
-2.53998
-2.29695
-2.0615
-1.82731
-1.59159
-1.35323
-1.11196
-0.867976
-0.621706
-0.373726
-0.124694
-4.38915
-3.6735
-3.24941
-2.93965
-2.67408
-2.42448
-2.17917
-1.93323
-1.68466
-1.43277
-1.17752
-0.919249
-0.658472
-0.395841
-0.132075
-3.96028
-3.58538
-3.29836
-3.044
-2.79697
-2.54891
-2.29716
-2.04089
-1.77996
-1.51458
-1.24514
-0.972216
-0.696493
-0.418724
-0.139714
-3.53964
-3.43608
-3.32447
-3.14312
-2.92047
-2.67579
-2.41817
-2.15169
-1.87829
-1.59913
-1.31511
-1.02708
-0.735898
-0.442448
-0.147635
-2.35456
-3.29221
-3.39886
-3.27077
-3.05912
-2.81151
-2.54521
-2.26717
-1.98052
-1.68699
-1.38781
-1.08408
-0.776838
-0.467096
-0.155864
-3.78845
-3.72524
-3.6361
-3.45625
-3.22261
-2.96005
-2.68027
-2.38852
-2.08743
-1.77867
-1.4636
-1.14347
-0.81947
-0.492753
-0.164429
-4.4003
-4.17607
-3.93614
-3.67888
-3.40602
-3.12038
-2.82348
-2.51622
-2.19956
-1.87466
-1.54284
-1.20548
-0.863941
-0.519499
-0.173353
-5.1517
-4.63757
-4.24798
-3.91214
-3.59814
-3.28837
-2.97373
-2.65032
-2.3173
-1.97534
-1.62583
-1.27033
-0.910377
-0.547394
-0.182657
-5.59108
-5.0123
-4.52221
-4.13001
-3.78711
-3.45957
-3.12989
-2.79096
-2.44112
-2.08117
-1.71288
-1.33818
-0.958861
-0.576474
-0.192346
-6.37355
-5.32513
-4.72818
-4.31339
-3.96522
-3.63203
-3.29231
-2.93906
-2.57184
-2.19269
-1.80429
-1.40916
-1.00941
-0.606722
-0.202413
-6.31122
-5.32408
-4.80733
-4.45023
-4.13269
-3.80879
-3.46392
-3.09673
-2.71074
-2.31054
-1.90027
-1.48326
-1.06194
-0.638051
-0.212823
-5.27495
-4.99599
-4.77528
-4.5593
-4.30434
-3.99983
-3.65081
-3.26732
-2.85942
-2.43527
-2.00085
-1.56026
-1.11618
-0.670265
-0.223503
-4.51473
-4.62706
-4.73962
-4.69511
-4.51019
-4.22147
-3.86135
-3.4547
-3.01929
-2.56706
-2.10562
-1.6396
-1.17162
-0.703021
-0.234336
-2.70303
-4.25763
-4.81268
-4.92804
-4.78792
-4.49236
-4.10386
-3.66185
-3.19074
-2.70517
-2.2135
-1.72022
-1.22743
-0.735791
-0.24514
-3.56571
-4.58198
-5.19077
-5.33796
-5.17348
-4.82749
-4.38314
-3.88892
-3.37209
-2.84742
-2.32242
-1.80042
-1.28236
-0.767832
-0.255669
-3.74996
-5.18895
-5.88914
-5.96385
-5.68502
-5.23074
-4.69671
-4.13141
-3.55872
-2.9898
-2.42918
-1.87781
-1.33478
-0.798182
-0.265607
-3.21806
-6.30857
-7.02157
-6.83476
-6.31827
-5.68919
-5.03172
-4.37878
-3.74254
-3.12632
-2.52943
-1.94933
-1.38266
-0.825695
-0.274581
-6.62732
-9.07876
-8.77828
-7.93414
-7.02941
-6.16709
-5.36331
-4.6143
-3.91229
-3.24929
-2.61792
-2.01145
-1.42374
-0.849101
-0.282184
-19.1564
-13.7597
-10.9118
-9.07525
-7.71077
-6.60397
-5.65654
-4.81695
-4.05479
-3.3502
-2.68904
-2.06046
-1.45567
-0.867102
-0.287998
0.30286
0.912141
1.5323
2.17124
2.83797
3.54336
4.30131
5.13077
6.05956
7.13209
8.42669
10.0969
12.4835
16.4734
24.8048
0.302093
0.910176
1.53017
2.17077
2.84196
3.55582
4.32782
5.17885
6.1388
7.25288
8.59296
10.2763
12.4889
15.468
19.1272
0.297407
0.896239
1.50733
2.1396
2.80314
3.50998
4.27506
5.11766
6.06344
7.14721
8.41565
9.92594
11.7265
13.782
15.7487
0.288686
0.869984
1.46324
2.07704
2.72088
3.40574
4.14457
4.95294
5.8496
6.85641
7.99622
9.28475
10.709
12.1841
13.4893
0.276017
0.831717
1.39854
1.98432
2.59749
3.24738
3.94431
4.69959
5.52515
6.43211
7.42751
8.50673
9.63969
10.755
11.7313
0.259665
0.782279
1.31481
1.8641
2.43728
3.04184
3.68545
4.37566
5.11896
5.91922
6.77488
7.67406
8.58737
9.4641
10.2366
0.240015
0.72288
1.21427
1.71992
2.24561
2.79709
3.37978
3.99825
4.65533
5.35072
6.07905
6.82728
7.57165
8.27767
8.90545
0.217518
0.654917
1.0994
1.55561
2.0281
2.52106
3.03814
3.58183
4.15276
4.74858
5.36288
5.98393
6.59371
7.1689
7.6847
0.192639
0.57983
0.972723
1.37499
1.79005
2.2209
2.66984
3.13801
3.62485
4.12732
4.6393
5.15114
5.64953
6.11857
6.54224
0.165831
0.498994
0.836612
1.18149
1.53614
1.90264
2.28232
2.67554
3.08117
3.49623
3.91548
4.33135
4.73417
5.113
5.45722
0.137507
0.413659
0.693176
0.978134
1.27033
1.57113
1.88128
2.20068
2.52809
2.8609
3.19493
3.52447
3.84261
4.14182
4.41497
0.108032
0.32492
0.54424
0.767463
0.995823
1.2302
1.47095
1.7178
1.96964
2.22437
2.47885
2.72899
2.96997
3.19669
3.40441
0.0777214
0.23372
0.391351
0.551589
0.715228
0.882794
1.05445
1.2299
1.40827
1.58807
1.76713
1.94269
2.11161
2.2706
2.41663
0.0468482
0.140864
0.235819
0.332263
0.43064
0.531228
0.634087
0.739001
0.845428
0.952469
1.05886
1.16301
1.26315
1.35744
1.44419
-32271.1
-32213.3
-32155.6
-32098
-32040.7
-31983.7
-31927
-31870.8
-31815
-31759.9
-31705.4
-31651.6
-31598.6
-31546.4
-31495.2
33.4647
-4.7838
45.0468
8.45119
45.0522
16.5527
-11.5688
25.0417
-9.8391
43.9067
9.80808
43.1239
15.1825
40.0044
19.2722
-0.622306
23.6421
0.153321
34.19
12.329
31.8428
16.006
1.18073
17.6746
0.790147
18.5179
0.843514
25.1423
9.1879
22.4982
11.042
0.348359
11.4589
-0.681122
11.3976
-1.43779
15.6833
3.86428
13.4355
4.63423
-3.80123
4.52009
-5.50062
4.31867
-6.93056
8.41415
-2.71643
6.80743
-2.86636
4.85057
-3.07912
-11.1926
-2.65739
-13.1774
1.44422
-9.52176
0.220011
-9.01063
-18.5507
-8.84342
-21.491
-8.19957
-23.7248
-1.03816
-17.2744
-1.7122
-15.4243
-29.6957
-13.9569
-33.1702
-11.6207
-35.3607
0.909098
-23.8829
1.30208
-19.3813
-40.7955
-15.4183
-44.113
-10.1948
-45.2101
10.0154
-25.8882
12.06
-16.9279
-46.3173
-8.31177
-46.0523
5.73898
-33.5508
20.3729
15.085
22.85
18.8239
23.0768
16.0369
9.21498
14.0496
11.4299
21.5708
19.3558
24.7696
21.2526
23.613
18.0953
12.7903
15.4634
13.106
18.9493
16.7474
18.8029
14.575
10.3084
11.5618
9.03573
11.4558
9.73107
13.8197
12.0373
13.2088
9.96131
6.68112
7.2413
5.17347
6.57235
5.07232
7.73304
6.1803
6.79282
4.11554
1.39765
1.61765
-0.218578
0.815199
-0.541163
1.85864
0.508198
1.48502
-0.328561
-0.202729
-2.81757
-5.39504
-4.99834
-6.56963
-4.53409
-6.16689
-5.65035
-8.57454
-11.6093
-11.3312
-13.5575
-12.0141
-13.7187
-10.0493
-11.9976
-10.6567
-14.6366
-18.7915
-17.7816
-20.6773
-17.6354
-19.6899
-13.2902
-15.6792
-12.8638
-18.3526
-24.0729
-21.7051
-25.3636
-19.8915
-22.1921
-11.7726
-14.4464
-9.38943
-16.3737
-23.574
-19.0765
-23.1392
-14.9882
-20.3739
16.5253
16.1566
17.6313
17.2736
17.3617
15.2061
13.2124
13.7904
14.3227
17.0264
17.9172
19.2743
18.8583
18.5651
16.6111
14.7134
14.5276
14.2488
15.293
15.0343
14.8106
13.199
11.4866
10.8908
10.1581
10.3618
10.2469
10.9511
10.633
10.2824
8.92758
7.48336
6.80776
6.03566
5.92141
5.59076
5.85025
5.37841
4.88763
3.65536
2.3658
1.6761
0.930506
0.753506
0.439311
0.703711
0.381758
0.181103
-0.58325
-1.30912
-2.60966
-3.88023
-4.5053
-5.15562
-5.22973
-5.90684
-6.56573
-7.97912
-9.4382
-10.2124
-11.0525
-11.1511
-11.451
-10.9704
-11.4568
-11.9388
-13.5962
-15.3244
-15.9818
-16.7339
-16.3107
-16.1925
-14.8328
-14.9689
-15.0708
-16.9896
-18.9965
-19.3128
-19.7613
-18.3947
-17.4898
-14.7055
-14.1356
-13.4984
-15.5075
-17.6746
-17.5136
-17.8127
-16.2214
-16.5618
14.2248
14.573
15.0504
15.0805
14.8769
14.1412
13.5059
13.5963
14.0881
15.0916
15.8062
16.3316
16.2865
15.9078
15.0453
14.1703
13.7252
13.486
13.512
13.2704
12.8161
11.9679
11.0561
10.4166
9.93172
9.72596
9.58268
9.55445
9.27526
8.80196
8.02236
7.17855
6.51295
5.95031
5.58193
5.25925
5.02056
4.60381
4.05021
3.27764
2.47005
1.81491
1.26068
0.88931
0.586559
0.393197
0.0807453
-0.310931
-0.893216
-1.58787
-2.44484
-3.29494
-3.9759
-4.57131
-5.05696
-5.67293
-6.39452
-7.31784
-8.25335
-8.99887
-9.61498
-9.99824
-10.3073
-10.4987
-10.9223
-11.5277
-12.4535
-13.3991
-14.0454
-14.4829
-14.5463
-14.4827
-14.2209
-14.3074
-14.6608
-15.4992
-16.3538
-16.7295
-16.7721
-16.2323
-15.4932
-14.4489
-13.9209
-13.7961
-14.4126
-15.1266
-15.2872
-15.2073
-14.6717
-14.2848
12.3839
12.8015
13.1121
13.2224
13.1565
12.9301
12.7527
12.8223
13.1148
13.5711
13.9659
14.2089
14.1934
13.9456
13.496
13.0067
12.6248
12.3397
12.1153
11.8113
11.3878
10.8269
10.2325
9.71836
9.30242
8.99925
8.75196
8.5184
8.19634
7.76194
7.20902
6.6165
6.06936
5.58473
5.17625
4.80646
4.44703
4.02606
3.52791
2.9502
2.35463
1.8083
1.3275
0.926318
0.576358
0.254328
-0.105987
-0.528225
-1.04108
-1.63259
-2.28958
-2.9529
-3.56933
-4.14469
-4.69608
-5.28646
-5.93232
-6.63848
-7.34154
-7.97112
-8.5122
-8.95153
-9.33227
-9.6916
-10.1253
-10.6544
-11.2815
-11.9037
-12.4084
-12.7694
-12.9636
-13.057
-13.1062
-13.26
-13.5511
-13.9839
-14.3996
-14.6242
-14.6202
-14.3555
-13.9346
-13.4475
-13.1241
-13.0249
-13.176
-13.3745
-13.4058
-13.257
-12.9069
-12.4553
10.7952
11.1834
11.4611
11.6169
11.6664
11.6473
11.6429
11.7265
11.9045
12.1381
12.3435
12.4572
12.4339
12.2732
12.003
11.6874
11.3842
11.105
10.8325
10.5236
10.1567
9.73359
9.29263
8.87818
8.5102
8.19157
7.90102
7.60939
7.27881
6.89223
6.45241
5.98881
5.5355
5.1093
4.71466
4.33858
3.96199
3.55933
3.12011
2.6484
2.16829
1.70729
1.27968
0.889605
0.525995
0.170679
-0.203445
-0.614907
-1.07556
-1.58286
-2.12503
-2.67822
-3.22169
-3.75238
-4.27887
-4.81988
-5.38309
-5.96332
-6.53529
-7.07054
-7.55561
-7.98887
-8.38768
-8.77708
-9.19034
-9.6397
-10.1157
-10.5772
-10.978
-11.2954
-11.5255
-11.6942
-11.84
-12.0144
-12.2366
-12.4927
-12.7196
-12.8472
-12.8427
-12.7027
-12.4706
-12.2092
-12.0034
-11.8925
-11.8703
-11.862
-11.783
-11.5962
-11.2877
-10.871
9.37915
9.72479
9.98584
10.1649
10.2755
10.3436
10.4066
10.4951
10.6144
10.7458
10.8533
10.903
10.8724
10.7585
10.5755
10.3506
10.1091
9.861
9.60212
9.31974
9.00652
8.66613
8.31469
7.97122
7.64704
7.3436
7.05176
6.75663
6.44203
6.09932
5.73016
5.34641
4.96268
4.5885
4.22644
3.87152
3.51454
3.14531
2.75911
2.35872
1.95439
1.55817
1.17773
0.814706
0.463604
0.114026
-0.247226
-0.630855
-1.04298
-1.48306
-1.94479
-2.41773
-2.89265
-3.36633
-3.84097
-4.32159
-4.80964
-5.30037
-5.78223
-6.24256
-6.67398
-7.07619
-7.45696
-7.82857
-8.20374
-8.58693
-8.97125
-9.3384
-9.66792
-9.94751
-10.1759
-10.3648
-10.5329
-10.7001
-10.8736
-11.0436
-11.1827
-11.2606
-11.2605
-11.1828
-11.0487
-10.8911
-10.7461
-10.6323
-10.5443
-10.4511
-10.3148
-10.1099
-9.8235
-9.45397
8.08475
8.3872
8.62787
8.81056
8.94492
9.04625
9.13276
9.21836
9.30604
9.38718
9.44528
9.46341
9.43004
9.34263
9.20751
9.03685
8.84267
8.63172
8.40485
8.15956
7.89482
7.61394
7.32467
7.03588
6.75345
6.4784
6.20675
5.93148
5.64532
5.34414
5.02859
4.70365
4.37582
4.04997
3.72771
3.40723
3.08457
2.75559
2.41843
2.07464
1.72878
1.38625
1.05069
0.722624
0.399037
0.0742259
-0.258704
-0.605655
-0.970041
-1.35191
-1.74827
-2.15424
-2.56522
-2.97869
-3.39426
-3.81236
-4.23208
-4.64989
-5.0599
-5.45593
-5.83408
-6.19403
-6.53907
-6.87451
-7.20515
-7.53205
-7.851
-8.15326
-8.42924
-8.67269
-8.88284
-9.06467
-9.22644
-9.37586
-9.51505
-9.63824
-9.73299
-9.78585
-9.78898
-9.74348
-9.65984
-9.55428
-9.44296
-9.3343
-9.22515
-9.1014
-8.94479
-8.74015
-8.47822
-8.15568
6.87729
7.13727
7.35208
7.52448
7.66052
7.76886
7.85881
7.93718
8.00565
8.06032
8.09344
8.09668
8.06412
7.99411
7.8894
7.7557
7.59915
7.42419
7.23297
7.02629
6.80533
6.57281
6.33302
6.09049
5.84838
5.60748
5.36618
5.12131
4.86959
4.60908
4.34001
4.06455
3.78569
3.50585
3.22605
2.94576
2.66342
2.37743
2.08714
1.7934
1.4983
1.20425
0.912852
0.624122
0.336298
0.04622
-0.249845
-0.555163
-0.871694
-1.19965
-1.53764
-1.88321
-2.23386
-2.58768
-2.9435
-3.30037
-3.65677
-4.01016
-4.35716
-4.69444
-5.01979
-5.3327
-5.63431
-5.92661
-6.21118
-6.4878
-6.75391
-7.00505
-7.23645
-7.44484
-7.62952
-7.79237
-7.9367
-8.06529
-8.17838
-8.27273
-8.34246
-8.38147
-8.38632
-8.35785
-8.30132
-8.22453
-8.13488
-8.03602
-7.92612
-7.79825
-7.64312
-7.45217
-7.21954
-6.94274
5.73333
5.95159
6.13657
6.28991
6.41515
6.5171
6.60067
6.66939
6.72428
6.76362
6.78377
6.78066
6.7513
6.69474
6.61225
6.50667
6.38138
6.23933
6.08263
5.91291
5.73182
5.54155
5.34473
5.14394
4.94103
4.73667
4.5303
4.32059
4.1061
3.88597
3.66029
3.43006
3.19669
2.96142
2.72489
2.48705
2.24737
2.00531
1.7607
1.51402
1.26623
1.0184
0.771156
0.524328
0.276835
0.0268876
-0.227591
-0.488431
-0.756773
-1.03283
-1.31591
-1.60472
-1.89775
-2.19358
-2.49101
-2.78882
-3.08555
-3.37935
-3.66811
-3.94983
-4.22309
-4.48728
-4.74256
-4.98945
-5.2282
-5.45823
-5.67789
-5.88475
-6.07626
-6.25057
-6.40703
-6.54613
-6.66898
-6.77639
-6.868
-6.94198
-6.99544
-7.02558
-7.03086
-7.01186
-6.97118
-6.91251
-6.83923
-6.75286
-6.65224
-6.53375
-6.3925
-6.22373
-6.02401
-5.79188
4.63635
4.81362
4.96642
5.09558
5.20308
5.29156
5.36365
5.42127
5.46506
5.49431
5.50733
5.50219
5.47739
5.43248
5.3681
5.2858
5.18755
5.07533
4.95086
4.81569
4.67136
4.51954
4.36198
4.20028
4.03564
3.8686
3.69909
3.52663
3.35064
3.17075
2.98705
2.80002
2.61036
2.41874
2.22556
2.03092
1.83472
1.63681
1.43721
1.23619
1.03419
0.831678
0.628843
0.425477
0.220899
0.0140721
-0.196181
-0.4109
-0.630748
-0.855878
-1.08593
-1.32015
-1.55758
-1.7972
-2.03797
-2.27882
-2.51855
-2.7558
-2.98918
-3.21738
-3.4394
-3.65464
-3.86286
-4.06396
-4.25772
-4.44351
-4.62023
-4.78646
-4.94073
-5.0819
-5.20939
-5.32314
-5.42335
-5.51006
-5.58282
-5.64057
-5.68182
-5.70524
-5.71015
-5.69686
-5.66664
-5.62122
-5.56211
-5.48986
-5.40371
-5.3017
-5.18118
-5.03954
-4.8749
-4.68648
3.57399
3.71099
3.83038
3.93255
4.01852
4.08973
4.1476
4.19318
4.22689
4.24848
4.2572
4.25212
4.23258
4.19837
4.14988
4.08802
4.01398
3.92909
3.83461
3.73178
3.62181
3.50592
3.38529
3.261
3.13382
3.0042
2.87227
2.73789
2.60088
2.46113
2.3187
2.17385
2.02697
1.8784
1.72841
1.57713
1.42459
1.2708
1.11582
0.959804
0.802956
0.645452
0.487327
0.328392
0.168219
0.00619882
-0.158341
-0.325993
-0.497137
-0.671867
-0.849975
-1.031
-1.21433
-1.39922
-1.58489
-1.77052
-1.95518
-2.13794
-2.31782
-2.49394
-2.66559
-2.83223
-2.99353
-3.14918
-3.29884
-3.44197
-3.57783
-3.70553
-3.82418
-3.93305
-4.03166
-4.11977
-4.19726
-4.26393
-4.31939
-4.363
-4.39398
-4.41166
-4.41572
-4.40632
-4.38405
-4.3497
-4.3039
-4.24683
-4.17797
-4.09624
-4.00018
-3.88841
-3.7599
-3.61435
2.53644
2.63379
2.71924
2.79291
2.85532
2.90721
2.94933
2.98227
3.00628
3.02129
3.027
3.023
3.00898
2.98491
2.95102
2.90785
2.85615
2.79673
2.73048
2.65824
2.58087
2.49919
2.41399
2.32595
2.23558
2.14323
2.04904
1.95302
1.85516
1.75542
1.65389
1.5507
1.44606
1.34016
1.23318
1.12522
1.01633
0.906559
0.795972
0.68465
0.572686
0.46014
0.346991
0.233099
0.118204
0.00195396
-0.116027
-0.236069
-0.358382
-0.483016
-0.609845
-0.738591
-0.868854
-1.00015
-1.13194
-1.26365
-1.39464
-1.52428
-1.65194
-1.77703
-1.89906
-2.01762
-2.1324
-2.24312
-2.34944
-2.45099
-2.54726
-2.63772
-2.72181
-2.79907
-2.86915
-2.93179
-2.98683
-3.03403
-3.07312
-3.1037
-3.12537
-3.13777
-3.14076
-3.13438
-3.11891
-3.09469
-3.06198
-3.02077
-2.97076
-2.91135
-2.84176
-2.76127
-2.66937
-2.56596
1.51559
1.5738
1.6251
1.66953
1.70731
1.73879
1.76435
1.78425
1.79866
1.80756
1.81084
1.80833
1.79993
1.78562
1.76557
1.74005
1.70947
1.67429
1.63502
1.59214
1.54618
1.49759
1.44684
1.39429
1.34027
1.28496
1.22848
1.17088
1.11217
1.05237
0.991515
0.929692
0.866999
0.803541
0.739408
0.674665
0.609361
0.54353
0.477211
0.410448
0.343277
0.275717
0.207741
0.139265
0.0701476
0.00020864
-0.070744
-0.142875
-0.21629
-0.291011
-0.366968
-0.444009
-0.521908
-0.600392
-0.679146
-0.757828
-0.836076
-0.913521
-0.989801
-1.06458
-1.13756
-1.2085
-1.27719
-1.34342
-1.40699
-1.46765
-1.52513
-1.57912
-1.62933
-1.67548
-1.71737
-1.75483
-1.78771
-1.81587
-1.83913
-1.85728
-1.87013
-1.87749
-1.8793
-1.87557
-1.86642
-1.85196
-1.8323
-1.80741
-1.77711
-1.7411
-1.69902
-1.6505
-1.59534
-1.53352
-31449.1
-31408
-31367.6
-31327.9
-31289.1
-31251
-31213.8
-31177.4
-31141.8
-31107.1
-31073.2
-31040.2
-31008.1
-30976.8
-30946.3
-30916.7
-30887.9
-30859.9
-30832.7
-30806.3
-30780.6
-30755.6
-30731.4
-30707.8
-30684.9
-30662.7
-30641
-30619.9
-30599.4
-30579.4
-30559.9
-30540.9
-30522.3
-30504.1
-30486.3
-30468.9
-30451.7
-30434.9
-30418.3
-30402
-30385.8
-30369.8
-30354
-30338.2
-30322.5
-30306.8
-30291.2
-30275.5
-30259.7
-30243.9
-30227.9
-30211.7
-30195.4
-30178.7
-30161.8
-30144.6
-30127.1
-30109.1
-30090.7
-30071.9
-30052.5
-30032.6
-30012.2
-29991.1
-29969.4
-29947.1
-29924
-29900.3
-29875.8
-29850.5
-29824.5
-29797.7
-29770
-29741.5
-29712.1
-29681.9
-29650.8
-29618.8
-29585.9
-29552.2
-29517.6
-29482.1
-29445.7
-29408.4
-29370.4
-29331.4
-29291.7
-29251.2
-29209.9
-29167.8
-24.9069
-16.3854
-12.322
-9.90933
-8.2348
-6.94643
-5.8862
-4.97345
-4.16233
-3.42417
-2.7395
-2.09412
-1.47696
-0.87884
-0.291743
-19.1438
-15.4184
-12.3877
-10.1464
-8.45067
-7.10879
-5.99993
-5.04992
-4.21202
-3.45528
-2.75815
-2.1047
-1.48253
-0.881423
-0.292481
-15.7629
-13.7557
-11.6635
-9.83713
-8.31217
-7.03765
-5.95437
-5.01397
-4.18028
-3.42661
-2.73295
-2.08387
-1.46695
-0.871784
-0.289219
-13.5167
-12.1776
-10.6728
-9.22591
-7.92263
-6.77477
-5.76554
-4.87102
-4.0683
-3.33772
-2.66303
-2.03074
-1.42951
-0.84949
-0.281812
-11.7709
-10.7645
-9.6236
-8.47046
-7.37713
-6.3728
-5.46164
-4.636
-3.88393
-3.19277
-2.55054
-1.94645
-1.37079
-0.814791
-0.27033
-10.2844
-9.48522
-8.58595
-7.65462
-6.7421
-5.87726
-5.07189
-4.32714
-3.63847
-2.9987
-2.39978
-1.83359
-1.29231
-0.768502
-0.255027
-8.95621
-8.30538
-7.57975
-6.81946
-6.05898
-5.32191
-4.62124
-3.96199
-3.3439
-2.76361
-2.21614
-1.69571
-1.19629
-0.711826
-0.236285
-7.73523
-7.19976
-6.60772
-5.98406
-5.35212
-4.72986
-4.12895
-3.55549
-3.01136
-2.49558
-2.00533
-1.53671
-1.08526
-0.646181
-0.214562
-6.59056
-6.15029
-5.66693
-5.15663
-4.63531
-4.11625
-3.60903
-3.11948
-2.65033
-2.20188
-1.77277
-1.36048
-0.96179
-0.573042
-0.190339
-5.5016
-5.1436
-4.75282
-4.33998
-3.91603
-3.49063
-3.07125
-2.66293
-2.26845
-1.88874
-1.5233
-1.17057
-0.828323
-0.493825
-0.164077
-4.45371
-4.16944
-3.86054
-3.53422
-3.19801
-2.85882
-2.52226
-2.19238
-1.87167
-1.56122
-1.261
-0.970115
-0.687041
-0.409815
-0.136198
-3.43603
-3.21975
-2.98554
-2.7382
-2.48284
-2.22425
-1.96647
-1.71256
-1.46452
-1.22337
-0.98929
-0.761789
-0.53987
-0.32217
-0.107091
-2.43996
-2.28786
-2.12356
-1.9501
-1.77078
-1.58875
-1.40671
-1.22678
-1.05041
-0.878388
-0.710948
-0.547839
-0.388447
-0.231888
-0.0770961
-1.45844
-1.36808
-1.27062
-1.16776
-1.06135
-0.953155
-0.844749
-0.737365
-0.631869
-0.528765
-0.428222
-0.330131
-0.234161
-0.139816
-0.0464917
-29120.7
-29068.4
-29015.2
-28961.1
-28906.2
-28850.5
-28794.3
-28737.4
-28680.1
-28622.3
-28564.2
-28505.8
-28447.1
-28388.4
-28329.5
)
;

boundaryField
{
    hot
    {
        type            calculated;
        value           nonuniform List<scalar> 
120
(
32271.5
-0.0433482
-0.0720394
-0.100394
-0.128239
-0.155344
-0.181421
-0.206135
-0.229091
-0.249848
-0.267955
-0.282987
-0.294597
-0.302571
-0.306866
-0.307828
-0.306215
-0.30261
-0.297309
-0.290624
-0.282853
-0.274263
-0.265081
-0.255488
-0.245631
-0.235624
-0.22556
-0.215515
-0.205552
-0.195727
-0.186082
-0.176653
-0.167468
-0.158544
-0.149896
-0.141531
-0.133452
-0.125656
-0.118138
-0.110887
-0.103895
-0.0971473
-0.090635
-0.0843482
-0.078279
-0.0724204
-0.0667656
-0.061307
-0.0560358
-0.0509419
-0.0460141
-0.0412404
-0.0366083
-0.0321048
-0.0277168
-0.0234302
-0.0192301
-0.0151007
-0.0110253
-0.00698616
-0.00296524
0.00105579
0.00509516
0.00917083
0.0133004
0.0175009
0.0217892
0.0261819
0.030695
0.0353441
0.040144
0.0451081
0.050248
0.0555735
0.0610919
0.0668089
0.0727287
0.0788541
0.0851873
0.0917293
0.0984797
0.105436
0.112593
0.119945
0.127486
0.135209
0.143112
0.151197
0.15947
0.167941
0.176622
0.185526
0.194661
0.204033
0.213638
0.223459
0.233455
0.243557
0.253651
0.263569
0.273081
0.281894
0.289661
0.296002
0.300529
0.30286
0.302093
0.297407
0.288686
0.276017
0.259665
0.240015
0.217518
0.192639
0.165831
0.137507
0.108032
0.0777214
0.0468482
-32271.1
)
;
    }
    cold
    {
        type            calculated;
        value           nonuniform List<scalar> 
120
(
28329
0.0451477
0.0748995
0.104107
0.132506
0.159794
0.185621
0.209591
0.231276
0.250235
0.266044
0.278346
0.286905
0.291653
0.292719
0.290861
0.286935
0.281334
0.274417
0.266531
0.257988
0.249042
0.239889
0.23067
0.221478
0.212369
0.203377
0.194522
0.185812
0.177253
0.168845
0.160586
0.152477
0.144516
0.136707
0.129055
0.12157
0.114264
0.107147
0.10023
0.0935207
0.0870256
0.0807477
0.0746889
0.0688497
0.0632301
0.0578286
0.0526425
0.047667
0.042895
0.0383169
0.0339212
0.0296944
0.0256215
0.0216866
0.0178729
0.014163
0.0105393
0.00698397
0.00347928
7.87203e-06
-0.00344711
-0.00690181
-0.0103716
-0.0138712
-0.0174144
-0.0210149
-0.024686
-0.0284414
-0.0322951
-0.0362619
-0.0403569
-0.0445956
-0.0489928
-0.0535627
-0.0583181
-0.06327
-0.0684276
-0.0737979
-0.0793863
-0.0851955
-0.0912266
-0.0974787
-0.10395
-0.110641
-0.117554
-0.124694
-0.132075
-0.139714
-0.147635
-0.155864
-0.164429
-0.173353
-0.182657
-0.192346
-0.202413
-0.212823
-0.223503
-0.234336
-0.24514
-0.255669
-0.265607
-0.274581
-0.282184
-0.287998
-0.291743
-0.292481
-0.289219
-0.281812
-0.27033
-0.255027
-0.236285
-0.214562
-0.190339
-0.164077
-0.136198
-0.107091
-0.0770961
-0.0464917
-28329.5
)
;
    }
    interface_left
    {
        type            calculated;
        value           nonuniform List<scalar> 
90
(
-19.2713
-9.50973
-6.76652
-6.86867
-6.27819
-4.27065
-6.87358
-7.88511
-9.08009
-9.03521
-7.72123
-7.01314
-5.85552
-4.98115
-3.03606
-4.46468
-4.93165
-5.33015
-5.13431
-4.08938
-3.40084
-1.98189
-2.76001
-2.96471
-3.01276
-3.0292
-3.08067
-2.8941
-2.21933
-1.8073
-1.02401
-1.36325
-1.43087
-1.39422
-1.36583
-1.33026
-1.21958
-0.888418
-0.698507
-0.369379
-0.441618
-0.429071
-0.347131
-0.290277
-0.190208
-0.12092
0.00580828
0.0599992
0.100858
0.247691
0.344182
0.516975
0.636024
0.865866
0.936332
0.935237
0.883237
0.650285
1.11948
1.36221
1.73326
1.98332
2.47192
2.57331
2.41416
2.20664
1.53569
2.55148
3.03581
3.72261
4.16851
5.02888
5.14559
4.6639
4.17451
2.77685
4.47819
5.20621
6.10634
6.63743
7.59649
7.53426
6.32562
5.41398
3.22559
4.34156
4.57769
4.01633
7.25073
19.1936
)
;
    }
    interface_right
    {
        type            calculated;
        value           nonuniform List<scalar> 
90
(
18.5883
6.24848
2.71345
2.51009
4.0668
4.80947
6.09018
6.74084
7.83864
7.84503
6.80015
6.23303
5.29412
4.54642
2.81643
4.22755
4.72166
5.20936
5.09156
4.22199
3.77155
3.0782
2.58851
1.55994
2.24446
2.45766
2.62434
2.52337
2.02872
1.77556
1.39944
1.15227
0.671797
0.916156
0.972351
0.977457
0.904656
0.661929
0.520381
0.272173
0.320718
0.30499
0.228886
0.173908
0.0719284
0.00695299
-0.104802
-0.16517
-0.25057
-0.274026
-0.243956
-0.481524
-0.621892
-0.869821
-0.95498
-0.989161
-1.01288
-1.04152
-0.991495
-0.739861
-1.30147
-1.58857
-2.04428
-2.14906
-2.03765
-1.87123
-1.31014
-2.18909
-2.6078
-3.20014
-3.57852
-4.2984
-4.38915
-3.96028
-3.53964
-2.35456
-3.78845
-4.4003
-5.1517
-5.59108
-6.37355
-6.31122
-5.27495
-4.51473
-2.70303
-3.56571
-3.74996
-3.21806
-6.62732
-19.1564
)
;
    }
    interface_top
    {
        type            calculated;
        value           nonuniform List<scalar> 
90
(
44.0136
-22.9151
63.5459
-2.28665
62.8541
16.723
-28.8943
35.6934
-28.3796
62.8406
-0.0551515
57.7418
8.13894
52.9284
19.7445
-12.0852
31.1907
-11.4296
46.8165
7.17418
42.1
16.7062
-6.70623
23.2894
-6.36449
24.7849
-7.26953
34.4305
5.69884
29.7625
11.5699
-5.13202
15.3471
-5.73218
15.727
-7.31708
22.2623
1.19463
18.7084
4.89806
-8.16813
7.36983
-9.89142
7.66701
-12.4765
14.0367
-5.88763
11.1665
-5.45845
9.02226
-3.22099
-15.8629
-0.127814
-18.7281
6.71372
-12.6856
5.20124
-9.17357
-24.0143
-5.89626
-27.7567
-4.12532
-32.108
6.94348
-22.1955
5.92136
-15.7297
-38.2537
-9.38526
-43.0349
-5.20951
-48.5089
13.4531
-31.5858
13.3254
-19.7777
-54.0153
-8.16632
-59.0491
-0.155088
-64.7083
29.0271
-36.9477
29.9509
-17.1173
-64.7459
2.81144
-65.1774
24.5952
-44.2044
)
;
    }
    interface_bottom
    {
        type            calculated;
        value           nonuniform List<scalar> 
90
(
-43.1842
17.9261
-61.7382
-12.6438
35.2639
-32.3268
32.9392
-41.4518
33.0746
-70.2699
0.168389
-63.1325
-8.72328
-57.1678
-21.0442
13.6178
-33.3826
13.3844
-50.7626
-6.14254
-44.9131
-10.5734
-39.7344
-17.0212
4.55896
-23.3724
5.04407
-32.5107
-6.21887
-28.3184
-11.3477
4.39972
-14.742
5.32943
-15.0823
7.05421
-21.3507
-0.986137
-17.9069
-4.45491
8.35185
-6.8363
10.2111
-7.18307
12.8521
-13.5805
6.33825
-10.7593
5.9694
-8.72119
3.6816
16.5536
0.428451
19.4721
-6.70126
13.2307
-5.28031
9.53185
24.8713
5.97378
28.6542
3.9051
32.953
-7.73151
22.4776
-6.79479
15.6045
38.8995
8.7539
43.5294
4.12437
48.671
-15.112
30.9588
-14.8922
18.7663
53.4628
6.74914
58.0656
-1.49221
63.0993
-30.2889
35.2178
-30.5837
15.888
62.7781
-3.45081
63.2818
-24.5505
42.8831
)
;
    }
    defaultFaces
    {
        type            empty;
    }
}


// ************************************************************************* //
