/*--------------------------------*- C++ -*----------------------------------*\
| =========                 |                                                 |
| \\      /  F ield         | OpenFOAM: The Open Source CFD Toolbox           |
|  \\    /   O peration     | Version:  5.x                                   |
|   \\  /    A nd           | Web:      www.OpenFOAM.org                      |
|    \\/     M anipulation  |                                                 |
\*---------------------------------------------------------------------------*/
FoamFile
{
    version     2.0;
    format      ascii;
    class       volScalarField;
    location    "4";
    object      gradTy;
}
// * * * * * * * * * * * * * * * * * * * * * * * * * * * * * * * * * * * * * //

dimensions      [0 -1 0 1 0 0 0];

internalField   nonuniform List<scalar> 
6300
(
32275.4
32226.2
32177
32127.8
32078.8
32029.8
31980.9
31932.2
31883.6
31835.1
31786.9
31738.8
31691
31643.4
31596.1
-0.0147247
-0.0442383
-0.0739315
-0.103884
-0.134108
-0.164524
-0.194938
-0.225033
-0.25437
-0.282418
-0.308612
-0.332459
-0.353666
-0.372297
-0.388891
-0.0244643
-0.0735223
-0.122931
-0.172843
-0.223308
-0.274217
-0.325261
-0.37591
-0.4254
-0.472777
-0.516988
-0.557059
-0.592337
-0.622788
-0.649268
-0.0340847
-0.102459
-0.171415
-0.241236
-0.312048
-0.383753
-0.455958
-0.527919
-0.598514
-0.666267
-0.729467
-0.786412
-0.835795
-0.877212
-0.911681
-0.0435039
-0.130823
-0.219044
-0.308647
-0.399906
-0.492802
-0.586912
-0.681312
-0.77449
-0.864332
-0.948224
-1.02335
-1.08724
-1.13862
-1.17833
-0.0526019
-0.158267
-0.265276
-0.374384
-0.486109
-0.600614
-0.717553
-0.8359
-0.953773
-1.06832
-1.17572
-1.27148
-1.35117
-1.41167
-1.45287
-0.0612375
-0.184365
-0.309409
-0.437501
-0.569529
-0.70599
-0.846784
-0.990956
-1.13638
-1.27944
-1.41484
-1.53567
-1.63427
-1.70398
-1.74213
-0.0692223
-0.208551
-0.350497
-0.496685
-0.648521
-0.807036
-0.97264
-1.14476
-1.32135
-1.49824
-1.66851
-1.82208
-1.94622
-2.02781
-2.05824
-0.0763236
-0.230119
-0.387344
-0.55022
-0.720833
-0.900993
-1.09198
-1.29409
-1.506
-1.72364
-1.93884
-2.13787
-2.30065
-2.40273
-2.42264
-0.0822759
-0.248257
-0.418538
-0.596014
-0.783595
-0.98412
-1.20017
-1.43363
-1.6849
-1.95142
-2.22531
-2.48984
-2.71568
-2.85967
-2.87354
-0.0867981
-0.262093
-0.442532
-0.6317
-0.833404
-1.05172
-1.29093
-1.55534
-1.84851
-2.1718
-2.52104
-2.8804
-3.21243
-3.44658
-3.47999
-0.0896207
-0.270782
-0.457792
-0.654844
-0.866598
-1.0984
-1.3565
-1.64824
-1.98196
-2.36617
-2.80656
-3.29817
-3.80693
-4.23413
-4.37294
-0.0905221
-0.273621
-0.463005
-0.663279
-0.879739
-1.11877
-1.3884
-1.69912
-2.06488
-2.50426
-3.04076
-3.69869
-4.48289
-5.31005
-5.82592
-0.0893677
-0.270172
-0.457321
-0.655525
-0.870301
-1.10851
-1.3792
-1.69493
-2.07411
-2.54514
-3.15344
-3.97284
-5.11589
-6.69733
-8.4759
-0.0861429
-0.260376
-0.44058
-0.631191
-0.837417
-1.06577
-1.32494
-1.62722
-1.99144
-2.44862
-3.05494
-3.92332
-5.3106
-7.88765
-13.689
31552.9
31513.9
31475
31436.3
31397.9
31359.6
31321.6
31283.8
31246.2
31209
31172
31135.3
31098.9
31062.8
31027.1
30991.7
30956.7
30922.1
30887.8
30853.9
30820.4
30787.2
30754.4
30722
30689.9
30658.1
30626.6
30595.5
30564.6
30534
30503.6
30473.5
30443.6
30414
30384.5
30355.3
30326.2
30297.3
30268.5
30239.9
30211.5
30183.2
30155.1
30127.1
30099.2
30071.5
30043.9
30016.5
29989.2
29962
29934.9
29907.9
29881.1
29854.3
29827.6
29801
29774.5
29748
29721.5
29695.1
29668.7
29642.3
29615.9
29589.4
29563
29536.5
29510
29483.5
29456.8
29430.2
29403.4
29376.6
29349.7
29322.7
29295.6
29268.4
29241.1
29213.7
29186.1
29158.4
29130.5
29102.5
29074.3
29046
29017.5
28988.8
28959.9
28930.8
28901.5
28872
-0.403214
-0.41655
-0.431216
-0.448213
-0.468379
-0.492231
-0.519851
-0.550843
-0.584357
-0.61921
-0.654039
-0.687485
-0.718341
-0.745649
-0.76873
-0.787145
-0.800627
-0.809012
-0.812195
-0.810126
-0.802837
-0.790491
-0.773404
-0.752057
-0.727065
-0.699139
-0.669034
-0.637515
-0.605333
-0.573217
-0.54185
-0.51185
-0.483726
-0.457852
-0.434447
-0.413589
-0.395245
-0.379325
-0.365715
-0.354293
-0.344912
-0.337353
-0.331279
-0.326201
-0.321484
-0.316396
-0.310189
-0.302192
-0.291896
-0.279011
-0.263477
-0.245438
-0.225196
-0.203156
-0.179779
-0.155551
-0.130957
-0.106458
-0.0824581
-0.0592696
-0.0370799
-0.0159417
0.00421285
0.0235319
0.0421908
0.0603441
0.0780984
0.0955146
0.112632
0.129503
0.146214
0.162885
0.17965
0.196614
0.21382
0.231235
0.248759
0.266256
0.283592
0.300661
0.317373
0.333635
0.349294
0.364097
0.377669
0.389521
0.399093
0.405819
0.409193
0.408828
-0.671615
-0.692255
-0.715123
-0.742142
-0.774947
-0.814582
-0.861263
-0.914272
-0.972025
-1.03229
-1.09252
-1.1502
-1.20316
-1.24978
-1.28897
-1.3201
-1.34285
-1.357
-1.3624
-1.35891
-1.34651
-1.32544
-1.29621
-1.25965
-1.21688
-1.16914
-1.11776
-1.06403
-1.00925
-0.954636
-0.901387
-0.850581
-0.803122
-0.759657
-0.720534
-0.685826
-0.655407
-0.629063
-0.606583
-0.587795
-0.572521
-0.560473
-0.551138
-0.543693
-0.537003
-0.529722
-0.520449
-0.507933
-0.491242
-0.46987
-0.443754
-0.413211
-0.378832
-0.341364
-0.301628
-0.260472
-0.218746
-0.177267
-0.136769
-0.0978186
-0.0607467
-0.0256176
0.00774517
0.0396721
0.0705315
0.100623
0.130123
0.159093
0.187548
0.215537
0.243205
0.270793
0.298579
0.326795
0.355537
0.384732
0.414164
0.443551
0.472632
0.501234
0.529259
0.556624
0.583147
0.608442
0.631866
0.652536
0.669413
0.681441
0.687683
0.687448
-0.939451
-0.964651
-0.99295
-1.02763
-1.07157
-1.12668
-1.19344
-1.27075
-1.35596
-1.44531
-1.53454
-1.61957
-1.697
-1.76448
-1.82067
-1.865
-1.89731
-1.91748
-1.92527
-1.92036
-1.90255
-1.87199
-1.82941
-1.77607
-1.7137
-1.64425
-1.5697
-1.49193
-1.41276
-1.33395
-1.25725
-1.18434
-1.11662
-1.05506
-1.00011
-0.951734
-0.909548
-0.873084
-0.841984
-0.816086
-0.795332
-0.779538
-0.768129
-0.759948
-0.75323
-0.74577
-0.735236
-0.719545
-0.697189
-0.667422
-0.630267
-0.586375
-0.536784
-0.482707
-0.425393
-0.366088
-0.306051
-0.246542
-0.188731
-0.133542
-0.0814976
-0.0326332
0.01346
0.0574628
0.100089
0.141865
0.183019
0.22352
0.263237
0.302136
0.340415
0.378513
0.416988
0.456314
0.496695
0.537981
0.579727
0.621373
0.66245
0.70272
0.742177
0.780905
0.818842
0.855552
0.8901
0.921079
0.946784
0.965464
0.975576
0.975996
-1.20743
-1.23267
-1.26168
-1.29989
-1.35222
-1.42209
-1.51057
-1.61599
-1.73406
-1.85863
-1.98278
-2.10004
-2.20536
-2.29564
-2.36965
-2.42742
-2.46946
-2.496
-2.50667
-2.50066
-2.47719
-2.43614
-2.37837
-2.30577
-2.22102
-2.12703
-2.02659
-1.92219
-1.81608
-1.71055
-1.60803
-1.51099
-1.4216
-1.34131
-1.27062
-1.20912
-1.15585
-1.10979
-1.07031
-1.0374
-1.01143
-0.992727
-0.980918
-0.974549
-0.970984
-0.966708
-0.957917
-0.941228
-0.914287
-0.876093
-0.826969
-0.76823
-0.701685
-0.629203
-0.552514
-0.473246
-0.393087
-0.313862
-0.237401
-0.16522
-0.0981505
-0.0361352
0.0217123
0.0767688
0.130408
0.183545
0.236405
0.288635
0.339671
0.389202
0.437467
0.485283
0.533773
0.583924
0.636171
0.690198
0.745079
0.799671
0.853095
0.905052
0.955833
1.00603
1.05601
1.1055
1.15321
1.19697
1.23403
1.26159
1.27724
1.27922
-1.47711
-1.49518
-1.51709
-1.55174
-1.60753
-1.69062
-1.80325
-1.94294
-2.10274
-2.2725
-2.44088
-2.59763
-2.7353
-2.85017
-2.94193
-3.01244
-3.06389
-3.09733
-3.11205
-3.10602
-3.07711
-3.02432
-2.94862
-2.85294
-2.74158
-2.61903
-2.48916
-2.35486
-2.21853
-2.08278
-1.95087
-1.8266
-1.71345
-1.61371
-1.52786
-1.45464
-1.39176
-1.33699
-1.28918
-1.24869
-1.21707
-1.19598
-1.18588
-1.18512
-1.18977
-1.19416
-1.19198
-1.17769
-1.14761
-1.10052
-1.03754
-0.961355
-0.875165
-0.781792
-0.683385
-0.581726
-0.478819
-0.377241
-0.279952
-0.18958
-0.10757
-0.0336809
0.0339378
0.0980684
0.161406
0.225575
0.290654
0.35542
0.418228
0.478046
0.535123
0.591041
0.648124
0.708477
0.773042
0.84115
0.910809
0.979613
1.04582
1.10905
1.17031
1.2314
1.29389
1.35797
1.42199
1.48247
1.53493
1.57487
1.59854
1.60335
-1.75245
-1.75209
-1.75411
-1.77304
-1.82345
-1.91653
-2.05686
-2.24084
-2.45698
-2.68824
-2.91564
-3.12258
-3.29797
-3.43787
-3.54472
-3.62476
-3.68412
-3.72551
-3.74718
-3.7442
-3.71128
-3.64539
-3.5475
-3.42258
-3.2781
-3.12147
-2.95796
-2.79032
-2.62001
-2.44932
-2.28259
-2.12604
-1.98585
-1.86597
-1.76676
-1.68511
-1.61585
-1.55405
-1.49734
-1.44704
-1.40741
-1.38327
-1.37722
-1.38774
-1.4088
-1.43091
-1.44335
-1.43674
-1.40528
-1.3477
-1.26698
-1.16874
-1.05884
-0.941486
-0.818793
-0.69186
-0.562496
-0.434301
-0.3124
-0.201758
-0.105157
-0.0220572
0.0513249
0.120648
0.191342
0.266432
0.345488
0.425158
0.501224
0.570968
0.634581
0.695252
0.757895
0.827092
0.904934
0.989991
1.07789
1.16341
1.24296
1.31599
1.38513
1.4549
1.52954
1.61066
1.69597
1.77961
1.85395
1.91167
1.94707
1.9565
-2.04174
-2.00548
-1.96663
-1.94885
-1.97773
-2.07416
-2.24736
-2.49217
-2.7892
-3.10925
-3.41961
-3.69265
-3.91145
-4.07283
-4.18578
-4.26653
-4.32988
-4.3817
-4.41741
-4.42514
-4.39252
-4.3121
-4.18486
-4.01994
-3.83165
-3.63334
-3.43223
-3.22912
-3.02157
-2.80965
-2.59915
-2.40137
-2.22847
-2.08789
-1.97984
-1.89718
-1.82862
-1.76317
-1.6957
-1.62943
-1.57481
-1.5439
-1.54407
-1.57456
-1.62565
-1.68098
-1.72147
-1.73094
-1.69988
-1.62752
-1.52098
-1.39223
-1.25259
-1.10819
-0.959632
-0.80482
-0.643815
-0.481624
-0.327964
-0.193045
-0.0826323
0.00422463
0.075219
0.14191
0.215597
0.302223
0.400075
0.500715
0.593943
0.673333
0.73888
0.79722
0.858817
0.933833
1.027
1.13529
1.24892
1.35635
1.45
1.52901
1.59952
1.67187
1.75634
1.85773
1.97276
2.09056
2.19727
2.28096
2.33333
2.34975
-2.36145
-2.26237
-2.14857
-2.05717
-2.03442
-2.12082
-2.33432
-2.66784
-3.08779
-3.5437
-3.97677
-4.34026
-4.607
-4.77691
-4.87254
-4.93265
-4.99153
-5.06033
-5.12718
-5.16337
-5.14176
-5.04541
-4.87562
-4.65004
-4.39868
-4.14826
-3.90841
-3.67328
-3.42837
-3.16689
-2.89629
-2.63977
-2.4234
-2.26182
-2.15514
-2.08775
-2.03569
-1.97394
-1.89105
-1.79375
-1.70673
-1.65846
-1.6659
-1.73034
-1.83501
-1.951
-2.04284
-2.0821
-2.0525
-1.95509
-1.80548
-1.62992
-1.45172
-1.27937
-1.10799
-0.925204
-0.725351
-0.51517
-0.315051
-0.147556
-0.0247078
0.0548225
0.106776
0.154557
0.222668
0.323283
0.452064
0.588346
0.70797
0.796994
0.854901
0.895821
0.941717
1.01572
1.12853
1.27414
1.43006
1.57027
1.67926
1.75539
1.81235
1.87243
1.95976
2.08616
2.24649
2.41834
2.5746
2.69613
2.77213
2.79863
-2.74352
-2.54023
-2.298
-2.06636
-1.93359
-1.98412
-2.24798
-2.71856
-3.33404
-4.01047
-4.63356
-5.12656
-5.44136
-5.58729
-5.60973
-5.59981
-5.63812
-5.74094
-5.88024
-5.98393
-5.99775
-5.88352
-5.64575
-5.31626
-4.96331
-4.64691
-4.37668
-4.13037
-3.85789
-3.53606
-3.17194
-2.81914
-2.53814
-2.35538
-2.27255
-2.25485
-2.25536
-2.21376
-2.10572
-1.94184
-1.7814
-1.69128
-1.7041
-1.82665
-2.02649
-2.25421
-2.43833
-2.53078
-2.50116
-2.35619
-2.12568
-1.86975
-1.64074
-1.44746
-1.27105
-1.06846
-0.820046
-0.532515
-0.253449
-0.0360661
0.0973009
0.146831
0.146038
0.139615
0.184614
0.305454
0.494912
0.701603
0.86768
0.967058
0.996955
0.988813
0.985676
1.04325
1.18432
1.39963
1.63523
1.83055
1.95719
2.01067
2.02196
2.03502
2.10816
2.26689
2.50478
2.76965
3.00296
3.17784
3.28308
3.32457
-3.24792
-2.87402
-2.43209
-1.93318
-1.56885
-1.54031
-1.86405
-2.56069
-3.49261
-4.55414
-5.47778
-6.1696
-6.51905
-6.57569
-6.39371
-6.19774
-6.19203
-6.36927
-6.68479
-6.93419
-7.0384
-6.89984
-6.54828
-6.01662
-5.47567
-5.07945
-4.81088
-4.62553
-4.35884
-3.96654
-3.43173
-2.89554
-2.51192
-2.3055
-2.29663
-2.39625
-2.53615
-2.54981
-2.40135
-2.08555
-1.75542
-1.57647
-1.58493
-1.81227
-2.17847
-2.62085
-2.9665
-3.15595
-3.11664
-2.88118
-2.48324
-2.07153
-1.77906
-1.592
-1.47254
-1.27843
-0.971812
-0.538414
-0.103763
0.195666
0.339295
0.31057
0.192673
0.0499046
0.036639
0.188112
0.512263
0.872673
1.12278
1.23652
1.19314
1.07397
0.941595
0.949973
1.13264
1.49539
1.8979
2.18924
2.34
2.32622
2.22856
2.11065
2.13291
2.33324
2.72384
3.16607
3.5151
3.75948
3.88541
3.9559
-3.98693
-3.30582
-2.64838
-1.60652
-0.72108
-0.589922
-0.943936
-2.06493
-3.46552
-5.29743
-6.65697
-7.70687
-8.01975
-7.90916
-7.19939
-6.52333
-6.48424
-6.8003
-7.58644
-8.0955
-8.43069
-8.22507
-7.71243
-6.73274
-5.78206
-5.33073
-5.12785
-5.24054
-5.04343
-4.60506
-3.69642
-2.75528
-2.23362
-1.97435
-2.16776
-2.48296
-3.00216
-3.12281
-2.94152
-2.25359
-1.51549
-1.19567
-1.15449
-1.60193
-2.22478
-3.1309
-3.72377
-4.11478
-4.0189
-3.64448
-2.86503
-2.10607
-1.77007
-1.64371
-1.78607
-1.65493
-1.31069
-0.550675
0.236083
0.647193
0.824931
0.598181
0.270611
-0.230781
-0.353014
-0.182307
0.473029
1.19826
1.57
1.72805
1.4943
1.17407
0.690827
0.601803
0.817802
1.53017
2.31703
2.74686
2.95632
2.75921
2.46105
1.9813
1.8982
2.12262
2.86576
3.69395
4.17535
4.50917
4.56514
4.73382
-5.20169
-3.70377
-3.41837
-1.05444
1.21321
1.05951
1.08099
-1.1662
-2.81699
-6.72058
-8.28171
-10.3051
-10.1298
-10.105
-7.95603
-5.93113
-6.26451
-6.55392
-8.88658
-9.50667
-10.6012
-9.99181
-9.54847
-7.4064
-5.36868
-5.22351
-4.98974
-6.30094
-6.07476
-5.92002
-4.00709
-2.01012
-1.57663
-0.990505
-1.86269
-2.27509
-4.04122
-4.12975
-4.21036
-2.49293
-0.672255
-0.412657
-0.0194646
-1.13804
-1.86222
-4.09105
-4.77073
-5.77374
-5.32119
-4.98999
-3.21627
-1.53046
-1.45811
-1.30737
-2.49236
-2.3372
-2.24722
-0.600344
1.11795
1.43587
1.89413
1.03208
0.599973
-1.05633
-1.16337
-1.24949
0.334223
2.03392
2.32597
2.78486
1.92108
1.50999
-0.126514
-0.184515
-0.210779
1.45866
3.25122
3.62271
4.15908
3.33868
2.956
1.28172
1.22161
1.1659
2.88597
4.72194
5.04883
5.65972
5.08338
5.76465
-7.7566
-2.35549
-7.18134
-0.363592
6.63447
2.45702
6.37321
-1.12594
1.07595
-11.5165
-9.24047
-16.0688
-12.023
-15.3589
-8.53361
-1.94249
-6.10758
-3.36471
-12.6523
-10.2341
-15.2248
-11.5189
-13.8301
-7.92915
-2.22938
-5.24316
-2.62612
-9.57451
-7.00243
-9.76607
-4.43799
0.987266
-1.13861
2.09416
-2.21886
-0.116998
-7.49524
-5.14719
-8.06755
-2.88002
2.41985
0.178926
3.29348
-1.24113
0.668005
-7.28107
-5.3511
-9.52772
-6.44776
-8.41169
-3.4399
1.36959
-1.25796
0.95348
-5.12742
-2.92453
-5.4246
-0.751789
4.01745
2.02352
4.86566
0.847969
2.69326
-4.1117
-2.00279
-4.72011
0.0294731
4.89766
2.84273
5.74737
1.69704
3.61156
-3.2158
-1.0155
-3.68009
1.21086
6.23275
4.26209
7.31652
3.2888
5.31177
-1.74129
0.539559
-2.34698
2.7401
7.92382
5.51414
8.52061
3.79151
7.62983
-17.1468
13.7199
-27.7108
0.0677023
28.1485
-7.80042
28.1035
-15.0553
26.2727
-37.7234
2.91092
-37.4917
-3.28699
-35.2455
-8.77437
17.5347
-15.8986
17.148
-33.2751
-0.293002
-32.3724
-4.38183
-29.9378
-8.16297
13.4568
-13.372
13.511
-26.5584
-0.24748
-25.2651
-5.00972
14.8574
-8.41803
16.0439
-11.8135
15.6915
-24.9562
1.42075
-23.6013
-3.43012
16.3695
-6.94267
17.62
-10.6246
17.3927
-24.6983
2.86062
-23.7327
-0.312622
-21.8223
-3.43133
14.9774
-8.02752
15.1537
-19.6927
3.25883
-18.9325
-1.04368
16.6543
-4.35435
17.7137
-7.78042
17.2413
-20.0046
4.106
-18.9446
-0.447584
17.7291
-3.78375
18.7235
-7.11781
18.2999
-19.3063
5.15758
-18.0306
0.773222
19.2823
-2.33582
20.671
-5.47523
20.7359
-18.2061
7.29749
-17.3428
2.45419
22.0593
-1.82059
22.5198
-9.83833
14.7702
28839.4
28803.5
28767.4
28731
28694.4
28657.5
28620.4
28583.2
28545.7
28508.2
28470.5
28432.7
28394.8
28356.9
28319
0.40407
0.393168
0.376881
0.355836
0.330861
0.302858
0.272699
0.241157
0.208861
0.176278
0.143721
0.111367
0.0792828
0.0474508
0.0157954
0.679625
0.661132
0.633316
0.59735
0.554742
0.507108
0.455992
0.402731
0.34839
0.293743
0.239291
0.185302
0.131856
0.0788934
0.0262588
0.965137
0.938421
0.897902
0.845505
0.783642
0.714837
0.641429
0.565387
0.48823
0.41102
0.334406
0.2587
0.18395
0.110011
0.0366076
1.2654
1.22941
1.17427
1.10303
1.0194
0.927092
0.829437
0.729111
0.628091
0.527677
0.4286
0.331137
0.235232
0.140592
0.04677
1.58656
1.53952
1.4667
1.37293
1.26378
1.14464
1.02007
0.893494
0.767316
0.642975
0.52116
0.402003
0.285243
0.170355
0.0566504
1.93648
1.87545
1.78013
1.65819
1.51812
1.36758
1.21262
1.05743
0.904671
0.755721
0.611043
0.470459
0.333372
0.19893
0.0661254
2.32582
2.24585
2.12031
1.9617
1.78297
1.59494
1.40531
1.21887
1.03816
0.86416
0.69681
0.5354
0.378847
0.22586
0.0750444
2.76953
2.66225
2.49391
2.28564
2.05736
1.824
1.5948
1.3745
1.16487
0.965899
0.776602
0.595463
0.420742
0.250612
0.0832328
3.28937
3.14025
2.90792
2.63007
2.33736
2.04928
1.77555
1.51946
1.28085
1.05791
0.84819
0.649079
0.458025
0.272602
0.090502
3.91962
3.70128
3.36732
2.98939
2.61313
2.26069
1.93894
1.64706
1.38117
1.13667
0.909127
0.694602
0.489654
0.291255
0.0966683
4.7269
4.37651
3.86954
3.34586
2.8648
2.44158
2.07269
1.74879
1.46015
1.19846
0.957012
0.730516
0.514714
0.306083
0.101579
5.87765
5.20887
4.38903
3.65884
3.05808
2.56811
2.16158
1.81534
1.51222
1.23998
0.989925
0.755715
0.532586
0.316777
0.10514
7.82124
6.19233
4.82022
3.84254
3.14043
2.61121
2.19026
1.83883
1.53341
1.25932
1.00697
0.769808
0.54312
0.323288
0.107343
11.6017
6.91805
4.85666
3.75051
3.04983
2.54618
2.14956
1.81635
1.52329
1.25689
1.00878
0.773402
0.546782
0.325903
0.108282
-0.081543
-0.246356
-0.416449
-0.5957
-0.788584
-1.00057
-1.23872
-1.51278
-1.83703
-2.2343
-2.74466
-3.44751
-4.52459
-6.46385
-10.7928
-0.0760339
-0.229549
-0.387468
-0.552943
-0.729474
-0.921093
-1.13259
-1.36979
-1.6398
-1.95086
-2.31034
-2.71396
-3.09685
-3.10926
-1.04988
-0.0695195
-0.209682
-0.353236
-0.502505
-0.659883
-0.827804
-1.00858
-1.20397
-1.41398
-1.63376
-1.84539
-1.99488
-1.92626
-1.19318
1.43938
-0.0622233
-0.187457
-0.315032
-0.446431
-0.582965
-0.725573
-0.874404
-1.02796
-1.18129
-1.32226
-1.42367
-1.42741
-1.2168
-0.59639
0.53061
-0.054379
-0.163601
-0.274167
-0.386785
-0.501823
-0.619011
-0.736922
-0.852043
-0.957099
-1.03814
-1.0698
-1.00901
-0.791572
-0.351502
0.287193
-0.0462113
-0.138811
-0.231871
-0.325452
-0.419182
-0.511939
-0.601363
-0.683079
-0.749504
-0.788197
-0.780119
-0.699539
-0.52079
-0.244549
0.0319368
-0.0379196
-0.113696
-0.189207
-0.264009
-0.337206
-0.407171
-0.471145
-0.524707
-0.561104
-0.570632
-0.540712
-0.45829
-0.317632
-0.137725
0.0130645
-0.0296699
-0.08876
-0.147027
-0.203668
-0.257462
-0.306548
-0.348143
-0.378238
-0.391321
-0.380378
-0.337685
-0.257456
-0.141674
-0.010619
0.0791044
-0.0215911
-0.0643885
-0.105966
-0.145288
-0.180969
-0.211105
-0.233109
-0.243565
-0.238196
-0.212115
-0.160659
-0.0812556
0.023739
0.14525
0.279376
-0.0137768
-0.0408559
-0.0664589
-0.0894209
-0.108303
-0.121284
-0.12607
-0.11986
-0.0994319
-0.061431
-0.00298851
0.0772344
0.177741
0.292428
0.402273
-0.00628872
-0.0183399
-0.0287717
-0.0363679
-0.0397127
-0.0371271
-0.0266372
-0.00600302
0.0271528
0.0750928
0.139607
0.221704
0.321955
0.443039
0.601629
0.000837281
0.00306099
0.00696123
0.0137526
0.0247846
0.0415709
0.0657839
0.0991889
0.143497
0.20014
0.270042
0.353637
0.45175
0.567684
0.704526
0.00758543
0.0233074
0.0407024
0.0609497
0.0853123
0.115143
0.151856
0.196842
0.251305
0.316014
0.391018
0.475567
0.569214
0.677891
0.838773
0.0139543
0.0424021
0.0724794
0.105312
0.142071
0.183969
0.23222
0.28795
0.352028
0.42477
0.50542
0.591261
0.676287
0.751926
0.83438
0.0199524
0.0603755
0.10236
0.14697
0.195291
0.248419
0.307428
0.373298
0.446769
0.528067
0.616269
0.707604
0.789923
0.821306
0.630785
0.025594
0.0772746
0.130436
0.186077
0.245204
0.308821
0.377913
0.453406
0.536109
0.626602
0.724995
0.830294
0.938977
1.04487
1.17101
0.030897
0.0931556
0.156809
0.22279
0.292031
0.36546
0.443995
0.528551
0.620078
0.719688
0.828979
0.950726
1.09003
1.25445
1.43653
0.035881
0.108079
0.181584
0.257265
0.335983
0.418593
0.505941
0.5989
0.698472
0.806087
0.924371
1.05906
1.22371
1.45188
1.83493
0.0405661
0.122106
0.204867
0.289657
0.377269
0.468477
0.564036
0.664702
0.771324
0.885117
1.00842
1.14669
1.31337
1.54184
1.91234
0.0449718
0.135297
0.226762
0.320118
0.416093
0.515383
0.618633
0.726418
0.83924
0.957585
1.08215
1.21467
1.3602
1.53329
1.76759
0.0491166
0.147707
0.247365
0.348789
0.452653
0.559584
0.670129
0.784683
0.903369
1.02578
1.15044
1.27373
1.38794
1.48235
1.59017
0.0530176
0.159388
0.266762
0.375796
0.487121
0.601322
0.71889
0.84013
0.964959
1.09245
1.21975
1.3392
1.4295
1.42221
1.04581
0.0566897
0.170386
0.285029
0.401243
0.519632
0.640769
0.765153
0.893135
1.02475
1.1593
1.29458
1.42504
1.53888
1.61849
1.69264
0.0601463
0.180738
0.302228
0.42521
0.550277
0.67801
0.808971
0.943674
1.08253
1.2257
1.37282
1.52254
1.6721
1.81868
1.96324
0.0633995
0.190481
0.318412
0.447763
0.579114
0.713061
0.850245
0.991385
1.13737
1.2894
1.44934
1.62027
1.80749
2.02039
2.28231
0.0664609
0.199648
0.333635
0.468962
0.606189
0.745917
0.888829
1.03579
1.18805
1.34765
1.51829
1.70681
1.92513
2.18819
2.48042
0.0693425
0.208275
0.34795
0.488875
0.631573
0.776614
0.924659
1.07658
1.23369
1.39829
1.5749
1.77279
2.0118
2.33586
2.8538
0.0720574
0.216399
0.361423
0.507591
0.655376
0.805278
0.95786
1.11382
1.27417
1.44066
1.61681
1.81036
2.0395
2.34906
2.85668
0.0746195
0.224064
0.374127
0.52522
0.677753
0.832136
0.988774
1.14807
1.31044
1.47638
1.64672
1.82334
2.01146
2.22487
2.48593
0.0770435
0.231316
0.386142
0.541885
0.698894
0.857485
1.0179
1.18024
1.34428
1.50911
1.67235
1.82849
1.96593
2.06773
2.17398
0.0793438
0.238197
0.397546
0.557709
0.718985
0.881621
1.04576
1.2113
1.37763
1.543
1.703
1.84676
1.94522
1.90764
1.38007
0.081534
0.244751
0.40841
0.572798
0.73818
0.904774
1.0727
1.24186
1.4117
1.58066
1.74503
1.89664
2.01904
2.08795
2.1366
0.0836262
0.251012
0.418795
0.587236
0.756583
0.92706
1.09885
1.27202
1.44644
1.62156
1.79599
1.96696
2.1301
2.28246
2.43385
0.0856313
0.257013
0.42875
0.601083
0.774249
0.948499
1.1241
1.30137
1.48075
1.66298
1.84944
2.04286
2.24873
2.47779
2.75598
0.0875591
0.262782
0.43832
0.614388
0.791215
0.969059
1.14826
1.32931
1.51314
1.70153
1.89812
2.11025
2.35137
2.63916
2.95871
0.0894195
0.268349
0.447549
0.627207
0.807525
0.988742
1.17119
1.3554
1.54243
1.73443
1.93609
2.15766
2.4217
2.77862
3.35234
0.0912228
0.273743
0.456487
0.639607
0.823261
1.00763
1.19295
1.37961
1.56833
1.7607
1.96032
2.17574
2.42763
2.76769
3.33389
0.0929796
0.278998
0.465192
0.651674
0.838552
1.02592
1.21386
1.40245
1.59176
1.78198
1.97367
2.16864
2.37243
2.59989
2.8725
0.0947008
0.284147
0.473724
0.663508
0.853553
1.04387
1.23438
1.42484
1.61462
1.80231
1.98484
2.15557
2.30088
2.4009
2.50062
0.0963964
0.289222
0.48214
0.6752
0.868417
1.06175
1.25501
1.44777
1.63897
1.82627
2.0043
2.16032
2.26086
2.20226
1.58168
0.0980749
0.294248
0.490487
0.686822
0.883255
1.07973
1.27607
1.47185
1.6661
1.85672
2.03915
2.20374
2.3314
2.39404
2.42861
0.0997426
0.299245
0.498795
0.698417
0.898116
1.09787
1.29758
1.49704
1.69581
1.89292
2.08647
2.27298
2.44716
2.60546
2.75959
0.101404
0.304224
0.507081
0.709998
0.912993
1.11609
1.31933
1.5228
1.72671
1.93162
2.13877
2.35095
2.57404
2.8199
3.11736
0.103062
0.309195
0.515355
0.721563
0.927851
1.13428
1.34099
1.5483
1.757
1.96883
2.18764
2.42147
2.68523
2.99867
3.3446
0.104719
0.314162
0.523622
0.733114
0.942664
1.15234
1.36229
1.57292
1.78517
2.00124
2.22617
2.47135
2.76201
3.15504
3.79063
0.106378
0.319135
0.531896
0.744663
0.957442
1.17026
1.38319
1.59648
1.81075
2.02755
2.25075
2.48978
2.76781
3.14313
3.77142
0.108041
0.324121
0.540193
0.756243
0.972246
1.18816
1.40392
1.61943
1.83462
2.04948
2.26443
2.4813
2.70613
2.95572
3.25525
0.109711
0.329129
0.548532
0.767895
0.987164
1.20623
1.42488
1.64268
1.85877
2.07141
2.27688
2.46744
2.62735
2.73378
2.83742
0.111388
0.334163
0.556926
0.779651
1.00227
1.22465
1.44649
1.66717
1.88539
2.09835
2.29979
2.47502
2.58575
2.51394
1.80161
0.113073
0.339221
0.565375
0.791519
1.0176
1.24351
1.46896
1.69343
1.91572
2.13334
2.341
2.52754
2.67099
2.73904
2.77341
0.11476
0.344291
0.573857
0.803467
1.03311
1.26273
1.4922
1.72126
1.94933
2.17531
2.39695
2.61016
2.80864
2.98768
3.15803
0.116443
0.349354
0.582336
0.815431
1.04868
1.28212
1.5158
1.74983
1.98447
2.22033
2.45883
2.70315
2.9599
3.24247
3.58411
0.118115
0.354383
0.590762
0.827328
1.06417
1.30139
1.53921
1.77804
2.01881
2.26356
2.51675
2.78763
3.09334
3.45637
3.85518
0.119767
0.35935
0.599084
0.839072
1.07943
1.32032
1.56199
1.80498
2.05044
2.30098
2.56246
2.84806
3.18706
3.64559
4.38744
0.121388
0.364227
0.607255
0.850597
1.09438
1.33875
1.58392
1.83027
2.07861
2.33085
2.59151
2.87155
3.19788
3.63822
4.37269
0.122971
0.368989
0.615235
0.861851
1.10897
1.35669
1.60509
1.85423
2.10413
2.35493
2.60718
2.86305
3.12962
3.42672
3.78531
0.124505
0.373607
0.622982
0.872795
1.12318
1.37421
1.62582
1.87772
2.12909
2.37805
2.62044
2.84727
3.04023
3.17267
3.30354
0.12598
0.37805
0.63045
0.883378
1.13699
1.39137
1.64641
1.90163
2.15577
2.40578
2.64458
2.85516
2.99291
2.91986
2.10008
0.127382
0.38228
0.637576
0.893519
1.15032
1.40813
1.66692
1.92636
2.18536
2.44134
2.6884
2.91378
3.09204
3.18573
3.24415
0.128695
0.386246
0.644276
0.903097
1.163
1.42426
1.68706
1.95143
2.2171
2.48315
2.74734
3.00527
3.24996
3.47622
3.69639
0.129902
0.389894
0.650451
0.911954
1.17479
1.43938
1.70615
1.97566
2.24864
2.52627
2.81069
3.1061
3.42076
3.77107
4.19724
0.130983
0.393164
0.655993
0.919916
1.18541
1.45302
1.72341
1.99754
2.277
2.56472
2.86648
3.19366
3.5669
4.01335
4.50972
0.131919
0.395997
0.660796
0.92682
1.19461
1.46478
1.73812
2.01577
2.29966
2.59346
2.90468
3.24937
3.66228
4.2211
5.1166
0.132694
0.398341
0.664773
0.93253
1.20219
1.47439
1.74989
2.02973
2.3155
2.61015
2.91973
3.25781
3.65644
4.19518
5.08574
0.133292
0.400154
0.66785
0.936951
1.20805
1.48175
1.75871
2.03961
2.32522
2.61651
2.91506
3.22433
3.55336
3.92508
4.37087
0.133703
0.401399
0.669972
0.940016
1.21213
1.4869
1.76484
2.04627
2.33104
2.61788
2.90302
3.17726
3.42068
3.60368
3.79456
0.133914
0.402047
0.671094
0.941674
1.21441
1.48989
1.76859
2.05067
2.33547
2.62046
2.89862
3.15172
3.33002
3.27692
2.37939
0.133919
0.402071
0.67117
0.941864
1.21482
1.49069
1.77005
2.05321
2.3398
2.62783
2.9117
3.17824
3.40008
3.53666
3.64569
0.13371
0.40145
0.670157
0.940511
1.21324
1.4891
1.76891
2.05342
2.34317
2.6381
2.93687
3.23592
3.52941
3.81565
4.12037
0.133283
0.400166
0.668019
0.937539
1.20951
1.48482
1.76456
2.05004
2.34298
2.64573
2.9619
3.29757
3.66383
4.08189
4.59863
0.132638
0.398221
0.664741
0.932893
1.20348
1.47751
1.75626
2.04153
2.336
2.64408
2.97344
3.33806
3.76236
4.27969
4.87855
0.131784
0.395633
0.660345
0.926576
1.19511
1.46695
1.74347
2.02666
2.31962
2.62768
2.96054
3.33718
3.79636
4.42097
5.40594
0.130739
0.392455
0.654912
0.918682
1.18447
1.45319
1.7261
2.00503
2.2928
2.59408
2.91729
3.2791
3.71551
4.31211
5.29854
0.12953
0.388772
0.648583
0.909409
1.17181
1.43654
1.70458
1.97731
2.25663
2.54528
2.84729
3.16929
3.52348
3.93264
4.40819
0.128197
0.384703
0.641561
0.899061
1.15758
1.41762
1.67984
1.94503
2.21402
2.48722
2.76346
3.03722
3.29331
3.50715
3.74925
0.126789
0.380397
0.634107
0.888024
1.14231
1.39722
1.65306
1.91015
2.16851
2.42708
2.6814
2.9175
3.09251
3.06212
2.24441
0.125362
0.376027
0.626521
0.876747
1.12664
1.3762
1.62544
1.8744
2.1229
2.3699
2.61203
2.84029
3.03437
3.16388
3.289
0.123979
0.371784
0.619132
0.865716
1.11124
1.35542
1.59805
1.83901
2.07833
2.31611
2.55234
2.78688
3.02109
3.26877
3.59745
0.122702
0.367864
0.612284
0.855439
1.09678
1.33574
1.57183
1.80479
2.03487
2.2634
2.49385
2.73376
2.99849
3.31746
3.7395
0.121597
0.364464
0.606324
0.846438
1.08399
1.31807
1.54782
1.77259
1.99249
2.20938
2.42882
2.66345
2.93826
3.29463
3.77372
0.120722
0.361768
0.601584
0.839233
1.07361
1.30344
1.52729
1.74379
1.95222
2.15361
2.35325
2.56529
2.82141
3.18662
3.78723
0.120124
0.359931
0.598357
0.834306
1.06642
1.29298
1.51187
1.72063
1.91684
2.09907
2.2691
2.43656
2.62883
2.9152
3.49277
0.119835
0.359055
0.596855
0.832052
1.06309
1.28786
1.50349
1.70619
1.89119
2.05303
2.18675
2.29066
2.37093
2.44159
2.46536
0.119859
0.359168
0.597165
0.832692
1.06412
1.28908
1.5041
1.70406
1.88162
2.02651
2.12512
2.16121
2.11973
2.00059
1.88655
0.120169
0.360193
0.599193
0.836178
1.06965
1.29722
1.51516
1.71748
1.89474
2.03214
2.10693
2.08566
1.92249
1.55608
0.856704
0.120696
0.361931
0.602618
0.842108
1.07926
1.31206
1.53706
1.74829
1.93554
2.08125
2.15547
2.10871
1.86638
1.34283
0.531051
0.121331
0.364048
0.606872
0.849658
1.09188
1.33232
1.56851
1.79576
2.0052
2.18002
2.28804
2.26763
2.00559
1.32976
0.195412
0.121928
0.36609
0.611147
0.857594
1.10573
1.35551
1.60617
1.8556
2.09891
2.32521
2.50984
2.59439
2.43215
1.63511
-0.840391
0.12231
0.367508
0.614453
0.864345
1.11844
1.37808
1.64467
1.91968
2.20444
2.49937
2.80119
3.09255
3.29952
3.10601
1.08932
0.122289
0.367709
0.615704
0.868165
1.12729
1.39579
1.67729
1.977
2.30295
2.66879
3.09991
3.6494
4.44488
5.84265
8.98369
8.81739
5.53212
4.11299
3.32834
2.80074
2.396
2.05849
1.76166
1.4913
1.23906
0.999584
0.769214
0.545241
0.325521
0.108242
0.473685
2.65653
2.90639
2.73484
2.47579
2.20623
1.9437
1.69118
1.44804
1.21285
0.9841
0.760409
0.540519
0.323273
0.107586
-1.5212
1.12338
1.99237
2.20208
2.15812
2.01159
1.82197
1.6142
1.39927
1.18216
0.965095
0.748957
0.533955
0.319937
0.106571
-0.258424
0.823263
1.53611
1.84546
1.91172
1.8469
1.71288
1.54221
1.35201
1.15143
0.945437
0.736711
0.526702
0.316148
0.105398
-0.105731
0.779244
1.36005
1.65766
1.75636
1.73029
1.62926
1.48378
1.31196
1.12447
0.927668
0.725352
0.519823
0.312491
0.104255
0.188027
0.946439
1.38066
1.60802
1.68768
1.66574
1.57651
1.44366
1.28278
1.10397
0.913725
0.716221
0.514194
0.309463
0.103303
1.11874
1.33878
1.54494
1.66099
1.68959
1.64795
1.55408
1.423
1.26606
1.09142
0.90482
0.710233
0.510443
0.307427
0.10266
1.646
1.74078
1.77181
1.77472
1.74033
1.66644
1.55749
1.4203
1.26163
1.08719
0.901464
0.707862
0.508934
0.306609
0.102404
2.5891
2.1871
2.01825
1.91442
1.81852
1.70929
1.58052
1.43254
1.26817
1.0908
0.903587
0.709196
0.509788
0.3071
0.102565
2.89872
2.47155
2.21958
2.04867
1.90599
1.76572
1.6169
1.45618
1.28376
1.10126
0.910706
0.714024
0.512927
0.308878
0.103142
3.02239
2.63436
2.36467
2.16335
1.99183
1.82812
1.66156
1.48796
1.30635
1.11734
0.922092
0.721929
0.518124
0.311833
0.104101
3.05847
2.71504
2.46233
2.25738
2.07227
1.8925
1.71115
1.52531
1.33412
1.13777
0.936907
0.732376
0.525056
0.315793
0.10539
3.02608
2.73278
2.52687
2.33767
2.14904
1.958
1.76387
1.5664
1.3655
1.16135
0.954288
0.744776
0.533347
0.320552
0.106941
2.80096
2.68986
2.57984
2.41764
2.22753
2.02565
1.81894
1.60988
1.39917
1.18698
0.973388
0.758523
0.542598
0.325883
0.108682
1.94391
2.64625
2.66908
2.51705
2.31422
2.09666
1.87567
1.65454
1.4339
1.21362
0.993394
0.773022
0.55241
0.331559
0.11054
3.29901
3.07459
2.87978
2.65183
2.41118
2.17009
1.93252
1.69887
1.46842
1.24024
1.01353
0.787708
0.5624
0.337359
0.112441
3.90606
3.48243
3.11353
2.79549
2.50851
2.2411
1.98666
1.74103
1.5014
1.26586
1.03306
0.802061
0.572219
0.343082
0.114321
4.7465
3.85235
3.312
2.91768
2.59231
2.30314
2.03471
1.77903
1.53158
1.28962
1.05137
0.815632
0.581563
0.348551
0.116122
4.86702
3.97664
3.40913
2.99207
2.65102
2.3508
2.07395
1.81136
1.55799
1.31084
1.06796
0.828064
0.590189
0.353625
0.117796
4.43236
3.8768
3.40184
3.01378
2.68144
2.38228
2.10331
1.83732
1.58013
1.32911
1.08253
0.839113
0.597922
0.358198
0.119309
4.20021
3.72108
3.33427
2.99689
2.68889
2.39975
2.12369
1.85722
1.59801
1.34435
1.09492
0.848644
0.604654
0.362202
0.120637
3.79502
3.50134
3.23245
2.95968
2.68328
2.40819
2.13745
1.87212
1.61208
1.35669
1.10514
0.856615
0.610335
0.3656
0.121768
3.37204
3.26446
3.1334
2.92511
2.67682
2.41362
2.1475
1.8834
1.62297
1.36641
1.11331
0.863053
0.614961
0.368383
0.122696
2.21454
3.04399
3.08805
2.91841
2.68077
2.42113
2.15618
1.89216
1.63121
1.37377
1.11954
0.868012
0.618556
0.370558
0.123424
3.55683
3.36901
3.19115
2.95906
2.70006
2.43238
2.16424
1.89883
1.63707
1.37893
1.12395
0.87156
0.621157
0.372146
0.123958
4.11054
3.68723
3.33198
3.01851
2.72546
2.44399
2.17046
1.90301
1.64048
1.38193
1.12659
0.87376
0.622813
0.373175
0.124307
4.8083
3.95827
3.44387
3.06391
2.74288
2.45014
2.17248
1.90383
1.64116
1.38276
1.12753
0.874681
0.623582
0.373682
0.124484
4.84955
3.99636
3.46247
3.06851
2.74074
2.44587
2.16829
1.90056
1.63893
1.38142
1.12685
0.874422
0.623541
0.373715
0.124504
4.29381
3.81283
3.38401
3.02725
2.71584
2.42963
2.15733
1.89309
1.6339
1.3781
1.12473
0.873119
0.62279
0.373334
0.124389
4.00629
3.59319
3.25562
2.9546
2.67353
2.40378
2.1408
1.88218
1.62656
1.37315
1.12142
0.870961
0.621455
0.372612
0.124161
3.54051
3.32121
3.10194
2.86821
2.62343
2.37328
2.1213
1.86922
1.61775
1.36709
1.11726
0.868175
0.619684
0.371632
0.123847
3.11143
3.04931
2.9584
2.78962
2.57713
2.34409
2.10193
1.85591
1.60842
1.36051
1.11265
0.865008
0.617632
0.37048
0.123476
2.01393
2.79751
2.86903
2.74152
2.54518
2.32128
2.08528
1.84368
1.59943
1.35394
1.10791
0.861694
0.615449
0.369241
0.123074
3.16948
3.04029
2.91794
2.74135
2.53247
2.30692
2.07256
1.83335
1.59137
1.34781
1.10336
0.858434
0.613264
0.367986
0.122665
3.62411
3.27842
3.00461
2.76374
2.53142
2.29873
2.06328
1.82499
1.58447
1.34235
1.09919
0.855377
0.611182
0.366776
0.122269
4.1596
3.46676
3.06849
2.78031
2.53072
2.29252
2.05602
1.81826
1.57872
1.33767
1.09552
0.852623
0.609271
0.365652
0.121898
4.14125
3.45064
3.05602
2.7702
2.5222
2.2852
2.04969
1.81282
1.5741
1.33382
1.0924
0.850226
0.607571
0.364637
0.12156
3.54204
3.2291
2.96811
2.73395
2.50611
2.27689
2.04437
1.80872
1.57062
1.33081
1.08987
0.848198
0.606092
0.363738
0.121259
3.07552
2.97159
2.86169
2.69346
2.49107
2.27092
2.04129
1.80637
1.5684
1.32866
1.08788
0.846512
0.604814
0.362942
0.120988
1.94861
2.71836
2.79586
2.67684
2.48844
2.27159
2.04194
1.80621
1.56749
1.32729
1.08636
0.845095
0.603683
0.362218
0.12074
2.9936
2.94598
2.86659
2.70854
2.50566
2.2812
2.04687
1.80818
1.56766
1.32648
1.08513
0.843818
0.602617
0.361521
0.120498
3.39863
3.19579
2.99203
2.77151
2.53796
2.29772
2.05488
1.81148
1.56837
1.32585
1.08392
0.842509
0.601506
0.36079
0.120244
3.83404
3.44636
3.12922
2.8437
2.57501
2.31611
2.06334
1.81463
1.56875
1.32486
1.0824
0.840958
0.600224
0.359958
0.119957
4.09683
3.64809
3.24455
2.90436
2.60538
2.33031
2.06902
1.8159
1.56781
1.32295
1.08023
0.838956
0.598647
0.358958
0.119615
4.59442
3.81857
3.31601
2.93657
2.61924
2.33501
2.0691
1.81373
1.56469
1.31961
1.07711
0.836325
0.596669
0.357734
0.119202
4.57185
3.79943
3.3021
2.92581
2.61023
2.32706
2.06192
1.80723
1.55888
1.31455
1.07287
0.83295
0.59422
0.356249
0.118704
3.99542
3.58941
3.20428
2.87304
2.57882
2.30666
2.04754
1.79639
1.55035
1.30772
1.06744
0.828795
0.591273
0.354486
0.118117
3.71061
3.36505
3.06917
2.79471
2.53219
2.27728
2.02769
1.78208
1.53952
1.29933
1.06094
0.823901
0.587845
0.352452
0.117442
3.27986
3.10634
2.91931
2.70822
2.48038
2.24425
2.00514
1.76571
1.52713
1.28975
1.05355
0.818368
0.583986
0.350169
0.116686
2.88741
2.85713
2.78628
2.63352
2.43441
2.21336
1.98286
1.74884
1.51398
1.27941
1.04551
0.812324
0.579765
0.34767
0.115858
1.88867
2.63625
2.71023
2.59117
2.40378
2.18909
1.96308
1.73261
1.5007
1.26867
1.03702
0.80589
0.575252
0.344993
0.114971
2.994
2.88328
2.76831
2.59644
2.39222
2.17273
1.94646
1.71745
1.48758
1.25773
1.02822
0.799159
0.570505
0.34217
0.114034
3.4487
3.13337
2.86601
2.62431
2.39138
2.16115
1.9318
1.70294
1.47453
1.24661
1.01917
0.792184
0.565566
0.339226
0.113056
4.02638
3.35029
2.946
2.64623
2.38878
2.14902
1.91687
1.68818
1.46121
1.23522
1.00987
0.784994
0.560465
0.336181
0.112044
4.06215
3.3786
2.95354
2.63892
2.374
2.13166
1.8996
1.67229
1.44727
1.22344
1.0003
0.777604
0.555222
0.33305
0.111003
3.61085
3.22755
2.8845
2.59725
2.34365
2.10724
1.8791
1.65489
1.43258
1.21124
0.990462
0.770039
0.549862
0.329851
0.109939
3.37959
3.04869
2.77683
2.53235
2.30145
2.07713
1.85594
1.63623
1.41727
1.19872
0.980433
0.762346
0.544415
0.3266
0.108858
3.01077
2.82895
2.65026
2.45815
2.25477
2.04491
1.8318
1.61713
1.40175
1.18607
0.970319
0.754585
0.538915
0.323315
0.107765
2.65626
2.60717
2.53313
2.39194
2.21266
2.01502
1.8088
1.59858
1.38649
1.17355
0.960241
0.746819
0.533396
0.320012
0.106665
1.73149
2.40285
2.46271
2.35233
2.1834
1.99113
1.78864
1.5814
1.3719
1.16133
0.950295
0.739095
0.527877
0.316698
0.10556
2.7454
2.62331
2.5106
2.35351
2.17044
1.9744
1.77182
1.56585
1.35811
1.1495
0.940513
0.731421
0.522359
0.313371
0.104449
3.14842
2.83737
2.58939
2.37288
2.16659
1.96228
1.75742
1.55158
1.34499
1.13799
0.930853
0.723766
0.516816
0.310015
0.103325
3.63157
3.00775
2.64641
2.38529
2.16145
1.9506
1.74376
1.53791
1.33223
1.12663
0.921208
0.716053
0.511195
0.306599
0.102179
3.62129
2.99596
2.63396
2.37194
2.14738
1.93619
1.72947
1.52418
1.31947
1.1152
0.911425
0.708173
0.50542
0.303075
0.100994
3.10437
2.80144
2.55217
2.33271
2.12409
1.91873
1.71423
1.51011
1.30646
1.10349
0.901324
0.699983
0.499388
0.299382
0.099751
2.69352
2.56975
2.44979
2.28609
2.09862
1.90073
1.69879
1.49576
1.29305
1.09128
0.890698
0.691311
0.492973
0.295444
0.0984235
1.6937
2.33555
2.37789
2.2561
2.08047
1.8856
1.68416
1.48126
1.27903
1.07829
0.879289
0.681946
0.486021
0.291168
0.0969807
2.6006
2.51776
2.42004
2.26362
2.07576
1.87507
1.67059
1.46636
1.26403
1.06416
0.866773
0.671632
0.478349
0.286444
0.0953861
2.93681
2.71042
2.50302
2.2931
2.08005
1.86721
1.6569
1.45019
1.24738
1.04835
0.852741
0.660063
0.469743
0.281146
0.093598
3.26904
2.88999
2.58784
2.3249
2.08429
1.85765
1.64075
1.43137
1.22817
1.03022
0.836715
0.646891
0.459965
0.275134
0.0915699
3.45224
3.01628
2.64553
2.3413
2.07891
1.84138
1.61944
1.40829
1.20536
1.00905
0.818178
0.631739
0.448756
0.268256
0.0892518
3.78042
3.0974
2.65711
2.32876
2.05636
1.81433
1.59067
1.37957
1.17801
0.984141
0.796605
0.614219
0.435846
0.260351
0.0865907
3.69137
3.01005
2.59107
2.27748
2.01281
1.77458
1.55323
1.34428
1.14537
0.954885
0.771496
0.593942
0.420958
0.251256
0.0835318
3.06021
2.74064
2.45193
2.19233
1.95095
1.72317
1.5072
1.30208
1.10693
0.920747
0.742375
0.570524
0.403812
0.2408
0.0800184
2.6064
2.44989
2.29267
2.09463
1.87971
1.6636
1.4537
1.253
1.06231
0.881229
0.708763
0.543566
0.384117
0.228808
0.075992
1.58638
2.15973
2.16184
2.00876
1.80937
1.59976
1.39383
1.19703
1.01105
0.835774
0.67014
0.512645
0.361568
0.215097
0.0713917
2.37158
2.26635
2.13884
1.95514
1.74618
1.53341
1.32767
1.13359
0.95242
0.783662
0.6259
0.477296
0.335841
0.199477
0.0661552
2.64184
2.38852
2.15491
1.91916
1.68571
1.4622
1.25345
1.06121
0.885212
0.723953
0.575334
0.437011
0.306598
0.181757
0.0602205
2.87536
2.49709
2.17253
1.88169
1.61838
1.3808
1.16779
0.977606
0.807808
0.655504
0.51765
0.391259
0.273505
0.161753
0.0535296
3.01361
2.56845
2.1668
1.82516
1.53325
1.28237
1.06631
0.879881
0.718294
0.577056
0.452037
0.339533
0.236263
0.139311
0.0460345
3.29508
2.60966
2.11947
1.73419
1.41968
1.1598
0.944282
0.764938
0.614686
0.487377
0.37776
0.281418
0.194652
0.114326
0.0377053
3.24021
2.51538
1.99934
1.59414
1.26823
1.00646
0.797161
0.629822
0.495178
0.385443
0.29429
0.216674
0.148584
0.0867775
0.0285402
2.80016
2.27616
1.80231
1.39911
1.07229
0.816715
0.620924
0.472021
0.3584
0.270633
0.201443
0.145334
0.0981652
0.0567597
0.0185748
2.44659
2.00217
1.5563
1.1511
0.826957
0.585511
0.412148
0.289733
0.203684
0.142943
0.0995317
0.0678015
0.0437559
0.0245124
0.00789309
1.63317
1.72926
1.28211
0.846864
0.52429
0.307113
0.16803
0.0822039
0.0314025
0.00323174
-0.0104783
-0.015056
-0.0139792
-0.00955169
-0.00336579
3.02135
1.83366
0.999725
0.464392
0.148532
-0.0253894
-0.113001
-0.149624
-0.156588
-0.146516
-0.126823
-0.101833
-0.074035
-0.044833
-0.0150029
3.66669
1.69242
0.510053
-0.0705905
-0.325736
-0.417685
-0.429333
-0.402
-0.356392
-0.30294
-0.246842
-0.190554
-0.135061
-0.0805472
-0.026761
5.01173
1.00123
-0.397336
-0.831851
-0.913397
-0.865641
-0.77262
-0.667001
-0.561615
-0.461193
-0.366989
-0.278719
-0.195404
-0.115752
-0.038334
1.80726
-1.50389
-1.97391
-1.83841
-1.59097
-1.34499
-1.12457
-0.931776
-0.763362
-0.615115
-0.483011
-0.363441
-0.253201
-0.149404
-0.0493856
-10.883
-5.98186
-3.97073
-2.92272
-2.26756
-1.80653
-1.45724
-1.17956
-0.951072
-0.757819
-0.590328
-0.441685
-0.306524
-0.180431
-0.0595724
0.121546
0.365725
0.613249
0.866642
1.12894
1.40408
1.69752
2.01744
2.37688
2.79838
3.32411
4.04089
5.14973
7.18208
11.7528
0.119725
0.360453
0.605114
0.856693
1.1188
1.3961
1.69502
2.02493
2.40016
2.84357
3.39293
4.11124
5.09896
6.47521
8.11854
0.116625
0.351239
0.590049
0.8362
1.09344
1.36647
1.66152
1.98715
2.35534
2.78292
3.29271
3.91186
4.65958
5.50024
6.20491
0.112158
0.337825
0.567626
0.804602
1.05225
1.3148
1.59747
1.90687
2.25121
2.64013
3.08302
3.58385
4.1286
4.66105
5.0465
0.106339
0.320269
0.538013
0.762303
0.996157
1.24299
1.50672
1.79173
2.10263
2.44335
2.81495
3.21108
3.61059
3.96954
4.21828
0.0992619
0.298884
0.501831
0.71041
0.927042
1.15428
1.39472
1.65083
1.92445
2.21588
2.52206
2.83373
3.13202
3.38708
3.56187
0.0910814
0.274161
0.459995
0.650428
0.847286
1.05232
1.26705
1.4925
1.72874
1.97411
2.22408
2.46971
2.6964
2.88458
3.01322
0.0819806
0.246672
0.413541
0.583989
0.759311
0.940605
1.1286
1.32339
1.52405
1.72813
1.93098
2.12507
2.29974
2.44212
2.53957
0.0721465
0.216996
0.363493
0.512648
0.665326
0.822135
0.983274
1.14832
1.31591
1.48349
1.6469
1.80019
1.93574
2.045
2.1201
0.061753
0.185666
0.310771
0.437764
0.56718
0.699291
0.833985
0.970597
1.10771
1.24297
1.37297
1.49317
1.59816
1.68225
1.74037
0.0509506
0.153136
0.256147
0.360439
0.466312
0.573833
0.682737
0.792313
0.901275
1.00766
1.1088
1.20135
1.28152
1.34549
1.38998
0.0398626
0.119777
0.200235
0.281517
0.363773
0.446965
0.530789
0.614606
0.697363
0.777545
0.853171
0.921871
0.981054
1.02819
1.06115
0.0285856
0.0858745
0.143497
0.201613
0.260286
0.319442
0.378818
0.437919
0.495974
0.551917
0.604395
0.651834
0.692555
0.724955
0.747711
0.0171923
0.0516403
0.0862664
0.12115
0.156312
0.191689
0.227107
0.262257
0.296671
0.329719
0.360617
0.388464
0.412319
0.431294
0.444672
-32281.7
-32245.2
-32208.6
-32172.2
-32135.8
-32099.5
-32063.3
-32027.3
-31991.5
-31955.9
-31920.5
-31885.4
-31850.5
-31815.9
-31781.6
15.0989
-8.57488
22.4508
-0.845414
22.0172
3.34389
-15.4467
8.02413
-16.0412
20.6842
-3.87023
20.5337
-0.791254
19.0364
2.13218
-14.8301
5.98985
-15.5233
16.8865
-4.6312
16.5458
-0.328648
-17.0152
2.53267
-18.2937
5.20621
-18.6417
17.132
-6.18195
16.7251
-1.32507
-19.0889
1.82679
-20.2664
4.70473
-20.5561
17.3402
-7.36592
16.8951
-2.30043
-21.2718
1.01143
-22.8301
4.22535
-23.5105
18.7086
-9.20936
18.7543
-5.42923
17.2273
-1.98067
-21.3189
2.50224
-22.1949
15.0966
-9.78309
14.6797
-5.04294
-24.7098
-1.85336
-26.7393
1.32873
-27.5881
15.9068
-12.7553
15.515
-7.07865
-29.6124
-3.1332
-31.7528
0.957321
-32.4289
18.3833
-14.7855
18.4916
-7.65605
-33.7653
-2.3289
-35.5724
3.3575
-35.3467
24.5434
-13.6303
25.4327
-4.15836
-33.3528
4.00621
-31.9725
17.0598
-18.4846
8.04712
4.39565
8.95312
6.09887
8.43385
3.52239
-1.29044
1.48374
-0.648522
6.01746
4.13686
7.89978
5.06002
6.84408
2.22876
-2.27061
0.0104923
-2.10985
3.50767
1.4277
3.82994
-0.58418
-5.12762
-3.36265
-6.15271
-2.55202
-4.38095
2.13486
0.116635
2.88039
-1.72048
-6.47883
-4.51489
-7.41726
-3.5484
-5.45227
1.47244
-0.652166
2.28088
-2.6057
-7.66358
-5.54919
-8.62627
-4.3364
-6.24899
1.74313
-0.144605
4.34491
1.26185
3.40372
-1.77729
-6.85579
-4.21292
-6.63156
-0.173781
-2.61064
0.110185
-5.10903
-10.504
-8.516
-11.9123
-7.66717
-9.94289
-2.08004
-4.64094
-1.31413
-7.1534
-13.206
-10.7539
-14.5083
-9.40241
-11.8474
-2.49202
-5.25567
-1.13089
-7.70289
-14.5034
-11.3015
-15.3621
-8.97469
-11.4522
-0.101984
-2.8918
2.34714
-4.72401
-11.9644
-7.60258
-11.549
-3.98034
-9.29465
6.15919
5.54443
6.12728
5.56977
5.28442
3.55791
1.93963
2.00755
2.07369
3.65659
4.01605
4.77237
4.25173
3.86556
2.15703
0.523679
0.367772
0.159731
1.21164
1.03072
0.928029
-0.655044
-2.32573
-2.70033
-3.21599
-2.49328
-2.13828
-0.574983
-0.47258
-0.361104
-1.89086
-3.55059
-3.85087
-4.32048
-3.49061
-3.06341
-1.36609
-1.22321
-1.07482
-2.66606
-4.38514
-4.63584
-5.03258
-3.96829
-3.25194
-0.996974
-0.2647
0.838494
0.427492
0.123576
-1.72301
-3.51296
-3.64092
-3.8517
-2.63718
-2.86659
-3.02692
-4.9233
-6.93105
-7.42643
-8.09023
-7.27416
-6.89835
-5.05765
-5.00589
-4.94503
-6.92192
-9.04721
-9.43839
-10.0233
-8.88972
-8.25909
-5.91659
-5.64586
-5.35059
-7.42125
-9.64573
-9.81676
-10.1974
-8.54188
-7.46998
-4.386
-3.7151
-3.0121
-5.0463
-7.28338
-7.24769
-7.7074
-6.46881
-7.21996
5.09759
4.96979
4.94476
4.65
4.21153
3.43888
2.74294
2.53532
2.61324
3.05893
3.3253
3.4853
3.25134
2.79282
1.97867
1.19214
0.801813
0.616742
0.692608
0.522891
0.159673
-0.597929
-1.38834
-1.83299
-2.06061
-1.90311
-1.63362
-1.1792
-1.07291
-1.23726
-1.87214
-2.57796
-2.94106
-3.09297
-2.85098
-2.50156
-1.96424
-1.80024
-1.92349
-2.54041
-3.21921
-3.51029
-3.54086
-3.09724
-2.46865
-1.54254
-0.917086
-0.48563
-0.55926
-0.933336
-1.74851
-2.56167
-2.94795
-3.12259
-3.01962
-3.22036
-3.66251
-4.57557
-5.53439
-6.0928
-6.39775
-6.24571
-5.96186
-5.45777
-5.38259
-5.64025
-6.47545
-7.38432
-7.84262
-8.01196
-7.6516
-7.13487
-6.3567
-6.07038
-6.16236
-6.91713
-7.74408
-8.02928
-7.96394
-7.26786
-6.38445
-5.19439
-4.58389
-4.4291
-5.07575
-5.87464
-6.17897
-6.31108
-6.09175
-6.12192
4.28737
4.24768
4.15112
3.93754
3.62026
3.20982
2.84351
2.65242
2.62369
2.72001
2.78822
2.76599
2.57479
2.23262
1.76101
1.29059
0.940824
0.698541
0.52774
0.294194
-0.0402891
-0.493067
-0.948333
-1.27766
-1.45924
-1.47367
-1.39473
-1.28161
-1.283
-1.43539
-1.75077
-2.09836
-2.33488
-2.43218
-2.36556
-2.20981
-2.02434
-1.96313
-2.06083
-2.32515
-2.61117
-2.7594
-2.73156
-2.49211
-2.11339
-1.65472
-1.2897
-1.082
-1.11292
-1.35462
-1.77646
-2.22469
-2.55935
-2.79286
-2.96434
-3.2261
-3.61955
-4.16156
-4.71395
-5.12378
-5.36302
-5.40676
-5.3422
-5.23996
-5.27963
-5.50343
-5.92256
-6.36993
-6.66268
-6.7631
-6.63842
-6.38686
-6.08828
-5.94987
-6.01937
-6.30881
-6.62229
-6.74633
-6.63857
-6.2634
-5.7403
-5.16802
-4.79622
-4.69174
-4.88572
-5.17781
-5.35808
-5.42082
-5.35568
-5.26509
3.6229
3.6055
3.52396
3.37229
3.16089
2.91486
2.68935
2.53319
2.4515
2.41887
2.37863
2.2872
2.11273
1.85583
1.53859
1.21214
0.921882
0.674161
0.449933
0.207491
-0.073331
-0.388101
-0.693221
-0.938647
-1.10224
-1.18236
-1.20876
-1.2229
-1.27942
-1.40265
-1.58683
-1.78256
-1.93305
-2.0113
-2.01235
-1.96472
-1.90937
-1.90106
-1.96209
-2.08244
-2.20533
-2.26579
-2.23068
-2.09118
-1.87686
-1.63559
-1.43927
-1.33823
-1.36645
-1.51985
-1.7697
-2.05447
-2.3196
-2.55556
-2.78215
-3.04521
-3.3656
-3.7355
-4.10157
-4.40313
-4.61245
-4.72632
-4.77929
-4.82025
-4.91391
-5.0876
-5.3312
-5.58033
-5.76172
-5.84032
-5.80984
-5.70834
-5.59095
-5.53165
-5.56125
-5.66735
-5.77472
-5.79851
-5.69949
-5.47316
-5.16807
-4.85401
-4.62461
-4.5255
-4.55521
-4.64264
-4.70687
-4.71493
-4.65639
-4.54443
3.06288
3.05513
2.99723
2.89249
2.75077
2.58977
2.43468
2.30608
2.20795
2.12798
2.042
1.92722
1.7686
1.56514
1.32862
1.08072
0.840806
0.615045
0.397439
0.175129
-0.0584312
-0.297991
-0.52505
-0.718475
-0.866473
-0.969473
-1.0415
-1.10422
-1.18087
-1.28324
-1.40733
-1.53303
-1.63634
-1.7027
-1.73036
-1.73186
-1.72779
-1.74024
-1.77905
-1.83719
-1.89048
-1.91091
-1.88119
-1.79906
-1.68016
-1.55277
-1.45263
-1.40931
-1.44072
-1.54715
-1.71359
-1.91345
-2.12274
-2.33264
-2.54828
-2.78261
-3.04117
-3.31578
-3.58289
-3.81607
-4.00007
-4.13426
-4.23438
-4.32529
-4.43361
-4.57174
-4.73249
-4.88884
-5.00936
-5.0751
-5.08404
-5.05318
-5.0104
-4.98584
-4.99338
-5.02447
-5.04787
-5.02786
-4.94404
-4.79662
-4.60901
-4.41836
-4.26561
-4.17403
-4.14183
-4.14111
-4.13669
-4.10497
-4.03393
-3.9203
2.57973
2.57769
2.53872
2.46677
2.36927
2.25708
2.1428
2.03607
1.93923
1.84679
1.74789
1.63144
1.49014
1.32319
1.13622
0.938966
0.740553
0.545402
0.352955
0.160227
-0.0336103
-0.224577
-0.403993
-0.562386
-0.694157
-0.799837
-0.88628
-0.964119
-1.0439
-1.13118
-1.22414
-1.31435
-1.39142
-1.44846
-1.48464
-1.50565
-1.52101
-1.54007
-1.56682
-1.59753
-1.62161
-1.62691
-1.6058
-1.55855
-1.49438
-1.42939
-1.38285
-1.37151
-1.40568
-1.4868
-1.60811
-1.75762
-1.92378
-2.10026
-2.28634
-2.48397
-2.69253
-2.90576
-3.11201
-3.2988
-3.45836
-3.59027
-3.7017
-3.80429
-3.90946
-4.02239
-4.13924
-4.24811
-4.33503
-4.39088
-4.41474
-4.4144
-4.40287
-4.39309
-4.39092
-4.39199
-4.38293
-4.3485
-4.27959
-4.17736
-4.05379
-3.92761
-3.81807
-3.73663
-3.68278
-3.64465
-3.6056
-3.55141
-3.47258
-3.36398
2.15275
2.15415
2.12843
2.07864
2.00977
1.9283
1.84098
1.75278
1.66519
1.57592
1.48011
1.37253
1.24971
1.11122
0.959783
0.800074
0.636813
0.473098
0.310126
0.148197
-0.0116303
-0.16648
-0.311871
-0.443277
-0.558042
-0.656517
-0.742058
-0.819811
-0.894734
-0.969513
-1.04349
-1.11313
-1.17393
-1.22279
-1.25933
-1.28612
-1.30746
-1.32736
-1.34746
-1.36598
-1.37835
-1.37952
-1.36667
-1.34102
-1.30837
-1.27808
-1.26102
-1.26682
-1.3017
-1.36726
-1.46075
-1.57655
-1.7087
-1.85282
-2.00654
-2.1684
-2.33596
-2.50464
-2.668
-2.81963
-2.95538
-3.07472
-3.18072
-3.27856
-3.37311
-3.46644
-3.55656
-3.63805
-3.70459
-3.75189
-3.77948
-3.7909
-3.79207
-3.78862
-3.78307
-3.77339
-3.75388
-3.71814
-3.66252
-3.58827
-3.50173
-3.41236
-3.32955
-3.259
-3.20068
-3.14913
-3.09601
-3.03308
-2.95391
-2.85439
1.76681
1.76999
1.75314
1.71835
1.66881
1.60838
1.54086
1.46906
1.39403
1.31497
1.22977
1.13609
1.03236
0.918461
0.795812
0.666871
0.53431
0.400314
0.266398
0.133747
0.00380142
-0.121376
-0.239251
-0.347483
-0.44473
-0.531156
-0.608384
-0.6789
-0.745092
-0.808314
-0.868409
-0.923926
-0.972958
-1.01415
-1.04736
-1.07376
-1.09527
-1.11368
-1.12969
-1.14258
-1.15052
-1.15164
-1.14529
-1.1329
-1.11829
-1.10708
-1.10561
-1.11959
-1.15288
-1.20689
-1.2806
-1.37132
-1.47577
-1.59094
-1.71441
-1.84402
-1.97719
-2.1106
-2.24034
-2.36277
-2.47549
-2.57785
-2.67099
-2.75705
-2.83802
-2.91464
-2.98583
-3.04906
-3.1014
-3.14083
-3.1671
-3.18177
-3.18751
-3.18681
-3.18078
-3.16859
-3.14787
-3.11607
-3.07195
-3.01659
-2.95344
-2.88739
-2.82311
-2.76349
-2.70856
-2.65566
-2.60038
-2.53798
-2.46442
-2.37689
1.41098
1.41476
1.40378
1.37941
1.34363
1.29875
1.24702
1.19012
1.12882
1.06298
0.991783
0.914261
0.829788
0.738435
0.641044
0.539027
0.434018
0.327563
0.221
0.115553
0.0125187
-0.0866334
-0.180361
-0.267347
-0.346843
-0.418876
-0.484214
-0.544053
-0.599563
-0.651454
-0.699752
-0.743899
-0.783112
-0.816831
-0.845028
-0.868253
-0.887394
-0.903269
-0.916256
-0.926145
-0.932341
-0.93436
-0.932412
-0.927826
-0.92315
-0.921861
-0.927786
-0.944375
-0.974077
-1.01798
-1.07579
-1.14617
-1.22723
-1.31693
-1.41329
-1.51435
-1.61794
-1.72167
-1.82303
-1.91977
-2.01034
-2.0941
-2.17131
-2.24272
-2.30906
-2.3705
-2.42643
-2.47561
-2.51666
-2.5486
-2.57127
-2.58537
-2.59208
-2.59253
-2.58725
-2.57594
-2.5577
-2.53162
-2.49744
-2.45601
-2.40925
-2.35974
-2.30987
-2.26109
-2.21344
-2.16551
-2.11489
-2.05889
-1.99502
-1.92148
1.07715
1.08073
1.0737
1.05689
1.03152
0.99898
0.96062
0.917474
0.870124
0.818674
0.762886
0.702423
0.637103
0.567083
0.492915
0.415468
0.335787
0.254943
0.17397
0.0938607
0.0156205
-0.0597277
-0.131207
-0.198026
-0.259726
-0.316266
-0.367989
-0.415465
-0.459273
-0.499792
-0.537099
-0.571002
-0.601202
-0.627488
-0.649881
-0.668654
-0.684236
-0.697036
-0.707295
-0.715037
-0.720185
-0.722797
-0.72334
-0.722884
-0.723132
-0.72626
-0.734604
-0.750274
-0.774819
-0.809018
-0.85285
-0.905631
-0.966235
-1.03331
-1.1054
-1.18099
-1.25845
-1.33612
-1.41233
-1.48562
-1.55495
-1.61976
-1.67994
-1.73566
-1.7871
-1.83424
-1.87669
-1.91383
-1.94498
-1.96965
-1.98775
-1.99956
-2.00562
-2.00646
-2.00233
-1.99319
-1.97876
-1.95877
-1.93332
-1.90302
-1.86897
-1.83254
-1.79497
-1.75701
-1.71866
-1.67913
-1.63711
-1.59104
-1.53946
-1.48126
0.758976
0.761828
0.757505
0.746497
0.729517
0.707383
0.680883
0.650652
0.617092
0.580367
0.540463
0.497311
0.45091
0.401423
0.349215
0.294829
0.238921
0.182198
0.125372
0.0691486
0.0142215
-0.0387358
-0.0891134
-0.13643
-0.1804
-0.220959
-0.258249
-0.292534
-0.324098
-0.353141
-0.379733
-0.403827
-0.42532
-0.444147
-0.46034
-0.474045
-0.485478
-0.494859
-0.502352
-0.508058
-0.512072
-0.514602
-0.516093
-0.51731
-0.519345
-0.523524
-0.531242
-0.54376
-0.562023
-0.586544
-0.617377
-0.654169
-0.696261
-0.742797
-0.792806
-0.84524
-0.899002
-0.952982
-1.00611
-1.05748
-1.10637
-1.15236
-1.19525
-1.23501
-1.27161
-1.30496
-1.33484
-1.36092
-1.38284
-1.40038
-1.41347
-1.42223
-1.42689
-1.4277
-1.42481
-1.41825
-1.40796
-1.39394
-1.37634
-1.35556
-1.33223
-1.30708
-1.28075
-1.25362
-1.22565
-1.19643
-1.16524
-1.1312
-1.09348
-1.05145
0.451386
0.453208
0.450867
0.444627
0.434858
0.421986
0.406426
0.388525
0.368518
0.346533
0.322612
0.296769
0.269048
0.239565
0.208534
0.176258
0.143103
0.109471
0.0757772
0.0424349
0.00984889
-0.0215985
-0.0515696
-0.0798011
-0.106131
-0.13051
-0.152988
-0.173677
-0.192706
-0.210173
-0.226124
-0.240554
-0.253436
-0.264757
-0.274542
-0.282865
-0.289833
-0.295558
-0.30014
-0.303668
-0.306248
-0.308055
-0.309389
-0.310705
-0.312614
-0.315834
-0.321108
-0.329109
-0.340346
-0.355111
-0.373452
-0.3952
-0.420007
-0.447402
-0.476832
-0.50769
-0.539346
-0.571166
-0.602553
-0.632988
-0.662066
-0.689514
-0.715179
-0.738982
-0.760871
-0.780768
-0.798546
-0.814042
-0.827094
-0.837589
-0.845489
-0.850842
-0.853748
-0.854314
-0.852622
-0.848705
-0.84258
-0.834287
-0.823949
-0.811793
-0.79814
-0.783346
-0.767716
-0.751423
-0.734449
-0.716582
-0.69746
-0.676645
-0.653713
-0.628336
-31750.4
-31722.3
-31694.4
-31666.7
-31639.3
-31612
-31584.9
-31558.1
-31531.4
-31504.9
-31478.5
-31452.3
-31426.3
-31400.4
-31374.6
-31348.9
-31323.4
-31297.8
-31272.4
-31247
-31221.6
-31196.2
-31170.9
-31145.5
-31120.1
-31094.6
-31069.1
-31043.6
-31017.9
-30992.2
-30966.4
-30940.6
-30914.6
-30888.5
-30862.3
-30835.9
-30809.5
-30782.9
-30756.2
-30729.4
-30702.5
-30675.4
-30648.2
-30620.8
-30593.3
-30565.7
-30538
-30510.1
-30482.1
-30453.9
-30425.6
-30397.1
-30368.4
-30339.6
-30310.5
-30281.3
-30251.8
-30222.1
-30192.1
-30161.8
-30131.3
-30100.5
-30069.3
-30037.9
-30006.1
-29973.9
-29941.5
-29908.6
-29875.4
-29841.8
-29807.8
-29773.4
-29738.7
-29703.5
-29668
-29632.1
-29595.8
-29559.1
-29522
-29484.6
-29446.7
-29408.6
-29370
-29331.1
-29291.9
-29252.3
-29212.4
-29172.2
-29131.7
-29090.8
-14.8353
-8.19511
-5.28761
-3.76471
-2.84123
-2.21702
-1.76132
-1.40983
-1.12737
-0.892791
-0.692314
-0.516281
-0.357466
-0.21011
-0.0693227
-9.70509
-7.42722
-5.49681
-4.13915
-3.19194
-2.509
-1.99643
-1.59701
-1.2753
-1.00845
-0.780943
-0.581725
-0.40244
-0.236411
-0.0779787
-7.30018
-6.31196
-5.13341
-4.10318
-3.27832
-2.63052
-2.11831
-1.70643
-1.36836
-1.08473
-0.841276
-0.627232
-0.434151
-0.255115
-0.0841589
-5.97108
-5.38716
-4.62173
-3.86181
-3.18754
-2.61635
-2.1398
-1.74199
-1.40694
-1.12081
-0.872192
-0.651769
-0.451813
-0.265736
-0.0877002
-5.0615
-4.64391
-4.10449
-3.53471
-2.99356
-2.50745
-2.08247
-1.71476
-1.39659
-1.11936
-0.874905
-0.655834
-0.455594
-0.268311
-0.0886059
-4.34744
-4.02243
-3.61751
-3.17885
-2.74445
-2.33734
-1.96782
-1.63796
-1.34526
-1.08514
-0.852225
-0.641064
-0.446415
-0.263307
-0.0870176
-3.74335
-3.48074
-3.16415
-2.81861
-2.46798
-2.12959
-1.81349
-1.52396
-1.26136
-1.02371
-0.807785
-0.609782
-0.425693
-0.251485
-0.0831749
-3.2087
-2.99289
-2.73963
-2.46339
-2.17923
-1.8995
-1.63257
-1.38303
-1.1525
-0.940553
-0.745426
-0.564589
-0.39509
-0.233768
-0.0773735
-2.72035
-2.5424
-2.33805
-2.11604
-1.88602
-1.65661
-1.43427
-1.22309
-1.02508
-0.840586
-0.668787
-0.508067
-0.356316
-0.211128
-0.0699293
-2.26369
-2.11826
-1.95412
-1.77668
-1.59222
-1.40666
-1.22481
-1.05
-0.884153
-0.727941
-0.581081
-0.442587
-0.31099
-0.184504
-0.0611506
-1.82894
-1.71281
-1.58347
-1.44433
-1.2995
-1.153
-1.0083
-0.867956
-0.733593
-0.605945
-0.48501
-0.370211
-0.260553
-0.154746
-0.0513164
-1.40933
-1.32051
-1.22257
-1.11766
-1.00841
-0.897524
-0.7874
-0.679904
-0.576291
-0.477211
-0.38278
-0.292676
-0.206245
-0.122593
-0.0406687
-1.00008
-0.937352
-0.868667
-0.795325
-0.718964
-0.641296
-0.56388
-0.487975
-0.414462
-0.343834
-0.276226
-0.211471
-0.149162
-0.0887177
-0.029438
-0.597534
-0.560162
-0.519419
-0.476011
-0.430827
-0.384813
-0.338847
-0.293651
-0.249746
-0.207435
-0.166819
-0.127818
-0.0902152
-0.0536825
-0.0178186
-29045.6
-28995.9
-28945.8
-28895.3
-28844.6
-28793.5
-28742.2
-28690.7
-28639
-28587.1
-28535.1
-28482.9
-28430.7
-28378.5
-28326.2
)
;

boundaryField
{
    hot
    {
        type            calculated;
        value           nonuniform List<scalar> 
120
(
32275.4
-0.0147247
-0.0244643
-0.0340847
-0.0435039
-0.0526019
-0.0612375
-0.0692223
-0.0763236
-0.0822759
-0.0867981
-0.0896207
-0.0905221
-0.0893677
-0.0861429
-0.081543
-0.0760339
-0.0695195
-0.0622233
-0.054379
-0.0462113
-0.0379196
-0.0296699
-0.0215911
-0.0137768
-0.00628872
0.000837281
0.00758543
0.0139543
0.0199524
0.025594
0.030897
0.035881
0.0405661
0.0449718
0.0491166
0.0530176
0.0566897
0.0601463
0.0633995
0.0664609
0.0693425
0.0720574
0.0746195
0.0770435
0.0793438
0.081534
0.0836262
0.0856313
0.0875591
0.0894195
0.0912228
0.0929796
0.0947008
0.0963964
0.0980749
0.0997426
0.101404
0.103062
0.104719
0.106378
0.108041
0.109711
0.111388
0.113073
0.11476
0.116443
0.118115
0.119767
0.121388
0.122971
0.124505
0.12598
0.127382
0.128695
0.129902
0.130983
0.131919
0.132694
0.133292
0.133703
0.133914
0.133919
0.13371
0.133283
0.132638
0.131784
0.130739
0.12953
0.128197
0.126789
0.125362
0.123979
0.122702
0.121597
0.120722
0.120124
0.119835
0.119859
0.120169
0.120696
0.121331
0.121928
0.12231
0.122289
0.121546
0.119725
0.116625
0.112158
0.106339
0.0992619
0.0910814
0.0819806
0.0721465
0.061753
0.0509506
0.0398626
0.0285856
0.0171923
-32281.7
)
;
    }
    cold
    {
        type            calculated;
        value           nonuniform List<scalar> 
120
(
28319
0.0157954
0.0262588
0.0366076
0.04677
0.0566504
0.0661254
0.0750444
0.0832328
0.090502
0.0966683
0.101579
0.10514
0.107343
0.108282
0.108242
0.107586
0.106571
0.105398
0.104255
0.103303
0.10266
0.102404
0.102565
0.103142
0.104101
0.10539
0.106941
0.108682
0.11054
0.112441
0.114321
0.116122
0.117796
0.119309
0.120637
0.121768
0.122696
0.123424
0.123958
0.124307
0.124484
0.124504
0.124389
0.124161
0.123847
0.123476
0.123074
0.122665
0.122269
0.121898
0.12156
0.121259
0.120988
0.12074
0.120498
0.120244
0.119957
0.119615
0.119202
0.118704
0.118117
0.117442
0.116686
0.115858
0.114971
0.114034
0.113056
0.112044
0.111003
0.109939
0.108858
0.107765
0.106665
0.10556
0.104449
0.103325
0.102179
0.100994
0.099751
0.0984235
0.0969807
0.0953861
0.093598
0.0915699
0.0892518
0.0865907
0.0835318
0.0800184
0.075992
0.0713917
0.0661552
0.0602205
0.0535296
0.0460345
0.0377053
0.0285402
0.0185748
0.00789309
-0.00336579
-0.0150029
-0.026761
-0.038334
-0.0493856
-0.0595724
-0.0693227
-0.0779787
-0.0841589
-0.0877002
-0.0886059
-0.0870176
-0.0831749
-0.0773735
-0.0699293
-0.0611506
-0.0513164
-0.0406687
-0.029438
-0.0178186
-28326.2
)
;
    }
    interface_left
    {
        type            calculated;
        value           nonuniform List<scalar> 
90
(
-10.7928
-1.04988
1.43938
0.53061
0.287193
0.0319368
0.0130645
0.0791044
0.279376
0.402273
0.601629
0.704526
0.838773
0.83438
0.630785
1.17101
1.43653
1.83493
1.91234
1.76759
1.59017
1.04581
1.69264
1.96324
2.28231
2.48042
2.8538
2.85668
2.48593
2.17398
1.38007
2.1366
2.43385
2.75598
2.95871
3.35234
3.33389
2.8725
2.50062
1.58168
2.42861
2.75959
3.11736
3.3446
3.79063
3.77142
3.25525
2.83742
1.80161
2.77341
3.15803
3.58411
3.85518
4.38744
4.37269
3.78531
3.30354
2.10008
3.24415
3.69639
4.19724
4.50972
5.1166
5.08574
4.37087
3.79456
2.37939
3.64569
4.12037
4.59863
4.87855
5.40594
5.29854
4.40819
3.74925
2.24441
3.289
3.59745
3.7395
3.77372
3.78723
3.49277
2.46536
1.88655
0.856704
0.531051
0.195412
-0.840391
1.08932
8.98369
)
;
    }
    interface_right
    {
        type            calculated;
        value           nonuniform List<scalar> 
90
(
8.81739
0.473685
-1.5212
-0.258424
-0.105731
0.188027
1.11874
1.646
2.5891
2.89872
3.02239
3.05847
3.02608
2.80096
1.94391
3.29901
3.90606
4.7465
4.86702
4.43236
4.20021
3.79502
3.37204
2.21454
3.55683
4.11054
4.8083
4.84955
4.29381
4.00629
3.54051
3.11143
2.01393
3.16948
3.62411
4.1596
4.14125
3.54204
3.07552
1.94861
2.9936
3.39863
3.83404
4.09683
4.59442
4.57185
3.99542
3.71061
3.27986
2.88741
1.88867
2.994
3.4487
4.02638
4.06215
3.61085
3.37959
3.01077
2.65626
1.73149
2.7454
3.14842
3.63157
3.62129
3.10437
2.69352
1.6937
2.6006
2.93681
3.26904
3.45224
3.78042
3.69137
3.06021
2.6064
1.58638
2.37158
2.64184
2.87536
3.01361
3.29508
3.24021
2.80016
2.44659
1.63317
3.02135
3.66669
5.01173
1.80726
-10.883
)
;
    }
    interface_top
    {
        type            calculated;
        value           nonuniform List<scalar> 
90
(
20.8764
-20.198
33.8553
-7.80228
33.1787
3.22714
-27.0347
14.6992
-29.1807
33.4022
-11.6164
30.8863
-6.85793
28.9789
2.03763
-25.1473
12.0176
-27.0435
28.372
-10.7444
26.9637
-0.151883
-26.7544
8.56996
-28.2707
12.6913
-31.0247
29.9133
-12.6479
28.0213
-1.07354
-29.4447
8.29256
-30.8339
12.6611
-33.668
30.8738
-14.2327
28.8464
-2.08512
-32.393
7.81802
-34.4239
12.6522
-38.3364
33.3777
-17.9972
30.5719
-12.3388
28.5317
-2.12397
-33.1545
9.34608
-35.5047
28.2673
-16.9254
26.6898
-4.93862
-36.2564
5.12988
-38.8232
10.1591
-42.7929
31.3515
-20.8971
29.3742
-6.95759
-42.9363
4.88779
-45.7887
11.1571
-50.145
36.3246
-24.3238
34.6611
-7.54151
-49.4136
7.09141
-52.0572
15.4199
-55.9919
45.6243
-24.5578
44.2936
-3.83431
-51.0542
15.3688
-49.4439
35.6002
-26.2296
)
;
    }
    interface_bottom
    {
        type            calculated;
        value           nonuniform List<scalar> 
90
(
-24.7505
28.2943
-45.0983
0.141906
45.5933
-18.4381
45.9327
-28.4778
48.1465
-60.1131
15.0923
-54.8169
6.11625
-51.291
-8.79098
33.6724
-25.5747
34.8576
-50.9474
9.61028
-46.2542
3.27594
-42.9293
-8.18955
26.4896
-21.3135
27.5358
-40.976
6.81122
-37.8345
-5.32387
26.33
-15.6985
27.6329
-20.8588
29.5726
-39.7007
8.36832
-36.1858
-3.73755
27.8758
-14.1486
29.4492
-19.6083
31.9337
-39.5801
11.0562
-35.2535
6.18807
-32.6954
-3.35655
26.2116
-14.7435
27.4186
-32.1306
9.59408
-29.9592
-1.22291
27.0371
-10.828
28.3341
-15.9738
29.9726
-33.4589
10.5208
-30.4896
-0.720049
28.3126
-10.4585
29.4709
-15.4668
31.163
-32.9267
11.6352
-29.6893
0.514688
30.017
-9.04222
31.6816
-13.8648
34.1694
-32.2106
14.2653
-29.5789
2.28829
33.7066
-9.12496
34.38
-22.0117
20.6443
)
;
    }
    defaultFaces
    {
        type            empty;
    }
}


// ************************************************************************* //
