/*--------------------------------*- C++ -*----------------------------------*\
| =========                 |                                                 |
| \\      /  F ield         | OpenFOAM: The Open Source CFD Toolbox           |
|  \\    /   O peration     | Version:  5.x                                   |
|   \\  /    A nd           | Web:      www.OpenFOAM.org                      |
|    \\/     M anipulation  |                                                 |
\*---------------------------------------------------------------------------*/
FoamFile
{
    version     2.0;
    format      ascii;
    class       volScalarField;
    location    "4";
    object      gradTx;
}
// * * * * * * * * * * * * * * * * * * * * * * * * * * * * * * * * * * * * * //

dimensions      [0 -1 0 1 0 0 0];

internalField   nonuniform List<scalar> 
6300
(
-49.2134
-49.194
-49.155
-49.0964
-49.018
-48.9197
-48.8013
-48.6632
-48.5056
-48.3292
-48.1351
-47.9247
-47.6996
-47.4614
-47.2116
-49.2331
-49.2137
-49.1749
-49.1165
-49.0382
-48.9399
-48.8214
-48.6829
-48.5246
-48.3472
-48.1517
-47.9397
-47.713
-47.4733
-47.2226
-49.2724
-49.2532
-49.2147
-49.1566
-49.0786
-48.9805
-48.8619
-48.7226
-48.563
-48.3835
-48.1852
-47.9698
-47.7395
-47.4967
-47.2438
-49.3311
-49.3122
-49.2742
-49.2168
-49.1396
-49.0418
-48.9231
-48.783
-48.6215
-48.4388
-48.236
-48.0151
-47.7787
-47.5303
-47.2735
-49.4089
-49.3905
-49.3534
-49.2972
-49.2212
-49.1244
-49.006
-48.8652
-48.7013
-48.5144
-48.3053
-48.0761
-47.8303
-47.5725
-47.3086
-49.5054
-49.4877
-49.452
-49.3977
-49.3237
-49.2288
-49.1116
-48.9706
-48.8045
-48.6125
-48.395
-48.1541
-47.894
-47.6213
-47.3449
-49.6198
-49.6032
-49.5695
-49.5181
-49.4474
-49.3558
-49.2413
-49.1014
-48.9337
-48.7364
-48.5085
-48.2516
-47.9704
-47.6742
-47.3762
-49.751
-49.7359
-49.7052
-49.6578
-49.5922
-49.5061
-49.3966
-49.2602
-49.093
-48.891
-48.6513
-48.3735
-48.0623
-47.7292
-47.3943
-49.8975
-49.8844
-49.8577
-49.8161
-49.7577
-49.68
-49.579
-49.4501
-49.2872
-49.0835
-48.8323
-48.5293
-48.1762
-47.7863
-47.3887
-50.0574
-50.0469
-50.0253
-49.9913
-49.943
-49.8772
-49.7897
-49.6742
-49.5225
-49.3238
-49.0655
-48.7353
-48.3271
-47.8512
-47.3475
-50.2281
-50.2207
-50.2054
-50.1811
-50.1459
-50.0965
-50.0285
-49.9348
-49.805
-49.6239
-49.3708
-49.0197
-48.546
-47.9441
-47.2607
-50.4063
-50.4026
-50.3949
-50.3822
-50.363
-50.3348
-50.2933
-50.2318
-50.139
-49.9963
-49.7741
-49.4267
-48.8933
-48.1188
-47.1277
-50.5885
-50.5889
-50.5895
-50.5899
-50.5894
-50.5864
-50.5784
-50.5603
-50.5229
-50.4485
-50.3028
-50.02
-49.482
-48.5101
-46.9784
-50.7705
-50.7751
-50.7845
-50.7989
-50.8185
-50.8434
-50.8737
-50.9083
-50.9441
-50.9722
-50.9685
-50.8689
-50.5047
-49.4618
-46.9626
-50.948
-50.9568
-50.9749
-51.0029
-51.0424
-51.0953
-51.1648
-51.2552
-51.3731
-51.5279
-51.7305
-51.9825
-52.2065
-51.8701
-47.9723
-46.9736
-46.7491
-46.5168
-46.2757
-46.0244
-45.7609
-45.4835
-45.1901
-44.8793
-44.55
-44.202
-43.8356
-43.4518
-43.0523
-42.6392
-42.2149
-41.782
-41.3433
-40.9017
-40.46
-40.0211
-39.5878
-39.1628
-38.7486
-38.3474
-37.9608
-37.5904
-37.2371
-36.9016
-36.5839
-36.2839
-36.001
-35.7344
-35.4828
-35.2451
-35.0199
-34.8057
-34.6013
-34.4052
-34.2163
-34.0334
-33.8554
-33.6814
-33.5108
-33.3433
-33.1787
-33.0175
-32.8605
-32.7088
-32.5636
-32.4264
-32.2984
-32.1811
-32.0753
-31.9821
-31.902
-31.8353
-31.782
-31.7422
-31.7153
-31.7009
-31.6984
-31.7074
-31.7272
-31.7575
-31.798
-31.8483
-31.9082
-31.9776
-32.0562
-32.1441
-32.241
-32.3471
-32.4623
-32.5868
-32.7207
-32.864
-33.0167
-33.1789
-33.3503
-33.5308
-33.7201
-33.918
-34.124
-34.3374
-34.5575
-34.7831
-35.0127
-35.2447
-35.4771
-46.9844
-46.7607
-46.5298
-46.2908
-46.0421
-45.7814
-45.5067
-45.2155
-44.9062
-44.5774
-44.2288
-43.8609
-43.4747
-43.0722
-42.6556
-42.2275
-41.7907
-41.3479
-40.9021
-40.4563
-40.0133
-39.5762
-39.1477
-38.7303
-38.3264
-37.9379
-37.566
-37.2119
-36.8761
-36.5588
-36.2596
-35.9779
-35.7129
-35.4632
-35.2274
-35.0042
-34.792
-34.5894
-34.3951
-34.2079
-34.0265
-33.8498
-33.6768
-33.5067
-33.3391
-33.1739
-33.0116
-32.8531
-32.6994
-32.5522
-32.413
-32.2832
-32.1643
-32.0573
-31.9633
-31.8826
-31.8158
-31.7628
-31.7234
-31.6972
-31.6835
-31.6819
-31.6915
-31.712
-31.7428
-31.7836
-31.8342
-31.8944
-31.964
-32.0428
-32.1307
-32.2276
-32.3336
-32.4486
-32.573
-32.7067
-32.85
-33.0028
-33.1652
-33.3368
-33.5177
-33.7075
-33.906
-34.1128
-34.3275
-34.5492
-34.7768
-35.0088
-35.2436
-35.4791
-47.0052
-46.7827
-46.5548
-46.3203
-46.0772
-45.8227
-45.5538
-45.2675
-44.9613
-44.6337
-44.2839
-43.9127
-43.5216
-43.1127
-42.689
-42.2531
-41.8082
-41.3572
-40.903
-40.4488
-39.9975
-39.5525
-39.1167
-38.693
-38.2839
-37.8912
-37.5164
-37.1607
-36.8244
-36.5077
-36.2103
-35.9313
-35.6696
-35.4237
-35.192
-34.9728
-34.7646
-34.5658
-34.3752
-34.1914
-34.0131
-33.839
-33.6681
-33.4991
-33.3315
-33.1651
-33.0005
-32.8386
-32.681
-32.5295
-32.3861
-32.2525
-32.1303
-32.0208
-31.925
-31.8434
-31.7764
-31.7239
-31.6855
-31.6608
-31.6489
-31.6489
-31.66
-31.6816
-31.7133
-31.7549
-31.8061
-31.8668
-31.9368
-32.0159
-32.104
-32.2009
-32.3066
-32.4213
-32.5452
-32.6787
-32.8219
-32.9749
-33.1376
-33.3097
-33.4912
-33.6818
-33.8815
-34.0899
-34.3069
-34.5318
-34.7635
-35.0006
-35.2411
-35.4827
-47.0336
-46.8129
-46.5897
-46.3626
-46.129
-45.885
-45.6263
-45.3484
-45.0478
-44.722
-44.3703
-43.9936
-43.5942
-43.1752
-42.74
-42.2922
-41.835
-41.3714
-40.9044
-40.4372
-39.9732
-39.5158
-39.0687
-38.6351
-38.2178
-37.8189
-37.4399
-37.0817
-36.7448
-36.4293
-36.1347
-35.86
-35.6038
-35.3641
-35.1388
-34.926
-34.7239
-34.5308
-34.3456
-34.167
-33.9937
-33.8241
-33.6566
-33.4897
-33.3223
-33.154
-32.9855
-32.818
-32.6538
-32.4953
-32.345
-32.2053
-32.0781
-31.9647
-31.8662
-31.7832
-31.716
-31.6644
-31.628
-31.6059
-31.5969
-31.5997
-31.6132
-31.6366
-31.6696
-31.7121
-31.764
-31.8255
-31.8962
-31.976
-32.0644
-32.1612
-32.2664
-32.3803
-32.5034
-32.6364
-32.7794
-32.9327
-33.0959
-33.2689
-33.4512
-33.6428
-33.8438
-34.0544
-34.2746
-34.5041
-34.7421
-34.9869
-35.2364
-35.4879
-47.0658
-46.8469
-46.6304
-46.4147
-46.196
-45.9689
-45.7267
-45.4625
-45.1708
-44.848
-44.4931
-44.1077
-43.6955
-43.2611
-42.8096
-42.3451
-41.8712
-41.3908
-40.9065
-40.4215
-39.9395
-39.4647
-39.0016
-38.5542
-38.1257
-37.7184
-37.3337
-36.9724
-36.6348
-36.3211
-36.0308
-35.7625
-35.5144
-35.2839
-35.068
-34.8642
-34.6702
-34.4848
-34.3068
-34.1354
-33.9692
-33.8064
-33.6445
-33.4812
-33.3145
-33.1435
-32.969
-32.7929
-32.6184
-32.4492
-32.2888
-32.1403
-32.0059
-31.8872
-31.785
-31.7002
-31.6329
-31.5831
-31.5499
-31.5321
-31.5278
-31.5349
-31.5519
-31.5777
-31.6121
-31.6554
-31.7081
-31.7705
-31.8424
-31.9233
-32.0124
-32.109
-32.2132
-32.3256
-32.4472
-32.5791
-32.7219
-32.8756
-33.04
-33.2141
-33.3974
-33.5898
-33.7919
-34.0044
-34.2283
-34.4638
-34.7102
-34.966
-35.2284
-35.4941
-47.0956
-46.878
-46.6703
-46.4713
-46.2756
-46.075
-45.859
-45.6166
-45.339
-45.0205
-44.66
-44.2607
-43.8289
-43.3723
-42.8981
-42.4119
-41.9173
-41.416
-40.91
-40.4018
-39.8957
-39.3972
-38.9123
-38.4463
-38.0033
-37.5856
-37.1941
-36.8291
-36.4909
-36.1797
-35.8952
-35.6363
-35.4001
-35.1829
-34.9802
-34.7883
-34.6047
-34.4282
-34.2588
-34.0964
-33.9401
-33.7875
-33.6348
-33.4778
-33.3129
-33.1383
-32.9549
-32.7656
-32.5756
-32.3905
-32.2156
-32.055
-31.9112
-31.7857
-31.679
-31.5919
-31.5247
-31.4776
-31.4497
-31.4388
-31.442
-31.4558
-31.4777
-31.5062
-31.5415
-31.5849
-31.6379
-31.7015
-31.7755
-31.8586
-31.9491
-32.0456
-32.148
-32.2574
-32.3759
-32.5057
-32.6481
-32.8031
-32.9695
-33.1456
-33.33
-33.5226
-33.7244
-33.9377
-34.1648
-34.4071
-34.6645
-34.9351
-35.2153
-35.5006
-47.1139
-46.8949
-46.6983
-46.5232
-46.3627
-46.2038
-46.0295
-45.8219
-45.5663
-45.2537
-44.8832
-44.461
-43.9985
-43.5091
-43.0043
-42.4914
-41.9731
-41.4486
-40.9169
-40.3796
-39.8415
-39.3105
-38.796
-38.3057
-37.845
-37.4155
-37.0167
-36.6476
-36.3083
-35.9999
-35.7233
-35.4776
-35.259
-35.0612
-34.8771
-34.7009
-34.5291
-34.3617
-34.2008
-34.0489
-33.906
-33.769
-33.6315
-33.4859
-33.3253
-33.1462
-32.9492
-32.7397
-32.5258
-32.3171
-32.1218
-31.9454
-31.7904
-31.657
-31.545
-31.4547
-31.3875
-31.3444
-31.3247
-31.3253
-31.3407
-31.3651
-31.3938
-31.4247
-31.4591
-31.5003
-31.5523
-31.6174
-31.6953
-31.7831
-31.8768
-31.9734
-32.0723
-32.1757
-32.288
-32.4138
-32.5557
-32.7136
-32.8846
-33.0647
-33.2506
-33.4415
-33.64
-33.8507
-34.0789
-34.3283
-34.5994
-34.8897
-35.1943
-35.5066
-47.1065
-46.88
-46.6955
-46.5545
-46.4478
-46.3551
-46.2481
-46.0968
-45.8758
-45.5709
-45.1812
-44.7195
-44.2073
-43.6684
-43.1224
-42.5792
-42.0381
-41.4917
-40.9324
-40.3588
-39.7772
-39.2007
-38.6449
-38.123
-37.642
-37.2014
-36.7967
-36.4236
-36.0817
-35.7748
-35.5073
-35.2802
-35.0881
-34.92
-34.7632
-34.6072
-34.4474
-34.286
-34.1303
-33.9885
-33.8636
-33.7513
-33.6402
-33.5157
-33.3647
-33.1798
-32.9619
-32.72
-32.4687
-32.2245
-32.0008
-31.8052
-31.6385
-31.4976
-31.3795
-31.2843
-31.2156
-31.1775
-31.1706
-31.1901
-31.2264
-31.2681
-31.3064
-31.3382
-31.3665
-31.3999
-31.4474
-31.5147
-31.6006
-31.6986
-31.7999
-31.8976
-31.9898
-32.081
-32.1804
-32.2981
-32.44
-32.605
-32.7864
-32.975
-33.1633
-33.3493
-33.5375
-33.738
-33.9621
-34.2175
-34.5061
-34.8233
-35.1615
-35.5111
-47.0524
-46.8048
-46.6303
-46.5365
-46.5131
-46.5274
-46.5311
-46.4721
-46.3068
-46.0102
-45.5833
-45.0512
-44.4547
-43.8383
-43.2367
-42.6644
-42.1113
-41.5536
-40.969
-40.3497
-39.7058
-39.0614
-38.4454
-37.8819
-37.3811
-36.9362
-36.5316
-36.1548
-35.805
-35.493
-35.2334
-35.0328
-34.8828
-34.7628
-34.6483
-34.5194
-34.3682
-34.2021
-34.0403
-33.9038
-33.8033
-33.7321
-33.6683
-33.5838
-33.453
-33.2612
-33.0092
-32.7138
-32.4017
-32.1024
-31.8395
-31.6234
-31.4496
-31.3055
-31.1809
-31.0757
-30.9997
-30.9654
-30.9784
-31.0309
-31.104
-31.1757
-31.2286
-31.2563
-31.2667
-31.2789
-31.3141
-31.3848
-31.4882
-31.6091
-31.7281
-31.8295
-31.9084
-31.9739
-32.0463
-32.1475
-32.2904
-32.4723
-32.6774
-32.8853
-33.0791
-33.2534
-33.417
-33.591
-33.7995
-34.0588
-34.3709
-34.7264
-35.1117
-35.513
-46.9208
-46.6245
-46.4492
-46.4175
-46.5242
-46.715
-46.9046
-47.0009
-46.9269
-46.6376
-46.1371
-45.4758
-44.7313
-43.987
-43.3093
-42.722
-42.1914
-41.6545
-41.0561
-40.3763
-39.6356
-38.8813
-38.1705
-37.5507
-37.0399
-36.6131
-36.2267
-35.8475
-35.474
-35.1362
-34.8748
-34.7127
-34.6345
-34.5981
-34.5543
-34.4639
-34.3108
-34.1124
-33.9141
-33.7673
-33.7012
-33.7023
-33.7264
-33.7186
-33.6295
-33.4292
-33.1192
-32.7316
-32.3163
-31.9281
-31.6106
-31.3807
-31.2179
-31.0852
-30.9545
-30.8251
-30.7236
-30.6851
-30.7295
-30.8417
-30.9835
-31.1103
-31.1868
-31.1991
-31.1641
-31.1246
-31.1294
-31.2076
-31.3502
-31.5223
-31.6813
-31.7934
-31.8459
-31.8568
-31.8703
-31.9363
-32.0846
-32.3059
-32.5643
-32.8153
-33.0229
-33.1724
-33.2811
-33.394
-33.5634
-33.8238
-34.1727
-34.5863
-35.0385
-35.5111
-46.6666
-46.2702
-46.0617
-46.0992
-46.4144
-46.9046
-47.4124
-47.7754
-47.8571
-47.5696
-46.9226
-46.0206
-45.0076
-44.0403
-43.2517
-42.6984
-42.2806
-41.8441
-41.2606
-40.4907
-39.5853
-38.639
-37.7646
-37.0629
-36.5778
-36.2322
-35.9117
-35.5322
-35.0918
-34.6699
-34.3731
-34.2722
-34.3263
-34.4441
-34.5277
-34.4988
-34.3189
-34.0226
-33.714
-33.5146
-33.5027
-33.6393
-33.8307
-33.9706
-33.9661
-33.7554
-33.3411
-32.7892
-32.1922
-31.6519
-31.2557
-31.0415
-30.9428
-30.8618
-30.7261
-30.5345
-30.3566
-30.2855
-30.3827
-30.61
-30.8845
-31.1172
-31.2372
-31.21
-31.0677
-30.9065
-30.8387
-30.9374
-31.1696
-31.454
-31.702
-31.843
-31.843
-31.7355
-31.6186
-31.6064
-31.7733
-32.086
-32.4613
-32.8075
-33.0499
-33.1499
-33.1387
-33.1151
-33.1962
-33.461
-33.881
-34.3903
-34.9356
-35.5016
-46.219
-45.6455
-45.3202
-45.3816
-46.0528
-47.0692
-48.129
-48.9552
-49.319
-49.0198
-48.0756
-46.7253
-45.2186
-43.8366
-42.8557
-42.48
-42.3972
-42.2458
-41.734
-40.8006
-39.5944
-38.2932
-37.1106
-36.2636
-35.9153
-35.8154
-35.682
-35.3051
-34.6832
-34.0237
-33.5896
-33.609
-33.9265
-34.3397
-34.6632
-34.7513
-34.4951
-33.9506
-33.357
-32.9922
-33.0903
-33.4977
-34.0094
-34.4309
-34.5998
-34.3748
-33.7613
-32.9117
-31.9866
-31.168
-30.6391
-30.5357
-30.6424
-30.7173
-30.5782
-30.2243
-29.8356
-29.6435
-29.8486
-30.3101
-30.8456
-31.2862
-31.4996
-31.3863
-30.9982
-30.5539
-30.3079
-30.475
-30.9136
-31.4379
-31.8764
-32.0953
-31.9947
-31.6275
-31.2158
-31.018
-31.252
-31.7754
-32.3999
-32.949
-33.2815
-33.2872
-33.014
-32.6848
-32.564
-32.8743
-33.4606
-34.1419
-34.8028
-35.4661
-45.4281
-44.6639
-44.0225
-43.7865
-45.1945
-47.1721
-49.1824
-50.8013
-51.736
-51.3994
-49.8139
-47.6559
-45.2504
-43.0559
-41.5888
-41.8403
-42.613
-43.1668
-42.8149
-41.5038
-39.7408
-37.777
-35.9739
-34.7465
-34.8954
-35.4472
-35.8035
-35.4309
-34.3292
-33.0535
-32.1534
-32.5169
-33.3892
-34.3651
-35.138
-35.5
-35.0867
-33.9498
-32.671
-31.8034
-32.2332
-33.2061
-34.3182
-35.255
-35.8009
-35.5542
-34.5217
-33.1433
-31.6278
-30.2672
-29.4096
-29.7275
-30.388
-30.881
-30.7396
-29.9641
-29.0315
-28.4294
-28.9453
-29.9034
-30.9433
-31.7824
-32.232
-31.9583
-31.0095
-29.9153
-29.182
-29.6211
-30.5339
-31.5448
-32.3668
-32.8072
-32.5298
-31.5832
-30.5046
-29.8073
-30.3133
-31.3188
-32.4465
-33.4019
-33.9834
-33.8253
-32.9692
-31.954
-31.3106
-31.8895
-32.9028
-33.9225
-34.6661
-35.3068
-43.7405
-43.5055
-42.141
-39.8237
-43.516
-47.2279
-50.7999
-53.6328
-55.9843
-55.5775
-52.377
-48.9431
-44.9785
-41.2281
-37.8471
-40.4502
-43.1445
-45.3923
-45.2773
-42.8581
-40.1766
-37.0299
-34.0081
-31.2478
-33.2958
-35.3606
-36.975
-36.6071
-34.2261
-31.5425
-28.8977
-30.6924
-32.7029
-34.683
-36.2047
-37.3655
-36.7207
-34.1536
-31.3928
-28.7464
-30.594
-32.7143
-34.8798
-36.6422
-38.1434
-37.8651
-35.7805
-33.5723
-31.0461
-28.6421
-26.4876
-28.4259
-30.3747
-31.9584
-31.814
-29.9301
-27.7513
-25.6053
-27.4051
-29.3786
-31.3302
-32.8392
-34.0057
-33.5024
-31.23
-28.7568
-26.3678
-28.0849
-30.0124
-31.9237
-33.4063
-34.5524
-34.0281
-31.7286
-29.244
-26.8636
-28.6551
-30.686
-32.7407
-34.3927
-35.7499
-35.3684
-33.1529
-30.6876
-28.2968
-30.2789
-32.3353
-34.1005
-34.6769
-34.5253
-38.1621
-43.9736
-41.6322
-27.2075
-41.8097
-47.4856
-53.482
-57.158
-64.2047
-63.7791
-55.2767
-50.995
-44.3985
-38.8686
-25.489
-38.929
-44.3197
-51.0205
-51.0581
-44.5908
-41.2826
-36.1033
-31.6662
-20.8257
-31.6722
-35.9233
-41.0011
-40.6825
-34.5591
-29.9761
-19.2493
-28.5576
-32.0609
-35.6614
-37.7914
-41.8317
-41.123
-34.6366
-29.9504
-19.2185
-28.5624
-32.1578
-36.0223
-38.4056
-43.0488
-42.7771
-37.2177
-34.4593
-30.2886
-26.6578
-17.6721
-27.1092
-30.8873
-35.5244
-35.3932
-30.3207
-26.4242
-17.0989
-25.6149
-28.8855
-32.354
-34.3893
-38.1836
-37.5936
-31.7396
-27.4766
-17.6407
-26.2452
-29.5142
-32.9197
-34.9297
-38.7026
-38.0822
-32.1403
-27.833
-17.9119
-26.6518
-30.0183
-33.6144
-35.8076
-40.0195
-39.552
-33.696
-29.3134
-18.9856
-28.5607
-32.1866
-35.9897
-35.735
-30.492
-35.7306
-36.0018
-36.2634
-36.5124
-36.7457
-36.961
-37.1566
-37.3314
-37.4845
-37.6156
-37.7247
-37.8116
-37.8766
-37.9198
-37.9414
-35.736
-36.0107
-36.2757
-36.5275
-36.7631
-36.9802
-37.177
-37.3525
-37.5061
-37.6373
-37.7463
-37.8331
-37.8979
-37.941
-37.9625
-35.7467
-36.0289
-36.3008
-36.5584
-36.7986
-37.0191
-37.2183
-37.3952
-37.5494
-37.6808
-37.7896
-37.876
-37.9405
-37.9833
-38.0047
-35.763
-36.057
-36.3395
-36.6061
-36.8534
-37.079
-37.2814
-37.4601
-37.615
-37.7464
-37.8547
-37.9405
-38.0043
-38.0466
-38.0677
-35.7853
-36.0962
-36.3937
-36.6726
-36.9293
-37.1614
-37.3678
-37.5484
-37.7038
-37.8346
-37.9419
-38.0265
-38.0892
-38.1307
-38.1513
-35.8141
-36.1482
-36.4659
-36.761
-37.0293
-37.2689
-37.4794
-37.6615
-37.8165
-37.9459
-38.0512
-38.1339
-38.1949
-38.2351
-38.255
-35.8507
-36.216
-36.5603
-36.8756
-37.1576
-37.4051
-37.6189
-37.8012
-37.9543
-38.0808
-38.1829
-38.2624
-38.3209
-38.3592
-38.3783
-35.897
-36.3045
-36.6832
-37.023
-37.3199
-37.5744
-37.7896
-37.9694
-38.1182
-38.2395
-38.3365
-38.4115
-38.4664
-38.5023
-38.5201
-35.9567
-36.4215
-36.8444
-37.2129
-37.5243
-37.7827
-37.995
-38.1683
-38.309
-38.4221
-38.5116
-38.5804
-38.6304
-38.6631
-38.6792
-36.036
-36.5802
-37.0598
-37.4595
-37.7816
-38.037
-38.2391
-38.3994
-38.5268
-38.6278
-38.7069
-38.7674
-38.8112
-38.8398
-38.8539
-36.1442
-36.803
-37.3546
-37.7835
-38.1051
-38.3445
-38.5248
-38.663
-38.7705
-38.8548
-38.9204
-38.9705
-39.0069
-39.0306
-39.0423
-36.2939
-37.1325
-37.7717
-38.2137
-38.5103
-38.7112
-38.8527
-38.9571
-39.0372
-39.0998
-39.149
-39.1869
-39.2146
-39.2328
-39.2419
-36.5022
-37.6604
-38.3853
-38.7882
-39.0094
-39.1367
-39.2176
-39.2756
-39.3209
-39.3579
-39.3884
-39.4128
-39.4313
-39.4437
-39.4499
-36.8394
-38.6211
-39.3217
-39.5447
-39.601
-39.6077
-39.6055
-39.6065
-39.6125
-39.6221
-39.6333
-39.6442
-39.6535
-39.6603
-39.6638
-37.9223
-40.6614
-40.735
-40.468
-40.2407
-40.0868
-39.99
-39.9324
-39.9004
-39.8844
-39.8779
-39.8767
-39.8778
-39.8795
-39.8806
-51.1029
-51.1152
-51.1403
-51.1797
-51.2355
-51.3113
-51.4126
-51.5482
-51.7328
-51.9934
-52.3838
-53.0294
-54.2805
-57.3427
-67.2108
-51.2353
-51.2503
-51.281
-51.3291
-51.3973
-51.4901
-51.6142
-51.7804
-52.0071
-52.3265
-52.8009
-53.5609
-54.9086
-57.5912
-63.4459
-51.3576
-51.3747
-51.4098
-51.4647
-51.5423
-51.6472
-51.7865
-51.9708
-52.217
-52.5522
-53.0197
-53.6848
-54.6099
-55.6369
-55.0743
-51.468
-51.4867
-51.525
-51.5846
-51.6684
-51.7807
-51.9276
-52.1183
-52.3653
-52.686
-53.1018
-53.6283
-54.2405
-54.7865
-54.9805
-51.5656
-51.5854
-51.6256
-51.688
-51.7749
-51.8901
-52.0385
-52.2266
-52.4623
-52.7542
-53.1074
-53.5124
-53.9174
-54.1807
-53.9943
-51.6497
-51.6699
-51.711
-51.7744
-51.8619
-51.9766
-52.1218
-52.3018
-52.5203
-52.78
-53.0775
-53.3964
-53.6926
-53.8875
-53.9018
-51.7198
-51.7401
-51.7812
-51.8441
-51.9303
-52.0419
-52.1811
-52.35
-52.5499
-52.7797
-53.0335
-53.2963
-53.5382
-53.7201
-53.8171
-51.776
-51.796
-51.8363
-51.8977
-51.9812
-52.0882
-52.2198
-52.3767
-52.5586
-52.763
-52.9839
-53.2105
-53.4255
-53.6119
-53.7523
-51.8185
-51.8379
-51.8769
-51.9361
-52.0161
-52.1175
-52.2409
-52.386
-52.5517
-52.735
-52.9311
-53.1329
-53.3325
-53.5361
-53.8286
-51.8477
-51.8663
-51.9037
-51.9602
-52.0361
-52.1317
-52.2468
-52.381
-52.5324
-52.6984
-52.8749
-53.0569
-53.2367
-53.3989
-53.4358
-51.864
-51.8818
-51.9174
-51.971
-52.0426
-52.1323
-52.2397
-52.3638
-52.503
-52.6546
-52.8155
-52.9823
-53.1532
-53.349
-53.7372
-51.8682
-51.885
-51.9187
-51.9693
-52.0367
-52.1208
-52.2209
-52.3361
-52.4648
-52.6046
-52.7527
-52.9049
-53.0523
-53.1658
-53.0557
-51.8608
-51.8767
-51.9085
-51.9561
-52.0194
-52.0981
-52.1917
-52.299
-52.4189
-52.5492
-52.6876
-52.8309
-52.9748
-53.1384
-53.5467
-51.8424
-51.8574
-51.8874
-51.9321
-51.9916
-52.0653
-52.1528
-52.2533
-52.3655
-52.4882
-52.6197
-52.7564
-52.8837
-52.9412
-52.6211
-51.8138
-51.8279
-51.856
-51.8981
-51.9539
-52.023
-52.105
-52.1992
-52.3048
-52.4213
-52.5488
-52.6885
-52.8409
-53.0066
-53.1701
-51.7755
-51.7887
-51.8152
-51.8547
-51.907
-51.9719
-52.0487
-52.1371
-52.2365
-52.347
-52.4701
-52.6117
-52.7889
-53.0738
-53.8312
-51.7281
-51.7405
-51.7654
-51.8025
-51.8516
-51.9124
-51.9845
-52.0674
-52.1605
-52.2639
-52.3791
-52.5102
-52.6621
-52.8133
-52.6301
-51.6721
-51.6838
-51.7072
-51.742
-51.7881
-51.8452
-51.9128
-51.9904
-52.0773
-52.1729
-52.2776
-52.3942
-52.5358
-52.7851
-53.6871
-51.6081
-51.6191
-51.6411
-51.6738
-51.7172
-51.7708
-51.8343
-51.9069
-51.9879
-52.0757
-52.1683
-52.2607
-52.3348
-52.3039
-51.6064
-51.5366
-51.5469
-51.5675
-51.5983
-51.6391
-51.6896
-51.7493
-51.8177
-51.8936
-51.9753
-52.0596
-52.1401
-52.2065
-52.2859
-52.8028
-51.4579
-51.4676
-51.487
-51.516
-51.5544
-51.602
-51.6584
-51.7231
-51.7952
-51.8732
-51.954
-52.029
-52.0693
-51.9644
-51.1765
-51.3725
-51.3817
-51.4
-51.4273
-51.4635
-51.5084
-51.5617
-51.6233
-51.6927
-51.7694
-51.853
-51.9421
-52.0327
-52.1174
-52.1827
-51.2809
-51.2895
-51.3067
-51.3324
-51.3665
-51.4089
-51.4594
-51.518
-51.5849
-51.6609
-51.7484
-51.8542
-52.0001
-52.2842
-53.2332
-51.1833
-51.1914
-51.2076
-51.2318
-51.2639
-51.3038
-51.3514
-51.407
-51.4709
-51.5445
-51.6315
-51.7385
-51.8715
-51.9893
-51.6075
-51.0802
-51.0878
-51.103
-51.1257
-51.1558
-51.1933
-51.238
-51.2901
-51.3499
-51.419
-51.5011
-51.6048
-51.7533
-52.0415
-53.0503
-50.9717
-50.9789
-50.9932
-51.0145
-51.0428
-51.0778
-51.1195
-51.1677
-51.2225
-51.2846
-51.3558
-51.4401
-51.538
-51.5936
-51.0256
-50.8584
-50.8651
-50.8785
-50.8986
-50.925
-50.9578
-50.9964
-51.0407
-51.09
-51.1438
-51.2018
-51.2658
-51.3522
-51.5788
-52.7734
-50.7404
-50.7467
-50.7594
-50.7782
-50.803
-50.8336
-50.8695
-50.9102
-50.9544
-51.0002
-51.0437
-51.076
-51.0688
-50.8919
-49.7176
-50.618
-50.624
-50.6359
-50.6536
-50.677
-50.7057
-50.7393
-50.7771
-50.8177
-50.8583
-50.8937
-50.9136
-50.9032
-50.8978
-51.4788
-50.4915
-50.4971
-50.5084
-50.5251
-50.5472
-50.5744
-50.6062
-50.6421
-50.6808
-50.72
-50.7546
-50.7721
-50.7342
-50.4965
-49.353
-50.361
-50.3664
-50.3771
-50.393
-50.414
-50.4398
-50.4704
-50.5051
-50.5436
-50.5849
-50.6275
-50.6689
-50.7039
-50.7244
-50.7232
-50.2269
-50.232
-50.2421
-50.2573
-50.2773
-50.3021
-50.3315
-50.3656
-50.4044
-50.4488
-50.5015
-50.5702
-50.6835
-50.9675
-52.0927
-50.0891
-50.094
-50.1037
-50.1182
-50.1373
-50.1611
-50.1895
-50.2226
-50.2613
-50.3071
-50.3642
-50.4406
-50.5444
-50.6265
-50.0908
-49.948
-49.9527
-49.9619
-49.9758
-49.9941
-50.0169
-50.0441
-50.0759
-50.1131
-50.1576
-50.2136
-50.2918
-50.4205
-50.7144
-51.8701
-49.8036
-49.8081
-49.817
-49.8302
-49.8478
-49.8695
-49.8954
-49.9254
-49.9599
-49.9999
-50.0477
-50.1078
-50.182
-50.2038
-49.4837
-49.6561
-49.6604
-49.6689
-49.6817
-49.6986
-49.7193
-49.7438
-49.7718
-49.8029
-49.8367
-49.873
-49.9141
-49.9798
-50.2083
-51.5664
-49.5055
-49.5096
-49.5179
-49.5303
-49.5465
-49.5665
-49.5898
-49.6161
-49.6441
-49.6718
-49.695
-49.7031
-49.6645
-49.4282
-48.0328
-49.3519
-49.356
-49.364
-49.3761
-49.3919
-49.4113
-49.4339
-49.459
-49.4854
-49.5101
-49.5272
-49.5246
-49.4865
-49.453
-50.091
-49.1955
-49.1995
-49.2074
-49.2191
-49.2347
-49.2537
-49.2761
-49.3011
-49.3278
-49.3536
-49.3727
-49.3708
-49.3052
-49.0115
-47.6857
-49.0362
-49.0401
-49.0479
-49.0595
-49.0749
-49.0939
-49.1164
-49.1422
-49.1708
-49.2016
-49.2328
-49.2613
-49.2821
-49.2866
-49.2682
-48.8741
-48.878
-48.8857
-48.8972
-48.9125
-48.9316
-48.9544
-48.9812
-49.0124
-49.0491
-49.0944
-49.157
-49.2702
-49.5775
-50.839
-48.7093
-48.7131
-48.7208
-48.7322
-48.7475
-48.7665
-48.7896
-48.8171
-48.8501
-48.8907
-48.9436
-49.0177
-49.1235
-49.2056
-48.5913
-48.5416
-48.5455
-48.5531
-48.5645
-48.5797
-48.5987
-48.6217
-48.6493
-48.6825
-48.7236
-48.7777
-48.8565
-48.9931
-49.3171
-50.6141
-48.3713
-48.3751
-48.3826
-48.394
-48.4091
-48.4279
-48.4507
-48.4776
-48.5094
-48.5473
-48.5941
-48.655
-48.7327
-48.7528
-47.9388
-48.1981
-48.2019
-48.2094
-48.2207
-48.2357
-48.2544
-48.2767
-48.3026
-48.332
-48.3647
-48.4005
-48.4418
-48.5121
-48.7676
-50.2999
-48.0222
-48.026
-48.0335
-48.0448
-48.0597
-48.0782
-48.1002
-48.1252
-48.1525
-48.1798
-48.2024
-48.2085
-48.1629
-47.8956
-46.321
-47.8435
-47.8473
-47.8548
-47.8661
-47.8811
-47.8996
-47.9215
-47.9463
-47.9728
-47.998
-48.0153
-48.0109
-47.9677
-47.9313
-48.6562
-47.6621
-47.6658
-47.6734
-47.6847
-47.6998
-47.7185
-47.7408
-47.7663
-47.7941
-47.8216
-47.8425
-47.8404
-47.7676
-47.4381
-45.9396
-47.4778
-47.4816
-47.4892
-47.5006
-47.5158
-47.5348
-47.5578
-47.5848
-47.6155
-47.6496
-47.6852
-47.7189
-47.7457
-47.7562
-47.7417
-47.2908
-47.2946
-47.3022
-47.3136
-47.3289
-47.3483
-47.3721
-47.4006
-47.4348
-47.4763
-47.5286
-47.6021
-47.7351
-48.0915
-49.5359
-47.1009
-47.1047
-47.1123
-47.1237
-47.1391
-47.1587
-47.1829
-47.2125
-47.2489
-47.2952
-47.3567
-47.4439
-47.5695
-47.6709
-46.9797
-46.9082
-46.912
-46.9195
-46.9309
-46.9462
-46.9658
-46.9899
-47.0196
-47.0564
-47.1033
-47.1663
-47.259
-47.4205
-47.8003
-49.3016
-46.7127
-46.7164
-46.7239
-46.7351
-46.7502
-46.7694
-46.7931
-46.8219
-46.8569
-46.8999
-46.9544
-47.0263
-47.12
-47.1507
-46.2241
-46.5145
-46.5181
-46.5254
-46.5364
-46.5512
-46.5699
-46.5927
-46.62
-46.6518
-46.6883
-46.7295
-46.7785
-46.8633
-47.1655
-48.9502
-46.3135
-46.317
-46.3241
-46.3348
-46.3492
-46.3673
-46.3893
-46.4149
-46.4435
-46.4732
-46.4985
-46.5058
-46.4554
-46.1504
-44.3311
-46.1098
-46.1132
-46.1201
-46.1304
-46.1444
-46.1619
-46.1831
-46.2077
-46.2346
-46.2609
-46.279
-46.2732
-46.2244
-46.1865
-47.0387
-45.9035
-45.9068
-45.9134
-45.9234
-45.9368
-45.9539
-45.9746
-45.999
-46.0263
-46.054
-46.075
-46.0705
-45.9857
-45.604
-43.86
-45.6947
-45.6978
-45.7041
-45.7136
-45.7265
-45.7431
-45.7635
-45.7883
-45.8177
-45.8515
-45.8879
-45.9234
-45.9532
-45.967
-45.9544
-45.4835
-45.4864
-45.4923
-45.5012
-45.5135
-45.5294
-45.5494
-45.5745
-45.6062
-45.6467
-45.7006
-45.7802
-45.9318
-46.348
-48.0433
-45.27
-45.2727
-45.2781
-45.2863
-45.2977
-45.3126
-45.3317
-45.3563
-45.3885
-45.4323
-45.4942
-45.587
-45.7266
-45.8403
-45.0267
-45.0544
-45.0567
-45.0616
-45.069
-45.0792
-45.0927
-45.1101
-45.1328
-45.1631
-45.2048
-45.2654
-45.3613
-45.5393
-45.976
-47.7345
-44.8368
-44.8389
-44.843
-44.8494
-44.8582
-44.8698
-44.8848
-44.9042
-44.9297
-44.9639
-45.011
-45.0786
-45.1724
-45.1932
-44.0903
-44.6176
-44.6192
-44.6226
-44.6278
-44.6349
-44.6443
-44.6563
-44.6715
-44.6904
-44.7136
-44.7413
-44.7777
-44.8563
-45.1903
-47.2604
-44.3969
-44.3981
-44.4007
-44.4045
-44.4099
-44.4168
-44.4256
-44.4363
-44.4483
-44.4597
-44.4645
-44.4473
-44.3627
-43.9813
-41.8323
-44.175
-44.1758
-44.1775
-44.1799
-44.1834
-44.1879
-44.1936
-44.2002
-44.2067
-44.2101
-44.2016
-44.1637
-44.0751
-43.9992
-44.9551
-43.9523
-43.9527
-43.9533
-43.9544
-43.9559
-43.958
-43.9607
-43.9642
-43.9676
-43.9682
-43.9579
-43.9154
-43.7787
-43.3
-41.2555
-43.7291
-43.7289
-43.7286
-43.7281
-43.7277
-43.7273
-43.7274
-43.7283
-43.7304
-43.7334
-43.7355
-43.7323
-43.7198
-43.6877
-43.6302
-43.5057
-43.505
-43.5036
-43.5016
-43.499
-43.4961
-43.4934
-43.4918
-43.4927
-43.4989
-43.5152
-43.5559
-43.6744
-44.0922
-45.9691
-43.2825
-43.2812
-43.2788
-43.2751
-43.2703
-43.2646
-43.2586
-43.2535
-43.2516
-43.2568
-43.2768
-43.3254
-43.4211
-43.483
-42.4985
-43.0597
-43.058
-43.0544
-43.049
-43.0419
-43.0331
-43.0232
-43.0132
-43.0055
-43.0041
-43.0171
-43.0621
-43.1913
-43.5998
-45.4654
-42.8379
-42.8356
-42.831
-42.8239
-42.8142
-42.8021
-42.7876
-42.7715
-42.7551
-42.7411
-42.7336
-42.7404
-42.7675
-42.704
-41.3991
-42.6174
-42.6146
-42.6089
-42.6001
-42.588
-42.5724
-42.5532
-42.5301
-42.5034
-42.4729
-42.4387
-42.4047
-42.4066
-42.6696
-44.7642
-42.3984
-42.3952
-42.3885
-42.3782
-42.3639
-42.3451
-42.3212
-42.2914
-42.2543
-42.207
-42.1423
-42.0439
-41.8643
-41.3627
-38.9956
-42.1814
-42.1777
-42.1703
-42.1588
-42.1426
-42.1211
-42.0933
-42.0579
-42.0125
-41.9525
-41.8679
-41.7395
-41.5457
-41.3504
-42.1805
-41.9665
-41.9626
-41.9547
-41.9422
-41.9246
-41.9011
-41.8706
-41.8313
-41.781
-41.7148
-41.6223
-41.4804
-41.2282
-40.6254
-38.4807
-41.754
-41.7499
-41.7417
-41.7288
-41.7105
-41.6859
-41.6538
-41.6127
-41.5607
-41.4947
-41.4096
-41.2979
-41.1541
-40.9705
-40.7618
-41.5438
-41.5398
-41.5316
-41.5187
-41.5003
-41.4755
-41.4431
-41.4018
-41.3502
-41.2874
-41.2136
-41.1378
-41.1077
-41.3322
-42.9028
-41.3361
-41.3323
-41.3244
-41.312
-41.2943
-41.2702
-41.2386
-41.1982
-41.1478
-41.0871
-41.0176
-40.946
-40.8844
-40.7583
-39.6699
-41.1307
-41.1272
-41.12
-41.1086
-41.0922
-41.0698
-41.0401
-41.0016
-40.9526
-40.8924
-40.8213
-40.7472
-40.7061
-40.8519
-42.1553
-40.9273
-40.9243
-40.9181
-40.9083
-40.894
-40.8743
-40.8477
-40.8123
-40.7656
-40.7046
-40.6256
-40.5255
-40.398
-40.1408
-38.837
-40.7256
-40.7233
-40.7184
-40.7106
-40.6992
-40.6833
-40.6614
-40.631
-40.5886
-40.5287
-40.4429
-40.3227
-40.1801
-40.1556
-41.3319
-40.5252
-40.5236
-40.5202
-40.5149
-40.5072
-40.4963
-40.4808
-40.4582
-40.4241
-40.3704
-40.2825
-40.1353
-39.8802
-39.3359
-37.4664
-40.3256
-40.3248
-40.3231
-40.3205
-40.317
-40.3121
-40.305
-40.2935
-40.2733
-40.2352
-40.1617
-40.0229
-39.7813
-39.4357
-39.4897
-40.1262
-40.1261
-40.1261
-40.1264
-40.1273
-40.1293
-40.1322
-40.1351
-40.135
-40.1241
-40.0845
-39.9818
-39.7545
-39.2572
-37.965
-39.9264
-39.927
-39.9285
-39.9314
-39.9366
-39.9455
-39.9592
-39.9789
-40.0046
-40.0323
-40.0494
-40.0274
-39.9151
-39.63
-39.1385
-39.7259
-39.7269
-39.7294
-39.7343
-39.7431
-39.758
-39.7819
-39.8188
-39.8728
-39.9473
-40.0399
-40.1355
-40.1958
-40.1454
-39.9757
-39.5242
-39.5254
-39.5283
-39.5342
-39.545
-39.564
-39.5957
-39.6468
-39.7271
-39.849
-40.0266
-40.2683
-40.5533
-40.7428
-40.4795
-39.3214
-39.3223
-39.3247
-39.3302
-39.3409
-39.3608
-39.3957
-39.4549
-39.5526
-39.7116
-39.9669
-40.3709
-40.9773
-41.6538
-41.0261
-39.1175
-39.1177
-39.1187
-39.122
-39.1301
-39.1469
-39.1789
-39.2362
-39.3357
-39.5066
-39.8023
-40.333
-41.3527
-43.4699
-48.1638
-38.9132
-38.9122
-38.9107
-38.9102
-38.9128
-38.9223
-38.9444
-38.9884
-39.0695
-39.2143
-39.4726
-39.9556
-40.9661
-43.4957
-51.5443
-53.25
-44.974
-42.343
-41.2779
-40.7583
-40.4729
-40.3065
-40.2077
-40.1494
-40.1156
-40.0969
-40.0871
-40.0824
-40.0805
-40.0798
-50.147
-44.9738
-42.7177
-41.6352
-41.0647
-40.7405
-40.5474
-40.4301
-40.3585
-40.3151
-40.2893
-40.2744
-40.2662
-40.2619
-40.2602
-41.9931
-42.9468
-42.2778
-41.6367
-41.1988
-40.9163
-40.7357
-40.6208
-40.548
-40.5022
-40.4739
-40.4567
-40.4467
-40.4413
-40.4389
-41.8302
-42.0458
-41.8188
-41.497
-41.2235
-41.0206
-40.8785
-40.7823
-40.7185
-40.677
-40.6503
-40.6337
-40.6237
-40.6181
-40.6156
-41.5224
-41.4513
-41.426
-41.3237
-41.1976
-41.082
-40.9896
-40.9215
-40.8736
-40.841
-40.8195
-40.8057
-40.7972
-40.7923
-40.7902
-40.186
-40.8243
-41.0868
-41.1668
-41.1629
-41.1265
-41.084
-41.0468
-41.018
-40.9972
-40.9829
-40.9736
-40.9677
-40.9644
-40.9629
-39.4941
-40.4575
-40.8746
-41.0679
-41.1495
-41.1746
-41.1747
-41.1663
-41.1567
-41.1486
-41.1426
-41.1386
-41.1361
-41.1348
-41.1341
-40.3034
-40.4691
-40.8183
-41.0462
-41.1738
-41.2394
-41.2714
-41.2868
-41.2943
-41.2982
-41.3006
-41.3022
-41.3034
-41.3042
-41.3046
-38.8371
-40.3526
-40.8464
-41.0941
-41.2397
-41.327
-41.3798
-41.4128
-41.4343
-41.4487
-41.4587
-41.4657
-41.4705
-41.4735
-41.475
-41.7337
-40.9448
-41.0455
-41.2127
-41.3448
-41.4378
-41.5021
-41.5471
-41.5791
-41.602
-41.6186
-41.6304
-41.6385
-41.6436
-41.646
-39.7723
-40.9186
-41.1988
-41.3554
-41.4755
-41.5679
-41.6378
-41.6905
-41.73
-41.7596
-41.7814
-41.7972
-41.8081
-41.815
-41.8183
-42.4855
-41.4929
-41.438
-41.5234
-41.6241
-41.713
-41.7855
-41.8431
-41.8879
-41.9223
-41.9481
-41.967
-41.9802
-41.9886
-41.9926
-40.4269
-41.4154
-41.5801
-41.6805
-41.7796
-41.8688
-41.9438
-42.0046
-42.053
-42.0906
-42.1193
-42.1404
-42.1553
-42.1647
-42.1693
-43.2057
-41.909
-41.7673
-41.8382
-41.9405
-42.034
-42.1119
-42.175
-42.2254
-42.2649
-42.2953
-42.3178
-42.3338
-42.3439
-42.3489
-41.3705
-41.5996
-41.807
-41.9741
-42.1062
-42.2093
-42.2902
-42.3544
-42.4054
-42.4454
-42.4763
-42.4994
-42.5158
-42.5263
-42.5315
-39.3806
-41.3046
-41.875
-42.1339
-42.2908
-42.3994
-42.4803
-42.5432
-42.5929
-42.632
-42.6624
-42.6853
-42.7016
-42.7121
-42.7173
-42.6423
-41.949
-42.1593
-42.3646
-42.5077
-42.6082
-42.6829
-42.7412
-42.7876
-42.8245
-42.8534
-42.8754
-42.8911
-42.9013
-42.9063
-39.8067
-41.9651
-42.4474
-42.6381
-42.7528
-42.8343
-42.897
-42.9476
-42.9888
-43.0223
-43.0489
-43.0693
-43.0841
-43.0937
-43.0984
-44.9966
-43.1444
-42.9382
-42.9643
-43.0198
-43.0729
-43.1197
-43.1605
-43.1954
-43.2247
-43.2484
-43.2669
-43.2804
-43.2892
-43.2935
-41.957
-43.18
-43.2679
-43.2699
-43.2872
-43.3152
-43.3466
-43.3775
-43.4059
-43.4307
-43.4512
-43.4675
-43.4795
-43.4874
-43.4913
-45.6797
-44.0032
-43.6574
-43.5646
-43.5461
-43.5546
-43.5738
-43.5965
-43.619
-43.6394
-43.6567
-43.6707
-43.6811
-43.688
-43.6914
-42.9633
-43.9016
-43.8714
-43.8077
-43.7848
-43.7862
-43.7987
-43.8156
-43.8333
-43.8499
-43.8643
-43.876
-43.8849
-43.8907
-43.8937
-46.1906
-44.472
-44.1088
-44.0223
-44.0056
-44.0095
-44.0205
-44.0343
-44.0485
-44.0618
-44.0735
-44.083
-44.0903
-44.0952
-44.0976
-44.0241
-44.1005
-44.1542
-44.1882
-44.2111
-44.2273
-44.2405
-44.2527
-44.2642
-44.2746
-44.2838
-44.2913
-44.2971
-44.3009
-44.3029
-41.8085
-43.7441
-44.2134
-44.3617
-44.42
-44.4466
-44.4613
-44.4717
-44.4805
-44.4882
-44.4949
-44.5005
-44.5048
-44.5078
-44.5092
-45.2836
-44.4052
-44.4958
-44.5974
-44.65
-44.6738
-44.6851
-44.692
-44.6974
-44.7022
-44.7066
-44.7103
-44.7133
-44.7153
-44.7163
-42.3413
-44.3929
-44.7707
-44.8671
-44.8988
-44.9091
-44.9121
-44.9134
-44.9147
-44.9164
-44.9184
-44.9203
-44.922
-44.9232
-44.9238
-47.4883
-45.5422
-45.2411
-45.1816
-45.1614
-45.1491
-45.1404
-45.1348
-45.1316
-45.1303
-45.13
-45.1303
-45.1308
-45.1312
-45.1315
-44.4799
-45.5488
-45.5439
-45.4685
-45.4177
-45.3862
-45.3666
-45.3545
-45.3473
-45.3432
-45.3409
-45.3398
-45.3393
-45.3391
-45.339
-47.9682
-46.3004
-45.8957
-45.7384
-45.6595
-45.6146
-45.5875
-45.571
-45.5608
-45.5546
-45.5508
-45.5486
-45.5472
-45.5465
-45.5462
-45.3825
-46.1743
-46.076
-45.9536
-45.8767
-45.8301
-45.8012
-45.7831
-45.7715
-45.7641
-45.7594
-45.7564
-45.7545
-45.7535
-45.753
-48.2898
-46.6659
-46.2732
-46.1371
-46.0719
-46.033
-46.0076
-45.9906
-45.9792
-45.9717
-45.9666
-45.9632
-45.961
-45.9597
-45.9591
-46.2883
-46.3018
-46.2924
-46.2713
-46.248
-46.2261
-46.2081
-46.1943
-46.1843
-46.1773
-46.1723
-46.1689
-46.1666
-46.1653
-46.1646
-44.2803
-45.9533
-46.3199
-46.407
-46.4221
-46.4163
-46.4056
-46.3955
-46.3874
-46.3813
-46.3768
-46.3736
-46.3714
-46.37
-46.3694
-47.3449
-46.5115
-46.5416
-46.5926
-46.61
-46.6094
-46.6027
-46.5953
-46.589
-46.5839
-46.5801
-46.5773
-46.5754
-46.5741
-46.5735
-44.7596
-46.4695
-46.7488
-46.8013
-46.8096
-46.8064
-46.8003
-46.7945
-46.7896
-46.7856
-46.7826
-46.7803
-46.7786
-46.7775
-46.7769
-49.1644
-47.4207
-47.1136
-47.0407
-47.0165
-47.005
-46.9979
-46.9931
-46.9894
-46.9866
-46.9843
-46.9825
-46.9812
-46.9802
-46.9798
-46.6078
-47.3739
-47.3158
-47.2462
-47.2138
-47.2001
-47.194
-47.1908
-47.1887
-47.1871
-47.1856
-47.1843
-47.1832
-47.1825
-47.1821
-49.5269
-47.899
-47.5262
-47.4257
-47.3974
-47.3897
-47.3881
-47.3878
-47.3877
-47.3872
-47.3865
-47.3857
-47.3849
-47.3843
-47.3839
-47.5737
-47.5521
-47.5476
-47.555
-47.5659
-47.5749
-47.5811
-47.5849
-47.5868
-47.5875
-47.5874
-47.5869
-47.5862
-47.5857
-47.5854
-45.6378
-47.1929
-47.5608
-47.6819
-47.7351
-47.7618
-47.7759
-47.7832
-47.7868
-47.7882
-47.7884
-47.7879
-47.7873
-47.7867
-47.7864
-48.4212
-47.6579
-47.7455
-47.8558
-47.922
-47.9573
-47.9753
-47.9842
-47.9882
-47.9896
-47.9896
-47.9889
-47.9881
-47.9874
-47.987
-45.9396
-47.5318
-47.9144
-48.0603
-48.1299
-48.1644
-48.1811
-48.1886
-48.1915
-48.1919
-48.1911
-48.1899
-48.1887
-48.1878
-48.1873
-49.2747
-48.2453
-48.2477
-48.3177
-48.3616
-48.3837
-48.3932
-48.3964
-48.3964
-48.3949
-48.3928
-48.3908
-48.389
-48.3877
-48.387
-46.406
-48.242
-48.5342
-48.5929
-48.6083
-48.6114
-48.6098
-48.6063
-48.6023
-48.5982
-48.5945
-48.5912
-48.5887
-48.587
-48.5861
-51.1922
-49.3106
-48.9827
-48.8983
-48.8629
-48.8421
-48.8276
-48.8167
-48.8081
-48.8012
-48.7956
-48.7911
-48.7878
-48.7855
-48.7844
-48.3582
-49.3001
-49.2622
-49.1695
-49.1072
-49.0683
-49.043
-49.0255
-49.0128
-49.0032
-48.9958
-48.9901
-48.986
-48.9832
-48.9819
-51.5192
-49.9699
-49.5797
-49.4195
-49.3349
-49.2848
-49.2528
-49.231
-49.2154
-49.2036
-49.1947
-49.1879
-49.183
-49.1798
-49.1783
-49.1095
-49.8347
-49.7375
-49.617
-49.5384
-49.4887
-49.4556
-49.4323
-49.4151
-49.402
-49.392
-49.3844
-49.3788
-49.3752
-49.3734
-51.7626
-50.2704
-49.9115
-49.7853
-49.7216
-49.6809
-49.6516
-49.6294
-49.612
-49.5983
-49.5875
-49.5792
-49.5732
-49.5693
-49.5673
-49.8877
-49.9189
-49.9238
-49.9102
-49.8885
-49.865
-49.8427
-49.8231
-49.8063
-49.7924
-49.7812
-49.7725
-49.766
-49.7618
-49.7597
-47.9918
-49.5857
-49.949
-50.0407
-50.0566
-50.0481
-50.032
-50.0147
-49.9986
-49.9847
-49.9732
-49.964
-49.9573
-49.9528
-49.9506
-50.8532
-50.107
-50.1628
-50.2236
-50.2416
-50.2365
-50.2221
-50.2055
-50.1894
-50.1752
-50.1634
-50.1539
-50.1469
-50.1422
-50.1399
-48.37
-50.0713
-50.3732
-50.4362
-50.4426
-50.4311
-50.4139
-50.3958
-50.3789
-50.3642
-50.3518
-50.342
-50.3348
-50.3299
-50.3275
-52.6305
-51.0073
-50.7496
-50.688
-50.656
-50.6297
-50.6062
-50.5852
-50.5669
-50.5514
-50.5386
-50.5284
-50.5209
-50.5159
-50.5134
-50.094
-50.9952
-50.9896
-50.9191
-50.8653
-50.8264
-50.7967
-50.7727
-50.7529
-50.7366
-50.7234
-50.7129
-50.7052
-50.7001
-50.6975
-53.0055
-51.6126
-51.2748
-51.1387
-51.0643
-51.0168
-50.9831
-50.9573
-50.9366
-50.9198
-50.9062
-50.8956
-50.8877
-50.8825
-50.8799
-50.8107
-51.4975
-51.4199
-51.3153
-51.2447
-51.1977
-51.1641
-51.1383
-51.1175
-51.1007
-51.087
-51.0763
-51.0683
-51.0631
-51.0604
-53.2916
-51.9131
-51.5838
-51.4683
-51.4087
-51.3693
-51.3396
-51.3157
-51.2958
-51.2793
-51.2658
-51.2551
-51.2471
-51.2418
-51.2391
-51.577
-51.6001
-51.5993
-51.5823
-51.5588
-51.5343
-51.5111
-51.4902
-51.4717
-51.4559
-51.4426
-51.432
-51.424
-51.4187
-51.416
-49.8463
-51.3037
-51.6259
-51.701
-51.7097
-51.6983
-51.6811
-51.6629
-51.6459
-51.6306
-51.6177
-51.6071
-51.5991
-51.5937
-51.591
-52.5137
-51.7957
-51.8241
-51.8658
-51.8747
-51.8664
-51.8516
-51.8349
-51.8187
-51.8039
-51.791
-51.7805
-51.7724
-51.7669
-51.7642
-50.2687
-51.7696
-52.013
-52.0533
-52.0518
-52.0393
-52.0233
-52.0066
-51.9905
-51.9758
-51.9628
-51.9521
-51.9439
-51.9383
-51.9355
-54.1458
-52.6167
-52.3428
-52.2699
-52.2369
-52.2145
-52.1955
-52.1779
-52.1614
-52.1464
-52.1332
-52.1221
-52.1136
-52.1078
-52.1048
-51.9191
-52.5923
-52.533
-52.4588
-52.415
-52.3875
-52.3666
-52.3483
-52.3313
-52.3158
-52.302
-52.2905
-52.2815
-52.2753
-52.2722
-54.5235
-53.0769
-52.7334
-52.6267
-52.5819
-52.5561
-52.536
-52.5177
-52.5003
-52.484
-52.4694
-52.4571
-52.4474
-52.4408
-52.4374
-52.8324
-52.7954
-52.7694
-52.7515
-52.7361
-52.7207
-52.7041
-52.6864
-52.6684
-52.6511
-52.6353
-52.6219
-52.6114
-52.6041
-52.6004
-51.1658
-52.5067
-52.7996
-52.8745
-52.8907
-52.8863
-52.873
-52.8553
-52.8361
-52.8171
-52.7997
-52.7848
-52.7731
-52.765
-52.7609
-53.6554
-52.9459
-52.9812
-53.0384
-53.0599
-53.0583
-53.0447
-53.0252
-53.0036
-52.9821
-52.9624
-52.9456
-52.9323
-52.9232
-52.9186
-51.5481
-52.8682
-53.1474
-53.227
-53.2456
-53.2389
-53.2205
-53.1966
-53.1709
-53.146
-53.1233
-53.104
-53.0888
-53.0785
-53.0732
-54.4661
-53.5136
-53.4521
-53.458
-53.4493
-53.428
-53.3999
-53.369
-53.3379
-53.3083
-53.2819
-53.2596
-53.2421
-53.2302
-53.2242
-52.1009
-53.5405
-53.7099
-53.6992
-53.6622
-53.6218
-53.5814
-53.5416
-53.5037
-53.4686
-53.4377
-53.4118
-53.3917
-53.378
-53.3711
-56.1054
-54.4497
-54.0926
-53.9586
-53.878
-53.816
-53.7622
-53.7129
-53.6674
-53.6262
-53.5902
-53.5602
-53.537
-53.5213
-53.5133
-53.8872
-54.4574
-54.3204
-54.1811
-54.0813
-54.0048
-53.94
-53.8815
-53.8281
-53.7802
-53.7385
-53.7039
-53.6773
-53.6592
-53.6501
-56.4253
-54.9566
-54.5495
-54.3761
-54.2689
-54.1858
-54.1132
-54.0465
-53.9852
-53.93
-53.882
-53.8423
-53.8118
-53.7911
-53.7807
-54.8276
-54.7188
-54.6164
-54.5252
-54.4405
-54.3598
-54.2821
-54.2077
-54.138
-54.0748
-54.0199
-53.9745
-53.9396
-53.916
-53.9041
-53.3035
-54.477
-54.6754
-54.6698
-54.6098
-54.5321
-54.4488
-54.3655
-54.2862
-54.2141
-54.1513
-54.0995
-54.0598
-54.0329
-54.0194
-55.621
-54.9128
-54.8757
-54.8524
-54.7919
-54.7086
-54.6153
-54.5204
-54.4296
-54.3469
-54.2752
-54.2162
-54.1711
-54.1407
-54.1255
-53.7699
-54.8828
-55.0665
-55.0608
-54.9906
-54.8923
-54.7829
-54.6723
-54.5673
-54.4723
-54.3904
-54.3234
-54.2725
-54.2382
-54.221
-56.3659
-55.4985
-55.3886
-55.3142
-55.2093
-55.0841
-54.9513
-54.8203
-54.698
-54.5887
-54.4954
-54.4196
-54.3624
-54.3241
-54.3049
-54.3401
-55.5885
-55.6859
-55.5888
-55.4429
-55.2814
-55.1183
-54.9623
-54.8196
-54.6942
-54.5883
-54.5032
-54.4393
-54.3968
-54.3755
-57.912
-56.4781
-56.1181
-55.8974
-55.688
-55.4803
-55.2803
-55.095
-54.9293
-54.7862
-54.667
-54.5722
-54.5016
-54.4548
-54.4315
-56.0105
-56.6225
-56.4536
-56.1981
-55.9326
-55.674
-55.4322
-55.214
-55.0233
-54.8616
-54.729
-54.6246
-54.5476
-54.4968
-54.4716
-58.6816
-57.3097
-56.849
-56.5057
-56.1733
-55.8564
-55.5676
-55.3138
-55.0971
-54.917
-54.7714
-54.6583
-54.5754
-54.5212
-54.4943
-57.3031
-57.3644
-57.1628
-56.8058
-56.4039
-56.0197
-55.6787
-55.3877
-55.1456
-54.9484
-54.7916
-54.6711
-54.5836
-54.5267
-54.4986
-55.8796
-57.6022
-57.5844
-57.1372
-56.6231
-56.1533
-55.755
-55.4276
-55.1629
-54.9519
-54.7867
-54.6612
-54.5709
-54.5123
-54.4836
-60.1741
-59.0491
-58.3039
-57.5152
-56.8121
-56.2376
-55.7822
-55.424
-55.143
-54.9236
-54.7544
-54.6271
-54.5361
-54.4775
-54.4487
-58.3304
-60.2328
-59.0535
-57.8337
-56.9123
-56.2396
-55.7419
-55.3669
-55.0804
-54.8606
-54.693
-54.5681
-54.4792
-54.4221
-54.3941
-72.3177
-63.5567
-59.8314
-57.9452
-56.8403
-56.1203
-55.6167
-55.2482
-54.9715
-54.7614
-54.6023
-54.4841
-54.4003
-54.3466
-54.3203
-75.2321
-63.3837
-59.3323
-57.5146
-56.5011
-55.8509
-55.3976
-55.0658
-54.8165
-54.6269
-54.4833
-54.3766
-54.3008
-54.2522
-54.2285
-38.6888
-38.686
-38.6808
-38.6743
-38.6682
-38.6652
-38.6696
-38.6875
-38.7282
-38.8053
-38.9363
-39.1379
-39.3809
-39.3068
-36.6949
-38.4463
-38.441
-38.4307
-38.4159
-38.3976
-38.3771
-38.356
-38.3364
-38.3196
-38.3042
-38.2788
-38.2044
-37.969
-37.2734
-35.5294
-38.2086
-38.2006
-38.1845
-38.1606
-38.1288
-38.089
-38.0408
-37.9824
-37.9096
-37.8125
-37.6687
-37.4318
-37.0169
-36.2872
-35.1295
-37.9785
-37.9676
-37.9457
-37.9125
-37.8673
-37.809
-37.7353
-37.6426
-37.5238
-37.3668
-37.1499
-36.8375
-36.3807
-35.7281
-34.8746
-37.7587
-37.7451
-37.7178
-37.6759
-37.6186
-37.5438
-37.4487
-37.3286
-37.1763
-36.9807
-36.7249
-36.3863
-35.9397
-35.3693
-34.6883
-37.5519
-37.5359
-37.5037
-37.4544
-37.3866
-37.2984
-37.1866
-37.0467
-36.8722
-36.6545
-36.3822
-36.0418
-35.6222
-35.1204
-34.5505
-37.3605
-37.3425
-37.3062
-37.2507
-37.1747
-37.0761
-36.9521
-36.7989
-36.6113
-36.3831
-36.1071
-35.7763
-35.3864
-34.9394
-34.447
-37.1866
-37.167
-37.1274
-37.0671
-36.9848
-36.8787
-36.7464
-36.585
-36.3906
-36.1592
-35.8866
-35.5695
-35.2073
-34.8036
-34.3676
-37.0319
-37.011
-36.9689
-36.905
-36.8181
-36.7068
-36.5694
-36.4034
-36.2065
-35.9761
-35.7101
-35.4075
-35.0694
-34.6996
-34.3057
-36.8975
-36.8757
-36.8318
-36.7653
-36.6753
-36.5607
-36.4202
-36.2523
-36.0554
-35.8282
-35.5699
-35.2807
-34.9625
-34.6192
-34.2569
-36.7844
-36.762
-36.7168
-36.6486
-36.5566
-36.44
-36.298
-36.1297
-35.9342
-35.7109
-35.4599
-35.1823
-34.8803
-34.5574
-34.2187
-36.6934
-36.6705
-36.6245
-36.5551
-36.4619
-36.3443
-36.2018
-36.0338
-35.8401
-35.6207
-35.3762
-35.108
-34.8184
-34.5108
-34.1895
-36.6248
-36.6016
-36.5551
-36.485
-36.3911
-36.273
-36.1304
-35.9631
-35.7712
-35.5551
-35.3156
-35.0545
-34.774
-34.4773
-34.1683
-36.5789
-36.5556
-36.5087
-36.4383
-36.344
-36.2258
-36.0833
-35.9166
-35.7261
-35.5123
-35.2763
-35.0198
-34.7453
-34.4556
-34.1545
-36.556
-36.5325
-36.4856
-36.415
-36.3206
-36.2022
-36.0598
-35.8936
-35.7038
-35.4911
-35.2569
-35.0028
-34.7311
-34.4449
-34.1476
-29.4625
-34.3271
-34.502
-30.7881
-27.2763
-18.064
-27.8096
-31.895
-37.2728
-37.6144
-33.4613
-31.279
-27.6967
-24.4558
-16.2379
-24.9029
-28.4658
-33.0307
-33.0473
-28.5578
-24.9576
-16.1154
-24.0709
-27.1423
-30.4116
-32.4742
-36.5416
-36.1952
-30.9177
-26.8778
-17.2398
-25.645
-28.8716
-32.2746
-34.4354
-38.7164
-38.3497
-32.7786
-28.5261
-18.3718
-27.4447
-31.0249
-34.9991
-37.623
-42.9406
-43.0565
-38.1408
-35.6016
-31.4973
-27.8208
-18.5059
-28.4744
-32.6204
-37.9952
-38.0978
-33.0611
-28.9918
-18.8839
-28.4067
-32.1973
-36.4359
-39.1355
-44.4361
-44.2251
-38.1286
-33.3536
-21.6932
-32.6855
-37.0948
-42.0978
-45.2855
-51.5403
-51.3442
-44.3336
-38.7999
-25.2224
-38.1599
-43.3429
-49.2232
-52.9022
-60.0484
-59.6795
-51.2129
-44.5967
-28.6043
-43.0807
-48.3586
-53.445
-52.5501
-43.5502
-33.2375
-33.2921
-32.6641
-30.9025
-28.8668
-26.8926
-29.0765
-31.3209
-33.3025
-33.5477
-32.1323
-30.4393
-28.3491
-26.285
-24.4018
-26.2617
-28.16
-29.7673
-29.7562
-28.1218
-26.15
-24.1577
-25.8704
-27.7668
-29.6762
-31.2394
-32.564
-32.2695
-30.2706
-27.9941
-25.7371
-27.4824
-29.451
-31.4422
-33.0826
-34.4815
-34.1826
-32.0963
-29.7361
-27.4284
-29.4124
-31.6764
-34.0428
-36.092
-37.9959
-38.0986
-36.4025
-34.4604
-32.1056
-29.8114
-27.7496
-29.9769
-32.2615
-34.2347
-34.3511
-32.6149
-30.4957
-28.3835
-30.6203
-33.0925
-35.6349
-37.7723
-39.6579
-39.5633
-37.4124
-34.9052
-32.4598
-35.0582
-37.9518
-40.9507
-43.483
-45.7297
-45.6649
-43.2055
-40.3139
-37.4859
-40.5471
-43.9251
-47.3967
-50.2706
-52.748
-52.4802
-49.3473
-45.6645
-41.9382
-44.8051
-47.6684
-49.9196
-50.2932
-49.4108
-33.9222
-33.2399
-32.4582
-31.4112
-30.368
-29.7332
-30.256
-31.1247
-31.8323
-31.872
-31.2025
-30.1712
-28.9635
-27.8533
-27.1755
-27.5649
-28.2729
-28.8341
-28.8023
-28.1711
-27.3718
-26.8645
-27.405
-28.3724
-29.4389
-30.3481
-30.9174
-30.7981
-30.0231
-29.0823
-28.4709
-28.9983
-29.9977
-31.1148
-32.0774
-32.6914
-32.5895
-31.8085
-30.8703
-30.3052
-30.9769
-32.1802
-33.5437
-34.7703
-35.6451
-35.7312
-35.0187
-33.9138
-32.6267
-31.4678
-30.8173
-31.3971
-32.3514
-33.1482
-33.2727
-32.7203
-31.9899
-31.6209
-32.495
-33.8872
-35.4173
-36.7722
-37.7316
-37.8628
-37.2095
-36.3685
-35.9634
-37.0062
-38.6576
-40.476
-42.0924
-43.2478
-43.4342
-42.7003
-41.7365
-41.2695
-42.4783
-44.3732
-46.431
-48.2103
-49.4011
-49.407
-48.274
-46.7953
-45.7782
-46.535
-47.8601
-49.0983
-49.8449
-50.3751
-34.0251
-33.3304
-32.6337
-31.9139
-31.281
-30.9064
-30.9369
-31.16
-31.3237
-31.2169
-30.7933
-30.1565
-29.4373
-28.7987
-28.4121
-28.4088
-28.5967
-28.7547
-28.711
-28.4621
-28.173
-28.0622
-28.3247
-28.8351
-29.4277
-29.9462
-30.262
-30.2707
-30.014
-29.6961
-29.5645
-29.8345
-30.3749
-31.0099
-31.5741
-31.9321
-31.9744
-31.7468
-31.4675
-31.4008
-31.7761
-32.4533
-33.2418
-33.9553
-34.4303
-34.5139
-34.2
-33.6298
-32.9635
-32.392
-32.1135
-32.2784
-32.668
-33.0302
-33.169
-33.0826
-32.9638
-33.0685
-33.624
-34.4836
-35.4522
-36.3421
-36.9981
-37.2923
-37.2772
-37.2045
-37.3824
-38.078
-39.1232
-40.2923
-41.366
-42.1619
-42.529
-42.5263
-42.4443
-42.6401
-43.4217
-44.5871
-45.8668
-46.9977
-47.7609
-47.9744
-47.6987
-47.262
-47.0638
-47.4468
-48.1772
-48.9849
-49.7083
-50.3997
-34.0198
-33.4233
-32.8419
-32.2911
-31.8214
-31.4955
-31.3402
-31.2803
-31.204
-31.0175
-30.6908
-30.2599
-29.7945
-29.3805
-29.0963
-28.9771
-28.9633
-28.9652
-28.9149
-28.8106
-28.7168
-28.7221
-28.8871
-29.1791
-29.523
-29.8357
-30.0487
-30.1252
-30.0927
-30.0414
-30.0797
-30.281
-30.6157
-31.0067
-31.3677
-31.6273
-31.7479
-31.7596
-31.7585
-31.8601
-32.1408
-32.5662
-33.048
-33.4837
-33.7795
-33.8693
-33.7504
-33.4844
-33.164
-32.8949
-32.7713
-32.8365
-33.0245
-33.2342
-33.39
-33.4918
-33.6161
-33.8672
-34.3157
-34.9232
-35.6008
-36.2492
-36.7861
-37.1677
-37.4285
-37.68
-38.0563
-38.6468
-39.4107
-40.2467
-41.0399
-41.694
-42.1568
-42.467
-42.7526
-43.1675
-43.8128
-44.6371
-45.5173
-46.3149
-46.913
-47.2464
-47.3556
-47.3856
-47.5128
-47.8589
-48.3839
-48.9936
-49.6179
-50.2467
-33.9973
-33.4939
-33.0059
-32.551
-32.1542
-31.8384
-31.6058
-31.4238
-31.2426
-31.0195
-30.7382
-30.4126
-30.0773
-29.7752
-29.5425
-29.3931
-29.3072
-29.2504
-29.1962
-29.1437
-29.1177
-29.1519
-29.2662
-29.4482
-29.6629
-29.8688
-30.0315
-30.1366
-30.1985
-30.2574
-30.36
-30.5354
-30.7755
-31.0467
-31.3072
-31.5226
-31.6784
-31.7906
-31.9019
-32.0612
-32.2972
-32.5978
-32.921
-33.2134
-33.4255
-33.5255
-33.5127
-33.4177
-33.2906
-33.1883
-33.1576
-33.2179
-33.3498
-33.5162
-33.6889
-33.8688
-34.0863
-34.3817
-34.7787
-35.2624
-35.7917
-36.3171
-36.798
-37.2172
-37.5934
-37.976
-38.4222
-38.9661
-39.595
-40.2632
-40.9145
-41.5017
-42.0046
-42.4436
-42.875
-43.3636
-43.9467
-44.6067
-45.2873
-45.9198
-46.4465
-46.8415
-47.1271
-47.3694
-47.647
-48.0136
-48.4689
-48.982
-49.5214
-50.0689
-33.9741
-33.542
-33.1218
-32.7268
-32.3703
-32.0613
-31.7982
-31.5657
-31.3412
-31.1049
-30.8489
-30.579
-30.3121
-30.0695
-29.8687
-29.7171
-29.6089
-29.5315
-29.4749
-29.4385
-29.4315
-29.466
-29.5478
-29.67
-29.8155
-29.9636
-30.0973
-30.21
-30.3084
-30.4103
-30.5356
-30.6965
-30.8902
-31.1019
-31.3118
-31.5037
-31.6715
-31.8228
-31.9762
-32.1519
-32.3608
-32.5966
-32.8385
-33.0591
-33.2328
-33.3442
-33.3935
-33.397
-33.3819
-33.3788
-33.4128
-33.4963
-33.6258
-33.7893
-33.9776
-34.1919
-34.4445
-34.7503
-35.1169
-35.5363
-35.9886
-36.4494
-36.8988
-37.3292
-37.7493
-38.1807
-38.6476
-39.1634
-39.7227
-40.3045
-40.8815
-41.4313
-41.9448
-42.4314
-42.9155
-43.4237
-43.9702
-44.5468
-45.1269
-45.6772
-46.17
-46.5942
-46.9614
-47.3023
-47.6534
-48.0409
-48.4706
-48.9331
-49.4133
-49.8975
-33.9524
-33.5727
-33.201
-32.8467
-32.5175
-32.2178
-31.9463
-31.6959
-31.4563
-31.2186
-30.9791
-30.7407
-30.5118
-30.3032
-30.1238
-29.9784
-29.866
-29.7824
-29.7241
-29.6908
-29.6854
-29.7118
-29.7708
-29.8579
-29.9641
-30.0788
-30.1932
-30.3039
-30.4133
-30.5291
-30.6598
-30.8102
-30.9791
-31.1595
-31.3422
-31.5195
-31.6884
-31.8521
-32.0183
-32.1949
-32.3857
-32.5866
-32.7868
-32.9722
-33.1299
-33.2524
-33.3405
-33.4034
-33.456
-33.5157
-33.5971
-33.7089
-33.8529
-34.0269
-34.2289
-34.4603
-34.7261
-35.0318
-35.379
-35.763
-36.1736
-36.5983
-37.0272
-37.4563
-37.8891
-38.3346
-38.8027
-39.2983
-39.8185
-40.3528
-40.8882
-41.4134
-41.9238
-42.4232
-42.9214
-43.429
-43.9508
-44.4821
-45.0098
-45.5177
-45.9926
-46.4294
-46.8339
-47.2208
-47.6075
-48.0075
-48.4255
-48.8587
-49.2998
-49.7395
-33.9327
-33.5912
-33.2549
-32.9301
-32.6219
-32.3331
-32.0635
-31.81
-31.5683
-31.3345
-31.1073
-30.8883
-30.682
-30.4942
-30.3298
-30.1919
-30.0812
-29.9966
-29.9371
-29.9024
-29.8933
-29.9105
-29.9531
-30.0182
-30.1004
-30.1941
-30.2945
-30.3992
-30.5089
-30.6265
-30.7554
-30.8972
-31.0511
-31.2137
-31.3804
-31.5474
-31.7128
-31.8778
-32.0452
-32.2177
-32.3961
-32.5776
-32.7565
-32.9254
-33.0778
-33.2104
-33.3241
-33.4244
-33.5203
-33.6217
-33.7378
-33.8751
-34.0369
-34.2243
-34.438
-34.6794
-34.9506
-35.2537
-35.5885
-35.9519
-36.3384
-36.7414
-37.1556
-37.5785
-38.011
-38.4564
-38.9184
-39.3983
-39.8941
-40.4001
-40.9097
-41.417
-41.9192
-42.4171
-42.9142
-43.4141
-43.918
-44.4228
-44.9216
-45.4062
-45.8703
-46.3114
-46.7322
-47.14
-47.543
-47.9482
-48.3587
-48.7735
-49.1884
-49.5977
-33.9151
-33.6019
-33.2917
-32.9891
-32.6979
-32.4203
-32.1569
-31.9068
-31.6685
-31.4407
-31.2231
-31.0172
-30.8254
-30.6511
-30.4972
-30.366
-30.2584
-30.1744
-30.114
-30.0769
-30.063
-30.0721
-30.103
-30.1533
-30.22
-30.2996
-30.3892
-30.4871
-30.593
-30.7077
-30.8321
-30.9667
-31.1107
-31.262
-31.4182
-31.5773
-31.7379
-31.9001
-32.0646
-32.232
-32.402
-32.5726
-32.7406
-32.9023
-33.0544
-33.1956
-33.327
-33.4522
-33.5766
-33.7066
-33.8483
-34.0064
-34.1844
-34.3843
-34.6076
-34.8556
-35.1296
-35.4303
-35.757
-36.1079
-36.4797
-36.8687
-37.2718
-37.6872
-38.1146
-38.5548
-39.0086
-39.476
-39.9551
-40.4427
-40.935
-41.4285
-41.9211
-42.4124
-42.9031
-43.394
-43.8845
-44.3724
-44.854
-45.3248
-45.7815
-46.2228
-46.6499
-47.0662
-47.4757
-47.8819
-48.2862
-48.6882
-49.0854
-49.4739
-33.9001
-33.6076
-33.3169
-33.0313
-32.7539
-32.4866
-32.2306
-31.9862
-31.7532
-31.5317
-31.3219
-31.1252
-30.9432
-30.778
-30.6317
-30.5057
-30.4011
-30.3181
-30.257
-30.2175
-30.1994
-30.2021
-30.2245
-30.2647
-30.3208
-30.3905
-30.4718
-30.5632
-30.6642
-30.7745
-30.8941
-31.0227
-31.1594
-31.303
-31.452
-31.6049
-31.7608
-31.9191
-32.0798
-32.2427
-32.407
-32.5713
-32.734
-32.893
-33.0468
-33.1952
-33.3391
-33.4812
-33.625
-33.7749
-33.9351
-34.1094
-34.3005
-34.5107
-34.7417
-34.9947
-35.2705
-35.5695
-35.8911
-36.2341
-36.5965
-36.976
-37.3706
-37.7789
-38.2001
-38.6338
-39.0797
-39.537
-40.0042
-40.479
-40.9589
-41.4415
-41.9252
-42.409
-42.8923
-43.3746
-43.855
-44.3317
-44.8022
-45.264
-45.7153
-46.155
-46.5836
-47.0025
-47.4136
-47.8184
-48.2175
-48.6103
-48.9951
-49.3692
-33.8877
-33.6105
-33.3341
-33.0613
-32.7947
-32.5362
-32.2872
-32.0487
-31.8211
-31.6051
-31.4016
-31.2116
-31.0364
-30.8776
-30.7365
-30.6144
-30.5121
-30.4301
-30.3684
-30.3271
-30.3057
-30.3036
-30.3198
-30.3531
-30.4019
-30.4645
-30.5394
-30.6255
-30.7219
-30.8279
-30.9431
-31.0668
-31.1982
-31.3363
-31.48
-31.6281
-31.78
-31.9348
-32.0921
-32.2513
-32.4118
-32.5727
-32.7328
-32.8911
-33.0472
-33.2012
-33.354
-33.5077
-33.6649
-33.8286
-34.0021
-34.1881
-34.3893
-34.6075
-34.8444
-35.1012
-35.3784
-35.6764
-35.9947
-36.3327
-36.6889
-37.0618
-37.4501
-37.8525
-38.2679
-38.6956
-39.1348
-39.5842
-40.0427
-40.5083
-40.9791
-41.4534
-41.9297
-42.4066
-42.8832
-43.3585
-43.8313
-44.3001
-44.7632
-45.219
-45.666
-46.1035
-46.5315
-46.9505
-47.361
-47.7636
-48.1583
-48.5444
-48.9205
-49.2847
-33.8783
-33.6118
-33.3455
-33.0819
-32.8234
-32.5717
-32.3284
-32.0948
-31.8718
-31.6603
-31.4614
-31.2761
-31.1056
-30.9511
-30.8137
-30.6943
-30.5937
-30.5123
-30.4503
-30.4075
-30.3837
-30.3783
-30.3904
-30.419
-30.4627
-30.5204
-30.5908
-30.6728
-30.7654
-30.8679
-30.9796
-31.0996
-31.2272
-31.3614
-31.5014
-31.6461
-31.7948
-31.9468
-32.1014
-32.2581
-32.4163
-32.5751
-32.7341
-32.8927
-33.0509
-33.2089
-33.3679
-33.5294
-33.6955
-33.8686
-34.0511
-34.2454
-34.4537
-34.6777
-34.9189
-35.1784
-35.4567
-35.7541
-36.0705
-36.4052
-36.7574
-37.126
-37.5097
-37.9075
-38.3184
-38.7413
-39.1752
-39.619
-40.0712
-40.5303
-40.9948
-41.463
-41.9335
-42.405
-42.8764
-43.3463
-43.8137
-44.2771
-44.7353
-45.1868
-45.6307
-46.0662
-46.4929
-46.9109
-47.3201
-47.7206
-48.1118
-48.4931
-48.8633
-49.2209
-33.872
-33.6123
-33.3525
-33.0949
-32.8416
-32.5946
-32.3553
-32.1252
-31.9054
-31.6971
-31.5013
-31.319
-31.1514
-30.9996
-30.8644
-30.7468
-30.6473
-30.5663
-30.5041
-30.4604
-30.4351
-30.4276
-30.4371
-30.4627
-30.5033
-30.5579
-30.6253
-30.7045
-30.7946
-30.8946
-31.0039
-31.1215
-31.2466
-31.3783
-31.5158
-31.6583
-31.8049
-31.955
-32.1079
-32.263
-32.4197
-32.5775
-32.736
-32.895
-33.0547
-33.2155
-33.3783
-33.5447
-33.7162
-33.8951
-34.0832
-34.2828
-34.4956
-34.7234
-34.9674
-35.2286
-35.5077
-35.8049
-36.1201
-36.453
-36.8027
-37.1685
-37.5493
-37.9441
-38.3519
-38.7715
-39.2019
-39.6419
-40.09
-40.545
-41.0053
-41.4695
-41.9362
-42.4041
-42.8719
-43.3383
-43.8021
-44.2622
-44.7172
-45.166
-45.6078
-46.0417
-46.4674
-46.8843
-47.2924
-47.6911
-48.08
-48.4583
-48.8248
-49.1782
-33.8688
-33.6124
-33.3558
-33.1011
-32.8505
-32.6058
-32.3686
-32.1403
-31.9222
-31.7154
-31.5211
-31.3404
-31.1743
-31.0237
-30.8896
-30.7728
-30.6738
-30.5931
-30.5307
-30.4866
-30.4606
-30.452
-30.4603
-30.4844
-30.5236
-30.5766
-30.6426
-30.7204
-30.8092
-30.908
-31.016
-31.1324
-31.2562
-31.3868
-31.5231
-31.6645
-31.81
-31.9592
-32.1112
-32.2655
-32.4215
-32.5789
-32.7373
-32.8966
-33.057
-33.2191
-33.3838
-33.5525
-33.7267
-33.9083
-34.0992
-34.3013
-34.5163
-34.7459
-34.9913
-35.2534
-35.5329
-35.83
-36.1447
-36.4767
-36.8253
-37.1897
-37.5691
-37.9624
-38.3686
-38.7865
-39.2152
-39.6532
-40.0994
-40.5524
-41.0107
-41.4729
-41.9377
-42.4037
-42.8696
-43.3343
-43.7964
-44.2548
-44.7083
-45.1558
-45.5965
-46.0297
-46.4546
-46.871
-47.2783
-47.6762
-48.0639
-48.4406
-48.8054
-49.1569
-53.5366
-57.2377
-57.0771
-56.427
-55.851
-55.4044
-55.0639
-54.8024
-54.6004
-54.4442
-54.3244
-54.2347
-54.1708
-54.1297
-54.1095
-52.2054
-54.3948
-55.1069
-55.1671
-55.0126
-54.8116
-54.6208
-54.4558
-54.3191
-54.2085
-54.1212
-54.0546
-54.0065
-53.9752
-53.9599
-51.7065
-53.0295
-53.7891
-54.1222
-54.2208
-54.2089
-54.1519
-54.0813
-54.0118
-53.9498
-53.8977
-53.8562
-53.8255
-53.8052
-53.7951
-51.3047
-52.228
-52.8981
-53.312
-53.5399
-53.6516
-53.6967
-53.7059
-53.6974
-53.6814
-53.6637
-53.6475
-53.6343
-53.6252
-53.6206
-50.958
-51.6801
-52.2637
-52.688
-52.9754
-53.1612
-53.2775
-53.3485
-53.3907
-53.415
-53.4286
-53.4359
-53.4395
-53.4411
-53.4417
-50.665
-51.271
-51.7889
-52.2011
-52.5126
-52.7405
-52.904
-53.02
-53.102
-53.1597
-53.2002
-53.2282
-53.2468
-53.2582
-53.2637
-50.4181
-50.9502
-51.4201
-51.8149
-52.1339
-52.3846
-52.5781
-52.7259
-52.8378
-52.922
-52.9846
-53.0301
-53.0617
-53.0817
-53.0914
-50.2093
-50.6918
-51.1268
-51.5049
-51.8236
-52.086
-52.2984
-52.4679
-52.6017
-52.7062
-52.7863
-52.8461
-52.8885
-52.9157
-52.929
-50.0329
-50.4811
-50.8906
-51.2545
-51.57
-51.8379
-52.0617
-52.2458
-52.3954
-52.5149
-52.6086
-52.6797
-52.7309
-52.764
-52.7802
-49.8852
-50.3095
-50.7004
-51.0529
-51.3642
-51.6343
-51.8648
-52.0587
-52.2192
-52.3499
-52.4538
-52.5336
-52.5916
-52.6293
-52.648
-49.764
-50.1716
-50.5491
-50.8926
-51.2
-51.4705
-51.705
-51.9052
-52.0733
-52.2119
-52.3232
-52.4096
-52.4728
-52.5141
-52.5346
-49.6681
-50.064
-50.432
-50.7689
-51.0729
-51.3431
-51.5798
-51.784
-51.9572
-52.1013
-52.218
-52.3091
-52.3761
-52.4201
-52.4419
-49.5967
-49.9848
-50.3462
-50.6784
-50.9798
-51.2495
-51.4874
-51.6941
-51.8706
-52.0183
-52.1387
-52.2331
-52.3027
-52.3486
-52.3713
-49.5493
-49.9326
-50.2899
-50.6192
-50.9188
-51.188
-51.4265
-51.6346
-51.8131
-51.9631
-52.0857
-52.1821
-52.2534
-52.3004
-52.3237
-49.5257
-49.9067
-50.2621
-50.5899
-50.8886
-51.1575
-51.3962
-51.605
-51.7844
-51.9354
-52.0591
-52.1565
-52.2286
-52.2762
-52.2998
)
;

boundaryField
{
    hot
    {
        type            calculated;
        value           nonuniform List<scalar> 
120
(
-49.2182
-49.2379
-49.2771
-49.3358
-49.4135
-49.5098
-49.6239
-49.7547
-49.9008
-50.06
-50.2299
-50.4072
-50.5884
-50.7693
-50.9458
-51.0999
-51.2316
-51.3533
-51.4634
-51.5607
-51.6446
-51.7148
-51.771
-51.8137
-51.843
-51.8596
-51.864
-51.8568
-51.8387
-51.8103
-51.7722
-51.725
-51.6692
-51.6054
-51.534
-51.4555
-51.3702
-51.2787
-51.1813
-51.0782
-50.97
-50.8567
-50.7388
-50.6165
-50.4901
-50.3597
-50.2256
-50.0879
-49.9468
-49.8025
-49.655
-49.5044
-49.3509
-49.1945
-49.0352
-48.8732
-48.7083
-48.5407
-48.3703
-48.1972
-48.0212
-47.8426
-47.6611
-47.4769
-47.2898
-47.1
-46.9073
-46.7118
-46.5136
-46.3126
-46.1089
-45.9027
-45.6939
-45.4828
-45.2693
-45.0538
-44.8363
-44.6172
-44.3966
-44.1748
-43.9523
-43.7292
-43.5059
-43.2828
-43.0602
-42.8385
-42.6181
-42.3992
-42.1823
-41.9674
-41.7549
-41.5448
-41.3371
-41.1316
-40.9281
-40.7262
-40.5257
-40.3258
-40.1262
-39.9263
-39.7256
-39.524
-39.3212
-39.1175
-38.9135
-38.6896
-38.4477
-38.2107
-37.9812
-37.762
-37.5558
-37.365
-37.1915
-37.037
-36.9029
-36.79
-36.6991
-36.6306
-36.5848
-36.5618
)
;
    }
    cold
    {
        type            calculated;
        value           nonuniform List<scalar> 
120
(
-37.9468
-37.9679
-38.01
-38.0729
-38.1564
-38.26
-38.383
-38.5245
-38.6832
-38.8574
-39.0452
-39.2441
-39.4515
-39.6647
-39.8809
-40.0797
-40.2598
-40.4383
-40.615
-40.7897
-40.9625
-41.134
-41.3047
-41.4754
-41.6466
-41.8192
-41.9936
-42.1705
-42.3501
-42.5327
-42.7185
-42.9075
-43.0996
-43.2946
-43.4923
-43.6923
-43.8944
-44.0982
-44.3034
-44.5096
-44.7166
-44.924
-45.1315
-45.339
-45.5462
-45.7529
-45.959
-46.1644
-46.3692
-46.5733
-46.7768
-46.9797
-47.182
-47.3838
-47.5853
-47.7863
-47.9869
-48.1871
-48.3868
-48.5858
-48.7841
-48.9815
-49.1779
-49.373
-49.5668
-49.7592
-49.9501
-50.1393
-50.3269
-50.5128
-50.6969
-50.8793
-51.0598
-51.2385
-51.4153
-51.5903
-51.7635
-51.9348
-52.1041
-52.2714
-52.4366
-52.5995
-52.7599
-52.9174
-53.0718
-53.2227
-53.3694
-53.5113
-53.6478
-53.778
-53.9011
-54.016
-54.1216
-54.2167
-54.3001
-54.3702
-54.4257
-54.4653
-54.4877
-54.4916
-54.4764
-54.4416
-54.3872
-54.3138
-54.2226
-54.1045
-53.9561
-53.7926
-53.6194
-53.4418
-53.265
-53.0937
-52.9323
-52.7843
-52.6526
-52.5396
-52.4473
-52.377
-52.3296
-52.3057
)
;
    }
    interface_left
    {
        type            calculated;
        value           nonuniform List<scalar> 
90
(
-74.8591
-67.492
-54.0184
-54.9488
-53.7367
-53.8558
-53.8432
-53.8081
-54.0157
-53.3987
-54.0159
-52.9027
-53.8629
-52.3017
-53.2472
-54.4043
-52.3775
-54.4196
-50.9684
-53.2686
-50.4993
-52.208
-53.9853
-51.1812
-53.8605
-50.454
-53.7937
-48.7013
-52.0506
-48.407
-50.7165
-53.0072
-49.5328
-52.8143
-48.7822
-52.7396
-46.8366
-50.7324
-46.5968
-49.253
-51.869
-47.9568
-51.6761
-47.1475
-51.6242
-44.9712
-49.384
-44.7077
-47.7277
-50.7131
-46.2609
-50.5283
-45.3192
-50.4902
-42.7696
-47.8914
-42.4251
-45.9409
-49.4253
-44.1829
-49.1748
-43.0203
-49.0537
-39.9969
-45.9275
-39.5862
-43.5958
-47.5175
-41.514
-47.018
-40.1766
-46.6136
-37.0112
-43.0903
-36.7739
-40.6565
-44.2553
-38.6811
-43.308
-37.7188
-42.4597
-35.9785
-39.7379
-37.0154
-38.8455
-39.8711
-40.1745
-40.0813
-51.4174
-57.7566
)
;
    }
    interface_right
    {
        type            calculated;
        value           nonuniform List<scalar> 
90
(
-59.6215
-53.7803
-40.7459
-41.5543
-41.6073
-39.7409
-38.8146
-40.3425
-37.6587
-42.533
-38.8171
-43.39
-39.5539
-44.3416
-41.2559
-37.8619
-43.4255
-38.008
-46.6438
-40.8246
-47.084
-42.0387
-47.6165
-43.9811
-40.2347
-46.187
-40.5948
-49.1796
-43.45
-49.3379
-44.5666
-49.6156
-46.2747
-42.9025
-48.1725
-43.2849
-50.6569
-45.8305
-50.8603
-47.589
-44.365
-49.2046
-44.6305
-50.2654
-44.8154
-52.8074
-47.4325
-52.7846
-48.3591
-52.9823
-49.865
-46.6867
-51.6115
-46.9175
-54.0394
-49.2262
-54.1505
-50.1083
-54.4196
-51.559
-48.648
-53.229
-48.9745
-55.4533
-51.2331
-55.704
-52.8532
-50.0583
-54.3612
-50.4455
-55.3509
-50.8245
-57.491
-53.2615
-57.5983
-54.8815
-52.3104
-56.2929
-52.8209
-57.1522
-53.2194
-59.1021
-55.3521
-59.768
-57.1966
-54.3241
-60.9591
-55.9354
-78.5622
-84.2201
)
;
    }
    interface_top
    {
        type            calculated;
        value           nonuniform List<scalar> 
90
(
-29.4625
-34.3271
-34.502
-30.7881
-27.2763
-18.064
-27.8096
-31.895
-37.2728
-37.6144
-33.4613
-31.279
-27.6967
-24.4558
-16.2379
-24.9029
-28.4658
-33.0307
-33.0473
-28.5578
-24.9576
-16.1154
-24.0709
-27.1423
-30.4116
-32.4742
-36.5416
-36.1952
-30.9177
-26.8778
-17.2398
-25.645
-28.8716
-32.2746
-34.4354
-38.7164
-38.3497
-32.7786
-28.5261
-18.3718
-27.4447
-31.0249
-34.9991
-37.623
-42.9406
-43.0565
-38.1408
-35.6016
-31.4973
-27.8208
-18.5059
-28.4744
-32.6204
-37.9952
-38.0978
-33.0611
-28.9918
-18.8839
-28.4067
-32.1973
-36.4359
-39.1355
-44.4361
-44.2251
-38.1286
-33.3536
-21.6932
-32.6855
-37.0948
-42.0978
-45.2855
-51.5403
-51.3442
-44.3336
-38.7999
-25.2224
-38.1599
-43.3429
-49.2232
-52.9022
-60.0484
-59.6795
-51.2129
-44.5967
-28.6043
-43.0807
-48.3586
-53.445
-52.5501
-43.5502
)
;
    }
    interface_bottom
    {
        type            calculated;
        value           nonuniform List<scalar> 
90
(
-38.1621
-43.9736
-41.6322
-27.2075
-41.8097
-47.4856
-53.482
-57.158
-64.2047
-63.7791
-55.2767
-50.995
-44.3985
-38.8686
-25.489
-38.929
-44.3197
-51.0205
-51.0581
-44.5908
-41.2826
-36.1033
-31.6662
-20.8257
-31.6722
-35.9233
-41.0011
-40.6825
-34.5591
-29.9761
-19.2493
-28.5576
-32.0609
-35.6614
-37.7914
-41.8317
-41.123
-34.6366
-29.9504
-19.2185
-28.5624
-32.1578
-36.0223
-38.4056
-43.0488
-42.7771
-37.2177
-34.4593
-30.2886
-26.6578
-17.6721
-27.1092
-30.8873
-35.5244
-35.3932
-30.3207
-26.4242
-17.0989
-25.6149
-28.8855
-32.354
-34.3893
-38.1836
-37.5936
-31.7396
-27.4766
-17.6407
-26.2452
-29.5142
-32.9197
-34.9297
-38.7026
-38.0822
-32.1403
-27.833
-17.9119
-26.6518
-30.0183
-33.6144
-35.8076
-40.0195
-39.552
-33.696
-29.3134
-18.9856
-28.5607
-32.1866
-35.9897
-35.735
-30.492
)
;
    }
    defaultFaces
    {
        type            empty;
    }
}


// ************************************************************************* //
