/*--------------------------------*- C++ -*----------------------------------*\
| =========                 |                                                 |
| \\      /  F ield         | OpenFOAM: The Open Source CFD Toolbox           |
|  \\    /   O peration     | Version:  5.x                                   |
|   \\  /    A nd           | Web:      www.OpenFOAM.org                      |
|    \\/     M anipulation  |                                                 |
\*---------------------------------------------------------------------------*/
FoamFile
{
    version     2.0;
    format      ascii;
    class       volScalarField;
    location    "4";
    object      T;
}
// * * * * * * * * * * * * * * * * * * * * * * * * * * * * * * * * * * * * * //

dimensions      [0 0 0 1 0 0 0];

internalField   nonuniform List<scalar> 
6300
(
322.754
322.262
321.77
321.279
320.788
320.298
319.81
319.322
318.836
318.352
317.87
317.39
316.911
316.436
315.962
322.754
322.262
321.77
321.278
320.787
320.297
319.808
319.321
318.835
318.35
317.868
317.387
316.909
316.433
315.96
322.754
322.261
321.769
321.277
320.785
320.295
319.806
319.318
318.831
318.347
317.864
317.383
316.904
316.428
315.954
322.753
322.26
321.767
321.275
320.783
320.292
319.802
319.313
318.826
318.341
317.857
317.376
316.897
316.421
315.947
322.753
322.259
321.765
321.272
320.779
320.287
319.797
319.307
318.819
318.333
317.849
317.367
316.888
316.411
315.936
322.752
322.257
321.763
321.268
320.775
320.282
319.79
319.3
318.811
318.324
317.839
317.356
316.875
316.398
315.923
322.752
322.256
321.76
321.264
320.769
320.275
319.782
319.291
318.8
318.312
317.826
317.342
316.861
316.382
315.907
322.751
322.254
321.757
321.26
320.763
320.268
319.773
319.28
318.788
318.298
317.81
317.325
316.843
316.364
315.888
322.75
322.252
321.753
321.254
320.756
320.259
319.763
319.268
318.774
318.282
317.792
317.305
316.822
316.342
315.866
322.75
322.249
321.749
321.249
320.749
320.25
319.751
319.254
318.758
318.264
317.771
317.282
316.797
316.316
315.84
322.749
322.247
321.744
321.242
320.741
320.24
319.739
319.239
318.74
318.243
317.748
317.255
316.767
316.285
315.808
322.748
322.244
321.74
321.236
320.732
320.229
319.726
319.223
318.721
318.22
317.721
317.225
316.732
316.247
315.77
322.747
322.241
321.735
321.229
320.723
320.218
319.712
319.206
318.701
318.196
317.692
317.19
316.691
316.2
315.721
322.746
322.238
321.731
321.223
320.715
320.206
319.698
319.189
318.68
318.17
317.66
317.151
316.643
316.141
315.654
322.745
322.236
321.726
321.216
320.706
320.195
319.684
319.172
318.659
318.145
317.629
317.11
316.589
316.066
315.551
315.531
315.14
314.751
314.365
313.98
313.598
313.217
312.84
312.464
312.092
311.722
311.355
310.991
310.631
310.274
309.92
309.57
309.224
308.881
308.542
308.207
307.875
307.547
307.222
306.901
306.583
306.268
305.957
305.648
305.342
305.038
304.737
304.438
304.141
303.847
303.554
303.263
302.974
302.686
302.4
302.116
301.833
301.552
301.272
300.993
300.716
300.44
300.166
299.893
299.621
299.35
299.08
298.812
298.544
298.277
298.011
297.745
297.48
297.216
296.951
296.687
296.423
296.159
295.894
295.63
295.365
295.1
294.834
294.568
294.301
294.034
293.766
293.496
293.226
292.955
292.683
292.41
292.136
291.86
291.583
291.304
291.024
290.742
290.458
290.173
289.886
289.597
289.306
289.014
288.719
315.528
315.137
314.749
314.362
313.977
313.594
313.214
312.836
312.46
312.087
311.717
311.35
310.986
310.626
310.269
309.915
309.565
309.218
308.876
308.537
308.201
307.87
307.542
307.217
306.896
306.578
306.264
305.952
305.644
305.338
305.034
304.733
304.435
304.138
303.844
303.551
303.26
302.971
302.684
302.398
302.114
301.831
301.55
301.27
300.991
300.714
300.438
300.164
299.891
299.619
299.348
299.079
298.81
298.542
298.276
298.01
297.744
297.48
297.215
296.951
296.687
296.423
296.159
295.895
295.63
295.365
295.1
294.835
294.569
294.302
294.035
293.767
293.498
293.228
292.957
292.685
292.412
292.137
291.862
291.585
291.306
291.026
290.744
290.461
290.176
289.889
289.6
289.309
289.016
288.722
315.522
315.132
314.743
314.356
313.971
313.588
313.207
312.829
312.453
312.079
311.709
311.341
310.977
310.616
310.258
309.904
309.554
309.208
308.865
308.526
308.191
307.859
307.531
307.207
306.887
306.569
306.255
305.944
305.636
305.33
305.027
304.727
304.428
304.132
303.838
303.546
303.255
302.966
302.679
302.393
302.109
301.826
301.545
301.265
300.987
300.71
300.434
300.16
299.887
299.615
299.345
299.075
298.807
298.54
298.273
298.008
297.743
297.478
297.214
296.95
296.686
296.423
296.159
295.895
295.631
295.366
295.101
294.836
294.57
294.304
294.037
293.769
293.5
293.23
292.96
292.688
292.415
292.141
291.865
291.589
291.31
291.03
290.749
290.466
290.181
289.894
289.605
289.315
289.022
288.727
315.514
315.123
314.734
314.347
313.961
313.578
313.197
312.818
312.441
312.067
311.696
311.327
310.962
310.601
310.243
309.888
309.538
309.191
308.848
308.509
308.174
307.843
307.516
307.192
306.872
306.555
306.242
305.931
305.624
305.319
305.016
304.716
304.419
304.123
303.829
303.537
303.247
302.959
302.672
302.386
302.102
301.82
301.539
301.259
300.98
300.703
300.428
300.154
299.881
299.609
299.339
299.07
298.802
298.536
298.27
298.005
297.74
297.476
297.212
296.949
296.686
296.422
296.159
295.895
295.632
295.368
295.103
294.838
294.573
294.307
294.04
293.772
293.504
293.234
292.964
292.693
292.42
292.146
291.871
291.595
291.317
291.037
290.756
290.473
290.188
289.902
289.613
289.323
289.03
288.736
315.504
315.112
314.723
314.335
313.949
313.565
313.183
312.803
312.425
312.05
311.678
311.309
310.943
310.581
310.222
309.867
309.516
309.169
308.826
308.487
308.153
307.822
307.495
307.172
306.852
306.536
306.224
305.914
305.607
305.303
305.002
304.703
304.406
304.111
303.818
303.527
303.237
302.949
302.662
302.377
302.093
301.811
301.53
301.25
300.972
300.695
300.419
300.145
299.873
299.602
299.332
299.064
298.796
298.53
298.265
298
297.737
297.473
297.21
296.947
296.685
296.422
296.159
295.896
295.633
295.369
295.105
294.841
294.576
294.31
294.044
293.776
293.508
293.24
292.97
292.699
292.427
292.153
291.879
291.603
291.325
291.046
290.765
290.483
290.199
289.912
289.624
289.334
289.041
288.747
315.49
315.099
314.709
314.321
313.934
313.55
313.167
312.785
312.406
312.03
311.656
311.285
310.918
310.555
310.195
309.84
309.488
309.141
308.798
308.459
308.125
307.794
307.468
307.146
306.827
306.513
306.201
305.893
305.587
305.284
304.984
304.686
304.39
304.096
303.804
303.513
303.224
302.936
302.65
302.366
302.082
301.8
301.519
301.239
300.961
300.684
300.409
300.135
299.863
299.592
299.323
299.055
298.788
298.523
298.259
297.995
297.732
297.47
297.208
296.946
296.684
296.421
296.159
295.897
295.634
295.371
295.108
294.844
294.579
294.314
294.048
293.782
293.514
293.246
292.977
292.706
292.435
292.162
291.888
291.613
291.336
291.057
290.777
290.495
290.211
289.926
289.638
289.348
289.056
288.761
315.474
315.082
314.693
314.304
313.917
313.531
313.147
312.764
312.383
312.005
311.629
311.257
310.888
310.524
310.163
309.807
309.455
309.107
308.764
308.425
308.091
307.761
307.436
307.115
306.797
306.484
306.174
305.867
305.563
305.262
304.963
304.666
304.372
304.079
303.787
303.497
303.209
302.922
302.636
302.352
302.069
301.787
301.506
301.226
300.948
300.671
300.396
300.122
299.85
299.58
299.311
299.044
298.779
298.514
298.251
297.989
297.727
297.466
297.205
296.944
296.682
296.421
296.16
295.898
295.636
295.374
295.111
294.848
294.584
294.32
294.054
293.788
293.521
293.254
292.985
292.716
292.445
292.173
291.9
291.625
291.349
291.071
290.791
290.51
290.227
289.942
289.655
289.365
289.073
288.779
315.455
315.064
314.674
314.285
313.898
313.511
313.125
312.74
312.357
311.976
311.598
311.223
310.852
310.486
310.124
309.767
309.415
309.067
308.723
308.385
308.051
307.722
307.397
307.078
306.762
306.45
306.142
305.837
305.535
305.235
304.939
304.644
304.351
304.059
303.769
303.48
303.192
302.905
302.62
302.337
302.054
301.772
301.491
301.211
300.933
300.655
300.38
300.106
299.834
299.565
299.297
299.032
298.767
298.504
298.242
297.981
297.721
297.461
297.201
296.941
296.681
296.421
296.16
295.899
295.638
295.377
295.115
294.852
294.589
294.326
294.061
293.796
293.529
293.263
292.995
292.726
292.457
292.186
291.913
291.639
291.364
291.086
290.808
290.527
290.245
289.961
289.675
289.386
289.095
288.8
315.433
315.042
314.653
314.265
313.878
313.49
313.102
312.714
312.328
311.943
311.561
311.183
310.81
310.442
310.079
309.721
309.368
309.02
308.676
308.337
308.003
307.675
307.352
307.034
306.721
306.411
306.105
305.802
305.503
305.206
304.911
304.618
304.327
304.037
303.748
303.46
303.172
302.887
302.602
302.319
302.037
301.756
301.475
301.195
300.915
300.637
300.361
300.087
299.816
299.547
299.281
299.016
298.754
298.492
298.232
297.973
297.714
297.456
297.198
296.94
296.681
296.421
296.161
295.901
295.64
295.38
295.119
294.858
294.596
294.333
294.069
293.804
293.539
293.272
293.006
292.738
292.47
292.2
291.929
291.655
291.381
291.104
290.826
290.547
290.267
289.984
289.699
289.411
289.12
288.826
315.408
315.018
314.631
314.244
313.857
313.469
313.079
312.687
312.295
311.905
311.518
311.136
310.76
310.391
310.027
309.669
309.315
308.966
308.621
308.281
307.948
307.621
307.3
306.985
306.674
306.367
306.064
305.763
305.466
305.172
304.881
304.591
304.302
304.014
303.725
303.438
303.151
302.866
302.583
302.301
302.02
301.739
301.458
301.177
300.896
300.616
300.339
300.064
299.793
299.526
299.261
298.999
298.738
298.479
298.22
297.963
297.706
297.451
297.195
296.939
296.681
296.422
296.162
295.902
295.642
295.383
295.124
294.864
294.604
294.342
294.078
293.814
293.548
293.283
293.017
292.752
292.485
292.217
291.947
291.674
291.4
291.124
290.847
290.569
290.29
290.01
289.727
289.44
289.15
288.856
315.378
314.992
314.607
314.224
313.839
313.45
313.057
312.66
312.261
311.862
311.468
311.08
310.701
310.33
309.967
309.609
309.255
308.905
308.558
308.217
307.883
307.557
307.239
306.928
306.622
306.318
306.018
305.72
305.425
305.135
304.848
304.562
304.276
303.99
303.702
303.414
303.127
302.842
302.56
302.281
302.002
301.722
301.441
301.158
300.875
300.592
300.312
300.037
299.766
299.5
299.238
298.979
298.721
298.463
298.207
297.951
297.698
297.445
297.193
296.939
296.683
296.424
296.164
295.904
295.644
295.386
295.129
294.872
294.613
294.352
294.089
293.824
293.558
293.293
293.029
292.766
292.503
292.237
291.968
291.696
291.421
291.145
290.869
290.593
290.317
290.039
289.759
289.475
289.186
288.892
315.343
314.961
314.582
314.206
313.826
313.438
313.041
312.636
312.226
311.814
311.409
311.013
310.63
310.259
309.899
309.545
309.191
308.838
308.487
308.143
307.807
307.483
307.169
306.864
306.564
306.266
305.967
305.671
305.379
305.093
304.812
304.533
304.252
303.968
303.68
303.39
303.1
302.815
302.535
302.259
301.985
301.707
301.426
301.141
300.852
300.564
300.28
300.001
299.731
299.468
299.212
298.958
298.703
298.447
298.191
297.937
297.687
297.44
297.193
296.942
296.688
296.428
296.166
295.903
295.643
295.387
295.134
294.882
294.626
294.366
294.102
293.835
293.567
293.302
293.04
292.782
292.523
292.261
291.993
291.721
291.444
291.166
290.89
290.616
290.345
290.073
289.797
289.515
289.228
288.935
315.299
314.925
314.554
314.192
313.825
313.438
313.038
312.619
312.192
311.757
311.335
310.926
310.541
310.172
309.823
309.479
309.126
308.769
308.406
308.055
307.715
307.393
307.085
306.793
306.506
306.212
305.915
305.615
305.325
305.043
304.774
304.507
304.232
303.95
303.659
303.365
303.067
302.78
302.501
302.235
301.971
301.698
301.418
301.126
300.83
300.53
300.238
299.954
299.685
299.427
299.181
298.937
298.686
298.43
298.171
297.918
297.671
297.434
297.198
296.952
296.699
296.436
296.17
295.899
295.637
295.382
295.138
294.896
294.645
294.387
294.119
293.847
293.572
293.305
293.046
292.797
292.549
292.292
292.027
291.751
291.47
291.184
290.906
290.635
290.374
290.113
289.842
289.565
289.277
288.987
315.239
314.887
314.514
314.185
313.85
313.459
313.063
312.613
312.169
311.68
311.243
310.807
310.427
310.057
309.74
309.426
309.066
308.707
308.309
307.952
307.595
307.283
306.978
306.716
306.457
306.161
305.868
305.545
305.258
304.974
304.732
304.493
304.22
303.948
303.642
303.344
303.02
302.732
302.45
302.209
301.971
301.699
301.426
301.118
300.815
300.482
300.184
299.886
299.625
299.368
299.147
298.927
298.673
298.421
298.141
297.89
297.642
297.428
297.215
296.971
296.726
296.449
296.178
295.882
295.62
295.362
295.141
294.922
294.673
294.422
294.141
293.865
293.565
293.298
293.036
292.811
292.588
292.333
292.077
291.788
291.503
291.192
290.914
290.639
290.403
290.168
289.898
289.629
289.33
289.051
315.144
314.878
314.411
314.184
313.957
313.488
313.166
312.596
312.213
311.526
311.15
310.605
310.3
309.865
309.652
309.44
309.004
308.701
308.153
307.85
307.41
307.162
306.808
306.635
306.461
306.107
305.863
305.423
305.185
304.847
304.685
304.527
304.209
303.992
303.615
303.362
302.917
302.677
302.34
302.178
302.02
301.702
301.484
301.101
300.844
300.384
300.131
299.764
299.556
299.259
299.112
298.964
298.66
298.45
298.068
297.86
297.563
297.419
297.278
296.992
296.797
296.453
296.223
295.817
295.597
295.288
295.139
294.994
294.701
294.502
294.153
293.92
293.508
293.285
292.972
292.821
292.674
292.377
292.173
291.817
291.576
291.15
290.917
290.588
290.429
290.272
289.953
289.735
289.353
289.14
288.393
288.034
287.673
287.309
286.943
286.574
286.203
285.831
285.457
285.081
284.704
284.327
283.948
283.569
283.19
288.395
288.037
287.675
287.311
286.945
286.576
286.205
285.832
285.458
285.082
284.705
284.327
283.949
283.569
283.19
288.401
288.042
287.68
287.316
286.949
286.58
286.209
285.836
285.461
285.085
284.707
284.329
283.95
283.57
283.19
288.409
288.05
287.688
287.323
286.956
286.586
286.214
285.84
285.465
285.088
284.71
284.331
283.951
283.571
283.19
288.42
288.061
287.698
287.333
286.965
286.594
286.222
285.847
285.471
285.093
284.714
284.334
283.953
283.572
283.191
288.434
288.075
287.711
287.345
286.976
286.605
286.231
285.855
285.478
285.099
284.719
284.338
283.956
283.574
283.191
288.452
288.092
287.728
287.36
286.99
286.617
286.242
285.865
285.486
285.106
284.724
284.342
283.959
283.576
283.192
288.473
288.112
287.747
287.378
287.007
286.632
286.255
285.876
285.496
285.114
284.731
284.347
283.963
283.578
283.193
288.498
288.136
287.77
287.4
287.026
286.649
286.27
285.889
285.507
285.123
284.738
284.353
283.967
283.58
283.193
288.529
288.165
287.797
287.424
287.048
286.668
286.287
285.904
285.519
285.133
284.746
284.359
283.971
283.583
283.194
288.564
288.199
287.828
287.452
287.072
286.69
286.306
285.92
285.532
285.144
284.755
284.366
283.976
283.586
283.195
288.607
288.239
287.864
287.484
287.1
286.714
286.326
285.937
285.547
285.156
284.765
284.373
283.981
283.589
283.196
288.659
288.287
287.906
287.519
287.13
286.739
286.347
285.955
285.562
285.168
284.774
284.38
283.986
283.592
283.197
288.724
288.344
287.952
287.557
287.161
286.765
286.369
285.973
285.577
285.181
284.784
284.388
283.992
283.595
283.198
288.815
288.411
288.002
287.596
287.193
286.791
286.391
285.991
285.592
285.193
284.795
284.396
283.997
283.598
283.199
322.745
322.233
321.722
321.211
320.699
320.186
319.672
319.158
318.641
318.123
317.602
317.075
316.541
315.99
315.394
322.744
322.231
321.719
321.206
320.692
320.178
319.662
319.146
318.627
318.105
317.58
317.049
316.509
315.951
315.357
322.743
322.23
321.716
321.201
320.686
320.171
319.654
319.135
318.614
318.091
317.563
317.03
316.489
315.938
315.377
322.743
322.228
321.713
321.197
320.681
320.164
319.646
319.126
318.603
318.078
317.55
317.016
316.477
315.931
315.381
322.742
322.226
321.71
321.194
320.677
320.158
319.639
319.118
318.594
318.068
317.539
317.006
316.469
315.928
315.385
322.742
322.225
321.708
321.191
320.673
320.154
319.633
319.111
318.587
318.061
317.532
316.999
316.464
315.926
315.386
322.741
322.224
321.707
321.189
320.67
320.15
319.629
319.106
318.582
318.055
317.526
316.995
316.46
315.924
315.386
322.741
322.223
321.705
321.187
320.667
320.147
319.626
319.103
318.578
318.051
317.523
316.992
316.459
315.923
315.386
322.741
322.223
321.704
321.185
320.665
320.145
319.623
319.1
318.575
318.049
317.521
316.99
316.458
315.924
315.387
322.741
322.222
321.703
321.184
320.664
320.143
319.622
319.099
318.574
318.048
317.52
316.99
316.459
315.926
315.391
322.741
322.222
321.703
321.184
320.664
320.143
319.621
319.098
318.574
318.048
317.521
316.992
316.461
315.929
315.394
322.741
322.222
321.703
321.184
320.664
320.143
319.621
319.098
318.574
318.049
317.522
316.994
316.464
315.933
315.401
322.741
322.222
321.703
321.184
320.664
320.144
319.622
319.1
318.576
318.051
317.525
316.998
316.469
315.938
315.406
322.741
322.222
321.704
321.185
320.665
320.145
319.624
319.102
318.579
318.054
317.529
317.002
316.474
315.944
315.415
322.741
322.223
321.704
321.186
320.666
320.147
319.626
319.104
318.582
318.058
317.534
317.007
316.48
315.951
315.42
322.741
322.223
321.705
321.187
320.668
320.149
319.629
319.108
318.586
318.063
317.539
317.014
316.487
315.958
315.425
322.741
322.224
321.707
321.189
320.671
320.152
319.632
319.112
318.591
318.069
317.546
317.021
316.495
315.968
315.439
322.742
322.225
321.708
321.191
320.673
320.155
319.636
319.117
318.596
318.075
317.553
317.03
316.505
315.979
315.449
322.742
322.226
321.71
321.193
320.676
320.159
319.641
319.122
318.603
318.082
317.561
317.039
316.516
315.992
315.47
322.742
322.227
321.711
321.196
320.679
320.163
319.646
319.128
318.609
318.09
317.57
317.049
316.527
316.005
315.481
322.743
322.228
321.713
321.198
320.683
320.167
319.651
319.134
318.617
318.098
317.579
317.059
316.539
316.018
315.499
322.743
322.229
321.716
321.201
320.687
320.172
319.657
319.141
318.624
318.107
317.589
317.07
316.55
316.029
315.508
322.744
322.231
321.718
321.205
320.691
320.177
319.663
319.148
318.633
318.116
317.599
317.081
316.562
316.041
315.517
322.744
322.232
321.72
321.208
320.696
320.183
319.67
319.156
318.641
318.126
317.611
317.094
316.576
316.056
315.536
322.745
322.234
321.723
321.212
320.7
320.189
319.676
319.164
318.651
318.137
317.622
317.107
316.59
316.072
315.549
322.745
322.235
321.726
321.216
320.705
320.195
319.684
319.172
318.66
318.148
317.635
317.121
316.606
316.09
315.574
322.746
322.237
321.728
321.22
320.71
320.201
319.691
319.181
318.67
318.159
317.648
317.135
316.622
316.108
315.591
322.746
322.239
321.731
321.224
320.716
320.208
319.699
319.19
318.681
318.171
317.661
317.15
316.639
316.129
315.622
322.747
322.241
321.734
321.228
320.721
320.214
319.707
319.2
318.692
318.183
317.675
317.165
316.656
316.147
315.638
322.748
322.243
321.738
321.232
320.727
320.222
319.716
319.209
318.703
318.196
317.688
317.181
316.673
316.166
315.663
322.748
322.245
321.741
321.237
320.733
320.229
319.724
319.219
318.714
318.208
317.702
317.196
316.689
316.182
315.675
322.749
322.247
321.744
321.242
320.739
320.236
319.733
319.23
318.726
318.221
317.717
317.211
316.705
316.198
315.686
322.75
322.249
321.748
321.247
320.745
320.244
319.742
319.24
318.738
318.235
317.732
317.228
316.723
316.217
315.71
322.75
322.251
321.751
321.252
320.752
320.252
319.751
319.251
318.75
318.249
317.747
317.244
316.741
316.236
315.727
322.751
322.253
321.755
321.257
320.758
320.26
319.761
319.262
318.762
318.263
317.762
317.262
316.76
316.258
315.756
322.752
322.255
321.759
321.262
320.765
320.268
319.77
319.273
318.775
318.277
317.778
317.279
316.78
316.28
315.776
322.752
322.257
321.762
321.267
320.772
320.276
319.78
319.284
318.788
318.291
317.795
317.298
316.801
316.304
315.812
322.753
322.26
321.766
321.272
320.779
320.285
319.79
319.296
318.801
318.306
317.811
317.316
316.821
316.326
315.831
322.754
322.262
321.77
321.278
320.786
320.293
319.801
319.308
318.815
318.321
317.827
317.334
316.84
316.348
315.86
322.755
322.264
321.774
321.283
320.793
320.302
319.811
319.32
318.828
318.336
317.844
317.352
316.859
316.366
315.873
322.756
322.267
321.778
321.289
320.8
320.311
319.821
319.332
318.842
318.352
317.861
317.37
316.878
316.384
315.886
322.756
322.269
321.782
321.295
320.808
320.32
319.832
319.344
318.856
318.367
317.878
317.388
316.898
316.406
315.914
322.757
322.272
321.786
321.301
320.815
320.329
319.843
319.357
318.87
318.383
317.896
317.408
316.919
316.428
315.932
322.758
322.274
321.791
321.307
320.823
320.339
319.854
319.37
318.885
318.399
317.914
317.428
316.941
316.453
315.966
322.759
322.277
321.795
321.313
320.831
320.348
319.865
319.383
318.899
318.416
317.932
317.448
316.963
316.478
315.988
322.76
322.28
321.799
321.319
320.838
320.358
319.877
319.396
318.914
318.433
317.951
317.469
316.987
316.505
316.029
322.761
322.282
321.804
321.325
320.847
320.368
319.889
319.409
318.93
318.45
317.97
317.489
317.009
316.53
316.051
322.762
322.285
321.808
321.332
320.855
320.378
319.9
319.423
318.945
318.467
317.989
317.51
317.032
316.555
316.083
322.763
322.288
321.813
321.338
320.863
320.388
319.912
319.437
318.961
318.484
318.008
317.531
317.053
316.576
316.098
322.764
322.291
321.818
321.345
320.871
320.398
319.924
319.451
318.976
318.502
318.027
317.551
317.075
316.597
316.113
322.765
322.293
321.822
321.351
320.88
320.408
319.937
319.465
318.993
318.52
318.047
317.573
317.098
316.621
316.144
322.765
322.296
321.827
321.358
320.889
320.419
319.949
319.479
319.009
318.538
318.067
317.595
317.122
316.646
316.166
322.766
322.299
321.832
321.365
320.897
320.43
319.962
319.494
319.026
318.557
318.088
317.618
317.147
316.675
316.204
322.767
322.302
321.837
321.372
320.906
320.441
319.975
319.509
319.043
318.576
318.109
317.641
317.173
316.704
316.23
322.768
322.305
321.842
321.379
320.915
320.452
319.988
319.524
319.06
318.595
318.13
317.665
317.2
316.736
316.277
322.769
322.308
321.847
321.386
320.925
320.463
320.001
319.539
319.077
318.615
318.152
317.689
317.227
316.765
316.303
322.77
322.311
321.852
321.393
320.934
320.474
320.015
319.555
319.095
318.634
318.174
317.713
317.252
316.793
316.34
322.772
322.315
321.858
321.4
320.943
320.486
320.028
319.571
319.113
318.654
318.196
317.737
317.277
316.818
316.358
322.773
322.318
321.863
321.408
320.953
320.498
320.042
319.587
319.131
318.675
318.218
317.761
317.302
316.842
316.375
322.774
322.321
321.868
321.415
320.962
320.509
320.056
319.603
319.149
318.695
318.24
317.785
317.329
316.871
316.412
322.775
322.324
321.874
321.423
320.972
320.521
320.07
319.619
319.168
318.716
318.264
317.811
317.356
316.9
316.437
322.776
322.327
321.879
321.431
320.982
320.533
320.085
319.636
319.187
318.737
318.287
317.837
317.386
316.933
316.482
322.777
322.331
321.885
321.438
320.992
320.546
320.099
319.652
319.206
318.759
318.311
317.864
317.416
316.967
316.512
322.778
322.334
321.89
321.446
321.002
320.558
320.114
319.669
319.225
318.78
318.336
317.891
317.447
317.004
316.567
322.779
322.337
321.896
321.454
321.012
320.57
320.128
319.686
319.244
318.802
318.36
317.918
317.477
317.037
316.597
322.78
322.341
321.901
321.462
321.022
320.583
320.143
319.703
319.264
318.824
318.384
317.945
317.506
317.069
316.64
322.781
322.344
321.907
321.469
321.032
320.595
320.158
319.72
319.283
318.846
318.408
317.971
317.534
317.097
316.66
322.782
322.347
321.912
321.477
321.042
320.607
320.172
319.737
319.303
318.868
318.433
317.997
317.561
317.124
316.68
322.784
322.351
321.918
321.485
321.052
320.62
320.187
319.755
319.322
318.89
318.457
318.024
317.59
317.156
316.721
322.785
322.354
321.924
321.493
321.063
320.632
320.202
319.772
319.342
318.912
318.482
318.051
317.62
317.187
316.748
322.786
322.357
321.929
321.501
321.073
320.645
320.217
319.789
319.361
318.934
318.506
318.079
317.652
317.224
316.797
322.787
322.361
321.935
321.509
321.083
320.657
320.231
319.806
319.381
318.956
318.531
318.107
317.683
317.259
316.83
322.788
322.364
321.94
321.516
321.093
320.669
320.246
319.823
319.4
318.977
318.556
318.135
317.715
317.297
316.888
322.789
322.367
321.946
321.524
321.102
320.681
320.26
319.839
319.419
318.999
318.58
318.162
317.745
317.331
316.918
322.79
322.371
321.951
321.531
321.112
320.693
320.274
319.856
319.437
319.02
318.603
318.187
317.774
317.363
316.961
322.791
322.374
321.956
321.539
321.122
320.705
320.288
319.872
319.456
319.04
318.626
318.212
317.8
317.389
316.98
322.792
322.377
321.961
321.546
321.131
320.716
320.302
319.887
319.474
319.06
318.648
318.236
317.825
317.414
316.998
322.793
322.38
321.967
321.553
321.14
320.728
320.315
319.903
319.491
319.08
318.669
318.26
317.85
317.442
317.035
322.794
322.383
321.972
321.561
321.15
320.739
320.328
319.918
319.508
319.099
318.69
318.283
317.875
317.468
317.058
322.795
322.386
321.977
321.568
321.159
320.75
320.341
319.933
319.525
319.118
318.711
318.305
317.9
317.497
317.098
322.796
322.389
321.982
321.575
321.168
320.761
320.354
319.948
319.541
319.136
318.731
318.327
317.924
317.523
317.121
322.797
322.392
321.987
321.582
321.177
320.772
320.367
319.962
319.558
319.153
318.75
318.348
317.947
317.55
317.161
322.798
322.395
321.992
321.589
321.185
320.782
320.379
319.976
319.573
319.171
318.769
318.368
317.968
317.572
317.179
322.799
322.398
321.997
321.596
321.194
320.793
320.392
319.99
319.589
319.188
318.787
318.386
317.987
317.591
317.202
322.8
322.401
322.002
321.603
321.203
320.804
320.404
320.005
319.605
319.205
318.804
318.404
318.004
317.605
317.211
322.801
322.404
322.007
321.61
321.212
320.815
320.417
320.019
319.621
319.222
318.822
318.421
318.019
317.617
317.216
322.802
322.407
322.012
321.617
321.221
320.826
320.43
320.034
319.637
319.239
318.84
318.439
318.035
317.628
317.22
322.803
322.41
322.017
321.624
321.23
320.837
320.443
320.049
319.654
319.258
318.86
318.459
318.052
317.639
317.219
322.804
322.413
322.022
321.631
321.24
320.848
320.457
320.065
319.672
319.278
318.882
318.482
318.075
317.655
317.206
322.805
322.416
322.027
321.638
321.249
320.86
320.471
320.081
319.691
319.3
318.906
318.51
318.107
317.691
317.237
288.945
288.476
288.045
287.629
287.22
286.814
286.41
286.008
285.606
285.205
284.804
284.403
284.002
283.601
283.2
288.974
288.509
288.074
287.654
287.242
286.833
286.427
286.022
285.618
285.215
284.812
284.409
284.007
283.604
283.201
288.953
288.52
288.094
287.675
287.261
286.851
286.443
286.036
285.63
285.225
284.82
284.416
284.011
283.607
283.202
288.949
288.528
288.108
287.691
287.278
286.867
286.457
286.049
285.642
285.235
284.828
284.422
284.015
283.609
283.203
288.948
288.534
288.119
287.705
287.293
286.881
286.471
286.062
285.653
285.244
284.836
284.428
284.02
283.612
283.204
288.947
288.54
288.13
287.719
287.307
286.895
286.484
286.074
285.664
285.253
284.844
284.434
284.024
283.614
283.205
288.951
288.55
288.142
287.732
287.321
286.909
286.497
286.086
285.674
285.263
284.851
284.44
284.028
283.617
283.206
288.965
288.563
288.156
287.746
287.335
286.923
286.51
286.098
285.685
285.272
284.859
284.446
284.033
283.62
283.207
288.979
288.579
288.172
287.762
287.35
286.937
286.523
286.109
285.695
285.281
284.866
284.452
284.037
283.622
283.207
289.009
288.599
288.19
287.778
287.365
286.951
286.537
286.121
285.706
285.29
284.874
284.457
284.041
283.625
283.208
289.027
288.62
288.209
287.796
287.382
286.966
286.55
286.134
285.717
285.299
284.881
284.463
284.045
283.627
283.209
289.059
288.643
288.229
287.814
287.399
286.982
286.564
286.146
285.728
285.308
284.889
284.469
284.05
283.63
283.21
289.078
288.665
288.25
287.834
287.416
286.998
286.579
286.159
285.739
285.318
284.897
284.476
284.054
283.633
283.211
289.109
288.689
288.271
287.853
287.434
287.015
286.594
286.172
285.75
285.328
284.905
284.482
284.059
283.635
283.212
289.125
288.71
288.293
287.874
287.453
287.032
286.609
286.186
285.762
285.338
284.913
284.488
284.063
283.638
283.213
289.142
288.733
288.316
287.895
287.473
287.049
286.625
286.2
285.774
285.348
284.922
284.495
284.068
283.641
283.214
289.18
288.761
288.341
287.918
287.494
287.068
286.641
286.214
285.787
285.358
284.93
284.501
284.073
283.644
283.215
289.207
288.791
288.368
287.942
287.515
287.087
286.658
286.229
285.799
285.369
284.939
284.508
284.077
283.646
283.215
289.259
288.825
288.396
287.967
287.537
287.106
286.675
286.244
285.812
285.38
284.948
284.515
284.082
283.649
283.216
289.288
288.857
288.424
287.992
287.559
287.126
286.693
286.259
285.825
285.391
284.957
284.522
284.087
283.652
283.217
289.333
288.89
288.453
288.017
287.581
287.146
286.71
286.275
285.838
285.402
284.966
284.529
284.092
283.655
283.218
289.358
288.919
288.48
288.042
287.604
287.166
286.728
286.29
285.852
285.413
284.975
284.536
284.097
283.658
283.219
289.396
288.948
288.507
288.066
287.626
287.186
286.746
286.306
285.865
285.425
284.984
284.543
284.102
283.661
283.22
289.414
288.974
288.532
288.09
287.648
287.206
286.764
286.321
285.879
285.436
284.993
284.55
284.108
283.665
283.222
289.433
288.999
288.558
288.115
287.671
287.226
286.782
286.337
285.892
285.448
285.003
284.558
284.113
283.668
283.223
289.474
289.03
288.585
288.14
287.693
287.247
286.8
286.353
285.906
285.459
285.012
284.565
284.118
283.671
283.224
289.501
289.061
288.614
288.165
287.716
287.267
286.818
286.369
285.92
285.471
285.021
284.572
284.123
283.674
283.225
289.554
289.096
288.643
288.191
287.739
287.288
286.836
286.385
285.933
285.482
285.031
284.58
284.128
283.677
283.226
289.582
289.127
288.671
288.216
287.762
287.308
286.854
286.401
285.947
285.494
285.04
284.587
284.133
283.68
283.227
289.625
289.159
288.699
288.241
287.784
287.328
286.872
286.416
285.961
285.505
285.05
284.594
284.139
283.683
283.228
289.649
289.187
288.726
288.266
287.807
287.348
286.89
286.432
285.974
285.517
285.059
284.601
284.144
283.686
283.229
289.684
289.215
288.751
288.289
287.828
287.368
286.907
286.448
285.988
285.528
285.068
284.609
284.149
283.689
283.23
289.701
289.238
288.775
288.312
287.849
287.387
286.925
286.463
286.001
285.539
285.078
284.616
284.154
283.692
283.231
289.718
289.261
288.799
288.335
287.871
287.406
286.942
286.478
286.014
285.551
285.087
284.623
284.159
283.696
283.232
289.754
289.289
288.824
288.358
287.892
287.426
286.959
286.493
286.028
285.562
285.096
284.63
284.164
283.699
283.233
289.778
289.316
288.849
288.381
287.913
287.445
286.977
286.509
286.041
285.573
285.105
284.637
284.169
283.702
283.234
289.823
289.346
288.875
288.404
287.934
287.464
286.994
286.524
286.054
285.584
285.114
284.644
284.175
283.705
283.235
289.847
289.373
288.9
288.427
287.955
287.483
287.011
286.539
286.067
285.595
285.123
284.651
284.18
283.708
283.236
289.882
289.4
288.924
288.45
287.976
287.502
287.028
286.554
286.08
285.606
285.132
284.658
284.185
283.711
283.237
289.898
289.423
288.947
288.472
287.996
287.521
287.045
286.569
286.093
285.617
285.141
284.666
284.19
283.714
283.238
289.915
289.445
288.971
288.494
288.017
287.54
287.062
286.584
286.106
285.628
285.15
284.673
284.195
283.717
283.239
289.948
289.472
288.995
288.517
288.038
287.559
287.079
286.599
286.119
285.639
285.159
284.68
284.2
283.72
283.24
289.971
289.499
289.021
288.54
288.059
287.578
287.096
286.614
286.132
285.65
285.168
284.687
284.205
283.723
283.241
290.012
289.529
289.047
288.564
288.081
287.597
287.113
286.629
286.145
285.661
285.178
284.694
284.21
283.726
283.242
290.04
289.56
289.075
288.589
288.103
287.617
287.131
286.645
286.158
285.672
285.186
284.701
284.215
283.729
283.243
290.089
289.593
289.103
288.613
288.125
287.636
287.148
286.66
286.171
285.683
285.195
284.708
284.22
283.732
283.244
290.116
289.623
289.13
288.638
288.146
287.655
287.165
286.675
286.184
285.694
285.204
284.714
284.225
283.735
283.245
290.155
289.653
289.156
288.661
288.168
287.675
287.182
286.69
286.197
285.705
285.213
284.721
284.229
283.738
283.246
290.178
289.679
289.181
288.684
288.189
287.693
287.199
286.704
286.21
285.716
285.222
284.728
284.234
283.741
283.247
290.21
289.705
289.205
288.706
288.209
287.712
287.215
286.719
286.223
285.727
285.231
284.735
284.239
283.744
283.248
290.226
289.727
289.227
288.728
288.229
287.73
287.232
286.733
286.235
285.737
285.239
284.742
284.244
283.746
283.249
290.242
289.749
289.25
288.75
288.249
287.748
287.248
286.748
286.248
285.748
285.248
284.748
284.249
283.749
283.25
290.276
289.775
289.273
288.771
288.269
287.767
287.264
286.762
286.26
285.758
285.257
284.755
284.254
283.752
283.251
290.299
289.801
289.298
288.793
288.289
287.785
287.28
286.776
286.272
285.769
285.265
284.762
284.258
283.755
283.252
290.343
289.83
289.323
288.815
288.309
287.802
287.296
286.79
286.284
285.779
285.273
284.768
284.263
283.758
283.253
290.367
289.857
289.347
288.837
288.328
287.82
287.312
286.804
286.296
285.789
285.282
284.775
284.267
283.76
283.253
290.403
289.884
289.371
288.859
288.348
287.837
287.327
286.818
286.308
285.799
285.29
284.781
284.272
283.763
283.254
290.423
289.908
289.393
288.88
288.367
287.855
287.343
286.831
286.32
285.809
285.298
284.787
284.277
283.766
283.255
290.453
289.931
289.415
288.9
288.385
287.872
287.358
286.845
286.332
285.819
285.306
284.794
284.281
283.769
283.256
290.467
289.951
289.435
288.919
288.404
287.888
287.373
286.858
286.343
285.829
285.314
284.8
284.285
283.771
283.257
290.482
289.971
289.456
288.939
288.422
287.905
287.388
286.871
286.355
285.838
285.322
284.806
284.29
283.774
283.258
290.513
289.995
289.477
288.959
288.44
287.921
287.403
286.884
286.366
285.848
285.33
284.812
284.294
283.776
283.259
290.534
290.019
289.499
288.978
288.458
287.937
287.417
286.897
286.377
285.857
285.337
284.818
284.298
283.779
283.26
290.574
290.045
289.521
288.998
288.476
287.954
287.432
286.91
286.388
285.867
285.345
284.824
284.303
283.782
283.261
290.595
290.069
289.543
289.018
288.494
287.97
287.446
286.922
286.399
285.876
285.353
284.83
284.307
283.784
283.261
290.625
290.092
289.564
289.037
288.511
287.986
287.46
286.935
286.41
285.885
285.36
284.836
284.311
283.787
283.262
290.64
290.112
289.584
289.056
288.529
288.001
287.474
286.947
286.421
285.894
285.368
284.841
284.315
283.789
283.263
290.654
290.131
289.603
289.075
288.546
288.017
287.488
286.96
286.431
285.903
285.375
284.847
284.319
283.791
283.264
290.683
290.153
289.624
289.094
288.563
288.033
287.502
286.972
286.442
285.912
285.382
284.852
284.323
283.794
283.265
290.703
290.176
289.645
289.113
288.581
288.048
287.516
286.984
286.452
285.92
285.389
284.858
284.327
283.796
283.265
290.737
290.202
289.667
289.133
288.598
288.064
287.529
286.996
286.462
285.929
285.396
284.863
284.331
283.798
283.266
290.76
290.226
289.689
289.152
288.615
288.079
287.543
287.007
286.472
285.937
285.403
284.868
284.334
283.801
283.267
290.8
290.253
289.711
289.171
288.632
288.094
287.556
287.019
286.482
285.945
285.409
284.873
284.338
283.803
283.268
290.822
290.276
289.732
289.19
288.649
288.108
287.569
287.03
286.491
285.953
285.416
284.878
284.341
283.805
283.268
290.851
290.299
289.752
289.208
288.665
288.123
287.581
287.04
286.5
285.961
285.422
284.883
284.345
283.807
283.269
290.865
290.317
289.771
289.225
288.68
288.136
287.593
287.051
286.509
285.968
285.427
284.887
284.348
283.809
283.27
290.878
290.335
289.788
289.241
288.695
288.149
287.604
287.06
286.517
285.975
285.433
284.892
284.351
283.81
283.27
290.905
290.355
289.806
289.258
288.709
288.162
287.615
287.069
286.525
285.981
285.438
284.895
284.353
283.812
283.271
290.922
290.375
289.824
289.273
288.723
288.174
287.625
287.078
286.532
285.987
285.442
284.899
284.356
283.813
283.271
290.952
290.397
289.843
289.289
288.736
288.185
287.635
287.086
286.538
285.992
285.446
284.902
284.358
283.815
283.272
290.972
290.418
289.86
289.304
288.749
288.195
287.643
287.093
286.544
285.996
285.45
284.904
284.36
283.816
283.272
291.007
290.44
289.878
289.318
288.76
288.204
287.65
287.098
286.548
286
285.453
284.907
284.361
283.817
283.272
291.026
290.459
289.894
289.33
288.77
288.212
287.656
287.103
286.552
286.003
285.455
284.908
284.362
283.817
283.272
291.054
290.478
289.908
289.341
288.778
288.218
287.661
287.106
286.554
286.004
285.456
284.909
284.363
283.817
283.272
291.067
290.493
289.92
289.35
288.784
288.222
287.663
287.108
286.555
286.005
285.456
284.909
284.363
283.818
283.272
291.081
290.507
289.929
289.355
288.787
288.223
287.663
287.108
286.555
286.004
285.456
284.909
284.363
283.817
283.272
291.117
290.523
289.936
289.357
288.786
288.221
287.661
287.105
286.553
286.003
285.454
284.907
284.362
283.817
283.272
291.142
290.535
289.938
289.354
288.781
288.216
287.656
287.101
286.549
285.999
285.452
284.906
284.36
283.816
283.272
291.201
290.54
289.93
289.343
288.771
288.207
287.648
287.094
286.543
285.995
285.448
284.903
284.359
283.815
283.272
291.173
290.51
289.905
289.323
288.755
288.193
287.638
287.085
286.536
285.989
285.444
284.899
284.356
283.813
283.271
322.807
322.42
322.033
321.646
321.259
320.873
320.486
320.099
319.712
319.325
318.936
318.546
318.153
317.758
317.367
322.808
322.423
322.039
321.655
321.271
320.887
320.503
320.12
319.736
319.353
318.97
318.588
318.206
317.828
317.461
322.809
322.427
322.045
321.663
321.282
320.901
320.52
320.14
319.76
319.382
319.004
318.628
318.255
317.888
317.53
322.81
322.43
322.051
321.671
321.292
320.914
320.536
320.159
319.783
319.409
319.036
318.666
318.299
317.938
317.585
322.811
322.434
322.056
321.679
321.303
320.927
320.552
320.178
319.805
319.434
319.066
318.7
318.338
317.981
317.631
322.812
322.437
322.062
321.687
321.312
320.939
320.566
320.195
319.826
319.458
319.092
318.73
318.372
318.018
317.669
322.813
322.44
322.066
321.693
321.321
320.95
320.58
320.211
319.844
319.479
319.116
318.757
318.401
318.049
317.702
322.814
322.442
322.071
321.7
321.329
320.96
320.592
320.225
319.86
319.497
319.137
318.78
318.426
318.075
317.729
322.815
322.445
322.075
321.705
321.336
320.969
320.602
320.237
319.874
319.513
319.155
318.799
318.447
318.098
317.753
322.815
322.447
322.078
321.71
321.343
320.976
320.611
320.248
319.886
319.527
319.17
318.816
318.464
318.116
317.772
322.816
322.448
322.081
321.714
321.348
320.983
320.619
320.257
319.896
319.538
319.182
318.829
318.479
318.131
317.787
322.817
322.45
322.083
321.717
321.352
320.988
320.625
320.264
319.904
319.547
319.192
318.84
318.49
318.143
317.8
322.817
322.451
322.085
321.72
321.355
320.992
320.63
320.269
319.91
319.554
319.199
318.847
318.498
318.152
317.809
322.817
322.451
322.086
321.721
321.357
320.994
320.633
320.273
319.914
319.558
319.204
318.853
318.504
318.158
317.815
322.817
322.452
322.087
321.722
321.358
320.996
320.634
320.274
319.916
319.56
319.207
318.855
318.506
318.161
317.818
317.053
316.848
316.481
316.273
315.968
315.818
315.667
315.355
315.135
314.733
314.508
314.176
313.987
313.714
313.579
313.443
313.164
312.969
312.614
312.418
312.138
312.002
311.869
311.601
311.417
311.094
310.876
310.485
310.272
309.97
309.824
309.683
309.397
309.201
308.859
308.627
308.214
307.988
307.667
307.513
307.361
307.055
306.844
306.472
306.217
305.756
305.5
305.121
304.906
304.596
304.443
304.287
303.968
303.744
303.335
303.109
302.784
302.626
302.469
302.152
301.932
301.545
301.28
300.804
300.543
300.169
299.987
299.807
299.442
299.189
298.741
298.434
297.882
297.578
297.143
296.932
296.722
296.296
296
295.475
295.118
294.475
294.124
293.621
293.38
293.144
292.662
292.338
291.772
291.462
317.146
316.878
316.591
316.334
316.076
315.853
315.628
315.368
315.106
314.813
314.547
314.277
314.04
313.805
313.602
313.398
313.164
312.929
312.668
312.433
312.199
311.997
311.796
311.566
311.334
311.071
310.813
310.529
310.275
310.024
309.809
309.595
309.351
309.104
308.827
308.553
308.252
307.983
307.717
307.488
307.26
306.997
306.732
306.43
306.13
305.797
305.495
305.19
304.921
304.655
304.424
304.193
303.925
303.655
303.354
303.082
302.81
302.574
302.337
302.064
301.786
301.47
301.156
300.809
300.497
300.185
299.915
299.644
299.331
299.012
298.648
298.287
297.886
297.526
297.166
296.854
296.541
296.178
295.809
295.388
294.971
294.509
294.097
293.687
293.336
292.988
292.589
292.193
291.757
291.355
317.214
316.936
316.66
316.395
316.136
315.888
315.641
315.384
315.122
314.854
314.591
314.334
314.088
313.851
313.624
313.398
313.164
312.927
312.684
312.447
312.214
311.991
311.767
311.534
311.294
311.043
310.788
310.528
310.275
310.027
309.79
309.553
309.307
309.053
308.788
308.518
308.243
307.975
307.713
307.461
307.208
306.944
306.672
306.385
306.092
305.791
305.497
305.208
304.931
304.664
304.407
304.15
303.884
303.611
303.331
303.057
302.786
302.523
302.259
301.982
301.694
301.391
301.081
300.763
300.45
300.142
299.844
299.543
299.227
298.899
298.553
298.197
297.832
297.473
297.12
296.778
296.432
296.07
295.693
295.296
294.889
294.473
294.066
293.668
293.286
292.905
292.51
292.107
291.692
291.277
317.269
316.989
316.714
316.445
316.182
315.924
315.667
315.408
315.148
314.886
314.627
314.373
314.125
313.882
313.645
313.409
313.171
312.932
312.692
312.454
312.218
311.984
311.75
311.512
311.269
311.022
310.77
310.517
310.266
310.017
309.771
309.524
309.274
309.018
308.757
308.492
308.225
307.959
307.695
307.434
307.172
306.905
306.631
306.351
306.065
305.777
305.49
305.207
304.93
304.657
304.39
304.122
303.852
303.578
303.301
303.025
302.75
302.476
302.199
301.915
301.624
301.324
301.018
300.708
300.397
300.086
299.777
299.463
299.142
298.811
298.47
298.122
297.768
297.413
297.059
296.706
296.348
295.982
295.605
295.218
294.822
294.421
294.022
293.627
293.235
292.842
292.444
292.039
291.627
291.211
317.316
317.035
316.759
316.488
316.221
315.957
315.696
315.435
315.174
314.915
314.657
314.403
314.153
313.907
313.663
313.422
313.181
312.939
312.698
312.457
312.218
311.979
311.739
311.497
311.253
311.005
310.755
310.504
310.253
310.003
309.753
309.501
309.248
308.991
308.731
308.468
308.204
307.939
307.675
307.41
307.144
306.874
306.601
306.323
306.043
305.76
305.478
305.198
304.92
304.645
304.372
304.099
303.825
303.549
303.271
302.992
302.713
302.432
302.148
301.86
301.566
301.267
300.962
300.653
300.342
300.03
299.714
299.395
299.07
298.739
298.4
298.055
297.705
297.352
296.997
296.639
296.277
295.909
295.534
295.151
294.762
294.369
293.974
293.579
293.184
292.788
292.387
291.981
291.57
291.154
317.355
317.074
316.797
316.524
316.254
315.988
315.724
315.461
315.2
314.941
314.683
314.428
314.176
313.927
313.68
313.435
313.19
312.946
312.703
312.46
312.217
311.974
311.731
311.486
311.24
310.992
310.742
310.492
310.24
309.988
309.736
309.482
309.227
308.969
308.709
308.448
308.184
307.92
307.654
307.388
307.12
306.85
306.577
306.301
306.023
305.744
305.464
305.185
304.907
304.63
304.354
304.078
303.801
303.522
303.242
302.96
302.677
302.392
302.104
301.813
301.517
301.216
300.911
300.603
300.291
299.976
299.658
299.336
299.009
298.676
298.338
297.994
297.646
297.294
296.939
296.579
296.216
295.847
295.472
295.092
294.707
294.318
293.926
293.533
293.137
292.739
292.337
291.931
291.52
291.105
317.388
317.107
316.829
316.555
316.284
316.016
315.75
315.486
315.223
314.963
314.705
314.449
314.195
313.944
313.694
313.446
313.199
312.953
312.707
312.461
312.216
311.971
311.725
311.478
311.231
310.981
310.731
310.48
310.228
309.975
309.721
309.466
309.209
308.951
308.691
308.429
308.166
307.901
307.635
307.368
307.1
306.829
306.556
306.282
306.005
305.728
305.45
305.171
304.893
304.615
304.337
304.058
303.778
303.497
303.215
302.931
302.645
302.357
302.066
301.772
301.474
301.172
300.866
300.557
300.244
299.928
299.608
299.284
298.955
298.622
298.283
297.94
297.593
297.241
296.886
296.526
296.162
295.793
295.42
295.041
294.658
294.272
293.882
293.489
293.093
292.695
292.293
291.887
291.477
291.063
317.416
317.135
316.857
316.582
316.309
316.04
315.773
315.507
315.244
314.983
314.724
314.467
314.212
313.958
313.707
313.456
313.207
312.958
312.711
312.463
312.216
311.968
311.72
311.472
311.223
310.973
310.722
310.469
310.216
309.963
309.708
309.452
309.194
308.935
308.675
308.413
308.149
307.885
307.619
307.351
307.082
306.811
306.539
306.265
305.989
305.713
305.435
305.157
304.878
304.599
304.32
304.04
303.758
303.475
303.191
302.905
302.617
302.326
302.033
301.736
301.437
301.133
300.827
300.516
300.202
299.885
299.564
299.238
298.909
298.575
298.236
297.893
297.546
297.194
296.839
296.479
296.115
295.746
295.374
294.996
294.615
294.23
293.841
293.449
293.054
292.656
292.254
291.849
291.44
291.027
317.44
317.159
316.88
316.604
316.331
316.061
315.792
315.526
315.262
315
314.74
314.482
314.225
313.97
313.717
313.465
313.214
312.964
312.714
312.465
312.215
311.966
311.717
311.467
311.217
310.965
310.713
310.461
310.207
309.952
309.696
309.439
309.181
308.922
308.661
308.399
308.135
307.87
307.604
307.336
307.067
306.796
306.524
306.25
305.975
305.699
305.422
305.144
304.865
304.585
304.304
304.023
303.74
303.455
303.169
302.882
302.591
302.299
302.004
301.706
301.405
301.1
300.792
300.481
300.166
299.847
299.525
299.199
298.868
298.534
298.195
297.852
297.505
297.153
296.798
296.438
296.074
295.706
295.334
294.958
294.577
294.193
293.805
293.414
293.02
292.622
292.221
291.816
291.408
290.996
317.46
317.178
316.899
316.623
316.35
316.078
315.809
315.542
315.278
315.015
314.754
314.494
314.237
313.98
313.726
313.472
313.22
312.968
312.717
312.466
312.215
311.965
311.714
311.463
311.212
310.96
310.707
310.453
310.199
309.943
309.687
309.429
309.171
308.911
308.65
308.387
308.123
307.858
307.592
307.324
307.054
306.784
306.512
306.238
305.963
305.687
305.41
305.132
304.852
304.572
304.291
304.008
303.724
303.438
303.151
302.861
302.57
302.276
301.979
301.68
301.378
301.072
300.763
300.451
300.135
299.816
299.492
299.165
298.834
298.499
298.16
297.817
297.47
297.119
296.763
296.404
296.04
295.672
295.3
294.925
294.545
294.162
293.775
293.384
292.99
292.593
292.192
291.788
291.381
290.97
317.475
317.194
316.915
316.639
316.365
316.093
315.823
315.556
315.29
315.026
314.765
314.504
314.246
313.989
313.733
313.478
313.224
312.972
312.719
312.467
312.216
311.964
311.712
311.46
311.208
310.955
310.701
310.447
310.192
309.936
309.679
309.421
309.162
308.902
308.64
308.377
308.113
307.848
307.581
307.313
307.044
306.773
306.501
306.228
305.953
305.677
305.4
305.121
304.842
304.561
304.279
303.995
303.71
303.424
303.135
302.845
302.552
302.257
301.959
301.659
301.355
301.049
300.739
300.426
300.109
299.789
299.465
299.138
298.806
298.471
298.132
297.788
297.441
297.09
296.734
296.375
296.011
295.644
295.272
294.897
294.518
294.135
293.749
293.359
292.965
292.569
292.168
291.765
291.358
290.948
317.488
317.206
316.928
316.651
316.377
316.104
315.834
315.566
315.3
315.036
314.773
314.513
314.253
313.995
313.739
313.483
313.228
312.974
312.721
312.468
312.216
311.963
311.711
311.458
311.205
310.951
310.697
310.442
310.187
309.93
309.673
309.414
309.155
308.894
308.633
308.37
308.106
307.84
307.573
307.305
307.036
306.765
306.493
306.22
305.945
305.669
305.391
305.113
304.833
304.552
304.269
303.985
303.699
303.412
303.123
302.831
302.538
302.242
301.943
301.642
301.337
301.03
300.72
300.406
300.089
299.768
299.444
299.116
298.784
298.449
298.109
297.766
297.418
297.067
296.711
296.352
295.989
295.621
295.25
294.875
294.497
294.114
293.728
293.339
292.946
292.549
292.15
291.747
291.341
290.931
317.497
317.216
316.937
316.66
316.385
316.113
315.842
315.574
315.308
315.043
314.78
314.518
314.259
314
313.743
313.487
313.231
312.977
312.723
312.469
312.216
311.963
311.71
311.456
311.203
310.948
310.694
310.439
310.183
309.926
309.668
309.41
309.15
308.889
308.627
308.364
308.1
307.834
307.567
307.299
307.03
306.759
306.487
306.213
305.939
305.662
305.385
305.106
304.826
304.545
304.262
303.977
303.691
303.403
303.113
302.821
302.527
302.23
301.931
301.629
301.324
301.016
300.705
300.391
300.074
299.752
299.428
299.1
298.768
298.432
298.092
297.748
297.401
297.05
296.694
296.335
295.972
295.605
295.234
294.859
294.481
294.099
293.713
293.324
292.931
292.535
292.136
291.733
291.328
290.919
317.503
317.222
316.943
316.666
316.391
316.118
315.848
315.579
315.312
315.047
314.784
314.522
314.262
314.003
313.746
313.489
313.233
312.978
312.724
312.47
312.216
311.962
311.709
311.455
311.201
310.947
310.692
310.436
310.18
309.923
309.665
309.406
309.147
308.886
308.624
308.36
308.096
307.83
307.563
307.295
307.026
306.755
306.483
306.209
305.934
305.658
305.381
305.102
304.822
304.54
304.257
303.972
303.685
303.397
303.107
302.814
302.52
302.222
301.923
301.62
301.315
301.007
300.696
300.381
300.063
299.742
299.417
299.089
298.756
298.421
298.081
297.737
297.39
297.038
296.683
296.324
295.961
295.594
295.223
294.848
294.47
294.088
293.703
293.314
292.921
292.526
292.126
291.724
291.319
290.91
317.506
317.225
316.946
316.669
316.394
316.121
315.851
315.582
315.315
315.05
314.786
314.524
314.264
314.005
313.747
313.49
313.234
312.979
312.724
312.47
312.216
311.962
311.709
311.455
311.2
310.946
310.691
310.435
310.179
309.922
309.664
309.405
309.145
308.884
308.622
308.358
308.094
307.828
307.561
307.293
307.024
306.753
306.481
306.207
305.932
305.656
305.379
305.1
304.819
304.538
304.254
303.969
303.683
303.394
303.104
302.811
302.516
302.219
301.919
301.616
301.311
301.002
300.691
300.376
300.058
299.737
299.412
299.083
298.751
298.415
298.075
297.731
297.384
297.032
296.677
296.318
295.955
295.588
295.217
294.843
294.465
294.083
293.698
293.309
292.916
292.521
292.122
291.72
291.314
290.906
291.004
290.433
289.859
289.292
288.731
288.175
287.623
287.074
286.527
285.982
285.438
284.895
284.353
283.812
283.271
290.891
290.353
289.803
289.251
288.7
288.151
287.604
287.058
286.515
285.972
285.43
284.89
284.349
283.809
283.27
290.81
290.285
289.749
289.209
288.667
288.125
287.583
287.042
286.501
285.961
285.422
284.883
284.345
283.807
283.269
290.745
290.227
289.701
289.169
288.634
288.098
287.561
287.024
286.487
285.95
285.414
284.877
284.341
283.804
283.268
290.691
290.177
289.657
289.132
288.603
288.072
287.54
287.007
286.473
285.939
285.405
284.87
284.336
283.802
283.267
290.644
290.134
289.618
289.098
288.574
288.048
287.52
286.99
286.459
285.928
285.396
284.864
284.331
283.799
283.266
290.604
290.097
289.585
289.068
288.548
288.026
287.501
286.974
286.446
285.917
285.388
284.858
284.327
283.796
283.265
290.569
290.064
289.555
289.042
288.525
288.005
287.483
286.959
286.434
285.907
285.38
284.852
284.323
283.794
283.265
290.539
290.037
289.53
289.019
288.505
287.988
287.468
286.946
286.423
285.898
285.373
284.846
284.319
283.792
283.264
290.515
290.014
289.508
289
288.487
287.972
287.455
286.935
286.414
285.891
285.367
284.842
284.316
283.79
283.263
290.494
289.994
289.491
288.983
288.473
287.959
287.444
286.925
286.405
285.884
285.361
284.837
284.313
283.788
283.263
290.478
289.979
289.477
288.971
288.461
287.949
287.435
286.918
286.399
285.878
285.357
284.834
284.311
283.787
283.262
290.466
289.968
289.466
288.961
288.453
287.942
287.428
286.912
286.394
285.874
285.354
284.832
284.309
283.786
283.262
290.458
289.961
289.459
288.955
288.447
287.936
287.423
286.908
286.391
285.872
285.351
284.83
284.308
283.785
283.262
290.454
289.957
289.456
288.952
288.444
287.934
287.421
286.906
286.389
285.87
285.35
284.829
284.307
283.784
283.262
)
;

boundaryField
{
    hot
    {
        type            fixedValue;
        value           uniform 323;
    }
    cold
    {
        type            fixedValue;
        value           uniform 283;
    }
    interface_left
    {
        type            fixedValue;
        value           nonuniform List<scalar> 
90
(
315.019
315.019
315.106
315.106
315.116
315.116
315.116
315.117
315.117
315.124
315.124
315.136
315.136
315.153
315.153
315.153
315.177
315.177
315.215
315.215
315.247
315.247
315.247
315.28
315.28
315.322
315.322
315.378
315.378
315.421
315.421
315.421
315.463
315.463
315.512
315.512
315.578
315.578
315.627
315.627
315.627
315.674
315.674
315.73
315.73
315.804
315.804
315.86
315.86
315.86
315.913
315.913
315.978
315.978
316.064
316.064
316.129
316.129
316.129
316.192
316.192
316.267
316.267
316.368
316.368
316.443
316.443
316.443
316.514
316.514
316.597
316.597
316.703
316.703
316.778
316.778
316.778
316.843
316.843
316.91
316.91
316.982
316.982
317.017
317.017
317.017
317.02
317.02
316.949
316.949
)
;
    }
    interface_right
    {
        type            fixedValue;
        value           nonuniform List<scalar> 
90
(
289.242
289.242
289.156
289.156
289.156
289.145
289.145
289.166
289.166
289.221
289.221
289.275
289.275
289.33
289.33
289.33
289.396
289.396
289.491
289.491
289.568
289.568
289.634
289.634
289.634
289.704
289.704
289.799
289.799
289.871
289.871
289.932
289.932
289.932
289.994
289.994
290.076
290.076
290.136
290.136
290.136
290.194
290.194
290.263
290.263
290.353
290.353
290.419
290.419
290.475
290.475
290.475
290.534
290.534
290.613
290.613
290.674
290.674
290.725
290.725
290.725
290.779
290.779
290.851
290.851
290.904
290.904
290.904
290.955
290.955
291.014
291.014
291.088
291.088
291.14
291.14
291.14
291.186
291.186
291.239
291.239
291.303
291.303
291.353
291.353
291.353
291.422
291.422
291.594
291.594
)
;
    }
    interface_top
    {
        type            fixedValue;
        value           nonuniform List<scalar> 
90
(
316.949
316.949
316.313
316.313
315.803
315.803
315.803
315.282
315.282
314.567
314.567
314.022
314.022
313.57
313.57
313.57
313.106
313.106
312.473
312.473
312.005
312.005
312.005
311.56
311.56
311.032
311.032
310.337
310.337
309.831
309.831
309.831
309.357
309.357
308.798
308.798
308.061
308.061
307.525
307.525
307.525
307.018
307.018
306.411
306.411
305.591
305.591
304.97
304.97
304.455
304.455
304.455
303.923
303.923
303.195
303.195
302.652
302.652
302.652
302.128
302.128
301.495
301.495
300.649
300.649
300.023
300.023
300.023
299.419
299.419
298.686
298.686
297.701
297.701
296.97
296.97
296.97
296.261
296.261
295.399
295.399
294.247
294.247
293.4
293.4
293.4
292.586
292.586
291.594
291.594
)
;
    }
    interface_bottom
    {
        type            fixedValue;
        value           nonuniform List<scalar> 
90
(
315.019
315.019
314.185
314.185
314.185
313.395
313.395
312.453
312.453
311.225
311.225
310.33
310.33
309.608
309.608
309.608
308.875
308.875
307.898
307.898
307.178
307.178
306.593
306.593
306.593
305.999
305.999
305.217
305.217
304.657
304.657
304.657
304.129
304.129
303.509
303.509
302.717
302.717
302.158
302.158
302.158
301.63
301.63
301.002
301.002
300.184
300.184
299.586
299.586
299.094
299.094
299.094
298.585
298.585
297.906
297.906
297.411
297.411
297.411
296.937
296.937
296.372
296.372
295.648
295.648
295.134
295.134
295.134
294.648
294.648
294.074
294.074
293.342
293.342
292.822
292.822
292.822
292.33
292.33
291.746
291.746
290.988
290.988
290.439
290.439
290.439
289.906
289.906
289.242
289.242
)
;
    }
    defaultFaces
    {
        type            empty;
    }
}


// ************************************************************************* //
