/*--------------------------------*- C++ -*----------------------------------*\
| =========                 |                                                 |
| \\      /  F ield         | OpenFOAM: The Open Source CFD Toolbox           |
|  \\    /   O peration     | Version:  5.x                                   |
|   \\  /    A nd           | Web:      www.OpenFOAM.org                      |
|    \\/     M anipulation  |                                                 |
\*---------------------------------------------------------------------------*/
FoamFile
{
    version     2.0;
    format      ascii;
    class       volScalarField;
    location    "4.5";
    object      gradTy;
}
// * * * * * * * * * * * * * * * * * * * * * * * * * * * * * * * * * * * * * //

dimensions      [0 -1 0 1 0 0 0];

internalField   nonuniform List<scalar> 
6300
(
32274.6
32223.9
32173.2
32122.6
32072
32021.5
31971.1
31920.9
31870.7
31820.8
31771
31721.4
31672
31622.8
31573.9
-0.0140322
-0.0421592
-0.0704615
-0.0990176
-0.127837
-0.156836
-0.185818
-0.214464
-0.242333
-0.268899
-0.293612
-0.316005
-0.335832
-0.35322
-0.368797
-0.0233089
-0.0700577
-0.117153
-0.164744
-0.212874
-0.261426
-0.310089
-0.358323
-0.405363
-0.450258
-0.491975
-0.529579
-0.562486
-0.59077
-0.615441
-0.0324704
-0.0976152
-0.163337
-0.229913
-0.297464
-0.365881
-0.43476
-0.503345
-0.570503
-0.634756
-0.694408
-0.747801
-0.793716
-0.831892
-0.863563
-0.0414337
-0.124609
-0.208683
-0.294127
-0.381211
-0.469899
-0.559753
-0.649826
-0.738584
-0.823896
-0.903145
-0.973549
-1.03274
-1.07959
-1.11523
-0.0500745
-0.150684
-0.252637
-0.356682
-0.46333
-0.572727
-0.684503
-0.797596
-0.910085
-1.01907
-1.1207
-1.21048
-1.28405
-1.33845
-1.37393
-0.0582539
-0.175417
-0.294501
-0.416637
-0.542705
-0.673184
-0.807942
-0.945978
-1.0851
-1.22161
-1.35011
-1.46364
-1.55452
-1.61623
-1.64646
-0.0657821
-0.198236
-0.333323
-0.472671
-0.617684
-0.769377
-0.928123
-1.09329
-1.26274
-1.43217
-1.59449
-1.73944
-1.85413
-1.92545
-1.94507
-0.0724226
-0.218427
-0.36789
-0.523048
-0.685994
-0.858527
-1.04189
-1.23634
-1.4404
-1.64984
-1.85623
-2.04546
-2.19705
-2.28624
-2.29165
-0.0779047
-0.23516
-0.396765
-0.565643
-0.744723
-0.936852
-1.14459
-1.36977
-1.61268
-1.87053
-2.13507
-2.38903
-2.60224
-2.73065
-2.72541
-0.081941
-0.247546
-0.418368
-0.598039
-0.790407
-0.999572
-1.22984
-1.48548
-1.76998
-2.08449
-2.42443
-2.77321
-3.09208
-3.30853
-3.3175
-0.0842542
-0.254716
-0.431125
-0.617744
-0.819297
-1.04119
-1.28973
-1.5723
-1.89724
-2.27294
-2.70483
-3.18717
-3.6842
-4.09375
-4.2032
-0.0846143
-0.25594
-0.433676
-0.622518
-0.827851
-1.05616
-1.31559
-1.61673
-1.97368
-2.40512
-2.93464
-3.58631
-4.36371
-5.17908
-5.66564
-0.0828783
-0.250754
-0.425124
-0.610807
-0.813436
-1.04001
-1.29972
-1.60533
-1.97554
-2.43912
-3.0422
-3.85963
-5.00531
-6.59342
-8.36681
-0.0790238
-0.239075
-0.405266
-0.582155
-0.775085
-0.990726
-1.23794
-1.5293
-1.88395
-2.33352
-2.9353
-3.80472
-5.20471
-7.8228
-13.7424
31529.2
31488.8
31448.6
31408.5
31368.7
31329
31289.6
31250.4
31211.4
31172.7
31134.3
31096.2
31058.3
31020.8
30983.7
30946.9
30910.5
30874.4
30838.8
30803.5
30768.6
30734
30699.9
30666.1
30632.7
30599.7
30567
30534.6
30502.6
30470.8
30439.4
30408.2
30377.3
30346.6
30316.2
30286
30256.1
30226.3
30196.8
30167.5
30138.4
30109.5
30080.9
30052.4
30024.1
29996
29968.1
29940.4
29912.9
29885.6
29858.5
29831.6
29804.8
29778.2
29751.7
29725.4
29699.2
29673.2
29647.2
29621.3
29595.6
29569.8
29544.2
29518.6
29493
29467.5
29442
29416.5
29391
29365.5
29339.9
29314.4
29288.8
29263.1
29237.4
29211.6
29185.8
29159.8
29133.8
29107.6
29081.3
29054.9
29028.4
29001.7
28974.8
28947.8
28920.6
28893.3
28865.8
28838
-0.382491
-0.395564
-0.410349
-0.42791
-0.449135
-0.474573
-0.504312
-0.537934
-0.57455
-0.612912
-0.651589
-0.689144
-0.724303
-0.756048
-0.783649
-0.806627
-0.824681
-0.837619
-0.845307
-0.847671
-0.844726
-0.836623
-0.823676
-0.806373
-0.785346
-0.761323
-0.735083
-0.707411
-0.679083
-0.650842
-0.623389
-0.597351
-0.573243
-0.551433
-0.532129
-0.515387
-0.50115
-0.489295
-0.47968
-0.472156
-0.466548
-0.462613
-0.459991
-0.458166
-0.456481
-0.454175
-0.450477
-0.444692
-0.436294
-0.424977
-0.410671
-0.393516
-0.37381
-0.351957
-0.328416
-0.303673
-0.27821
-0.252485
-0.226903
-0.201776
-0.177295
-0.153525
-0.13041
-0.107819
-0.0855957
-0.0636036
-0.0417555
-0.0200116
0.00164347
0.0232313
0.0448019
0.0664344
0.0882155
0.110205
0.132403
0.154738
0.177076
0.19925
0.221096
0.242473
0.263266
0.283352
0.302562
0.320636
0.337209
0.351811
0.363919
0.373004
0.378603
0.380369
-0.636628
-0.656728
-0.6797
-0.707585
-0.742113
-0.784385
-0.83463
-0.892096
-0.955117
-1.02135
-1.08811
-1.15275
-1.21298
-1.26708
-1.31386
-1.35266
-1.38307
-1.40486
-1.4178
-1.42173
-1.41659
-1.4026
-1.38025
-1.35042
-1.31422
-1.27295
-1.22797
-1.18063
-1.13223
-1.08405
-1.03731
-0.993098
-0.952336
-0.915663
-0.883405
-0.855597
-0.832066
-0.812542
-0.796764
-0.78451
-0.775559
-0.769587
-0.76604
-0.764055
-0.762455
-0.759846
-0.754787
-0.745984
-0.732474
-0.713727
-0.689663
-0.660594
-0.627106
-0.589947
-0.549937
-0.507922
-0.464747
-0.421226
-0.378084
-0.335889
-0.294981
-0.25544
-0.217113
-0.179701
-0.142867
-0.106344
-0.0699848
-0.0337601
0.00230699
0.0382184
0.0740562
0.109986
0.146207
0.182868
0.219993
0.257445
0.294953
0.332184
0.368829
0.404661
0.439528
0.473295
0.505744
0.536477
0.564864
0.590064
0.611101
0.626994
0.636884
0.640148
-0.889436
-0.913633
-0.941852
-0.977566
-1.02381
-1.08258
-1.15441
-1.23812
-1.33092
-1.42889
-1.52753
-1.62255
-1.71038
-1.78849
-1.85544
-1.91061
-1.95375
-1.9847
-2.00314
-2.00869
-2.00108
-1.98043
-1.94746
-1.90347
-1.85024
-1.78977
-1.72411
-1.6552
-1.58491
-1.51505
-1.44742
-1.38372
-1.32538
-1.27338
-1.22811
-1.18949
-1.15705
-1.13024
-1.10862
-1.09195
-1.08013
-1.07292
-1.06969
-1.06924
-1.06973
-1.0689
-1.06434
-1.05391
-1.03605
-1.00999
-0.975722
-0.933896
-0.885552
-0.831906
-0.77421
-0.713709
-0.651653
-0.589288
-0.527771
-0.468023
-0.410574
-0.355481
-0.302376
-0.250628
-0.199572
-0.148728
-0.0979034
-0.047166
0.0033091
0.0534244
0.103289
0.153228
0.203673
0.254971
0.307217
0.360174
0.413328
0.466058
0.517831
0.568331
0.617463
0.665223
0.711481
0.755774
0.797188
0.834384
0.865765
0.889704
0.904787
0.909996
-1.1414
-1.16488
-1.19335
-1.23254
-1.28762
-1.36216
-1.45729
-1.57124
-1.69952
-1.83566
-1.97242
-2.10297
-2.22201
-2.32624
-2.41429
-2.48616
-2.5423
-2.58286
-2.60738
-2.61494
-2.60468
-2.57639
-2.53092
-2.47023
-2.39707
-2.31447
-2.22533
-2.13219
-2.03738
-1.94326
-1.85231
-1.76708
-1.68977
-1.62183
-1.56373
-1.51496
-1.47441
-1.44095
-1.41382
-1.39291
-1.37855
-1.371
-1.36985
-1.37356
-1.37943
-1.38383
-1.38286
-1.37304
-1.35196
-1.31857
-1.27318
-1.21709
-1.15214
-1.0802
-1.00302
-0.922231
-0.839496
-0.756616
-0.675395
-0.597325
-0.523242
-0.453123
-0.386143
-0.321005
-0.256413
-0.191515
-0.126119
-0.0606067
0.0044269
0.0685994
0.132032
0.195372
0.259549
0.325359
0.39308
0.462291
0.531997
0.601007
0.668373
0.733687
0.797102
0.859052
0.919798
0.97898
1.03536
1.08686
1.13093
1.16497
1.18674
1.19468
-1.39375
-1.40887
-1.42936
-1.46457
-1.52332
-1.61202
-1.733
-1.88367
-2.05671
-2.24151
-2.42617
-2.59991
-2.75492
-2.88722
-2.9964
-3.08433
-3.15322
-3.20407
-3.236
-3.24682
-3.23421
-3.19704
-3.13625
-3.05491
-2.95745
-2.84858
-2.73227
-2.61155
-2.48886
-2.36687
-2.24896
-2.13902
-2.04064
-1.95613
-1.88591
-1.82856
-1.78159
-1.74254
-1.71007
-1.68445
-1.66719
-1.6599
-1.66301
-1.67481
-1.69126
-1.70651
-1.71413
-1.70843
-1.68563
-1.64447
-1.58606
-1.51309
-1.42881
-1.33608
-1.23708
-1.13358
-1.02758
-0.921594
-0.818514
-0.720918
-0.630238
-0.546278
-0.467291
-0.390629
-0.313729
-0.235048
-0.154533
-0.0733864
0.00675825
0.0848159
0.160884
0.23629
0.313053
0.392976
0.476778
0.563677
0.651655
0.73831
0.821855
0.901769
0.978841
1.0546
1.13036
1.20622
1.28054
1.35004
1.41055
1.45789
1.48861
1.50037
-1.65022
-1.64506
-1.64409
-1.66259
-1.71577
-1.81528
-1.96587
-2.16375
-2.39688
-2.64742
-2.89552
-3.12372
-3.32041
-3.48134
-3.609
-3.70979
-3.79001
-3.85236
-3.8949
-3.91232
-3.89895
-3.85155
-3.77106
-3.66265
-3.53412
-3.39323
-3.24544
-3.0936
-2.93917
-2.78447
-2.63399
-2.49416
-2.37138
-2.2697
-2.18939
-2.12707
-2.0772
-2.03448
-1.99629
-1.9638
-1.94129
-1.93365
-1.94348
-1.96921
-2.00463
-2.04003
-2.06443
-2.06826
-2.04557
-1.99506
-1.91972
-1.82522
-1.7175
-1.60084
-1.47743
-1.34839
-1.21549
-1.08222
-0.953582
-0.834397
-0.727402
-0.632116
-0.544934
-0.460445
-0.373456
-0.281072
-0.183707
-0.0845771
0.0122406
0.104044
0.190833
0.275402
0.362146
0.455145
0.556153
0.663643
0.773347
0.880218
0.980696
1.07407
1.16259
1.25028
1.34089
1.43578
1.53275
1.62627
1.70923
1.77484
1.81786
1.83498
-1.91896
-1.87504
-1.83062
-1.81046
-1.84124
-1.94466
-2.13031
-2.39272
-2.71164
-3.05651
-3.39313
-3.69254
-3.93696
-4.12297
-4.25983
-4.36441
-4.45205
-4.52873
-4.58947
-4.62166
-4.6122
-4.55317
-4.44552
-4.29881
-4.12804
-3.94722
-3.76387
-3.57876
-3.38927
-3.19537
-3.00305
-2.82409
-2.67111
-2.55183
-2.46631
-2.40697
-2.36183
-2.31923
-2.27362
-2.22809
-2.19328
-2.18153
-2.20036
-2.24895
-2.31731
-2.38869
-2.44361
-2.46557
-2.44486
-2.38069
-2.28025
-2.15565
-2.01834
-1.8746
-1.72519
-1.56805
-1.40321
-1.2355
-1.07433
-0.929632
-0.807016
-0.705604
-0.618024
-0.533194
-0.440294
-0.333623
-0.214788
-0.0918131
0.0255575
0.131095
0.224573
0.311965
0.402808
0.506342
0.626736
0.760949
0.899631
1.03183
1.15025
1.25383
1.34802
1.44218
1.54567
1.66278
1.79031
1.9181
2.03324
2.12466
2.18473
2.20924
-2.21651
-2.10546
-1.98189
-1.88457
-1.86161
-1.95508
-2.18357
-2.53967
-2.9883
-3.47675
-3.94355
-4.33975
-4.63682
-4.83451
-4.95625
-5.04248
-5.12892
-5.22703
-5.32415
-5.38993
-5.39575
-5.32369
-5.17509
-4.96843
-4.73525
-4.50362
-4.28359
-4.06896
-3.84441
-3.60269
-3.35155
-3.11523
-2.92094
-2.78392
-2.7041
-2.66498
-2.64135
-2.60686
-2.54932
-2.47543
-2.41052
-2.38385
-2.41282
-2.49865
-2.62407
-2.75949
-2.86868
-2.92273
-2.90513
-2.81695
-2.674
-2.50278
-2.32685
-2.15497
-1.98248
-1.79722
-1.59351
-1.37779
-1.16983
-0.991545
-0.854588
-0.757681
-0.68567
-0.6161
-0.525515
-0.402262
-0.250426
-0.0896036
0.0572624
0.176835
0.268373
0.344833
0.426444
0.534482
0.678616
0.852978
1.03637
1.20437
1.34224
1.44813
1.53446
1.62163
1.73177
1.87565
2.04836
2.22895
2.39219
2.52034
2.60346
2.63804
-2.57529
-2.35359
-2.09502
-1.85124
-1.71388
-1.77056
-2.05245
-2.55269
-3.20688
-3.92739
-4.59484
-5.12886
-5.47891
-5.6545
-5.70285
-5.71925
-5.78793
-5.92568
-6.1028
-6.24338
-6.29027
-6.20324
-5.98699
-5.67495
-5.3389
-5.04194
-4.79414
-4.57201
-4.32281
-4.02211
-3.67721
-3.34431
-3.08676
-2.93204
-2.88169
-2.89905
-2.93486
-2.92602
-2.84688
-2.70815
-2.57098
-2.50433
-2.54163
-2.68957
-2.91466
-3.16624
-3.37137
-3.48126
-3.46523
-3.33027
-3.10662
-2.85485
-2.62772
-2.43437
-2.25635
-2.05116
-1.7993
-1.50709
-1.2208
-0.992172
-0.842728
-0.772163
-0.748074
-0.727552
-0.656077
-0.51038
-0.297343
-0.0656641
0.129873
0.26451
0.335422
0.371797
0.413513
0.512109
0.688401
0.933402
1.19666
1.42162
1.58153
1.67185
1.72091
1.76917
1.87043
2.04812
2.29611
2.56577
2.8026
2.98174
3.0929
3.14183
-3.05656
-2.65465
-2.18679
-1.66473
-1.28693
-1.26194
-1.60714
-2.34423
-3.33014
-4.45466
-5.43848
-6.18315
-6.57256
-6.65803
-6.49581
-6.3211
-6.34786
-6.56802
-6.93445
-7.23218
-7.37805
-7.26935
-6.93734
-6.41656
-5.88676
-5.51004
-5.26823
-5.11457
-4.87591
-4.50573
-3.98619
-3.4655
-3.10513
-2.93048
-2.9624
-3.10717
-3.29334
-3.34708
-3.23095
-2.93932
-2.63059
-2.47587
-2.51182
-2.77014
-3.16785
-3.6406
-4.01197
-4.22186
-4.19734
-3.97207
-3.5805
-3.1722
-2.88071
-2.69244
-2.57008
-2.37304
-2.06394
-1.62859
-1.18947
-0.87947
-0.717985
-0.720422
-0.806023
-0.913046
-0.894164
-0.716098
-0.3717
0.0097364
0.289613
0.443389
0.451646
0.390531
0.31816
0.377369
0.598786
0.987116
1.4117
1.73214
1.92065
1.95457
1.90815
1.84004
1.89869
2.11907
2.51239
2.94956
3.29583
3.54074
3.67161
3.74761
-3.77505
-3.05084
-2.35692
-1.27107
-0.352812
-0.221423
-0.59889
-1.77896
-3.25537
-5.18623
-6.62829
-7.75094
-8.10593
-8.02041
-7.30905
-6.63527
-6.63182
-7.00238
-7.86773
-8.44247
-8.83529
-8.66003
-8.16266
-7.17439
-6.21754
-5.78729
-5.61891
-5.7831
-5.62205
-5.20812
-4.30061
-3.3597
-2.86002
-2.63548
-2.88471
-3.2598
-3.84669
-4.01704
-3.87208
-3.1995
-2.47292
-2.17735
-2.16637
-2.65458
-3.31764
-4.26558
-4.88983
-5.3047
-5.2233
-4.85809
-4.08323
-3.32612
-2.98985
-2.86034
-2.99612
-2.86102
-2.5151
-1.76019
-0.976866
-0.557512
-0.361758
-0.553452
-0.837603
-1.28427
-1.36583
-1.16563
-0.503596
0.227258
0.626912
0.827876
0.663886
0.421681
0.0296223
0.00545212
0.265306
0.985236
1.77343
2.22949
2.47932
2.35002
2.12374
1.72557
1.69136
1.93836
2.66305
3.46186
3.93275
4.26175
4.3272
4.49458
-4.97647
-3.40387
-3.09172
-0.635914
1.71486
1.55237
1.56561
-0.786512
-2.52574
-6.62123
-8.27761
-10.4237
-10.2731
-10.2834
-8.06754
-5.98346
-6.37653
-6.72358
-9.21885
-9.91405
-11.1099
-10.5138
-10.0941
-7.88613
-5.78912
-5.68657
-5.48981
-6.91914
-6.73144
-6.62034
-4.66218
-2.61752
-2.21767
-1.65725
-2.62479
-3.10646
-4.99885
-5.14003
-5.27193
-3.53633
-1.69349
-1.4679
-1.10098
-2.28614
-3.05608
-5.35557
-6.06802
-7.10104
-6.65677
-6.33286
-4.55923
-2.87287
-2.80008
-2.64502
-3.81102
-3.65141
-3.55401
-1.93153
-0.239007
0.0875715
0.553558
-0.252171
-0.633977
-2.18005
-2.24204
-2.27906
-0.733497
0.922763
1.25137
1.73898
0.98985
0.669727
-0.78758
-0.774381
-0.729668
0.886013
2.61434
3.02468
3.58487
2.88603
2.58779
1.08791
1.07995
1.0706
2.70771
4.44702
4.77465
5.363
4.83673
5.48324
-7.54079
-1.94168
-6.91329
0.150613
7.40189
3.07354
7.13675
-0.676169
1.59744
-11.5681
-9.2213
-16.403
-12.2081
-15.7514
-8.63567
-1.76392
-6.18681
-3.35066
-13.1614
-10.664
-15.9642
-12.1128
-14.5998
-8.4373
-2.48783
-5.72065
-3.01821
-10.3828
-7.7296
-10.6915
-5.14734
0.49418
-1.80558
1.5223
-3.06352
-0.92066
-8.67174
-6.27534
-9.35996
-4.02651
1.41585
-0.96084
2.20054
-2.51452
-0.590855
-8.72974
-6.78347
-11.0236
-7.91574
-9.89406
-4.90838
-0.0949252
-2.72757
-0.526228
-6.53359
-4.35104
-6.78785
-2.20257
2.46699
0.533073
3.30129
-0.56016
1.24735
-5.21172
-3.15305
-5.67024
-1.12167
3.5312
1.64798
4.43204
0.699154
2.55639
-3.72119
-1.59854
-3.98574
0.62558
5.35414
3.60505
6.50433
2.84611
4.78311
-1.69716
0.471378
-2.16715
2.606
7.46576
5.24188
8.07
3.65825
7.26137
-17.0856
14.7427
-28.0657
0.667354
29.7634
-7.48941
29.8093
-15.0908
27.9528
-38.8534
3.55572
-38.7655
-3.00036
-36.5693
-8.85314
18.7192
-16.4509
18.2331
-34.8285
-0.186252
-33.9979
-4.58548
-31.5617
-8.68282
14.0349
-14.3026
13.9489
-28.2735
-0.643123
-27.0125
-5.77397
15.0401
-9.49861
16.0963
-13.1929
15.5111
-26.9584
0.48062
-25.5715
-4.67502
15.7831
-8.43015
16.8426
-12.3042
16.3629
-26.6281
1.4078
-25.5286
-1.85231
-23.485
-5.01119
13.4038
-9.61765
13.4114
-21.0513
1.59958
-20.1351
-2.59657
14.6803
-5.79408
15.5941
-9.03302
15.031
-20.5104
2.52368
-19.2375
-1.66148
15.5502
-4.67765
16.5081
-7.64262
16.1558
-18.7523
4.07023
-17.3208
0.195224
17.4206
-2.50927
18.8655
-5.25189
19.0983
-16.9374
6.78409
-16.0784
2.37879
20.6842
-1.56644
21.2016
-9.06237
14.0014
28807.4
28773.6
28739.6
28705.4
28671
28636.3
28601.4
28566.4
28531.2
28495.8
28460.4
28424.8
28389.2
28353.6
28317.9
0.377884
0.369401
0.355486
0.336765
0.314049
0.288217
0.26012
0.230512
0.200012
0.169083
0.138045
0.10709
0.0763037
0.0456946
0.0152153
0.636071
0.621587
0.597725
0.565648
0.526827
0.482837
0.435177
0.38515
0.333803
0.281905
0.229969
0.178287
0.126976
0.0760182
0.0253094
0.904299
0.883161
0.848189
0.801278
0.744776
0.681128
0.612603
0.541115
0.468153
0.394774
0.321646
0.24912
0.177297
0.106096
0.0353159
1.18735
1.15848
1.11051
1.04642
0.969798
0.884234
0.79294
0.698515
0.602893
0.507373
0.412714
0.319248
0.226997
0.135756
0.0451754
1.49128
1.45289
1.38893
1.30408
1.20373
1.09303
0.97637
0.857086
0.737512
0.619095
0.502572
0.388154
0.275682
0.164753
0.0548058
1.82375
1.7729
1.68828
1.57727
1.44798
1.30775
1.16237
1.01591
0.870949
0.728905
0.590312
0.455102
0.32282
0.192767
0.0640993
2.19502
2.12688
2.01416
1.86883
1.70321
1.52761
1.34939
1.17316
1.00143
0.835241
0.674651
0.519111
0.367722
0.21939
0.072922
2.61937
2.52581
2.37298
2.18097
1.96867
1.75021
1.53441
1.32585
1.12632
0.935939
0.753913
0.578954
0.409558
0.244145
0.0811177
3.11747
2.98452
2.77142
2.51385
2.24074
1.9705
1.71235
1.46953
1.24201
1.02824
0.826076
0.63321
0.447398
0.266507
0.0885168
3.72173
3.5232
3.21424
2.8623
2.51032
2.17912
1.87523
1.598
1.34396
1.10892
0.888907
0.680389
0.480299
0.285956
0.094954
4.49475
4.1711
3.69905
3.20977
2.75888
2.3606
2.01167
1.70343
1.42694
1.17457
0.940223
0.719117
0.507437
0.302057
0.100293
5.5922
4.96791
4.20158
3.51811
2.95437
2.49272
2.10752
1.7772
1.48584
1.22219
0.978289
0.748404
0.528265
0.314537
0.104452
7.43352
5.90683
4.62248
3.70685
3.04765
2.54841
2.14859
1.81207
1.51707
1.25007
1.00232
0.767928
0.542673
0.323369
0.107427
10.9886
6.6026
4.6744
3.63906
2.98096
2.5048
2.12649
1.80549
1.52032
1.25867
1.01299
0.778297
0.551119
0.328832
0.109313
-0.0738019
-0.223193
-0.378045
-0.542364
-0.72077
-0.918895
-1.14401
-1.40607
-1.71971
-2.10825
-2.6127
-3.31447
-4.40063
-6.3763
-10.8344
-0.067684
-0.204561
-0.346027
-0.495366
-0.656225
-0.832796
-1.03005
-1.25403
-1.51206
-1.81266
-2.16337
-2.55972
-2.93447
-2.92564
-0.77389
-0.0605199
-0.182744
-0.308545
-0.440378
-0.580778
-0.732334
-0.897532
-1.0783
-1.27478
-1.48222
-1.68243
-1.82013
-1.73451
-0.962781
1.77992
-0.0525328
-0.158445
-0.266879
-0.379446
-0.497593
-0.622403
-0.754182
-0.891586
-1.0298
-1.15673
-1.24503
-1.2359
-1.01061
-0.369028
0.784887
-0.0439571
-0.132393
-0.222346
-0.314646
-0.409788
-0.507638
-0.606915
-0.704256
-0.792537
-0.857958
-0.875367
-0.802149
-0.575301
-0.131268
0.503087
-0.0350196
-0.10529
-0.176185
-0.247877
-0.320111
-0.391892
-0.460992
-0.523181
-0.571046
-0.592385
-0.568643
-0.475386
-0.29058
-0.0257312
0.182301
-0.0259221
-0.0777537
-0.129472
-0.180735
-0.230756
-0.278016
-0.319875
-0.352038
-0.367902
-0.357979
-0.310119
-0.212332
-0.0613495
0.119272
0.259187
-0.0168327
-0.0502943
-0.0830713
-0.114453
-0.143314
-0.167891
-0.185495
-0.192212
-0.182624
-0.149812
-0.0861792
0.0137591
0.147352
0.292579
0.384045
-0.00788345
-0.0233065
-0.0376339
-0.049913
-0.0588414
-0.0625993
-0.0586734
-0.0437083
-0.0134566
0.0370216
0.112617
0.216507
0.348019
0.503256
0.696646
0.000829189
0.00292573
0.00638895
0.0123098
0.0220533
0.0373702
0.0604936
0.094184
0.141675
0.206455
0.291812
0.400111
0.532253
0.68748
0.857249
0.00924018
0.0282154
0.0487147
0.0718901
0.0990921
0.131936
0.172341
0.222505
0.28481
0.361628
0.455116
0.567198
0.700497
0.86165
1.07251
0.0173105
0.0524539
0.0891933
0.128688
0.172229
0.221273
0.277432
0.342413
0.41788
0.50525
0.605543
0.719595
0.849435
1.00135
1.18307
0.0250209
0.0755923
0.127771
0.18269
0.241564
0.305691
0.376421
0.455064
0.542704
0.639921
0.74645
0.861076
0.983081
1.12039
1.32224
0.0323667
0.0976227
0.164459
0.233964
0.307272
0.385547
0.469942
0.561491
0.6609
0.76815
0.881772
0.997488
1.10613
1.19467
1.28729
0.0393523
0.118565
0.199306
0.282616
0.369553
0.46118
0.558524
0.662491
0.773676
0.89198
1.01568
1.13887
1.24319
1.26618
0.953831
0.0459884
0.138453
0.232385
0.32877
0.428602
0.53287
0.64254
0.758509
0.881536
1.01209
1.14999
1.29341
1.43677
1.57061
1.72826
0.0522885
0.157332
0.263774
0.372551
0.484596
0.600842
0.722216
0.84966
0.9842
1.12714
1.2805
1.44806
1.637
1.85859
2.10433
0.058268
0.175248
0.293558
0.414084
0.537702
0.665286
0.797713
0.93592
1.08107
1.23497
1.40121
1.58794
1.81463
2.12988
2.66551
0.0639424
0.19225
0.321821
0.453492
0.588084
0.726401
0.869234
1.0174
1.17189
1.33426
1.50776
1.70013
1.93082
2.24821
2.76906
0.0693269
0.208383
0.348643
0.490896
0.635911
0.784418
0.937092
1.09453
1.25728
1.42587
1.60124
1.78581
1.98687
2.22534
2.5485
0.0744356
0.223692
0.374098
0.526408
0.681345
0.83958
1.00168
1.16803
1.33864
1.51282
1.68839
1.86013
2.017
2.14376
2.28813
0.0792805
0.238212
0.398251
0.560123
0.724525
0.892097
1.06336
1.23861
1.41757
1.59885
1.77828
1.94487
2.06809
2.05005
1.50216
0.0838721
0.251975
0.421151
0.592109
0.765539
0.942093
1.12234
1.30664
1.49494
1.6862
1.87715
2.05984
2.21732
2.3244
2.42207
0.0882186
0.265004
0.442835
0.622408
0.804422
0.989571
1.17854
1.37195
1.57031
1.77379
1.98183
2.19243
2.40161
2.60541
2.80566
0.0923275
0.27732
0.463329
0.651043
0.841167
1.03445
1.2317
1.43387
1.64216
1.85826
2.08479
2.32612
2.58972
2.88898
3.25692
0.096206
0.288944
0.482663
0.678034
0.875762
1.07662
1.2815
1.49159
1.70864
1.93554
2.17755
2.44444
2.75315
3.125
3.53765
0.099863
0.299899
0.500872
0.703423
0.908228
1.11604
1.32774
1.54455
1.76832
2.00236
2.25311
2.53385
2.87284
3.33281
4.06885
0.103309
0.310219
0.518009
0.72728
0.938654
1.1528
1.3705
1.59272
1.82092
2.05764
2.30794
2.58292
2.90862
3.34906
4.072
0.106556
0.319942
0.534144
0.749711
0.967197
1.18716
1.41016
1.63679
1.86766
2.10355
2.3457
2.59692
2.8648
3.16926
3.54237
0.10962
0.329111
0.549355
0.770847
0.994068
1.21946
1.44738
1.67797
1.91098
2.14517
2.37725
2.59951
2.79565
2.94194
3.09612
0.112514
0.337774
0.563726
0.79082
1.01948
1.25006
1.48279
1.71755
1.95353
2.1883
2.4157
2.62038
2.76117
2.70929
1.96144
0.115252
0.345971
0.57733
0.809744
1.0436
1.27924
1.51685
1.75633
1.99697
2.23659
2.47003
2.68577
2.86055
2.96007
3.0317
0.117847
0.35374
0.590228
0.827703
1.06654
1.3071
1.54966
1.79439
2.04116
2.28923
2.53673
2.77977
3.01226
3.23038
3.44927
0.120309
0.361112
0.602469
0.844753
1.08834
1.33363
1.58105
1.8311
2.0845
2.34233
2.6066
2.88126
3.17406
3.50029
3.89635
0.122648
0.368115
0.614094
0.860936
1.10901
1.35875
1.61067
1.86557
2.12481
2.39099
2.66934
2.97028
3.31275
3.72186
4.17717
0.124875
0.37478
0.625149
0.876303
1.12859
1.3824
1.63829
1.89709
2.16037
2.43127
2.7165
3.03059
3.40529
3.91152
4.72288
0.127001
0.381138
0.635687
0.890926
1.14715
1.40468
1.66395
1.92557
2.1907
2.46167
2.7437
3.04896
3.4066
3.88946
4.69178
0.129037
0.387229
0.645775
0.904908
1.16485
1.42583
1.68804
1.9517
2.21703
2.48445
2.75489
3.03111
3.32107
3.64573
4.03439
0.130996
0.39309
0.655485
0.918368
1.1819
1.44618
1.7112
1.97672
2.24198
2.50518
2.76218
3.00389
3.21152
3.35772
3.50637
0.132891
0.39876
0.664886
0.931421
1.19848
1.46608
1.73409
2.00199
2.26843
2.53027
2.78018
3.00051
3.14471
3.06817
2.20767
0.134731
0.404269
0.674034
0.944156
1.21473
1.48577
1.75714
2.02833
2.29813
2.56371
2.81883
3.05017
3.23124
3.3232
3.37766
0.136523
0.40964
0.682963
0.956619
1.23071
1.5053
1.78037
2.05572
2.33083
2.60446
2.87408
3.1349
3.37975
3.60444
3.82817
0.138273
0.414884
0.691691
0.968823
1.24641
1.52457
1.80348
2.08336
2.3646
2.64806
2.93552
3.2309
3.54238
3.88648
4.30249
0.139983
0.420011
0.700225
0.980757
1.26175
1.5434
1.826
2.11011
2.39692
2.68893
2.99155
3.31588
3.68246
4.11875
4.60275
0.141656
0.425025
0.70857
0.992414
1.2767
1.56163
1.84753
2.13507
2.42568
2.72251
3.03261
3.37166
3.77426
4.31805
5.19322
0.143294
0.429936
0.716737
1.00381
1.29126
1.57925
1.868
2.15798
2.45018
2.74693
3.05367
3.38348
3.76814
4.28741
5.15478
0.144902
0.434754
0.72475
1.01498
1.30551
1.59641
1.8877
2.17942
2.47161
2.76447
3.05882
3.35739
3.66864
4.01523
4.42863
0.146482
0.439491
0.732633
1.02598
1.31956
1.61335
1.90718
2.2006
2.49262
2.78105
3.06114
3.32267
3.54469
3.69682
3.8484
0.148035
0.444154
0.740407
1.03686
1.33353
1.63034
1.92701
2.22283
2.51619
2.80349
3.07647
3.31555
3.46936
3.37896
2.42636
0.149562
0.448741
0.748072
1.04763
1.34746
1.6475
1.9475
2.24683
2.54405
2.83591
3.11544
3.36782
3.56369
3.66
3.71282
0.151059
0.453239
0.755606
1.05827
1.36131
1.66475
1.96853
2.27239
2.57567
2.87696
3.17337
3.45951
3.72724
3.9714
4.21123
0.152517
0.457627
0.762967
1.06869
1.37493
1.68184
1.98959
2.29841
2.60874
2.92146
3.23852
3.56416
3.90728
4.28595
4.74372
0.153927
0.461873
0.770096
1.07878
1.38814
1.69841
2.00997
2.32346
2.64021
2.963
3.29779
3.65682
4.06275
4.54573
5.08056
0.15528
0.465945
0.776932
1.08846
1.40077
1.71417
2.02908
2.34633
2.66754
2.99627
3.34033
3.71708
4.16483
4.76969
5.74313
0.156564
0.469812
0.783422
1.09764
1.41271
1.72892
2.04666
2.36652
2.68974
3.01895
3.36026
3.72819
4.15793
4.73787
5.70426
0.15777
0.473445
0.789523
1.10626
1.42391
1.74269
2.06282
2.38446
2.70783
3.03329
3.36183
3.69655
4.04684
4.43786
4.90506
0.158889
0.476817
0.795194
1.1143
1.43438
1.7556
2.07799
2.40127
2.72454
3.04555
3.35921
3.65427
3.90753
4.08513
4.26349
0.159908
0.479895
0.800388
1.1217
1.44411
1.76776
2.09262
2.41816
2.74286
3.06298
3.36961
3.64119
3.82084
3.73203
2.68789
0.160814
0.482637
0.805042
1.12839
1.45302
1.77916
2.10684
2.4357
2.76444
3.08983
3.40444
3.69214
3.92064
4.04249
4.12046
0.16159
0.484994
0.809066
1.13424
1.46094
1.78954
2.12032
2.45338
2.7884
3.12421
3.45804
3.78435
4.09459
4.38359
4.67321
0.162217
0.486903
0.812351
1.13907
1.4676
1.79847
2.13229
2.46977
2.81186
3.16003
3.51696
3.88791
4.28338
4.72439
5.26086
0.162673
0.4883
0.814779
1.1427
1.47267
1.80542
2.1418
2.48304
2.83115
3.1898
3.56621
3.97457
4.44067
4.99906
5.6249
0.162938
0.489123
0.816236
1.14492
1.47588
1.8099
2.14799
2.49161
2.84318
3.20731
3.59337
4.02126
4.53398
5.22704
6.33302
0.162996
0.489316
0.816628
1.14562
1.47701
1.81162
2.15042
2.49471
2.84655
3.20963
3.59157
4.00922
4.50215
5.16844
6.27074
0.162831
0.488837
0.815882
1.14468
1.47596
1.81049
2.14909
2.49264
2.84216
3.19893
3.56507
3.94505
4.35002
4.80721
5.349
0.162431
0.48765
0.813947
1.14205
1.47269
1.80659
2.14439
2.4865
2.83278
3.18177
3.52906
3.86368
4.16171
4.38739
4.62386
0.161788
0.485731
0.810784
1.13769
1.46721
1.80004
2.13675
2.47752
2.82157
3.16585
3.50193
3.80787
4.0237
3.96021
2.87616
0.160893
0.483057
0.806356
1.13157
1.45947
1.79085
2.12636
2.46632
2.81024
3.15567
3.49582
3.8148
4.07972
4.24187
4.37036
0.159742
0.479607
0.800626
1.1236
1.44938
1.77885
2.11292
2.45243
2.79792
3.14918
3.50447
3.85941
4.20717
4.54706
4.91631
0.158331
0.475371
0.79356
1.11372
1.43676
1.7637
2.09577
2.43445
2.78163
3.13994
3.51345
3.90915
4.34018
4.83197
5.43947
0.156662
0.47035
0.785149
1.10187
1.42146
1.74505
2.07409
2.41061
2.75765
3.12019
3.50706
3.93447
4.43107
5.03665
5.74215
0.154745
0.46457
0.775423
1.08807
1.40343
1.72265
2.04727
2.37953
2.72295
3.08358
3.47258
3.91187
4.44637
5.17206
6.31276
0.152599
0.458087
0.764469
1.07242
1.38277
1.69655
2.01519
2.34074
2.67636
3.02732
3.40325
3.82328
4.32896
5.01942
6.16326
0.150256
0.450996
0.752443
1.05514
1.35975
1.66712
1.97836
2.29501
2.61914
2.95376
3.30336
3.67533
4.0833
4.55205
5.08816
0.147758
0.443425
0.739567
1.03656
1.33485
1.63503
1.93784
2.24411
2.55469
2.86985
3.188
3.5025
3.79548
4.03802
4.30983
0.145157
0.435536
0.726122
1.01709
1.30868
1.60117
1.89494
2.19028
2.48708
2.78388
3.07525
3.34472
3.54271
3.50377
2.56374
0.142514
0.427512
0.712428
0.997226
1.2819
1.56647
1.851
2.13546
2.41951
2.70171
2.97776
3.2367
3.45451
3.59536
3.72564
0.139894
0.419555
0.698833
0.977472
1.25522
1.53184
1.80713
2.08097
2.35326
2.62384
2.89219
3.15734
3.4198
3.6944
4.05972
0.137365
0.411872
0.685697
0.95836
1.22935
1.49816
1.76432
2.02759
2.28823
2.54753
2.80888
3.07994
3.3767
3.7305
4.19322
0.134995
0.40467
0.673383
0.94043
1.20503
1.46634
1.72355
1.97608
2.22416
2.46981
2.71888
2.98477
3.29405
3.69103
4.22011
0.132845
0.398144
0.662239
0.924217
1.18302
1.43741
1.68605
1.9277
2.16181
2.38972
2.61723
2.85954
3.15052
3.55992
4.22381
0.130968
0.392462
0.652576
0.910228
1.16409
1.41249
1.65343
1.88459
2.10379
2.30995
2.50536
2.70058
2.92481
3.25214
3.89611
0.129401
0.387743
0.644635
0.898887
1.14896
1.39279
1.62762
1.84981
2.05486
2.23765
2.39365
2.52154
2.62754
2.72453
2.76805
0.128157
0.384036
0.638534
0.890462
1.13818
1.37936
1.6106
1.82696
2.02139
2.18397
2.30149
2.35776
2.33657
2.23412
2.13164
0.127215
0.381292
0.634226
0.884965
1.13196
1.37285
1.60392
1.81937
2.01004
2.16161
2.25191
2.24785
2.10205
1.7438
1.00159
0.12652
0.379344
0.631446
0.882073
1.12999
1.37315
1.6081
1.82898
2.02587
2.1818
2.2679
2.23643
2.01509
1.52015
0.747247
0.125975
0.377899
0.629694
0.881063
1.13134
1.37918
1.62204
1.85526
2.07015
2.2505
2.36556
2.35692
2.11817
1.48958
0.437957
0.125446
0.376546
0.628238
0.880813
1.13437
1.38865
1.6427
1.89427
2.13843
2.36457
2.54918
2.63728
2.49199
1.75279
-0.549403
0.124775
0.374781
0.626168
0.879881
1.1369
1.39828
1.66509
1.93844
2.21924
2.50753
2.79988
3.07977
3.27823
3.1014
1.22832
0.123785
0.372058
0.622481
0.876644
1.13641
1.40412
1.68293
1.97744
2.29489
2.64772
3.05932
3.57889
4.325
5.62768
8.5385
8.37429
5.31764
3.99563
3.26264
2.76647
2.382
2.05762
1.769
1.50326
1.25294
1.01337
0.781386
0.554685
0.331482
0.110277
0.59961
2.64541
2.88553
2.72701
2.48179
2.22266
1.96685
1.71786
1.47565
1.23931
1.00778
0.780057
0.555195
0.332331
0.110647
-1.26383
1.22722
2.05221
2.25159
2.20678
2.06103
1.87136
1.66203
1.44398
1.22234
0.999558
0.77674
0.554318
0.332361
0.110746
-0.113198
0.965999
1.65332
1.94577
2.00189
1.92993
1.78956
1.61228
1.41481
1.20618
0.991358
0.773147
0.553117
0.332154
0.110759
0.130796
0.976905
1.52864
1.80409
1.886
1.84637
1.73341
1.57657
1.39341
1.19431
0.985517
0.77082
0.552566
0.332247
0.110859
0.466824
1.19225
1.59582
1.79689
1.85454
1.81377
1.70773
1.55917
1.38308
1.18919
0.983783
0.770967
0.553452
0.333084
0.111188
1.4454
1.63115
1.80367
1.88935
1.89146
1.82653
1.71161
1.5609
1.38513
1.19207
0.987207
0.774387
0.556326
0.334986
0.111852
2.01595
2.0793
2.07185
2.03991
1.975
1.87402
1.74037
1.58004
1.3992
1.20317
0.996171
0.781456
0.561484
0.338138
0.112913
3.0559
2.57666
2.35711
2.21344
2.08365
1.94423
1.78767
1.61345
1.42386
1.2219
1.01051
0.792191
0.568996
0.3426
0.114395
3.39439
2.89374
2.58973
2.3774
2.19903
2.02638
1.84725
1.65757
1.45712
1.24722
1.02969
0.806327
0.578743
0.348325
0.116284
3.51642
3.07435
2.75875
2.51786
2.31048
2.11307
1.91418
1.70921
1.49696
1.27786
1.05294
0.823415
0.59047
0.355185
0.118543
3.55469
3.16719
2.87596
2.63512
2.41507
2.2008
1.98538
1.76593
1.54161
1.31257
1.07941
0.8429
0.603836
0.362997
0.121113
3.52446
3.19324
2.95825
2.73801
2.51567
2.28937
2.0594
1.82606
1.58957
1.35018
1.10824
0.864178
0.618452
0.371542
0.123925
3.2688
3.15255
3.03035
2.84246
2.61909
2.3805
2.13579
1.88842
1.63958
1.3896
1.13858
0.886634
0.633905
0.380587
0.126903
2.28334
3.11606
3.14814
2.97163
2.73312
2.47593
2.21404
1.95185
1.69043
1.42977
1.1696
0.909659
0.649785
0.389895
0.12997
3.89097
3.63566
3.41082
3.14397
2.8602
2.57465
2.29254
2.01479
1.74079
1.46964
1.20049
0.932666
0.665696
0.399238
0.133051
4.62188
4.1342
3.70272
3.32818
2.98859
2.67101
2.36805
2.07515
1.78923
1.50817
1.23049
0.955108
0.681269
0.408405
0.136078
5.65261
4.59379
3.95514
3.48823
3.10177
2.75725
2.43663
2.13071
1.83434
1.54441
1.25892
0.976511
0.696187
0.417211
0.138989
5.81529
4.76171
4.0884
3.59253
3.1859
2.82693
2.49505
2.17969
1.87501
1.5776
1.28526
0.996493
0.71019
0.425505
0.141736
5.33225
4.66566
4.09854
3.63496
3.23703
2.87784
2.54206
2.22129
1.9107
1.60733
1.30917
1.01479
0.723091
0.433175
0.144281
5.07455
4.50065
4.03687
3.63192
3.26134
2.91253
2.5787
2.25587
1.94144
1.63347
1.33049
1.03126
0.734777
0.440149
0.146599
4.61989
4.25929
3.93444
3.60513
3.27061
2.93686
2.60774
2.28469
1.96773
1.65622
1.34925
1.04587
0.745196
0.446389
0.148676
4.12164
3.9932
3.83521
3.58208
3.27942
2.95802
2.6326
2.30933
1.99031
1.67587
1.36555
1.05864
0.754342
0.451883
0.150508
2.72654
3.74776
3.80213
3.59357
3.30134
2.98201
2.65602
2.33107
2.00978
1.6927
1.37953
1.06962
0.762238
0.456639
0.152097
4.40921
4.17384
3.95172
3.6633
3.34218
3.01068
2.67878
2.35032
2.02638
1.70688
1.39129
1.07888
0.768923
0.460678
0.153447
5.11407
4.59086
4.14742
3.75588
3.39032
3.03968
2.6992
2.36648
2.03995
1.71842
1.40089
1.08649
0.774444
0.464027
0.15457
6.02001
4.9526
4.30719
3.83057
3.4282
3.06167
2.7143
2.37841
2.05011
1.72723
1.40836
1.09251
0.778858
0.466725
0.155478
6.09105
5.02142
4.34984
3.85385
3.44131
3.0704
2.72149
2.38512
2.05658
1.7333
1.41379
1.09703
0.78225
0.468824
0.156188
5.42742
4.81397
4.27069
3.81933
3.42561
3.06393
2.72002
2.38648
2.05945
1.73683
1.41737
1.10021
0.784729
0.470392
0.156724
5.08433
4.55792
4.12782
3.74492
3.38775
3.04518
2.71142
2.38337
2.05932
1.73823
1.41939
1.10227
0.786443
0.471512
0.157112
4.52483
4.23513
3.95229
3.65279
3.33983
3.02038
2.6989
2.37756
2.05722
1.73813
1.42027
1.10348
0.787563
0.472281
0.157384
3.99114
3.9077
3.78845
3.57017
3.2965
2.99704
2.68636
2.37112
2.05431
1.73724
1.42045
1.10413
0.788272
0.472799
0.157571
2.59879
3.60528
3.69348
3.52616
3.27119
2.98156
2.67703
2.36584
2.05166
1.73622
1.42037
1.10449
0.788745
0.473164
0.157706
4.117
3.94068
3.77605
3.54318
3.27004
2.97648
2.6724
2.3627
2.04994
1.73556
1.42036
1.1048
0.789133
0.47346
0.157815
4.72193
4.26808
3.9061
3.58833
3.28319
2.97878
2.67173
2.36174
2.04943
1.73553
1.42066
1.10524
0.789554
0.473755
0.157921
5.44648
4.53184
4.00555
3.62486
3.29593
2.98299
2.67318
2.36248
2.05009
1.73625
1.42139
1.10591
0.790083
0.474094
0.158037
5.43586
4.52603
4.00403
3.62559
3.29768
2.9851
2.6753
2.36445
2.05184
1.73774
1.42261
1.10685
0.790758
0.474498
0.158172
4.67198
4.25104
3.90294
3.59138
3.28889
2.98534
2.67823
2.36773
2.05471
1.74002
1.42432
1.10808
0.791578
0.474968
0.158325
4.06725
3.92558
3.77662
3.55104
3.28092
2.9881
2.68357
2.37284
2.05881
1.74306
1.42647
1.10954
0.792505
0.47548
0.158488
2.58779
3.60534
3.70363
3.54179
3.28881
2.99906
2.69328
2.38031
2.06417
1.74675
1.42892
1.11111
0.793459
0.475987
0.158647
3.99593
3.92362
3.81137
3.59601
3.32235
3.02121
2.70805
2.39007
2.07051
1.75078
1.43143
1.11262
0.79432
0.476423
0.158779
4.54677
4.26976
3.99082
3.69088
3.37508
3.05178
2.72623
2.40099
2.07704
1.75463
1.43363
1.11382
0.794934
0.476702
0.158858
5.14752
4.61739
4.18497
3.79694
3.43316
3.08397
2.74425
2.41108
2.0826
1.75756
1.43506
1.11442
0.795128
0.476731
0.158854
5.50841
4.89734
4.34842
3.88635
3.48123
3.10964
2.7578
2.41798
2.08584
1.75879
1.43525
1.11415
0.794731
0.47642
0.158738
6.18691
5.13429
4.45168
3.9364
3.50613
3.12169
2.76306
2.41964
2.08561
1.75767
1.43381
1.11275
0.793599
0.475691
0.158488
6.16124
5.11447
4.4389
3.92759
3.49932
3.11589
2.75784
2.41484
2.08124
1.75378
1.43049
1.11007
0.791637
0.474493
0.158085
5.39167
4.83705
4.31221
3.8613
3.46149
3.09255
2.74223
2.4036
2.07268
1.74707
1.42523
1.10607
0.788809
0.472805
0.157523
5.01181
4.53911
4.13432
3.75969
3.40235
3.05635
2.71857
2.38707
2.06051
1.73783
1.41816
1.1008
0.78514
0.470635
0.156804
4.43718
4.19415
3.93565
3.64623
3.33541
3.01452
2.69062
2.3672
2.04573
1.72655
1.40956
1.09441
0.7807
0.468015
0.155938
3.90862
3.86009
3.75858
3.54779
3.27558
2.97485
2.66238
2.34607
2.02942
1.71384
1.39973
1.08705
0.775583
0.464993
0.154938
2.55698
3.56297
3.65751
3.49217
3.23567
2.9434
2.63688
2.32524
2.01246
1.70017
1.38896
1.07892
0.769885
0.461618
0.15382
4.0582
3.89891
3.73703
3.50003
3.2207
2.92191
2.615
2.30529
1.99522
1.68582
1.37745
1.07012
0.76369
0.457937
0.152599
4.67312
4.23682
3.8688
3.53744
3.21937
2.90613
2.59512
2.28566
1.97759
1.67083
1.36527
1.06074
0.757057
0.453985
0.151287
5.44822
4.52744
3.97524
3.56578
3.21481
2.88887
2.57423
2.26514
1.95913
1.65508
1.35242
1.05083
0.75003
0.449793
0.149894
5.49276
4.56223
3.9827
3.55368
3.19296
2.86383
2.54956
2.24255
1.93937
1.63841
1.3389
1.04041
0.742643
0.445386
0.148429
4.87538
4.35344
3.88576
3.49429
3.1493
2.82855
2.5199
2.21739
1.91814
1.62082
1.32473
1.02952
0.734936
0.440789
0.146901
4.55872
4.10712
3.73601
3.40279
3.08891
2.78492
2.48606
2.19002
1.89566
1.60242
1.31001
1.01824
0.726956
0.43603
0.145319
4.05409
3.80504
3.56009
3.29799
3.02174
2.73778
2.45033
2.16155
1.87246
1.58352
1.2949
1.00666
0.718759
0.431138
0.143692
3.5724
3.50025
3.39619
3.20317
2.96001
2.69313
2.41557
2.13336
1.84923
1.56445
1.27958
0.994875
0.7104
0.426141
0.14203
2.32175
3.21775
3.29417
3.1433
2.91485
2.65595
2.38411
2.10656
1.82652
1.5455
1.26421
0.982973
0.701919
0.421058
0.140336
3.6736
3.50451
3.35007
3.13746
2.89094
2.62783
2.35666
2.08155
1.80456
1.5268
1.24885
0.970985
0.693332
0.415896
0.138613
4.20466
3.78122
3.44647
3.15529
2.87864
2.60537
2.33202
2.0579
1.78321
1.5083
1.23347
0.958889
0.684623
0.410643
0.136858
4.82914
3.99646
3.51271
3.16316
2.86408
2.58303
2.30796
2.03471
1.76207
1.4898
1.21796
0.946614
0.675742
0.405269
0.135059
4.80481
3.96951
3.48586
3.13612
2.83707
2.55661
2.2827
2.01117
1.74072
1.47106
1.20217
0.934043
0.66661
0.399729
0.133202
4.09966
3.69846
3.36612
3.07399
2.79724
2.52567
2.25586
1.98694
1.71888
1.45184
1.18589
0.921027
0.65712
0.393957
0.131265
3.54733
3.37971
3.21858
3.00131
2.75389
2.49357
2.22844
1.96216
1.6964
1.4319
1.1689
0.907381
0.647138
0.387874
0.129222
2.21846
3.05659
3.11009
2.94968
2.71959
2.46486
2.20186
1.93707
1.67311
1.41098
1.15094
0.892881
0.6365
0.381379
0.127038
3.3888
3.27844
3.15024
2.94656
2.70247
2.44195
2.17658
1.91145
1.64859
1.38865
1.13164
0.87725
0.625009
0.374357
0.124676
3.81369
3.51277
3.24288
2.97162
2.69684
2.42244
2.15118
1.88431
1.6221
1.36435
1.11056
0.860157
0.612438
0.366672
0.122092
4.21557
3.72565
3.33656
2.99922
2.69104
2.40079
2.12278
1.85398
1.59258
1.33732
1.08719
0.841227
0.598532
0.358178
0.119235
4.43184
3.86861
3.39438
3.0067
2.67287
2.37069
2.08802
1.81855
1.55883
1.30679
1.06094
0.820062
0.58302
0.348716
0.116056
4.81379
3.94985
3.39217
2.97688
2.63281
2.32708
2.04415
1.77639
1.5198
1.272
1.03129
0.796261
0.565628
0.338125
0.112499
4.68047
3.81852
3.29118
2.89771
2.56617
2.2677
1.98979
1.72652
1.47472
1.23232
0.997714
0.769438
0.546081
0.32624
0.108512
3.84529
3.45491
3.09731
2.77563
2.47662
2.19408
1.92529
1.66873
1.42314
1.18728
0.959781
0.739225
0.52411
0.3129
0.104039
3.25825
3.06862
2.87857
2.63788
2.3757
2.11095
1.85235
1.60336
1.36486
1.13645
0.917062
0.705259
0.499445
0.297939
0.0990248
1.9646
2.68272
2.69507
2.51513
2.27663
2.02358
1.77276
1.53073
1.29961
1.07941
0.869104
0.667158
0.471806
0.281189
0.0934138
2.90092
2.78698
2.64516
2.4331
2.18772
1.9347
1.68711
1.45057
1.22682
1.01553
0.815368
0.6245
0.440897
0.262475
0.0871483
3.20862
2.91067
2.64409
2.3743
2.10414
1.8421
1.5938
1.36156
1.1454
0.943958
0.755206
0.576819
0.406408
0.241621
0.0801713
3.44285
3.01262
2.64529
2.3158
2.01499
1.73998
1.48937
1.26143
1.05378
0.863602
0.687871
0.52362
0.368029
0.218458
0.0724296
3.57753
3.07094
2.62028
2.23744
1.90796
1.62094
1.36921
1.14723
0.950075
0.773237
0.612587
0.464427
0.325483
0.192846
0.0638801
3.85273
3.09047
2.5482
2.12208
1.77148
1.47742
1.22842
1.0158
0.832283
0.671655
0.528649
0.39885
0.278572
0.164694
0.0544972
3.75923
2.95728
2.39553
1.95433
1.59578
1.30263
1.06238
0.864179
0.698618
0.557856
0.435555
0.326676
0.227227
0.133992
0.0442832
3.19474
2.65732
2.1592
1.72922
1.37473
1.09113
0.867145
0.689895
0.547744
0.431254
0.333154
0.247965
0.171576
0.100848
0.0332781
2.77157
2.33011
1.87559
1.45175
1.10452
0.838286
0.63947
0.49123
0.379049
0.291889
0.221794
0.163149
0.112
0.065515
0.0215702
1.83534
2.01204
1.57073
1.12112
0.778161
0.538731
0.376706
0.267517
0.192966
0.140668
0.102483
0.0731293
0.0491873
0.0284196
0.00930337
3.32552
2.12316
1.27169
0.716376
0.380024
0.185582
0.0773335
0.0197619
-0.0085854
-0.020367
-0.0229684
-0.0206524
-0.0158312
-0.00982339
-0.00331836
4.02278
1.99061
0.767081
0.15938
-0.116614
-0.227236
-0.257098
-0.24824
-0.221641
-0.187791
-0.151847
-0.116181
-0.0816772
-0.0484127
-0.0160323
5.47179
1.29641
-0.16501
-0.628361
-0.728223
-0.696011
-0.618273
-0.528488
-0.439712
-0.356675
-0.280544
-0.210911
-0.146666
-0.0863886
-0.0285262
2.17021
-1.28264
-1.78982
-1.66883
-1.43175
-1.19636
-0.987705
-0.807964
-0.653775
-0.520769
-0.404741
-0.301909
-0.208905
-0.12269
-0.0404584
-10.9692
-5.90709
-3.85053
-2.79
-2.13421
-1.67809
-1.33696
-1.06963
-0.853105
-0.673077
-0.519787
-0.386096
-0.266438
-0.156231
-0.0514812
0.122096
0.367219
0.615214
0.868265
1.12903
1.40098
1.68902
2.00055
2.34753
2.75075
3.24935
3.92422
4.96291
6.86165
11.1309
0.119387
0.359273
0.602587
0.851949
1.11055
1.38258
1.67385
1.99291
2.35294
2.7751
3.2945
3.96994
4.89538
6.18278
7.72135
0.115566
0.347895
0.583906
0.82638
1.07865
1.34494
1.63091
1.94436
2.2963
2.70231
3.18356
3.7654
4.46585
5.25188
5.91023
0.110548
0.332831
0.558753
0.791003
1.0327
1.28763
1.56052
1.85737
2.18569
2.55433
2.97196
3.44219
3.95192
4.44851
4.80588
0.104341
0.314123
0.527261
0.746165
0.973512
1.21235
1.46619
1.73899
2.03488
2.35739
2.70738
3.07879
3.45175
3.78496
4.01295
0.0970297
0.292051
0.489986
0.69286
0.902806
1.12207
1.35295
1.59761
1.85764
2.13315
2.42115
2.71281
2.99035
3.22564
3.38367
0.0887524
0.267055
0.447756
0.632459
0.822752
1.02015
1.22594
1.44098
1.66517
1.89684
2.1316
2.36092
2.571
2.74331
2.85789
0.0796746
0.239653
0.401509
0.566444
0.735562
0.909778
1.08966
1.27518
1.46537
1.65779
1.84795
2.02868
2.18983
2.31916
2.40463
0.0699649
0.210369
0.352172
0.496227
0.643245
0.793699
0.947674
1.10467
1.26332
1.42109
1.57399
1.71632
1.8408
1.93926
2.00415
0.0597794
0.179679
0.300572
0.423031
0.54747
0.674064
0.802619
0.932425
1.06206
1.18924
1.31065
1.42193
1.51791
1.59311
1.64265
0.0492521
0.147989
0.247398
0.347838
0.449522
0.552443
0.656282
0.760299
0.863213
0.963109
1.05739
1.14285
1.21584
1.27266
1.31013
0.0384912
0.115625
0.193188
0.27139
0.35032
0.429885
0.509747
0.589247
0.66734
0.742544
0.812937
0.876228
0.929914
0.971538
0.999035
0.0275798
0.0828308
0.138337
0.194211
0.250474
0.307015
0.363549
0.419571
0.474316
0.526739
0.575524
0.619147
0.655983
0.68447
0.703314
0.0165786
0.0497838
0.0831215
0.116643
0.150345
0.184145
0.217854
0.251158
0.283594
0.314543
0.343241
0.368816
0.390353
0.406987
0.418011
-32282.8
-32248.5
-32214.3
-32180
-32145.9
-32111.9
-32078
-32044.2
-32010.6
-31977.2
-31944
-31911.1
-31878.4
-31845.9
-31813.8
14.3142
-7.80551
21.098
-0.620397
20.6097
3.23304
-14.2265
7.48079
-14.8251
19.044
-3.68407
18.7451
-0.989635
17.2153
1.5511
-14.177
4.94101
-15.0257
14.8883
-5.14235
14.5067
-1.27833
-16.9298
1.24585
-18.3647
3.61306
-18.9666
14.8544
-7.36508
14.548
-2.78829
-19.9264
0.184766
-21.2727
2.94056
-21.7719
15.3852
-8.95986
15.1304
-3.92763
-22.8488
-0.596255
-24.5394
2.69019
-25.3517
17.5145
-10.8849
17.8148
-6.93247
16.4855
-3.26033
-23.1962
1.49358
-24.0804
14.7157
-11.1345
14.4852
-6.05964
-26.5787
-2.60159
-28.6334
0.847454
-29.4582
16.2828
-13.796
16.0348
-7.68803
-31.3551
-3.41199
-33.4902
1.00206
-34.0868
19.436
-15.411
19.6481
-7.79141
-35.1709
-2.0886
-36.9141
3.95598
-36.5261
26.151
-13.7016
27.0504
-3.76832
-34.1253
4.73098
-32.5886
18.2193
-18.5424
7.66599
4.24815
8.48083
5.8029
7.95006
3.36085
-1.13931
1.38998
-0.629507
5.47569
3.68249
7.08908
4.40508
5.9814
1.65467
-2.56843
-0.539855
-2.57297
2.55312
0.553736
2.72397
-1.45676
-5.76493
-4.18942
-6.87791
-3.56826
-5.357
0.757254
-1.21227
1.39587
-3.05723
-7.67053
-5.81757
-8.66769
-4.94286
-6.82747
-0.053151
-2.15846
0.751583
-4.10674
-9.14485
-7.03231
-10.1183
-5.79238
-7.70979
0.423784
-1.46765
3.17475
0.0621945
2.32473
-2.96888
-8.16507
-5.38326
-7.84469
-1.08764
-3.57597
-0.678872
-6.08005
-11.6702
-9.53886
-13.0495
-8.54999
-10.8902
-2.58109
-5.22176
-1.66238
-7.75388
-14.0717
-11.4354
-15.3362
-9.90997
-12.4341
-2.54005
-5.39804
-1.00794
-7.86657
-14.9642
-11.5515
-15.7661
-9.02655
-11.5839
0.32065
-2.56491
2.92146
-4.42537
-11.9483
-7.40512
-11.4979
-3.66179
-9.18095
5.86639
5.28433
5.81414
5.27731
4.99
3.35963
1.82476
1.84849
1.86564
3.28003
3.56032
4.20237
3.66386
3.24665
1.6079
0.0366059
-0.173115
-0.430715
0.477286
0.244246
0.0851856
-1.45305
-3.07388
-3.48603
-4.02989
-3.40946
-3.12926
-1.70092
-1.65294
-1.5898
-3.0972
-4.7278
-5.0492
-5.53234
-4.7505
-4.3537
-2.70666
-2.58102
-2.44268
-4.02881
-5.73968
-5.9843
-6.37232
-5.28637
-4.54315
-2.23272
-1.46092
-0.29996
-0.685075
-0.956965
-2.81949
-4.62404
-4.71155
-4.88526
-3.57927
-3.77413
-3.89506
-5.82998
-7.88212
-8.35321
-9.00191
-8.09963
-7.65873
-5.67862
-5.57694
-5.4636
-7.4952
-9.68342
-10.0464
-10.6146
-9.37448
-8.66483
-6.15405
-5.82337
-5.46671
-7.59855
-9.89329
-10.0318
-10.393
-8.62217
-7.46777
-4.21243
-3.4844
-2.72811
-4.82932
-7.14722
-7.10578
-7.58501
-6.31125
-7.10872
4.84839
4.72048
4.6845
4.39352
3.96511
3.22208
2.54571
2.31774
2.35011
2.71884
2.91863
3.01706
2.74945
2.2724
1.4655
0.6826
0.264177
0.0347639
0.0462102
-0.170052
-0.565846
-1.32862
-2.12152
-2.59111
-2.85654
-2.7588
-2.5529
-2.16946
-2.11345
-2.31194
-2.95777
-3.66827
-4.0459
-4.2165
-4.0016
-3.67819
-3.1673
-3.01976
-3.15161
-3.76917
-4.44383
-4.72769
-4.74674
-4.28475
-3.63122
-2.67152
-2.01253
-1.54626
-1.59335
-1.94612
-2.75157
-3.55356
-3.91371
-4.05465
-3.90774
-4.07683
-4.4972
-5.40923
-6.36897
-6.90999
-7.18597
-6.98314
-6.64203
-6.06949
-5.94726
-6.17448
-7.00938
-7.92194
-8.36052
-8.49556
-8.07364
-7.4878
-6.62732
-6.2848
-6.34074
-7.0947
-7.92614
-8.19036
-8.08904
-7.32902
-6.37595
-5.10516
-4.44365
-4.26194
-4.92037
-5.74279
-6.05612
-6.19612
-5.9778
-6.02469
4.07071
4.02468
3.92249
3.70802
3.39362
2.98896
2.62141
2.41259
2.35072
2.40142
2.4234
2.35933
2.13708
1.77358
1.28904
0.804271
0.429854
0.153965
-0.0564182
-0.325308
-0.687925
-1.16027
-1.63419
-1.98959
-2.20557
-2.26331
-2.23158
-2.16591
-2.20696
-2.38936
-2.72468
-3.08753
-3.34016
-3.45521
-3.4084
-3.27208
-3.10417
-3.05565
-3.16061
-3.42681
-3.71021
-3.85189
-3.81334
-3.55845
-3.15967
-2.67681
-2.28613
-2.05284
-2.06095
-2.2829
-2.68816
-3.11888
-3.43109
-3.63809
-3.7807
-4.01725
-4.39088
-4.91934
-5.45832
-5.84803
-6.05913
-6.06542
-5.95822
-5.81155
-5.81397
-6.0099
-6.41134
-6.84261
-7.11141
-7.1782
-7.00858
-6.70597
-6.35446
-6.1721
-6.20928
-6.47895
-6.77552
-6.87502
-6.73338
-6.31365
-5.74142
-5.12032
-4.7117
-4.58566
-4.77496
-5.07115
-5.25587
-5.3233
-5.26288
-5.18075
3.43333
3.40809
3.32042
3.16458
2.95015
2.70038
2.46642
2.29365
2.18695
2.12302
2.04968
1.92691
1.72555
1.44642
1.11017
0.764244
0.450792
0.175915
-0.077775
-0.34865
-0.655138
-0.992834
-1.32084
-1.59218
-1.7859
-1.90017
-1.96267
-2.01232
-2.10059
-2.25031
-2.45573
-2.66931
-2.83639
-2.93091
-2.94803
-2.91544
-2.87309
-2.87452
-2.94145
-3.0637
-3.18469
-3.23966
-3.19549
-3.04339
-2.81317
-2.55336
-2.33706
-2.21575
-2.22452
-2.3596
-2.59195
-2.85862
-3.10376
-3.31796
-3.52208
-3.7639
-4.06519
-4.41783
-4.76611
-5.04666
-5.23053
-5.31438
-5.33446
-5.34204
-5.40511
-5.55236
-5.77324
-6.00009
-6.15592
-6.20392
-6.13759
-5.99705
-5.8404
-5.74561
-5.74526
-5.82658
-5.91074
-5.90885
-5.77999
-5.51966
-5.17894
-4.83112
-4.57437
-4.4567
-4.47687
-4.56109
-4.62522
-4.635
-4.57948
-4.47208
2.89688
2.88095
2.81603
2.70505
2.55709
2.38855
2.2228
2.07902
1.96101
1.85757
1.74653
1.60702
1.42536
1.20085
0.944562
0.676722
0.415432
0.166581
-0.0751713
-0.321504
-0.57823
-0.840198
-1.08992
-1.30745
-1.48157
-1.61251
-1.71327
-1.80409
-1.90672
-2.03208
-2.17604
-2.31913
-2.43818
-2.51915
-2.56035
-2.57399
-2.5801
-2.60022
-2.64378
-2.70355
-2.75539
-2.77135
-2.73423
-2.64194
-2.51041
-2.36839
-2.25233
-2.19248
-2.20731
-2.29734
-2.44741
-2.63045
-2.82204
-3.01343
-3.2102
-3.42597
-3.66661
-3.9236
-4.17242
-4.38548
-4.54689
-4.65609
-4.72959
-4.79354
-4.87589
-4.98967
-5.12739
-5.26065
-5.35647
-5.395
-5.37418
-5.31201
-5.23792
-5.18376
-5.16428
-5.17071
-5.17042
-5.12607
-5.01642
-4.84187
-4.62711
-4.4112
-4.2372
-4.12967
-4.08702
-4.08035
-4.07313
-4.0408
-3.97073
-3.85923
2.43506
2.42502
2.37865
2.29952
2.19447
2.07353
1.94843
1.82816
1.71501
1.60403
1.48533
1.34882
1.18793
1.0021
0.79669
0.58089
0.363299
0.148184
-0.0647866
-0.278174
-0.492528
-0.703923
-0.904062
-1.08392
-1.23811
-1.36697
-1.47681
-1.57748
-1.67876
-1.78565
-1.8962
-2.00213
-2.09337
-2.16322
-2.21089
-2.2419
-2.26549
-2.2907
-2.32128
-2.35334
-2.37629
-2.378
-2.35095
-2.29555
-2.22128
-2.1446
-2.08519
-2.06024
-2.08037
-2.14722
-2.25399
-2.38855
-2.53924
-2.69976
-2.86959
-3.0509
-3.24314
-3.43986
-3.62894
-3.79741
-3.93721
-4.04798
-4.13727
-4.21735
-4.30023
-4.3914
-4.48684
-4.57407
-4.63848
-4.67052
-4.66931
-4.64314
-4.60581
-4.57103
-4.54513
-4.52366
-4.49274
-4.43651
-4.34556
-4.22123
-4.0762
-3.93026
-3.8037
-3.70869
-3.6449
-3.60006
-3.55694
-3.5007
-3.42135
-3.31331
2.02811
2.02204
1.9891
1.93205
1.85546
1.76533
1.66793
1.56793
1.46681
1.36254
1.25074
1.12673
0.987428
0.832592
0.66487
0.488748
0.308735
0.127856
-0.0526208
-0.232246
-0.409855
-0.582594
-0.746117
-0.896047
-1.02976
-1.14747
-1.25219
-1.34862
-1.44129
-1.53254
-1.62157
-1.70482
-1.7779
-1.83773
-1.88394
-1.919
-1.94705
-1.97192
-1.99512
-2.01475
-2.02624
-2.02456
-2.00696
-1.97481
-1.93409
-1.89442
-1.86694
-1.86155
-1.88469
-1.93811
-2.01907
-2.12197
-2.24082
-2.37126
-2.51101
-2.65868
-2.81182
-2.96574
-3.11378
-3.2493
-3.36804
-3.46949
-3.55695
-3.63587
-3.71142
-3.78579
-3.85694
-3.9192
-3.96598
-3.99284
-3.99935
-3.9893
-3.96903
-3.94456
-3.91864
-3.8893
-3.85066
-3.79611
-3.72195
-3.62961
-3.52584
-3.42067
-3.32405
-3.24209
-3.17488
-3.11682
-3.05925
-2.99357
-2.913
-2.8131
1.66155
1.65807
1.63461
1.59305
1.53631
1.46797
1.39158
1.30976
1.22357
1.13234
1.03422
0.927151
0.809791
0.682155
0.545675
0.402749
0.255976
0.107511
-0.0411062
-0.188637
-0.333598
-0.473927
-0.607127
-0.730885
-0.843832
-0.946009
-1.03883
-1.12451
-1.20517
-1.28195
-1.35455
-1.42147
-1.48078
-1.53112
-1.57232
-1.60548
-1.63243
-1.65484
-1.67335
-1.68715
-1.69441
-1.69329
-1.68319
-1.66567
-1.64466
-1.62597
-1.61614
-1.62104
-1.6447
-1.68862
-1.75185
-1.83173
-1.92499
-2.02865
-2.14034
-2.25788
-2.37871
-2.49942
-2.616
-2.72472
-2.8231
-2.91055
-2.9883
-3.05863
-3.12368
-3.18425
-3.23926
-3.28606
-3.32164
-3.34392
-3.3527
-3.34969
-3.33778
-3.31967
-3.29663
-3.26788
-3.23103
-3.18352
-3.12412
-3.05408
-2.9771
-2.89838
-2.82294
-2.75388
-2.69134
-2.63257
-2.57301
-2.50771
-2.43237
-2.34395
1.32484
1.32295
1.30627
1.276
1.23397
1.18232
1.12314
1.05802
0.987726
0.912186
0.830725
0.742523
0.647094
0.544597
0.43591
0.322441
0.205806
0.0875424
-0.0309983
-0.148568
-0.26385
-0.375364
-0.481566
-0.581123
-0.673239
-0.757849
-0.835578
-0.907452
-0.97447
-1.03719
-1.09554
-1.14889
-1.19641
-1.2375
-1.27211
-1.30072
-1.32417
-1.34321
-1.35816
-1.36878
-1.37447
-1.37476
-1.36992
-1.36136
-1.35171
-1.34459
-1.34394
-1.35334
-1.37535
-1.41113
-1.46046
-1.52204
-1.594
-1.67432
-1.76104
-1.85219
-1.94561
-2.03885
-2.12936
-2.21485
-2.29373
-2.3654
-2.43015
-2.48883
-2.54223
-2.59056
-2.63322
-2.66894
-2.69629
-2.7143
-2.72287
-2.72276
-2.7153
-2.70173
-2.6827
-2.65796
-2.62665
-2.58789
-2.54149
-2.4884
-2.43074
-2.37125
-2.31253
-2.25616
-2.20224
-2.14933
-2.09494
-2.03622
-1.97054
-1.89593
1.01007
1.00912
0.99748
0.975895
0.945477
0.907519
0.863269
0.813715
0.759431
0.700559
0.636933
0.568304
0.494571
0.415952
0.33303
0.24669
0.157978
0.0679708
-0.0222915
-0.111799
-0.199534
-0.284459
-0.365582
-0.442085
-0.513465
-0.57961
-0.640767
-0.697397
-0.749967
-0.798755
-0.843755
-0.884716
-0.921294
-0.953239
-0.980537
-1.00342
-1.02228
-1.03748
-1.04922
-1.05753
-1.06231
-1.06365
-1.06204
-1.05861
-1.05514
-1.05389
-1.05727
-1.06749
-1.08616
-1.11414
-1.15144
-1.19742
-1.25097
-1.31077
-1.37536
-1.44322
-1.51274
-1.58221
-1.64994
-1.71447
-1.77474
-1.83018
-1.88074
-1.92662
-1.96805
-2.00501
-2.03715
-2.06382
-2.08434
-2.09825
-2.10548
-2.10639
-2.10157
-2.09164
-2.07693
-2.05744
-2.03294
-2.00322
-1.96843
-1.92927
-1.88695
-1.84296
-1.79865
-1.75486
-1.71162
-1.66813
-1.62303
-1.57467
-1.52148
-1.46226
0.710988
0.710543
0.70285
0.688344
0.667673
0.641594
0.610843
0.576026
0.537539
0.495564
0.450128
0.401207
0.34885
0.293257
0.23482
0.174095
0.111747
0.0484908
-0.0149545
-0.0778748
-0.139564
-0.199336
-0.256566
-0.310748
-0.36156
-0.408891
-0.45282
-0.493541
-0.531267
-0.566134
-0.598154
-0.627233
-0.653233
-0.676059
-0.695712
-0.712312
-0.726047
-0.737112
-0.745653
-0.75176
-0.755528
-0.75718
-0.757184
-0.756343
-0.755795
-0.756921
-0.761172
-0.769863
-0.783992
-0.804115
-0.83032
-0.862278
-0.899351
-0.940696
-0.985347
-1.03226
-1.08033
-1.12844
-1.1755
-1.2206
-1.26303
-1.30236
-1.33841
-1.37116
-1.40063
-1.42673
-1.44925
-1.46786
-1.48222
-1.49211
-1.49749
-1.49852
-1.49548
-1.48867
-1.47828
-1.46438
-1.44697
-1.42607
-1.40188
-1.37487
-1.34574
-1.31529
-1.28422
-1.25295
-1.22148
-1.1894
-1.15593
-1.12017
-1.08122
-1.03835
0.422553
0.422374
0.417982
0.409609
0.397593
0.382328
0.364202
0.343544
0.32059
0.295472
0.268254
0.238974
0.207699
0.174568
0.139809
0.103737
0.0667235
0.0291771
-0.00848253
-0.0458353
-0.0824696
-0.117994
-0.152061
-0.184389
-0.214796
-0.243204
-0.269626
-0.294138
-0.316828
-0.337756
-0.356934
-0.374332
-0.389898
-0.403598
-0.415442
-0.425486
-0.43382
-0.440544
-0.445748
-0.449516
-0.451954
-0.453247
-0.453706
-0.453811
-0.454197
-0.455614
-0.458836
-0.464567
-0.473347
-0.485491
-0.501068
-0.519926
-0.541728
-0.566011
-0.592226
-0.619768
-0.648003
-0.676294
-0.704038
-0.730713
-0.755913
-0.779372
-0.800941
-0.820556
-0.838173
-0.853724
-0.867089
-0.878111
-0.886634
-0.892555
-0.895852
-0.896593
-0.894906
-0.890925
-0.884758
-0.876467
-0.866092
-0.853701
-0.839446
-0.82359
-0.806492
-0.788548
-0.770098
-0.751339
-0.732267
-0.712667
-0.692161
-0.670283
-0.646574
-0.620667
-31784.6
-31758.2
-31732.1
-31706.1
-31680.3
-31654.8
-31629.4
-31604.2
-31579.1
-31554.2
-31529.5
-31504.9
-31480.4
-31456
-31431.7
-31407.4
-31383.2
-31359.1
-31335
-31310.9
-31286.7
-31262.6
-31238.4
-31214.1
-31189.8
-31165.4
-31140.8
-31116.2
-31091.4
-31066.5
-31041.4
-31016.2
-30990.9
-30965.3
-30939.6
-30913.7
-30887.6
-30861.3
-30834.9
-30808.2
-30781.4
-30754.3
-30727
-30699.6
-30671.9
-30644.1
-30616
-30587.8
-30559.3
-30530.7
-30501.8
-30472.7
-30443.4
-30413.8
-30384
-30353.9
-30323.6
-30292.9
-30262
-30230.7
-30199.1
-30167.2
-30134.9
-30102.3
-30069.3
-30035.9
-30002.1
-29968
-29933.4
-29898.4
-29863.1
-29827.3
-29791.1
-29754.5
-29717.5
-29680.1
-29642.3
-29604.1
-29565.6
-29526.6
-29487.3
-29447.6
-29407.5
-29367.1
-29326.4
-29285.3
-29243.9
-29202.1
-29160.1
-29117.8
-14.984
-8.17759
-5.20817
-3.66202
-2.73146
-2.10798
-1.65737
-1.31377
-1.04113
-0.817806
-0.629663
-0.466777
-0.321703
-0.188495
-0.0620915
-9.68388
-7.38481
-5.42813
-4.05475
-3.10076
-2.41707
-1.90774
-1.5143
-1.20056
-0.94313
-0.726169
-0.538329
-0.371029
-0.217404
-0.0716162
-7.23109
-6.24981
-5.06507
-4.02818
-3.19972
-2.5517
-2.04212
-1.6351
-1.30364
-1.02798
-0.793558
-0.589345
-0.406685
-0.238477
-0.078587
-5.89328
-5.31849
-4.5543
-3.79317
-3.11816
-2.5478
-2.07385
-1.6803
-1.35091
-1.0716
-0.830742
-0.618811
-0.427894
-0.251236
-0.0828423
-4.98722
-4.57668
-4.04046
-3.47195
-2.93182
-2.44738
-2.02513
-1.6613
-1.34808
-1.07676
-0.839003
-0.627268
-0.43485
-0.25573
-0.0843897
-4.28066
-3.96052
-3.5588
-3.12224
-2.68966
-2.28468
-1.91795
-1.59166
-1.30336
-1.04837
-0.821246
-0.616414
-0.42851
-0.252446
-0.0833774
-3.68527
-3.42581
-3.11182
-2.76843
-2.41983
-2.08369
-1.77029
-1.48403
-1.22531
-0.992134
-0.781204
-0.588639
-0.410337
-0.242171
-0.0800529
-3.15939
-2.94546
-2.69412
-2.41974
-2.13751
-1.85992
-1.59549
-1.34888
-1.12175
-0.913661
-0.722812
-0.546613
-0.382039
-0.225852
-0.0747205
-2.67941
-2.50244
-2.29939
-2.07886
-1.85052
-1.62302
-1.40289
-1.19427
-0.999183
-0.817975
-0.649794
-0.49298
-0.345368
-0.20449
-0.0677048
-2.2305
-2.08546
-1.92214
-1.74582
-1.56272
-1.37878
-1.1988
-1.02616
-0.86277
-0.709295
-0.565435
-0.430168
-0.301983
-0.179045
-0.0593219
-1.80285
-1.68675
-1.55789
-1.41955
-1.27578
-1.13058
-0.987405
-0.848823
-0.71645
-0.591012
-0.47249
-0.360281
-0.253354
-0.150385
-0.0498563
-1.38972
-1.30076
-1.20307
-1.09869
-0.990226
-0.880329
-0.771382
-0.665246
-0.563168
-0.465789
-0.373209
-0.285088
-0.200746
-0.119262
-0.0395525
-0.986452
-0.923533
-0.85496
-0.781962
-0.706131
-0.629152
-0.552568
-0.477627
-0.405203
-0.335779
-0.26948
-0.206124
-0.145288
-0.0863701
-0.0286507
-0.58951
-0.55199
-0.511288
-0.468068
-0.423192
-0.377585
-0.332114
-0.287494
-0.244238
-0.202646
-0.162808
-0.124641
-0.0879137
-0.0522889
-0.0173521
-29070.9
-29019.4
-28967.5
-28915.3
-28862.8
-28810
-28756.9
-28703.7
-28650.2
-28596.6
-28542.8
-28489
-28435
-28381
-28327
)
;

boundaryField
{
    hot
    {
        type            calculated;
        value           nonuniform List<scalar> 
120
(
32274.6
-0.0140322
-0.0233089
-0.0324704
-0.0414337
-0.0500745
-0.0582539
-0.0657821
-0.0724226
-0.0779047
-0.081941
-0.0842542
-0.0846143
-0.0828783
-0.0790238
-0.0738019
-0.067684
-0.0605199
-0.0525328
-0.0439571
-0.0350196
-0.0259221
-0.0168327
-0.00788345
0.000829189
0.00924018
0.0173105
0.0250209
0.0323667
0.0393523
0.0459884
0.0522885
0.058268
0.0639424
0.0693269
0.0744356
0.0792805
0.0838721
0.0882186
0.0923275
0.096206
0.099863
0.103309
0.106556
0.10962
0.112514
0.115252
0.117847
0.120309
0.122648
0.124875
0.127001
0.129037
0.130996
0.132891
0.134731
0.136523
0.138273
0.139983
0.141656
0.143294
0.144902
0.146482
0.148035
0.149562
0.151059
0.152517
0.153927
0.15528
0.156564
0.15777
0.158889
0.159908
0.160814
0.16159
0.162217
0.162673
0.162938
0.162996
0.162831
0.162431
0.161788
0.160893
0.159742
0.158331
0.156662
0.154745
0.152599
0.150256
0.147758
0.145157
0.142514
0.139894
0.137365
0.134995
0.132845
0.130968
0.129401
0.128157
0.127215
0.12652
0.125975
0.125446
0.124775
0.123785
0.122096
0.119387
0.115566
0.110548
0.104341
0.0970297
0.0887524
0.0796746
0.0699649
0.0597794
0.0492521
0.0384912
0.0275798
0.0165786
-32282.8
)
;
    }
    cold
    {
        type            calculated;
        value           nonuniform List<scalar> 
120
(
28317.9
0.0152153
0.0253094
0.0353159
0.0451754
0.0548058
0.0640993
0.072922
0.0811177
0.0885168
0.094954
0.100293
0.104452
0.107427
0.109313
0.110277
0.110647
0.110746
0.110759
0.110859
0.111188
0.111852
0.112913
0.114395
0.116284
0.118543
0.121113
0.123925
0.126903
0.12997
0.133051
0.136078
0.138989
0.141736
0.144281
0.146599
0.148676
0.150508
0.152097
0.153447
0.15457
0.155478
0.156188
0.156724
0.157112
0.157384
0.157571
0.157706
0.157815
0.157921
0.158037
0.158172
0.158325
0.158488
0.158647
0.158779
0.158858
0.158854
0.158738
0.158488
0.158085
0.157523
0.156804
0.155938
0.154938
0.15382
0.152599
0.151287
0.149894
0.148429
0.146901
0.145319
0.143692
0.14203
0.140336
0.138613
0.136858
0.135059
0.133202
0.131265
0.129222
0.127038
0.124676
0.122092
0.119235
0.116056
0.112499
0.108512
0.104039
0.0990248
0.0934138
0.0871483
0.0801713
0.0724296
0.0638801
0.0544972
0.0442832
0.0332781
0.0215702
0.00930337
-0.00331836
-0.0160323
-0.0285262
-0.0404584
-0.0514812
-0.0620915
-0.0716162
-0.078587
-0.0828423
-0.0843897
-0.0833774
-0.0800529
-0.0747205
-0.0677048
-0.0593219
-0.0498563
-0.0395525
-0.0286507
-0.0173521
-28327
)
;
    }
    interface_left
    {
        type            calculated;
        value           nonuniform List<scalar> 
90
(
-10.8344
-0.77389
1.77992
0.784887
0.503087
0.182301
0.259187
0.384045
0.696646
0.857249
1.07251
1.18307
1.32224
1.28729
0.953831
1.72826
2.10433
2.66551
2.76906
2.5485
2.28813
1.50216
2.42207
2.80566
3.25692
3.53765
4.06885
4.072
3.54237
3.09612
1.96144
3.0317
3.44927
3.89635
4.17717
4.72288
4.69178
4.03439
3.50637
2.20767
3.37766
3.82817
4.30249
4.60275
5.19322
5.15478
4.42863
3.8484
2.42636
3.71282
4.21123
4.74372
5.08056
5.74313
5.70426
4.90506
4.26349
2.68789
4.12046
4.67321
5.26086
5.6249
6.33302
6.27074
5.349
4.62386
2.87616
4.37036
4.91631
5.43947
5.74215
6.31276
6.16326
5.08816
4.30983
2.56374
3.72564
4.05972
4.19322
4.22011
4.22381
3.89611
2.76805
2.13164
1.00159
0.747247
0.437957
-0.549403
1.22832
8.5385
)
;
    }
    interface_right
    {
        type            calculated;
        value           nonuniform List<scalar> 
90
(
8.37429
0.59961
-1.26383
-0.113198
0.130796
0.466824
1.4454
2.01595
3.0559
3.39439
3.51642
3.55469
3.52446
3.2688
2.28334
3.89097
4.62188
5.65261
5.81529
5.33225
5.07455
4.61989
4.12164
2.72654
4.40921
5.11407
6.02001
6.09105
5.42742
5.08433
4.52483
3.99114
2.59879
4.117
4.72193
5.44648
5.43586
4.67198
4.06725
2.58779
3.99593
4.54677
5.14752
5.50841
6.18691
6.16124
5.39167
5.01181
4.43718
3.90862
2.55698
4.0582
4.67312
5.44822
5.49276
4.87538
4.55872
4.05409
3.5724
2.32175
3.6736
4.20466
4.82914
4.80481
4.09966
3.54733
2.21846
3.3888
3.81369
4.21557
4.43184
4.81379
4.68047
3.84529
3.25825
1.9646
2.90092
3.20862
3.44285
3.57753
3.85273
3.75923
3.19474
2.77157
1.83534
3.32552
4.02278
5.47179
2.17021
-10.9692
)
;
    }
    interface_top
    {
        type            calculated;
        value           nonuniform List<scalar> 
90
(
19.7507
-18.6223
31.7463
-7.07335
31.0008
3.14363
-24.9497
13.6811
-26.9504
30.8032
-10.8172
28.2949
-6.58198
26.3798
1.45829
-23.7041
10.4853
-25.7054
25.4957
-10.8585
24.1809
-1.13919
-26.0525
6.85566
-27.7737
10.592
-30.7443
26.9086
-13.6138
25.3185
-2.59569
-29.9507
6.37075
-31.597
10.6064
-34.6954
28.6007
-15.8382
26.9347
-3.7688
-34.0046
6.15352
-36.2679
11.1078
-40.4569
32.3396
-19.9497
29.8605
-14.0954
28.0984
-3.44373
-35.4692
8.54318
-37.9396
28.3713
-18.626
27.0059
-5.9718
-38.6809
4.69313
-41.3214
10.0906
-45.4457
32.4919
-22.3835
30.6162
-7.56609
-45.3885
5.03423
-48.2666
11.7432
-52.7275
38.3195
-25.4399
36.6623
-7.65935
-51.5976
7.8238
-54.178
16.6291
-58.0955
48.2259
-25.0678
46.7427
-3.39879
-52.5025
16.5745
-50.6568
37.4709
-26.454
)
;
    }
    interface_bottom
    {
        type            calculated;
        value           nonuniform List<scalar> 
90
(
-24.8302
29.8384
-46.0058
0.777125
47.8727
-18.4846
48.389
-29.0152
50.8082
-62.1861
16.3321
-56.8673
6.88105
-53.38
-8.85454
35.6802
-26.6064
36.8602
-53.4018
10.2437
-48.6006
3.48527
-45.2433
-8.70993
27.7653
-22.6797
28.7012
-43.4542
6.77363
-40.2399
-6.11447
27.0848
-17.1685
28.2231
-22.7116
29.9658
-42.3757
7.67048
-38.6791
-5.02778
27.6657
-15.9332
28.97
-21.6171
31.1491
-41.877
9.64953
-37.2539
4.64175
-34.4652
-4.98532
24.5892
-16.3886
25.4935
-33.4066
7.7616
-30.9916
-2.81941
24.7556
-12.1505
25.7978
-17.0166
27.1405
-33.4214
8.55014
-30.2152
-1.95798
25.4946
-11.0033
26.5383
-15.5053
28.0925
-31.4548
10.0491
-28.1411
-0.054511
27.3533
-8.7194
29.0575
-13.0084
31.5607
-29.9072
13.277
-27.4397
2.24411
31.5644
-8.36451
32.3153
-20.4369
19.5371
)
;
    }
    defaultFaces
    {
        type            empty;
    }
}


// ************************************************************************* //
