/*--------------------------------*- C++ -*----------------------------------*\
| =========                 |                                                 |
| \\      /  F ield         | OpenFOAM: The Open Source CFD Toolbox           |
|  \\    /   O peration     | Version:  5.x                                   |
|   \\  /    A nd           | Web:      www.OpenFOAM.org                      |
|    \\/     M anipulation  |                                                 |
\*---------------------------------------------------------------------------*/
FoamFile
{
    version     2.0;
    format      ascii;
    class       volScalarField;
    location    "0.7";
    object      gradTx;
}
// * * * * * * * * * * * * * * * * * * * * * * * * * * * * * * * * * * * * * //

dimensions      [0 -1 0 1 0 0 0];

internalField   nonuniform List<scalar> 
6300
(
-61.0563
-60.9823
-60.834
-60.6109
-60.3121
-59.9368
-59.4841
-58.9536
-58.3449
-57.6584
-56.8954
-56.0581
-55.1494
-54.1734
-53.1347
-61.1287
-61.055
-60.9073
-60.6849
-60.387
-60.0125
-59.5605
-59.0302
-58.4211
-57.7335
-56.9685
-56.1281
-55.2155
-54.235
-53.1914
-61.273
-61.1999
-61.0534
-60.8327
-60.5367
-60.1641
-59.7136
-59.184
-58.5744
-57.8847
-57.1155
-56.269
-55.3483
-54.3583
-53.3044
-61.4886
-61.4166
-61.2721
-61.0542
-60.7614
-60.3921
-59.9443
-59.4162
-58.8063
-58.1137
-57.3386
-56.4827
-55.5495
-54.5442
-53.474
-61.7745
-61.7041
-61.5626
-61.3488
-61.061
-60.6968
-60.2536
-59.7287
-59.1195
-58.4239
-57.6412
-56.7725
-55.8213
-54.794
-53.6996
-62.1291
-62.0608
-61.9236
-61.7158
-61.4352
-61.0788
-60.6431
-60.124
-59.5174
-58.8196
-58.0283
-57.1434
-56.168
-55.1098
-53.9808
-62.5501
-62.4848
-62.3533
-62.1538
-61.8835
-61.5385
-61.1143
-60.6051
-60.0049
-59.3075
-58.5078
-57.6033
-56.5963
-55.4954
-54.317
-63.0346
-62.9732
-62.8493
-62.6609
-62.4046
-62.0758
-61.6687
-61.1757
-60.5881
-59.8961
-59.0905
-58.1645
-57.1171
-55.9574
-54.7076
-63.5787
-63.5222
-63.408
-63.2339
-62.9963
-62.6898
-62.3073
-61.8393
-61.274
-60.5969
-59.7923
-58.8456
-57.7489
-56.5084
-55.1531
-64.1774
-64.1269
-64.0248
-63.8687
-63.655
-63.378
-63.0296
-62.5987
-62.07
-61.4235
-60.6345
-59.6754
-58.5231
-57.1728
-55.6585
-64.8246
-64.7812
-64.6935
-64.5593
-64.3752
-64.1356
-63.8326
-63.454
-62.9821
-62.3911
-61.645
-60.6967
-59.4937
-57.9999
-56.2404
-65.5132
-65.4779
-65.4067
-65.2979
-65.1488
-64.955
-64.7094
-64.4008
-64.0114
-63.512
-62.856
-61.9707
-60.7536
-59.0908
-56.946
-66.235
-66.2086
-66.1555
-66.0748
-65.9652
-65.8241
-65.6472
-65.4267
-65.1488
-64.7876
-64.2941
-63.5747
-62.4572
-60.6621
-57.9029
-66.981
-66.9638
-66.9297
-66.8787
-66.8111
-66.7271
-66.6265
-66.508
-66.3674
-66.1934
-65.956
-65.5748
-64.8365
-63.196
-59.5057
-67.7419
-67.7339
-67.7186
-67.697
-67.6714
-67.6448
-67.6218
-67.6092
-67.6171
-67.6604
-67.7592
-67.93
-68.1166
-67.778
-63.4555
-52.134
-51.1835
-50.1989
-49.1826
-48.1367
-47.063
-45.9634
-44.8395
-43.6935
-42.5278
-41.3454
-40.1497
-38.9448
-37.7351
-36.5253
-35.3201
-34.1242
-32.9423
-31.7788
-30.638
-29.5237
-28.4396
-27.3892
-26.3754
-25.401
-24.4682
-23.579
-22.7347
-21.9367
-21.1857
-20.4822
-19.8267
-19.219
-18.6592
-18.147
-17.6819
-17.2638
-16.8921
-16.5664
-16.2864
-16.0517
-15.8621
-15.7171
-15.6168
-15.5609
-15.5497
-15.5831
-15.6616
-15.7855
-15.9553
-16.1714
-16.4344
-16.7448
-17.1028
-17.5088
-17.963
-18.4653
-19.0158
-19.6141
-20.2599
-20.9525
-21.6912
-22.4752
-23.3035
-24.1748
-25.088
-26.0414
-27.0332
-28.0617
-29.1244
-30.2192
-31.3433
-32.4941
-33.6687
-34.8639
-36.0765
-37.303
-38.5398
-39.7831
-41.029
-42.2738
-43.5135
-44.7443
-45.9623
-47.1635
-48.3437
-49.4987
-50.6239
-51.7148
-52.7668
-52.1861
-51.2319
-50.2438
-49.2245
-48.176
-47.0999
-45.9978
-44.8711
-43.7217
-42.5518
-41.3644
-40.163
-38.9519
-37.7356
-36.519
-35.307
-34.1046
-32.9164
-31.7469
-30.6004
-29.4808
-28.392
-27.3372
-26.3197
-25.342
-24.4065
-23.5151
-22.6692
-21.87
-21.1182
-20.4144
-19.7588
-19.1513
-18.5919
-18.0801
-17.6157
-17.1981
-16.827
-16.5019
-16.2224
-15.9882
-15.7989
-15.6542
-15.5539
-15.498
-15.4865
-15.5195
-15.5974
-15.7207
-15.8897
-16.1052
-16.3675
-16.6773
-17.0349
-17.4406
-17.8948
-18.3973
-18.9481
-19.547
-20.1935
-20.8872
-21.6271
-22.4125
-23.2424
-24.1157
-25.031
-25.9869
-26.9815
-28.013
-29.0792
-30.1776
-31.3056
-32.4606
-33.6395
-34.8393
-36.0568
-37.2885
-38.5306
-39.7793
-41.0308
-42.281
-43.5262
-44.7625
-45.9862
-47.1932
-48.3795
-49.5408
-50.6725
-51.77
-52.8283
-52.2899
-51.3278
-50.3329
-49.3078
-48.2544
-47.1738
-46.0671
-44.9351
-43.7791
-42.601
-41.4035
-40.1905
-38.9666
-37.7367
-36.5063
-35.2807
-34.065
-32.8641
-31.6826
-30.5247
-29.3946
-28.296
-27.2326
-26.2074
-25.2233
-24.2824
-23.3868
-22.5376
-21.7361
-20.9829
-20.2784
-19.6227
-19.0157
-18.4571
-17.9464
-17.4831
-17.0668
-16.6969
-16.3729
-16.0945
-15.8612
-15.6727
-15.5285
-15.4285
-15.3725
-15.3604
-15.3926
-15.4693
-15.5912
-15.7587
-15.9727
-16.2337
-16.5423
-16.899
-17.3042
-17.7581
-18.2609
-18.8124
-19.4125
-20.0607
-20.7563
-21.4987
-22.287
-23.1201
-23.9971
-24.9167
-25.8775
-26.8777
-27.9155
-28.9884
-30.0941
-31.2299
-32.3931
-33.5807
-34.7899
-36.0172
-37.2592
-38.5121
-39.7718
-41.0342
-42.2954
-43.5515
-44.7987
-46.0335
-47.2521
-48.4507
-49.6248
-50.7697
-51.8804
-52.9516
-52.4445
-51.4702
-50.4648
-49.4313
-48.3711
-47.2849
-46.1725
-45.0335
-43.8681
-42.6777
-41.465
-40.234
-38.9899
-37.7389
-36.4871
-35.2405
-34.0046
-32.7845
-31.5848
-30.4098
-29.2636
-28.1504
-27.0737
-26.037
-25.0431
-24.0943
-23.1924
-22.3385
-21.5338
-20.7786
-20.0732
-19.4176
-18.8115
-18.2544
-17.7455
-17.2842
-16.8699
-16.5018
-16.1796
-15.9029
-15.6711
-15.4838
-15.3406
-15.241
-15.1849
-15.172
-15.2028
-15.2775
-15.3971
-15.5622
-15.7737
-16.0325
-16.3392
-16.6945
-17.0987
-17.5523
-18.0555
-18.6081
-19.21
-19.8606
-20.5594
-21.3054
-22.0978
-22.9358
-23.8182
-24.7442
-25.7123
-26.7209
-27.768
-28.8512
-29.968
-31.1154
-32.2909
-33.4916
-34.7147
-35.9569
-37.2147
-38.4839
-39.7604
-41.0395
-42.3171
-43.5892
-44.8525
-46.1037
-47.3396
-48.5565
-49.7501
-50.9154
-52.0468
-53.1381
-52.6483
-51.6563
-50.6365
-49.5923
-48.5248
-47.4333
-46.3157
-45.1694
-43.993
-42.7866
-41.5527
-40.2962
-39.0236
-37.7426
-36.4608
-35.1853
-33.922
-32.6761
-31.4521
-30.254
-29.0862
-27.9529
-26.8582
-25.8059
-24.799
-23.8397
-22.9297
-22.0699
-21.2611
-20.5036
-19.7974
-19.1425
-18.5381
-17.9834
-17.4774
-17.019
-16.6074
-16.242
-15.9222
-15.6477
-15.4181
-15.2328
-15.0911
-14.9923
-14.9361
-14.9221
-14.9508
-15.0226
-15.1386
-15.3
-15.508
-15.7635
-16.0675
-16.4206
-16.8235
-17.2765
-17.78
-18.334
-18.9384
-19.5925
-20.2955
-21.0464
-21.8443
-22.6883
-23.5778
-24.5119
-25.4897
-26.5096
-27.5695
-28.6667
-29.7983
-30.9614
-32.1531
-33.371
-34.6124
-35.8746
-37.1538
-38.4457
-39.7452
-41.0471
-42.3465
-43.6396
-44.9234
-46.1955
-47.4538
-48.6952
-49.9155
-51.1092
-52.2698
-53.3898
-52.8982
-51.8815
-50.8428
-49.7863
-48.7127
-47.619
-46.4997
-45.3486
-44.1609
-42.935
-41.6731
-40.3815
-39.0695
-37.7476
-36.4258
-35.1129
-33.815
-32.537
-31.2825
-30.0553
-28.8597
-27.7005
-26.5826
-25.5104
-24.4872
-23.5152
-22.5956
-21.729
-20.9156
-20.1557
-19.4492
-18.7957
-18.1943
-17.6435
-17.1418
-16.6876
-16.2797
-15.9175
-15.6008
-15.3292
-15.1026
-14.9201
-14.7809
-14.6837
-14.6276
-14.6122
-14.6378
-14.7052
-14.8161
-14.9721
-15.1749
-15.426
-15.7262
-16.0764
-16.4772
-16.9292
-17.433
-17.9887
-18.5963
-19.2551
-19.9637
-20.7209
-21.5254
-22.3766
-23.2741
-24.2179
-25.2075
-26.2416
-27.3181
-28.4335
-29.5842
-30.7667
-31.9783
-33.2169
-34.4809
-35.7681
-37.0751
-38.3968
-39.7267
-41.0581
-42.385
-43.7032
-45.0107
-46.307
-47.5918
-48.8636
-50.1184
-51.35
-52.5502
-53.7095
-53.1893
-52.1376
-51.0738
-50.0043
-48.9289
-47.8411
-46.7292
-45.5803
-44.3839
-43.1351
-41.8363
-40.4965
-39.13
-37.7526
-36.3787
-35.0191
-33.68
-32.3646
-31.0743
-29.8119
-28.5817
-27.3896
-26.2421
-25.1451
-24.1026
-23.1163
-22.1864
-21.3125
-20.4943
-19.7319
-19.0256
-18.375
-17.7786
-17.2342
-16.739
-16.2906
-15.8874
-15.5289
-15.2154
-14.9473
-14.7246
-14.5466
-14.4114
-14.3171
-14.2618
-14.2446
-14.2657
-14.3266
-14.4298
-14.578
-14.7737
-15.0187
-15.3142
-15.6606
-16.0585
-16.5087
-17.0122
-17.57
-18.1819
-18.847
-19.5632
-20.3283
-21.1406
-21.9992
-22.9049
-23.8588
-24.862
-25.9138
-27.0114
-28.1503
-29.325
-30.5309
-31.7651
-33.0268
-34.3163
-35.6335
-36.9756
-38.3362
-39.7063
-41.0757
-42.4358
-43.782
-45.1139
-46.4347
-47.7482
-49.0557
-50.3541
-51.6354
-52.8886
-54.1008
-53.5132
-52.4105
-51.3123
-50.2299
-49.1627
-48.0974
-47.0116
-45.8802
-44.6823
-43.4075
-42.0584
-40.6502
-39.2064
-37.7528
-36.3114
-34.8962
-33.5118
-32.1564
-30.8268
-29.523
-28.2496
-27.0152
-25.8299
-24.7024
-23.6379
-22.637
-21.6975
-20.8168
-19.9936
-19.2286
-18.5231
-17.8773
-17.2893
-16.7551
-16.27
-15.8297
-15.432
-15.0768
-14.7658
-14.5011
-14.2837
-14.1124
-13.9843
-13.8955
-13.8424
-13.823
-13.8374
-13.8884
-13.9799
-14.1166
-14.3026
-14.5402
-14.8301
-15.1719
-15.5656
-16.0125
-16.5147
-17.0743
-17.6921
-18.3664
-19.0935
-19.8691
-20.69
-21.5553
-22.4672
-23.43
-24.4476
-25.5209
-26.6463
-27.8163
-29.0217
-30.2552
-31.5132
-32.7973
-34.1125
-35.4635
-36.8495
-38.2623
-39.6871
-41.1065
-42.5067
-43.8811
-45.2327
-46.5724
-47.9126
-49.2604
-50.6135
-51.9606
-53.2851
-54.5689
-53.8569
-52.6758
-51.5273
-50.4328
-49.3929
-48.3828
-47.3595
-46.2754
-45.0914
-43.7868
-42.3658
-40.8555
-39.2973
-37.7357
-36.2068
-34.7295
-33.3023
-31.9116
-30.5431
-29.1912
-27.8623
-26.5709
-25.3352
-24.1702
-23.0828
-22.0705
-21.1252
-20.2393
-19.4102
-18.6407
-17.9357
-17.2977
-16.7238
-16.2067
-15.7375
-15.3087
-14.9166
-14.5623
-14.2508
-13.9881
-13.7775
-13.6173
-13.5019
-13.4237
-13.3757
-13.3538
-13.358
-13.3929
-13.4661
-13.5857
-13.7585
-13.9876
-14.2723
-14.6096
-14.9975
-15.4379
-15.9356
-16.4962
-17.1222
-17.811
-18.5551
-19.3459
-20.1766
-21.0453
-21.9574
-22.9234
-23.954
-25.0541
-26.218
-27.4321
-28.6791
-29.945
-31.2244
-32.5236
-33.858
-35.2435
-36.6855
-38.1717
-39.6755
-41.1653
-42.6148
-44.0127
-45.3686
-46.7092
-48.0655
-49.457
-50.8808
-52.3173
-53.7396
-55.1211
-54.2004
-52.8929
-51.6637
-50.556
-49.5794
-48.6863
-47.7941
-46.8142
-45.6738
-44.3338
-42.8019
-41.13
-39.3936
-37.6721
-36.0286
-34.4912
-33.0412
-31.6357
-30.2362
-28.8275
-27.4216
-26.0476
-24.74
-23.5272
-22.4207
-21.4088
-20.4685
-19.5812
-18.7422
-17.9611
-17.253
-16.6269
-16.0777
-15.5906
-15.1482
-14.7363
-14.348
-13.9873
-13.6669
-13.4014
-13.1999
-13.059
-12.9673
-12.9098
-12.8729
-12.8481
-12.8356
-12.8439
-12.8867
-12.9794
-13.1344
-13.3565
-13.6402
-13.9754
-14.3553
-14.7821
-15.2673
-15.825
-16.4634
-17.177
-17.9509
-18.7667
-19.6096
-20.4743
-21.3714
-22.3249
-23.3617
-24.4964
-25.7188
-27.0015
-28.3102
-29.6164
-30.908
-32.1999
-33.5305
-34.9428
-36.4583
-38.0559
-39.6846
-41.2823
-42.797
-44.2047
-45.5262
-46.8229
-48.1675
-49.6063
-51.1293
-52.6936
-54.2516
-55.7672
-54.5143
-52.9961
-51.6243
-50.4899
-49.6453
-48.9879
-48.3547
-47.5835
-46.5436
-45.157
-43.4397
-41.4977
-39.4687
-37.4964
-35.6983
-34.128
-32.7165
-31.3522
-29.9434
-28.4605
-26.9363
-25.4297
-24.0093
-22.7322
-21.6237
-20.6449
-19.7368
-18.8549
-17.9919
-17.1778
-16.4534
-15.8467
-15.3436
-14.9115
-14.5163
-14.1309
-13.7411
-13.3557
-13.005
-12.7241
-12.5361
-12.4314
-12.3848
-12.3675
-12.3539
-12.3262
-12.2845
-12.2463
-12.2369
-12.2847
-12.4148
-12.638
-12.9352
-13.2784
-13.6468
-14.0436
-14.4957
-15.039
-15.6974
-16.4577
-17.2878
-18.15
-19.0123
-19.858
-20.7053
-21.6076
-22.6297
-23.8134
-25.1342
-26.5346
-27.9462
-29.3097
-30.5921
-31.8215
-33.0861
-34.4941
-36.1133
-37.896
-39.7385
-41.5192
-43.1334
-44.5207
-45.7195
-46.867
-48.1335
-49.6336
-51.3176
-53.0779
-54.8235
-56.5182
-54.7517
-52.8874
-51.2423
-50.0059
-49.4413
-49.255
-49.114
-48.7398
-47.9125
-46.4567
-44.4015
-41.9911
-39.4624
-37.0707
-35.0406
-33.5366
-32.3247
-31.1335
-29.7584
-28.1543
-26.4263
-24.6889
-23.0733
-21.6956
-20.6409
-19.7804
-18.9687
-18.1023
-17.1727
-16.2663
-15.4855
-14.9184
-14.5084
-14.1804
-13.8717
-13.533
-13.1292
-12.6754
-12.2437
-11.9141
-11.7535
-11.7212
-11.7612
-11.8213
-11.8563
-11.8258
-11.7297
-11.6083
-11.5058
-11.4728
-11.5624
-11.8139
-12.1654
-12.5461
-12.8986
-13.2266
-13.5941
-14.0883
-14.7862
-15.639
-16.5795
-17.5345
-18.4405
-19.2405
-19.9612
-20.7191
-21.6663
-22.9342
-24.436
-26.0527
-27.6525
-29.1207
-30.3536
-31.393
-32.4362
-33.742
-35.5331
-37.6506
-39.8815
-41.996
-43.7967
-45.1079
-45.9864
-46.7395
-47.7623
-49.3953
-51.3951
-53.4823
-55.4672
-57.3694
-54.7964
-52.462
-50.2708
-48.5532
-48.6914
-49.4555
-50.2084
-50.5484
-50.1863
-48.6196
-45.8749
-42.6551
-39.2597
-36.1246
-33.6261
-32.5257
-31.9039
-31.1809
-29.904
-28.0276
-25.9312
-23.7741
-21.7961
-20.1951
-19.3796
-18.8473
-18.2804
-17.4421
-16.3214
-15.1754
-14.211
-13.7655
-13.5563
-13.423
-13.2714
-13.0302
-12.5906
-11.9647
-11.3369
-10.862
-10.7876
-10.9081
-11.1102
-11.3125
-11.4544
-11.4212
-11.2125
-10.9447
-10.6759
-10.4857
-10.4783
-10.847
-11.3551
-11.8555
-12.1871
-12.3542
-12.5112
-12.8456
-13.6535
-14.6952
-15.852
-16.991
-18.0227
-18.7386
-19.1652
-19.5595
-20.2424
-21.7198
-23.5735
-25.5966
-27.5494
-29.2718
-30.3951
-30.9602
-31.4089
-32.2917
-34.484
-37.2425
-40.1924
-42.9249
-45.1652
-46.3182
-46.4337
-46.2233
-46.5121
-48.6278
-51.3461
-54.0329
-56.229
-58.2034
-54.1137
-51.8291
-48.6156
-44.4276
-47.0401
-49.6719
-51.8973
-53.3679
-54.1946
-52.4791
-48.0328
-43.5724
-38.6825
-34.2627
-30.1989
-30.8265
-31.63
-32.0272
-30.9141
-28.2192
-25.5246
-22.6024
-19.9772
-17.5649
-17.7115
-17.9652
-17.9843
-17.1899
-15.5081
-13.824
-12.1908
-12.2733
-12.4962
-12.6933
-12.8017
-12.8142
-12.3218
-11.258
-10.211
-9.2343
-9.54234
-9.97862
-10.4604
-10.8919
-11.3059
-11.2707
-10.7819
-10.2835
-9.73414
-9.23662
-8.85391
-9.68043
-10.5569
-11.4092
-11.7138
-11.4977
-11.1742
-10.9222
-12.1855
-13.5869
-15.1515
-16.6036
-18.0613
-18.6548
-18.4171
-17.9856
-17.6756
-19.965
-22.4683
-25.2432
-27.7796
-30.2869
-31.2415
-30.696
-29.7576
-28.9567
-32.6199
-36.5594
-40.817
-44.5629
-48.0994
-49.0226
-47.3499
-44.9878
-42.6307
-46.9919
-51.3415
-55.2888
-57.3092
-58.2816
-49.4709
-52.5327
-48.3634
-30.5085
-45.36
-50.4732
-54.6727
-57.1144
-61.8636
-60.2713
-50.2116
-45.1086
-37.429
-31.8891
-20.0168
-28.8752
-31.9422
-35.0498
-34.2032
-28.412
-25.4474
-21.0044
-17.853
-11.2508
-15.8907
-17.4225
-18.8613
-18.217
-14.6993
-12.4006
-7.70107
-10.5802
-11.4746
-12.0926
-12.4717
-13.3267
-12.8771
-10.5285
-8.98497
-5.75773
-8.11359
-8.98491
-9.8841
-10.498
-11.8058
-11.775
-10.3663
-9.697
-8.719
-7.82329
-5.48925
-8.44311
-9.79502
-11.7529
-11.9917
-10.7974
-9.73538
-6.81785
-10.5199
-12.2451
-14.6145
-16.2098
-19.3461
-19.7695
-17.9499
-16.238
-11.3671
-17.9036
-20.9736
-25.2348
-28.0532
-33.5394
-34.2494
-30.9992
-27.9093
-19.1943
-30.3589
-35.4187
-42.1791
-46.503
-54.7969
-55.4652
-49.2589
-43.7446
-29.0746
-45.3718
-51.9155
-59.3179
-59.8967
-53.4541
-53.8713
-55.0129
-56.0794
-57.0659
-57.9688
-58.7859
-59.5162
-60.1598
-60.7178
-61.1914
-61.5824
-61.8927
-62.1238
-62.277
-62.3534
-53.9392
-55.0868
-56.1582
-57.1482
-58.0533
-58.8712
-59.6014
-60.244
-60.8005
-61.2723
-61.6616
-61.9702
-62.1999
-62.3522
-62.4281
-54.0756
-55.2358
-56.3171
-57.3142
-58.2234
-59.0429
-59.7724
-60.4129
-60.9661
-61.4342
-61.8197
-62.1248
-62.3518
-62.5021
-62.577
-54.2827
-55.4624
-56.559
-57.5667
-58.4819
-59.3032
-60.0311
-60.6675
-61.2151
-61.677
-62.0564
-62.356
-62.5785
-62.7257
-62.7989
-54.5637
-55.7708
-56.8886
-57.9104
-58.8328
-59.6553
-60.3797
-61.0093
-61.5483
-62.0008
-62.3711
-62.6627
-62.8787
-63.0214
-63.0924
-54.9232
-56.1674
-57.3129
-58.3522
-59.2823
-60.1042
-60.8217
-61.4404
-61.9662
-62.4052
-62.7627
-63.0432
-63.2505
-63.3872
-63.455
-55.3681
-56.6614
-57.8423
-58.902
-59.8386
-60.656
-61.3612
-61.9627
-62.4694
-62.8894
-63.2295
-63.4953
-63.691
-63.8198
-63.8837
-55.9086
-57.2667
-58.4916
-59.5734
-60.5128
-61.3184
-62.0026
-62.5783
-63.0579
-63.452
-63.769
-64.0156
-64.1966
-64.3155
-64.3744
-56.5594
-58.0037
-59.2827
-60.3855
-61.319
-62.1006
-62.7507
-63.2884
-63.7304
-64.09
-64.3773
-64.5997
-64.7626
-64.8693
-64.9221
-57.3429
-58.9046
-60.2484
-61.3652
-62.2754
-63.0124
-63.609
-64.0923
-64.4836
-64.7986
-65.0488
-65.2418
-65.3827
-65.475
-65.5207
-58.2934
-60.0217
-61.4396
-62.5497
-63.4038
-64.0629
-64.5782
-64.9859
-65.311
-65.5705
-65.7758
-65.934
-66.0496
-66.1253
-66.1628
-59.4638
-61.4482
-62.9371
-63.9884
-64.7258
-65.2564
-65.6532
-65.9597
-66.2018
-66.3949
-66.5482
-66.667
-66.7544
-66.8119
-66.8405
-60.9435
-63.3683
-64.8707
-65.7382
-66.2523
-66.5823
-66.8163
-66.9956
-67.1394
-67.2571
-67.3533
-67.4297
-67.487
-67.5253
-67.5445
-62.9951
-66.2085
-67.4375
-67.8395
-67.9608
-68.003
-68.0321
-68.0643
-68.1007
-68.139
-68.1763
-68.2096
-68.2367
-68.2558
-68.2656
-67.0848
-71.0317
-70.8295
-70.2185
-69.7462
-69.4355
-69.2425
-69.126
-69.0577
-69.02
-69.0013
-68.9939
-68.9924
-68.9932
-68.9942
-68.4447
-68.4446
-68.4453
-68.449
-68.459
-68.4807
-68.5226
-68.5977
-68.728
-68.9519
-69.3442
-70.0724
-71.6032
-75.6279
-89.8707
-69.0821
-69.0885
-69.1025
-69.1267
-69.1653
-69.2253
-69.3168
-69.4564
-69.671
-70.0073
-70.5503
-71.4612
-73.039
-75.6664
-78.0831
-69.7134
-69.7254
-69.751
-69.7927
-69.8555
-69.9463
-70.0761
-70.2612
-70.5276
-70.9174
-71.4997
-72.3856
-73.7435
-75.849
-79.8585
-70.3346
-70.3514
-70.3866
-70.4428
-70.5246
-70.6388
-70.7952
-71.0075
-71.2964
-71.692
-72.2369
-72.9806
-73.9268
-74.7075
-72.5813
-70.9423
-70.9631
-71.0059
-71.0734
-71.1697
-71.3005
-71.4735
-71.6987
-71.9891
-72.3611
-72.8344
-73.4331
-74.2228
-75.5827
-79.9784
-71.5339
-71.5577
-71.6065
-71.6826
-71.7893
-71.9313
-72.1138
-72.3425
-72.623
-72.9583
-73.3432
-73.751
-74.121
-74.3474
-74.3274
-72.1071
-72.1332
-72.1865
-72.2688
-72.3829
-72.5322
-72.7199
-72.9482
-73.217
-73.5198
-73.8338
-74.0931
-74.117
-73.281
-68.6882
-72.6603
-72.6882
-72.7447
-72.8314
-72.9506
-73.1047
-73.2956
-73.5234
-73.7854
-74.0722
-74.3603
-74.5967
-74.7084
-74.8213
-77.2736
-73.1923
-73.2214
-73.2801
-73.3699
-73.4926
-73.65
-73.8434
-74.0724
-74.3345
-74.6226
-74.9205
-75.1847
-75.2971
-74.7347
-70.2005
-73.7023
-73.7321
-73.7923
-73.8841
-74.0089
-74.1685
-74.3641
-74.5959
-74.8632
-75.1653
-75.5017
-75.8758
-76.3529
-77.4039
-82.2918
-74.1896
-74.2198
-74.2808
-74.3736
-74.4996
-74.6604
-74.8575
-75.092
-75.3657
-75.6832
-76.0544
-76.493
-77.0085
-77.4059
-75.519
-74.654
-74.6843
-74.7455
-74.8385
-74.9645
-75.1253
-75.3225
-75.5581
-75.8354
-76.1628
-76.558
-77.0542
-77.7444
-78.9917
-82.9377
-75.0953
-75.1255
-75.1864
-75.2787
-75.4038
-75.5633
-75.7588
-75.9924
-76.2679
-76.5943
-76.9892
-77.4783
-78.0916
-78.7007
-77.6508
-75.5136
-75.5435
-75.6035
-75.6946
-75.8178
-75.9745
-76.1662
-76.3947
-76.6627
-76.9774
-77.3527
-77.8137
-78.44
-79.5591
-82.8967
-75.9092
-75.9385
-75.9973
-76.0864
-76.2068
-76.3597
-76.546
-76.7666
-77.0228
-77.3173
-77.6543
-78.0318
-78.4444
-78.8743
-79.2554
-76.2824
-76.3109
-76.3682
-76.4549
-76.5718
-76.7198
-76.8996
-77.111
-77.3537
-77.6268
-77.9253
-78.223
-78.4351
-78.2207
-75.9073
-76.6338
-76.6614
-76.7169
-76.8007
-76.9136
-77.0562
-77.2288
-77.4309
-77.6612
-77.9176
-78.1945
-78.4712
-78.7201
-79.0222
-80.6498
-76.9639
-76.9905
-77.044
-77.1246
-77.2331
-77.37
-77.5353
-77.7284
-77.9481
-78.1933
-78.4615
-78.7361
-78.9666
-78.9006
-76.8829
-77.2735
-77.299
-77.3503
-77.4276
-77.5314
-77.6622
-77.8201
-78.0044
-78.2147
-78.4523
-78.7215
-79.029
-79.4173
-80.1318
-82.7638
-77.5632
-77.5876
-77.6366
-77.7103
-77.8094
-77.934
-78.0841
-78.2595
-78.46
-78.6884
-78.9526
-79.2632
-79.64
-80.0287
-79.4813
-77.834
-77.8572
-77.9037
-77.9739
-78.0679
-78.1862
-78.3284
-78.4942
-78.6834
-78.8989
-79.149
-79.4489
-79.8528
-80.573
-82.6561
-78.0864
-78.1085
-78.1526
-78.2191
-78.3082
-78.4199
-78.554
-78.7096
-78.886
-79.0844
-79.3085
-79.5598
-79.8442
-80.1683
-80.4978
-78.3215
-78.3423
-78.3841
-78.4469
-78.531
-78.6363
-78.7623
-78.9078
-79.071
-79.2511
-79.4468
-79.6451
-79.8065
-79.7574
-78.5971
-78.54
-78.5596
-78.5991
-78.6583
-78.7376
-78.8366
-78.9548
-79.0906
-79.2417
-79.4062
-79.5809
-79.7537
-79.9132
-80.1157
-81.0576
-78.7427
-78.7612
-78.7983
-78.8541
-78.9287
-79.0218
-79.1328
-79.2599
-79.4008
-79.5532
-79.7139
-79.8689
-79.9885
-79.958
-79.0627
-78.9304
-78.9478
-78.9827
-79.0352
-79.1053
-79.1929
-79.2972
-79.4167
-79.5494
-79.6937
-79.8485
-80.0062
-80.1663
-80.3985
-81.3602
-79.1038
-79.1202
-79.153
-79.2023
-79.2682
-79.3506
-79.4488
-79.5616
-79.6874
-79.8261
-79.9786
-80.1395
-80.2925
-80.3299
-79.4686
-79.2638
-79.2791
-79.3099
-79.3562
-79.4181
-79.4955
-79.5879
-79.6944
-79.8141
-79.948
-80.1006
-80.2759
-80.4973
-80.8829
-82.1668
-79.411
-79.4254
-79.4542
-79.4975
-79.5555
-79.6281
-79.715
-79.8153
-79.9284
-80.0563
-80.2044
-80.3777
-80.5867
-80.8096
-80.6255
-79.546
-79.5595
-79.5864
-79.627
-79.6812
-79.7492
-79.8305
-79.9243
-80.03
-80.1496
-80.2884
-80.4522
-80.6648
-81.0165
-81.9496
-79.6697
-79.6822
-79.7074
-79.7452
-79.7958
-79.8592
-79.9349
-80.0221
-80.1197
-80.2288
-80.3526
-80.4905
-80.6448
-80.8174
-80.9849
-79.7824
-79.7941
-79.8176
-79.8528
-79.9
-79.959
-80.0292
-80.1097
-80.199
-80.2971
-80.4047
-80.515
-80.6107
-80.6192
-80.1648
-79.885
-79.8959
-79.9177
-79.9505
-79.9943
-80.0491
-80.1142
-80.1883
-80.2697
-80.3579
-80.4526
-80.5471
-80.6357
-80.74
-81.1349
-79.9779
-79.988
-80.0083
-80.0388
-80.0795
-80.1303
-80.1906
-80.2589
-80.3334
-80.4134
-80.4983
-80.5808
-80.6484
-80.6567
-80.3295
-80.0616
-80.071
-80.0899
-80.1182
-80.1561
-80.2033
-80.2591
-80.3223
-80.391
-80.4646
-80.5435
-80.6226
-80.7007
-80.8041
-81.178
-80.1367
-80.1455
-80.163
-80.1894
-80.2246
-80.2685
-80.3204
-80.379
-80.4428
-80.5115
-80.5861
-80.6626
-80.7339
-80.7613
-80.4608
-80.2036
-80.2118
-80.2281
-80.2527
-80.2855
-80.3264
-80.3747
-80.4293
-80.4887
-80.5534
-80.6253
-80.7038
-80.7961
-80.9438
-81.4051
-80.2628
-80.2704
-80.2856
-80.3086
-80.3392
-80.3773
-80.4225
-80.4733
-80.5288
-80.5893
-80.6576
-80.733
-80.8184
-80.9064
-80.855
-80.3145
-80.3217
-80.3359
-80.3574
-80.3861
-80.4218
-80.4639
-80.5114
-80.563
-80.6192
-80.6826
-80.7531
-80.8372
-80.9634
-81.2695
-80.3593
-80.366
-80.3794
-80.3995
-80.4265
-80.46
-80.4995
-80.5438
-80.5916
-80.6432
-80.7005
-80.7613
-80.8255
-80.8931
-80.9516
-80.3973
-80.4036
-80.4163
-80.4353
-80.4607
-80.4923
-80.5295
-80.5709
-80.6153
-80.6625
-80.7137
-80.7648
-80.8099
-80.8268
-80.7018
-80.4288
-80.4348
-80.4468
-80.4649
-80.4891
-80.5191
-80.5542
-80.5933
-80.6346
-80.6781
-80.7247
-80.7702
-80.8124
-80.8568
-80.9747
-80.454
-80.4598
-80.4714
-80.4887
-80.5118
-80.5405
-80.5741
-80.6112
-80.6502
-80.6909
-80.734
-80.7757
-80.812
-80.8333
-80.7751
-80.4732
-80.4788
-80.49
-80.5067
-80.5291
-80.5568
-80.5892
-80.6249
-80.6623
-80.7011
-80.7423
-80.7824
-80.8205
-80.8627
-80.957
-80.4864
-80.4919
-80.5028
-80.5192
-80.5411
-80.5682
-80.5999
-80.6347
-80.6711
-80.7088
-80.749
-80.7882
-80.8246
-80.8537
-80.8374
-80.4937
-80.4991
-80.51
-80.5262
-80.5479
-80.5747
-80.6061
-80.6405
-80.6766
-80.714
-80.7541
-80.7938
-80.8323
-80.874
-80.9415
-80.4952
-80.5007
-80.5115
-80.5278
-80.5495
-80.5764
-80.6078
-80.6425
-80.6788
-80.7167
-80.7573
-80.7977
-80.8364
-80.874
-80.9123
-80.4909
-80.4964
-80.5074
-80.5239
-80.5459
-80.5733
-80.6052
-80.6404
-80.6776
-80.7165
-80.7585
-80.8004
-80.8398
-80.8713
-80.8692
-80.4806
-80.4863
-80.4976
-80.5145
-80.5371
-80.5652
-80.598
-80.6343
-80.6728
-80.7134
-80.7576
-80.8026
-80.8471
-80.8897
-80.9199
-80.4644
-80.4702
-80.4819
-80.4995
-80.5229
-80.552
-80.5861
-80.624
-80.6642
-80.707
-80.7539
-80.8029
-80.8542
-80.9145
-81.019
-80.442
-80.4481
-80.4604
-80.4788
-80.5033
-80.5337
-80.5694
-80.6091
-80.6515
-80.6968
-80.7466
-80.7991
-80.8537
-80.9062
-80.9007
-80.4133
-80.4197
-80.4327
-80.452
-80.4779
-80.51
-80.5477
-80.5897
-80.6346
-80.6825
-80.7353
-80.7914
-80.8533
-80.936
-81.1233
-80.378
-80.3849
-80.3986
-80.4192
-80.4466
-80.4807
-80.5207
-80.5654
-80.6132
-80.6641
-80.7196
-80.7773
-80.8368
-80.8909
-80.8409
-80.3359
-80.3432
-80.3579
-80.3798
-80.4091
-80.4455
-80.4883
-80.5361
-80.5873
-80.6416
-80.7
-80.7596
-80.8228
-80.9157
-81.2139
-80.2866
-80.2945
-80.3102
-80.3337
-80.3651
-80.4042
-80.4502
-80.5017
-80.557
-80.6155
-80.6773
-80.737
-80.7865
-80.7957
-80.5718
-80.2299
-80.2383
-80.2551
-80.2804
-80.3142
-80.3563
-80.406
-80.4618
-80.5221
-80.5862
-80.6539
-80.7193
-80.7767
-80.8353
-81.0516
-80.1651
-80.1742
-80.1923
-80.2196
-80.256
-80.3014
-80.3552
-80.416
-80.4823
-80.5536
-80.6299
-80.7046
-80.7646
-80.7632
-80.4756
-80.092
-80.1018
-80.1213
-80.1507
-80.19
-80.239
-80.2973
-80.3636
-80.4367
-80.5166
-80.6047
-80.6979
-80.7935
-80.8874
-80.9612
-80.01
-80.0205
-80.0416
-80.0732
-80.1156
-80.1685
-80.2315
-80.3037
-80.3839
-80.473
-80.5738
-80.6871
-80.8223
-81.0232
-81.5258
-79.9187
-79.9299
-79.9526
-79.9866
-80.0322
-80.0892
-80.1572
-80.2353
-80.3227
-80.4203
-80.532
-80.6588
-80.8038
-80.947
-80.8373
-79.8173
-79.8295
-79.8538
-79.8903
-79.9393
-80.0005
-80.0737
-80.1577
-80.2518
-80.3572
-80.4775
-80.6155
-80.785
-81.0441
-81.7305
-79.7055
-79.7185
-79.7445
-79.7837
-79.8362
-79.9018
-79.9802
-80.0703
-80.1709
-80.2827
-80.4084
-80.5479
-80.7025
-80.8422
-80.6065
-79.5826
-79.5965
-79.6243
-79.6662
-79.7223
-79.7926
-79.8764
-79.9727
-80.0798
-80.1977
-80.3274
-80.4673
-80.6288
-80.8986
-81.8686
-79.4479
-79.4627
-79.4924
-79.5372
-79.5971
-79.6721
-79.7617
-79.8646
-79.979
-80.1036
-80.2371
-80.3694
-80.4783
-80.4665
-79.7127
-79.3007
-79.3165
-79.3482
-79.3959
-79.4597
-79.5398
-79.6355
-79.7457
-79.8685
-80.0025
-80.1453
-80.2855
-80.4099
-80.5473
-81.1812
-79.1406
-79.1573
-79.1909
-79.2416
-79.3095
-79.3948
-79.497
-79.6152
-79.748
-79.8945
-80.0529
-80.2101
-80.3309
-80.281
-79.4079
-78.9666
-78.9844
-79.02
-79.0736
-79.1456
-79.2362
-79.3451
-79.4718
-79.6155
-79.7772
-79.9589
-80.1575
-80.3689
-80.5838
-80.7669
-78.7783
-78.797
-78.8346
-78.8912
-78.9673
-79.0631
-79.1786
-79.3135
-79.4682
-79.6452
-79.851
-80.0935
-80.4028
-80.9063
-82.2814
-78.5748
-78.5945
-78.634
-78.6937
-78.7737
-78.8745
-78.9962
-79.1388
-79.3029
-79.4923
-79.7152
-79.9807
-80.3002
-80.621
-80.2657
-78.3555
-78.3762
-78.4177
-78.4802
-78.564
-78.6696
-78.7971
-78.9462
-79.1177
-79.3152
-79.5476
-79.8278
-80.1952
-80.8029
-82.5454
-78.1198
-78.1414
-78.1848
-78.2501
-78.3377
-78.4479
-78.5805
-78.7352
-78.9119
-79.1129
-79.3445
-79.612
-79.9216
-80.1942
-79.5034
-77.867
-77.8895
-77.9348
-78.0029
-78.0942
-78.2087
-78.3464
-78.5061
-78.6868
-78.8887
-79.1139
-79.3645
-79.672
-80.252
-82.5707
-77.5964
-77.6199
-77.667
-77.7379
-77.8328
-77.9519
-78.0945
-78.2595
-78.4445
-78.6472
-78.8634
-79.0749
-79.2315
-79.0997
-77.1719
-77.3074
-77.3318
-77.3808
-77.4545
-77.5531
-77.6768
-77.8249
-77.996
-78.1874
-78.3956
-78.6139
-78.8208
-78.9897
-79.1921
-80.568
-76.9994
-77.0248
-77.0755
-77.152
-77.2545
-77.383
-77.5371
-77.7156
-77.9161
-78.1362
-78.3697
-78.5907
-78.723
-78.467
-76.3514
-76.6717
-76.698
-76.7506
-76.8299
-76.9362
-77.0696
-77.2301
-77.4169
-77.6289
-77.8667
-78.1318
-78.4198
-78.7242
-79.0307
-79.2911
-76.3238
-76.3509
-76.4053
-76.4873
-76.5974
-76.7358
-76.9027
-77.0977
-77.3213
-77.5772
-77.8755
-78.2348
-78.7224
-79.6237
-82.4403
-75.955
-75.9829
-76.039
-76.1236
-76.2373
-76.3805
-76.5533
-76.7558
-76.9888
-77.2575
-77.5745
-77.9582
-78.4317
-78.8841
-77.9
-75.5647
-75.5934
-75.651
-75.7381
-75.8552
-76.0029
-76.1812
-76.3898
-76.6291
-76.9034
-77.2248
-77.6167
-78.1538
-79.1395
-82.3785
-75.1525
-75.1818
-75.2408
-75.3301
-75.4504
-75.6023
-75.7857
-75.9996
-76.2427
-76.5158
-76.8236
-77.1719
-77.5628
-77.8275
-76.1532
-74.7178
-74.7477
-74.8078
-74.899
-75.0222
-75.1782
-75.3667
-75.5862
-75.8332
-76.1033
-76.392
-76.6949
-77.0577
-77.8594
-81.7746
-74.2605
-74.2907
-74.3515
-74.4441
-74.5697
-74.7297
-74.9241
-75.151
-75.4052
-75.6771
-75.9482
-76.1738
-76.2461
-75.7265
-71.9188
-73.7803
-73.8104
-73.8713
-73.9645
-74.092
-74.2557
-74.4567
-74.6939
-74.9624
-75.2507
-75.5338
-75.7566
-75.8441
-75.8745
-77.67
-73.2773
-73.3069
-73.367
-73.4597
-73.5876
-73.7541
-73.9619
-74.2124
-74.5037
-74.8272
-75.1588
-75.4311
-75.48
-74.7943
-71.1209
-72.7519
-72.7803
-72.8385
-72.9288
-73.0551
-73.2221
-73.4353
-73.6999
-74.0202
-74.3973
-74.8226
-75.2583
-75.6245
-75.7865
-75.6216
-72.2048
-72.2313
-72.2859
-72.3715
-72.4929
-72.6565
-72.8708
-73.146
-73.4949
-73.9333
-74.477
-75.1313
-75.9093
-77.0034
-80.034
-71.6374
-71.6611
-71.7101
-71.7879
-71.8999
-72.0542
-72.2619
-72.5383
-72.9053
-73.3954
-74.0524
-74.9162
-75.973
-76.8728
-75.4802
-71.0517
-71.0715
-71.1127
-71.179
-71.2762
-71.4134
-71.6032
-71.8649
-72.228
-72.7411
-73.4819
-74.5649
-76.1441
-78.3317
-81.0817
-70.4506
-70.4653
-70.4963
-70.5471
-70.6235
-70.7343
-70.8927
-71.1185
-71.4446
-71.9279
-72.6717
-73.8667
-75.8912
-79.3976
-84.3261
-69.8376
-69.8461
-69.8646
-69.8961
-69.9456
-70.0208
-70.1332
-70.3
-70.5498
-70.9333
-71.5463
-72.5901
-74.6079
-79.4734
-95.3094
-95.1269
-79.2539
-74.3123
-72.2691
-71.2324
-70.64
-70.2799
-70.0521
-69.9046
-69.8081
-69.7455
-69.7056
-69.6811
-69.6671
-69.6608
-84.7818
-79.1354
-75.4644
-73.432
-72.2731
-71.5731
-71.1292
-70.8362
-70.637
-70.4997
-70.405
-70.3406
-70.2983
-70.2728
-70.2609
-80.3646
-77.6434
-75.4772
-73.9858
-72.9935
-72.3275
-71.872
-71.5527
-71.3246
-71.1601
-71.0421
-70.9588
-70.9024
-70.8675
-70.8509
-75.8773
-75.7642
-75.0196
-74.1906
-73.4855
-72.935
-72.5182
-72.2036
-71.9659
-71.7869
-71.6537
-71.5571
-71.4901
-71.4479
-71.4275
-71.4927
-74.3218
-74.6192
-74.3068
-73.8682
-73.449
-73.0914
-72.7988
-72.5644
-72.3802
-72.2386
-72.1333
-72.0589
-72.0114
-71.9883
-75.9199
-74.6359
-74.6406
-74.5083
-74.2355
-73.9195
-73.6174
-73.351
-73.126
-72.9423
-72.797
-72.6866
-72.6074
-72.5563
-72.5313
-70.512
-74.0531
-74.7555
-74.8048
-74.631
-74.3794
-74.1167
-73.8719
-73.6568
-73.476
-73.3298
-73.2168
-73.1347
-73.0813
-73.0551
-77.6655
-75.4397
-75.3223
-75.2537
-75.0786
-74.8459
-74.6016
-74.3696
-74.1618
-73.984
-73.8382
-73.7241
-73.6405
-73.5857
-73.5587
-71.3957
-75.3604
-75.8537
-75.7738
-75.5642
-75.3197
-75.0758
-74.8478
-74.6437
-74.468
-74.323
-74.2088
-74.1245
-74.0691
-74.0417
-81.9681
-77.6897
-76.7813
-76.3813
-76.0719
-75.7921
-75.5369
-75.3068
-75.1035
-74.9292
-74.785
-74.6711
-74.5868
-74.5312
-74.5037
-75.9697
-77.6767
-77.3541
-76.9233
-76.5571
-76.2465
-75.9785
-75.7445
-75.541
-75.3676
-75.2245
-75.1113
-75.0275
-74.9721
-74.9446
-82.5303
-79.0711
-78.0002
-77.4176
-77.0015
-76.6703
-76.3943
-76.1582
-75.9553
-75.7833
-75.6416
-75.5296
-75.4466
-75.3917
-75.3644
-77.8035
-78.8049
-78.3054
-77.7934
-77.3849
-77.0547
-76.7801
-76.5462
-76.3458
-76.1762
-76.0366
-75.9263
-75.8444
-75.7902
-75.7633
-82.5478
-79.579
-78.6175
-78.0944
-77.7119
-77.3995
-77.1354
-76.9082
-76.7126
-76.5466
-76.4098
-76.3015
-76.2211
-76.1679
-76.1415
-79.2431
-78.9568
-78.6234
-78.2951
-77.9881
-77.7096
-77.4628
-77.2456
-77.0564
-76.895
-76.7616
-76.6558
-76.5772
-76.5251
-76.4993
-76.1651
-78.3654
-78.6238
-78.4782
-78.2423
-77.9968
-77.7674
-77.5607
-77.3785
-77.2222
-77.0925
-76.9896
-76.913
-76.8623
-76.837
-80.5635
-79.1205
-78.903
-78.7212
-78.501
-78.2716
-78.0541
-77.856
-77.6803
-77.5291
-77.4033
-77.3034
-77.229
-77.1797
-77.1552
-77.0159
-79.0225
-79.1556
-78.988
-78.7641
-78.537
-78.3249
-78.1329
-77.9628
-77.8164
-77.6947
-77.5979
-77.5258
-77.4781
-77.4543
-82.6466
-80.2235
-79.6152
-79.2913
-79.0272
-78.7909
-78.5797
-78.3918
-78.2265
-78.0848
-77.967
-77.8735
-77.8039
-77.7577
-77.7348
-79.4447
-80.1622
-79.8754
-79.5502
-79.269
-79.0264
-78.816
-78.632
-78.4717
-78.3346
-78.221
-78.1309
-78.0638
-78.0194
-77.9972
-82.6162
-80.7962
-80.1606
-79.7757
-79.4817
-79.2384
-79.0317
-78.8531
-78.6982
-78.5663
-78.4571
-78.3706
-78.3061
-78.2635
-78.2423
-80.2365
-80.6057
-80.27
-79.9354
-79.6571
-79.4239
-79.2258
-79.0547
-78.9066
-78.7803
-78.6759
-78.5931
-78.5315
-78.4907
-78.4704
-82.3397
-80.9028
-80.3767
-80.0532
-79.7991
-79.584
-79.3989
-79.2376
-79.0973
-78.9774
-78.8781
-78.7993
-78.7406
-78.7018
-78.6824
-80.7576
-80.5656
-80.3411
-80.12
-79.912
-79.7222
-79.5531
-79.4032
-79.2715
-79.1584
-79.0644
-78.9897
-78.9341
-78.8972
-78.8789
-79.337
-80.2489
-80.3013
-80.1749
-80.0103
-79.8449
-79.6918
-79.5534
-79.4304
-79.3242
-79.2357
-79.1652
-79.1127
-79.0778
-79.0605
-81.1903
-80.5271
-80.3838
-80.2538
-80.1069
-79.958
-79.8179
-79.69
-79.5754
-79.476
-79.3929
-79.3266
-79.2771
-79.2443
-79.228
-79.6531
-80.4424
-80.4553
-80.3416
-80.203
-80.0638
-79.9335
-79.8145
-79.7076
-79.6146
-79.5367
-79.4746
-79.4281
-79.3973
-79.382
-81.912
-80.8951
-80.6128
-80.444
-80.2975
-80.1623
-80.0392
-79.9277
-79.8278
-79.7409
-79.6681
-79.6099
-79.5664
-79.5376
-79.5232
-80.5885
-80.8358
-80.6899
-80.5282
-80.3822
-80.2512
-80.1346
-80.03
-79.9367
-79.8556
-79.7876
-79.7333
-79.6927
-79.6658
-79.6524
-81.7691
-81.0477
-80.7763
-80.5989
-80.4545
-80.3292
-80.2194
-80.1217
-80.0348
-79.9593
-79.896
-79.8454
-79.8077
-79.7826
-79.7701
-80.8301
-80.9454
-80.7956
-80.644
-80.5114
-80.3953
-80.2936
-80.2032
-80.1227
-80.0527
-79.994
-79.947
-79.912
-79.8887
-79.8771
-81.5556
-81.0253
-80.8145
-80.6732
-80.5549
-80.4503
-80.3579
-80.2751
-80.2011
-80.1364
-80.0821
-80.0387
-80.0062
-79.9846
-79.9739
-80.9599
-80.8815
-80.7835
-80.6838
-80.5868
-80.4957
-80.4132
-80.3383
-80.2706
-80.2111
-80.1611
-80.121
-80.091
-80.0711
-80.0612
-80.4462
-80.7495
-80.7519
-80.6899
-80.6125
-80.5342
-80.4611
-80.3936
-80.332
-80.2775
-80.2315
-80.1946
-80.167
-80.1486
-80.1395
-81.0546
-80.8246
-80.7633
-80.7041
-80.6369
-80.5681
-80.503
-80.4422
-80.3861
-80.3363
-80.294
-80.2601
-80.2346
-80.2177
-80.2093
-80.5447
-80.7808
-80.7717
-80.7211
-80.6604
-80.5984
-80.5397
-80.4846
-80.4336
-80.388
-80.3492
-80.3179
-80.2945
-80.279
-80.2712
-81.2252
-80.9055
-80.8072
-80.7426
-80.6828
-80.6253
-80.5718
-80.5216
-80.475
-80.4331
-80.3974
-80.3687
-80.3471
-80.3328
-80.3256
-80.828
-80.8748
-80.8176
-80.7581
-80.7017
-80.6484
-80.5994
-80.5535
-80.5107
-80.4722
-80.4393
-80.4128
-80.3929
-80.3796
-80.373
-81.128
-80.9144
-80.8281
-80.7689
-80.7164
-80.6674
-80.6226
-80.5805
-80.5411
-80.5056
-80.4751
-80.4506
-80.4321
-80.4198
-80.4137
-80.901
-80.8638
-80.818
-80.7724
-80.7268
-80.6826
-80.6417
-80.603
-80.5666
-80.5336
-80.5053
-80.4824
-80.4652
-80.4538
-80.4481
-80.727
-80.8175
-80.8061
-80.7732
-80.7342
-80.6944
-80.657
-80.6213
-80.5874
-80.5566
-80.5301
-80.5086
-80.4925
-80.4818
-80.4765
-80.922
-80.8401
-80.8077
-80.7757
-80.7402
-80.7036
-80.669
-80.6357
-80.6038
-80.5748
-80.5497
-80.5294
-80.5142
-80.5041
-80.4991
-80.7964
-80.8265
-80.8072
-80.7781
-80.7448
-80.7104
-80.6778
-80.6463
-80.6161
-80.5883
-80.5644
-80.5451
-80.5306
-80.5209
-80.5161
-80.9088
-80.8454
-80.8118
-80.7809
-80.7482
-80.715
-80.6837
-80.6534
-80.6243
-80.5975
-80.5744
-80.5557
-80.5417
-80.5323
-80.5277
-80.8604
-80.842
-80.8129
-80.7824
-80.75
-80.7174
-80.6867
-80.6571
-80.6285
-80.6023
-80.5797
-80.5614
-80.5476
-80.5385
-80.534
-80.8704
-80.844
-80.8135
-80.7825
-80.75
-80.7174
-80.6867
-80.6573
-80.6289
-80.6028
-80.5804
-80.5622
-80.5486
-80.5396
-80.5351
-80.9075
-80.8471
-80.8127
-80.7811
-80.7481
-80.7149
-80.6838
-80.654
-80.6253
-80.5991
-80.5765
-80.5582
-80.5445
-80.5354
-80.5309
-80.8077
-80.8304
-80.8084
-80.7781
-80.7443
-80.71
-80.6779
-80.6472
-80.6178
-80.591
-80.568
-80.5494
-80.5354
-80.5262
-80.5216
-80.9251
-80.8428
-80.8083
-80.775
-80.7389
-80.7026
-80.6688
-80.6367
-80.6063
-80.5785
-80.5547
-80.5356
-80.5212
-80.5117
-80.507
-80.736
-80.8203
-80.8057
-80.7711
-80.7317
-80.6925
-80.6564
-80.6225
-80.5905
-80.5615
-80.5367
-80.5168
-80.5019
-80.492
-80.487
-80.9062
-80.8647
-80.8154
-80.768
-80.7223
-80.6792
-80.6403
-80.6042
-80.5703
-80.5398
-80.5138
-80.4928
-80.4772
-80.4667
-80.4616
-81.1324
-80.9127
-80.8221
-80.7612
-80.7091
-80.6621
-80.6202
-80.5815
-80.5456
-80.5133
-80.4857
-80.4635
-80.4469
-80.4359
-80.4305
-80.8294
-80.8692
-80.8067
-80.7455
-80.6904
-80.6403
-80.5956
-80.5543
-80.516
-80.4816
-80.4523
-80.4287
-80.411
-80.3993
-80.3934
-81.235
-80.8949
-80.7887
-80.723
-80.6662
-80.6138
-80.5664
-80.5224
-80.4814
-80.4446
-80.4133
-80.388
-80.3691
-80.3565
-80.3503
-80.5263
-80.7565
-80.741
-80.6916
-80.637
-80.583
-80.5327
-80.4856
-80.4416
-80.4021
-80.3684
-80.3413
-80.321
-80.3074
-80.3007
-81.0628
-80.7868
-80.715
-80.6613
-80.6053
-80.5485
-80.4947
-80.4438
-80.3963
-80.3538
-80.3174
-80.2882
-80.2662
-80.2516
-80.2444
-80.4181
-80.6735
-80.6749
-80.6301
-80.572
-80.5109
-80.4524
-80.397
-80.3454
-80.2993
-80.26
-80.2283
-80.2045
-80.1887
-80.1809
-81.0235
-80.7348
-80.6651
-80.6055
-80.5389
-80.4706
-80.4057
-80.3448
-80.2884
-80.2382
-80.1956
-80.1612
-80.1355
-80.1184
-80.1098
-80.2873
-80.6421
-80.6468
-80.583
-80.505
-80.4268
-80.354
-80.2866
-80.2249
-80.1701
-80.1238
-80.0865
-80.0586
-80.04
-80.0308
-80.9018
-80.7906
-80.6743
-80.5677
-80.4692
-80.3784
-80.2964
-80.2218
-80.1541
-80.0944
-80.0441
-80.0036
-79.9734
-79.9533
-79.9432
-81.621
-80.941
-80.6933
-80.5442
-80.4259
-80.3228
-80.2316
-80.1494
-80.0754
-80.0105
-79.9558
-79.912
-79.8793
-79.8575
-79.8466
-80.6266
-80.7892
-80.6422
-80.4966
-80.3701
-80.2579
-80.1583
-80.0686
-79.988
-79.9176
-79.8584
-79.8111
-79.7756
-79.7521
-79.7404
-81.7604
-80.8506
-80.5883
-80.4332
-80.3023
-80.1832
-80.0758
-79.9786
-79.8914
-79.8152
-79.7512
-79.7001
-79.6619
-79.6366
-79.6239
-79.7875
-80.4606
-80.4582
-80.3503
-80.2241
-80.0995
-79.9841
-79.879
-79.7846
-79.7024
-79.6335
-79.5785
-79.5374
-79.5102
-79.4966
-81.141
-80.5378
-80.3997
-80.2773
-80.1428
-80.0083
-79.8831
-79.7691
-79.6672
-79.5786
-79.5046
-79.4456
-79.4015
-79.3723
-79.3577
-79.4842
-80.29
-80.3287
-80.2101
-80.0594
-79.9097
-79.772
-79.6481
-79.538
-79.4429
-79.3636
-79.3005
-79.2534
-79.2222
-79.2067
-80.7527
-80.5729
-80.3651
-80.1625
-79.9733
-79.8015
-79.6493
-79.5146
-79.3962
-79.2944
-79.2098
-79.1426
-79.0925
-79.0593
-79.0427
-82.174
-80.8735
-80.3962
-80.1028
-79.873
-79.6788
-79.5121
-79.3669
-79.2404
-79.1322
-79.0424
-78.9711
-78.918
-78.8828
-78.8652
-80.2657
-80.6004
-80.2977
-79.9963
-79.7459
-79.536
-79.3577
-79.2035
-79.0697
-78.9554
-78.8606
-78.7853
-78.7292
-78.692
-78.6735
-82.4136
-80.7679
-80.1966
-79.8518
-79.5884
-79.3701
-79.1844
-79.0233
-78.8831
-78.7631
-78.6636
-78.5844
-78.5254
-78.4863
-78.4668
-79.5252
-80.1875
-79.9364
-79.648
-79.3976
-79.1807
-78.9917
-78.8257
-78.6801
-78.555
-78.4508
-78.3679
-78.3061
-78.265
-78.2445
-82.4118
-80.2394
-79.7003
-79.415
-79.1813
-78.9707
-78.781
-78.611
-78.4605
-78.3304
-78.2218
-78.1351
-78.0704
-78.0274
-78.006
-77.3333
-79.155
-79.2862
-79.1435
-78.947
-78.745
-78.5544
-78.3801
-78.2243
-78.0891
-77.9759
-77.8855
-77.8178
-77.7729
-77.7505
-80.5191
-79.2427
-79.0605
-78.9065
-78.7143
-78.5104
-78.3144
-78.1336
-77.9716
-77.8307
-77.7127
-77.6183
-77.5477
-77.5008
-77.4774
-76.5856
-78.5684
-78.8135
-78.6934
-78.4878
-78.2691
-78.0615
-77.8715
-77.7018
-77.5546
-77.4314
-77.333
-77.2593
-77.2104
-77.186
-79.3363
-79.0989
-78.8182
-78.5368
-78.2681
-78.0192
-77.7941
-77.5924
-77.414
-77.26
-77.1315
-77.0288
-76.952
-76.901
-76.8756
-82.2795
-79.6573
-78.8216
-78.3688
-78.0327
-77.7516
-77.5083
-77.2945
-77.1071
-76.9461
-76.8119
-76.705
-76.6251
-76.572
-76.5456
-78.0472
-78.9733
-78.5571
-78.117
-77.7569
-77.4568
-77.1998
-76.9755
-76.7796
-76.6117
-76.472
-76.3607
-76.2777
-76.2227
-76.1952
-82.223
-79.2192
-78.3074
-77.8071
-77.4374
-77.131
-76.8664
-76.634
-76.4305
-76.2559
-76.1107
-75.9953
-75.9092
-75.8522
-75.8238
-76.4398
-78.0105
-77.7699
-77.4038
-77.0719
-76.775
-76.5084
-76.2698
-76.0591
-75.8779
-75.7273
-75.6078
-75.5189
-75.4601
-75.4308
-81.6646
-78.0577
-77.3177
-76.9742
-76.6802
-76.3967
-76.129
-75.8836
-75.6651
-75.4769
-75.3209
-75.1974
-75.1059
-75.0455
-75.0156
-72.586
-76.112
-76.5885
-76.5077
-76.2792
-76.0063
-75.7322
-75.4761
-75.2477
-75.0518
-74.8904
-74.7634
-74.6697
-74.6081
-74.5776
-77.9193
-76.282
-76.2445
-76.1412
-75.9069
-75.6159
-75.3207
-75.0469
-74.8055
-74.6011
-74.4345
-74.3046
-74.2095
-74.1473
-74.1166
-71.9796
-75.3392
-75.9445
-75.8633
-75.5721
-75.2272
-74.8925
-74.5926
-74.3355
-74.1224
-73.9517
-73.8202
-73.7249
-73.6629
-73.6325
-76.1674
-76.3074
-76.1194
-75.729
-75.2725
-74.8303
-74.4383
-74.1063
-73.8328
-73.6127
-73.44
-73.3092
-73.2154
-73.155
-73.1254
-80.2826
-77.5017
-76.4331
-75.6381
-74.9612
-74.3973
-73.9407
-73.5773
-73.291
-73.0682
-72.8977
-72.7709
-72.6812
-72.624
-72.5961
-76.3179
-77.5051
-76.5548
-75.4632
-74.5695
-73.8882
-73.3767
-72.9926
-72.7033
-72.4857
-72.3236
-72.2054
-72.123
-72.0709
-72.0457
-81.5879
-78.9913
-76.7728
-75.1489
-74.0288
-73.2594
-72.7223
-72.3402
-72.0641
-71.8632
-71.7174
-71.6134
-71.5421
-71.4976
-71.4762
-85.5157
-80.2133
-76.5759
-74.4826
-73.2433
-72.4677
-71.9585
-71.6121
-71.3709
-71.2009
-71.0809
-70.9973
-70.9411
-70.9066
-70.8902
-96.3168
-80.2773
-75.3049
-73.2218
-72.1342
-71.4895
-71.0799
-70.8093
-70.6267
-70.5023
-70.4176
-70.3606
-70.3236
-70.3015
-70.2911
-69.1548
-69.1555
-69.158
-69.1646
-69.1788
-69.206
-69.254
-69.3336
-69.4615
-69.6635
-69.977
-70.4391
-71.0198
-71.1743
-67.2028
-68.4069
-68.3981
-68.3811
-68.3569
-68.3273
-68.2943
-68.2605
-68.2279
-68.1975
-68.1658
-68.1138
-67.9706
-67.5302
-66.2439
-62.9479
-67.6656
-67.6467
-67.6091
-67.5527
-67.4771
-67.3814
-67.2632
-67.1171
-66.9324
-66.6876
-66.3394
-65.7961
-64.8851
-63.3217
-60.8125
-66.9407
-66.912
-66.8539
-66.7656
-66.6451
-66.489
-66.2914
-66.0423
-65.7249
-65.3117
-64.7576
-63.9871
-62.8907
-61.3427
-59.283
-66.2425
-66.2043
-66.127
-66.0089
-65.8469
-65.6362
-65.3689
-65.0332
-64.6109
-64.0756
-63.3899
-62.5011
-61.3466
-59.8737
-58.0795
-65.5804
-65.5336
-65.4389
-65.2941
-65.0956
-64.8379
-64.5128
-64.1083
-63.6077
-62.9889
-62.2238
-61.2787
-60.1193
-58.7248
-57.1048
-64.963
-64.9086
-64.7988
-64.6312
-64.4019
-64.1054
-63.734
-63.277
-62.7204
-62.0468
-61.2366
-60.2688
-59.1255
-57.7999
-56.3033
-64.3979
-64.3372
-64.2147
-64.028
-63.7736
-63.4462
-63.0391
-62.5432
-61.9476
-61.2395
-60.4052
-59.4325
-58.3124
-57.0443
-55.6388
-63.8915
-63.8256
-63.6927
-63.4908
-63.2164
-62.8652
-62.4312
-61.9075
-61.2855
-60.5562
-59.7107
-58.7419
-57.6459
-56.4248
-55.088
-63.4491
-63.379
-63.238
-63.0241
-62.7344
-62.3652
-61.9117
-61.3684
-60.7291
-59.9875
-59.1381
-58.1769
-57.103
-55.9197
-54.6351
-63.0748
-63.0016
-62.8543
-62.6313
-62.3302
-61.9478
-61.4804
-60.9238
-60.2734
-59.5252
-58.6757
-57.7232
-56.6683
-55.5148
-54.2697
-62.7719
-62.6963
-62.5444
-62.3147
-62.0054
-61.6137
-61.1367
-60.5713
-59.9142
-59.1627
-58.3149
-57.3705
-56.3309
-55.2002
-53.9845
-62.5428
-62.4655
-62.3104
-62.0761
-61.7611
-61.3631
-60.8799
-60.3088
-59.6477
-58.8949
-58.0493
-57.1115
-56.0835
-54.9692
-53.7745
-62.3892
-62.3109
-62.1536
-61.9165
-61.5979
-61.1961
-60.7091
-60.1348
-59.4715
-58.7182
-57.8746
-56.9414
-55.9211
-54.8175
-53.6362
-62.3121
-62.2333
-62.0751
-61.8365
-61.5163
-61.1126
-60.6238
-60.048
-59.3839
-58.6305
-57.7878
-56.857
-55.8405
-54.7422
-53.5674
-53.4029
-59.3681
-58.6535
-51.2576
-44.7577
-28.6477
-43.0283
-48.3994
-54.3883
-53.6645
-45.407
-41.0886
-34.3299
-29.3238
-18.394
-26.4798
-29.1824
-31.6962
-30.6316
-24.6488
-20.7112
-12.608
-17.3447
-18.7134
-19.4078
-19.7917
-20.7037
-19.7607
-15.7197
-13.1634
-8.08255
-11.0277
-11.9164
-12.4763
-12.8264
-13.6467
-13.1599
-10.7222
-9.1302
-5.82524
-8.18228
-9.04346
-9.9137
-10.511
-11.7936
-11.7497
-10.3234
-9.64309
-8.64725
-7.74781
-5.42434
-8.32148
-9.64355
-11.5542
-11.7805
-10.593
-9.54431
-6.6767
-10.279
-11.9547
-14.2508
-15.8026
-18.8617
-19.2755
-17.5029
-15.8361
-11.0919
-17.4481
-20.4403
-24.6016
-27.3723
-32.7885
-33.5159
-30.3958
-27.3973
-18.8825
-29.8814
-34.8974
-41.6488
-46.0044
-54.4091
-55.1674
-49.1584
-43.7219
-29.1123
-45.5099
-52.1211
-59.6418
-60.3067
-54.0307
-58.094
-56.924
-54.7819
-50.7798
-46.4089
-42.0362
-44.2817
-46.5312
-48.0903
-47.1009
-43.536
-39.7674
-35.4867
-31.5221
-27.8003
-28.3302
-28.9582
-29.1274
-27.8626
-25.0429
-22.1734
-19.3354
-19.3667
-19.5946
-19.7094
-19.654
-19.392
-18.3529
-16.4023
-14.5067
-12.6911
-12.7059
-12.8843
-13.0367
-13.1075
-13.0825
-12.549
-11.4341
-10.3423
-9.32323
-9.60811
-10.0248
-10.485
-10.8974
-11.2922
-11.2406
-10.7361
-10.2236
-9.66018
-9.15116
-8.75609
-9.55572
-10.4064
-11.2328
-11.522
-11.2991
-10.9721
-10.7142
-11.9379
-13.298
-14.8175
-16.2309
-17.6529
-18.2338
-18.0055
-17.5893
-17.2922
-19.5272
-21.9765
-24.6985
-27.199
-29.6846
-30.6553
-30.1653
-29.2876
-28.5486
-32.1981
-36.1321
-40.4038
-44.19
-47.7982
-48.807
-47.2415
-44.9656
-42.6862
-47.1306
-51.5621
-55.6027
-57.7194
-58.8071
-57.9668
-55.878
-53.5872
-50.8323
-48.0618
-45.8939
-45.5291
-45.6569
-45.462
-44.2462
-41.9586
-39.1841
-36.1888
-33.3713
-31.0852
-30.04
-29.3957
-28.625
-27.3341
-25.5098
-23.5916
-21.932
-21.1071
-20.6399
-20.2578
-19.8155
-19.2011
-18.2593
-17.0074
-15.7361
-14.6652
-14.1499
-13.8909
-13.7162
-13.5282
-13.2521
-12.777
-12.114
-11.4511
-10.9446
-10.8454
-10.9445
-11.1267
-11.3105
-11.4349
-11.3855
-11.1614
-10.879
-10.5959
-10.3916
-10.3685
-10.7176
-11.2053
-11.6864
-12.0022
-12.1566
-12.3013
-12.6196
-13.4015
-14.4129
-15.5383
-16.6487
-17.6567
-18.3587
-18.7805
-19.1723
-19.8473
-21.2989
-23.1216
-25.1157
-27.0485
-28.764
-29.8993
-30.4942
-30.9794
-31.8961
-34.1056
-36.8815
-39.8583
-42.6325
-44.9309
-46.1539
-46.3478
-46.2139
-46.5776
-48.7693
-51.5651
-54.3332
-56.6129
-58.6732
-57.1058
-55.1215
-53.06
-50.906
-48.8464
-47.1544
-46.067
-45.247
-44.3039
-42.9349
-41.0827
-38.919
-36.6357
-34.4558
-32.5837
-31.1736
-30.0162
-28.8727
-27.5749
-26.1133
-24.6386
-23.3278
-22.3339
-21.5639
-20.8945
-20.2263
-19.4832
-18.6137
-17.6418
-16.6783
-15.8406
-15.2263
-14.7776
-14.4162
-14.0772
-13.7096
-13.2772
-12.7949
-12.3359
-11.981
-11.7982
-11.7459
-11.7676
-11.8105
-11.8292
-11.7832
-11.6722
-11.5365
-11.4196
-11.3721
-11.4462
-11.681
-12.0153
-12.3791
-12.716
-13.0294
-13.3817
-13.8586
-14.5357
-15.3652
-16.2822
-17.2153
-18.1027
-18.8888
-19.5998
-20.3491
-21.2854
-22.5374
-24.0213
-25.6224
-27.2124
-28.6799
-29.9229
-30.9821
-32.0507
-33.383
-35.1984
-37.342
-39.6051
-41.7608
-43.6124
-44.9826
-45.9258
-46.7457
-47.8362
-49.5378
-51.6074
-53.7654
-55.821
-57.7919
-56.2357
-54.475
-52.6647
-50.8431
-49.1009
-47.5436
-46.2193
-45.014
-43.7592
-42.3193
-40.6555
-38.8265
-36.9344
-35.0975
-33.4177
-31.9442
-30.6175
-29.3436
-28.0525
-26.7368
-25.451
-24.2683
-23.2395
-22.3442
-21.5309
-20.7463
-19.9487
-19.1172
-18.2657
-17.4409
-16.6957
-16.0657
-15.5397
-15.0855
-14.6688
-14.2619
-13.8506
-13.4437
-13.0719
-12.771
-12.5643
-12.4423
-12.3793
-12.3465
-12.3179
-12.2759
-12.2201
-12.168
-12.1448
-12.1785
-12.2941
-12.5021
-12.784
-13.1118
-13.4652
-13.8472
-14.284
-14.8109
-15.4515
-16.193
-17.0043
-17.849
-18.6959
-19.5286
-20.3652
-21.2579
-22.2702
-23.4432
-24.7536
-26.1461
-27.5541
-28.9202
-30.2123
-31.4576
-32.7431
-34.1747
-35.8195
-37.631
-39.5069
-41.3272
-42.9874
-44.4264
-45.6812
-46.8874
-48.2141
-49.7755
-51.5215
-53.3437
-55.1501
-56.9027
-55.4704
-53.8988
-52.2845
-50.6651
-49.0882
-47.5966
-46.1998
-44.852
-43.4809
-42.026
-40.4663
-38.8252
-37.1537
-35.5132
-33.9554
-32.5039
-31.1435
-29.8401
-28.5663
-27.3182
-26.1159
-24.9883
-23.9541
-23.0077
-22.1273
-21.2865
-20.4641
-19.6506
-18.8525
-18.0899
-17.3863
-16.7568
-16.1997
-15.7021
-15.2474
-14.8219
-14.4191
-14.0432
-13.7073
-13.4265
-13.21
-13.0547
-12.9489
-12.8777
-12.8274
-12.7895
-12.764
-12.7593
-12.7891
-12.8685
-13.0099
-13.2181
-13.4877
-13.8088
-14.1745
-14.5871
-15.0578
-15.6005
-16.2234
-16.9213
-17.6797
-18.4809
-19.3106
-20.1638
-21.051
-21.9959
-23.0248
-24.1523
-25.369
-26.6483
-27.9573
-29.2683
-30.5697
-31.8763
-33.2258
-34.6603
-36.2012
-37.8276
-39.4892
-41.1244
-42.6812
-44.1353
-45.5066
-46.8555
-48.2539
-49.7474
-51.3254
-52.9442
-54.5553
-56.1213
-54.8133
-53.3828
-51.9108
-50.4248
-48.9521
-47.5127
-46.1093
-44.7231
-43.3233
-41.8836
-40.3946
-38.8677
-37.3289
-35.8105
-34.3403
-32.9333
-31.5882
-30.2949
-29.0441
-27.8346
-26.6744
-25.5749
-24.5433
-23.5774
-22.6676
-21.8014
-20.9682
-20.1632
-19.3894
-18.6553
-17.9715
-17.3448
-16.7755
-16.2582
-15.7854
-15.3505
-14.9503
-14.5865
-14.2645
-13.9908
-13.7687
-13.597
-13.47
-13.3802
-13.3205
-13.2867
-13.2791
-13.3021
-13.3632
-13.4704
-13.6306
-13.847
-14.1187
-14.4428
-14.8176
-15.2447
-15.729
-16.276
-16.8884
-17.5636
-18.2947
-19.0732
-19.8926
-20.7515
-21.6551
-22.6139
-23.6385
-24.734
-25.8952
-27.1089
-28.3587
-29.631
-30.9207
-32.2342
-33.5866
-34.9935
-36.4601
-37.9743
-39.5097
-41.0347
-42.523
-43.9632
-45.3641
-46.7517
-48.1565
-49.5971
-51.0701
-52.5551
-54.0245
-55.4507
-54.2529
-52.9253
-51.5562
-50.1645
-48.7673
-47.3761
-45.9938
-44.6134
-43.2229
-41.812
-40.3779
-38.9273
-37.475
-36.0388
-34.6349
-33.2739
-31.9591
-30.6894
-29.4631
-28.2809
-27.1465
-26.0648
-25.0388
-24.0675
-23.1465
-22.27
-21.4328
-20.6325
-19.8702
-19.1497
-18.4758
-17.8516
-17.2776
-16.7516
-16.2703
-15.8304
-15.4304
-15.0708
-14.7538
-14.4819
-14.2563
-14.0763
-13.939
-13.8405
-13.7774
-13.7476
-13.7515
-13.7916
-13.872
-13.9974
-14.1718
-14.3975
-14.6754
-15.005
-15.3866
-15.8212
-16.3111
-16.8586
-17.4643
-18.1268
-18.8426
-19.6077
-20.4191
-21.2761
-22.181
-23.1381
-24.1515
-25.2222
-26.347
-27.5187
-28.7286
-29.9696
-31.2385
-32.5368
-33.8695
-35.2412
-36.6511
-38.0908
-39.5455
-40.9981
-42.4344
-43.8475
-45.2402
-46.6227
-48.0069
-49.3992
-50.7967
-52.1876
-53.5546
-54.8789
-53.7785
-52.5267
-51.2332
-49.9114
-48.5731
-47.2264
-45.875
-44.5179
-43.1517
-41.7737
-40.3847
-38.9898
-37.5982
-36.2209
-34.8683
-33.5483
-32.2655
-31.0222
-29.8194
-28.6591
-27.5437
-26.4756
-25.4565
-24.4861
-23.5625
-22.6831
-21.8453
-21.0481
-20.2919
-19.5784
-18.9097
-18.2874
-17.7118
-17.1821
-16.6967
-16.2541
-15.8535
-15.495
-15.1794
-14.9075
-14.6797
-14.4955
-14.3533
-14.2511
-14.1875
-14.1613
-14.1731
-14.2243
-14.3173
-14.4551
-14.6401
-14.8742
-15.1586
-15.4938
-15.8804
-16.3194
-16.8117
-17.3584
-17.9596
-18.6143
-19.3208
-20.0769
-20.8811
-21.7328
-22.6328
-23.5825
-24.5829
-25.6337
-26.7322
-27.8742
-29.0546
-30.269
-31.5145
-32.7904
-34.0972
-35.4344
-36.7995
-38.186
-39.5847
-40.9852
-42.3791
-43.7612
-45.1309
-46.491
-47.8448
-49.1931
-50.5321
-51.8535
-53.1456
-54.395
-53.3826
-52.187
-50.95
-49.6815
-48.3902
-47.083
-45.7639
-44.4351
-43.0973
-41.7514
-40.3999
-39.0475
-37.7009
-36.3677
-35.0552
-33.7697
-32.5158
-31.2969
-30.1154
-28.9735
-27.8734
-26.8168
-25.8051
-24.8383
-23.9161
-23.0371
-22.2006
-21.4059
-20.6534
-19.9437
-19.2781
-18.6572
-18.0812
-17.5499
-17.0626
-16.6186
-16.2173
-15.8588
-15.5433
-15.2709
-15.0417
-14.8554
-14.711
-14.6077
-14.5447
-14.5217
-14.5391
-14.5978
-14.6995
-14.846
-15.0389
-15.2799
-15.5699
-15.9097
-16.3001
-16.7418
-17.2353
-17.781
-18.3789
-19.0285
-19.7285
-20.4779
-21.2757
-22.1211
-23.0141
-23.9548
-24.9429
-25.9772
-27.0558
-28.1754
-29.3326
-30.5242
-31.7474
-33.0003
-34.2813
-35.5882
-36.9175
-38.264
-39.6212
-40.9822
-42.3408
-43.6927
-45.0354
-46.3682
-47.6903
-48.9998
-50.2923
-51.561
-52.7972
-53.9912
-53.0597
-51.9059
-50.7113
-49.4835
-48.2297
-46.9559
-45.6665
-44.365
-43.0542
-41.7368
-40.4163
-39.0971
-37.7846
-36.4849
-35.2035
-33.9459
-32.7164
-31.5184
-30.355
-29.2285
-28.141
-27.0943
-26.0896
-25.1275
-24.2081
-23.3312
-22.4966
-21.7041
-20.9541
-20.2469
-19.5832
-18.9633
-18.3875
-17.8556
-17.3675
-16.9226
-16.5208
-16.162
-15.8462
-15.5733
-15.3433
-15.156
-15.0109
-14.9075
-14.8457
-14.8253
-14.8467
-14.9107
-15.0184
-15.1711
-15.3699
-15.6161
-15.9105
-16.254
-16.6472
-17.0906
-17.5847
-18.1296
-18.7251
-19.371
-20.0664
-20.8105
-21.6026
-22.4419
-23.3279
-24.2599
-25.2371
-26.2581
-27.321
-28.4232
-29.562
-30.7346
-31.9382
-33.1704
-34.4287
-35.7101
-37.011
-38.3269
-39.6526
-40.9827
-42.3123
-43.6372
-44.9542
-46.2606
-47.5538
-48.8305
-50.086
-51.3146
-52.509
-53.6618
-52.8058
-51.6826
-50.5194
-49.3223
-48.0976
-46.8506
-45.586
-44.3081
-43.0204
-41.7266
-40.4306
-39.1369
-37.8503
-36.5757
-35.3181
-34.0821
-32.8719
-31.6908
-30.542
-29.4279
-28.3508
-27.3123
-26.3138
-25.3562
-24.44
-23.5655
-22.7329
-21.9423
-21.1941
-20.4887
-19.8263
-19.2072
-18.6317
-18.0997
-17.6112
-17.1659
-16.7637
-16.4046
-16.0884
-15.8152
-15.5848
-15.3971
-15.2518
-15.1489
-15.0882
-15.0699
-15.0943
-15.162
-15.2739
-15.4309
-15.634
-15.884
-16.1817
-16.528
-16.9232
-17.3678
-17.8622
-18.4063
-19.0001
-19.6433
-20.3352
-21.0752
-21.8626
-22.6965
-23.5763
-24.5009
-25.4692
-26.4796
-27.5304
-28.6192
-29.7436
-30.9009
-32.0885
-33.3035
-34.5432
-35.8044
-37.0833
-38.3759
-39.6777
-40.984
-42.2905
-43.5931
-44.888
-46.1717
-47.4408
-48.6912
-49.9182
-51.1165
-52.2801
-53.4026
-52.6177
-51.5162
-50.3752
-49.2002
-47.9968
-46.7699
-45.5245
-44.2648
-42.9951
-41.7193
-40.4418
-39.1667
-37.8987
-36.6422
-35.4019
-34.1818
-32.9858
-31.8174
-30.6796
-29.5749
-28.5056
-27.4735
-26.4799
-25.5261
-24.6128
-23.7405
-22.9096
-22.1207
-21.3739
-20.6696
-20.0081
-19.3897
-18.8144
-18.2825
-17.7938
-17.3483
-16.9459
-16.5865
-16.2701
-15.9967
-15.7661
-15.5783
-15.4331
-15.3307
-15.271
-15.2542
-15.2807
-15.351
-15.4657
-15.6257
-15.8316
-16.0843
-16.3844
-16.7326
-17.1292
-17.5746
-18.0691
-18.6127
-19.2052
-19.8465
-20.5358
-21.2728
-22.0565
-22.8863
-23.7612
-24.68
-25.6415
-26.6441
-27.6859
-28.7648
-29.8785
-31.0244
-32.1997
-33.4018
-34.6274
-35.8735
-37.1362
-38.4119
-39.6963
-40.9852
-42.2744
-43.5598
-44.8376
-46.1037
-47.3542
-48.5849
-49.7911
-50.9678
-52.1095
-53.2107
-52.4935
-51.4058
-50.2791
-49.1185
-47.9289
-46.7155
-45.4829
-44.2357
-42.9781
-41.7145
-40.4492
-39.1864
-37.9305
-36.6859
-35.4567
-34.247
-33.0605
-31.9005
-30.7701
-29.6717
-28.6077
-27.5799
-26.5898
-25.6387
-24.7274
-23.8567
-23.0272
-22.2393
-21.4935
-20.79
-20.1291
-19.5111
-18.9361
-18.4042
-17.9154
-17.4698
-17.0673
-16.7078
-16.3913
-16.1177
-15.887
-15.6992
-15.5543
-15.4522
-15.3932
-15.3774
-15.4052
-15.4771
-15.5937
-15.7555
-15.9633
-16.2177
-16.5192
-16.8686
-17.266
-17.712
-18.2065
-18.7497
-19.3415
-19.9814
-20.6691
-21.404
-22.1854
-23.0123
-23.8837
-24.7986
-25.7556
-26.7529
-27.7888
-28.8612
-29.9678
-31.106
-32.2732
-33.4665
-34.6828
-35.9188
-37.171
-38.4355
-39.7085
-40.9859
-42.2636
-43.5375
-44.8036
-46.0577
-47.2958
-48.5134
-49.706
-50.8686
-51.9963
-53.084
-52.4316
-51.3508
-50.2311
-49.0775
-47.8948
-46.6881
-45.462
-44.221
-42.9696
-41.7121
-40.4529
-39.1962
-37.9463
-36.7075
-35.4839
-34.2794
-33.0975
-31.9417
-30.8149
-29.7198
-28.6584
-27.6328
-26.6445
-25.6947
-24.7846
-23.9148
-23.086
-22.2986
-21.5532
-20.8501
-20.1895
-19.5717
-18.9969
-18.465
-17.9763
-17.5306
-17.128
-16.7685
-16.4519
-16.1783
-15.9476
-15.7598
-15.615
-15.5131
-15.4544
-15.4392
-15.4676
-15.5403
-15.6577
-15.8204
-16.0291
-16.2843
-16.5866
-16.9365
-17.3343
-17.7805
-18.2751
-18.8181
-19.4095
-20.0488
-20.7357
-21.4695
-22.2496
-23.0751
-23.9448
-24.8577
-25.8124
-26.8071
-27.8401
-28.9092
-30.0122
-31.1467
-32.3098
-33.4987
-34.7103
-35.9413
-37.1882
-38.4472
-39.7146
-40.9862
-42.2582
-43.5263
-44.7864
-46.0346
-47.2664
-48.4775
-49.6633
-50.819
-51.9398
-53.0209
-67.8986
-71.892
-71.6975
-71.0728
-70.5745
-70.232
-70.0052
-69.8572
-69.7619
-69.7019
-69.6651
-69.6435
-69.6314
-69.6252
-69.6226
-63.6445
-66.9297
-68.1904
-68.6
-68.7149
-68.7422
-68.7516
-68.7635
-68.7813
-68.8034
-68.8271
-68.8495
-68.8682
-68.8816
-68.8886
-61.4987
-63.99
-65.5325
-66.4201
-66.9407
-67.2682
-67.4935
-67.6616
-67.7942
-67.9015
-67.9884
-68.057
-68.1083
-68.1424
-68.1594
-59.954
-61.9975
-63.528
-64.6053
-65.3574
-65.8942
-66.2906
-66.5934
-66.8305
-67.0181
-67.1661
-67.2801
-67.3634
-67.4181
-67.4452
-58.7356
-60.5166
-61.9749
-63.114
-63.9876
-64.6586
-65.1795
-65.5891
-65.9142
-66.1726
-66.3759
-66.5318
-66.6453
-66.7195
-66.7562
-57.7474
-59.3568
-60.7394
-61.8863
-62.8188
-63.5712
-64.1779
-64.6676
-65.0629
-65.3802
-65.6312
-65.8241
-65.9647
-66.0565
-66.1019
-56.9341
-58.4222
-59.7383
-60.8712
-61.8285
-62.6281
-63.2914
-63.8389
-64.288
-64.6524
-64.9428
-65.167
-65.3309
-65.4381
-65.4911
-56.2598
-57.6585
-58.9188
-60.0303
-60.9943
-61.8196
-62.5193
-63.1071
-63.5959
-63.9968
-64.3187
-64.5686
-64.7518
-64.872
-64.9315
-55.7006
-57.032
-58.2468
-59.3358
-60.2973
-61.1353
-61.8574
-62.4727
-62.9902
-63.4185
-63.7649
-64.0352
-64.234
-64.3648
-64.4296
-55.2407
-56.5211
-57.6993
-58.7673
-59.7224
-60.5656
-61.301
-61.9344
-62.4722
-62.9206
-63.2854
-63.5715
-63.7826
-63.9218
-63.9909
-54.8696
-56.1113
-57.2607
-58.3107
-59.258
-60.1022
-60.845
-61.4901
-62.0418
-62.5047
-62.8831
-63.181
-63.4015
-63.5471
-63.6195
-54.5799
-55.7929
-56.9202
-57.9557
-58.8956
-59.7386
-60.4854
-61.1378
-61.6988
-62.1717
-62.5598
-62.8662
-63.0936
-63.244
-63.3188
-54.3664
-55.559
-56.6704
-57.6949
-58.6287
-59.47
-60.2186
-60.8754
-61.4423
-61.9218
-62.3165
-62.6288
-62.861
-63.0147
-63.0913
-54.2258
-55.4054
-56.5064
-57.5235
-58.4531
-59.2928
-60.0421
-60.7013
-61.2718
-61.7553
-62.154
-62.47
-62.7052
-62.861
-62.9387
-54.156
-55.3291
-56.4251
-57.4386
-58.3659
-59.2048
-59.9543
-60.6145
-61.1866
-61.6721
-62.0727
-62.3905
-62.6271
-62.7839
-62.8621
)
;

boundaryField
{
    hot
    {
        type            calculated;
        value           nonuniform List<scalar> 
120
(
-61.0748
-61.1471
-61.2912
-61.5066
-61.7921
-62.1461
-62.5664
-63.0499
-63.5928
-64.1899
-64.8354
-65.522
-66.2415
-66.9853
-67.7439
-68.4448
-69.0805
-69.7104
-70.3304
-70.9372
-71.528
-72.1006
-72.6534
-73.1851
-73.6949
-74.1821
-74.6465
-75.0878
-75.5062
-75.9019
-76.2753
-76.6269
-76.9573
-77.2671
-77.5572
-77.8282
-78.0809
-78.3163
-78.5351
-78.738
-78.926
-79.0997
-79.26
-79.4074
-79.5427
-79.6665
-79.7795
-79.8823
-79.9753
-80.0593
-80.1345
-80.2016
-80.2609
-80.3128
-80.3576
-80.3957
-80.4273
-80.4526
-80.4718
-80.4851
-80.4924
-80.4939
-80.4895
-80.4792
-80.4629
-80.4405
-80.4117
-80.3763
-80.3341
-80.2847
-80.2278
-80.1629
-80.0896
-80.0074
-79.9158
-79.8143
-79.7023
-79.5791
-79.4442
-79.2968
-79.1364
-78.9622
-78.7736
-78.5699
-78.3504
-78.1144
-77.8614
-77.5906
-77.3013
-76.9931
-76.6652
-76.317
-75.948
-75.5575
-75.1451
-74.7104
-74.253
-73.7729
-73.27
-72.7448
-72.1982
-71.6316
-71.0469
-70.4471
-69.8355
-69.1547
-68.4092
-67.6703
-66.9479
-66.252
-65.592
-64.9765
-64.413
-63.9079
-63.4666
-63.0931
-62.7908
-62.5621
-62.4087
-62.3318
)
;
    }
    cold
    {
        type            calculated;
        value           nonuniform List<scalar> 
120
(
-62.3725
-62.447
-62.5956
-62.8172
-63.1101
-63.472
-63.8997
-64.3891
-64.9353
-65.532
-66.1722
-66.8476
-67.5493
-68.2681
-68.9945
-69.6594
-70.258
-70.8468
-71.4226
-71.9827
-72.5251
-73.0486
-73.552
-74.0349
-74.4968
-74.9377
-75.3576
-75.7566
-76.1349
-76.4928
-76.8307
-77.1491
-77.4484
-77.7291
-77.9917
-78.237
-78.4654
-78.6776
-78.8743
-79.0562
-79.2239
-79.3781
-79.5196
-79.649
-79.767
-79.8742
-79.9712
-80.0587
-80.1372
-80.2072
-80.2693
-80.3239
-80.3714
-80.4122
-80.4467
-80.4752
-80.4979
-80.5149
-80.5266
-80.5329
-80.534
-80.5298
-80.5205
-80.5058
-80.4858
-80.4603
-80.4291
-80.392
-80.3487
-80.299
-80.2426
-80.1789
-80.1077
-80.0285
-79.9408
-79.8439
-79.7375
-79.6208
-79.4932
-79.3541
-79.2028
-79.0386
-78.8609
-78.6689
-78.462
-78.2394
-78.0006
-77.7449
-77.4715
-77.1799
-76.8693
-76.539
-76.1884
-75.8168
-75.4235
-75.0081
-74.57
-74.109
-73.6249
-73.1181
-72.5892
-72.0395
-71.4709
-70.8861
-70.2886
-69.622
-68.8904
-68.1637
-67.452
-66.7653
-66.1132
-65.5043
-64.9463
-64.4458
-64.0081
-63.6375
-63.3375
-63.1104
-62.9581
-62.8816
)
;
    }
    interface_left
    {
        type            calculated;
        value           nonuniform List<scalar> 
90
(
-101.142
-78.8763
-82.5844
-70.1928
-83.4699
-74.2464
-64.8513
-79.6283
-66.2254
-86.4086
-73.5123
-86.048
-76.3335
-85.4856
-79.4213
-73.8772
-82.09
-75.0264
-84.9055
-78.7538
-84.2582
-80.6554
-77.5502
-81.873
-78.2441
-82.1718
-78.6418
-83.1929
-80.3343
-82.6547
-81.0625
-79.7437
-81.4685
-80.0226
-81.4881
-80.1667
-81.7705
-80.762
-81.497
-80.9762
-80.5806
-81.0691
-80.7127
-81.0283
-80.8099
-80.9871
-80.9325
-80.8549
-80.9301
-81.0904
-80.8712
-81.2616
-80.7678
-81.4531
-80.3602
-81.2359
-80.2141
-80.99
-81.9033
-80.6626
-82.2539
-80.3129
-82.6582
-79.0157
-81.7348
-78.6301
-80.844
-83.331
-79.7648
-83.8937
-78.7065
-84.4853
-75.4317
-81.8137
-74.5219
-79.4011
-84.6453
-76.7258
-84.9516
-74.4203
-85.0964
-68.6097
-79.4355
-68.073
-75.4477
-82.3941
-73.757
-82.5796
-87.0316
-107.634
)
;
    }
    interface_right
    {
        type            calculated;
        value           nonuniform List<scalar> 
90
(
-107.436
-88.062
-81.8157
-75.6824
-69.058
-77.2255
-67.5683
-79.7768
-67.9145
-85.5748
-74.1721
-85.2671
-76.5876
-84.866
-79.3645
-74.2585
-81.8669
-75.2024
-84.646
-78.6149
-84.0238
-79.7144
-83.436
-80.8386
-78.5244
-81.7695
-78.9231
-82.7397
-80.2804
-82.319
-80.6463
-81.9538
-80.9908
-80.1702
-81.2504
-80.3211
-81.4812
-80.755
-81.2877
-80.9154
-80.6396
-80.9867
-80.7604
-80.9538
-80.865
-80.8817
-80.9492
-80.7773
-80.9889
-80.6527
-80.9229
-81.2956
-80.7599
-81.5054
-80.3033
-81.2936
-80.1818
-81.2706
-79.9633
-80.9524
-82.1392
-80.3956
-82.4946
-79.1581
-81.6633
-78.7625
-80.8291
-83.1656
-79.7933
-83.6878
-78.7661
-84.2075
-75.692
-81.6779
-74.8731
-79.4361
-84.3338
-76.9475
-84.6108
-74.8193
-84.7258
-69.5217
-79.5282
-69.1855
-76.0046
-82.4231
-74.7672
-82.9245
-88.5057
-108.776
)
;
    }
    interface_top
    {
        type            calculated;
        value           nonuniform List<scalar> 
90
(
-53.4029
-59.3681
-58.6535
-51.2576
-44.7577
-28.6477
-43.0283
-48.3994
-54.3883
-53.6645
-45.407
-41.0886
-34.3299
-29.3238
-18.394
-26.4798
-29.1824
-31.6962
-30.6316
-24.6488
-20.7112
-12.608
-17.3447
-18.7134
-19.4078
-19.7917
-20.7037
-19.7607
-15.7197
-13.1634
-8.08255
-11.0277
-11.9164
-12.4763
-12.8264
-13.6467
-13.1599
-10.7222
-9.1302
-5.82524
-8.18228
-9.04346
-9.9137
-10.511
-11.7936
-11.7497
-10.3234
-9.64309
-8.64725
-7.74781
-5.42434
-8.32148
-9.64355
-11.5542
-11.7805
-10.593
-9.54431
-6.6767
-10.279
-11.9547
-14.2508
-15.8026
-18.8617
-19.2755
-17.5029
-15.8361
-11.0919
-17.4481
-20.4403
-24.6016
-27.3723
-32.7885
-33.5159
-30.3958
-27.3973
-18.8825
-29.8814
-34.8974
-41.6488
-46.0044
-54.4091
-55.1674
-49.1584
-43.7219
-29.1123
-45.5099
-52.1211
-59.6418
-60.3067
-54.0307
)
;
    }
    interface_bottom
    {
        type            calculated;
        value           nonuniform List<scalar> 
90
(
-49.4709
-52.5327
-48.3634
-30.5085
-45.36
-50.4732
-54.6727
-57.1144
-61.8636
-60.2713
-50.2116
-45.1086
-37.429
-31.8891
-20.0168
-28.8752
-31.9422
-35.0498
-34.2032
-28.412
-25.4474
-21.0044
-17.853
-11.2508
-15.8907
-17.4225
-18.8613
-18.217
-14.6993
-12.4006
-7.70107
-10.5802
-11.4746
-12.0926
-12.4717
-13.3267
-12.8771
-10.5285
-8.98497
-5.75773
-8.11359
-8.98491
-9.8841
-10.498
-11.8058
-11.775
-10.3663
-9.697
-8.719
-7.82329
-5.48925
-8.44311
-9.79502
-11.7529
-11.9917
-10.7974
-9.73538
-6.81785
-10.5199
-12.2451
-14.6145
-16.2098
-19.3461
-19.7695
-17.9499
-16.238
-11.3671
-17.9036
-20.9736
-25.2348
-28.0532
-33.5394
-34.2494
-30.9992
-27.9093
-19.1943
-30.3589
-35.4187
-42.1791
-46.503
-54.7969
-55.4652
-49.2589
-43.7446
-29.0746
-45.3718
-51.9155
-59.3179
-59.8967
-53.4541
)
;
    }
    defaultFaces
    {
        type            empty;
    }
}


// ************************************************************************* //
