/*--------------------------------*- C++ -*----------------------------------*\
| =========                 |                                                 |
| \\      /  F ield         | OpenFOAM: The Open Source CFD Toolbox           |
|  \\    /   O peration     | Version:  5.x                                   |
|   \\  /    A nd           | Web:      www.OpenFOAM.org                      |
|    \\/     M anipulation  |                                                 |
\*---------------------------------------------------------------------------*/
FoamFile
{
    version     2.0;
    format      ascii;
    class       volScalarField;
    location    "4.1";
    object      T;
}
// * * * * * * * * * * * * * * * * * * * * * * * * * * * * * * * * * * * * * //

dimensions      [0 0 0 1 0 0 0];

internalField   nonuniform List<scalar> 
6300
(
322.753
322.258
321.764
321.27
320.777
320.284
319.793
319.303
318.815
318.328
317.843
317.36
316.879
316.4
315.924
322.753
322.258
321.763
321.269
320.776
320.283
319.792
319.302
318.813
318.326
317.841
317.357
316.876
316.398
315.921
322.752
322.257
321.762
321.268
320.774
320.281
319.789
319.299
318.81
318.322
317.837
317.353
316.872
316.393
315.916
322.752
322.256
321.761
321.266
320.771
320.278
319.785
319.294
318.804
318.316
317.83
317.346
316.865
316.385
315.908
322.752
322.255
321.759
321.263
320.768
320.273
319.78
319.288
318.798
318.309
317.822
317.337
316.855
316.375
315.898
322.751
322.254
321.756
321.26
320.763
320.268
319.774
319.281
318.789
318.299
317.812
317.326
316.843
316.363
315.885
322.751
322.252
321.754
321.256
320.758
320.262
319.766
319.272
318.779
318.288
317.799
317.312
316.829
316.348
315.87
322.75
322.25
321.75
321.251
320.752
320.254
319.757
319.261
318.767
318.274
317.784
317.296
316.811
316.329
315.851
322.749
322.248
321.747
321.246
320.745
320.246
319.747
319.249
318.753
318.258
317.766
317.276
316.79
316.308
315.829
322.748
322.246
321.743
321.24
320.738
320.236
319.735
319.236
318.737
318.24
317.745
317.254
316.766
316.282
315.803
322.748
322.243
321.738
321.234
320.73
320.226
319.723
319.221
318.719
318.22
317.722
317.227
316.736
316.251
315.772
322.747
322.24
321.734
321.228
320.722
320.216
319.71
319.205
318.7
318.197
317.696
317.197
316.702
316.214
315.735
322.746
322.238
321.729
321.221
320.713
320.205
319.696
319.188
318.68
318.173
317.666
317.162
316.661
316.167
315.686
322.745
322.235
321.725
321.215
320.704
320.194
319.683
319.171
318.66
318.148
317.635
317.123
316.613
316.108
315.619
322.744
322.232
321.72
321.208
320.696
320.183
319.669
319.155
318.639
318.123
317.604
317.083
316.559
316.034
315.517
315.49
315.097
314.706
314.316
313.929
313.544
313.161
312.781
312.403
312.028
311.655
311.286
310.919
310.556
310.196
309.84
309.487
309.138
308.793
308.451
308.113
307.779
307.448
307.121
306.797
306.476
306.159
305.845
305.533
305.225
304.919
304.616
304.314
304.016
303.719
303.424
303.131
302.84
302.551
302.263
301.977
301.693
301.41
301.129
300.849
300.571
300.294
300.019
299.745
299.473
299.201
298.931
298.663
298.395
298.128
297.862
297.597
297.333
297.069
296.805
296.542
296.279
296.016
295.753
295.49
295.227
294.963
294.7
294.435
294.171
293.906
293.64
293.373
293.105
292.837
292.568
292.297
292.026
291.753
291.479
291.203
290.926
290.648
290.367
290.086
289.802
289.516
289.229
288.94
288.649
315.487
315.094
314.703
314.313
313.926
313.541
313.158
312.777
312.399
312.024
311.651
311.281
310.914
310.551
310.191
309.835
309.482
309.133
308.787
308.446
308.108
307.773
307.443
307.116
306.792
306.472
306.154
305.84
305.529
305.221
304.915
304.612
304.311
304.012
303.716
303.421
303.128
302.837
302.548
302.261
301.975
301.691
301.408
301.127
300.847
300.569
300.292
300.017
299.743
299.471
299.199
298.93
298.661
298.393
298.127
297.861
297.596
297.332
297.068
296.804
296.541
296.278
296.016
295.753
295.49
295.227
294.964
294.7
294.436
294.171
293.906
293.641
293.374
293.107
292.838
292.569
292.299
292.027
291.755
291.481
291.205
290.928
290.65
290.37
290.088
289.804
289.519
289.232
288.943
288.652
315.482
315.088
314.697
314.308
313.92
313.535
313.151
312.77
312.391
312.015
311.642
311.272
310.905
310.541
310.181
309.824
309.471
309.122
308.776
308.435
308.097
307.763
307.432
307.105
306.782
306.462
306.145
305.832
305.521
305.213
304.908
304.605
304.304
304.006
303.71
303.415
303.123
302.832
302.543
302.256
301.97
301.686
301.403
301.122
300.842
300.564
300.287
300.012
299.739
299.466
299.195
298.926
298.657
298.39
298.124
297.859
297.594
297.33
297.066
296.803
296.54
296.278
296.015
295.753
295.49
295.227
294.964
294.701
294.437
294.173
293.908
293.642
293.376
293.109
292.841
292.572
292.302
292.031
291.758
291.485
291.209
290.933
290.654
290.375
290.093
289.81
289.524
289.237
288.948
288.657
315.474
315.08
314.689
314.299
313.911
313.525
313.141
312.759
312.38
312.003
311.629
311.258
310.89
310.526
310.165
309.808
309.455
309.105
308.76
308.418
308.08
307.747
307.416
307.09
306.767
306.448
306.132
305.819
305.509
305.202
304.897
304.595
304.295
303.997
303.701
303.407
303.115
302.824
302.535
302.248
301.963
301.679
301.396
301.115
300.835
300.557
300.281
300.006
299.732
299.46
299.19
298.92
298.652
298.385
298.12
297.855
297.591
297.327
297.064
296.802
296.539
296.277
296.015
295.753
295.491
295.228
294.965
294.702
294.439
294.175
293.91
293.645
293.379
293.113
292.845
292.576
292.307
292.036
291.764
291.49
291.215
290.939
290.661
290.382
290.1
289.817
289.532
289.245
288.956
288.665
315.463
315.069
314.677
314.287
313.899
313.512
313.128
312.745
312.365
311.987
311.612
311.24
310.871
310.506
310.144
309.787
309.433
309.083
308.738
308.396
308.059
307.725
307.395
307.07
306.747
306.429
306.114
305.801
305.492
305.186
304.882
304.581
304.281
303.984
303.689
303.396
303.104
302.814
302.525
302.238
301.953
301.669
301.387
301.106
300.826
300.548
300.272
299.997
299.723
299.452
299.182
298.913
298.645
298.379
298.114
297.85
297.586
297.323
297.061
296.799
296.537
296.276
296.014
295.753
295.491
295.229
294.967
294.704
294.441
294.178
293.914
293.649
293.383
293.117
292.85
292.582
292.313
292.042
291.771
291.498
291.224
290.948
290.67
290.391
290.11
289.828
289.543
289.256
288.967
288.676
315.45
315.056
314.664
314.273
313.884
313.497
313.111
312.727
312.346
311.966
311.59
311.216
310.846
310.48
310.118
309.76
309.405
309.055
308.71
308.368
308.031
307.698
307.369
307.044
306.722
306.405
306.091
305.78
305.472
305.167
304.864
304.564
304.265
303.969
303.674
303.382
303.09
302.801
302.513
302.226
301.941
301.657
301.375
301.094
300.814
300.536
300.26
299.985
299.712
299.441
299.171
298.903
298.636
298.371
298.107
297.843
297.581
297.319
297.058
296.796
296.535
296.274
296.014
295.753
295.491
295.23
294.969
294.707
294.444
294.181
293.918
293.654
293.389
293.123
292.856
292.589
292.32
292.051
291.78
291.507
291.234
290.958
290.682
290.403
290.123
289.841
289.556
289.27
288.981
288.69
315.434
315.04
314.648
314.257
313.867
313.479
313.092
312.706
312.323
311.942
311.563
311.188
310.816
310.449
310.086
309.727
309.372
309.021
308.675
308.334
307.997
307.664
307.336
307.012
306.692
306.376
306.063
305.754
305.447
305.143
304.842
304.543
304.246
303.951
303.657
303.365
303.075
302.786
302.498
302.212
301.927
301.643
301.361
301.08
300.8
300.522
300.246
299.971
299.698
299.428
299.159
298.891
298.626
298.361
298.098
297.836
297.574
297.314
297.053
296.793
296.533
296.273
296.013
295.752
295.492
295.231
294.971
294.709
294.448
294.186
293.923
293.659
293.395
293.13
292.864
292.597
292.33
292.061
291.791
291.519
291.246
290.971
290.695
290.417
290.138
289.856
289.573
289.287
288.999
288.708
315.415
315.022
314.629
314.238
313.848
313.459
313.071
312.683
312.297
311.913
311.532
311.154
310.781
310.412
310.047
309.687
309.332
308.981
308.634
308.293
307.956
307.624
307.297
306.974
306.656
306.342
306.031
305.723
305.418
305.117
304.817
304.52
304.224
303.93
303.638
303.346
303.057
302.768
302.481
302.195
301.911
301.628
301.345
301.064
300.784
300.505
300.229
299.954
299.682
299.411
299.143
298.877
298.613
298.35
298.088
297.827
297.567
297.308
297.049
296.79
296.531
296.271
296.012
295.752
295.493
295.233
294.973
294.713
294.452
294.191
293.928
293.666
293.402
293.138
292.873
292.607
292.34
292.073
291.803
291.533
291.26
290.986
290.711
290.434
290.156
289.875
289.593
289.307
289.019
288.729
315.394
315.001
314.609
314.219
313.828
313.438
313.048
312.657
312.268
311.88
311.495
311.114
310.738
310.368
310.002
309.641
309.285
308.933
308.587
308.245
307.908
307.577
307.252
306.931
306.615
306.302
305.994
305.688
305.386
305.086
304.789
304.494
304.2
303.908
303.616
303.326
303.036
302.748
302.462
302.177
301.893
301.61
301.328
301.046
300.765
300.486
300.208
299.934
299.661
299.392
299.125
298.86
298.597
298.336
298.076
297.817
297.558
297.301
297.044
296.786
296.528
296.27
296.011
295.752
295.493
295.235
294.976
294.717
294.457
294.197
293.935
293.673
293.41
293.146
292.883
292.618
292.353
292.086
291.818
291.548
291.277
291.004
290.729
290.454
290.176
289.897
289.616
289.332
289.044
288.754
315.369
314.977
314.587
314.198
313.809
313.418
313.025
312.63
312.236
311.843
311.453
311.068
310.689
310.316
309.95
309.588
309.232
308.879
308.531
308.189
307.853
307.523
307.199
306.881
306.567
306.258
305.951
305.648
305.349
305.052
304.758
304.466
304.174
303.883
303.593
303.303
303.014
302.726
302.441
302.157
301.874
301.592
301.309
301.026
300.744
300.463
300.185
299.909
299.637
299.369
299.104
298.841
298.58
298.32
298.062
297.805
297.549
297.294
297.039
296.783
296.527
296.269
296.011
295.752
295.494
295.236
294.979
294.721
294.463
294.204
293.943
293.681
293.418
293.156
292.893
292.631
292.367
292.102
291.835
291.566
291.295
291.023
290.749
290.475
290.2
289.923
289.643
289.36
289.074
288.784
315.34
314.951
314.564
314.178
313.791
313.4
313.004
312.604
312.202
311.8
311.403
311.012
310.63
310.256
309.89
309.529
309.172
308.818
308.469
308.124
307.788
307.459
307.138
306.824
306.514
306.208
305.905
305.604
305.307
305.014
304.724
304.436
304.148
303.859
303.569
303.278
302.989
302.702
302.417
302.136
301.855
301.573
301.291
301.006
300.721
300.437
300.156
299.879
299.608
299.341
299.079
298.819
298.561
298.303
298.046
297.791
297.538
297.286
297.034
296.781
296.526
296.269
296.01
295.751
295.493
295.237
294.982
294.727
294.471
294.213
293.952
293.69
293.427
293.165
292.904
292.644
292.383
292.121
291.855
291.587
291.315
291.043
290.77
290.498
290.225
289.952
289.675
289.394
289.109
288.819
315.305
314.921
314.54
314.161
313.779
313.388
312.989
312.58
312.167
311.752
311.344
310.945
310.559
310.185
309.822
309.464
309.108
308.752
308.397
308.05
307.711
307.384
307.067
306.759
306.457
306.155
305.854
305.555
305.26
304.971
304.687
304.406
304.122
303.835
303.545
303.252
302.96
302.673
302.39
302.112
301.836
301.557
301.274
300.987
300.697
300.407
300.121
299.842
299.571
299.307
299.05
298.795
298.54
298.284
298.028
297.775
297.525
297.278
297.032
296.782
296.529
296.271
296.01
295.749
295.49
295.236
294.985
294.735
294.482
294.225
293.963
293.699
293.434
293.172
292.913
292.658
292.403
292.144
291.88
291.611
291.338
291.063
290.791
290.52
290.253
289.985
289.712
289.434
289.151
288.862
315.261
314.886
314.513
314.148
313.778
313.39
312.987
312.564
312.134
311.695
311.27
310.858
310.47
310.098
309.746
309.399
309.042
308.682
308.316
307.962
307.618
307.293
306.982
306.688
306.397
306.1
305.801
305.498
305.204
304.92
304.648
304.379
304.101
303.817
303.523
303.226
302.926
302.636
302.355
302.087
301.821
301.546
301.264
300.97
300.673
300.37
300.077
299.792
299.522
299.263
299.016
298.772
298.52
298.265
298.006
297.753
297.507
297.27
297.034
296.789
296.538
296.276
296.011
295.742
295.482
295.229
294.987
294.747
294.498
294.243
293.978
293.71
293.437
293.174
292.917
292.672
292.427
292.173
291.912
291.64
291.363
291.081
290.807
290.539
290.281
290.024
289.757
289.483
289.199
288.913
315.202
314.848
314.473
314.142
313.805
313.412
313.013
312.559
312.112
311.619
311.179
310.739
310.356
309.983
309.663
309.346
308.983
308.62
308.219
307.859
307.498
307.182
306.874
306.61
306.348
306.049
305.753
305.427
305.136
304.85
304.605
304.364
304.089
303.813
303.505
303.204
302.876
302.587
302.302
302.059
301.819
301.545
301.27
300.96
300.655
300.32
300.021
299.721
299.459
299.202
298.98
298.759
298.505
298.252
297.973
297.722
297.474
297.261
297.049
296.806
296.561
296.286
296.017
295.723
295.462
295.206
294.987
294.771
294.523
294.276
293.997
293.725
293.428
293.165
292.906
292.684
292.465
292.213
291.96
291.675
291.395
291.088
290.814
290.543
290.31
290.078
289.812
289.546
289.251
288.976
315.108
314.841
314.371
314.143
313.914
313.442
313.117
312.544
312.158
311.465
311.086
310.536
310.229
309.79
309.575
309.361
308.921
308.615
308.062
307.756
307.311
307.061
306.703
306.528
306.353
305.994
305.747
305.304
305.062
304.722
304.557
304.397
304.076
303.857
303.476
303.221
302.772
302.529
302.189
302.025
301.866
301.546
301.326
300.941
300.681
300.219
299.964
299.596
299.388
299.089
298.942
298.794
298.489
298.278
297.897
297.689
297.392
297.249
297.108
296.823
296.629
296.287
296.059
295.655
295.437
295.13
294.983
294.839
294.55
294.352
294.007
293.777
293.37
293.15
292.842
292.693
292.548
292.255
292.054
291.703
291.466
291.046
290.817
290.492
290.335
290.18
289.866
289.651
289.274
289.064
288.327
287.972
287.615
287.256
286.894
286.53
286.164
285.796
285.426
285.056
284.683
284.31
283.936
283.562
283.187
288.329
287.975
287.618
287.258
286.896
286.532
286.166
285.798
285.428
285.057
284.684
284.311
283.937
283.562
283.188
288.335
287.98
287.623
287.263
286.901
286.536
286.169
285.801
285.431
285.059
284.686
284.313
283.938
283.563
283.188
288.343
287.988
287.63
287.27
286.907
286.542
286.175
285.806
285.435
285.063
284.689
284.315
283.94
283.564
283.188
288.353
287.998
287.64
287.28
286.916
286.55
286.182
285.812
285.44
285.067
284.693
284.318
283.942
283.565
283.188
288.367
288.012
287.653
287.292
286.927
286.56
286.191
285.82
285.447
285.073
284.698
284.321
283.944
283.567
283.189
288.385
288.029
287.669
287.307
286.941
286.573
286.202
285.83
285.455
285.08
284.703
284.326
283.947
283.569
283.19
288.406
288.049
287.689
287.324
286.957
286.587
286.215
285.841
285.465
285.088
284.71
284.331
283.951
283.571
283.19
288.431
288.073
287.711
287.345
286.976
286.604
286.23
285.854
285.476
285.097
284.717
284.336
283.955
283.573
283.191
288.46
288.102
287.738
287.37
286.998
286.623
286.247
285.868
285.488
285.107
284.725
284.342
283.959
283.576
283.192
288.495
288.135
287.769
287.397
287.022
286.645
286.265
285.884
285.501
285.118
284.734
284.349
283.964
283.578
283.193
288.538
288.175
287.804
287.429
287.05
286.668
286.285
285.901
285.516
285.13
284.743
284.356
283.969
283.581
283.194
288.589
288.222
287.845
287.464
287.079
286.693
286.306
285.918
285.53
285.142
284.753
284.364
283.974
283.585
283.195
288.654
288.278
287.891
287.501
287.11
286.719
286.328
285.937
285.546
285.154
284.763
284.371
283.98
283.588
283.196
288.743
288.344
287.941
287.54
287.141
286.745
286.35
285.955
285.561
285.167
284.773
284.379
283.985
283.591
283.197
322.743
322.23
321.717
321.203
320.688
320.174
319.658
319.141
318.622
318.101
317.577
317.049
316.512
315.958
315.36
322.743
322.228
321.713
321.198
320.682
320.166
319.648
319.129
318.608
318.084
317.557
317.023
316.48
315.92
315.323
322.742
322.226
321.71
321.194
320.677
320.159
319.639
319.118
318.595
318.069
317.54
317.004
316.461
315.907
315.343
322.742
322.225
321.708
321.19
320.672
320.152
319.632
319.109
318.585
318.057
317.526
316.991
316.449
315.901
315.349
322.741
322.223
321.705
321.187
320.667
320.147
319.625
319.102
318.576
318.048
317.517
316.981
316.442
315.898
315.353
322.741
322.222
321.703
321.184
320.664
320.142
319.62
319.096
318.57
318.041
317.509
316.975
316.437
315.896
315.354
322.74
322.221
321.702
321.182
320.661
320.139
319.616
319.091
318.564
318.036
317.505
316.971
316.434
315.895
315.355
322.74
322.22
321.7
321.18
320.658
320.136
319.613
319.088
318.561
318.032
317.501
316.968
316.433
315.895
315.356
322.74
322.22
321.699
321.178
320.657
320.134
319.611
319.085
318.559
318.03
317.5
316.967
316.433
315.896
315.357
322.74
322.219
321.699
321.178
320.656
320.133
319.609
319.084
318.558
318.03
317.5
316.968
316.434
315.899
315.362
322.74
322.219
321.699
321.177
320.656
320.133
319.609
319.084
318.558
318.03
317.501
316.97
316.437
315.903
315.366
322.74
322.219
321.699
321.178
320.656
320.133
319.61
319.085
318.559
318.032
317.503
316.973
316.441
315.908
315.374
322.74
322.22
321.699
321.178
320.657
320.134
319.611
319.087
318.562
318.035
317.507
316.977
316.446
315.914
315.379
322.74
322.22
321.7
321.179
320.658
320.136
319.613
319.089
318.565
318.039
317.511
316.982
316.452
315.921
315.39
322.74
322.22
321.701
321.18
320.659
320.138
319.616
319.093
318.569
318.043
317.517
316.989
316.459
315.928
315.395
322.74
322.221
321.702
321.182
320.662
320.141
319.619
319.097
318.573
318.049
317.523
316.996
316.467
315.936
315.401
322.741
322.222
321.703
321.184
320.664
320.144
319.623
319.101
318.579
318.055
317.53
317.004
316.477
315.947
315.416
322.741
322.223
321.705
321.186
320.667
320.148
319.628
319.107
318.585
318.062
317.538
317.013
316.487
315.959
315.428
322.741
322.224
321.707
321.189
320.671
320.152
319.633
319.113
318.592
318.07
317.547
317.024
316.499
315.974
315.45
322.742
322.225
321.709
321.192
320.674
320.156
319.638
319.119
318.599
318.078
317.557
317.035
316.511
315.987
315.463
322.742
322.227
321.711
321.195
320.678
320.161
319.644
319.126
318.607
318.088
317.567
317.046
316.524
316.002
315.482
322.743
322.228
321.713
321.198
320.683
320.167
319.65
319.133
318.616
318.097
317.578
317.058
316.537
316.014
315.492
322.743
322.229
321.716
321.202
320.687
320.172
319.657
319.141
318.625
318.108
317.589
317.07
316.55
316.028
315.501
322.744
322.231
321.718
321.205
320.692
320.178
319.664
319.15
318.634
318.118
317.602
317.084
316.565
316.044
315.522
322.744
322.233
321.721
321.209
320.697
320.185
319.672
319.158
318.644
318.13
317.614
317.098
316.58
316.061
315.537
322.745
322.235
321.724
321.213
320.703
320.191
319.68
319.168
318.655
318.142
317.628
317.113
316.597
316.081
315.564
322.745
322.236
321.727
321.218
320.708
320.198
319.688
319.177
318.666
318.154
317.642
317.129
316.615
316.1
315.582
322.746
322.238
321.73
321.222
320.714
320.205
319.697
319.187
318.677
318.167
317.656
317.145
316.634
316.123
315.615
322.747
322.24
321.734
321.227
320.72
320.213
319.705
319.197
318.689
318.18
317.671
317.162
316.652
316.143
315.633
322.747
322.242
321.737
321.232
320.726
320.221
319.714
319.208
318.701
318.194
317.686
317.178
316.67
316.163
315.66
322.748
322.244
321.741
321.237
320.733
320.228
319.724
319.219
318.713
318.208
317.701
317.195
316.688
316.18
315.673
322.749
322.247
321.744
321.242
320.739
320.236
319.733
319.23
318.726
318.222
317.717
317.212
316.705
316.197
315.685
322.75
322.249
321.748
321.247
320.746
320.245
319.743
319.241
318.739
318.236
317.733
317.229
316.724
316.218
315.711
322.75
322.251
321.752
321.253
320.753
320.253
319.753
319.253
318.752
318.251
317.749
317.247
316.744
316.239
315.729
322.751
322.254
321.756
321.258
320.76
320.262
319.763
319.265
318.766
318.266
317.766
317.266
316.765
316.263
315.761
322.752
322.256
321.76
321.264
320.767
320.271
319.774
319.277
318.779
318.282
317.783
317.285
316.786
316.286
315.782
322.753
322.258
321.764
321.269
320.775
320.28
319.784
319.289
318.793
318.297
317.801
317.305
316.808
316.313
315.821
322.754
322.261
321.768
321.275
320.782
320.289
319.795
319.301
318.807
318.313
317.819
317.324
316.83
316.336
315.842
322.754
322.263
321.772
321.281
320.79
320.298
319.806
319.314
318.822
318.329
317.836
317.343
316.851
316.359
315.873
322.755
322.266
321.776
321.287
320.797
320.307
319.817
319.327
318.836
318.345
317.854
317.363
316.871
316.379
315.887
322.756
322.269
321.781
321.293
320.805
320.317
319.829
319.34
318.851
318.362
317.872
317.382
316.891
316.399
315.901
322.757
322.271
321.785
321.299
320.813
320.327
319.84
319.353
318.866
318.379
317.891
317.402
316.913
316.422
315.931
322.758
322.274
321.79
321.305
320.821
320.337
319.852
319.367
318.881
318.396
317.91
317.423
316.935
316.445
315.951
322.759
322.277
321.794
321.312
320.829
320.347
319.864
319.38
318.897
318.413
317.929
317.444
316.959
316.472
315.986
322.76
322.279
321.799
321.318
320.838
320.357
319.876
319.394
318.913
318.431
317.949
317.466
316.983
316.499
316.01
322.761
322.282
321.804
321.325
320.846
320.367
319.888
319.408
318.929
318.449
317.969
317.488
317.008
316.529
316.054
322.762
322.285
321.808
321.332
320.855
320.378
319.9
319.423
318.945
318.467
317.989
317.51
317.032
316.555
316.078
322.763
322.288
321.813
321.338
320.863
320.388
319.913
319.437
318.961
318.485
318.009
317.532
317.056
316.581
316.112
322.764
322.291
321.818
321.345
320.872
320.399
319.926
319.452
318.978
318.504
318.029
317.554
317.079
316.604
316.128
322.765
322.294
321.823
321.352
320.881
320.41
319.938
319.467
318.995
318.522
318.05
317.576
317.102
316.626
316.144
322.766
322.297
321.828
321.359
320.89
320.421
319.952
319.482
319.012
318.542
318.071
317.599
317.126
316.652
316.177
322.767
322.3
321.833
321.366
320.899
320.432
319.965
319.497
319.029
318.561
318.092
317.622
317.152
316.679
316.2
322.768
322.303
321.838
321.374
320.909
320.444
319.978
319.513
319.047
318.581
318.114
317.647
317.179
316.709
316.241
322.769
322.306
321.844
321.381
320.918
320.455
319.992
319.529
319.065
318.601
318.136
317.672
317.206
316.74
316.268
322.77
322.309
321.849
321.388
320.928
320.467
320.006
319.545
319.083
318.621
318.159
317.697
317.235
316.774
316.318
322.771
322.313
321.854
321.396
320.937
320.479
320.02
319.561
319.101
318.642
318.182
317.722
317.263
316.804
316.345
322.772
322.316
321.86
321.403
320.947
320.491
320.034
319.577
319.12
318.663
318.205
317.747
317.29
316.834
316.385
322.773
322.319
321.865
321.411
320.957
320.503
320.048
319.594
319.139
318.684
318.228
317.772
317.316
316.859
316.403
322.774
322.322
321.871
321.419
320.967
320.515
320.063
319.61
319.158
318.705
318.251
317.797
317.342
316.885
316.421
322.775
322.326
321.876
321.427
320.977
320.527
320.077
319.627
319.177
318.726
318.275
317.823
317.37
316.915
316.46
322.776
322.329
321.882
321.435
320.987
320.54
320.092
319.644
319.196
318.748
318.299
317.85
317.399
316.946
316.486
322.778
322.333
321.888
321.443
320.998
320.552
320.107
319.662
319.216
318.77
318.324
317.877
317.43
316.981
316.533
322.779
322.336
321.893
321.451
321.008
320.565
320.122
319.679
319.236
318.793
318.349
317.905
317.461
317.016
316.565
322.78
322.339
321.899
321.459
321.018
320.578
320.137
319.697
319.256
318.815
318.375
317.934
317.493
317.054
316.622
322.781
322.343
321.905
321.467
321.029
320.591
320.153
319.714
319.276
318.838
318.4
317.962
317.525
317.089
316.653
322.782
322.346
321.911
321.475
321.039
320.604
320.168
319.732
319.296
318.861
318.425
317.99
317.555
317.123
316.698
322.783
322.35
321.917
321.483
321.05
320.616
320.183
319.75
319.317
318.883
318.45
318.017
317.584
317.151
316.719
322.784
322.353
321.922
321.491
321.06
320.629
320.198
319.768
319.337
318.906
318.475
318.044
317.613
317.179
316.739
322.786
322.357
321.928
321.499
321.071
320.642
320.214
319.785
319.357
318.929
318.5
318.072
317.643
317.212
316.782
322.787
322.36
321.934
321.508
321.081
320.655
320.229
319.803
319.377
318.952
318.526
318.1
317.673
317.245
316.81
322.788
322.364
321.94
321.516
321.092
320.668
320.244
319.821
319.397
318.974
318.551
318.129
317.706
317.282
316.861
322.789
322.367
321.945
321.524
321.102
320.68
320.259
319.838
319.417
318.997
318.577
318.157
317.738
317.319
316.894
322.79
322.371
321.951
321.532
321.112
320.693
320.274
319.856
319.437
319.019
318.602
318.186
317.771
317.358
316.954
322.791
322.374
321.957
321.539
321.122
320.705
320.289
319.873
319.457
319.042
318.627
318.214
317.802
317.393
316.985
322.792
322.377
321.962
321.547
321.132
320.718
320.303
319.889
319.476
319.063
318.651
318.24
317.831
317.426
317.029
322.793
322.38
321.968
321.555
321.142
320.73
320.318
319.906
319.495
319.084
318.674
318.266
317.858
317.453
317.049
322.795
322.384
321.973
321.562
321.152
320.742
320.332
319.922
319.513
319.105
318.697
318.29
317.884
317.478
317.067
322.796
322.387
321.978
321.57
321.161
320.753
320.345
319.938
319.531
319.125
318.719
318.314
317.91
317.507
317.105
322.797
322.39
321.983
321.577
321.171
320.765
320.359
319.953
319.548
319.144
318.74
318.338
317.936
317.534
317.129
322.798
322.393
321.989
321.584
321.18
320.776
320.372
319.969
319.566
319.163
318.761
318.361
317.961
317.563
317.169
322.799
322.396
321.994
321.591
321.189
320.787
320.385
319.983
319.582
319.182
318.782
318.383
317.986
317.59
317.193
322.8
322.399
321.999
321.598
321.198
320.798
320.398
319.998
319.599
319.2
318.801
318.404
318.009
317.617
317.233
322.801
322.402
322.004
321.605
321.207
320.809
320.411
320.013
319.615
319.217
318.82
318.424
318.03
317.639
317.252
322.802
322.405
322.009
321.612
321.216
320.82
320.423
320.027
319.631
319.234
318.838
318.443
318.049
317.659
317.275
322.803
322.408
322.014
321.619
321.225
320.831
320.436
320.041
319.646
319.251
318.856
318.461
318.066
317.673
317.284
322.804
322.411
322.019
321.627
321.234
320.841
320.449
320.056
319.662
319.268
318.874
318.478
318.082
317.685
317.29
322.805
322.414
322.024
321.634
321.243
320.853
320.462
320.071
319.679
319.286
318.892
318.496
318.097
317.696
317.294
322.806
322.417
322.029
321.641
321.252
320.864
320.475
320.086
319.696
319.305
318.912
318.516
318.115
317.707
317.293
322.807
322.421
322.034
321.648
321.262
320.875
320.489
320.102
319.714
319.325
318.934
318.539
318.138
317.723
317.28
322.808
322.424
322.039
321.655
321.271
320.887
320.502
320.118
319.733
319.346
318.959
318.567
318.17
317.759
317.312
288.871
288.409
287.983
287.573
287.168
286.768
286.369
285.971
285.575
285.178
284.782
284.386
283.99
283.594
283.198
288.9
288.441
288.012
287.598
287.19
286.787
286.386
285.986
285.587
285.188
284.79
284.392
283.995
283.597
283.199
288.879
288.453
288.032
287.618
287.209
286.804
286.401
286
285.599
285.198
284.798
284.399
283.999
283.599
283.2
288.876
288.46
288.046
287.634
287.226
286.82
286.416
286.013
285.61
285.208
284.806
284.405
284.003
283.602
283.201
288.875
288.467
288.057
287.649
287.241
286.835
286.43
286.025
285.621
285.218
284.814
284.411
284.008
283.605
283.202
288.874
288.473
288.069
287.662
287.256
286.849
286.443
286.038
285.632
285.227
284.822
284.417
284.012
283.607
283.202
288.879
288.483
288.081
287.676
287.27
286.863
286.456
286.05
285.643
285.236
284.83
284.423
284.016
283.61
283.203
288.894
288.496
288.095
287.691
287.284
286.877
286.47
286.062
285.654
285.246
284.837
284.429
284.021
283.612
283.204
288.908
288.513
288.111
287.706
287.3
286.892
286.483
286.074
285.664
285.255
284.845
284.435
284.025
283.615
283.205
288.938
288.534
288.13
287.723
287.315
286.906
286.496
286.086
285.675
285.264
284.853
284.441
284.029
283.618
283.206
288.957
288.555
288.149
287.741
287.332
286.922
286.51
286.099
285.686
285.273
284.86
284.447
284.034
283.62
283.207
288.99
288.579
288.17
287.76
287.349
286.938
286.525
286.111
285.698
285.283
284.868
284.453
284.038
283.623
283.208
289.01
288.602
288.191
287.78
287.368
286.954
286.54
286.125
285.709
285.293
284.876
284.46
284.043
283.626
283.209
289.042
288.626
288.213
287.8
287.386
286.971
286.555
286.138
285.721
285.303
284.885
284.466
284.047
283.628
283.21
289.058
288.648
288.236
287.821
287.406
286.989
286.571
286.152
285.733
285.313
284.893
284.473
284.052
283.631
283.21
289.075
288.671
288.259
287.844
287.426
287.007
286.587
286.167
285.746
285.324
284.902
284.479
284.057
283.634
283.211
289.114
288.701
288.285
287.867
287.447
287.026
286.604
286.182
285.758
285.335
284.911
284.486
284.062
283.637
283.212
289.142
288.731
288.313
287.892
287.469
287.046
286.622
286.197
285.771
285.346
284.92
284.493
284.067
283.64
283.213
289.196
288.767
288.342
287.917
287.492
287.066
286.639
286.212
285.785
285.357
284.929
284.5
284.072
283.643
283.214
289.226
288.8
288.372
287.943
287.515
287.086
286.657
286.228
285.798
285.368
284.938
284.508
284.077
283.646
283.215
289.273
288.834
288.401
287.969
287.538
287.107
286.676
286.244
285.812
285.38
284.947
284.515
284.082
283.649
283.216
289.299
288.864
288.429
287.995
287.562
287.128
286.694
286.26
285.826
285.392
284.957
284.522
284.087
283.652
283.217
289.338
288.895
288.457
288.021
287.585
287.149
286.713
286.276
285.84
285.403
284.967
284.53
284.093
283.656
283.219
289.357
288.921
288.484
288.046
287.608
287.17
286.731
286.293
285.854
285.415
284.976
284.537
284.098
283.659
283.22
289.377
288.947
288.511
288.071
287.631
287.191
286.75
286.309
285.868
285.427
284.986
284.545
284.103
283.662
283.221
289.419
288.979
288.539
288.097
287.655
287.212
286.769
286.326
285.883
285.439
284.996
284.552
284.109
283.665
283.222
289.448
289.012
288.569
288.124
287.679
287.233
286.788
286.342
285.897
285.451
285.006
284.56
284.114
283.669
283.223
289.503
289.048
288.599
288.151
287.703
287.255
286.807
286.359
285.911
285.463
285.015
284.568
284.12
283.672
283.224
289.533
289.081
288.629
288.177
287.727
287.276
286.826
286.376
285.925
285.475
285.025
284.575
284.125
283.675
283.225
289.578
289.115
288.658
288.204
287.75
287.297
286.844
286.392
285.94
285.487
285.035
284.583
284.131
283.678
283.226
289.603
289.144
288.686
288.229
287.773
287.318
286.863
286.408
285.954
285.499
285.045
284.59
284.136
283.682
283.227
289.64
289.173
288.713
288.254
287.796
287.339
286.882
286.425
285.968
285.511
285.055
284.598
284.141
283.685
283.228
289.658
289.198
288.738
288.278
287.818
287.359
286.9
286.441
285.982
285.523
285.064
284.606
284.147
283.688
283.229
289.675
289.222
288.763
288.302
287.841
287.379
286.918
286.457
285.996
285.535
285.074
284.613
284.152
283.691
283.23
289.713
289.251
288.789
288.326
287.863
287.4
286.936
286.473
286.01
285.547
285.084
284.621
284.158
283.695
283.232
289.739
289.28
288.816
288.351
287.885
287.42
286.954
286.489
286.024
285.559
285.093
284.628
284.163
283.698
283.233
289.787
289.312
288.843
288.375
287.907
287.44
286.973
286.505
286.038
285.57
285.103
284.636
284.168
283.701
283.234
289.812
289.341
288.87
288.399
287.93
287.46
286.991
286.521
286.052
285.582
285.113
284.643
284.174
283.704
283.235
289.849
289.369
288.895
288.423
287.952
287.48
287.009
286.537
286.065
285.594
285.122
284.651
284.179
283.707
283.236
289.866
289.393
288.92
288.447
287.974
287.5
287.027
286.553
286.079
285.606
285.132
284.658
284.184
283.711
283.237
289.884
289.417
288.945
288.471
287.996
287.52
287.045
286.569
286.093
285.617
285.141
284.666
284.19
283.714
283.238
289.92
289.445
288.971
288.495
288.018
287.54
287.063
286.585
286.107
285.629
285.151
284.673
284.195
283.717
283.239
289.944
289.474
288.998
288.52
288.041
287.561
287.081
286.601
286.121
285.641
285.161
284.68
284.2
283.72
283.24
289.988
289.507
289.026
288.545
288.064
287.582
287.099
286.617
286.135
285.652
285.17
284.688
284.206
283.723
283.241
290.017
289.539
289.055
288.571
288.087
287.602
287.118
286.633
286.149
285.664
285.18
284.695
284.211
283.727
283.242
290.069
289.574
289.085
288.597
288.11
287.623
287.136
286.649
286.162
285.676
285.189
284.703
284.216
283.73
283.243
290.098
289.606
289.114
288.623
288.133
287.644
287.154
286.665
286.176
285.687
285.199
284.71
284.221
283.733
283.244
290.14
289.638
289.142
288.648
288.156
287.664
287.172
286.681
286.19
285.699
285.208
284.717
284.227
283.736
283.245
290.164
289.666
289.169
288.673
288.178
287.684
287.19
286.697
286.204
285.71
285.218
284.725
284.232
283.739
283.246
290.199
289.693
289.194
288.697
288.2
287.704
287.208
286.712
286.217
285.722
285.227
284.732
284.237
283.742
283.247
290.215
289.717
289.218
288.72
288.221
287.723
287.225
286.728
286.23
285.733
285.236
284.739
284.242
283.745
283.248
290.232
289.74
289.242
288.743
288.243
287.743
287.243
286.743
286.244
285.744
285.245
284.746
284.247
283.748
283.249
290.269
289.768
289.267
288.766
288.264
287.762
287.26
286.758
286.257
285.756
285.254
284.753
284.252
283.751
283.25
290.294
289.796
289.293
288.789
288.285
287.781
287.277
286.773
286.27
285.767
285.263
284.76
284.257
283.754
283.251
290.34
289.828
289.32
288.813
288.306
287.8
287.294
286.788
286.283
285.777
285.272
284.767
284.262
283.757
283.252
290.366
289.856
289.346
288.836
288.327
287.819
287.311
286.803
286.296
285.788
285.281
284.774
284.267
283.76
283.253
290.405
289.885
289.371
288.859
288.348
287.838
287.328
286.818
286.308
285.799
285.29
284.781
284.272
283.763
283.254
290.426
289.911
289.395
288.881
288.368
287.856
287.344
286.832
286.321
285.81
285.299
284.788
284.277
283.766
283.255
290.458
289.936
289.418
288.903
288.388
287.874
287.36
286.847
286.333
285.82
285.307
284.794
284.282
283.769
283.256
290.473
289.957
289.44
288.924
288.408
287.892
287.376
286.861
286.345
285.83
285.316
284.801
284.286
283.772
283.257
290.489
289.978
289.462
288.945
288.427
287.909
287.392
286.875
286.358
285.841
285.324
284.807
284.291
283.775
283.258
290.522
290.004
289.485
288.966
288.446
287.927
287.408
286.888
286.37
285.851
285.332
284.814
284.296
283.777
283.259
290.545
290.029
289.508
288.987
288.465
287.944
287.423
286.902
286.381
285.861
285.341
284.82
284.3
283.78
283.26
290.587
290.057
289.532
289.008
288.485
287.961
287.439
286.916
286.393
285.871
285.349
284.827
284.305
283.783
283.261
290.609
290.082
289.555
289.029
288.504
287.979
287.454
286.929
286.405
285.881
285.357
284.833
284.309
283.785
283.262
290.642
290.107
289.577
289.049
288.522
287.995
287.469
286.943
286.416
285.89
285.365
284.839
284.313
283.788
283.263
290.657
290.128
289.598
289.069
288.541
288.012
287.484
286.956
286.428
285.9
285.372
284.845
284.318
283.791
283.264
290.672
290.148
289.619
289.089
288.559
288.029
287.499
286.969
286.439
285.91
285.38
284.851
284.322
283.793
283.264
290.703
290.172
289.641
289.11
288.578
288.045
287.513
286.982
286.45
285.919
285.388
284.857
284.326
283.796
283.265
290.724
290.196
289.664
289.13
288.596
288.062
287.528
286.994
286.461
285.928
285.395
284.863
284.33
283.798
283.266
290.761
290.223
289.687
289.151
288.614
288.078
287.542
287.007
286.472
285.937
285.403
284.868
284.334
283.801
283.267
290.785
290.249
289.71
289.171
288.633
288.094
287.557
287.019
286.482
285.946
285.41
284.874
284.338
283.803
283.268
290.828
290.278
289.734
289.192
288.651
288.11
287.571
287.031
286.493
285.955
285.417
284.879
284.342
283.805
283.268
290.85
290.302
289.756
289.211
288.668
288.126
287.584
287.043
286.503
285.963
285.423
284.884
284.346
283.807
283.269
290.881
290.326
289.777
289.23
288.685
288.141
287.597
287.054
286.512
285.971
285.43
284.889
284.349
283.809
283.27
290.896
290.345
289.796
289.248
288.701
288.155
287.61
287.065
286.521
285.978
285.436
284.894
284.353
283.811
283.27
290.909
290.364
289.815
289.266
288.717
288.169
287.622
287.076
286.53
285.986
285.442
284.899
284.356
283.813
283.271
290.937
290.385
289.834
289.283
288.732
288.182
287.633
287.085
286.538
285.992
285.447
284.903
284.359
283.815
283.272
290.955
290.406
289.853
289.299
288.747
288.195
287.644
287.094
286.546
285.999
285.452
284.906
284.361
283.817
283.272
290.987
290.429
289.872
289.316
288.76
288.206
287.654
287.103
286.553
286.004
285.456
284.91
284.364
283.818
283.273
291.008
290.45
289.891
289.331
288.773
288.217
287.663
287.11
286.559
286.009
285.46
284.912
284.365
283.819
283.273
291.044
290.474
289.909
289.346
288.785
288.227
287.671
287.116
286.564
286.013
285.463
284.915
284.367
283.82
283.273
291.064
290.494
289.925
289.359
288.796
288.235
287.677
287.121
286.568
286.016
285.466
284.916
284.368
283.821
283.274
291.093
290.513
289.94
289.371
288.804
288.242
287.682
287.125
286.571
286.018
285.467
284.918
284.369
283.821
283.274
291.106
290.529
289.953
289.38
288.811
288.246
287.685
287.127
286.572
286.019
285.468
284.918
284.369
283.821
283.274
291.121
290.543
289.963
289.386
288.814
288.248
287.686
287.127
286.572
286.019
285.467
284.918
284.369
283.821
283.274
291.157
290.56
289.97
289.388
288.814
288.246
287.684
287.125
286.57
286.017
285.466
284.917
284.368
283.821
283.274
291.183
290.573
289.972
289.386
288.81
288.242
287.679
287.121
286.566
286.014
285.464
284.915
284.367
283.82
283.273
291.243
290.578
289.965
289.375
288.8
288.233
287.672
287.115
286.561
286.01
285.46
284.912
284.365
283.819
283.273
291.215
290.549
289.94
289.356
288.784
288.22
287.661
287.106
286.554
286.004
285.456
284.909
284.363
283.818
283.272
322.809
322.427
322.045
321.663
321.281
320.9
320.518
320.136
319.754
319.371
318.988
318.603
318.216
317.826
317.44
322.81
322.431
322.051
321.672
321.293
320.914
320.535
320.156
319.778
319.4
319.022
318.644
318.268
317.895
317.532
322.811
322.434
322.057
321.68
321.304
320.927
320.552
320.176
319.802
319.428
319.055
318.684
318.317
317.954
317.6
322.813
322.438
322.063
321.688
321.314
320.941
320.568
320.196
319.825
319.455
319.087
318.722
318.36
318.004
317.655
322.814
322.441
322.068
321.696
321.324
320.953
320.583
320.214
319.846
319.48
319.116
318.755
318.398
318.046
317.7
322.815
322.444
322.074
321.703
321.334
320.965
320.598
320.231
319.866
319.503
319.143
318.785
318.431
318.082
317.738
322.816
322.447
322.078
321.71
321.343
320.976
320.611
320.247
319.884
319.524
319.166
318.811
318.46
318.113
317.77
322.816
322.449
322.083
321.716
321.351
320.986
320.623
320.261
319.901
319.542
319.187
318.834
318.485
318.139
317.798
322.817
322.452
322.086
321.722
321.358
320.995
320.633
320.273
319.915
319.558
319.204
318.853
318.505
318.161
317.821
322.818
322.454
322.09
321.727
321.364
321.002
320.642
320.283
319.927
319.572
319.219
318.87
318.523
318.179
317.839
322.818
322.455
322.093
321.73
321.369
321.009
320.65
320.292
319.936
319.583
319.232
318.883
318.537
318.194
317.855
322.819
322.457
322.095
321.734
321.373
321.014
320.656
320.299
319.944
319.592
319.241
318.893
318.548
318.206
317.867
322.819
322.458
322.097
321.736
321.376
321.018
320.66
320.304
319.95
319.598
319.248
318.901
318.556
318.215
317.876
322.819
322.458
322.098
321.738
321.378
321.02
320.663
320.308
319.954
319.603
319.253
318.906
318.562
318.22
317.882
322.82
322.459
322.098
321.738
321.379
321.021
320.665
320.31
319.956
319.605
319.255
318.909
318.564
318.223
317.884
317.13
316.927
316.566
316.361
316.06
315.913
315.763
315.456
315.24
314.844
314.623
314.295
314.109
313.841
313.708
313.574
313.299
313.107
312.757
312.564
312.287
312.153
312.021
311.756
311.574
311.255
311.038
310.651
310.44
310.14
309.995
309.854
309.57
309.375
309.034
308.803
308.39
308.165
307.844
307.69
307.538
307.231
307.019
306.646
306.39
305.927
305.669
305.288
305.072
304.759
304.605
304.448
304.126
303.9
303.487
303.259
302.931
302.772
302.613
302.293
302.071
301.68
301.412
300.932
300.668
300.289
300.106
299.924
299.555
299.299
298.846
298.537
297.979
297.672
297.233
297.019
296.808
296.377
296.079
295.55
295.19
294.54
294.187
293.68
293.437
293.2
292.714
292.388
291.818
291.507
317.222
316.958
316.675
316.421
316.167
315.947
315.725
315.469
315.211
314.922
314.66
314.395
314.161
313.929
313.729
313.528
313.297
313.066
312.808
312.576
312.345
312.146
311.947
311.719
311.489
311.23
310.974
310.692
310.44
310.191
309.977
309.764
309.521
309.276
308.999
308.726
308.425
308.157
307.891
307.661
307.433
307.17
306.904
306.601
306.3
305.965
305.662
305.355
305.084
304.817
304.584
304.351
304.081
303.809
303.505
303.231
302.957
302.718
302.479
302.203
301.923
301.603
301.287
300.936
300.621
300.306
300.033
299.759
299.443
299.121
298.753
298.389
297.984
297.62
297.257
296.942
296.626
296.26
295.887
295.463
295.042
294.576
294.16
293.747
293.394
293.043
292.641
292.243
291.804
291.4
317.289
317.014
316.743
316.481
316.226
315.982
315.738
315.485
315.227
314.962
314.703
314.449
314.207
313.974
313.75
313.527
313.296
313.062
312.822
312.588
312.358
312.137
311.916
311.685
311.447
311.199
310.946
310.688
310.437
310.191
309.955
309.719
309.474
309.222
308.957
308.688
308.414
308.146
307.884
307.631
307.378
307.114
306.841
306.554
306.259
305.957
305.661
305.371
305.093
304.824
304.565
304.306
304.038
303.763
303.481
303.204
302.931
302.666
302.399
302.12
301.829
301.524
301.21
300.889
300.573
300.262
299.961
299.657
299.338
299.007
298.657
298.298
297.929
297.567
297.211
296.865
296.517
296.151
295.771
295.371
294.961
294.54
294.13
293.73
293.345
292.961
292.563
292.158
291.74
291.322
317.344
317.067
316.796
316.531
316.271
316.017
315.763
315.508
315.251
314.993
314.738
314.487
314.243
314.004
313.769
313.536
313.302
313.066
312.829
312.593
312.36
312.129
311.897
311.661
311.421
311.175
310.926
310.675
310.426
310.178
309.934
309.688
309.439
309.184
308.924
308.659
308.392
308.127
307.864
307.602
307.34
307.072
306.798
306.517
306.23
305.941
305.652
305.368
305.089
304.815
304.546
304.277
304.004
303.728
303.449
303.171
302.893
302.617
302.338
302.052
301.758
301.455
301.146
300.833
300.519
300.206
299.893
299.577
299.252
298.918
298.574
298.222
297.865
297.507
297.15
296.793
296.433
296.063
295.683
295.292
294.893
294.49
294.088
293.689
293.294
292.899
292.498
292.09
291.676
291.256
317.39
317.113
316.84
316.573
316.309
316.049
315.792
315.534
315.277
315.021
314.767
314.517
314.27
314.027
313.787
313.548
313.31
313.071
312.833
312.595
312.358
312.122
311.884
311.645
311.403
311.157
310.909
310.66
310.411
310.162
309.913
309.663
309.411
309.155
308.896
308.633
308.369
308.105
307.84
307.576
307.309
307.039
306.765
306.487
306.205
305.922
305.639
305.357
305.078
304.801
304.526
304.252
303.975
303.697
303.417
303.137
302.855
302.572
302.286
301.995
301.699
301.396
301.089
300.778
300.464
300.148
299.83
299.508
299.18
298.845
298.503
298.155
297.802
297.446
297.088
296.727
296.362
295.99
295.612
295.225
294.833
294.437
294.04
293.642
293.244
292.844
292.441
292.032
291.619
291.2
317.428
317.151
316.878
316.608
316.342
316.08
315.819
315.56
315.302
315.046
314.792
314.541
314.292
314.046
313.802
313.56
313.318
313.077
312.836
312.596
312.356
312.116
311.875
311.633
311.388
311.142
310.895
310.646
310.396
310.145
309.894
309.642
309.388
309.131
308.872
308.61
308.347
308.083
307.818
307.551
307.283
307.012
306.739
306.463
306.184
305.904
305.623
305.343
305.063
304.785
304.507
304.229
303.95
303.669
303.387
303.104
302.818
302.531
302.241
301.947
301.648
301.345
301.038
300.726
300.412
300.094
299.773
299.448
299.118
298.782
298.441
298.094
297.743
297.388
297.029
296.667
296.3
295.928
295.551
295.167
294.779
294.387
293.992
293.596
293.197
292.796
292.391
291.982
291.569
291.152
317.461
317.184
316.91
316.639
316.371
316.107
315.844
315.584
315.325
315.068
314.813
314.561
314.31
314.062
313.815
313.57
313.326
313.082
312.839
312.596
312.354
312.111
311.867
311.623
311.377
311.13
310.882
310.632
310.382
310.13
309.878
309.624
309.368
309.111
308.851
308.59
308.327
308.063
307.797
307.53
307.261
306.99
306.717
306.441
306.164
305.886
305.607
305.327
305.047
304.768
304.488
304.208
303.926
303.644
303.359
303.073
302.785
302.495
302.201
301.905
301.604
301.3
300.992
300.68
300.364
300.045
299.722
299.395
299.064
298.727
298.386
298.04
297.689
297.335
296.976
296.613
296.246
295.874
295.498
295.116
294.73
294.341
293.948
293.552
293.154
292.752
292.347
291.939
291.526
291.11
317.489
317.211
316.937
316.665
316.396
316.13
315.866
315.605
315.345
315.087
314.831
314.578
314.326
314.075
313.827
313.579
313.333
313.087
312.842
312.597
312.352
312.107
311.862
311.615
311.368
311.12
310.871
310.62
310.369
310.116
309.863
309.608
309.351
309.093
308.834
308.572
308.309
308.045
307.779
307.511
307.242
306.971
306.698
306.423
306.147
305.869
305.591
305.311
305.032
304.751
304.47
304.188
303.905
303.62
303.334
303.046
302.755
302.463
302.167
301.868
301.566
301.261
300.951
300.638
300.322
300.001
299.677
299.349
299.017
298.68
298.338
297.992
297.642
297.288
296.929
296.566
296.199
295.828
295.452
295.072
294.687
294.299
293.907
293.513
293.115
292.713
292.309
291.901
291.489
291.074
317.512
317.234
316.959
316.687
316.418
316.151
315.886
315.623
315.363
315.104
314.847
314.592
314.338
314.087
313.836
313.587
313.339
313.091
312.844
312.598
312.351
312.104
311.857
311.609
311.361
311.112
310.861
310.61
310.358
310.105
309.85
309.594
309.337
309.079
308.819
308.557
308.294
308.029
307.763
307.495
307.226
306.954
306.682
306.407
306.132
305.854
305.576
305.297
305.017
304.736
304.453
304.17
303.886
303.599
303.312
303.022
302.729
302.435
302.138
301.837
301.534
301.227
300.916
300.602
300.285
299.963
299.638
299.309
298.976
298.639
298.297
297.951
297.601
297.247
296.888
296.525
296.158
295.787
295.412
295.033
294.649
294.262
293.872
293.478
293.08
292.68
292.276
291.868
291.457
291.043
317.531
317.254
316.978
316.706
316.436
316.168
315.902
315.639
315.377
315.118
314.86
314.604
314.349
314.096
313.844
313.594
313.344
313.095
312.846
312.598
312.35
312.102
311.853
311.604
311.355
311.105
310.854
310.602
310.349
310.095
309.839
309.583
309.325
309.066
308.806
308.544
308.281
308.016
307.749
307.481
307.212
306.941
306.668
306.394
306.118
305.841
305.563
305.284
305.003
304.722
304.439
304.155
303.869
303.581
303.292
303.001
302.707
302.411
302.112
301.811
301.506
301.198
300.886
300.572
300.253
299.931
299.605
299.276
298.942
298.604
298.262
297.916
297.566
297.211
296.853
296.491
296.124
295.753
295.379
295
294.617
294.231
293.841
293.448
293.051
292.651
292.247
291.841
291.43
291.017
317.547
317.269
316.994
316.721
316.45
316.182
315.916
315.652
315.39
315.129
314.871
314.614
314.358
314.104
313.851
313.599
313.348
313.098
312.848
312.599
312.349
312.1
311.851
311.601
311.35
311.099
310.847
310.595
310.341
310.086
309.831
309.574
309.316
309.056
308.795
308.533
308.27
308.005
307.738
307.47
307.2
306.929
306.657
306.383
306.107
305.83
305.552
305.273
304.992
304.71
304.426
304.141
303.854
303.566
303.276
302.983
302.689
302.391
302.091
301.789
301.483
301.174
300.862
300.546
300.227
299.904
299.578
299.248
298.913
298.575
298.233
297.887
297.537
297.182
296.824
296.462
296.095
295.725
295.351
294.973
294.591
294.205
293.816
293.423
293.026
292.627
292.224
291.818
291.408
290.996
317.559
317.281
317.006
316.733
316.462
316.193
315.927
315.662
315.399
315.138
314.879
314.621
314.365
314.11
313.856
313.603
313.352
313.1
312.85
312.599
312.349
312.099
311.848
311.598
311.347
311.095
310.842
310.589
310.335
310.08
309.824
309.566
309.308
309.048
308.787
308.525
308.261
307.996
307.729
307.461
307.191
306.92
306.648
306.374
306.098
305.821
305.543
305.263
304.982
304.7
304.416
304.13
303.843
303.554
303.263
302.969
302.674
302.376
302.075
301.771
301.465
301.155
300.842
300.526
300.206
299.883
299.556
299.225
298.891
298.553
298.21
297.864
297.514
297.159
296.801
296.439
296.073
295.703
295.329
294.951
294.569
294.184
293.795
293.403
293.007
292.608
292.205
291.8
291.391
290.979
317.568
317.29
317.015
316.742
316.471
316.202
315.935
315.67
315.406
315.145
314.885
314.627
314.37
314.114
313.86
313.607
313.354
313.102
312.851
312.6
312.349
312.098
311.847
311.596
311.344
311.092
310.839
310.585
310.331
310.075
309.819
309.561
309.302
309.042
308.781
308.518
308.255
307.989
307.722
307.454
307.185
306.914
306.641
306.367
306.091
305.815
305.536
305.256
304.975
304.692
304.408
304.122
303.834
303.544
303.253
302.959
302.663
302.364
302.062
301.758
301.451
301.141
300.828
300.511
300.191
299.867
299.54
299.209
298.874
298.536
298.193
297.847
297.496
297.142
296.784
296.422
296.056
295.686
295.312
294.935
294.553
294.168
293.78
293.388
292.992
292.593
292.191
291.786
291.378
290.966
317.574
317.296
317.021
316.748
316.476
316.207
315.94
315.675
315.411
315.149
314.889
314.631
314.373
314.117
313.863
313.609
313.356
313.103
312.851
312.6
312.349
312.097
311.846
311.594
311.342
311.09
310.836
310.582
310.328
310.072
309.815
309.557
309.299
309.038
308.777
308.514
308.25
307.985
307.718
307.45
307.18
306.909
306.636
306.362
306.087
305.81
305.532
305.252
304.97
304.687
304.403
304.116
303.828
303.538
303.246
302.952
302.655
302.356
302.054
301.75
301.442
301.132
300.818
300.501
300.18
299.857
299.529
299.198
298.863
298.524
298.182
297.835
297.485
297.131
296.773
296.41
296.045
295.675
295.301
294.924
294.543
294.158
293.77
293.378
292.983
292.584
292.182
291.777
291.369
290.958
317.577
317.299
317.024
316.75
316.479
316.21
315.943
315.677
315.414
315.152
314.891
314.633
314.375
314.119
313.864
313.61
313.357
313.104
312.852
312.6
312.348
312.097
311.845
311.593
311.341
311.088
310.835
310.581
310.326
310.07
309.814
309.556
309.297
309.036
308.775
308.512
308.248
307.983
307.716
307.448
307.178
306.907
306.634
306.36
306.085
305.808
305.529
305.249
304.968
304.685
304.4
304.114
303.825
303.535
303.243
302.948
302.651
302.352
302.05
301.745
301.438
301.127
300.813
300.496
300.175
299.851
299.524
299.192
298.857
298.519
298.176
297.83
297.479
297.125
296.767
296.405
296.039
295.669
295.296
294.918
294.537
294.153
293.764
293.373
292.978
292.579
292.177
291.773
291.365
290.954
291.046
290.472
289.895
289.325
288.76
288.202
287.647
287.094
286.545
285.997
285.45
284.905
284.36
283.816
283.272
290.933
290.392
289.839
289.284
288.73
288.178
287.628
287.08
286.533
285.987
285.443
284.899
284.356
283.814
283.271
290.852
290.324
289.786
289.242
288.697
288.152
287.607
287.063
286.52
285.977
285.435
284.893
284.352
283.811
283.27
290.788
290.267
289.737
289.202
288.665
288.126
287.586
287.046
286.506
285.966
285.426
284.887
284.348
283.809
283.27
290.734
290.217
289.694
289.166
288.634
288.1
287.565
287.029
286.492
285.955
285.418
284.88
284.343
283.806
283.269
290.687
290.174
289.656
289.132
288.605
288.076
287.545
287.012
286.478
285.944
285.409
284.874
284.339
283.803
283.268
290.647
290.137
289.622
289.102
288.579
288.054
287.526
286.996
286.465
285.933
285.401
284.868
284.334
283.801
283.267
290.613
290.105
289.593
289.076
288.556
288.034
287.509
286.982
286.453
285.924
285.393
284.862
284.33
283.798
283.266
290.583
290.078
289.568
289.054
288.536
288.016
287.493
286.969
286.442
285.915
285.386
284.857
284.327
283.796
283.265
290.559
290.055
289.546
289.034
288.519
288.001
287.48
286.957
286.433
285.907
285.38
284.852
284.323
283.794
283.265
290.538
290.036
289.529
289.018
288.505
287.988
287.469
286.948
286.425
285.9
285.375
284.848
284.32
283.792
283.264
290.522
290.021
289.515
289.006
288.493
287.978
287.46
286.94
286.418
285.895
285.37
284.845
284.318
283.791
283.264
290.51
290.009
289.504
288.996
288.485
287.97
287.453
286.934
286.413
285.891
285.367
284.842
284.316
283.79
283.263
290.503
290.002
289.498
288.99
288.479
287.965
287.449
286.93
286.41
285.888
285.365
284.84
284.315
283.789
283.263
290.499
289.998
289.494
288.987
288.476
287.963
287.447
286.929
286.408
285.887
285.364
284.84
284.315
283.789
283.263
)
;

boundaryField
{
    hot
    {
        type            fixedValue;
        value           uniform 323;
    }
    cold
    {
        type            fixedValue;
        value           uniform 283;
    }
    interface_left
    {
        type            fixedValue;
        value           nonuniform List<scalar> 
90
(
314.984
314.984
315.072
315.072
315.083
315.083
315.083
315.085
315.085
315.094
315.094
315.108
315.108
315.127
315.127
315.127
315.154
315.154
315.195
315.195
315.23
315.23
315.23
315.266
315.266
315.311
315.311
315.372
315.372
315.419
315.419
315.419
315.464
315.464
315.518
315.518
315.589
315.589
315.642
315.642
315.642
315.692
315.692
315.752
315.752
315.832
315.832
315.891
315.891
315.891
315.948
315.948
316.016
316.016
316.107
316.107
316.176
316.176
316.176
316.242
316.242
316.321
316.321
316.426
316.426
316.504
316.504
316.504
316.577
316.577
316.663
316.663
316.772
316.772
316.849
316.849
316.849
316.915
316.915
316.984
316.984
317.057
317.057
317.093
317.093
317.093
317.096
317.096
317.028
317.028
)
;
    }
    interface_right
    {
        type            fixedValue;
        value           nonuniform List<scalar> 
90
(
289.165
289.165
289.08
289.08
289.08
289.07
289.07
289.092
289.092
289.148
289.148
289.204
289.204
289.261
289.261
289.261
289.328
289.328
289.427
289.427
289.506
289.506
289.574
289.574
289.574
289.648
289.648
289.747
289.747
289.823
289.823
289.887
289.887
289.887
289.953
289.953
290.039
290.039
290.103
290.103
290.103
290.165
290.165
290.238
290.238
290.334
290.334
290.405
290.405
290.464
290.464
290.464
290.527
290.527
290.612
290.612
290.677
290.677
290.732
290.732
290.732
290.789
290.789
290.866
290.866
290.922
290.922
290.922
290.976
290.976
291.039
291.039
291.117
291.117
291.172
291.172
291.172
291.221
291.221
291.275
291.275
291.342
291.342
291.394
291.394
291.394
291.464
291.464
291.638
291.638
)
;
    }
    interface_top
    {
        type            fixedValue;
        value           nonuniform List<scalar> 
90
(
317.028
317.028
316.4
316.4
315.898
315.898
315.898
315.385
315.385
314.681
314.681
314.145
314.145
313.7
313.7
313.7
313.242
313.242
312.619
312.619
312.156
312.156
312.156
311.717
311.717
311.195
311.195
310.507
310.507
310.004
310.004
310.004
309.532
309.532
308.975
308.975
308.24
308.24
307.703
307.703
307.703
307.196
307.196
306.586
306.586
305.763
305.763
305.137
305.137
304.618
304.618
304.618
304.082
304.082
303.347
303.347
302.799
302.799
302.799
302.269
302.269
301.63
301.63
300.775
300.775
300.142
300.142
300.142
299.532
299.532
298.791
298.791
297.796
297.796
297.058
297.058
297.058
296.342
296.342
295.472
295.472
294.31
294.31
293.457
293.457
293.457
292.637
292.637
291.638
291.638
)
;
    }
    interface_bottom
    {
        type            fixedValue;
        value           nonuniform List<scalar> 
90
(
314.984
314.984
314.144
314.144
314.144
313.349
313.349
312.4
312.4
311.162
311.162
310.26
310.26
309.531
309.531
309.531
308.791
308.791
307.804
307.804
307.077
307.077
306.485
306.485
306.485
305.885
305.885
305.095
305.095
304.529
304.529
304.529
303.995
303.995
303.368
303.368
302.569
302.569
302.004
302.004
302.004
301.471
301.471
300.839
300.839
300.017
300.017
299.415
299.415
298.922
298.922
298.922
298.412
298.412
297.733
297.733
297.239
297.239
297.239
296.766
296.766
296.204
296.204
295.485
295.485
294.976
294.976
294.976
294.495
294.495
293.928
293.928
293.205
293.205
292.693
292.693
292.693
292.209
292.209
291.633
291.633
290.886
290.886
290.346
290.346
290.346
289.82
289.82
289.165
289.165
)
;
    }
    defaultFaces
    {
        type            empty;
    }
}


// ************************************************************************* //
