/*--------------------------------*- C++ -*----------------------------------*\
| =========                 |                                                 |
| \\      /  F ield         | OpenFOAM: The Open Source CFD Toolbox           |
|  \\    /   O peration     | Version:  5.x                                   |
|   \\  /    A nd           | Web:      www.OpenFOAM.org                      |
|    \\/     M anipulation  |                                                 |
\*---------------------------------------------------------------------------*/
FoamFile
{
    version     2.0;
    format      ascii;
    class       volScalarField;
    location    "1.5";
    object      gradTy;
}
// * * * * * * * * * * * * * * * * * * * * * * * * * * * * * * * * * * * * * //

dimensions      [0 -1 0 1 0 0 0];

internalField   nonuniform List<scalar> 
6300
(
32273.7
32221.2
32168.7
32116.3
32064.1
32012.1
31960.3
31908.9
31857.7
31807
31756.7
31706.8
31657.5
31608.7
31560.5
-0.0326039
-0.0979435
-0.163651
-0.229915
-0.296841
-0.364409
-0.432437
-0.500563
-0.568225
-0.634684
-0.699071
-0.760489
-0.818156
-0.871577
-0.920698
-0.0541892
-0.162809
-0.272108
-0.382436
-0.494003
-0.606811
-0.720589
-0.834741
-0.94832
-1.06003
-1.16833
-1.27154
-1.36818
-1.45723
-1.53853
-0.0755439
-0.226997
-0.379518
-0.533689
-0.689888
-0.848199
-1.00831
-1.16943
-1.33021
-1.48873
-1.64258
-1.78909
-1.92572
-2.05059
-2.16316
-0.0965237
-0.290108
-0.485268
-0.682898
-0.883639
-1.08776
-1.29499
-1.50442
-1.71432
-1.92205
-2.12413
-2.31648
-2.49495
-2.65621
-2.79886
-0.116951
-0.351614
-0.588508
-0.828945
-1.07395
-1.32412
-1.57939
-1.83886
-2.10048
-2.3609
-2.61529
-2.85762
-3.08126
-3.28032
-3.45156
-0.136616
-0.41088
-0.688185
-0.970387
-1.25906
-1.55531
-1.85952
-2.17105
-2.48778
-2.80568
-3.11844
-3.41737
-3.69207
-3.93222
-4.1307
-0.155246
-0.467085
-0.782928
-1.10531
-1.43652
-1.77845
-2.13225
-2.49794
-2.87379
-3.25551
-3.63531
-4.00125
-4.33736
-4.62569
-4.85137
-0.17252
-0.519259
-0.871084
-1.23133
-1.6032
-1.98962
-2.39297
-2.81456
-3.25383
-3.70712
-4.16592
-4.61486
-5.03033
-5.38171
-5.63862
-0.188083
-0.566314
-0.950764
-1.34564
-1.75522
-2.18376
-2.63534
-3.11336
-3.61972
-4.15311
-4.70627
-5.26182
-5.78722
-6.23203
-6.53515
-0.201568
-0.607114
-1.01996
-1.44518
-1.88818
-2.35476
-2.85113
-3.38371
-3.95846
-4.5792
-5.24411
-5.93876
-6.62449
-7.22372
-7.61598
-0.21263
-0.640579
-1.07671
-1.52686
-1.99746
-2.49585
-3.0306
-3.61179
-4.25108
-4.961
-5.75204
-6.62437
-7.54788
-8.42191
-9.02004
-0.220989
-0.665824
-1.11938
-1.58799
-2.07884
-2.60047
-3.16352
-3.78164
-4.47295
-5.26153
-6.17846
-7.25845
-8.52026
-9.89536
-11.028
-0.226477
-0.682306
-1.14693
-1.6268
-2.12933
-2.66358
-3.24123
-3.8782
-4.5974
-5.43353
-6.44151
-7.71029
-9.37874
-11.6106
-14.252
-0.229073
-0.689948
-1.15917
-1.64284
-2.14798
-2.68316
-3.2595
-3.89241
-4.60478
-5.43346
-6.44338
-7.76195
-9.67332
-12.9161
-19.7771
31516.9
31477.8
31439
31400.8
31363.1
31325.9
31289.2
31253.1
31217.5
31182.5
31148.2
31114.4
31081.3
31048.8
31017
30985.8
30955.3
30925.4
30896.3
30867.7
30839.8
30812.6
30786
30759.9
30734.5
30709.6
30685.3
30661.5
30638.1
30615.2
30592.8
30570.8
30549.1
30527.8
30506.8
30486.1
30465.6
30445.4
30425.3
30405.5
30385.8
30366.2
30346.7
30327.3
30307.9
30288.5
30269.1
30249.7
30230.2
30210.6
30190.9
30171.1
30151
30130.8
30110.3
30089.5
30068.5
30047.1
30025.4
30003.2
29980.7
29957.8
29934.4
29910.5
29886.1
29861.2
29835.8
29809.8
29783.3
29756.2
29728.5
29700.3
29671.4
29641.9
29611.8
29581.1
29549.7
29517.7
29485.1
29451.9
29418.1
29383.6
29348.6
29312.9
29276.7
29239.9
29202.5
29164.5
29126
29086.9
-0.962233
-0.998012
-1.03259
-1.06679
-1.10134
-1.13673
-1.17305
-1.20999
-1.24682
-1.2825
-1.31585
-1.34565
-1.37086
-1.39065
-1.40449
-1.41206
-1.41322
-1.40794
-1.39625
-1.37821
-1.35396
-1.32372
-1.2878
-1.24665
-1.20082
-1.1509
-1.09753
-1.04133
-0.982914
-0.922851
-0.861686
-0.799912
-0.737948
-0.676127
-0.614685
-0.553765
-0.493442
-0.433748
-0.374698
-0.316302
-0.258556
-0.20142
-0.144793
-0.0884937
-0.0322644
0.0242045
0.0812292
0.139081
0.197936
0.257849
0.318742
0.380415
0.442573
0.504857
0.566861
0.628158
0.688304
0.746868
0.803444
0.857687
0.90933
0.958198
1.00419
1.04726
1.08736
1.12443
1.15839
1.18913
1.21656
1.24062
1.26133
1.27877
1.29306
1.30431
1.31257
1.31786
1.32017
1.3195
1.31588
1.30942
1.30029
1.28864
1.27457
1.25803
1.23878
1.21644
1.19051
1.16048
1.12592
1.08656
-1.60672
-1.66514
-1.72146
-1.77731
-1.83413
-1.89292
-1.95395
-2.01666
-2.07969
-2.14108
-2.19856
-2.24991
-2.29322
-2.3271
-2.35066
-2.3635
-2.36549
-2.35665
-2.33706
-2.3068
-2.26604
-2.21511
-2.15454
-2.08511
-2.00777
-1.92357
-1.83363
-1.739
-1.64071
-1.53975
-1.43703
-1.33341
-1.22961
-1.12621
-1.02358
-0.921934
-0.82135
-0.721844
-0.623421
-0.526111
-0.429941
-0.334888
-0.240808
-0.147396
-0.0541823
0.0394205
0.134023
0.23015
0.328148
0.42812
0.529915
0.633162
0.737326
0.841768
0.945786
1.04864
1.14957
1.24781
1.34265
1.43347
1.51982
1.60142
1.67815
1.74999
1.81691
1.87884
1.93561
1.98698
2.03276
2.07283
2.10722
2.13611
2.15976
2.17838
2.19212
2.20097
2.20483
2.20364
2.19743
2.18642
2.17095
2.15141
2.12805
2.10085
2.06941
2.03298
1.9906
1.94126
1.88411
1.8186
-2.25621
-2.33512
-2.41084
-2.48623
-2.56389
-2.6457
-2.73225
-2.82268
-2.91473
-3.00507
-3.08989
-3.16553
-3.22897
-3.27818
-3.31207
-3.33035
-3.33314
-3.32066
-3.29303
-3.2503
-3.19257
-3.12018
-3.03387
-2.93478
-2.8244
-2.70436
-2.5763
-2.44177
-2.30222
-2.15903
-2.01355
-1.86704
-1.72059
-1.57507
-1.43097
-1.28849
-1.14764
-1.00832
-0.870492
-0.734237
-0.59969
-0.466935
-0.335855
-0.20602
-0.0766775
0.0531685
0.184579
0.318475
0.455456
0.595691
0.738912
0.884492
1.03157
1.17917
1.32625
1.47176
1.61456
1.7535
1.88747
2.01552
2.13696
2.25145
2.35895
2.45958
2.55343
2.64044
2.72033
2.79265
2.85693
2.91295
2.96076
3.00073
3.0334
3.05922
3.07844
3.09096
3.09649
3.09472
3.08562
3.06954
3.04719
3.01939
2.98681
2.94953
2.90695
2.85782
2.80044
2.73302
2.65409
2.56266
-2.91393
-3.00972
-3.10078
-3.19194
-3.28778
-3.39172
-3.50503
-3.62646
-3.75231
-3.87708
-3.99452
-4.09877
-4.18529
-4.25136
-4.29602
-4.31957
-4.32285
-4.30652
-4.2708
-4.21546
-4.14025
-4.04534
-3.93162
-3.80075
-3.65497
-3.49672
-3.32832
-3.15179
-2.96898
-2.78163
-2.59155
-2.40055
-2.21025
-2.02186
-1.83598
-1.65269
-1.47169
-1.2926
-1.11526
-0.939854
-0.766803
-0.596512
-0.429042
-0.263869
-0.0998246
0.0647406
0.231638
0.402446
0.578171
0.759061
0.944615
1.13377
1.32518
1.51742
1.70912
1.89888
2.08522
2.26647
2.44095
2.6072
2.76423
2.91169
3.04978
3.17904
3.29992
3.41244
3.51611
3.60999
3.69314
3.76501
3.82571
3.876
3.917
3.94969
3.97451
3.99114
3.99875
3.99647
3.98397
3.9618
3.93134
3.89438
3.8524
3.8059
3.75403
3.69464
3.62479
3.54144
3.44205
3.32504
-3.58425
-3.69103
-3.79053
-3.89084
-4.00001
-4.12423
-4.26613
-4.4239
-4.59146
-4.75966
-4.91816
-5.05756
-5.17109
-5.25539
-5.31037
-5.338
-5.34079
-5.32035
-5.27684
-5.20925
-5.11633
-4.99762
-4.85408
-4.68822
-4.50353
-4.30373
-4.09203
-3.8709
-3.64229
-3.40819
-3.1709
-2.93308
-2.69719
-2.46504
-2.2373
-2.01363
-1.793
-1.57436
-1.35726
-1.14209
-0.929951
-0.722035
-0.51893
-0.320096
-0.123727
0.0729499
0.273063
0.479335
0.693451
0.91572
1.14514
1.37983
1.6176
1.85647
2.09478
2.33097
2.56321
2.78919
3.00631
3.21218
3.40532
3.58542
3.75336
3.91061
4.05845
4.19723
4.32599
4.44282
4.54563
4.63319
4.70567
4.76468
4.8126
4.85155
4.8824
4.90434
4.91528
4.91298
4.89629
4.86604
4.82491
4.77664
4.72454
4.67006
4.61197
4.54656
4.46864
4.37301
4.25548
4.11351
-4.27453
-4.38287
-4.4792
-4.57708
-4.69071
-4.83148
-5.00461
-5.20751
-5.42999
-5.6565
-5.86959
-6.05391
-6.19925
-6.30197
-6.3644
-6.39251
-6.39247
-6.3677
-6.31785
-6.23979
-6.12983
-5.98591
-5.80897
-5.60305
-5.37409
-5.12811
-4.86957
-4.60098
-4.32374
-4.03951
-3.75122
-3.46297
-3.17893
-2.90199
-2.63289
-2.37029
-2.11153
-1.85401
-1.59655
-1.34003
-1.08705
-0.840646
-0.602667
-0.372752
-0.148038
0.0762616
0.305683
0.545014
0.797094
1.0622
1.33823
1.6216
1.90861
2.19652
2.48371
2.76898
3.05047
3.32495
3.58811
3.8358
4.06546
4.27699
4.47266
4.65605
4.83039
4.99678
5.15344
5.2962
5.42048
5.52348
5.60544
5.66975
5.72153
5.76548
5.80354
5.83381
5.85133
5.85061
5.82859
5.78635
5.72919
5.66484
5.60053
5.53983
5.48089
5.41686
5.33837
5.23646
5.10445
4.93849
-4.99711
-5.092
-5.16568
-5.24068
-5.34242
-5.49227
-5.70043
-5.96316
-6.26298
-6.57296
-6.86276
-7.10672
-7.28912
-7.40689
-7.46817
-7.48789
-7.48011
-7.45149
-7.39983
-7.31661
-7.19256
-7.02207
-6.80595
-6.55136
-6.26946
-5.97089
-5.66187
-5.34381
-5.01549
-4.67695
-4.33174
-3.98703
-3.65067
-3.32783
-3.01933
-2.72159
-2.42843
-2.13373
-1.83462
-1.53296
-1.23478
-0.947198
-0.674843
-0.417946
-0.171764
0.0722023
0.324054
0.592367
0.882034
1.19303
1.52085
1.85827
2.19849
2.53779
2.87558
3.21267
3.54806
3.87724
4.19246
4.48565
4.75202
4.99172
5.20997
5.41487
5.6141
5.81072
6.00126
6.17657
6.32639
6.44446
6.53106
6.59328
6.64217
6.68835
6.73635
6.7821
6.8141
6.8194
6.79049
6.72865
6.64432
6.55346
6.4718
6.40753
6.35762
6.30846
6.24225
6.14371
6.0027
5.81418
-5.77375
-5.83157
-5.85012
-5.86558
-5.92461
-6.06879
-6.31739
-6.66518
-7.08117
-7.51834
-7.92179
-8.24805
-8.4719
-8.59303
-8.63168
-8.62274
-8.59766
-8.56834
-8.52716
-8.45213
-8.32211
-8.12384
-7.85826
-7.53892
-7.18878
-6.82867
-6.46712
-6.10136
-5.72193
-5.32392
-4.9115
-4.499
-4.10292
-3.733
-3.39024
-3.06624
-2.74753
-2.41979
-2.07634
-1.72087
-1.36726
-1.03183
-0.724762
-0.447714
-0.192301
0.0567768
0.3187
0.608931
0.936216
1.29955
1.68958
2.09084
2.48965
2.88116
3.26843
3.65874
4.05452
4.4496
4.82845
5.17406
5.4769
5.73727
5.96644
6.18178
6.40148
6.63332
6.87088
7.09351
7.2779
7.41064
7.49166
7.53588
7.5666
7.60844
7.67224
7.75006
7.81515
7.8373
7.79966
7.70317
7.56873
7.4287
7.31791
7.25446
7.23312
7.22451
7.19255
7.11202
6.96922
6.76019
-6.64369
-6.62731
-6.53857
-6.42714
-6.3834
-6.494
-6.79046
-7.26785
-7.86775
-8.51113
-9.09089
-9.53571
-9.8015
-9.89682
-9.8626
-9.77972
-9.72021
-9.7012
-9.70215
-9.66577
-9.54891
-9.32151
-8.98703
-8.56988
-8.12152
-7.68762
-7.27759
-6.87773
-6.45429
-5.99087
-5.49061
-4.98662
-4.51685
-4.09842
-3.73354
-3.40272
-3.07912
-2.72798
-2.33499
-1.90574
-1.47328
-1.07536
-0.731287
-0.446203
-0.203637
0.022878
0.272545
0.572029
0.938307
1.36739
1.84184
2.32654
2.79089
3.23015
3.65639
4.09639
4.56138
5.04469
5.51159
5.92326
6.2621
6.52686
6.74189
6.94143
7.17036
7.44661
7.76085
8.06435
8.30252
8.44999
8.50393
8.49657
8.47364
8.4955
8.58652
8.73491
8.87655
8.93979
8.89207
8.73084
8.49971
8.26033
8.09436
8.03928
8.08885
8.17279
8.21139
8.16865
8.02977
7.80433
-7.6787
-7.52651
-7.25895
-6.89045
-6.61911
-6.65054
-7.00177
-7.69272
-8.59022
-9.59399
-10.4528
-11.0796
-11.375
-11.3856
-11.162
-10.9015
-10.7829
-10.8037
-10.9293
-10.9938
-10.9334
-10.6719
-10.2334
-9.64439
-9.03205
-8.51088
-8.07213
-7.68681
-7.24304
-6.70969
-6.07397
-5.42387
-4.85581
-4.38579
-4.02693
-3.72796
-3.44961
-3.09576
-2.64519
-2.09463
-1.52903
-1.04094
-0.652532
-0.38324
-0.191709
-0.0442936
0.154644
0.438848
0.849797
1.36963
1.97901
2.59109
3.12773
3.59728
4.0238
4.49726
5.04105
5.66249
6.27332
6.77633
7.15283
7.38683
7.53835
7.65739
7.86966
8.20369
8.66473
9.12763
9.45606
9.62221
9.60261
9.47776
9.31424
9.28097
9.41617
9.72741
10.0487
10.2
10.1458
9.85704
9.44041
8.98412
8.70902
8.67131
8.89298
9.18429
9.34534
9.36176
9.21313
8.98758
-9.0142
-8.59095
-8.12401
-7.21344
-6.41882
-6.34694
-6.72441
-7.82073
-9.16023
-10.8862
-12.1491
-13.1015
-13.3591
-13.2122
-12.5152
-11.8195
-11.6454
-11.7561
-12.2453
-12.5023
-12.6081
-12.2779
-11.697
-10.7532
-9.81192
-9.21605
-8.79033
-8.58068
-8.16138
-7.57651
-6.67855
-5.7435
-5.05405
-4.51352
-4.23451
-4.02395
-3.92925
-3.60322
-3.09975
-2.30548
-1.47341
-0.863155
-0.402402
-0.208472
-0.116435
-0.185835
-0.0861908
0.123047
0.604463
1.24297
2.1124
2.96447
3.5614
4.02663
4.32387
4.79711
5.40922
6.29594
7.19074
7.81203
8.2493
8.36607
8.38207
8.23962
8.39415
8.77846
9.56653
10.3852
10.844
11.0627
10.8536
10.5154
9.96804
9.82463
9.9931
10.7062
11.4668
11.7568
11.7382
11.1683
10.4392
9.44794
8.98278
8.93078
9.59779
10.3843
10.6885
10.7935
10.5083
10.3774
-10.9512
-9.718
-9.62781
-7.36914
-5.17732
-5.39577
-5.41152
-7.59825
-9.17337
-12.845
-14.2925
-16.1233
-15.9254
-15.8307
-13.8664
-11.9862
-12.0974
-12.1632
-13.8955
-14.2285
-14.9103
-14.2449
-13.6831
-11.8582
-10.0943
-9.67608
-9.19723
-9.77631
-9.31798
-8.89407
-7.33643
-5.70934
-5.03772
-4.26457
-4.3434
-4.15302
-4.74192
-4.36613
-3.97297
-2.57074
-1.09835
-0.470057
0.231986
0.11306
0.191311
-0.570819
-0.484902
-0.584761
0.132811
0.78367
2.27068
3.70514
4.18464
4.69779
4.37041
4.89691
5.38185
6.91762
8.50191
9.11255
9.80714
9.49027
9.45378
8.39402
8.58754
8.77159
10.424
12.1609
12.5774
13.1188
12.2903
11.8539
10.0399
9.91887
9.78546
11.6162
13.5623
13.7574
14.1243
12.7085
11.8151
9.15393
8.66129
8.15463
10.1303
12.2786
12.3182
12.7872
11.5809
12.1378
-14.5636
-9.19908
-14.2537
-7.42813
-0.464359
-4.73558
-0.971382
-8.25541
-6.16638
-18.0054
-15.8828
-22.0654
-18.3419
-21.1403
-15.0952
-9.28406
-12.6138
-10.1691
-17.5594
-15.4515
-19.1514
-16.0614
-17.4871
-12.8742
-8.4377
-10.2225
-8.07975
-12.4649
-10.4241
-11.8433
-8.09348
-4.29844
-5.16677
-2.78803
-4.83921
-3.15925
-6.94313
-5.15353
-6.29876
-2.93659
0.492672
-0.18276
2.04888
0.150958
1.70938
-2.17686
-0.616116
-2.46971
-0.242945
-0.879874
2.50436
5.82071
4.75911
6.5789
3.18695
5.05603
3.84073
7.46882
11.2145
10.2915
12.8207
10.21
11.9981
6.74276
8.79348
6.64926
11.1584
15.8366
14.1299
17.1463
13.1609
15.1746
7.67239
10.0294
6.74794
12.3584
18.1776
15.5092
19.0759
13.4951
15.7347
5.73573
8.3584
3.80243
10.4125
17.2078
13.3284
17.1915
10.1133
15.1748
-26.3077
6.32395
-35.9864
-7.68542
20.4273
-15.6462
19.3784
-22.4096
16.8972
-43.2706
-5.51323
-42.272
-11.3669
-39.1844
-15.9869
6.58106
-21.445
5.9873
-34.9008
-8.31099
-33.1701
-11.3754
-29.9869
-13.636
2.17755
-16.4244
2.4379
-24.4067
-6.54803
-22.236
-8.91564
3.82785
-9.97151
5.06778
-10.7078
5.70253
-17.1703
-1.71486
-15.1154
-3.39905
7.99461
-4.08155
9.81255
-4.78825
11.0679
-11.6267
4.16918
-10.2307
3.50486
-8.33413
2.83577
14.2407
1.18439
15.965
-5.57256
9.65656
-4.67506
7.85067
20.65
6.49953
23.2359
4.59517
24.6851
-5.42945
15.04
-5.05422
11.6495
28.7065
8.88118
31.2563
5.39255
32.1984
-8.89273
18.2593
-9.09429
12.7999
35.015
8.28201
37.1996
3.02004
37.2777
-15.8577
18.3927
-16.6289
10.428
37.5086
3.18904
37.3513
-8.83533
26.1913
29043.4
28995.2
28946.4
28897
28846.9
28796.4
28745.4
28693.9
28642.1
28590
28537.6
28485
28432.3
28379.4
28326.5
1.03794
0.978188
0.912507
0.842023
0.768059
0.691964
0.614963
0.538061
0.462002
0.387254
0.314037
0.242354
0.172033
0.102773
0.034182
1.73723
1.63678
1.52606
1.40713
1.28239
1.15422
1.02478
0.895801
0.768521
0.643706
0.52168
0.402401
0.285535
0.170537
0.0567127
2.44808
2.30553
2.14772
1.97797
1.80004
1.61766
1.43405
1.25174
1.0725
0.897307
0.726531
0.560003
0.397151
0.237115
0.0788391
3.17645
2.9895
2.78129
2.55692
2.32209
2.08223
1.84192
1.60454
1.37233
1.14642
0.92708
0.713889
0.505926
0.301916
0.100362
3.92968
3.69474
3.43101
3.14632
2.84913
2.5472
2.24674
1.95207
1.66574
1.38887
1.1214
0.862493
0.610709
0.364241
0.121046
4.71748
4.42894
4.10183
3.74831
3.38099
3.01076
2.64575
2.29116
1.9496
1.62179
1.30707
1.0039
0.710127
0.423265
0.140617
5.55294
5.20192
4.79922
4.36425
3.91593
3.46926
3.03446
2.61721
2.21964
1.84151
1.4811
1.13582
0.802574
0.478039
0.158762
6.45428
6.02644
5.52878
4.99348
4.44922
3.91606
3.40581
2.92366
2.47021
2.04343
1.63991
1.25561
0.886245
0.527514
0.175135
7.44871
6.91986
6.29523
5.63107
4.97089
4.33981
3.74921
3.20152
2.69414
2.22205
1.77943
1.36037
0.959217
0.570594
0.189382
8.58263
7.90785
7.10022
6.2638
5.46236
4.72242
4.0495
3.43912
2.8828
2.37118
1.8953
1.44715
1.01959
0.606223
0.201163
9.9504
9.02928
7.9344
6.86207
5.89185
5.03734
4.28689
3.62253
3.02675
2.4845
1.98339
1.51327
1.06572
0.633503
0.210195
11.7735
10.3244
8.74558
7.35885
6.20575
5.24791
4.43796
3.73724
3.11708
2.55661
2.04039
1.55675
1.09644
0.651833
0.216291
14.6467
11.7482
9.36349
7.62144
6.324
5.31029
4.47965
3.77131
3.14767
2.58436
2.06474
1.5768
1.11138
0.661052
0.219406
19.8425
12.6577
9.33886
7.43916
6.15795
5.1892
4.39886
3.72062
3.11786
2.56833
2.05728
1.57423
1.11117
0.661536
0.219667
-0.229132
-0.689864
-1.15812
-1.63933
-2.13961
-2.66625
-3.22839
-3.83822
-4.51318
-5.28023
-6.18528
-7.3155
-8.85839
-11.2731
-15.8131
-0.227274
-0.68396
-1.14714
-1.62138
-2.11163
-2.62344
-3.16322
-3.73851
-4.35828
-5.03292
-5.77253
-6.57703
-7.38854
-7.87004
-6.3682
-0.223917
-0.673512
-1.12842
-1.59223
-2.06859
-2.56114
-3.07333
-3.60783
-4.16514
-4.74027
-5.31446
-5.83353
-6.14781
-5.84344
-3.81229
-0.219321
-0.659338
-1.10345
-1.55428
-2.01421
-2.48513
-2.9679
-3.46122
-3.95945
-4.44799
-4.89442
-5.23231
-5.33642
-5.0157
-4.22761
-0.213758
-0.642281
-1.07376
-1.50994
-1.95213
-2.40083
-2.85507
-3.31115
-3.76033
-4.18458
-4.54945
-4.79362
-4.81939
-4.51244
-3.96163
-0.207484
-0.623134
-1.04075
-1.46135
-1.88543
-2.3126
-2.74092
-3.16584
-3.57838
-3.96205
-4.28792
-4.50684
-4.53288
-4.17838
-2.80976
-0.200724
-0.602585
-1.0056
-1.41025
-1.8165
-2.2235
-2.62908
-3.0291
-3.41639
-3.77935
-4.10024
-4.35408
-4.51024
-4.54834
-4.60974
-0.193664
-0.581195
-0.969263
-1.35796
-1.74696
-2.13527
-2.52103
-2.90117
-3.27125
-3.62564
-3.95875
-4.26909
-4.5693
-4.90191
-5.33027
-0.186451
-0.559399
-0.932428
-1.30538
-1.67778
-2.04873
-2.4168
-2.78016
-3.13696
-3.48657
-3.83277
-4.19101
-4.6056
-5.18872
-6.22691
-0.179194
-0.537516
-0.895592
-1.25311
-1.60953
-1.96407
-2.31575
-2.66363
-3.00758
-3.34976
-3.69817
-4.07362
-4.52463
-5.15925
-6.23634
-0.171973
-0.515772
-0.859098
-1.20153
-1.5425
-1.88131
-2.21722
-2.54976
-2.87932
-3.20851
-3.54458
-3.90361
-4.31591
-4.82227
-5.39868
-0.164845
-0.494331
-0.823181
-1.1509
-1.47688
-1.80046
-2.12095
-2.43785
-2.75122
-3.06235
-3.37486
-3.69645
-4.04165
-4.4364
-4.9426
-0.15785
-0.473305
-0.78801
-1.10141
-1.41286
-1.72167
-2.02707
-2.32828
-2.62456
-2.91509
-3.19865
-3.47275
-3.73277
-3.97292
-4.18593
-0.151016
-0.452775
-0.753706
-1.05321
-1.35062
-1.64518
-1.93601
-2.22205
-2.50178
-2.77253
-3.02882
-3.25871
-3.43747
-3.5281
-3.5894
-0.144361
-0.432796
-0.720354
-1.00641
-1.29028
-1.57119
-1.8482
-2.12013
-2.38513
-2.63986
-2.87717
-3.08005
-3.20317
-3.10349
-2.21916
-0.1379
-0.413402
-0.688007
-0.961082
-1.23194
-1.49983
-1.76385
-2.02292
-2.27552
-2.51916
-2.74926
-2.95667
-3.12342
-3.22363
-3.31686
-0.131636
-0.39461
-0.656687
-0.917242
-1.17561
-1.43108
-1.68287
-1.93015
-2.17203
-2.40773
-2.63694
-2.86144
-3.08969
-3.34847
-3.6971
-0.125571
-0.376421
-0.626391
-0.874873
-1.12123
-1.36481
-1.60495
-1.84104
-2.07277
-2.30068
-2.52775
-2.76349
-3.03462
-3.41075
-4.06531
-0.119702
-0.358824
-0.597095
-0.833932
-1.06873
-1.30088
-1.52977
-1.75489
-1.97608
-2.19412
-2.41238
-2.64085
-2.9065
-3.27951
-3.95052
-0.114023
-0.341799
-0.568764
-0.794364
-1.01802
-1.23915
-1.45714
-1.67141
-1.8815
-2.08732
-2.2898
-2.4923
-2.70367
-2.9412
-3.20471
-0.108524
-0.32532
-0.541353
-0.756102
-0.969025
-1.17955
-1.38703
-1.59076
-1.7898
-1.98275
-2.16708
-2.33749
-2.48255
-2.58473
-2.69249
-0.103196
-0.309354
-0.514806
-0.719071
-0.921648
-1.12199
-1.31948
-1.51332
-1.70226
-1.88408
-2.05393
-2.2002
-2.29109
-2.22427
-1.59434
-0.098025
-0.293862
-0.489058
-0.683179
-0.875777
-1.06637
-1.25442
-1.43921
-1.61962
-1.79362
-1.95707
-2.10129
-2.20903
-2.25476
-2.27304
-0.0929971
-0.2788
-0.464032
-0.648311
-0.831256
-1.01248
-1.19158
-1.36808
-1.54136
-1.7104
-1.87346
-2.02767
-2.16993
-2.30423
-2.47149
-0.0880971
-0.264123
-0.439645
-0.614338
-0.787891
-0.96002
-1.13049
-1.29915
-1.46598
-1.63126
-1.7959
-1.96227
-2.13626
-2.33072
-2.56877
-0.0833099
-0.249781
-0.415813
-0.581128
-0.745478
-0.908671
-1.07062
-1.23144
-1.39163
-1.55251
-1.71704
-1.89152
-2.08828
-2.32686
-2.61663
-0.0786214
-0.235734
-0.392459
-0.548561
-0.703836
-0.858149
-1.0115
-1.16412
-1.31676
-1.47116
-1.6312
-1.80523
-2.01118
-2.28736
-2.71745
-0.0740198
-0.221943
-0.369521
-0.516543
-0.662829
-0.808262
-0.952835
-1.09675
-1.24061
-1.38584
-1.53557
-1.69671
-1.88524
-2.1409
-2.57939
-0.0694957
-0.208381
-0.346952
-0.485012
-0.622387
-0.75894
-0.894596
-1.02938
-1.16348
-1.29735
-1.43194
-1.56913
-1.71261
-1.86739
-2.01658
-0.0650419
-0.195028
-0.324721
-0.453935
-0.582488
-0.71021
-0.83693
-0.96245
-1.08646
-1.2083
-1.32643
-1.43715
-1.53207
-1.59769
-1.65929
-0.0606532
-0.181868
-0.30281
-0.423296
-0.543142
-0.662147
-0.780068
-0.89654
-1.0109
-1.12178
-1.22603
-1.31608
-1.37184
-1.33072
-0.950494
-0.056325
-0.16889
-0.281201
-0.393083
-0.504356
-0.614812
-0.724184
-0.832066
-0.937741
-1.03981
-1.13543
-1.21881
-1.27881
-1.2992
-1.29775
-0.052053
-0.156081
-0.259876
-0.363277
-0.466117
-0.568205
-0.669308
-0.769097
-0.867051
-0.962286
-1.05329
-1.13774
-1.21325
-1.2828
-1.37718
-0.0478324
-0.143427
-0.238812
-0.333844
-0.428378
-0.52226
-0.615322
-0.707378
-0.798221
-0.887658
-0.97566
-1.06285
-1.15178
-1.24912
-1.36566
-0.0436582
-0.130913
-0.217982
-0.304743
-0.391074
-0.476863
-0.562013
-0.646479
-0.730343
-0.813994
-0.898549
-0.986729
-1.08442
-1.20208
-1.35018
-0.0395249
-0.118521
-0.197356
-0.275925
-0.35413
-0.431889
-0.509157
-0.585977
-0.662589
-0.739674
-0.818884
-0.903972
-1.00317
-1.13385
-1.33113
-0.035427
-0.106235
-0.176905
-0.247347
-0.31748
-0.387239
-0.456593
-0.525599
-0.594484
-0.663852
-0.735104
-0.811393
-0.900003
-1.01936
-1.22649
-0.0313595
-0.0940394
-0.156602
-0.218972
-0.281076
-0.342851
-0.404254
-0.465284
-0.526023
-0.586697
-0.647795
-0.710234
-0.775461
-0.84387
-0.89774
-0.0273175
-0.0819203
-0.136426
-0.190771
-0.244886
-0.298705
-0.352156
-0.405155
-0.457586
-0.509223
-0.559527
-0.607119
-0.648681
-0.678453
-0.706137
-0.0232962
-0.0698637
-0.116355
-0.162717
-0.20889
-0.254801
-0.300355
-0.345403
-0.389682
-0.432652
-0.473116
-0.508173
-0.530061
-0.514465
-0.367381
-0.0192908
-0.0578553
-0.0963671
-0.134786
-0.173063
-0.211132
-0.248891
-0.286171
-0.322668
-0.357801
-0.390435
-0.418355
-0.437446
-0.441768
-0.43672
-0.015296
-0.0458795
-0.0764365
-0.106944
-0.13737
-0.167665
-0.197745
-0.227468
-0.256585
-0.284664
-0.311004
-0.334652
-0.355063
-0.37556
-0.418103
-0.0113057
-0.0339183
-0.0565338
-0.0791501
-0.101758
-0.124335
-0.146834
-0.169173
-0.191208
-0.212715
-0.23342
-0.25318
-0.272598
-0.294023
-0.318716
-0.00731324
-0.0219515
-0.0366246
-0.0513538
-0.066157
-0.081046
-0.0960231
-0.111077
-0.126182
-0.141306
-0.156469
-0.171929
-0.188717
-0.210194
-0.248843
-0.00331147
-0.00995705
-0.0166708
-0.0234985
-0.030487
-0.0376851
-0.0451463
-0.0529338
-0.0611298
-0.0698535
-0.0792918
-0.0897388
-0.101559
-0.114419
-0.121127
0.000707134
0.00208794
0.00336752
0.00447579
0.00533772
0.00586896
0.00596838
0.00550556
0.00430245
0.00211152
-0.00139503
-0.00657701
-0.013659
-0.0228941
-0.0409445
0.00475003
0.0142063
0.0235299
0.0326281
0.0414007
0.0497329
0.0574844
0.0644707
0.0704341
0.0750063
0.0776841
0.0779206
0.0757574
0.0747738
0.0951915
0.00882436
0.0264197
0.0438535
0.0610133
0.0777777
0.0940095
0.109542
0.124157
0.137545
0.149233
0.158477
0.164101
0.164375
0.1576
0.147571
0.0129367
0.0387481
0.0643721
0.0896793
0.114533
0.138781
0.162247
0.184708
0.205848
0.225172
0.241802
0.25401
0.257908
0.242705
0.167798
0.0170931
0.0512094
0.0851151
0.118667
0.151715
0.184103
0.215659
0.246185
0.275425
0.302998
0.328216
0.349703
0.364728
0.369288
0.36907
0.0212988
0.0638194
0.106108
0.148009
0.189364
0.230012
0.269796
0.308564
0.346172
0.382473
0.417238
0.4499
0.478835
0.499206
0.492889
0.0255588
0.0765928
0.127375
0.177737
0.227509
0.276528
0.324646
0.371756
0.417838
0.463031
0.507738
0.552699
0.598912
0.647677
0.706995
0.0298778
0.0895432
0.148938
0.207879
0.266185
0.323678
0.380205
0.435672
0.490131
0.543941
0.598081
0.654645
0.717238
0.788844
0.851152
0.0342599
0.102684
0.170819
0.238468
0.30543
0.371505
0.436506
0.500297
0.562884
0.624635
0.686759
0.752422
0.829325
0.936491
1.12766
0.0387094
0.116027
0.19304
0.269538
0.345298
0.420086
0.493655
0.565764
0.636229
0.705082
0.772996
0.842409
0.920418
1.02583
1.20321
0.0432296
0.129584
0.215623
0.301123
0.385845
0.469518
0.551825
0.632381
0.710702
0.786194
0.858208
0.926441
0.992506
1.0652
1.17316
0.0478228
0.143363
0.238582
0.333254
0.427125
0.519903
0.611216
0.700555
0.78715
0.869734
0.946063
1.01199
1.06001
1.0801
1.0915
0.0524898
0.157365
0.261924
0.365942
0.469169
0.57131
0.671983
0.770639
0.86639
0.957628
1.04116
1.10999
1.14693
1.10107
0.777734
0.0572295
0.171588
0.285644
0.399182
0.511971
0.62374
0.734155
0.842746
0.948769
1.05089
1.14647
1.23014
1.29136
1.31475
1.31963
0.0620391
0.186023
0.309724
0.432945
0.555482
0.677114
0.797595
0.916638
1.03386
1.14869
1.26007
1.3659
1.46208
1.54128
1.58542
0.0669141
0.200656
0.334137
0.467184
0.599623
0.731287
0.862036
0.991793
1.12063
1.2489
1.37753
1.50836
1.64461
1.79219
1.97149
0.0718492
0.215469
0.358853
0.501847
0.644303
0.786096
0.927165
1.06759
1.20778
1.34888
1.49349
1.64705
1.81929
2.02108
2.22473
0.0768387
0.230445
0.383839
0.536882
0.689441
0.841409
0.992739
1.14354
1.29431
1.44641
1.60323
1.77278
1.97345
2.24871
2.71374
0.0818773
0.245568
0.409068
0.57225
0.734987
0.897161
1.05868
1.21952
1.37991
1.54065
1.70415
1.87689
2.07581
2.34457
2.79317
0.0869596
0.260823
0.434517
0.607925
0.780922
0.953365
1.12508
1.29581
1.46525
1.63298
1.79866
1.96283
2.12969
2.31555
2.56193
0.0920803
0.276193
0.46016
0.64388
0.827236
1.01007
1.19214
1.373
1.55178
1.72672
1.89422
2.04689
2.17037
2.2445
2.30945
0.0972335
0.291661
0.485971
0.680083
0.873904
1.0673
1.26004
1.45162
1.64096
1.82562
2.00007
2.15122
2.24531
2.17984
1.55904
0.102413
0.307208
0.511915
0.71648
0.920856
1.12498
1.32873
1.53179
1.73338
1.9316
2.1221
2.29514
2.43106
2.50081
2.54284
0.107612
0.322813
0.53795
0.753001
0.967972
1.18291
1.39788
1.61296
1.82811
2.04294
2.25622
2.46484
2.66274
2.84103
2.98508
0.112826
0.338458
0.564038
0.789565
1.0151
1.24079
1.46694
1.69406
1.92303
2.15535
2.39355
2.64197
2.908
3.20501
3.57078
0.118053
0.354134
0.590152
0.826112
1.0621
1.29834
1.5353
1.77385
2.01561
2.26365
2.52375
2.80684
3.13174
3.52121
3.94107
0.123296
0.369848
0.616296
0.862624
1.10891
1.35538
1.60254
1.85139
2.10381
2.36352
2.63797
2.94263
3.3106
3.81625
4.64782
0.128563
0.385626
0.642512
0.899151
1.15556
1.41191
1.66858
1.9264
2.18692
2.45313
2.73117
3.03441
3.3938
3.88494
4.70093
0.133872
0.401519
0.668884
0.935818
1.20224
1.46818
1.7338
1.99952
2.26602
2.53447
2.80683
3.08716
3.38545
3.72797
4.16333
0.139246
0.417599
0.695539
0.972819
1.24923
1.52463
1.79892
2.07205
2.34374
2.61304
2.87691
3.12738
3.34632
3.50647
3.67532
0.144714
0.433954
0.722636
1.0104
1.2969
1.58181
1.86482
2.14552
2.42308
2.69531
2.95623
3.18945
3.34795
3.27888
2.374
0.150307
0.450685
0.750353
1.04883
1.34563
1.64027
1.93228
2.22114
2.50607
2.78538
3.05473
3.30335
3.50753
3.63165
3.74146
0.156059
0.467896
0.778876
1.0884
1.39583
1.70052
2.00188
2.29943
2.59291
2.88229
3.16753
3.44803
3.72262
3.99428
4.28352
0.162002
0.485687
0.808388
1.12938
1.44788
1.76304
2.07407
2.38048
2.68253
2.98201
3.28353
3.59673
3.93964
4.3446
4.87761
0.168163
0.504145
0.839058
1.17207
1.50221
1.82837
2.1494
2.4645
2.77388
3.08021
3.39133
3.72471
4.11345
4.60586
5.2072
0.174557
0.523329
0.871018
1.21672
1.55926
1.89719
2.2288
2.55243
2.86725
3.175
3.48356
3.81413
4.21514
4.79135
5.77744
0.181182
0.543245
0.904327
1.26351
1.61947
1.97035
2.31367
2.6464
2.96546
3.26912
3.5604
3.85451
4.19504
4.69203
5.63312
0.188009
0.563823
0.938922
1.31248
1.68314
2.04869
2.40582
2.74978
3.07426
3.37172
3.63515
3.86252
4.06614
4.28415
4.54252
0.194971
0.584875
0.974547
1.36343
1.75028
2.13281
2.50704
2.86662
3.20171
3.49784
3.73481
3.88691
3.9271
3.84807
3.7941
0.201951
0.606062
1.01068
1.41572
1.82037
2.2226
2.61836
3.00037
3.35613
3.66492
3.89328
3.98888
3.87068
3.39444
2.13151
0.208778
0.626872
1.04648
1.46822
1.89207
2.3168
2.73914
3.15225
3.54308
3.88774
4.14381
4.23919
4.0627
3.48695
2.5522
0.215221
0.646604
1.08074
1.5192
1.96308
2.41259
2.86625
3.31953
3.762
4.17196
4.50578
4.67816
4.5318
3.8286
2.49809
0.221001
0.664395
1.11195
1.56634
2.03011
2.5054
2.99355
3.49423
4.00341
4.50892
4.97968
5.3383
5.38734
4.60566
1.61914
0.225804
0.679269
1.13835
1.60691
2.08906
2.58918
3.11207
3.66295
4.24729
4.86989
5.53125
6.21323
6.81948
6.91369
4.51623
0.229307
0.690212
1.1581
1.63797
2.13543
2.65706
3.21107
3.80837
4.46455
5.20387
6.06832
7.14039
8.60674
10.9522
15.6222
15.1803
10.4539
8.15839
6.75601
5.74174
4.92668
4.22957
3.61007
3.04535
2.5209
2.02661
1.55485
1.0995
0.655357
0.217739
3.70759
6.30108
6.33457
5.81893
5.20396
4.59475
4.0148
3.46686
2.94811
2.45435
1.9812
1.52446
1.08019
0.644662
0.214316
0.636214
3.92583
4.89185
4.95061
4.66196
4.24232
3.77769
3.30328
2.83344
2.3734
1.92431
1.48535
1.05475
0.630337
0.209691
1.2172
3.16404
4.07895
4.32334
4.21072
3.92096
3.54725
3.13645
2.71186
2.28478
1.86032
1.44035
1.02497
0.613363
0.204177
2.13667
3.11869
3.73146
3.9438
3.88229
3.65776
3.34246
2.97912
2.59194
2.19426
1.79314
1.39209
0.992531
0.594677
0.198075
2.67912
3.32957
3.66182
3.75426
3.66688
3.45743
3.17092
2.83825
2.47924
2.10603
1.72584
1.34274
0.958856
0.575091
0.191648
3.82818
3.76119
3.75851
3.68943
3.53607
3.31049
3.03133
2.7156
2.3763
2.02257
1.66049
1.29388
0.92505
0.555253
0.18511
4.42039
4.14792
3.90112
3.68298
3.45526
3.20059
2.91704
2.60922
2.2833
1.94484
1.5982
1.24651
0.891871
0.535628
0.178617
5.42094
4.51659
4.02362
3.68303
3.393
3.11063
2.8195
2.51533
2.19892
1.87271
1.53936
1.20113
0.859765
0.516511
0.172272
5.54362
4.59935
4.04014
3.64782
3.32529
3.02661
2.7309
2.42987
2.12126
1.80547
1.48385
1.15789
0.828929
0.498055
0.16613
4.98658
4.41452
3.94061
3.56399
3.24087
2.94041
2.64591
2.34958
2.04851
1.74221
1.43128
1.11668
0.799388
0.480308
0.160212
4.66797
4.16134
3.77335
3.44289
3.14058
2.84997
2.56211
2.27251
1.97931
1.68211
1.38122
1.07729
0.771059
0.463246
0.154516
4.09988
3.82561
3.566
3.30213
3.03204
2.75752
2.47942
2.19787
1.91284
1.6245
1.33321
1.03945
0.743798
0.446805
0.149022
3.58198
3.47956
3.3615
3.16556
2.92648
2.66745
2.39906
2.12557
1.84861
1.5689
1.28686
1.0029
0.717438
0.430894
0.143703
2.27568
3.14427
3.21098
3.05885
2.83467
2.5838
2.32217
2.05561
1.78624
1.51485
1.2418
0.967365
0.691802
0.415416
0.138528
3.52678
3.36574
3.21234
3.00208
2.76129
2.50755
2.24864
1.98754
1.72521
1.46191
1.19768
0.932573
0.666713
0.400272
0.133466
3.99818
3.58181
3.25311
2.96644
2.69684
2.43482
2.17658
1.92027
1.66482
1.40957
1.15412
0.898275
0.642007
0.385368
0.128485
4.52191
3.73692
3.26461
2.91888
2.62705
2.35939
2.10311
1.85236
1.60426
1.35733
1.11079
0.864249
0.617537
0.370623
0.123559
4.4746
3.67481
3.18813
2.83384
2.5404
2.27599
2.02576
1.78255
1.54283
1.30478
1.06743
0.830316
0.593189
0.355971
0.118668
3.80082
3.39518
3.01966
2.70647
2.43354
2.1827
1.94348
1.71029
1.48022
1.2517
1.0239
0.796368
0.568887
0.341367
0.113796
3.44775
3.09459
2.80785
2.55108
2.31129
2.08131
1.85697
1.63583
1.41649
1.19809
0.980147
0.762365
0.544599
0.326791
0.108937
2.88859
2.74781
2.5752
2.38387
2.18218
1.97595
1.76819
1.5601
1.35208
1.14415
0.93626
0.728332
0.520328
0.312239
0.104087
2.46389
2.4231
2.3555
2.22382
2.05618
1.87164
1.6796
1.4843
1.28757
1.09016
0.892379
0.694338
0.496103
0.297723
0.0992515
1.51436
2.11698
2.18026
2.08871
1.94188
1.7725
1.59325
1.40947
1.22351
1.03642
0.848658
0.660465
0.47197
0.283265
0.0944356
2.24962
2.18538
2.11253
1.99196
1.84322
1.6802
1.51002
1.33614
1.16023
0.983115
0.805224
0.626792
0.447973
0.268889
0.0896471
2.49969
2.25975
2.07792
1.91476
1.75447
1.59286
1.42935
1.26419
1.09776
0.930339
0.762153
0.593377
0.424154
0.254618
0.0848933
2.73387
2.29375
2.03034
1.83556
1.6666
1.50682
1.3498
1.19313
1.03596
0.878081
0.719484
0.560264
0.400548
0.240473
0.0801817
2.66061
2.20504
1.9351
1.73841
1.57237
1.41886
1.26999
1.12239
0.974657
0.826312
0.677239
0.52749
0.377186
0.226476
0.0755194
2.1889
1.98742
1.78899
1.61997
1.46942
1.32766
1.18931
1.05172
0.91377
0.775041
0.635457
0.495096
0.354102
0.212647
0.0709135
1.94455
1.76768
1.62246
1.48869
1.36036
1.23411
1.10807
0.981302
0.853419
0.724358
0.59421
0.463138
0.331336
0.199011
0.0663719
1.57109
1.52598
1.44798
1.35365
1.24984
1.14041
1.02735
0.91165
0.79388
0.674427
0.553603
0.431684
0.308932
0.185592
0.0619025
1.31155
1.30713
1.28484
1.2252
1.14324
1.04924
0.948453
0.843432
0.735509
0.625447
0.513753
0.400809
0.286935
0.172414
0.0575134
0.777169
1.10071
1.14765
1.11225
1.04499
0.962798
0.872495
0.777231
0.678622
0.577599
0.47477
0.370579
0.265386
0.159502
0.0532117
1.09752
1.08637
1.06766
1.02142
0.957137
0.881989
0.799985
0.713353
0.623411
0.531007
0.436734
0.341047
0.244317
0.146871
0.049003
1.18362
1.07731
1.00679
0.943124
0.876836
0.80595
0.730692
0.651776
0.569913
0.485715
0.399683
0.31224
0.223748
0.134532
0.0448908
1.22112
1.04341
0.941173
0.866664
0.799741
0.732955
0.663947
0.592248
0.518042
0.441699
0.363615
0.284163
0.203684
0.122491
0.0408765
1.14612
0.957126
0.856315
0.784949
0.722563
0.661515
0.599076
0.534467
0.467659
0.398896
0.328501
0.256803
0.184118
0.110742
0.0369591
0.86225
0.809626
0.751027
0.697011
0.644471
0.591051
0.535721
0.478218
0.418638
0.357232
0.294296
0.230132
0.165034
0.0992793
0.033136
0.690465
0.666296
0.642576
0.608062
0.567008
0.521926
0.473885
0.423418
0.370894
0.316636
0.260948
0.204115
0.146409
0.0880881
0.029403
0.372407
0.522672
0.54164
0.52367
0.492359
0.454869
0.413744
0.370053
0.32436
0.277042
0.228402
0.178709
0.128214
0.0771523
0.0257546
0.467244
0.470248
0.466374
0.448558
0.42202
0.390351
0.355395
0.318089
0.278963
0.238372
0.196593
0.153867
0.110416
0.0664527
0.0221846
0.464881
0.422623
0.40081
0.37952
0.355264
0.328134
0.298691
0.267398
0.234593
0.200536
0.16545
0.129533
0.0929776
0.0559675
0.0186859
0.393469
0.360823
0.334906
0.312558
0.290524
0.26754
0.243285
0.217768
0.1911
0.163425
0.134891
0.105651
0.0758596
0.0456739
0.015251
0.340462
0.294377
0.266548
0.245397
0.226464
0.207848
0.18877
0.168948
0.148319
0.126919
0.10483
0.0821574
0.0590209
0.0355482
0.0118721
0.241575
0.215284
0.193577
0.176715
0.162207
0.148497
0.134787
0.120701
0.106085
0.0909026
0.0751838
0.0589939
0.0424211
0.0255671
0.00854154
0.167645
0.133038
0.117268
0.106419
0.0974195
0.0891658
0.0810807
0.072835
0.0642552
0.0552702
0.0458744
0.0361042
0.0260225
0.0157087
0.00525223
0.0217655
0.0377403
0.0375689
0.0348609
0.032138
0.0297379
0.0275023
0.0252152
0.0227203
0.019935
0.0168355
0.0134392
0.00979114
0.00595312
0.00199758
-0.0546156
-0.0463137
-0.0403422
-0.0366631
-0.0333426
-0.0297832
-0.0260238
-0.0222458
-0.0185992
-0.0151693
-0.0119864
-0.00904178
-0.00630177
-0.00371683
-0.00122813
-0.162256
-0.12872
-0.116634
-0.107914
-0.0989623
-0.089421
-0.0795454
-0.0696004
-0.0597539
-0.0500889
-0.040631
-0.0313712
-0.02228
-0.0133157
-0.0044298
-0.19889
-0.196201
-0.190562
-0.179303
-0.164964
-0.149267
-0.133097
-0.116871
-0.100768
-0.0848505
-0.0691256
-0.0535735
-0.0381628
-0.0228557
-0.00761158
-0.193981
-0.265704
-0.268363
-0.252807
-0.231881
-0.209416
-0.186667
-0.164038
-0.141637
-0.119464
-0.097487
-0.0756671
-0.0539658
-0.0323471
-0.0107771
-0.408663
-0.38314
-0.358785
-0.330016
-0.299836
-0.269737
-0.240132
-0.21103
-0.182331
-0.153925
-0.125726
-0.0976671
-0.0697033
-0.0417998
-0.0139297
-0.536332
-0.499733
-0.452242
-0.40818
-0.367705
-0.329686
-0.293224
-0.257723
-0.222802
-0.188227
-0.153851
-0.119589
-0.08539
-0.0512238
-0.0170731
-0.761992
-0.623852
-0.543283
-0.483824
-0.433835
-0.388524
-0.345625
-0.303991
-0.263016
-0.222372
-0.181883
-0.141455
-0.101045
-0.0606313
-0.0202115
-0.838674
-0.707951
-0.619629
-0.552861
-0.496682
-0.445655
-0.397122
-0.34978
-0.302978
-0.25639
-0.209854
-0.163296
-0.116691
-0.0700372
-0.0233498
-0.867729
-0.762561
-0.680969
-0.614511
-0.555914
-0.501021
-0.447767
-0.39517
-0.34277
-0.290351
-0.237823
-0.185156
-0.13236
-0.07946
-0.0264943
-0.885042
-0.800754
-0.73176
-0.670667
-0.612533
-0.555216
-0.497928
-0.4404
-0.382551
-0.324367
-0.265868
-0.207091
-0.14809
-0.0889216
-0.029652
-0.900159
-0.82828
-0.777019
-0.724729
-0.66854
-0.609353
-0.548225
-0.485828
-0.42254
-0.358579
-0.294084
-0.229166
-0.163922
-0.0984464
-0.032831
-0.849757
-0.841438
-0.822947
-0.781461
-0.726581
-0.664798
-0.59937
-0.531846
-0.462971
-0.393136
-0.322574
-0.25145
-0.179903
-0.10806
-0.0360397
-0.619698
-0.861618
-0.884795
-0.847457
-0.789364
-0.722727
-0.651936
-0.578771
-0.504042
-0.428173
-0.351429
-0.274008
-0.196077
-0.117788
-0.0392862
-1.0823
-1.03365
-0.988613
-0.927824
-0.85803
-0.783494
-0.706111
-0.626749
-0.545873
-0.463788
-0.380729
-0.2969
-0.212484
-0.127654
-0.0425787
-1.30883
-1.20312
-1.10331
-1.0144
-0.929932
-0.846187
-0.761621
-0.675743
-0.588511
-0.500049
-0.410539
-0.320178
-0.229162
-0.137681
-0.0459246
-1.65353
-1.36843
-1.21038
-1.09783
-1.00127
-0.909399
-0.817997
-0.725641
-0.631968
-0.537004
-0.44091
-0.343887
-0.246145
-0.147891
-0.049331
-1.72065
-1.44544
-1.28577
-1.17011
-1.0693
-0.972226
-0.874992
-0.776414
-0.676283
-0.574708
-0.471895
-0.368071
-0.263464
-0.158301
-0.0528042
-1.59655
-1.44213
-1.33053
-1.232
-1.13465
-1.0351
-0.932871
-0.828225
-0.721561
-0.613234
-0.503548
-0.392771
-0.281151
-0.168931
-0.0563507
-1.44742
-1.40899
-1.36614
-1.29302
-1.20144
-1.09978
-0.992376
-0.881395
-0.767952
-0.652665
-0.535924
-0.418026
-0.299234
-0.179799
-0.0599764
-0.985626
-1.37884
-1.42268
-1.36678
-1.27514
-1.16837
-1.05431
-0.936226
-0.815579
-0.693062
-0.569066
-0.443873
-0.31774
-0.190922
-0.0636875
-1.61963
-1.59123
-1.5484
-1.46529
-1.35926
-1.24195
-1.11897
-0.992789
-0.864458
-0.734441
-0.602998
-0.470341
-0.336697
-0.20232
-0.0674911
-1.90544
-1.81353
-1.70198
-1.57964
-1.45112
-1.31938
-1.18579
-1.05079
-0.914456
-0.776763
-0.63773
-0.49746
-0.356138
-0.214016
-0.0713953
-2.28412
-2.04935
-1.86295
-1.69819
-1.5451
-1.398
-1.2535
-1.10966
-0.965344
-0.819965
-0.673277
-0.525273
-0.376107
-0.226042
-0.0754118
-2.51821
-2.25146
-2.00877
-1.80854
-1.63482
-1.4747
-1.32069
-1.16879
-1.01691
-0.864021
-0.709691
-0.553855
-0.396672
-0.238443
-0.0795562
-2.95503
-2.43669
-2.12497
-1.90038
-1.71497
-1.54705
-1.38634
-1.22784
-1.06912
-0.909018
-0.747099
-0.58333
-0.417933
-0.251284
-0.0838504
-2.9821
-2.47827
-2.18052
-1.96488
-1.78286
-1.6143
-1.45036
-1.28698
-1.12222
-0.955218
-0.785738
-0.613893
-0.440033
-0.26465
-0.0883234
-2.62692
-2.37657
-2.17889
-2.00591
-1.84125
-1.67821
-1.51392
-1.34701
-1.1768
-1.00308
-0.825961
-0.645809
-0.463157
-0.278652
-0.0930115
-2.31691
-2.23812
-2.15995
-2.04104
-1.89838
-1.74286
-1.57921
-1.40924
-1.23375
-1.05323
-0.868234
-0.679414
-0.487531
-0.29342
-0.0979579
-1.50238
-2.0991
-2.16913
-2.09254
-1.96427
-1.81304
-1.64878
-1.47524
-1.29411
-1.10643
-0.9131
-0.715095
-0.513417
-0.309105
-0.103211
-2.35998
-2.32565
-2.27997
-2.17981
-2.04594
-1.89213
-1.72468
-1.54644
-1.35896
-1.16346
-0.961152
-0.753274
-0.541093
-0.325865
-0.108823
-2.70098
-2.55992
-2.42845
-2.29035
-2.14129
-1.98053
-1.80797
-1.62395
-1.42928
-1.22515
-1.01301
-0.794389
-0.570846
-0.34386
-0.114844
-3.07307
-2.78731
-2.58133
-2.40837
-2.24461
-2.07696
-1.89909
-1.70877
-1.50609
-1.29233
-1.06928
-0.838867
-0.602947
-0.363239
-0.121322
-3.27614
-2.95907
-2.71109
-2.51984
-2.35045
-2.18034
-1.99874
-1.80207
-1.5905
-1.36587
-1.1306
-0.88711
-0.637637
-0.384126
-0.128295
-3.61392
-3.08261
-2.80125
-2.61596
-2.4566
-2.29155
-2.10874
-1.90562
-1.68388
-1.44671
-1.19753
-0.939448
-0.675084
-0.406597
-0.135783
-3.5114
-3.03228
-2.82448
-2.69391
-2.56651
-2.41496
-2.23273
-2.022
-1.78786
-1.53578
-1.27056
-0.996077
-0.715346
-0.430653
-0.143783
-2.78992
-2.79326
-2.79388
-2.76946
-2.69299
-2.55954
-2.37643
-2.15454
-1.90421
-1.63387
-1.34992
-1.05697
-0.758303
-0.456188
-0.152253
-2.32152
-2.55588
-2.78042
-2.88098
-2.85879
-2.73848
-2.547
-2.30676
-2.03435
-1.74131
-1.43542
-1.12176
-0.803594
-0.482952
-0.161104
-1.29523
-2.3251
-2.85283
-3.07759
-3.09244
-2.96668
-2.75137
-2.48129
-2.17874
-1.85759
-1.52622
-1.1896
-0.850542
-0.510516
-0.170191
-1.35254
-2.44279
-3.13536
-3.41985
-3.42334
-3.25679
-2.99371
-2.67834
-2.33602
-1.98087
-1.62057
-1.25905
-0.8981
-0.53825
-0.179304
-1.23192
-2.83638
-3.70095
-3.95723
-3.87194
-3.61356
-3.27222
-2.89407
-2.50215
-2.10767
-1.71568
-1.32802
-0.944835
-0.565319
-0.18817
-0.408738
-3.74357
-4.68859
-4.73194
-4.44046
-4.02756
-3.57611
-3.11927
-2.67002
-2.23267
-1.80769
-1.39381
-0.988959
-0.590706
-0.196457
-3.61868
-6.31017
-6.30212
-5.73927
-5.09314
-4.46805
-3.88356
-3.33912
-2.82956
-2.349
-1.89192
-1.45325
-1.02844
-0.613273
-0.203799
-15.7668
-10.7508
-8.30077
-6.80425
-5.73098
-4.88013
-4.16308
-3.53468
-2.96889
-2.44898
-1.96327
-1.503
-1.06116
-0.631848
-0.20982
0.231194
0.696269
1.16957
1.6571
2.16579
2.70409
3.28302
3.91798
4.63204
5.46266
6.47677
7.80797
9.75904
13.1185
20.3088
0.230749
0.695232
1.16885
1.65832
2.17143
2.71773
3.30968
3.96441
4.70683
5.57504
6.63003
7.97218
9.76164
12.196
15.1578
0.227306
0.685017
1.15221
1.63581
2.14377
2.68563
3.27347
3.92306
4.65566
5.50024
6.49559
7.68901
9.11924
10.7457
12.2514
0.220744
0.665277
1.11909
1.58887
2.0821
2.60747
3.17543
3.79861
4.49234
5.2743
6.16256
7.16869
8.27938
9.41525
10.3804
0.211124
0.636216
1.06994
1.51839
1.98819
2.48667
3.02208
3.60354
4.24058
4.94177
5.71161
6.54443
7.41371
8.25535
8.96437
0.198648
0.598484
1.006
1.4265
1.86552
2.32889
2.82266
3.35278
3.92433
4.53997
5.19717
5.88434
6.57611
7.2285
7.78419
0.183614
0.553028
0.929015
1.316
1.71842
2.14067
2.5869
3.0606
3.56382
4.09591
4.6516
5.2188
5.77707
6.29724
6.74625
0.16638
0.500955
0.840963
1.18997
1.5514
1.92843
2.32371
2.739
3.17454
3.62811
4.09391
4.56145
5.01534
5.43617
5.80382
0.147315
0.443406
0.743847
1.05142
1.36869
1.69785
2.04049
2.39726
2.76744
3.14828
3.53448
3.91764
4.28652
4.62807
4.92955
0.126777
0.38147
0.639538
0.903087
1.17398
1.45368
1.74305
2.04213
2.34977
2.66331
2.97828
3.28827
3.58521
3.86025
4.1051
0.105091
0.316129
0.529698
0.74734
0.970364
1.19971
1.43581
1.67836
1.92619
2.17698
2.42719
2.67208
2.90596
3.12283
3.31721
0.0825405
0.248237
0.415748
0.586156
0.760346
0.9389
1.12198
1.30922
1.49955
1.69115
1.8814
2.0669
2.24374
2.40791
2.55583
0.0593684
0.178516
0.298872
0.421148
0.545904
0.673481
0.803915
0.936862
1.07153
1.2066
1.34028
1.47029
1.59412
1.70919
1.81326
0.03578
0.107575
0.180058
0.253631
0.328605
0.405152
0.483267
0.562717
0.643009
0.723365
0.802725
0.879799
0.953159
1.02138
1.08323
-32273.8
-32221.5
-32169.2
-32117
-32065
-32013.3
-31961.8
-31910.6
-31859.8
-31809.5
-31759.7
-31710.3
-31661.6
-31613.6
-31566.2
26.9531
-7.60777
37.6982
4.15988
37.7779
11.2902
-15.1062
19.0966
-14.1696
37.3867
4.29171
37.1992
9.49073
34.8715
13.8382
-6.67472
18.8318
-6.04332
30.9203
7.20631
29.388
11.7877
-4.98898
14.3843
-5.34658
16.2699
-5.00137
25.4697
5.80029
23.375
8.95923
-4.71232
10.4157
-5.57659
11.3415
-5.97313
18.3233
2.12133
16.2985
4.13717
-7.60447
4.93055
-9.24314
5.59085
-10.4393
12.4433
-3.41725
11.0048
-2.66557
8.95051
-2.05619
-13.219
-0.645642
-14.9865
5.6706
-9.03142
4.58816
-7.46065
-19.7294
-6.47609
-22.437
-5.06545
-24.2253
4.20885
-15.382
3.66612
-12.4082
-28.8566
-10.1457
-31.7938
-7.20876
-33.354
6.63125
-20.1212
6.95382
-14.8527
-37.1077
-10.5246
-39.7609
-5.29991
-40.3386
14.5305
-20.8756
16.0922
-12.0732
-40.3538
-3.94903
-39.7561
9.22909
-27.422
15.815
10.8537
17.8009
14.0092
17.815
11.179
4.73285
9.19192
6.65317
16.3606
14.204
19.575
16.1442
18.6509
13.1116
7.76719
10.7167
8.37782
14.8715
12.6513
15.1827
10.6231
5.98994
7.70095
4.98654
8.19463
6.40392
11.7949
9.88596
11.7583
7.90392
3.97764
5.09835
2.69443
5.00265
3.33111
7.4408
5.65854
6.96335
3.54205
0.0473334
0.797205
-1.45391
0.487796
-1.07902
2.84736
1.28889
3.14944
0.926143
1.5243
-1.83179
-5.12405
-4.16687
-5.99652
-2.80512
-4.67606
-3.59681
-7.14937
-10.8221
-10.0789
-12.6092
-10.3017
-12.1335
-7.28018
-9.35937
-7.44078
-11.8803
-16.4978
-15.0399
-18.1023
-14.4491
-16.54
-9.33465
-11.7479
-8.5692
-14.2209
-20.0962
-17.5117
-21.1688
-15.5654
-17.8399
-7.46817
-10.0869
-5.15165
-11.9214
-18.8856
-14.6063
-18.4948
-10.8431
-16.0202
12.6809
12.1665
13.3671
12.9173
12.8875
10.7939
8.86783
9.36347
9.84083
12.4182
13.2756
14.6248
14.247
14.0159
12.1038
10.265
10.2161
10.0793
11.3703
11.2533
11.1878
9.56382
7.83254
7.38961
6.79056
7.3171
7.46697
8.63169
8.52618
8.38785
6.95174
5.3994
4.85611
4.17943
4.39431
4.30999
5.04269
4.75026
4.4338
3.0525
1.58662
0.985078
0.297333
0.436909
0.370956
1.14975
1.07174
1.17512
0.455184
-0.207503
-1.69915
-3.14831
-3.67496
-4.2368
-3.99075
-4.56872
-5.1116
-6.66475
-8.27376
-8.96782
-9.7476
-9.57704
-9.66786
-8.786
-9.09308
-9.39155
-11.0955
-12.8871
-13.4245
-14.081
-13.4172
-13.1125
-11.4491
-11.4265
-11.3758
-13.2667
-15.2659
-15.5106
-15.9111
-14.4862
-13.5511
-10.76
-10.1752
-9.53975
-11.4889
-13.6074
-13.5012
-13.8505
-12.4413
-12.9118
10.8483
11.0078
11.3083
11.219
10.9301
10.1657
9.51389
9.55962
10.0027
10.9508
11.6374
12.1594
12.1368
11.7996
10.9884
10.1838
9.84034
9.72309
9.8949
9.77936
9.43564
8.65743
7.81839
7.30157
6.97233
6.98059
7.06738
7.2964
7.21255
6.88514
6.16585
5.36715
4.805
4.37973
4.21601
4.11173
4.12018
3.87608
3.43719
2.6843
1.88087
1.29675
0.857023
0.681825
0.604496
0.686029
0.593581
0.38662
-0.0978988
-0.745251
-1.62736
-2.50061
-3.13196
-3.63996
-3.98926
-4.51127
-5.17097
-6.09906
-7.04226
-7.73259
-8.25374
-8.47523
-8.60199
-8.5788
-8.83819
-9.31736
-10.1836
-11.0814
-11.6365
-11.9598
-11.8671
-11.6401
-11.1996
-11.1443
-11.3852
-12.1553
-12.961
-13.2839
-13.2807
-12.7004
-11.9336
-10.8737
-10.335
-10.2048
-10.8114
-11.5318
-11.7392
-11.7379
-11.3319
-11.1019
9.39872
9.64627
9.81116
9.80799
9.6579
9.37538
9.15574
9.18383
9.43727
9.86013
10.2364
10.4783
10.48
10.2657
9.86393
9.43863
9.13895
8.95075
8.83341
8.63417
8.30927
7.83875
7.34037
6.94353
6.66824
6.53114
6.46312
6.41179
6.24979
5.94686
5.49446
4.9944
4.55687
4.20356
3.95222
3.75129
3.56144
3.28253
2.89286
2.38898
1.8594
1.40057
1.03587
0.785872
0.609363
0.472928
0.280433
-0.0021032
-0.416416
-0.944864
-1.56826
-2.20117
-2.76655
-3.27159
-3.73905
-4.25553
-4.84389
-5.51162
-6.17491
-6.74102
-7.19141
-7.5099
-7.75208
-7.96471
-8.26688
-8.68578
-9.22644
-9.7691
-10.1824
-10.4377
-10.5103
-10.4752
-10.3956
-10.4356
-10.6323
-10.9928
-11.3512
-11.5266
-11.4812
-11.1831
-10.7383
-10.2366
-9.90667
-9.80886
-9.96982
-10.1945
-10.2774
-10.2079
-9.96871
-9.65657
8.16202
8.40451
8.5567
8.60932
8.57708
8.49526
8.44157
8.48422
8.62862
8.83729
9.02953
9.14361
9.13487
9.00251
8.7739
8.51315
8.27763
8.07699
7.89046
7.67052
7.39314
7.06075
6.71665
6.41094
6.16558
5.98263
5.83527
5.68698
5.49041
5.22423
4.89207
4.53194
4.18774
3.88079
3.61608
3.37512
3.13119
2.84871
2.51321
2.13081
1.73618
1.36891
1.04955
0.784087
0.556496
0.340529
0.096932
-0.201064
-0.570583
-1.0078
-1.49554
-1.99911
-2.48817
-2.95752
-3.41839
-3.89648
-4.40269
-4.93081
-5.44779
-5.91641
-6.31937
-6.65482
-6.94508
-7.22202
-7.52783
-7.87918
-8.26676
-8.64345
-8.95615
-9.17933
-9.30892
-9.37462
-9.41964
-9.50181
-9.64399
-9.83347
-10.0055
-10.0876
-10.046
-9.87733
-9.62514
-9.35258
-9.14437
-9.04057
-9.03666
-9.06161
-9.03485
-8.92178
-8.70984
-8.4117
7.06921
7.29125
7.444
7.53113
7.56591
7.57282
7.58686
7.63627
7.72556
7.83627
7.93337
7.98395
7.96589
7.87606
7.72832
7.54954
7.36427
7.18111
6.9939
6.78788
6.55458
6.29799
6.0361
5.78994
5.57159
5.38146
5.2074
5.0304
4.83004
4.59547
4.32889
4.04552
3.76403
3.49629
3.24492
3.00244
2.75577
2.49064
2.2006
1.88984
1.57319
1.268
0.985376
0.727623
0.486814
0.24791
-0.00816856
-0.296882
-0.627032
-0.997704
-1.39967
-1.81758
-2.23778
-2.65517
-3.07242
-3.49637
-3.92932
-4.36536
-4.78959
-5.18554
-5.54375
-5.86398
-6.15635
-6.43683
-6.7222
-7.01938
-7.3217
-7.60882
-7.85767
-8.05453
-8.19839
-8.30265
-8.38895
-8.48031
-8.58629
-8.69801
-8.78798
-8.82534
-8.79265
-8.6905
-8.54006
-8.37461
-8.23052
-8.12736
-8.06098
-8.00238
-7.91588
-7.77729
-7.57436
-7.3048
6.07812
6.27634
6.42438
6.52681
6.59332
6.63856
6.6796
6.72929
6.79005
6.8532
6.90254
6.92148
6.89862
6.83138
6.72582
6.59367
6.44629
6.28947
6.1229
5.94299
5.74807
5.54145
5.33147
5.12757
4.93566
4.75589
4.58254
4.40632
4.21783
4.01177
3.78888
3.55548
3.31969
3.08742
2.86023
2.63512
2.4063
2.16788
1.91732
1.65692
1.39333
1.13433
0.885176
0.646624
0.414315
0.180012
-0.0662359
-0.332937
-0.624974
-0.942335
-1.28056
-1.63242
-1.99108
-2.35266
-2.71637
-3.08283
-3.45097
-3.81638
-4.17148
-4.50837
-4.82213
-5.1125
-5.38396
-5.64377
-5.89874
-6.15129
-6.3976
-6.62834
-6.83305
-7.00504
-7.14382
-7.25548
-7.34992
-7.43664
-7.5192
-7.59274
-7.6451
-7.66285
-7.63812
-7.57209
-7.47544
-7.36472
-7.25656
-7.16009
-7.07305
-6.98249
-6.87124
-6.7249
-6.53437
-6.29573
5.16045
5.33346
5.47016
5.57395
5.6511
5.71004
5.75959
5.80607
5.85079
5.88973
5.91519
5.9189
5.89494
5.84157
5.76129
5.65943
5.5416
5.41159
5.27081
5.11941
4.9581
4.78946
4.6178
4.44768
4.28199
4.12085
3.96156
3.79967
3.63071
3.45206
3.26384
3.06866
2.87013
2.67107
2.4724
2.27302
2.07051
1.86251
1.64809
1.4285
1.20678
0.986401
0.76967
0.556613
0.344685
0.12933
-0.094828
-0.33248
-0.586413
-0.856876
-1.14175
-1.43741
-1.7401
-2.04697
-2.3563
-2.66677
-2.97645
-3.28213
-3.5795
-3.86439
-4.13407
-4.38809
-4.62823
-4.85751
-5.07858
-5.29204
-5.49573
-5.68514
-5.85538
-6.00314
-6.1281
-6.23287
-6.32178
-6.3987
-6.46485
-6.51771
-6.55179
-6.56125
-6.5428
-6.49748
-6.43078
-6.35083
-6.26544
-6.17882
-6.08976
-5.992
-5.87679
-5.73591
-5.56345
-5.35641
4.29629
4.44325
4.56371
4.65987
4.73551
4.79546
4.84445
4.88579
4.92029
4.94612
4.95958
4.95658
4.93407
4.89095
4.82828
4.7486
4.65489
4.54962
4.43443
4.31048
4.1791
4.04221
3.9023
3.76176
3.62212
3.48351
3.34468
3.20352
3.05787
2.90642
2.74909
2.58695
2.4216
2.25438
2.08585
1.91565
1.74284
1.56654
1.38647
1.2033
1.01841
0.833334
0.648967
0.465061
0.280061
0.0913866
-0.103943
-0.308547
-0.524039
-0.750674
-0.987411
-1.23231
-1.48314
-1.73783
-1.99464
-2.25194
-2.50783
-2.75996
-3.00566
-3.24247
-3.46871
-3.68382
-3.88832
-4.08328
-4.26956
-4.4471
-4.61461
-4.76981
-4.91027
-5.03433
-5.14167
-5.23334
-5.31111
-5.37652
-5.42989
-5.46994
-5.49418
-5.50009
-5.4864
-5.45388
-5.4054
-5.34495
-5.27624
-5.20119
-5.11906
-5.02664
-4.91929
-4.79237
-4.64232
-4.4672
3.47112
3.59155
3.69264
3.7757
3.84294
3.8971
3.94078
3.97582
4.00274
4.02077
4.02814
4.02284
4.00332
3.96896
3.92023
3.85845
3.78529
3.70238
3.61111
3.51272
3.40845
3.29974
3.18812
3.07497
2.96117
2.84688
2.73155
2.61419
2.49377
2.3696
2.2416
2.11018
1.97606
1.83989
1.70198
1.56228
1.42047
1.27623
1.12955
0.980762
0.830501
0.679396
0.527737
0.375209
0.220835
0.0631188
-0.0996248
-0.268878
-0.445574
-0.629902
-0.821311
-1.01869
-1.22063
-1.42566
-1.63234
-1.83921
-2.04471
-2.24714
-2.44472
-2.6359
-2.81951
-2.99501
-3.16233
-3.32172
-3.4733
-3.61681
-3.75142
-3.87591
-3.98902
-4.08983
-4.17806
-4.25406
-4.3185
-4.37193
-4.41437
-4.44517
-4.46321
-4.46741
-4.45735
-4.43355
-4.39751
-4.3512
-4.2964
-4.23395
-4.16335
-4.08289
-3.99003
-3.88219
-3.7573
-3.61423
2.67413
2.7678
2.84764
2.91439
2.9693
3.01391
3.04967
3.07762
3.09812
3.11088
3.11506
3.1097
3.09404
3.06775
3.0311
2.9848
2.92983
2.86728
2.79818
2.72352
2.64431
2.56155
2.47624
2.38922
2.30103
2.21184
2.12143
2.02936
1.93513
1.8384
1.73909
1.63737
1.53356
1.42796
1.32078
1.21203
1.10163
0.989519
0.875715
0.7604
0.643851
0.526304
0.407796
0.288052
0.166452
0.0421196
-0.0859069
-0.218469
-0.3561
-0.498917
-0.646605
-0.798491
-0.953671
-1.11112
-1.26975
-1.42845
-1.58604
-1.7413
-1.89305
-2.04023
-2.18204
-2.31798
-2.4478
-2.57142
-2.68871
-2.79936
-2.90284
-2.99846
-3.08551
-3.16347
-3.2321
-3.29147
-3.34179
-3.3832
-3.41566
-3.43883
-3.4522
-3.45533
-3.44812
-3.43089
-3.40445
-3.36975
-3.32764
-3.27846
-3.2219
-3.15698
-3.08234
-2.99652
-2.89839
-2.78734
1.89706
1.96395
2.02151
2.07013
2.1105
2.14347
2.16982
2.19014
2.20468
2.21332
2.21572
2.21142
2.20006
2.18149
2.15588
2.12362
2.08531
2.04163
1.99326
1.94092
1.8853
1.82706
1.76684
1.70517
1.64237
1.57858
1.51375
1.44768
1.38014
1.31097
1.24011
1.16762
1.09366
1.01838
0.941871
0.864188
0.785329
0.70529
0.624107
0.541871
0.458692
0.374645
0.289689
0.203617
0.116053
0.0264908
-0.0656078
-0.16071
-0.259111
-0.360871
-0.465805
-0.573505
-0.683403
-0.794825
-0.907033
-1.01925
-1.13067
-1.24048
-1.3479
-1.45226
-1.55299
-1.64972
-1.74218
-1.83022
-1.91363
-1.99219
-2.06556
-2.13331
-2.19506
-2.25051
-2.29947
-2.3419
-2.37786
-2.40734
-2.4303
-2.44656
-2.45589
-2.45814
-2.45327
-2.44151
-2.42325
-2.39896
-2.36904
-2.33361
-2.29247
-2.24508
-2.19071
-2.12858
-2.05808
-1.9789
1.13325
1.17337
1.2081
1.2376
1.26223
1.2824
1.2985
1.31084
1.31955
1.32461
1.32587
1.32315
1.31629
1.30523
1.29007
1.27102
1.24839
1.22256
1.19393
1.16291
1.1299
1.09529
1.05943
1.0226
0.985004
0.946722
0.907747
0.868006
0.827404
0.785866
0.743364
0.699924
0.655604
0.610476
0.564593
0.517988
0.470675
0.422665
0.373982
0.324668
0.274763
0.224281
0.173178
0.121329
0.068531
0.0145227
-0.0409699
-0.098181
-0.157257
-0.218226
-0.280985
-0.345313
-0.410895
-0.477349
-0.544249
-0.611139
-0.677553
-0.743025
-0.807113
-0.869424
-0.929638
-0.987511
-1.04286
-1.09556
-1.14547
-1.19243
-1.23624
-1.2767
-1.3136
-1.34677
-1.37611
-1.40156
-1.42312
-1.44078
-1.45448
-1.46415
-1.46969
-1.47105
-1.46824
-1.46136
-1.45061
-1.43619
-1.41827
-1.39689
-1.37194
-1.34316
-1.31017
-1.27261
-1.23018
-1.18274
-31523.5
-31485.1
-31447.4
-31410.2
-31373.5
-31337.5
-31302.1
-31267.3
-31233.1
-31199.6
-31166.6
-31134.3
-31102.6
-31071.5
-31041.1
-31011.3
-30982
-30953.4
-30925.3
-30897.8
-30870.8
-30844.4
-30818.5
-30793.1
-30768.2
-30743.8
-30719.8
-30696.2
-30673.1
-30650.3
-30627.9
-30605.9
-30584.2
-30562.8
-30541.7
-30520.9
-30500.3
-30479.9
-30459.8
-30439.8
-30420
-30400.3
-30380.7
-30361.3
-30341.8
-30322.4
-30303
-30283.6
-30264.2
-30244.7
-30225.1
-30205.3
-30185.4
-30165.3
-30145
-30124.4
-30103.6
-30082.4
-30060.9
-30039
-30016.7
-29994
-29970.8
-29947.1
-29922.9
-29898.2
-29872.9
-29847
-29820.5
-29793.5
-29765.8
-29737.4
-29708.4
-29678.7
-29648.4
-29617.4
-29585.6
-29553.2
-29520.2
-29486.4
-29451.9
-29416.8
-29381
-29344.5
-29307.4
-29269.6
-29231.2
-29192.2
-29152.6
-29112.4
-20.7273
-13.1432
-9.61969
-7.59747
-6.23743
-5.2173
-4.39416
-3.69613
-3.08292
-2.52973
-2.02003
-1.54196
-1.08644
-0.646052
-0.2144
-15.3789
-12.2723
-9.72182
-7.85971
-6.47677
-5.4028
-4.53032
-3.79365
-3.15167
-2.5775
-2.05262
-1.56355
-1.09996
-0.653437
-0.216743
-12.4373
-10.8448
-9.13528
-7.64235
-6.40674
-5.38654
-4.53049
-3.79633
-3.15251
-2.57588
-2.04928
-1.55957
-1.09634
-0.650951
-0.215861
-10.5703
-9.53376
-8.33165
-7.16721
-6.12096
-5.20593
-4.4086
-3.70855
-3.08603
-2.52413
-2.00894
-1.52902
-1.07482
-0.638124
-0.211596
-9.15956
-8.38769
-7.48984
-6.57352
-5.70369
-4.90743
-4.18929
-3.54311
-2.9588
-2.42557
-1.93324
-1.47268
-1.03574
-0.615087
-0.203982
-7.97789
-7.36711
-6.66608
-5.93304
-5.21264
-4.53065
-3.89788
-3.31569
-2.78039
-2.28598
-1.82566
-1.39262
-0.980295
-0.582468
-0.193211
-6.93326
-6.43643
-5.87405
-5.2797
-4.683
-4.10452
-3.55575
-3.04124
-2.56096
-2.11218
-1.69071
-1.29177
-0.910295
-0.541238
-0.179592
-5.97981
-5.57103
-5.11379
-4.62855
-4.13501
-3.64853
-3.17923
-2.73245
-2.30993
-1.91093
-1.53315
-1.17336
-0.82782
-0.492561
-0.163498
-5.09033
-4.75396
-4.38137
-3.98559
-3.57982
-3.17526
-2.78006
-2.39927
-2.03526
-1.68838
-1.35752
-1.04063
-0.735016
-0.43766
-0.145324
-4.24687
-3.97302
-3.67206
-3.35251
-3.02333
-2.69253
-2.36639
-2.04921
-1.74338
-1.44973
-1.16787
-0.896558
-0.633924
-0.377722
-0.125464
-3.43687
-3.21911
-2.98128
-2.729
-2.46837
-2.20504
-1.9437
-1.68773
-1.43925
-1.19922
-0.967636
-0.743774
-0.526379
-0.313831
-0.104275
-2.65105
-2.48516
-2.30483
-2.11375
-1.916
-1.71548
-1.51552
-1.31867
-1.1266
-0.940198
-0.75962
-0.584477
-0.413952
-0.246922
-0.0820639
-1.88237
-1.76558
-1.63904
-1.50509
-1.36632
-1.22527
-1.08417
-0.944757
-0.808242
-0.6753
-0.546128
-0.420532
-0.298007
-0.177825
-0.0591073
-1.12513
-1.05568
-0.980606
-0.901186
-0.818867
-0.735076
-0.651084
-0.56791
-0.486276
-0.406604
-0.32904
-0.253499
-0.17971
-0.107264
-0.035658
-29067.6
-29017.9
-28967.5
-28916.5
-28864.9
-28812.7
-28760
-28706.9
-28653.4
-28599.6
-28545.5
-28491.2
-28436.7
-28382
-28327.4
)
;

boundaryField
{
    hot
    {
        type            calculated;
        value           nonuniform List<scalar> 
120
(
32273.7
-0.0326039
-0.0541892
-0.0755439
-0.0965237
-0.116951
-0.136616
-0.155246
-0.17252
-0.188083
-0.201568
-0.21263
-0.220989
-0.226477
-0.229073
-0.229132
-0.227274
-0.223917
-0.219321
-0.213758
-0.207484
-0.200724
-0.193664
-0.186451
-0.179194
-0.171973
-0.164845
-0.15785
-0.151016
-0.144361
-0.1379
-0.131636
-0.125571
-0.119702
-0.114023
-0.108524
-0.103196
-0.098025
-0.0929971
-0.0880971
-0.0833099
-0.0786214
-0.0740198
-0.0694957
-0.0650419
-0.0606532
-0.056325
-0.052053
-0.0478324
-0.0436582
-0.0395249
-0.035427
-0.0313595
-0.0273175
-0.0232962
-0.0192908
-0.015296
-0.0113057
-0.00731324
-0.00331147
0.000707134
0.00475003
0.00882436
0.0129367
0.0170931
0.0212988
0.0255588
0.0298778
0.0342599
0.0387094
0.0432296
0.0478228
0.0524898
0.0572295
0.0620391
0.0669141
0.0718492
0.0768387
0.0818773
0.0869596
0.0920803
0.0972335
0.102413
0.107612
0.112826
0.118053
0.123296
0.128563
0.133872
0.139246
0.144714
0.150307
0.156059
0.162002
0.168163
0.174557
0.181182
0.188009
0.194971
0.201951
0.208778
0.215221
0.221001
0.225804
0.229307
0.231194
0.230749
0.227306
0.220744
0.211124
0.198648
0.183614
0.16638
0.147315
0.126777
0.105091
0.0825405
0.0593684
0.03578
-32273.8
)
;
    }
    cold
    {
        type            calculated;
        value           nonuniform List<scalar> 
120
(
28326.5
0.034182
0.0567127
0.0788391
0.100362
0.121046
0.140617
0.158762
0.175135
0.189382
0.201163
0.210195
0.216291
0.219406
0.219667
0.217739
0.214316
0.209691
0.204177
0.198075
0.191648
0.18511
0.178617
0.172272
0.16613
0.160212
0.154516
0.149022
0.143703
0.138528
0.133466
0.128485
0.123559
0.118668
0.113796
0.108937
0.104087
0.0992515
0.0944356
0.0896471
0.0848933
0.0801817
0.0755194
0.0709135
0.0663719
0.0619025
0.0575134
0.0532117
0.049003
0.0448908
0.0408765
0.0369591
0.033136
0.029403
0.0257546
0.0221846
0.0186859
0.015251
0.0118721
0.00854154
0.00525223
0.00199758
-0.00122813
-0.0044298
-0.00761158
-0.0107771
-0.0139297
-0.0170731
-0.0202115
-0.0233498
-0.0264943
-0.029652
-0.032831
-0.0360397
-0.0392862
-0.0425787
-0.0459246
-0.049331
-0.0528042
-0.0563507
-0.0599764
-0.0636875
-0.0674911
-0.0713953
-0.0754118
-0.0795562
-0.0838504
-0.0883234
-0.0930115
-0.0979579
-0.103211
-0.108823
-0.114844
-0.121322
-0.128295
-0.135783
-0.143783
-0.152253
-0.161104
-0.170191
-0.179304
-0.18817
-0.196457
-0.203799
-0.20982
-0.2144
-0.216743
-0.215861
-0.211596
-0.203982
-0.193211
-0.179592
-0.163498
-0.145324
-0.125464
-0.104275
-0.0820639
-0.0591073
-0.035658
-28327.4
)
;
    }
    interface_left
    {
        type            calculated;
        value           nonuniform List<scalar> 
90
(
-15.8131
-6.3682
-3.81229
-4.22761
-3.96163
-2.80976
-4.60974
-5.33027
-6.22691
-6.23634
-5.39868
-4.9426
-4.18593
-3.5894
-2.21916
-3.31686
-3.6971
-4.06531
-3.95052
-3.20471
-2.69249
-1.59434
-2.27304
-2.47149
-2.56877
-2.61663
-2.71745
-2.57939
-2.01658
-1.65929
-0.950494
-1.29775
-1.37718
-1.36566
-1.35018
-1.33113
-1.22649
-0.89774
-0.706137
-0.367381
-0.43672
-0.418103
-0.318716
-0.248843
-0.121127
-0.0409445
0.0951915
0.147571
0.167798
0.36907
0.492889
0.706995
0.851152
1.12766
1.20321
1.17316
1.0915
0.777734
1.31963
1.58542
1.97149
2.22473
2.71374
2.79317
2.56193
2.30945
1.55904
2.54284
2.98508
3.57078
3.94107
4.64782
4.70093
4.16333
3.67532
2.374
3.74146
4.28352
4.87761
5.2072
5.77744
5.63312
4.54252
3.7941
2.13151
2.5522
2.49809
1.61914
4.51623
15.6222
)
;
    }
    interface_right
    {
        type            calculated;
        value           nonuniform List<scalar> 
90
(
15.1803
3.70759
0.636214
1.2172
2.13667
2.67912
3.82818
4.42039
5.42094
5.54362
4.98658
4.66797
4.09988
3.58198
2.27568
3.52678
3.99818
4.52191
4.4746
3.80082
3.44775
2.88859
2.46389
1.51436
2.24962
2.49969
2.73387
2.66061
2.1889
1.94455
1.57109
1.31155
0.777169
1.09752
1.18362
1.22112
1.14612
0.86225
0.690465
0.372407
0.467244
0.464881
0.393469
0.340462
0.241575
0.167645
0.0217655
-0.0546156
-0.162256
-0.19889
-0.193981
-0.408663
-0.536332
-0.761992
-0.838674
-0.867729
-0.885042
-0.900159
-0.849757
-0.619698
-1.0823
-1.30883
-1.65353
-1.72065
-1.59655
-1.44742
-0.985626
-1.61963
-1.90544
-2.28412
-2.51821
-2.95503
-2.9821
-2.62692
-2.31691
-1.50238
-2.35998
-2.70098
-3.07307
-3.27614
-3.61392
-3.5114
-2.78992
-2.32152
-1.29523
-1.35254
-1.23192
-0.408738
-3.61868
-15.7668
)
;
    }
    interface_top
    {
        type            calculated;
        value           nonuniform List<scalar> 
90
(
36.0008
-24.3026
54.3937
-5.85645
54.0625
11.279
-31.5077
28.8986
-32.1618
55.3651
-5.67289
51.3817
2.12231
47.8147
14.1037
-18.8382
26.53
-18.7525
44.3688
1.20194
40.7101
12.3754
-14.2972
20.7226
-14.1413
23.6111
-15.235
36.8178
1.1189
32.579
9.49051
-12.0996
15.4588
-12.5995
17.1423
-14.2722
27.4053
-1.8007
23.7697
4.45062
-13.9851
9.0364
-15.6953
10.4844
-18.5586
20.671
-8.05914
17.418
-6.38588
15.0373
-2.19158
-19.7973
3.03924
-22.6075
13.0581
-13.2455
11.4373
-7.55943
-26.8381
-2.44822
-30.3021
0.311124
-34.4762
14.2443
-21.1665
12.9977
-12.5884
-38.6903
-4.62407
-42.7357
0.240803
-47.6062
20.5711
-28.1802
19.9665
-15.0634
-50.6985
-2.78233
-54.7034
5.08514
-59.5361
33.5801
-31.4922
33.6768
-12.0797
-57.8738
6.8526
-57.6422
27.2935
-36.7428
)
;
    }
    interface_bottom
    {
        type            calculated;
        value           nonuniform List<scalar> 
90
(
-35.6112
20.7824
-54.1056
-7.91851
37.6015
-26.5619
36.3023
-35.7118
37.1709
-64.6133
5.25695
-58.3907
-3.42085
-53.5125
-16.3141
19.954
-29.8543
20.1596
-49.54
-0.863847
-44.3169
-5.95635
-39.8646
-13.9257
11.1908
-22.2308
11.7599
-34.3772
-2.21807
-30.5086
-9.32785
10.6955
-14.5773
11.706
-16.1125
13.5782
-25.729
2.05044
-22.1992
-3.64686
14.2138
-8.00957
16.2113
-9.56684
19.155
-19.7585
8.84595
-16.5963
7.32899
-14.4772
3.02376
21.0568
-2.59323
23.9024
-13.2264
14.0841
-11.8174
7.98389
28.1725
2.25298
31.5783
-1.14231
35.4598
-16.0375
21.0728
-14.8609
11.8158
38.9802
3.04377
42.5841
-2.48387
46.6987
-23.2772
26.2848
-22.3012
12.9269
48.5372
0.428853
51.8461
-7.41702
55.7521
-34.4667
28.386
-33.4814
10.3732
54.1023
-7.07007
54.3071
-25.9129
35.174
)
;
    }
    defaultFaces
    {
        type            empty;
    }
}


// ************************************************************************* //
