/*--------------------------------*- C++ -*----------------------------------*\
| =========                 |                                                 |
| \\      /  F ield         | OpenFOAM: The Open Source CFD Toolbox           |
|  \\    /   O peration     | Version:  5.x                                   |
|   \\  /    A nd           | Web:      www.OpenFOAM.org                      |
|    \\/     M anipulation  |                                                 |
\*---------------------------------------------------------------------------*/
FoamFile
{
    version     2.0;
    format      ascii;
    class       volScalarField;
    location    "2";
    object      gradTx;
}
// * * * * * * * * * * * * * * * * * * * * * * * * * * * * * * * * * * * * * //

dimensions      [0 -1 0 1 0 0 0];

internalField   nonuniform List<scalar> 
6300
(
-49.9533
-49.9182
-49.8478
-49.7419
-49.6003
-49.4226
-49.2086
-48.9584
-48.6721
-48.3505
-47.9946
-47.606
-47.1867
-46.7389
-46.265
-49.9881
-49.9531
-49.8829
-49.7773
-49.6359
-49.4584
-49.2445
-48.994
-48.7071
-48.3844
-48.027
-47.6364
-47.2148
-46.7648
-46.2888
-50.0575
-50.0227
-49.9531
-49.8481
-49.7074
-49.5304
-49.3166
-49.0657
-48.7777
-48.4528
-48.0922
-47.6975
-47.2712
-46.8163
-46.336
-50.1612
-50.1269
-50.0581
-49.9542
-49.8147
-49.6387
-49.4255
-49.1742
-48.8846
-48.5566
-48.1911
-47.7899
-47.3558
-46.8928
-46.4051
-50.2988
-50.2652
-50.1977
-50.0957
-49.9581
-49.784
-49.572
-49.3208
-49.0295
-48.6976
-48.3254
-47.9149
-47.4692
-46.9936
-46.4942
-50.4697
-50.4371
-50.3715
-50.2722
-50.1378
-49.9667
-49.7572
-49.5071
-49.2147
-48.8783
-48.4979
-48.0746
-47.6124
-47.1179
-46.6003
-50.6726
-50.6415
-50.5787
-50.4833
-50.3536
-50.1876
-49.9826
-49.7355
-49.4433
-49.103
-48.7127
-48.2729
-47.7875
-47.265
-46.7189
-50.9063
-50.8771
-50.8182
-50.7283
-50.6054
-50.447
-50.2495
-50.0087
-49.7197
-49.3772
-48.9768
-48.5166
-47.9994
-47.4355
-46.8444
-51.1687
-51.1421
-51.0882
-51.0057
-50.8924
-50.7451
-50.5594
-50.3298
-50.0491
-49.7089
-49.3005
-48.8171
-48.2576
-47.6328
-46.9701
-51.4573
-51.4339
-51.3865
-51.3136
-51.2129
-51.081
-50.9129
-50.7017
-50.4377
-50.1084
-49.6988
-49.1932
-48.581
-47.8678
-47.0894
-51.7688
-51.7493
-51.7097
-51.6487
-51.5642
-51.4527
-51.3092
-51.1259
-50.8911
-50.5879
-50.1928
-49.6755
-49.0052
-48.1676
-47.2005
-52.0994
-52.0844
-52.0538
-52.0069
-51.9419
-51.8561
-51.7449
-51.6011
-51.4125
-51.1591
-50.8086
-50.3106
-49.5962
-48.5964
-47.3165
-52.4445
-52.4344
-52.4139
-52.3827
-52.34
-52.2843
-52.2129
-52.1207
-51.9983
-51.8271
-51.5713
-51.1618
-50.4721
-49.3049
-47.4939
-52.7993
-52.7942
-52.7842
-52.7696
-52.7506
-52.7278
-52.7012
-52.6702
-52.6324
-52.5792
-52.4873
-52.2927
-51.8249
-50.6566
-47.9465
-53.1585
-53.1584
-53.1587
-53.1603
-53.1647
-53.1745
-53.1933
-53.2263
-53.2814
-53.3697
-53.5054
-53.6961
-53.8776
-53.5499
-49.7557
-45.8102
-45.3794
-44.9333
-44.4719
-43.9947
-43.5013
-42.9906
-42.462
-41.9149
-41.3495
-40.7661
-40.1662
-39.5515
-38.9243
-38.2874
-37.6438
-36.9966
-36.3491
-35.7045
-35.0662
-34.4373
-33.8211
-33.2205
-32.6383
-32.0772
-31.5394
-31.0267
-30.5408
-30.0828
-29.6536
-29.2537
-28.8833
-28.5424
-28.2308
-27.9481
-27.6936
-27.4668
-27.2672
-27.094
-26.9466
-26.8245
-26.727
-26.6537
-26.6041
-26.5781
-26.5755
-26.5965
-26.6416
-26.7114
-26.8064
-26.9274
-27.075
-27.2496
-27.4516
-27.6809
-27.9374
-28.2206
-28.5299
-28.8643
-29.2226
-29.6036
-30.0058
-30.4279
-30.8682
-31.3255
-31.7982
-32.2849
-32.7843
-33.2948
-33.815
-34.3436
-34.8793
-35.4207
-35.9668
-36.5164
-37.0686
-37.6223
-38.1765
-38.7303
-39.2827
-39.8329
-40.3799
-40.9231
-41.4614
-41.9941
-42.52
-43.0378
-43.5456
-44.0417
-44.5239
-45.8327
-45.4013
-44.9551
-44.4943
-44.0182
-43.5259
-43.0164
-42.4884
-41.9414
-41.3751
-40.7901
-40.1875
-39.5695
-38.9384
-38.2972
-37.6491
-36.9972
-36.345
-35.6958
-35.0528
-34.4194
-33.7988
-33.1942
-32.6084
-32.0441
-31.5035
-30.9887
-30.501
-30.0418
-29.6118
-29.2116
-28.8413
-28.5008
-28.1898
-27.9078
-27.6542
-27.4284
-27.2296
-27.0573
-26.9109
-26.7896
-26.6929
-26.6201
-26.5709
-26.5449
-26.542
-26.5625
-26.6068
-26.6756
-26.7696
-26.8898
-27.0367
-27.2109
-27.4127
-27.6423
-27.8994
-28.1836
-28.4942
-28.8302
-29.1904
-29.5734
-29.9777
-30.4018
-30.8442
-31.3035
-31.7783
-32.267
-32.7684
-33.2809
-33.8031
-34.3336
-34.871
-35.4141
-35.9616
-36.5127
-37.0663
-37.6214
-38.177
-38.7321
-39.2858
-39.8371
-40.3853
-40.9295
-41.4692
-42.0035
-42.5314
-43.0515
-43.5621
-44.0613
-44.5467
-45.8769
-45.4441
-44.9979
-44.5384
-44.0647
-43.5753
-43.0684
-42.5423
-41.9956
-41.4278
-40.8392
-40.2313
-39.6063
-38.9671
-38.3171
-37.6598
-36.9986
-36.3369
-35.6782
-35.0259
-34.3833
-33.7539
-33.1411
-32.5479
-31.9771
-31.431
-30.9118
-30.4207
-29.9591
-29.5277
-29.127
-28.7569
-28.4173
-28.1076
-27.8273
-27.5755
-27.3514
-27.1545
-26.9841
-26.8395
-26.7199
-26.6248
-26.5533
-26.5048
-26.4789
-26.4755
-26.4947
-26.5372
-26.604
-26.6959
-26.8141
-26.9595
-27.1328
-27.3344
-27.5645
-27.8229
-28.1091
-28.4224
-28.7617
-29.1257
-29.5128
-29.9214
-30.3497
-30.7963
-31.2596
-31.7384
-32.2312
-32.7366
-33.2532
-33.7794
-34.3137
-34.8546
-35.4009
-35.9515
-36.5054
-37.0618
-37.6196
-38.178
-38.7358
-39.292
-39.8456
-40.3959
-40.9423
-41.4845
-42.0218
-42.5535
-43.0783
-43.5946
-44.1002
-44.5923
-45.9409
-45.5058
-45.0598
-44.6029
-44.1337
-43.6498
-43.1481
-42.6258
-42.0803
-41.5103
-40.9162
-40.2997
-39.6635
-39.0115
-38.3478
-37.6763
-37.0008
-36.3248
-35.6518
-34.9851
-34.3284
-33.6855
-33.06
-32.4554
-31.8747
-31.3205
-30.7946
-30.2985
-29.8334
-29.4
-28.9986
-28.6291
-28.2911
-27.9838
-27.7062
-27.4572
-27.2361
-27.042
-26.8743
-26.7325
-26.6158
-26.5233
-26.454
-26.4069
-26.3813
-26.3769
-26.394
-26.4335
-26.4966
-26.5849
-26.6999
-26.8428
-27.0145
-27.2157
-27.4465
-27.7067
-27.9961
-28.3137
-28.6582
-29.0283
-29.4218
-29.8369
-30.2717
-30.7245
-31.1938
-31.6785
-32.1774
-32.689
-33.2119
-33.7442
-34.2844
-34.8306
-35.3816
-35.9365
-36.4945
-37.055
-37.6171
-38.1797
-38.7417
-39.3016
-39.8585
-40.4117
-40.9609
-41.5063
-42.0477
-42.585
-43.117
-43.6421
-44.1576
-44.6606
-46.0218
-45.5829
-45.1373
-44.685
-44.2237
-43.7496
-43.2576
-42.7425
-42.2
-41.6277
-41.0257
-40.3962
-39.7436
-39.073
-38.3897
-37.6986
-37.0038
-36.3087
-35.6163
-34.9301
-34.254
-33.5922
-32.9492
-32.3289
-31.7347
-31.1694
-30.6348
-30.1322
-29.6625
-29.2266
-28.8246
-28.4565
-28.1213
-27.8178
-27.5443
-27.2995
-27.0823
-26.8919
-26.7279
-26.59
-26.4774
-26.389
-26.3233
-26.2787
-26.2538
-26.248
-26.2618
-26.2963
-26.3537
-26.4362
-26.5461
-26.6851
-26.8545
-27.0549
-27.2865
-27.5493
-27.8429
-28.1664
-28.5186
-28.8973
-29.3002
-29.7246
-30.1682
-30.6291
-31.1062
-31.5986
-32.1053
-32.6254
-33.157
-33.6981
-34.2463
-34.7997
-35.3568
-35.917
-36.48
-37.0457
-37.6135
-38.1823
-38.7502
-39.3154
-39.8766
-40.4329
-40.9848
-41.5333
-42.0794
-42.6236
-43.1653
-43.7027
-44.2327
-44.7513
-46.1146
-45.6694
-45.2244
-44.7796
-44.332
-43.8751
-43.4002
-42.8985
-42.3625
-41.7879
-41.1746
-40.5263
-39.8497
-39.1527
-38.443
-37.7266
-37.0076
-36.2887
-35.5722
-34.861
-34.1593
-33.4724
-32.8058
-32.1649
-31.5537
-30.9746
-30.4294
-29.9187
-29.4436
-29.0047
-28.6026
-28.2369
-27.9064
-27.6089
-27.3418
-27.1028
-26.8904
-26.7043
-26.5446
-26.4116
-26.3048
-26.2227
-26.163
-26.1226
-26.0993
-26.0917
-26.1002
-26.1269
-26.1751
-26.2486
-26.3508
-26.4842
-26.6503
-26.8496
-27.0822
-27.3481
-27.6471
-27.9786
-28.3411
-28.732
-29.1479
-29.5849
-30.04
-30.5109
-30.997
-31.4981
-32.0144
-32.5453
-33.0887
-33.6418
-34.2009
-34.7634
-35.3276
-35.8933
-36.4616
-37.0334
-37.6086
-38.1859
-38.7624
-39.335
-39.9012
-40.4602
-41.0133
-41.5633
-42.1133
-42.6652
-43.2193
-43.7734
-44.3235
-44.8642
-46.2117
-45.7557
-45.3108
-44.8783
-44.4537
-44.0262
-43.5815
-43.1038
-42.5804
-42.0038
-41.3739
-40.6972
-39.9851
-39.2508
-38.506
-37.7583
-37.0114
-36.2655
-35.5205
-34.7784
-34.0436
-33.3234
-32.6259
-31.9587
-31.3265
-30.7316
-30.1744
-29.6546
-29.1728
-28.7303
-28.3285
-27.9672
-27.6446
-27.3568
-27.0993
-26.8681
-26.6614
-26.4793
-26.3235
-26.196
-26.0972
-26.025
-25.9752
-25.9427
-25.9227
-25.9127
-25.913
-25.9272
-25.9608
-26.0203
-26.1112
-26.2369
-26.3989
-26.597
-26.8305
-27.0996
-27.4049
-27.7465
-28.1232
-28.5313
-28.9655
-29.4198
-29.8893
-30.3714
-30.8662
-31.376
-31.9028
-32.4472
-33.0068
-33.5767
-34.1509
-34.7248
-35.2961
-35.8661
-36.4382
-37.0159
-37.6006
-38.1904
-38.7801
-39.3635
-39.9358
-40.4957
-41.046
-41.5931
-42.1438
-42.7033
-43.2728
-43.8495
-44.4273
-44.9987
-46.3012
-45.8257
-45.3792
-44.9657
-44.5792
-44.2023
-43.81
-43.375
-42.8748
-42.2966
-41.6405
-40.919
-40.1526
-39.3643
-38.573
-37.7893
-37.0138
-36.241
-35.4652
-34.6853
-33.9071
-33.1418
-32.403
-31.7022
-31.0459
-30.4348
-29.8659
-29.3363
-28.8459
-28.3979
-27.9963
-27.6424
-27.3332
-27.0617
-26.8193
-26.5989
-26.3975
-26.2168
-26.0623
-25.9398
-25.8517
-25.7955
-25.7633
-25.7453
-25.7324
-25.7193
-25.7065
-25.6999
-25.7098
-25.7474
-25.8218
-25.938
-26.0962
-26.2937
-26.5281
-26.7996
-27.1108
-27.4644
-27.8603
-28.2934
-28.7545
-29.2331
-29.7207
-30.2137
-30.7144
-31.2295
-31.7661
-32.3275
-32.9103
-33.5054
-34.1016
-34.6898
-35.2666
-35.8359
-36.4065
-36.9881
-37.5854
-38.195
-38.8067
-39.4077
-39.988
-40.5445
-41.0832
-41.6172
-42.1614
-42.7267
-43.3156
-43.9233
-44.5401
-45.1544
-46.3658
-45.8539
-45.3997
-45.0142
-44.6907
-44.4006
-44.0998
-43.7402
-43.2816
-42.7016
-42.0015
-41.2054
-40.3517
-39.482
-38.6294
-37.8086
-37.0124
-36.2211
-35.416
-34.5901
-33.7523
-32.9226
-32.1255
-31.3818
-30.7006
-30.0777
-29.5013
-28.9618
-28.4583
-27.9992
-27.5957
-27.2537
-26.9681
-26.7252
-26.508
-26.3028
-26.1042
-25.9173
-25.7557
-25.6343
-25.5611
-25.5317
-25.5316
-25.5413
-25.5431
-25.5263
-25.4914
-25.4496
-25.4197
-25.4219
-25.4728
-25.5792
-25.7374
-25.9378
-26.1728
-26.4429
-26.756
-27.1219
-27.5444
-28.0156
-28.5188
-29.0338
-29.5447
-30.0452
-30.5421
-31.0521
-31.594
-32.1773
-32.7962
-33.4327
-34.0638
-34.6712
-35.2481
-35.8036
-36.359
-36.9377
-37.5522
-38.1963
-38.8484
-39.4816
-40.0742
-40.6187
-41.1268
-41.6261
-42.1483
-42.7156
-43.331
-43.9836
-44.656
-45.331
-46.3791
-45.799
-45.3213
-44.9731
-44.7539
-44.6142
-44.4743
-44.2479
-43.8633
-43.2795
-42.5007
-41.5748
-40.5739
-39.5752
-38.6403
-37.7925
-37.0041
-36.2214
-35.3967
-34.5125
-33.586
-32.6565
-31.7717
-30.9716
-30.2718
-29.6539
-29.0839
-28.5358
-28.0074
-27.521
-27.1071
-26.7841
-26.5421
-26.3522
-26.1799
-25.9979
-25.7945
-25.582
-25.3918
-25.2602
-25.208
-25.2266
-25.2863
-25.3492
-25.3809
-25.36
-25.2868
-25.183
-25.0836
-25.027
-25.0442
-25.1465
-25.3184
-25.5323
-25.7676
-26.0248
-26.3257
-26.6985
-27.1586
-27.6924
-28.2663
-28.8409
-29.384
-29.8824
-30.351
-30.8293
-31.3623
-31.9758
-32.6572
-33.3678
-34.0604
-34.6965
-35.2605
-35.7714
-36.278
-36.8356
-37.4764
-38.1857
-38.9172
-39.6139
-40.2295
-40.745
-41.1827
-41.6015
-42.0701
-42.6345
-43.2927
-44.0148
-44.7676
-45.5279
-46.303
-45.5964
-45.0558
-44.7459
-44.7023
-44.8281
-44.9729
-44.9834
-44.7319
-44.138
-43.2119
-42.0523
-40.7927
-39.5769
-38.5256
-37.6912
-36.9879
-36.2822
-35.4632
-34.4963
-33.4243
-32.3263
-31.2964
-30.4172
-29.7254
-29.1614
-28.6356
-28.0818
-27.4965
-26.9388
-26.4881
-26.1984
-26.0418
-25.9542
-25.8667
-25.7241
-25.4989
-25.2149
-24.9445
-24.7723
-24.7535
-24.8629
-25.037
-25.2028
-25.2953
-25.2699
-25.1267
-24.9108
-24.6867
-24.5267
-24.4936
-24.6143
-24.8396
-25.0967
-25.3314
-25.5445
-25.7922
-26.1499
-26.6671
-27.3117
-28.0134
-28.6937
-29.2881
-29.7627
-30.1463
-30.5282
-31.0152
-31.6766
-32.4763
-33.3289
-34.1384
-34.8256
-35.3496
-35.7455
-36.1234
-36.6137
-37.3016
-38.1433
-39.0356
-39.8626
-40.5286
-40.983
-41.2656
-41.5045
-41.8537
-42.4178
-43.1618
-44.0012
-44.868
-45.7419
-46.0773
-45.1542
-44.4581
-44.135
-44.4063
-45.0143
-45.6649
-46.0959
-46.0934
-45.4748
-44.2595
-42.6737
-40.9486
-39.3418
-38.0989
-37.401
-36.9755
-36.5065
-35.743
-34.6316
-33.3002
-31.8985
-30.6046
-29.5932
-28.9953
-28.6144
-28.2283
-27.6735
-26.9462
-26.2028
-25.6381
-25.4215
-25.4427
-25.5568
-25.6335
-25.5698
-25.2888
-24.8288
-24.3564
-24.0643
-24.1152
-24.4067
-24.8004
-25.1629
-25.3803
-25.3499
-25.0723
-24.6511
-24.1985
-23.8442
-23.7223
-23.9321
-24.3158
-24.694
-24.9268
-25.0152
-25.1009
-25.372
-25.993
-26.8496
-27.7917
-28.6708
-29.365
-29.7747
-29.9444
-30.0761
-30.4172
-31.1787
-32.2194
-33.3522
-34.3926
-35.1901
-35.6229
-35.7457
-35.8067
-36.1074
-36.9051
-38.0279
-39.2479
-40.3431
-41.132
-41.468
-41.4111
-41.2485
-41.327
-41.9418
-42.893
-43.9477
-44.9576
-45.9517
-45.5705
-44.3846
-43.3236
-42.6681
-43.6259
-45.1393
-46.673
-47.8325
-48.3421
-47.6709
-45.8407
-43.4957
-40.9344
-38.5827
-36.8874
-36.7187
-37.0259
-37.155
-36.5241
-35.0839
-33.2775
-31.3155
-29.5064
-28.1742
-27.9531
-28.0752
-28.0643
-27.514
-26.4197
-25.2101
-24.2873
-24.3026
-24.7103
-25.214
-25.6029
-25.729
-25.3371
-24.4611
-23.5094
-22.8629
-23.1309
-23.8042
-24.6095
-25.3327
-25.8227
-25.7867
-25.2255
-24.437
-23.5691
-22.8278
-22.4738
-22.9999
-23.8004
-24.5014
-24.7307
-24.4902
-24.143
-24.091
-24.9798
-26.2646
-27.6613
-28.9146
-29.8521
-30.1326
-29.7974
-29.3229
-29.214
-30.2788
-31.8303
-33.5088
-34.9966
-36.0798
-36.3425
-35.835
-35.1448
-34.8853
-36.0404
-37.7724
-39.6398
-41.264
-42.3875
-42.5183
-41.7082
-40.645
-40.0279
-40.9807
-42.4746
-43.9578
-45.0695
-46.0356
-44.2673
-43.4352
-41.6048
-38.8774
-42.045
-45.2347
-48.22
-50.5049
-52.2909
-51.536
-48.1634
-44.629
-40.6184
-36.8784
-33.4777
-35.3515
-37.3328
-38.8981
-38.4708
-36.064
-33.4792
-30.5128
-27.7218
-25.1558
-26.4169
-27.728
-28.6777
-28.1382
-26.0598
-23.8047
-21.5864
-22.619
-23.8405
-25.0369
-25.9514
-26.6349
-26.0834
-24.2031
-22.2238
-20.3453
-21.5638
-23.0123
-24.5375
-25.8392
-27.0233
-26.9806
-25.707
-24.3381
-22.7581
-21.2546
-19.9588
-21.6733
-23.4288
-24.9887
-25.2119
-24.1194
-22.7608
-21.4555
-23.3973
-25.5188
-27.7381
-29.6136
-31.286
-31.3774
-29.8514
-28.0436
-26.321
-28.6782
-31.2586
-33.9402
-36.1832
-38.1513
-38.1714
-36.1875
-33.8626
-31.6261
-34.3448
-37.3215
-40.3818
-42.9058
-45.0721
-44.9229
-42.3697
-39.3984
-36.4675
-39.24
-42.071
-44.5024
-45.3901
-45.3512
-39.2821
-43.9228
-41.1775
-26.5979
-40.4323
-45.6242
-50.7753
-53.8955
-59.8986
-59.1706
-50.719
-46.4478
-39.9131
-34.6857
-22.4727
-33.8296
-38.2389
-43.5111
-43.2681
-37.3007
-34.2308
-29.4578
-25.6134
-16.6266
-24.8093
-27.9017
-31.4357
-30.9791
-25.9549
-22.3469
-14.2044
-20.6641
-23.0071
-25.2666
-26.6334
-29.3197
-28.7438
-24.0885
-20.7935
-13.3685
-19.6663
-22.1106
-24.788
-26.5161
-29.9911
-29.948
-26.3265
-24.544
-21.8376
-19.3829
-13.1097
-20.2883
-23.3397
-27.4016
-27.5881
-24.1326
-21.3025
-14.1449
-21.5563
-24.6328
-28.3105
-30.6056
-34.9971
-34.9517
-30.3116
-26.642
-17.5535
-26.7563
-30.5416
-35.0032
-37.766
-43.028
-42.8861
-37.0308
-32.4532
-21.2311
-32.2779
-36.7498
-41.8961
-45.0621
-51.0906
-50.7891
-43.6328
-38.0934
-24.6937
-37.4145
-42.2424
-47.2695
-47.0447
-40.4832
-45.0344
-45.5664
-46.0675
-46.5345
-46.9646
-47.3559
-47.7072
-48.0178
-48.2878
-48.5175
-48.7073
-48.8581
-48.9705
-49.0451
-49.0823
-45.0609
-45.5966
-46.101
-46.5707
-47.0028
-47.3953
-47.7472
-48.0578
-48.3275
-48.5565
-48.7457
-48.8958
-49.0077
-49.0818
-49.1188
-45.114
-45.6576
-46.1688
-46.6439
-47.0798
-47.4747
-47.8276
-48.1382
-48.407
-48.6348
-48.8225
-48.9712
-49.0818
-49.155
-49.1915
-45.1943
-45.7502
-46.2721
-46.7555
-47.1973
-47.5955
-47.9496
-48.2597
-48.5269
-48.7524
-48.9376
-49.0839
-49.1925
-49.2643
-49.3
-45.3025
-45.8762
-46.4133
-46.9082
-47.3576
-47.7598
-48.1148
-48.4235
-48.6878
-48.9096
-49.0909
-49.2336
-49.3392
-49.4089
-49.4436
-45.4399
-46.0384
-46.5959
-47.1059
-47.5645
-47.9707
-48.3255
-48.6311
-48.8905
-49.1066
-49.2822
-49.4197
-49.5211
-49.5879
-49.6211
-45.6084
-46.2409
-46.8256
-47.3543
-47.8232
-48.2324
-48.5847
-48.8843
-49.1358
-49.3433
-49.5107
-49.6411
-49.7369
-49.7998
-49.831
-45.8116
-46.4904
-47.1108
-47.662
-48.141
-48.5504
-48.8961
-49.1851
-49.4242
-49.6194
-49.7756
-49.8964
-49.9848
-50.0427
-50.0713
-46.0551
-46.798
-47.4646
-48.0414
-48.5279
-48.9316
-49.2636
-49.5351
-49.7559
-49.934
-50.075
-50.1835
-50.2624
-50.314
-50.3395
-46.3478
-47.1812
-47.9075
-48.5104
-48.9967
-49.3839
-49.691
-49.9353
-50.13
-50.2848
-50.4063
-50.4993
-50.5667
-50.6106
-50.6323
-46.7039
-47.671
-48.4729
-49.0951
-49.5638
-49.9152
-50.1807
-50.3846
-50.5435
-50.6682
-50.7655
-50.8398
-50.8936
-50.9288
-50.9461
-47.1435
-48.3249
-49.2173
-49.8329
-50.2473
-50.5308
-50.731
-50.8783
-50.9906
-51.0784
-51.1471
-51.1999
-51.2385
-51.2638
-51.2764
-47.6988
-49.2674
-50.2377
-50.7717
-51.0618
-51.2284
-51.3331
-51.4061
-51.4619
-51.507
-51.5439
-51.5735
-51.5958
-51.6108
-51.6184
-48.4834
-50.8076
-51.693
-51.9535
-51.9996
-51.9869
-51.9657
-51.9504
-51.9434
-51.9432
-51.9474
-51.9535
-51.9596
-51.9644
-51.967
-50.3824
-53.7858
-53.7722
-53.3489
-52.9961
-52.7526
-52.5912
-52.4856
-52.4175
-52.3746
-52.3483
-52.3327
-52.3239
-52.3193
-52.3174
-53.4874
-53.4915
-53.5002
-53.5152
-53.539
-53.5755
-53.631
-53.7154
-53.8454
-54.0502
-54.3878
-54.9904
-56.2257
-59.3792
-69.973
-53.7833
-53.7906
-53.806
-53.8315
-53.87
-53.9265
-54.0085
-54.1282
-54.3058
-54.5762
-55.0055
-55.7272
-57.0282
-59.5113
-64.0083
-54.0736
-54.0836
-54.1045
-54.1383
-54.1882
-54.2594
-54.3595
-54.5006
-54.7012
-54.9913
-55.4195
-56.0615
-57.0096
-58.2443
-59.0085
-54.3565
-54.3686
-54.3936
-54.4335
-54.4914
-54.5719
-54.6819
-54.8313
-55.0341
-55.3099
-55.6845
-56.1831
-56.7917
-57.3035
-56.7082
-54.6307
-54.6442
-54.672
-54.7159
-54.7784
-54.8636
-54.9767
-55.1246
-55.3157
-55.5593
-55.8631
-56.2278
-56.6406
-57.1311
-58.2778
-54.8949
-54.9094
-54.9389
-54.9849
-55.0495
-55.1356
-55.247
-55.3874
-55.5603
-55.7662
-55.9992
-56.2387
-56.4349
-56.5027
-56.3718
-55.1487
-55.1636
-55.1938
-55.2405
-55.3052
-55.3899
-55.4968
-55.6274
-55.7813
-55.9537
-56.1306
-56.2793
-56.318
-56.0118
-54.3807
-55.3918
-55.4067
-55.4369
-55.4832
-55.5467
-55.6286
-55.7299
-55.8507
-55.9887
-56.1372
-56.2816
-56.3958
-56.4398
-56.4409
-57.1993
-55.6239
-55.6386
-55.6684
-55.7136
-55.7751
-55.8535
-55.9492
-56.0616
-56.1882
-56.3227
-56.4537
-56.5605
-56.5909
-56.3439
-54.6142
-55.8453
-55.8596
-55.8885
-55.9323
-55.9913
-56.0661
-56.1566
-56.2623
-56.3813
-56.5096
-56.6425
-56.778
-56.9338
-57.2763
-59.0089
-56.0562
-56.0701
-56.0979
-56.1399
-56.1964
-56.2675
-56.3533
-56.4535
-56.567
-56.6925
-56.8294
-56.9812
-57.1462
-57.243
-56.4386
-56.2569
-56.2702
-56.2969
-56.337
-56.3908
-56.4584
-56.5398
-56.635
-56.7437
-56.8663
-57.006
-57.1747
-57.4052
-57.8351
-59.3012
-56.4479
-56.4606
-56.486
-56.5242
-56.5753
-56.6394
-56.7164
-56.8066
-56.91
-57.0273
-57.1623
-57.325
-57.5249
-57.7074
-57.2039
-56.6295
-56.6416
-56.6657
-56.702
-56.7504
-56.811
-56.8838
-56.9687
-57.0657
-57.175
-57.2992
-57.4492
-57.6559
-58.0558
-59.3745
-56.8021
-56.8136
-56.8365
-56.8709
-56.9167
-56.9739
-57.0424
-57.122
-57.212
-57.3111
-57.4183
-57.5334
-57.652
-57.7657
-57.8574
-56.9661
-56.977
-56.9988
-57.0314
-57.0747
-57.1287
-57.1932
-57.2677
-57.351
-57.4406
-57.5319
-57.6147
-57.6505
-57.4906
-56.4111
-57.122
-57.1324
-57.153
-57.1839
-57.2249
-57.2759
-57.3367
-57.4068
-57.4848
-57.5679
-57.6515
-57.7281
-57.7841
-57.8539
-58.5087
-57.2701
-57.2799
-57.2995
-57.3288
-57.3676
-57.4159
-57.4735
-57.5399
-57.614
-57.6937
-57.7759
-57.8553
-57.9073
-57.8106
-56.7822
-57.4108
-57.4201
-57.4387
-57.4665
-57.5034
-57.5493
-57.604
-57.6673
-57.7384
-57.8166
-57.9022
-58.001
-58.1329
-58.4141
-59.6115
-57.5444
-57.5533
-57.571
-57.5975
-57.6326
-57.6762
-57.7283
-57.7886
-57.857
-57.9331
-58.0193
-58.1232
-58.254
-58.3809
-58.0175
-57.6712
-57.6797
-57.6966
-57.7218
-57.7553
-57.7969
-57.8466
-57.9041
-57.9691
-58.0416
-58.1239
-58.2264
-58.3769
-58.6876
-59.7192
-57.7914
-57.7996
-57.8158
-57.8399
-57.872
-57.9117
-57.9591
-58.0138
-58.0751
-58.142
-58.2145
-58.2957
-58.3877
-58.4934
-58.6051
-57.9054
-57.9132
-57.9288
-57.952
-57.9828
-58.021
-58.0664
-58.1184
-58.1761
-58.2373
-58.2992
-58.357
-58.388
-58.2947
-57.5767
-58.0133
-58.0208
-58.0359
-58.0583
-58.0881
-58.1249
-58.1687
-58.2187
-58.2736
-58.3308
-58.3866
-58.4365
-58.4735
-58.5295
-59.0157
-58.1152
-58.1226
-58.1372
-58.159
-58.1879
-58.2238
-58.2663
-58.3151
-58.3686
-58.4242
-58.478
-58.5246
-58.5448
-58.4652
-57.8425
-58.2114
-58.2186
-58.2329
-58.2542
-58.2824
-58.3176
-58.3595
-58.4076
-58.461
-58.5174
-58.5745
-58.6306
-58.6844
-58.7778
-59.3328
-58.302
-58.309
-58.323
-58.3439
-58.3717
-58.4064
-58.4479
-58.4961
-58.5502
-58.609
-58.6715
-58.7376
-58.7954
-58.7695
-58.1293
-58.387
-58.3939
-58.4077
-58.4283
-58.4558
-58.4902
-58.5315
-58.5799
-58.635
-58.6967
-58.7661
-58.8498
-58.9637
-59.1874
-60.0322
-58.4664
-58.4733
-58.4869
-58.5073
-58.5346
-58.5687
-58.61
-58.6585
-58.7143
-58.7777
-58.8507
-58.9407
-59.0545
-59.1736
-58.9878
-58.5405
-58.5472
-58.5608
-58.581
-58.6081
-58.6421
-58.6831
-58.7315
-58.7873
-58.8506
-58.9235
-59.0144
-59.1408
-59.3711
-60.0488
-58.6091
-58.6158
-58.6293
-58.6494
-58.6763
-58.7101
-58.7509
-58.7989
-58.8539
-58.9154
-58.9839
-59.0629
-59.1538
-59.2575
-59.3635
-58.6724
-58.6791
-58.6924
-58.7125
-58.7392
-58.7728
-58.8134
-58.8609
-58.9148
-58.974
-59.0371
-59.1026
-59.157
-59.1417
-58.7608
-58.7303
-58.7369
-58.7503
-58.7702
-58.797
-58.8304
-58.8708
-58.9179
-58.9711
-59.0286
-59.0885
-59.1496
-59.2075
-59.2795
-59.5958
-58.7828
-58.7894
-58.8028
-58.8228
-58.8494
-58.8829
-58.9232
-58.9702
-59.0231
-59.0801
-59.139
-59.1982
-59.2472
-59.2473
-58.966
-58.8299
-58.8366
-58.8499
-58.87
-58.8967
-58.9303
-58.9707
-59.0179
-59.0711
-59.1288
-59.1894
-59.2534
-59.3197
-59.4102
-59.7393
-58.8717
-58.8784
-58.8918
-58.9119
-58.9388
-58.9725
-59.0132
-59.0608
-59.1148
-59.1741
-59.2376
-59.3063
-59.3744
-59.407
-59.1607
-58.9081
-58.9148
-58.9283
-58.9485
-58.9755
-59.0095
-59.0506
-59.0988
-59.1538
-59.2149
-59.2821
-59.3593
-59.4526
-59.597
-60.0189
-58.939
-58.9458
-58.9594
-58.9797
-59.0069
-59.0412
-59.0827
-59.1315
-59.1875
-59.25
-59.3197
-59.4004
-59.4943
-59.5938
-59.5806
-58.9645
-58.9713
-58.985
-59.0055
-59.033
-59.0675
-59.1094
-59.1588
-59.2154
-59.2788
-59.3495
-59.4319
-59.531
-59.6684
-59.958
-58.9845
-58.9914
-59.0051
-59.0258
-59.0535
-59.0884
-59.1306
-59.1804
-59.2374
-59.3011
-59.3714
-59.4511
-59.5401
-59.6369
-59.7303
-58.9989
-59.0059
-59.0198
-59.0406
-59.0686
-59.1037
-59.1463
-59.1964
-59.2537
-59.3173
-59.3866
-59.4632
-59.5427
-59.6073
-59.5769
-59.0078
-59.0148
-59.0288
-59.0499
-59.0781
-59.1136
-59.1565
-59.2069
-59.2644
-59.328
-59.3969
-59.4729
-59.5544
-59.6432
-59.7808
-59.011
-59.0181
-59.0322
-59.0535
-59.082
-59.1178
-59.1611
-59.212
-59.2697
-59.3334
-59.4023
-59.4782
-59.5598
-59.6448
-59.7208
-59.0085
-59.0156
-59.03
-59.0515
-59.0803
-59.1165
-59.1603
-59.2116
-59.2698
-59.3338
-59.4029
-59.479
-59.5618
-59.6523
-59.7482
-59.0002
-59.0075
-59.022
-59.0438
-59.073
-59.1096
-59.1539
-59.2058
-59.2646
-59.3291
-59.3985
-59.4745
-59.5575
-59.6554
-59.8266
-58.9861
-58.9935
-59.0082
-59.0303
-59.0599
-59.097
-59.142
-59.1946
-59.2542
-59.3196
-59.3895
-59.4648
-59.5415
-59.6074
-59.5896
-58.9661
-58.9736
-58.9885
-59.011
-59.041
-59.0787
-59.1243
-59.1779
-59.2387
-59.3055
-59.3768
-59.4534
-59.532
-59.6169
-59.7938
-58.9402
-58.9478
-58.9629
-58.9857
-59.0161
-59.0545
-59.101
-59.1556
-59.2178
-59.2866
-59.3606
-59.44
-59.5169
-59.5622
-59.4442
-58.9082
-58.9159
-58.9312
-58.9543
-58.9853
-59.0243
-59.0716
-59.1274
-59.1913
-59.2625
-59.3406
-59.4279
-59.5225
-59.6204
-59.7087
-58.87
-58.8778
-58.8934
-58.9169
-58.9483
-58.9879
-59.0361
-59.0929
-59.1584
-59.232
-59.3144
-59.41
-59.5247
-59.685
-60.0441
-58.8257
-58.8336
-58.8494
-58.8732
-58.9051
-58.9453
-58.9941
-59.0519
-59.1186
-59.194
-59.279
-59.3784
-59.4941
-59.6111
-59.5644
-58.7751
-58.7831
-58.7991
-58.8232
-58.8555
-58.8962
-58.9457
-59.0042
-59.0716
-59.1477
-59.2335
-59.335
-59.4613
-59.6507
-60.1362
-58.7181
-58.7262
-58.7424
-58.7668
-58.7995
-58.8407
-58.8907
-58.9497
-59.0173
-59.0931
-59.1772
-59.2738
-59.3834
-59.4841
-59.3315
-58.6547
-58.6628
-58.6793
-58.7039
-58.737
-58.7787
-58.8292
-58.8885
-58.9562
-59.031
-59.1123
-59.2029
-59.3106
-59.4932
-60.1541
-58.5847
-58.593
-58.6096
-58.6346
-58.668
-58.7102
-58.7612
-58.821
-58.889
-58.963
-59.0408
-59.1197
-59.1847
-59.1695
-58.6573
-58.5083
-58.5166
-58.5334
-58.5586
-58.5924
-58.6351
-58.6867
-58.7474
-58.8161
-58.8909
-58.9685
-59.0455
-59.1133
-59.1906
-59.603
-58.4251
-58.4336
-58.4505
-58.476
-58.5102
-58.5533
-58.6057
-58.6675
-58.7379
-58.8152
-58.8965
-58.9772
-59.034
-58.9786
-58.3874
-58.3354
-58.3439
-58.3609
-58.3866
-58.4211
-58.4648
-58.5179
-58.581
-58.6537
-58.7352
-58.8251
-58.9249
-59.0315
-59.1382
-59.2288
-58.2389
-58.2474
-58.2645
-58.2904
-58.3251
-58.3692
-58.423
-58.4872
-58.562
-58.6478
-58.7467
-58.8673
-59.0279
-59.3085
-60.143
-58.1356
-58.1442
-58.1613
-58.1872
-58.2221
-58.2664
-58.3206
-58.3854
-58.4615
-58.5497
-58.6533
-58.7813
-58.9396
-59.0936
-58.8278
-58.0256
-58.0341
-58.0513
-58.0772
-58.1121
-58.1563
-58.2105
-58.2753
-58.3512
-58.4393
-58.5431
-58.6737
-58.8532
-59.17
-60.157
-57.9088
-57.9173
-57.9344
-57.9602
-57.9949
-58.0389
-58.0927
-58.1567
-58.2312
-58.3165
-58.4143
-58.5315
-58.6701
-58.7804
-58.3219
-57.7853
-57.7937
-57.8107
-57.8363
-57.8708
-57.9144
-57.9675
-58.0303
-58.1026
-58.1832
-58.2721
-58.3739
-58.5055
-58.7855
-60.0382
-57.655
-57.6634
-57.6803
-57.7056
-57.7397
-57.7828
-57.8352
-57.8968
-57.9668
-58.0427
-58.1209
-58.195
-58.2367
-58.1146
-56.9941
-57.5181
-57.5264
-57.5431
-57.5682
-57.6019
-57.6444
-57.6961
-57.7569
-57.8255
-57.8991
-57.9726
-58.038
-58.0804
-58.1367
-58.8222
-57.3747
-57.3828
-57.3993
-57.424
-57.4573
-57.4993
-57.5505
-57.6109
-57.6795
-57.7541
-57.8298
-57.8965
-57.9132
-57.7214
-56.5501
-57.2247
-57.2327
-57.2489
-57.2732
-57.306
-57.3475
-57.3982
-57.4585
-57.5282
-57.6066
-57.6932
-57.789
-57.8896
-57.9858
-58.061
-57.0683
-57.0762
-57.092
-57.1159
-57.1481
-57.1889
-57.2389
-57.2989
-57.3695
-57.452
-57.5503
-57.6777
-57.8678
-58.2645
-59.6343
-56.9056
-56.9133
-56.9288
-56.9522
-56.9836
-57.0235
-57.0724
-57.1313
-57.2014
-57.2847
-57.3871
-57.5222
-57.7012
-57.8671
-57.3164
-56.7366
-56.7442
-56.7594
-56.7822
-56.8128
-56.8514
-56.8987
-56.9554
-57.0227
-57.1026
-57.2013
-57.3357
-57.5426
-57.9668
-59.4786
-56.5616
-56.569
-56.5838
-56.606
-56.6357
-56.6729
-56.7181
-56.7717
-56.8339
-56.9058
-56.9907
-57.0982
-57.2318
-57.3107
-56.468
-56.3807
-56.3879
-56.4024
-56.424
-56.4528
-56.4886
-56.5314
-56.5812
-56.6372
-56.6983
-56.7644
-56.842
-56.9579
-57.2941
-59.1151
-56.1938
-56.201
-56.2152
-56.2364
-56.2644
-56.2989
-56.3397
-56.3859
-56.4357
-56.4857
-56.5301
-56.5587
-56.5298
-56.246
-54.4455
-56.0012
-56.0083
-56.0225
-56.0434
-56.0709
-56.1045
-56.1438
-56.1874
-56.2329
-56.2755
-56.3069
-56.3146
-56.2775
-56.2506
-57.1268
-55.8029
-55.81
-55.8242
-55.8452
-55.8726
-55.9059
-55.9445
-55.987
-56.0309
-56.0713
-56.1002
-56.1011
-56.0167
-55.6277
-53.8565
-55.5987
-55.606
-55.6204
-55.6418
-55.6696
-55.7033
-55.7422
-55.7851
-55.8299
-55.8736
-55.9129
-55.9461
-55.9664
-55.9644
-55.9362
-55.3887
-55.3962
-55.4112
-55.4332
-55.4619
-55.4967
-55.5368
-55.5812
-55.6285
-55.6774
-55.7299
-55.7997
-55.9303
-56.3187
-58.0062
-55.1727
-55.1805
-55.1962
-55.2193
-55.2495
-55.286
-55.3281
-55.3748
-55.4247
-55.4771
-55.5349
-55.6103
-55.7138
-55.7705
-54.8774
-54.9503
-54.9587
-54.9753
-54.9999
-55.032
-55.071
-55.116
-55.1656
-55.2179
-55.2713
-55.3278
-55.4009
-55.5287
-55.8814
-57.5188
-54.7214
-54.7303
-54.7481
-54.7745
-54.8092
-54.8516
-54.9004
-54.954
-55.0091
-55.0618
-55.1092
-55.153
-55.1861
-55.0999
-53.8711
-54.4855
-54.495
-54.5142
-54.5428
-54.5806
-54.6272
-54.6813
-54.7406
-54.8007
-54.8545
-54.8932
-54.912
-54.9251
-55.1113
-56.8158
-54.2421
-54.2524
-54.2729
-54.304
-54.3455
-54.3972
-54.4583
-54.5262
-54.5955
-54.656
-54.6911
-54.6744
-54.5426
-54.068
-51.9348
-53.9909
-54.0018
-54.0237
-54.0572
-54.1026
-54.1604
-54.2302
-54.3103
-54.3952
-54.4736
-54.5249
-54.5163
-54.3969
-54.1761
-54.601
-53.7313
-53.7427
-53.7658
-53.8015
-53.8507
-53.9148
-53.9948
-54.0904
-54.1981
-54.3084
-54.4006
-54.4344
-54.3204
-53.8353
-52.1268
-53.4631
-53.4747
-53.4985
-53.5356
-53.588
-53.6579
-53.7482
-53.8615
-53.9982
-54.1543
-54.3167
-54.4548
-54.5004
-54.3439
-53.9203
-53.1861
-53.1975
-53.2212
-53.2586
-53.3125
-53.3865
-53.4855
-53.6157
-53.7835
-53.9944
-54.2497
-54.5389
-54.8196
-55.0375
-55.4289
-52.9004
-52.9112
-52.9336
-52.9696
-53.0226
-53.0973
-53.2009
-53.3432
-53.5377
-53.8022
-54.1591
-54.6284
-55.1813
-55.6103
-55.1837
-52.6066
-52.616
-52.6358
-52.6683
-52.717
-52.7877
-52.889
-53.0339
-53.242
-53.5442
-53.9907
-54.6593
-55.6278
-56.7768
-56.6861
-52.3055
-52.3129
-52.3286
-52.355
-52.3957
-52.4566
-52.5467
-52.6802
-52.8798
-53.1846
-53.6681
-54.4814
-55.9479
-58.8039
-64.5462
-51.9985
-52.0032
-52.0134
-52.0312
-52.0599
-52.1047
-52.1739
-52.28
-52.4435
-52.6994
-53.1167
-53.8493
-55.3019
-58.8262
-69.9911
-70.9326
-59.6475
-56.0523
-54.5629
-53.8093
-53.378
-53.1121
-52.9409
-52.8285
-52.7543
-52.7053
-52.6734
-52.6532
-52.6414
-52.636
-65.8423
-59.6355
-56.6615
-55.1554
-54.3246
-53.8306
-53.5187
-53.3136
-53.1755
-53.0815
-53.0175
-52.9744
-52.9462
-52.9292
-52.9212
-57.0189
-57.3779
-56.2502
-55.2786
-54.606
-54.1556
-53.8501
-53.6391
-53.4914
-53.3877
-53.3149
-53.2644
-53.2307
-53.21
-53.2002
-56.0069
-56.1521
-55.7293
-55.1938
-54.7331
-54.3788
-54.1149
-53.9199
-53.7767
-53.672
-53.5962
-53.5423
-53.5055
-53.4826
-53.4717
-54.9027
-55.3203
-55.2854
-55.0569
-54.7861
-54.5381
-54.3305
-54.1643
-54.0348
-53.9359
-53.8618
-53.8078
-53.7701
-53.7463
-53.7348
-54.5057
-54.802
-54.9749
-54.949
-54.8232
-54.668
-54.5164
-54.3827
-54.2713
-54.1822
-54.113
-54.0612
-54.0244
-54.0008
-53.9893
-52.9234
-54.369
-54.8013
-54.91
-54.8808
-54.7941
-54.6887
-54.5848
-54.4922
-54.4143
-54.3518
-54.3037
-54.2688
-54.2462
-54.2351
-54.9689
-54.6389
-54.8512
-54.9666
-54.9782
-54.9318
-54.8588
-54.7786
-54.7024
-54.6355
-54.58
-54.5363
-54.504
-54.4829
-54.4724
-52.6302
-54.5316
-54.9672
-55.0948
-55.1158
-55.0868
-55.0327
-54.9691
-54.9058
-54.8485
-54.7996
-54.7603
-54.7309
-54.7114
-54.7017
-56.9192
-55.4417
-55.2959
-55.2968
-55.2881
-55.2579
-55.212
-55.1586
-55.1048
-55.0551
-55.0121
-54.9769
-54.9503
-54.9324
-54.9235
-54.3049
-55.4262
-55.5215
-55.505
-55.4752
-55.4387
-55.3953
-55.3479
-55.3007
-55.2569
-55.2185
-55.187
-55.1628
-55.1465
-55.1383
-57.5671
-56.1224
-55.8236
-55.7222
-55.6667
-55.623
-55.5801
-55.5364
-55.4938
-55.4544
-55.4199
-55.3912
-55.3692
-55.3542
-55.3467
-55.1967
-56.022
-55.9874
-55.9072
-55.8498
-55.8055
-55.7643
-55.7236
-55.6843
-55.6483
-55.6166
-55.5902
-55.5699
-55.5561
-55.5491
-58.0304
-56.5182
-56.1815
-56.0761
-56.0237
-55.9845
-55.9468
-55.909
-55.8724
-55.8387
-55.8091
-55.7844
-55.7654
-55.7524
-55.7459
-56.1565
-56.1973
-56.2137
-56.2078
-56.1883
-56.161
-56.1283
-56.093
-56.0581
-56.0259
-55.9976
-55.9741
-55.9559
-55.9436
-55.9374
-54.2641
-55.8926
-56.2602
-56.3487
-56.358
-56.3401
-56.3103
-56.276
-56.2417
-56.21
-56.1823
-56.1594
-56.1417
-56.1297
-56.1237
-57.2497
-56.4626
-56.4994
-56.544
-56.5466
-56.526
-56.4941
-56.4583
-56.4231
-56.391
-56.3632
-56.3403
-56.3228
-56.311
-56.3051
-54.7929
-56.4599
-56.7318
-56.7682
-56.7512
-56.7183
-56.6795
-56.6396
-56.6021
-56.5686
-56.5401
-56.5169
-56.4993
-56.4874
-56.4815
-59.0889
-57.4252
-57.1265
-57.0293
-56.9666
-56.9135
-56.8643
-56.8187
-56.7778
-56.7425
-56.7128
-56.689
-56.671
-56.659
-56.653
-56.6499
-57.4418
-57.3799
-57.2659
-57.1753
-57.1046
-57.0452
-56.9938
-56.9494
-56.9119
-56.881
-56.8564
-56.8379
-56.8256
-56.8194
-59.4397
-58.0506
-57.6682
-57.4859
-57.3701
-57.2864
-57.2194
-57.1633
-57.1159
-57.0765
-57.0442
-57.0187
-56.9998
-56.9871
-56.9808
-57.4354
-57.9598
-57.8162
-57.6592
-57.5426
-57.4552
-57.3849
-57.326
-57.2766
-57.2356
-57.2022
-57.176
-57.1565
-57.1435
-57.1371
-59.6003
-58.3321
-57.9721
-57.8043
-57.6945
-57.6107
-57.5411
-57.4816
-57.4311
-57.389
-57.3548
-57.3278
-57.3078
-57.2946
-57.288
-58.1328
-58.0729
-57.9933
-57.9088
-57.8282
-57.7551
-57.6891
-57.6302
-57.5794
-57.5366
-57.5017
-57.4742
-57.4538
-57.4403
-57.4336
-56.7169
-57.8267
-58.0167
-58.0102
-57.9565
-57.8933
-57.8307
-57.7727
-57.7217
-57.6784
-57.643
-57.615
-57.5942
-57.5805
-57.5736
-58.8531
-58.2184
-58.1751
-58.1441
-58.0911
-58.0298
-57.9678
-57.9097
-57.8582
-57.8144
-57.7785
-57.7501
-57.729
-57.715
-57.7081
-57.1277
-58.1988
-58.3237
-58.293
-58.2314
-58.1653
-58.1009
-58.0414
-57.9891
-57.9446
-57.9082
-57.8794
-57.8581
-57.844
-57.837
-60.0136
-58.8355
-58.5792
-58.4629
-58.3747
-58.2983
-58.2292
-58.1676
-58.114
-58.0689
-58.032
-58.003
-57.9815
-57.9672
-57.9601
-58.3826
-58.8314
-58.7361
-58.6128
-58.5098
-58.4247
-58.3513
-58.2874
-58.2328
-58.1871
-58.1499
-58.1206
-58.099
-58.0847
-58.0776
-60.1387
-59.2045
-58.911
-58.7484
-58.6324
-58.5415
-58.4654
-58.4002
-58.3449
-58.299
-58.2616
-58.2323
-58.2107
-58.1963
-58.1892
-58.865
-59.1321
-58.9939
-58.8511
-58.7375
-58.6468
-58.5706
-58.5055
-58.4503
-58.4045
-58.3673
-58.3381
-58.3165
-58.3022
-58.2951
-60.1386
-59.3403
-59.0786
-58.9332
-58.8266
-58.7405
-58.6669
-58.6032
-58.5489
-58.5036
-58.4668
-58.4379
-58.4165
-58.4023
-58.3953
-59.254
-59.1751
-59.0814
-58.9879
-58.9014
-58.8242
-58.755
-58.6937
-58.6408
-58.5965
-58.5603
-58.5318
-58.5107
-58.4967
-58.4898
-58.4341
-59.0195
-59.0828
-59.0374
-58.9696
-58.901
-58.8364
-58.7777
-58.7265
-58.6833
-58.6478
-58.6199
-58.5992
-58.5855
-58.5786
-59.6228
-59.2259
-59.1585
-59.1021
-59.0381
-58.9738
-58.9123
-58.8559
-58.8063
-58.7642
-58.7297
-58.7024
-58.6821
-58.6686
-58.6619
-58.692
-59.2027
-59.2252
-59.1717
-59.1066
-59.0432
-58.9834
-58.9287
-58.8805
-58.8396
-58.8059
-58.7793
-58.7595
-58.7463
-58.7397
-60.1704
-59.5178
-59.3436
-59.2488
-59.174
-59.1089
-59.0497
-58.9963
-58.9494
-58.9096
-58.8768
-58.8508
-58.8315
-58.8186
-58.8122
-59.3581
-59.4999
-59.4055
-59.3118
-59.2344
-59.169
-59.1108
-59.0586
-59.013
-58.9743
-58.9424
-58.9171
-58.8982
-58.8857
-58.8794
-60.166
-59.6455
-59.4656
-59.363
-59.2865
-59.2229
-59.1664
-59.1158
-59.0715
-59.0339
-59.0028
-58.9782
-58.9598
-58.9476
-58.9415
-59.6365
-59.5538
-59.4708
-59.3958
-59.3294
-59.2705
-59.2167
-59.168
-59.1251
-59.0885
-59.0583
-59.0343
-59.0164
-59.0044
-58.9985
-59.1743
-59.4618
-59.4691
-59.4223
-59.3668
-59.3131
-59.2623
-59.2154
-59.1739
-59.1383
-59.1089
-59.0855
-59.068
-59.0564
-59.0506
-59.8074
-59.5636
-59.5039
-59.4545
-59.403
-59.3525
-59.3038
-59.2585
-59.2181
-59.1835
-59.1548
-59.132
-59.1149
-59.1035
-59.0979
-59.3347
-59.5367
-59.5303
-59.4878
-59.4383
-59.3892
-59.3418
-59.2976
-59.2581
-59.2242
-59.1961
-59.1738
-59.1571
-59.146
-59.1404
-59.904
-59.6539
-59.5805
-59.5255
-59.4731
-59.4236
-59.3764
-59.3327
-59.2938
-59.2605
-59.2329
-59.211
-59.1946
-59.1837
-59.1783
-59.4842
-59.6478
-59.6166
-59.5611
-59.5059
-59.4549
-59.4074
-59.3638
-59.3253
-59.2924
-59.2653
-59.2437
-59.2277
-59.217
-59.2116
-60.0765
-59.7762
-59.6685
-59.5961
-59.5355
-59.4826
-59.4344
-59.3908
-59.3525
-59.32
-59.2932
-59.272
-59.2562
-59.2457
-59.2405
-59.7709
-59.7702
-59.6947
-59.6224
-59.5598
-59.5056
-59.457
-59.4134
-59.3754
-59.3432
-59.3168
-59.2959
-59.2804
-59.2701
-59.2649
-60.0025
-59.8156
-59.7174
-59.6417
-59.5781
-59.5235
-59.4749
-59.4315
-59.3938
-59.3621
-59.336
-59.3155
-59.3002
-59.29
-59.285
-59.8463
-59.7986
-59.7232
-59.6522
-59.59
-59.5361
-59.4879
-59.4451
-59.4079
-59.3766
-59.3509
-59.3307
-59.3157
-59.3057
-59.3008
-59.8934
-59.8003
-59.7246
-59.6564
-59.596
-59.5433
-59.4961
-59.454
-59.4175
-59.3867
-59.3616
-59.3417
-59.327
-59.3172
-59.3124
-59.854
-59.7892
-59.7198
-59.6547
-59.5966
-59.5455
-59.4996
-59.4585
-59.4228
-59.3927
-59.368
-59.3486
-59.3341
-59.3246
-59.3198
-59.869
-59.7807
-59.7107
-59.6479
-59.5921
-59.5429
-59.4985
-59.4586
-59.4238
-59.3944
-59.3703
-59.3513
-59.3372
-59.3278
-59.3232
-59.7996
-59.7589
-59.6955
-59.6359
-59.5827
-59.5358
-59.4931
-59.4545
-59.4207
-59.3921
-59.3687
-59.3501
-59.3363
-59.3271
-59.3225
-59.9228
-59.7522
-59.6764
-59.619
-59.569
-59.5245
-59.4837
-59.4465
-59.4137
-59.3859
-59.363
-59.3449
-59.3314
-59.3224
-59.318
-59.6153
-59.6788
-59.6435
-59.5966
-59.5512
-59.5096
-59.4706
-59.4347
-59.403
-59.376
-59.3536
-59.3359
-59.3227
-59.3139
-59.3095
-59.8314
-59.6736
-59.6174
-59.5728
-59.5307
-59.4915
-59.4542
-59.4195
-59.3887
-59.3623
-59.3405
-59.3232
-59.3103
-59.3016
-59.2973
-59.4908
-59.5971
-59.5822
-59.5468
-59.5082
-59.4708
-59.4348
-59.4011
-59.371
-59.3452
-59.3238
-59.3068
-59.2941
-59.2856
-59.2814
-59.7608
-59.6041
-59.5601
-59.5227
-59.4847
-59.448
-59.4126
-59.3796
-59.35
-59.3246
-59.3036
-59.2869
-59.2743
-59.266
-59.2618
-59.3582
-59.5323
-59.5323
-59.4987
-59.4601
-59.4231
-59.3878
-59.355
-59.3257
-59.3007
-59.2799
-59.2634
-59.251
-59.2428
-59.2386
-59.6339
-59.5806
-59.5268
-59.4778
-59.4344
-59.3957
-59.3601
-59.3273
-59.2983
-59.2734
-59.2528
-59.2364
-59.2241
-59.2159
-59.2119
-59.9555
-59.6287
-59.5167
-59.4529
-59.4051
-59.3652
-59.3292
-59.2965
-59.2676
-59.2429
-59.2224
-59.206
-59.1938
-59.1856
-59.1815
-59.4306
-59.527
-59.4722
-59.4164
-59.3701
-59.3307
-59.2951
-59.2625
-59.2337
-59.209
-59.1885
-59.1722
-59.1599
-59.1517
-59.1477
-59.9296
-59.5296
-59.4272
-59.373
-59.3302
-59.2926
-59.2577
-59.2254
-59.1966
-59.1719
-59.1514
-59.1349
-59.1226
-59.1144
-59.1103
-58.9964
-59.3251
-59.3478
-59.3213
-59.2864
-59.2514
-59.2173
-59.1853
-59.1565
-59.1316
-59.1109
-59.0943
-59.0818
-59.0735
-59.0693
-59.5619
-59.3324
-59.3015
-59.2752
-59.2427
-59.2086
-59.1746
-59.1423
-59.1132
-59.0881
-59.067
-59.0502
-59.0375
-59.029
-59.0248
-58.8356
-59.2013
-59.2509
-59.233
-59.1998
-59.1645
-59.1295
-59.0966
-59.067
-59.0413
-59.0199
-59.0026
-58.9897
-58.981
-58.9766
-59.3232
-59.289
-59.246
-59.2012
-59.1584
-59.119
-59.0821
-59.048
-59.0176
-58.9913
-58.9693
-58.9516
-58.9383
-58.9293
-58.9248
-59.8429
-59.3823
-59.2415
-59.1677
-59.1144
-59.0706
-59.0317
-58.9964
-58.9651
-58.938
-58.9153
-58.897
-58.8832
-58.8739
-58.8692
-59.0752
-59.2529
-59.1893
-59.1196
-59.0636
-59.0179
-58.9777
-58.9415
-58.9093
-58.8814
-58.8579
-58.8388
-58.8243
-58.8146
-58.8097
-59.8076
-59.2904
-59.1405
-59.0616
-59.0056
-58.9603
-58.92
-58.8833
-58.8503
-58.8214
-58.7969
-58.7769
-58.7616
-58.7513
-58.7461
-58.7846
-59.0723
-59.0413
-58.9875
-58.9399
-58.8981
-58.8589
-58.8221
-58.7882
-58.7581
-58.7323
-58.7111
-58.6949
-58.6839
-58.6784
-59.6921
-59.0749
-58.9569
-58.9088
-58.8702
-58.8329
-58.7953
-58.7582
-58.7231
-58.6915
-58.6641
-58.6414
-58.6239
-58.6121
-58.6061
-58.1148
-58.7302
-58.823
-58.8231
-58.7994
-58.7671
-58.7304
-58.6923
-58.6555
-58.6217
-58.5921
-58.5675
-58.5486
-58.5357
-58.5291
-59.0386
-58.748
-58.7527
-58.7537
-58.7344
-58.7033
-58.6655
-58.6251
-58.5854
-58.5487
-58.5163
-58.4893
-58.4684
-58.4542
-58.447
-57.9647
-58.5601
-58.684
-58.6981
-58.6776
-58.6431
-58.6014
-58.5569
-58.513
-58.4723
-58.4363
-58.4063
-58.3831
-58.3673
-58.3593
-58.6914
-58.6993
-58.6906
-58.6662
-58.6303
-58.587
-58.5385
-58.4878
-58.4382
-58.3923
-58.3519
-58.3181
-58.2921
-58.2744
-58.2654
-59.4196
-58.8495
-58.7074
-58.6418
-58.5881
-58.5337
-58.4761
-58.4175
-58.3606
-58.3083
-58.2623
-58.2242
-58.1948
-58.1749
-58.1648
-58.4013
-58.7019
-58.6701
-58.609
-58.5464
-58.4815
-58.4138
-58.3454
-58.2797
-58.2195
-58.167
-58.1237
-58.0904
-58.0679
-58.0566
-59.3305
-58.7847
-58.6522
-58.5771
-58.5059
-58.4305
-58.351
-58.271
-58.1946
-58.1251
-58.065
-58.0157
-57.9781
-57.9527
-57.94
-58.1583
-58.5799
-58.5937
-58.5422
-58.4683
-58.3816
-58.2879
-58.1936
-58.1043
-58.0241
-57.9552
-57.8992
-57.8567
-57.8283
-57.814
-59.1868
-58.658
-58.5796
-58.5225
-58.4395
-58.3366
-58.2243
-58.1123
-58.0077
-57.9148
-57.8361
-57.7727
-57.7251
-57.6934
-57.6776
-57.7114
-58.4227
-58.5501
-58.5206
-58.4243
-58.2973
-58.1599
-58.0255
-57.9025
-57.7954
-57.706
-57.6349
-57.5821
-57.5471
-57.5297
-58.6257
-58.5927
-58.6287
-58.5649
-58.4304
-58.2643
-58.0925
-57.9304
-57.7862
-57.6634
-57.5629
-57.4841
-57.4261
-57.3881
-57.3692
-58.2603
-58.7142
-58.7759
-58.658
-58.4583
-58.2346
-58.0177
-57.8224
-57.6547
-57.5158
-57.4044
-57.3184
-57.2559
-57.2152
-57.1952
-58.8939
-59.1078
-59.0473
-58.8075
-58.5027
-58.1996
-57.9271
-57.6947
-57.503
-57.3488
-57.2278
-57.1361
-57.0702
-57.0276
-57.0067
-59.3846
-59.6915
-59.4426
-59.0019
-58.546
-58.1427
-57.808
-57.5384
-57.325
-57.1584
-57.0307
-56.9354
-56.8678
-56.8245
-56.8033
-60.9398
-60.6608
-59.9705
-59.2067
-58.5524
-58.0376
-57.6432
-57.3427
-57.1141
-56.9408
-56.8107
-56.7152
-56.6481
-56.6055
-56.5848
-61.4221
-61.9152
-60.5489
-59.335
-58.4616
-57.8486
-57.4126
-57.0967
-56.8646
-56.693
-56.5665
-56.4748
-56.4111
-56.3709
-56.3515
-71.6387
-64.4604
-61.0211
-59.2268
-58.1895
-57.536
-57.0981
-56.7922
-56.5728
-56.4135
-56.2977
-56.2147
-56.1575
-56.1215
-56.1042
-76.7738
-64.4087
-60.3504
-58.5926
-57.6503
-57.0734
-56.6916
-56.4272
-56.2391
-56.1036
-56.0058
-55.9362
-55.8886
-55.8589
-55.8446
-51.6566
-51.6576
-51.6602
-51.6661
-51.6776
-51.6987
-51.7352
-51.7954
-51.8915
-52.0411
-52.2694
-52.6038
-53.0071
-53.0138
-49.6908
-51.2817
-51.2779
-51.2708
-51.2611
-51.2502
-51.2399
-51.2324
-51.2302
-51.2344
-51.2423
-51.2392
-51.1756
-50.8982
-50.0021
-47.6797
-50.9095
-50.9007
-50.883
-50.8566
-50.8216
-50.7776
-50.7239
-50.6576
-50.5722
-50.453
-50.2695
-49.9607
-49.4068
-48.4159
-46.8224
-50.5454
-50.5314
-50.5031
-50.46
-50.4011
-50.3246
-50.2273
-50.1034
-49.9426
-49.7266
-49.425
-48.9898
-48.3511
-47.4318
-46.2169
-50.1944
-50.1754
-50.1371
-50.0783
-49.9974
-49.8917
-49.7566
-49.5854
-49.367
-49.0846
-48.7137
-48.2227
-47.5748
-46.7429
-45.7395
-49.8614
-49.838
-49.7906
-49.7179
-49.618
-49.4874
-49.3217
-49.1139
-48.8543
-48.5294
-48.1218
-47.6118
-46.9818
-46.2243
-45.3541
-49.551
-49.5237
-49.4685
-49.3841
-49.2682
-49.1178
-48.9283
-48.6938
-48.4063
-48.0559
-47.6309
-47.1202
-46.5157
-45.8174
-45.0383
-49.2671
-49.2365
-49.1749
-49.0808
-48.9523
-48.7864
-48.5793
-48.3261
-48.0206
-47.6561
-47.2251
-46.7215
-46.1425
-45.4909
-44.7769
-49.0128
-48.9797
-48.9129
-48.8112
-48.6729
-48.4955
-48.2758
-48.01
-47.6936
-47.3221
-46.8912
-46.3977
-45.8415
-45.226
-44.5597
-48.7909
-48.7557
-48.6849
-48.5775
-48.4319
-48.2461
-48.0177
-47.7437
-47.4212
-47.0471
-46.6191
-46.1361
-45.599
-45.0116
-44.3804
-48.6033
-48.5666
-48.4928
-48.3811
-48.2303
-48.0386
-47.8043
-47.5253
-47.1996
-46.8253
-46.4014
-45.9279
-45.4063
-44.8402
-44.2351
-48.4516
-48.4138
-48.3379
-48.2232
-48.0686
-47.873
-47.6349
-47.353
-47.0258
-46.6524
-46.2326
-45.7671
-45.2575
-44.7073
-44.1211
-48.337
-48.2985
-48.2211
-48.1042
-47.9472
-47.7491
-47.5087
-47.2251
-46.8974
-46.5253
-46.109
-45.6495
-45.1487
-44.6098
-44.0368
-48.2602
-48.2212
-48.1429
-48.0248
-47.8663
-47.6666
-47.4249
-47.1404
-46.8128
-46.4417
-46.0279
-45.5724
-45.0774
-44.5457
-43.9811
-48.2217
-48.1824
-48.1037
-47.985
-47.8258
-47.6254
-47.3831
-47.0983
-46.7707
-46.4003
-45.9877
-45.5343
-45.0421
-44.514
-43.9534
-39.863
-46.0603
-46.1906
-41.1938
-36.4362
-23.9778
-36.8971
-42.185
-48.9293
-49.1151
-43.1138
-39.9431
-34.7846
-30.4075
-19.7907
-29.8955
-33.8014
-38.4013
-37.9717
-31.9803
-27.5536
-17.371
-25.3413
-28.1686
-30.7471
-32.2952
-35.3529
-34.5184
-28.6367
-24.5137
-15.3845
-22.2489
-24.6806
-26.9055
-28.2792
-31.0449
-30.3844
-25.373
-21.8327
-13.898
-20.2977
-22.7189
-25.2513
-26.9166
-30.3344
-30.2323
-26.4822
-24.6032
-21.7029
-19.176
-12.8715
-19.728
-22.6226
-26.4613
-26.5984
-23.2068
-20.4552
-13.5485
-20.5035
-23.3881
-26.8296
-29.0423
-33.373
-33.4163
-29.1429
-25.6929
-17.0166
-25.9541
-29.7018
-34.2395
-37.1503
-42.8244
-42.9294
-37.4984
-33.0541
-21.8038
-33.3898
-38.207
-43.9742
-47.6162
-54.6658
-54.6393
-47.4014
-41.5385
-26.9511
-41.0634
-46.3974
-51.8824
-51.5169
-43.9315
-44.52
-44.4399
-43.4773
-41.0177
-38.1782
-35.3891
-38.1356
-40.9121
-43.2581
-43.2807
-41.0502
-38.4768
-35.3697
-32.349
-29.5328
-31.2971
-33.0892
-34.4393
-33.917
-31.4711
-28.7329
-25.9727
-27.2135
-28.6484
-29.9991
-30.9861
-31.6576
-30.8174
-28.3286
-25.7011
-23.1228
-24.1113
-25.3207
-26.4917
-27.3827
-28.0352
-27.3853
-25.3207
-23.1459
-21.0531
-22.187
-23.5613
-24.9951
-26.2192
-27.3296
-27.208
-25.8366
-24.3651
-22.6657
-21.0621
-19.6632
-21.2187
-22.8383
-24.2764
-24.4382
-23.336
-21.9865
-20.6851
-22.4814
-24.4717
-26.5753
-28.3941
-30.0645
-30.2367
-28.8811
-27.2423
-25.6864
-28.072
-30.7041
-33.4914
-35.9018
-38.1172
-38.3846
-36.6703
-34.5589
-32.5273
-35.5809
-38.9177
-42.4087
-45.3679
-48.0148
-48.1303
-45.6439
-42.5983
-39.5255
-42.6698
-45.8134
-48.4544
-49.3298
-49.1031
-45.1188
-44.0894
-42.9191
-41.3882
-39.8472
-38.8285
-39.3302
-40.2585
-40.9322
-40.6901
-39.48
-37.7789
-35.8303
-33.9956
-32.679
-32.6583
-33.0136
-33.1733
-32.6323
-31.3831
-29.9438
-28.813
-28.8067
-29.2496
-29.775
-30.1319
-30.1397
-29.491
-28.2204
-26.8183
-25.7252
-25.6561
-26.0168
-26.4818
-26.8302
-26.902
-26.4242
-25.4277
-24.3416
-23.5625
-23.7309
-24.3189
-25.0415
-25.6867
-26.0999
-25.9841
-25.3362
-24.4559
-23.4911
-22.6543
-22.2013
-22.6179
-23.3161
-23.93
-24.099
-23.8223
-23.4487
-23.3617
-24.1805
-25.3927
-26.7318
-27.9604
-28.9139
-29.2576
-29.0276
-28.6728
-28.6806
-29.8352
-31.4834
-33.2861
-34.9346
-36.2156
-36.694
-36.414
-35.9491
-35.9281
-37.3645
-39.4064
-41.6089
-43.5695
-45.0088
-45.3682
-44.6916
-43.6973
-43.1472
-44.2771
-45.9531
-47.5688
-48.729
-49.6886
-44.9839
-43.9414
-42.8797
-41.7724
-40.7634
-40.0782
-39.91
-39.9712
-39.9248
-39.4929
-38.6166
-37.437
-36.1265
-34.8961
-33.959
-33.4781
-33.2197
-32.9163
-32.3676
-31.5687
-30.7104
-30.0344
-29.7532
-29.7322
-29.794
-29.7808
-29.5676
-29.0603
-28.3022
-27.4911
-26.8535
-26.5826
-26.5633
-26.6406
-26.6764
-26.5609
-26.2108
-25.6644
-25.0962
-24.7079
-24.6716
-24.8831
-25.2005
-25.4889
-25.6327
-25.5272
-25.1714
-24.669
-24.133
-23.6947
-23.4878
-23.6122
-23.9161
-24.2248
-24.4024
-24.4486
-24.4991
-24.7344
-25.3137
-26.1316
-27.048
-27.9234
-28.6417
-29.1052
-29.3545
-29.5814
-30.0241
-30.8881
-32.0407
-33.3034
-34.4967
-35.47
-36.0957
-36.4243
-36.7005
-37.2301
-38.2765
-39.664
-41.1577
-42.5218
-43.558
-44.0978
-44.1969
-44.1564
-44.3496
-45.0977
-46.1794
-47.3391
-48.4168
-49.4509
-44.7373
-43.8202
-42.9056
-42.0143
-41.2128
-40.5831
-40.159
-39.8385
-39.472
-38.9354
-38.1896
-37.2831
-36.3075
-35.3738
-34.5819
-33.9776
-33.4903
-33.0124
-32.4634
-31.8399
-31.2148
-30.6873
-30.3251
-30.0957
-29.9212
-29.7181
-29.4193
-28.991
-28.4606
-27.9145
-27.454
-27.1474
-26.9711
-26.8596
-26.7412
-26.558
-26.2806
-25.9333
-25.5923
-25.3468
-25.2561
-25.2957
-25.4016
-25.5001
-25.5252
-25.4315
-25.2185
-24.9313
-24.6349
-24.4025
-24.2977
-24.3489
-24.5095
-24.7092
-24.8956
-25.0692
-25.2838
-25.6124
-26.1038
-26.7293
-27.4236
-28.1133
-28.7369
-29.2617
-29.7142
-30.1798
-30.7611
-31.5257
-32.4397
-33.4211
-34.376
-35.2251
-35.9255
-36.5101
-37.0874
-37.7881
-38.6975
-39.7688
-40.8931
-41.9461
-42.8222
-43.4621
-43.9031
-44.2788
-44.7531
-45.438
-46.2935
-47.2273
-48.1673
-49.0955
-44.4953
-43.6946
-42.8972
-42.1262
-41.4145
-40.7912
-40.2584
-39.7715
-39.2639
-38.6785
-37.9939
-37.2286
-36.4277
-35.6472
-34.9345
-34.3086
-33.7475
-33.2106
-32.6665
-32.1133
-31.579
-31.1021
-30.7062
-30.3804
-30.0899
-29.7935
-29.4578
-29.0692
-28.6421
-28.2153
-27.8334
-27.5251
-27.286
-27.089
-26.9001
-26.6915
-26.4517
-26.1938
-25.9516
-25.7638
-25.6535
-25.6135
-25.6142
-25.6178
-25.5897
-25.5081
-25.3733
-25.2074
-25.0456
-24.9271
-24.8839
-24.9286
-25.0471
-25.2135
-25.408
-25.6315
-25.905
-26.2564
-26.7015
-27.2284
-27.8065
-28.3988
-28.9751
-29.5226
-30.0557
-30.612
-31.2346
-31.9486
-32.7421
-33.5773
-34.4078
-35.195
-35.9221
-36.6068
-37.2967
-38.046
-38.8853
-39.7974
-40.7314
-41.6252
-42.4268
-43.1125
-43.7032
-44.2593
-44.853
-45.5324
-46.2945
-47.1066
-47.9343
-48.7547
-44.2769
-43.5639
-42.85
-42.1523
-41.4882
-40.8687
-40.291
-39.734
-39.1673
-38.5643
-37.9142
-37.2249
-36.5185
-35.8229
-35.1618
-34.546
-33.9699
-33.4193
-32.8828
-32.3597
-31.8607
-31.4004
-30.9867
-30.6145
-30.2675
-29.9257
-29.573
-29.2033
-28.8236
-28.4516
-28.1074
-27.8038
-27.5408
-27.3073
-27.0881
-26.8704
-26.6496
-26.4322
-26.2333
-26.0696
-25.9506
-25.8732
-25.8233
-25.7821
-25.7319
-25.6622
-25.5738
-25.4782
-25.3946
-25.3441
-25.3441
-25.4025
-25.5166
-25.6778
-25.8794
-26.1223
-26.4145
-26.7662
-27.1817
-27.6546
-28.1695
-28.7079
-29.255
-29.8049
-30.3642
-30.949
-31.577
-32.2575
-32.9847
-33.7406
-34.5024
-35.2514
-35.9801
-36.6965
-37.4205
-38.1743
-38.9685
-39.7945
-40.6276
-41.4373
-42.1981
-42.9
-43.5532
-44.1854
-44.8293
-45.5075
-46.2229
-46.9634
-47.7114
-48.4497
-44.0839
-43.434
-42.7787
-42.1298
-41.497
-40.8856
-40.2934
-39.7103
-39.1224
-38.5175
-37.8906
-37.2455
-36.5934
-35.9487
-35.324
-34.7262
-34.1554
-33.6078
-33.0797
-32.5713
-32.0868
-31.6315
-31.2077
-30.8125
-30.4377
-30.0738
-29.7128
-29.352
-28.9945
-28.6485
-28.3231
-28.0245
-27.7535
-27.5057
-27.2744
-27.0542
-26.8432
-26.6445
-26.465
-26.3117
-26.1885
-26.0938
-26.0207
-25.9599
-25.9026
-25.844
-25.7851
-25.7323
-25.6964
-25.6892
-25.7208
-25.797
-25.9188
-26.0844
-26.292
-26.5425
-26.839
-27.1846
-27.5799
-28.0208
-28.499
-29.0051
-29.5313
-30.0743
-30.6364
-31.2241
-31.8442
-32.4994
-33.1863
-33.8956
-34.6158
-35.3374
-36.0562
-36.7751
-37.5018
-38.2445
-39.0062
-39.7815
-40.5577
-41.3196
-42.0545
-42.7576
-43.4334
-44.0947
-44.7563
-45.4289
-46.1151
-46.8094
-47.5021
-48.1817
-43.916
-43.3112
-42.6978
-42.0835
-41.4747
-40.8744
-40.2821
-39.6933
-39.1018
-38.5023
-37.8929
-37.276
-36.6576
-36.0456
-35.4472
-34.8673
-34.3077
-33.7681
-33.2483
-32.7486
-32.2709
-31.8172
-31.3879
-30.981
-30.5926
-30.2178
-29.8528
-29.4961
-29.1493
-28.816
-28.5005
-28.206
-27.9332
-27.6806
-27.4453
-27.2251
-27.0195
-26.8299
-26.6593
-26.5108
-26.3861
-26.2839
-26.2011
-26.1331
-26.0757
-26.0271
-25.9881
-25.9627
-25.9574
-25.979
-26.034
-26.1264
-26.2586
-26.4309
-26.6435
-26.8972
-27.1931
-27.5319
-27.913
-28.3336
-28.7889
-29.2738
-29.7837
-30.3164
-30.8722
-31.4531
-32.061
-32.6962
-33.356
-34.0352
-34.7275
-35.4276
-36.1326
-36.8427
-37.5603
-38.2875
-39.0244
-39.7671
-40.5086
-41.2407
-41.9569
-42.6543
-43.3347
-44.0034
-44.6673
-45.3309
-45.9953
-46.6575
-47.3114
-47.9494
-43.7725
-43.2005
-42.6175
-42.029
-41.4395
-40.8515
-40.2654
-39.6797
-39.0922
-38.501
-37.9057
-37.3083
-36.7124
-36.1227
-35.5437
-34.9791
-34.4309
-33.9002
-33.3877
-32.8942
-32.4207
-31.9679
-31.5358
-31.1233
-30.7281
-30.348
-29.9811
-29.6264
-29.2848
-28.9581
-28.6482
-28.3568
-28.0845
-27.8308
-27.5949
-27.3757
-27.1733
-26.9884
-26.8223
-26.6765
-26.5515
-26.4468
-26.3608
-26.2915
-26.237
-26.1968
-26.1719
-26.1651
-26.1801
-26.2216
-26.2936
-26.3993
-26.541
-26.7198
-26.9365
-27.1917
-27.4858
-27.8188
-28.1898
-28.5968
-29.0369
-29.5067
-30.0037
-30.5258
-31.0724
-31.6435
-32.2389
-32.8579
-33.4981
-34.1562
-34.8283
-35.5109
-36.2017
-36.8998
-37.6049
-38.3169
-39.0344
-39.7546
-40.473
-41.1849
-41.8864
-42.5756
-43.2526
-43.9194
-44.5785
-45.2317
-45.8788
-46.5175
-47.1436
-47.7518
-43.6532
-43.1051
-42.5444
-41.9755
-41.4017
-40.8254
-40.2476
-39.6685
-39.0877
-38.5052
-37.9214
-37.3382
-36.758
-36.1841
-35.6196
-35.0671
-34.5288
-34.006
-33.4998
-33.0112
-32.5407
-32.0889
-31.6558
-31.2406
-30.8423
-30.4596
-30.0918
-29.7383
-29.3995
-29.0762
-28.7695
-28.4804
-28.2093
-27.9561
-27.7207
-27.5028
-27.3025
-27.1202
-26.9567
-26.8127
-26.6883
-26.5833
-26.4972
-26.4291
-26.3783
-26.3451
-26.3305
-26.3364
-26.3654
-26.4207
-26.5051
-26.6211
-26.7706
-26.9548
-27.1747
-27.4307
-27.7231
-28.0516
-28.4154
-28.8129
-29.2423
-29.7013
-30.1879
-30.7004
-31.2378
-31.7991
-32.3834
-32.9893
-33.6147
-34.2573
-34.9141
-35.5827
-36.2608
-36.9469
-37.6399
-38.3385
-39.0409
-39.7446
-40.4467
-41.144
-41.8338
-42.5144
-43.1851
-43.8462
-44.4983
-45.1412
-45.7743
-46.3954
-47.0013
-47.5881
-43.558
-43.0271
-42.4828
-41.9285
-41.3671
-40.8008
-40.2312
-39.6592
-39.0854
-38.5107
-37.9362
-37.3634
-36.7945
-36.2319
-35.6778
-35.1347
-34.6042
-34.0878
-33.5868
-33.102
-32.634
-32.1833
-31.75
-31.3337
-30.934
-30.5503
-30.1821
-29.8293
-29.492
-29.1708
-28.8661
-28.5786
-28.3086
-28.0563
-27.8218
-27.605
-27.4062
-27.2257
-27.0638
-26.9211
-26.7976
-26.6934
-26.6083
-26.5422
-26.4951
-26.4674
-26.4602
-26.4749
-26.5137
-26.5786
-26.6718
-26.7953
-26.9507
-27.1391
-27.3614
-27.6179
-27.909
-28.2342
-28.5928
-28.9837
-29.4055
-29.8565
-30.3351
-30.8398
-31.3692
-31.9221
-32.4971
-33.0928
-33.7072
-34.3381
-34.9835
-35.6409
-36.3085
-36.9844
-37.667
-38.3546
-39.0455
-39.7372
-40.4276
-41.114
-41.7945
-42.4673
-43.1314
-43.7861
-44.4309
-45.065
-45.687
-46.2949
-46.8862
-47.4578
-43.4868
-42.9679
-42.4351
-41.8913
-41.3391
-40.7807
-40.2178
-39.6519
-39.0841
-38.5158
-37.9481
-37.3829
-36.8218
-36.267
-35.7204
-35.1839
-34.6592
-34.1476
-33.6504
-33.1685
-32.7025
-32.2528
-31.8197
-31.4032
-31.003
-30.6188
-30.2506
-29.8983
-29.5619
-29.2418
-28.9384
-28.652
-28.383
-28.1315
-27.8977
-27.6819
-27.4841
-27.3047
-27.144
-27.0023
-26.8797
-26.7765
-26.6927
-26.6286
-26.5844
-26.5608
-26.5588
-26.5796
-26.6248
-26.6962
-26.7955
-26.9243
-27.0838
-27.2752
-27.4992
-27.7561
-28.0462
-28.3691
-28.7242
-29.1106
-29.5272
-29.9725
-30.4452
-30.9439
-31.4671
-32.0135
-32.5816
-33.1697
-33.776
-34.3987
-35.0356
-35.6849
-36.3444
-37.0124
-37.687
-38.3664
-39.0488
-39.732
-40.414
-41.0927
-41.7662
-42.4328
-43.0912
-43.7403
-44.379
-45.006
-45.6197
-46.2183
-46.7994
-47.3604
-43.4393
-42.928
-42.4026
-41.8656
-41.3196
-40.7666
-40.2085
-39.6469
-39.0834
-38.5194
-37.9564
-37.396
-36.84
-36.2901
-35.7483
-35.2161
-34.6951
-34.1868
-33.6921
-33.2121
-32.7475
-32.2986
-31.8659
-31.4493
-31.049
-30.6647
-30.2966
-29.9445
-29.6087
-29.2893
-28.9866
-28.7009
-28.4325
-28.1816
-27.9484
-27.7332
-27.5361
-27.3575
-27.1975
-27.0565
-26.9346
-26.8322
-26.7495
-26.6869
-26.6447
-26.6238
-26.6251
-26.6497
-26.6989
-26.7744
-26.8775
-27.0095
-27.1717
-27.365
-27.59
-27.8473
-28.1367
-28.4582
-28.8111
-29.1947
-29.6079
-30.0496
-30.5185
-31.0131
-31.5322
-32.0741
-32.6375
-33.2206
-33.8217
-34.439
-35.0705
-35.7142
-36.3684
-37.031
-37.7002
-38.3742
-39.0511
-39.7288
-40.4054
-41.0789
-41.7477
-42.41
-43.0644
-43.7094
-44.3437
-44.9659
-45.5742
-46.1667
-46.7413
-47.2957
-43.4156
-42.908
-42.3862
-41.8526
-41.3096
-40.7593
-40.2036
-39.6443
-39.083
-38.5212
-37.9605
-37.4026
-36.849
-36.3016
-35.762
-35.232
-34.7129
-34.2061
-33.7128
-33.2338
-32.7698
-32.3214
-31.8888
-31.4723
-31.072
-30.6877
-30.3196
-29.9677
-29.6321
-29.313
-29.0107
-28.7253
-28.4573
-28.2067
-27.9738
-27.7589
-27.5622
-27.3839
-27.2242
-27.0836
-26.9621
-26.8602
-26.7781
-26.7162
-26.6751
-26.6555
-26.6584
-26.6848
-26.736
-26.8134
-26.9183
-27.0519
-27.2154
-27.4096
-27.6352
-27.8925
-28.1817
-28.5024
-28.8543
-29.2365
-29.6482
-30.0881
-30.555
-31.0477
-31.5646
-32.1044
-32.6654
-33.246
-33.8445
-34.4591
-35.0879
-35.7289
-36.3804
-37.0403
-37.7069
-38.3781
-39.0522
-39.7272
-40.4011
-41.0722
-41.7386
-42.3987
-43.051
-43.6939
-44.326
-44.9457
-45.5512
-46.1408
-46.7123
-47.2634
-54.4533
-58.0059
-57.8551
-57.2716
-56.7777
-56.4149
-56.1544
-55.967
-55.8316
-55.7335
-55.6628
-55.6129
-55.5788
-55.5577
-55.5476
-52.3391
-54.7239
-55.5652
-55.7406
-55.6941
-55.5936
-55.4947
-55.4127
-55.3492
-55.3019
-55.2676
-55.2436
-55.2275
-55.2177
-55.213
-51.389
-52.9853
-53.9407
-54.4309
-54.664
-54.7703
-54.8178
-54.8394
-54.8502
-54.8568
-54.8618
-54.866
-54.8694
-54.8719
-54.8732
-50.68
-51.8871
-52.781
-53.3778
-53.7603
-54.0054
-54.1664
-54.2765
-54.355
-54.4129
-54.4563
-54.4886
-54.5119
-54.5269
-54.5343
-50.1021
-51.1018
-51.918
-52.5386
-52.9936
-53.324
-53.5656
-53.7449
-53.8801
-53.983
-54.0614
-54.12
-54.162
-54.1891
-54.2024
-49.6257
-50.4995
-51.2504
-51.8645
-52.3512
-52.7312
-53.0268
-53.2571
-53.437
-53.5774
-53.6858
-53.7677
-53.8265
-53.8646
-53.8833
-49.2297
-50.0197
-50.7195
-51.3174
-51.8151
-52.2225
-52.5529
-52.8194
-53.0331
-53.2032
-53.3364
-53.438
-53.5114
-53.559
-53.5825
-48.8985
-49.6298
-50.2901
-50.8703
-51.369
-51.7906
-52.1427
-52.434
-52.6725
-52.8654
-53.0184
-53.136
-53.2215
-53.2773
-53.3048
-48.6215
-49.3106
-49.9407
-50.5045
-50.9996
-51.4277
-51.793
-52.1009
-52.3572
-52.5671
-52.7354
-52.8657
-52.961
-53.0234
-53.0542
-48.3919
-49.0503
-49.6573
-50.2071
-50.6971
-51.1274
-51.5003
-51.8192
-52.0878
-52.3102
-52.49
-52.6301
-52.733
-52.8006
-52.8342
-48.2052
-48.8412
-49.4307
-49.9691
-50.4539
-50.8843
-51.2614
-51.5872
-51.8644
-52.0956
-52.2838
-52.4312
-52.54
-52.6116
-52.6472
-48.0584
-48.6784
-49.255
-49.7846
-50.2646
-50.6942
-51.0735
-51.4037
-51.6864
-51.9238
-52.118
-52.2707
-52.3837
-52.4583
-52.4954
-47.9498
-48.5586
-49.1262
-49.6493
-50.1256
-50.5541
-50.9344
-51.2671
-51.5535
-51.795
-51.9931
-52.1495
-52.2655
-52.3422
-52.3804
-47.878
-48.4797
-49.0416
-49.5605
-50.0343
-50.4618
-50.8425
-51.1767
-51.4652
-51.7091
-51.9098
-52.0684
-52.1863
-52.2643
-52.3031
-47.8422
-48.4406
-48.9996
-49.5164
-49.989
-50.4159
-50.7968
-51.1316
-51.4211
-51.6662
-51.868
-52.0278
-52.1465
-52.2251
-52.2643
)
;

boundaryField
{
    hot
    {
        type            calculated;
        value           nonuniform List<scalar> 
120
(
-49.9621
-49.9968
-50.0662
-50.1698
-50.3072
-50.4778
-50.6804
-50.9136
-51.1753
-51.4631
-51.7737
-52.1031
-52.447
-52.8005
-53.1586
-53.4865
-53.7815
-54.0711
-54.3536
-54.6273
-54.8914
-55.1451
-55.3881
-55.6202
-55.8417
-56.0527
-56.2536
-56.4447
-56.6265
-56.7992
-56.9634
-57.1194
-57.2677
-57.4085
-57.5422
-57.6691
-57.7894
-57.9035
-58.0114
-58.1134
-58.2097
-58.3002
-58.3852
-58.4647
-58.5388
-58.6074
-58.6707
-58.7286
-58.7811
-58.8283
-58.87
-58.9064
-58.9373
-58.9628
-58.9828
-58.9972
-59.006
-59.0092
-59.0067
-58.9984
-58.9843
-58.9643
-58.9383
-58.9063
-58.8681
-58.8237
-58.7731
-58.7161
-58.6526
-58.5827
-58.5062
-58.423
-58.3332
-58.2367
-58.1335
-58.0235
-57.9067
-57.7832
-57.6529
-57.5161
-57.3726
-57.2227
-57.0663
-56.9036
-56.7347
-56.5598
-56.3788
-56.192
-55.9994
-55.8011
-55.5969
-55.3868
-55.1707
-54.9482
-54.7192
-54.4831
-54.2396
-53.9882
-53.7285
-53.4603
-53.1833
-52.8978
-52.6043
-52.3037
-51.9974
-51.6564
-51.2826
-50.9118
-50.5489
-50.1991
-49.8672
-49.5578
-49.2746
-49.021
-48.7996
-48.6124
-48.4611
-48.3466
-48.2699
-48.2315
)
;
    }
    cold
    {
        type            calculated;
        value           nonuniform List<scalar> 
120
(
-49.0916
-49.128
-49.2006
-49.3089
-49.4522
-49.6293
-49.8387
-50.0784
-50.3458
-50.6377
-50.9504
-51.2795
-51.6203
-51.9677
-52.317
-52.6347
-52.9193
-53.1978
-53.469
-53.732
-53.9865
-54.2323
-54.4698
-54.6993
-54.9213
-55.1363
-55.3448
-55.5474
-55.7443
-55.9358
-56.1222
-56.3036
-56.48
-56.6515
-56.8179
-56.9793
-57.1355
-57.2864
-57.4319
-57.5719
-57.7064
-57.8352
-57.9584
-58.0758
-58.1875
-58.2934
-58.3936
-58.4881
-58.5769
-58.6603
-58.7381
-58.8106
-58.8779
-58.94
-58.997
-59.0492
-59.0965
-59.139
-59.177
-59.2103
-59.2392
-59.2636
-59.2837
-59.2996
-59.3112
-59.3186
-59.322
-59.3214
-59.3169
-59.3085
-59.2963
-59.2804
-59.2608
-59.2376
-59.2109
-59.1805
-59.1467
-59.1093
-59.0683
-59.0237
-58.9756
-58.9237
-58.868
-58.8085
-58.7449
-58.677
-58.6046
-58.5275
-58.4452
-58.3573
-58.2632
-58.1623
-58.0538
-57.9368
-57.8105
-57.6737
-57.5254
-57.3645
-57.1902
-57.0016
-56.7981
-56.5797
-56.3467
-56.1
-55.8411
-55.5451
-55.2119
-54.8736
-54.5362
-54.2057
-53.8879
-53.5884
-53.3117
-53.0619
-52.8425
-52.656
-52.5046
-52.3899
-52.3128
-52.274
)
;
    }
    interface_left
    {
        type            calculated;
        value           nonuniform List<scalar> 
90
(
-78.2578
-66.8668
-59.1003
-55.9268
-59.1498
-56.2519
-53.0329
-57.9553
-53.1178
-60.4861
-55.6221
-60.4738
-56.6276
-60.4167
-57.8943
-55.4898
-59.1144
-55.8644
-60.6057
-57.6002
-60.5324
-58.6597
-56.9557
-59.4598
-57.2988
-59.8205
-57.5389
-60.7203
-58.7463
-60.5712
-59.4141
-58.4163
-59.8673
-58.704
-60.0113
-58.914
-60.3479
-59.518
-60.1644
-59.7732
-59.521
-59.871
-59.7533
-59.7963
-59.9426
-59.5435
-59.9245
-59.3166
-59.7472
-60.3055
-59.4619
-60.5027
-59.1356
-60.6918
-58.1859
-59.9678
-57.8691
-59.2666
-60.7903
-58.4946
-60.9326
-57.827
-61.0873
-56.0023
-59.4643
-55.5579
-58.09
-60.7239
-56.7008
-60.694
-55.6191
-60.6727
-52.8913
-57.9967
-52.3992
-55.9152
-59.3939
-53.9867
-58.8878
-52.7399
-58.3427
-50.1697
-55.1516
-50.7935
-53.641
-55.7323
-54.6164
-56.0135
-68.3844
-78.612
)
;
    }
    interface_right
    {
        type            calculated;
        value           nonuniform List<scalar> 
90
(
-79.627
-70.0554
-56.1004
-55.716
-54.5415
-54.3584
-51.8076
-55.421
-51.0637
-58.2514
-53.2819
-58.7816
-54.3831
-59.2795
-56.1305
-52.9292
-58.0379
-53.3586
-60.5163
-55.8584
-60.56
-56.8566
-60.6127
-58.1552
-55.7809
-59.4523
-56.1837
-61.0037
-57.9046
-60.876
-58.5386
-60.761
-59.2868
-57.9244
-59.9772
-58.2249
-60.7029
-59.173
-60.5665
-59.6755
-58.913
-60.0151
-59.144
-60.1086
-59.3161
-60.3089
-59.7344
-60.1322
-59.8559
-59.9466
-59.8832
-59.9201
-59.808
-60.0484
-59.5395
-59.9557
-59.3855
-59.8914
-59.1982
-59.659
-60.2075
-59.3096
-60.2581
-58.6996
-59.7712
-58.5217
-59.3368
-60.2066
-58.8724
-60.2219
-58.4939
-60.2193
-57.5831
-59.327
-57.4734
-58.6834
-59.8858
-58.0987
-59.784
-57.7688
-59.6592
-57.1195
-58.7032
-57.8973
-58.7118
-59.0322
-60.929
-60.2625
-76.5289
-86.2464
)
;
    }
    interface_top
    {
        type            calculated;
        value           nonuniform List<scalar> 
90
(
-39.863
-46.0603
-46.1906
-41.1938
-36.4362
-23.9778
-36.8971
-42.185
-48.9293
-49.1151
-43.1138
-39.9431
-34.7846
-30.4075
-19.7907
-29.8955
-33.8014
-38.4013
-37.9717
-31.9803
-27.5536
-17.371
-25.3413
-28.1686
-30.7471
-32.2952
-35.3529
-34.5184
-28.6367
-24.5137
-15.3845
-22.2489
-24.6806
-26.9055
-28.2792
-31.0449
-30.3844
-25.373
-21.8327
-13.898
-20.2977
-22.7189
-25.2513
-26.9166
-30.3344
-30.2323
-26.4822
-24.6032
-21.7029
-19.176
-12.8715
-19.728
-22.6226
-26.4613
-26.5984
-23.2068
-20.4552
-13.5485
-20.5035
-23.3881
-26.8296
-29.0423
-33.373
-33.4163
-29.1429
-25.6929
-17.0166
-25.9541
-29.7018
-34.2395
-37.1503
-42.8244
-42.9294
-37.4984
-33.0541
-21.8038
-33.3898
-38.207
-43.9742
-47.6162
-54.6658
-54.6393
-47.4014
-41.5385
-26.9511
-41.0634
-46.3974
-51.8824
-51.5169
-43.9315
)
;
    }
    interface_bottom
    {
        type            calculated;
        value           nonuniform List<scalar> 
90
(
-39.2821
-43.9228
-41.1775
-26.5979
-40.4323
-45.6242
-50.7753
-53.8955
-59.8986
-59.1706
-50.719
-46.4478
-39.9131
-34.6857
-22.4727
-33.8296
-38.2389
-43.5111
-43.2681
-37.3007
-34.2308
-29.4578
-25.6134
-16.6266
-24.8093
-27.9017
-31.4357
-30.9791
-25.9549
-22.3469
-14.2044
-20.6641
-23.0071
-25.2666
-26.6334
-29.3197
-28.7438
-24.0885
-20.7935
-13.3685
-19.6663
-22.1106
-24.788
-26.5161
-29.9911
-29.948
-26.3265
-24.544
-21.8376
-19.3829
-13.1097
-20.2883
-23.3397
-27.4016
-27.5881
-24.1326
-21.3025
-14.1449
-21.5563
-24.6328
-28.3105
-30.6056
-34.9971
-34.9517
-30.3116
-26.642
-17.5535
-26.7563
-30.5416
-35.0032
-37.766
-43.028
-42.8861
-37.0308
-32.4532
-21.2311
-32.2779
-36.7498
-41.8961
-45.0621
-51.0906
-50.7891
-43.6328
-38.0934
-24.6937
-37.4145
-42.2424
-47.2695
-47.0447
-40.4832
)
;
    }
    defaultFaces
    {
        type            empty;
    }
}


// ************************************************************************* //
