/*--------------------------------*- C++ -*----------------------------------*\
| =========                 |                                                 |
| \\      /  F ield         | OpenFOAM: The Open Source CFD Toolbox           |
|  \\    /   O peration     | Version:  5.x                                   |
|   \\  /    A nd           | Web:      www.OpenFOAM.org                      |
|    \\/     M anipulation  |                                                 |
\*---------------------------------------------------------------------------*/
FoamFile
{
    version     2.0;
    format      ascii;
    class       volScalarField;
    location    "2";
    object      T;
}
// * * * * * * * * * * * * * * * * * * * * * * * * * * * * * * * * * * * * * //

dimensions      [0 0 0 1 0 0 0];

internalField   nonuniform List<scalar> 
6300
(
322.75
322.251
321.752
321.254
320.757
320.262
319.769
319.278
318.789
318.304
317.822
317.344
316.87
316.401
315.935
322.75
322.25
321.751
321.253
320.755
320.26
319.766
319.275
318.786
318.301
317.819
317.34
316.866
316.396
315.931
322.75
322.249
321.749
321.25
320.752
320.256
319.762
319.27
318.78
318.294
317.811
317.332
316.857
316.387
315.921
322.749
322.248
321.747
321.246
320.748
320.25
319.755
319.262
318.771
318.284
317.8
317.32
316.844
316.373
315.906
322.748
322.246
321.743
321.242
320.741
320.242
319.746
319.251
318.759
318.27
317.785
317.304
316.827
316.355
315.887
322.748
322.243
321.739
321.236
320.733
320.233
319.734
319.238
318.744
318.253
317.766
317.283
316.805
316.331
315.863
322.747
322.24
321.734
321.228
320.724
320.221
319.72
319.222
318.726
318.233
317.744
317.259
316.778
316.303
315.833
322.745
322.236
321.728
321.22
320.713
320.208
319.704
319.203
318.704
318.209
317.717
317.229
316.746
316.269
315.798
322.744
322.233
321.721
321.211
320.701
320.193
319.686
319.182
318.68
318.181
317.685
317.195
316.709
316.23
315.756
322.743
322.228
321.714
321.2
320.688
320.176
319.666
319.158
318.652
318.149
317.65
317.155
316.666
316.184
315.709
322.741
322.223
321.706
321.189
320.673
320.158
319.644
319.132
318.622
318.114
317.61
317.11
316.616
316.13
315.653
322.739
322.219
321.698
321.177
320.658
320.139
319.621
319.104
318.589
318.075
317.565
317.059
316.559
316.067
315.587
322.738
322.213
321.689
321.165
320.641
320.118
319.596
319.074
318.553
318.034
317.517
317.003
316.494
315.993
315.507
322.736
322.208
321.68
321.152
320.625
320.097
319.57
319.043
318.517
317.991
317.465
316.941
316.419
315.904
315.406
322.734
322.203
321.671
321.139
320.608
320.076
319.544
319.012
318.48
317.947
317.412
316.877
316.339
315.799
315.268
315.514
315.134
314.757
314.385
314.016
313.651
313.291
312.935
312.583
312.236
311.894
311.557
311.225
310.898
310.576
310.26
309.949
309.643
309.343
309.048
308.758
308.474
308.195
307.92
307.651
307.386
307.125
306.869
306.616
306.367
306.122
305.88
305.64
305.404
305.17
304.938
304.708
304.48
304.254
304.029
303.805
303.582
303.359
303.137
302.916
302.695
302.473
302.251
302.029
301.806
301.582
301.357
301.131
300.903
300.673
300.442
300.208
299.971
299.732
299.49
299.245
298.997
298.745
298.49
298.231
297.968
297.701
297.43
297.154
296.875
296.591
296.302
296.009
295.712
295.41
295.103
294.792
294.476
294.156
293.831
293.501
293.167
292.828
292.485
292.137
291.785
291.428
291.068
290.703
290.334
315.509
315.128
314.752
314.379
314.01
313.646
313.285
312.929
312.577
312.23
311.887
311.55
311.217
310.89
310.568
310.252
309.941
309.635
309.335
309.04
308.751
308.467
308.188
307.913
307.644
307.379
307.119
306.863
306.611
306.362
306.117
305.875
305.637
305.4
305.167
304.935
304.706
304.478
304.252
304.027
303.803
303.581
303.359
303.137
302.916
302.695
302.473
302.252
302.03
301.807
301.584
301.359
301.133
300.906
300.676
300.445
300.211
299.975
299.736
299.495
299.25
299.002
298.75
298.495
298.236
297.973
297.707
297.436
297.16
296.881
296.597
296.309
296.016
295.718
295.416
295.11
294.799
294.483
294.162
293.837
293.508
293.173
292.835
292.491
292.143
291.791
291.435
291.074
290.708
290.339
315.499
315.118
314.741
314.368
313.999
313.634
313.273
312.916
312.564
312.216
311.873
311.535
311.203
310.875
310.553
310.236
309.925
309.62
309.32
309.025
308.736
308.452
308.173
307.9
307.631
307.367
307.107
306.852
306.6
306.352
306.108
305.867
305.629
305.393
305.16
304.929
304.701
304.474
304.248
304.024
303.801
303.579
303.357
303.136
302.915
302.695
302.474
302.253
302.032
301.81
301.587
301.363
301.137
300.911
300.682
300.451
300.218
299.983
299.744
299.503
299.259
299.011
298.76
298.506
298.247
297.985
297.718
297.447
297.173
296.893
296.61
296.321
296.029
295.731
295.429
295.123
294.812
294.496
294.175
293.85
293.521
293.186
292.847
292.504
292.156
291.803
291.447
291.085
290.72
290.35
315.483
315.102
314.725
314.351
313.982
313.616
313.254
312.897
312.544
312.195
311.852
311.513
311.18
310.852
310.53
310.213
309.902
309.597
309.297
309.002
308.714
308.43
308.152
307.879
307.611
307.348
307.089
306.835
306.584
306.337
306.094
305.854
305.617
305.383
305.151
304.921
304.693
304.467
304.242
304.019
303.797
303.575
303.355
303.135
302.915
302.695
302.475
302.255
302.034
301.813
301.591
301.368
301.144
300.918
300.69
300.461
300.229
299.994
299.757
299.516
299.273
299.026
298.776
298.522
298.264
298.002
297.736
297.465
297.191
296.912
296.628
296.34
296.048
295.751
295.449
295.142
294.831
294.515
294.195
293.87
293.54
293.205
292.866
292.523
292.175
291.822
291.465
291.103
290.738
290.367
315.463
315.081
314.703
314.329
313.959
313.592
313.23
312.871
312.517
312.168
311.823
311.484
311.15
310.822
310.499
310.182
309.871
309.565
309.265
308.972
308.683
308.401
308.123
307.851
307.585
307.323
307.065
306.812
306.563
306.318
306.076
305.837
305.602
305.368
305.138
304.909
304.683
304.458
304.235
304.013
303.792
303.571
303.352
303.133
302.914
302.695
302.476
302.257
302.038
301.818
301.597
301.376
301.153
300.928
300.702
300.473
300.243
300.009
299.773
299.534
299.291
299.046
298.796
298.543
298.286
298.024
297.759
297.489
297.215
296.937
296.654
296.366
296.074
295.777
295.475
295.169
294.858
294.542
294.221
293.896
293.566
293.231
292.892
292.548
292.2
291.847
291.489
291.127
290.761
290.39
315.438
315.055
314.677
314.302
313.93
313.563
313.199
312.839
312.484
312.133
311.788
311.447
311.112
310.783
310.46
310.142
309.831
309.525
309.226
308.933
308.645
308.363
308.087
307.816
307.551
307.291
307.035
306.783
306.536
306.293
306.053
305.816
305.582
305.351
305.122
304.895
304.67
304.447
304.225
304.005
303.785
303.566
303.348
303.13
302.913
302.695
302.478
302.26
302.042
301.824
301.605
301.385
301.163
300.941
300.716
300.489
300.26
300.028
299.794
299.556
299.315
299.07
298.822
298.57
298.313
298.053
297.788
297.519
297.246
296.968
296.685
296.398
296.106
295.809
295.508
295.201
294.89
294.575
294.254
293.929
293.598
293.264
292.924
292.58
292.231
291.878
291.52
291.158
290.791
290.419
315.407
315.024
314.645
314.269
313.897
313.528
313.163
312.801
312.444
312.092
311.744
311.402
311.066
310.736
310.412
310.094
309.783
309.477
309.178
308.885
308.598
308.318
308.043
307.774
307.51
307.252
306.998
306.749
306.504
306.263
306.025
305.791
305.559
305.33
305.103
304.878
304.655
304.434
304.214
303.995
303.777
303.56
303.344
303.127
302.911
302.695
302.479
302.263
302.047
301.831
301.614
301.396
301.176
300.956
300.733
300.508
300.281
300.052
299.819
299.583
299.343
299.1
298.853
298.602
298.347
298.088
297.824
297.556
297.283
297.006
296.724
296.437
296.145
295.848
295.547
295.241
294.93
294.614
294.294
293.968
293.638
293.302
292.963
292.618
292.269
291.916
291.558
291.195
290.827
290.454
315.371
314.987
314.607
314.231
313.858
313.488
313.121
312.758
312.398
312.043
311.693
311.349
311.011
310.68
310.355
310.037
309.725
309.42
309.121
308.829
308.543
308.264
307.991
307.724
307.462
307.206
306.955
306.709
306.466
306.228
305.993
305.761
305.532
305.306
305.081
304.859
304.638
304.419
304.201
303.984
303.769
303.554
303.339
303.124
302.91
302.695
302.481
302.267
302.053
301.838
301.624
301.408
301.191
300.973
300.753
300.531
300.306
300.079
299.849
299.615
299.377
299.135
298.89
298.64
298.386
298.128
297.866
297.599
297.327
297.05
296.769
296.482
296.19
295.894
295.593
295.287
294.977
294.661
294.34
294.014
293.683
293.348
293.008
292.663
292.314
291.96
291.602
291.238
290.87
290.496
315.329
314.945
314.565
314.188
313.815
313.443
313.075
312.708
312.346
311.987
311.634
311.287
310.947
310.614
310.289
309.971
309.659
309.354
309.055
308.763
308.479
308.201
307.93
307.666
307.407
307.154
306.906
306.662
306.423
306.188
305.956
305.728
305.502
305.278
305.057
304.837
304.618
304.402
304.186
303.972
303.759
303.546
303.334
303.121
302.908
302.695
302.482
302.27
302.058
301.847
301.635
301.422
301.208
300.993
300.776
300.557
300.335
300.111
299.883
299.652
299.416
299.177
298.932
298.684
298.432
298.175
297.914
297.648
297.378
297.102
296.821
296.534
296.243
295.947
295.646
295.341
295.03
294.715
294.394
294.067
293.736
293.399
293.059
292.714
292.365
292.012
291.653
291.289
290.92
290.545
315.281
314.897
314.517
314.141
313.768
313.396
313.024
312.654
312.287
311.923
311.565
311.215
310.873
310.539
310.213
309.895
309.583
309.278
308.979
308.688
308.404
308.128
307.86
307.599
307.344
307.094
306.849
306.609
306.374
306.143
305.915
305.691
305.469
305.248
305.03
304.812
304.596
304.382
304.17
303.959
303.749
303.539
303.329
303.117
302.906
302.694
302.483
302.273
302.064
301.855
301.647
301.438
301.227
301.016
300.802
300.586
300.368
300.147
299.923
299.695
299.462
299.224
298.981
298.734
298.483
298.228
297.969
297.705
297.436
297.161
296.88
296.593
296.302
296.006
295.706
295.401
295.092
294.776
294.455
294.128
293.795
293.457
293.116
292.771
292.423
292.07
291.712
291.348
290.978
290.602
315.225
314.842
314.465
314.091
313.719
313.346
312.972
312.597
312.222
311.851
311.487
311.131
310.786
310.451
310.126
309.809
309.498
309.193
308.893
308.602
308.318
308.045
307.78
307.523
307.273
307.028
306.787
306.55
306.319
306.092
305.87
305.651
305.433
305.216
305
304.785
304.572
304.36
304.151
303.945
303.739
303.532
303.324
303.115
302.904
302.693
302.483
302.274
302.068
301.863
301.659
301.455
301.249
301.041
300.831
300.619
300.405
300.189
299.969
299.744
299.514
299.277
299.036
298.789
298.54
298.287
298.031
297.77
297.503
297.229
296.947
296.66
296.367
296.07
295.771
295.468
295.161
294.847
294.525
294.196
293.861
293.521
293.178
292.833
292.486
292.135
291.779
291.416
291.046
290.668
315.16
314.78
314.407
314.039
313.672
313.299
312.921
312.538
312.153
311.77
311.395
311.032
310.684
310.35
310.028
309.715
309.405
309.099
308.797
308.503
308.219
307.948
307.688
307.438
307.195
306.955
306.718
306.484
306.256
306.035
305.82
305.608
305.396
305.184
304.97
304.756
304.544
304.335
304.13
303.929
303.729
303.527
303.322
303.114
302.903
302.691
302.48
302.273
302.07
301.87
301.672
301.474
301.273
301.069
300.862
300.653
300.445
300.235
300.022
299.802
299.574
299.339
299.097
298.849
298.6
298.35
298.099
297.843
297.579
297.306
297.024
296.733
296.437
296.139
295.841
295.543
295.239
294.928
294.606
294.273
293.933
293.588
293.242
292.898
292.555
292.209
291.856
291.494
291.123
290.745
315.082
314.709
314.342
313.987
313.631
313.26
312.879
312.482
312.082
311.677
311.287
310.913
310.562
310.23
309.919
309.615
309.307
308.998
308.688
308.39
308.103
307.835
307.581
307.343
307.112
306.877
306.644
306.41
306.185
305.969
305.765
305.565
305.36
305.153
304.94
304.726
304.511
304.304
304.103
303.912
303.722
303.526
303.325
303.116
302.903
302.686
302.473
302.265
302.066
301.873
301.686
301.498
301.302
301.101
300.894
300.689
300.486
300.287
300.084
299.87
299.647
299.409
299.165
298.912
298.662
298.415
298.174
297.928
297.669
297.398
297.111
296.815
296.509
296.209
295.912
295.623
295.331
295.022
294.701
294.362
294.013
293.655
293.305
292.96
292.627
292.293
291.944
291.585
291.212
290.834
314.984
314.63
314.26
313.937
313.612
313.236
312.858
312.432
312.016
311.561
311.157
310.758
310.414
310.081
309.799
309.523
309.21
308.901
308.561
308.26
307.96
307.702
307.452
307.24
307.033
306.799
306.57
306.321
306.101
305.887
305.705
305.527
305.328
305.13
304.91
304.697
304.467
304.263
304.063
303.892
303.724
303.533
303.341
303.124
302.91
302.674
302.46
302.245
302.055
301.866
301.7
301.533
301.339
301.143
300.923
300.722
300.521
300.343
300.163
299.953
299.738
299.491
299.244
298.969
298.721
298.472
298.254
298.033
297.776
297.512
297.21
296.909
296.574
296.273
295.971
295.709
295.444
295.136
294.822
294.463
294.107
293.712
293.358
293.006
292.702
292.398
292.048
291.697
291.306
290.94
314.843
314.574
314.11
313.888
313.667
313.214
312.907
312.368
312.009
311.369
311.022
310.524
310.248
309.859
309.67
309.484
309.106
308.847
308.381
308.126
307.759
307.555
307.268
307.129
306.991
306.715
306.526
306.191
306.01
305.759
305.638
305.522
305.293
305.138
304.872
304.694
304.383
304.215
303.982
303.869
303.759
303.541
303.391
303.128
302.949
302.628
302.45
302.189
302.04
301.825
301.717
301.607
301.379
301.218
300.923
300.758
300.52
300.403
300.285
300.044
299.874
299.572
299.364
298.989
298.781
298.483
298.337
298.191
297.891
297.682
297.308
297.052
296.591
296.338
295.974
295.797
295.62
295.259
295.007
294.56
294.256
293.709
293.41
292.982
292.775
292.57
292.151
291.866
291.364
291.082
289.923
289.47
289.012
288.549
288.081
287.61
287.134
286.656
286.174
285.69
285.204
284.716
284.226
283.736
283.245
289.929
289.475
289.017
288.553
288.085
287.613
287.137
286.658
286.176
285.692
285.205
284.717
284.227
283.737
283.246
289.94
289.486
289.026
288.562
288.093
287.621
287.144
286.664
286.181
285.696
285.209
284.719
284.229
283.738
283.246
289.956
289.501
289.041
288.576
288.106
287.632
287.154
286.673
286.189
285.702
285.214
284.723
284.232
283.739
283.247
289.978
289.522
289.06
288.593
288.122
287.646
287.167
286.684
286.198
285.71
285.22
284.728
284.235
283.742
283.247
290.005
289.548
289.085
288.616
288.142
287.665
287.183
286.698
286.21
285.72
285.228
284.735
284.24
283.744
283.248
290.039
289.58
289.114
288.643
288.167
287.687
287.203
286.715
286.225
285.732
285.238
284.742
284.245
283.747
283.249
290.079
289.618
289.15
288.675
288.196
287.713
287.225
286.735
286.242
285.746
285.249
284.751
284.251
283.751
283.25
290.126
289.662
289.191
288.713
288.23
287.742
287.251
286.757
286.26
285.762
285.262
284.76
284.258
283.755
283.252
290.181
289.713
289.238
288.755
288.267
287.775
287.28
286.782
286.281
285.779
285.275
284.771
284.265
283.759
283.253
290.245
289.773
289.291
288.803
288.309
287.812
287.311
286.808
286.303
285.797
285.29
284.782
284.273
283.764
283.255
290.319
289.841
289.352
288.856
288.355
287.851
287.345
286.837
286.327
285.817
285.306
284.794
284.282
283.769
283.256
290.405
289.919
289.42
288.914
288.405
287.893
287.38
286.866
286.352
285.837
285.322
284.806
284.29
283.774
283.258
290.511
290.01
289.495
288.976
288.456
287.936
287.416
286.897
286.377
285.858
285.338
284.819
284.299
283.78
283.26
290.65
290.114
289.574
289.038
288.507
287.978
287.452
286.927
286.402
285.878
285.355
284.831
284.308
283.785
283.262
322.733
322.198
321.663
321.128
320.592
320.057
319.521
318.984
318.447
317.907
317.366
316.82
316.266
315.695
315.078
322.731
322.193
321.655
321.117
320.579
320.04
319.5
318.96
318.418
317.873
317.326
316.773
316.211
315.633
315.021
322.73
322.189
321.648
321.107
320.565
320.023
319.48
318.936
318.39
317.842
317.29
316.733
316.169
315.593
315.004
322.728
322.185
321.641
321.097
320.552
320.007
319.461
318.913
318.364
317.813
317.258
316.699
316.134
315.563
314.988
322.727
322.181
321.634
321.087
320.54
319.992
319.442
318.892
318.34
317.786
317.229
316.668
316.104
315.536
314.962
322.726
322.177
321.627
321.078
320.528
319.977
319.425
318.872
318.317
317.761
317.202
316.641
316.077
315.512
314.947
322.724
322.173
321.621
321.069
320.516
319.963
319.408
318.853
318.296
317.737
317.177
316.615
316.051
315.488
314.931
322.723
322.169
321.615
321.06
320.505
319.949
319.393
318.835
318.276
317.715
317.153
316.589
316.025
315.461
314.896
322.722
322.166
321.609
321.052
320.495
319.937
319.378
318.818
318.257
317.694
317.13
316.565
315.999
315.433
314.872
322.721
322.162
321.604
321.045
320.485
319.925
319.364
318.802
318.238
317.674
317.108
316.541
315.973
315.402
314.827
322.72
322.159
321.598
321.037
320.476
319.913
319.35
318.786
318.221
317.655
317.087
316.518
315.948
315.375
314.803
322.719
322.156
321.593
321.03
320.467
319.902
319.337
318.772
318.205
317.637
317.067
316.497
315.924
315.348
314.767
322.718
322.153
321.589
321.024
320.458
319.892
319.325
318.758
318.189
317.62
317.049
316.476
315.902
315.326
314.748
322.717
322.151
321.584
321.017
320.45
319.882
319.314
318.745
318.174
317.603
317.031
316.457
315.882
315.304
314.721
322.716
322.148
321.58
321.011
320.442
319.873
319.303
318.732
318.16
317.588
317.014
316.439
315.864
315.286
314.708
322.715
322.145
321.576
321.006
320.435
319.864
319.292
318.72
318.147
317.573
316.998
316.423
315.846
315.269
314.696
322.714
322.143
321.572
321
320.428
319.856
319.283
318.709
318.134
317.559
316.983
316.406
315.829
315.25
314.671
322.714
322.141
321.568
320.995
320.421
319.848
319.273
318.698
318.122
317.546
316.968
316.39
315.811
315.232
314.655
322.713
322.139
321.565
320.99
320.415
319.84
319.264
318.688
318.111
317.533
316.955
316.375
315.795
315.212
314.626
322.712
322.137
321.561
320.985
320.409
319.833
319.256
318.678
318.1
317.521
316.941
316.361
315.779
315.196
314.611
322.712
322.135
321.558
320.981
320.404
319.826
319.248
318.669
318.09
317.51
316.929
316.347
315.764
315.18
314.59
322.711
322.133
321.555
320.977
320.398
319.819
319.24
318.66
318.08
317.499
316.917
316.334
315.751
315.167
314.581
322.71
322.131
321.552
320.973
320.393
319.813
319.233
318.652
318.07
317.488
316.906
316.322
315.739
315.155
314.573
322.71
322.13
321.55
320.969
320.388
319.807
319.226
318.644
318.061
317.478
316.895
316.311
315.726
315.141
314.556
322.709
322.128
321.547
320.966
320.384
319.802
319.219
318.636
318.053
317.469
316.885
316.3
315.714
315.129
314.545
322.709
322.127
321.545
320.962
320.379
319.797
319.213
318.629
318.045
317.46
316.875
316.289
315.702
315.115
314.526
322.708
322.125
321.542
320.959
320.375
319.792
319.207
318.623
318.037
317.452
316.865
316.278
315.69
315.102
314.515
322.708
322.124
321.54
320.956
320.372
319.787
319.202
318.616
318.03
317.444
316.856
316.268
315.679
315.089
314.496
322.708
322.123
321.538
320.953
320.368
319.783
319.197
318.61
318.024
317.436
316.848
316.259
315.669
315.078
314.486
322.707
322.122
321.536
320.951
320.365
319.779
319.192
318.605
318.017
317.429
316.84
316.251
315.66
315.068
314.473
322.707
322.121
321.535
320.948
320.362
319.775
319.187
318.6
318.011
317.423
316.833
316.243
315.652
315.06
314.467
322.707
322.12
321.533
320.946
320.359
319.771
319.183
318.595
318.006
317.417
316.827
316.236
315.645
315.053
314.462
322.706
322.119
321.532
320.944
320.356
319.768
319.18
318.591
318.001
317.411
316.821
316.229
315.638
315.045
314.452
322.706
322.118
321.53
320.942
320.354
319.765
319.176
318.587
317.997
317.406
316.815
316.223
315.631
315.039
314.446
322.706
322.118
321.529
320.941
320.352
319.763
319.173
318.583
317.993
317.402
316.81
316.218
315.625
315.032
314.437
322.706
322.117
321.528
320.939
320.35
319.76
319.17
318.58
317.989
317.398
316.806
316.213
315.62
315.026
314.431
322.705
322.116
321.527
320.938
320.348
319.758
319.168
318.577
317.986
317.394
316.802
316.209
315.615
315.02
314.423
322.705
322.116
321.526
320.937
320.347
319.757
319.166
318.575
317.983
317.391
316.798
316.205
315.61
315.015
314.418
322.705
322.116
321.526
320.936
320.346
319.755
319.164
318.573
317.981
317.389
316.796
316.202
315.607
315.011
314.414
322.705
322.115
321.525
320.935
320.345
319.754
319.163
318.571
317.979
317.387
316.793
316.199
315.604
315.008
314.412
322.705
322.115
321.525
320.935
320.344
319.753
319.162
318.57
317.978
317.385
316.792
316.198
315.602
315.007
314.41
322.705
322.115
321.525
320.934
320.344
319.753
319.161
318.57
317.977
317.384
316.791
316.196
315.601
315.005
314.408
322.705
322.115
321.525
320.934
320.344
319.753
319.161
318.569
317.977
317.384
316.79
316.196
315.601
315.005
314.408
322.705
322.115
321.525
320.934
320.344
319.753
319.161
318.569
317.977
317.384
316.79
316.196
315.601
315.005
314.408
322.705
322.115
321.525
320.935
320.344
319.753
319.162
318.57
317.978
317.385
316.791
316.197
315.602
315.006
314.408
322.705
322.115
321.525
320.935
320.345
319.754
319.163
318.571
317.979
317.386
316.792
316.198
315.603
315.007
314.411
322.705
322.115
321.526
320.936
320.345
319.755
319.164
318.572
317.98
317.388
316.794
316.2
315.605
315.009
314.413
322.705
322.116
321.526
320.937
320.347
319.756
319.166
318.574
317.982
317.39
316.797
316.203
315.608
315.012
314.417
322.705
322.116
321.527
320.938
320.348
319.758
319.168
318.577
317.985
317.393
316.8
316.206
315.611
315.016
314.419
322.706
322.117
321.528
320.939
320.35
319.76
319.17
318.579
317.988
317.396
316.804
316.21
315.615
315.019
314.422
322.706
322.118
321.529
320.941
320.352
319.763
319.173
318.583
317.992
317.4
316.808
316.215
315.62
315.025
314.428
322.706
322.118
321.53
320.942
320.354
319.765
319.176
318.586
317.996
317.405
316.813
316.22
315.626
315.031
314.433
322.706
322.119
321.532
320.944
320.357
319.768
319.18
318.591
318.001
317.41
316.819
316.227
315.633
315.039
314.444
322.707
322.12
321.533
320.947
320.359
319.772
319.184
318.595
318.006
317.416
316.825
316.234
315.641
315.048
314.452
322.707
322.121
321.535
320.949
320.363
319.776
319.188
318.6
318.012
317.423
316.833
316.242
315.65
315.058
314.467
322.707
322.122
321.537
320.952
320.366
319.78
319.193
318.606
318.018
317.43
316.84
316.25
315.66
315.068
314.476
322.708
322.124
321.539
320.955
320.37
319.784
319.199
318.612
318.025
317.438
316.849
316.26
315.669
315.079
314.49
322.708
322.125
321.541
320.958
320.374
319.789
319.204
318.619
318.033
317.446
316.858
316.269
315.68
315.089
314.497
322.709
322.126
321.544
320.961
320.378
319.795
319.211
318.626
318.041
317.455
316.868
316.28
315.691
315.099
314.504
322.709
322.128
321.546
320.965
320.383
319.8
319.217
318.634
318.05
317.465
316.879
316.292
315.703
315.113
314.521
322.71
322.13
321.549
320.969
320.388
319.806
319.225
318.642
318.059
317.475
316.89
316.304
315.717
315.127
314.533
322.71
322.131
321.552
320.973
320.393
319.813
319.232
318.651
318.069
317.486
316.903
316.318
315.732
315.145
314.556
322.711
322.133
321.555
320.977
320.398
319.82
319.24
318.66
318.08
317.498
316.916
316.333
315.748
315.163
314.573
322.712
322.135
321.558
320.982
320.404
319.827
319.249
318.67
318.091
317.511
316.93
316.348
315.766
315.184
314.604
322.712
322.137
321.562
320.986
320.411
319.834
319.258
318.68
318.103
317.524
316.945
316.364
315.784
315.203
314.621
322.713
322.139
321.565
320.991
320.417
319.842
319.267
318.691
318.115
317.538
316.96
316.381
315.802
315.223
314.647
322.714
322.142
321.569
320.997
320.424
319.851
319.277
318.703
318.128
317.552
316.976
316.398
315.82
315.24
314.66
322.715
322.144
321.573
321.002
320.431
319.859
319.287
318.714
318.141
317.567
316.992
316.416
315.838
315.259
314.673
322.715
322.146
321.577
321.008
320.438
319.868
319.298
318.727
318.155
317.583
317.009
316.435
315.859
315.281
314.702
322.716
322.149
321.581
321.014
320.446
319.877
319.309
318.74
318.17
317.599
317.028
316.455
315.881
315.304
314.722
322.717
322.152
321.586
321.02
320.454
319.887
319.32
318.753
318.185
317.616
317.047
316.476
315.905
315.332
314.759
322.718
322.154
321.59
321.026
320.462
319.897
319.332
318.767
318.2
317.634
317.067
316.499
315.93
315.359
314.784
322.719
322.157
321.595
321.033
320.47
319.907
319.344
318.781
318.217
317.652
317.087
316.521
315.956
315.391
314.831
322.72
322.16
321.6
321.04
320.479
319.918
319.357
318.795
318.233
317.671
317.108
316.544
315.981
315.419
314.856
322.721
322.163
321.605
321.046
320.488
319.929
319.37
318.81
318.25
317.69
317.129
316.568
316.007
315.447
314.894
322.722
322.166
321.61
321.054
320.497
319.94
319.383
318.825
318.267
317.709
317.15
316.591
316.031
315.471
314.912
322.723
322.169
321.615
321.061
320.506
319.952
319.397
318.841
318.285
317.728
317.171
316.614
316.055
315.495
314.929
322.724
322.172
321.621
321.068
320.516
319.963
319.41
318.857
318.303
317.748
317.193
316.638
316.081
315.523
314.966
322.725
322.176
321.626
321.076
320.526
319.976
319.425
318.873
318.321
317.769
317.216
316.662
316.108
315.552
314.99
322.726
322.179
321.632
321.084
320.536
319.988
319.439
318.89
318.34
317.79
317.239
316.688
316.136
315.584
315.034
322.728
322.183
321.638
321.092
320.547
320.001
319.454
318.907
318.359
317.811
317.262
316.713
316.164
315.615
315.062
322.729
322.186
321.644
321.101
320.558
320.014
319.47
318.925
318.379
317.833
317.286
316.739
316.193
315.648
315.111
322.73
322.19
321.65
321.11
320.569
320.028
319.486
318.943
318.399
317.855
317.31
316.765
316.22
315.677
315.136
322.731
322.194
321.657
321.119
320.58
320.042
319.502
318.962
318.42
317.878
317.334
316.79
316.246
315.703
315.169
322.733
322.198
321.663
321.128
320.592
320.056
319.519
318.981
318.442
317.901
317.359
316.815
316.27
315.725
315.183
322.734
322.202
321.67
321.138
320.605
320.072
319.537
319.002
318.465
317.926
317.385
316.841
316.294
315.745
315.194
322.736
322.206
321.677
321.148
320.618
320.087
319.556
319.023
318.489
317.953
317.413
316.869
316.32
315.766
315.208
322.737
322.211
321.685
321.158
320.631
320.104
319.576
319.046
318.515
317.981
317.444
316.901
316.351
315.789
315.215
322.738
322.215
321.692
321.169
320.645
320.121
319.596
319.07
318.542
318.012
317.479
316.939
316.389
315.82
315.213
322.74
322.22
321.7
321.18
320.659
320.139
319.617
319.095
318.572
318.046
317.518
316.984
316.441
315.878
315.264
290.835
290.213
289.642
289.092
288.551
288.016
287.483
286.953
286.425
285.897
285.369
284.843
284.316
283.79
283.263
290.883
290.267
289.69
289.133
288.587
288.047
287.511
286.977
286.444
285.913
285.383
284.853
284.323
283.794
283.265
290.872
290.293
289.725
289.168
288.619
288.076
287.536
286.999
286.463
285.929
285.395
284.863
284.33
283.798
283.266
290.874
290.311
289.751
289.197
288.647
288.102
287.56
287.02
286.481
285.944
285.408
284.872
284.337
283.802
283.267
290.88
290.327
289.774
289.222
288.673
288.126
287.582
287.039
286.498
285.959
285.42
284.881
284.344
283.806
283.269
290.891
290.344
289.795
289.245
288.696
288.148
287.602
287.058
286.515
285.973
285.431
284.89
284.35
283.81
283.27
290.904
290.363
289.816
289.267
288.718
288.17
287.622
287.076
286.53
285.986
285.442
284.899
284.356
283.814
283.271
290.932
290.387
289.839
289.29
288.74
288.19
287.641
287.093
286.545
285.999
285.453
284.907
284.362
283.817
283.272
290.954
290.412
289.863
289.312
288.761
288.21
287.659
287.109
286.56
286.011
285.463
284.915
284.368
283.821
283.273
290.997
290.441
289.888
289.335
288.782
288.229
287.677
287.125
286.574
286.023
285.473
284.923
284.373
283.824
283.275
291.022
290.469
289.913
289.358
288.803
288.249
287.694
287.141
286.587
286.035
285.482
284.93
284.379
283.827
283.276
291.061
290.497
289.938
289.381
288.824
288.267
287.711
287.156
286.601
286.046
285.492
284.938
284.384
283.83
283.277
291.083
290.523
289.962
289.403
288.844
288.286
287.728
287.171
286.614
286.057
285.501
284.945
284.389
283.833
283.278
291.116
290.548
289.986
289.425
288.864
288.304
287.744
287.185
286.626
286.068
285.509
284.952
284.394
283.836
283.279
291.132
290.57
290.008
289.446
288.884
288.322
287.76
287.199
286.639
286.078
285.518
284.958
284.399
283.839
283.28
291.148
290.592
290.03
289.467
288.903
288.339
287.776
287.213
286.651
286.088
285.526
284.965
284.403
283.842
283.281
291.182
290.618
290.053
289.488
288.922
288.357
287.792
287.227
286.662
286.098
285.535
284.971
284.408
283.845
283.282
291.206
290.643
290.076
289.509
288.941
288.374
287.807
287.24
286.674
286.108
285.542
284.977
284.412
283.847
283.282
291.249
290.672
290.1
289.53
288.96
288.39
287.821
287.253
286.685
286.117
285.55
284.983
284.416
283.85
283.283
291.272
290.698
290.123
289.55
288.978
288.407
287.836
287.266
286.696
286.127
285.558
284.989
284.421
283.852
283.284
291.306
290.723
290.145
289.57
288.996
288.422
287.85
287.278
286.707
286.136
285.565
284.995
284.425
283.855
283.285
291.325
290.745
290.166
289.588
289.012
288.437
287.863
287.29
286.717
286.144
285.572
285
284.429
283.857
283.286
291.351
290.765
290.185
289.606
289.029
288.452
287.876
287.301
286.727
286.153
285.579
285.005
284.432
283.859
283.286
291.364
290.782
290.202
289.623
289.044
288.466
287.889
287.312
286.736
286.161
285.585
285.011
284.436
283.862
283.287
291.375
290.799
290.219
289.639
289.059
288.479
287.901
287.323
286.745
286.168
285.592
285.015
284.439
283.864
283.288
291.4
290.818
290.236
289.654
289.073
288.492
287.912
287.333
286.754
286.176
285.598
285.02
284.443
283.866
283.289
291.417
290.836
290.253
289.669
289.087
288.505
287.923
287.343
286.763
286.183
285.604
285.025
284.446
283.868
283.289
291.446
290.856
290.269
289.684
289.1
288.517
287.934
287.352
286.771
286.19
285.609
285.029
284.449
283.869
283.29
291.461
290.873
290.285
289.698
289.112
288.528
287.944
287.361
286.778
286.196
285.614
285.033
284.452
283.871
283.29
291.483
290.889
290.299
289.711
289.124
288.538
287.953
287.369
286.785
286.202
285.62
285.037
284.455
283.873
283.291
291.495
290.903
290.312
289.723
289.135
288.549
287.962
287.377
286.792
286.208
285.624
285.041
284.458
283.874
283.291
291.511
290.916
290.324
289.734
289.146
288.558
287.971
287.385
286.799
286.214
285.629
285.044
284.46
283.876
283.292
291.519
290.926
290.335
289.745
289.155
288.567
287.979
287.392
286.805
286.219
285.633
285.048
284.462
283.877
283.292
291.525
290.936
290.345
289.754
289.164
288.575
287.986
287.398
286.811
286.224
285.637
285.051
284.465
283.879
283.293
291.539
290.946
290.355
289.763
289.173
288.583
287.993
287.404
286.816
286.228
285.641
285.054
284.467
283.88
283.293
291.548
290.956
290.364
289.772
289.18
288.59
288
287.41
286.821
286.232
285.644
285.056
284.469
283.881
283.294
291.563
290.967
290.373
289.78
289.188
288.596
288.006
287.415
286.826
286.236
285.647
285.059
284.47
283.882
283.294
291.571
290.975
290.381
289.787
289.194
288.602
288.011
287.42
286.83
286.24
285.65
285.061
284.472
283.883
283.294
291.581
290.983
290.388
289.794
289.201
288.608
288.016
287.425
286.834
286.243
285.653
285.063
284.474
283.884
283.295
291.585
290.989
290.394
289.8
289.206
288.613
288.021
287.429
286.838
286.246
285.656
285.065
284.475
283.885
283.295
291.589
290.995
290.4
289.805
289.211
288.618
288.025
287.433
286.841
286.249
285.658
285.067
284.476
283.886
283.295
291.596
291
290.405
289.81
289.216
288.622
288.029
287.436
286.844
286.252
285.66
285.069
284.478
283.886
283.295
291.601
291.006
290.41
289.815
289.22
288.626
288.033
287.439
286.847
286.254
285.662
285.07
284.479
283.887
283.296
291.608
291.011
290.415
289.819
289.224
288.63
288.036
287.442
286.849
286.256
285.664
285.072
284.48
283.888
283.296
291.612
291.015
290.419
289.823
289.227
288.633
288.038
287.445
286.851
286.258
285.665
285.073
284.48
283.888
283.296
291.618
291.019
290.422
289.826
289.23
288.635
288.041
287.447
286.853
286.26
285.667
285.074
284.481
283.889
283.296
291.621
291.023
290.425
289.829
289.233
288.638
288.043
287.448
286.855
286.261
285.668
285.075
284.482
283.889
283.296
291.624
291.025
290.428
289.831
289.235
288.639
288.044
287.45
286.856
286.262
285.669
285.075
284.482
283.889
283.296
291.625
291.027
290.429
289.833
289.236
288.641
288.046
287.451
286.857
286.263
285.669
285.076
284.483
283.89
283.296
291.627
291.028
290.431
289.834
289.237
288.642
288.047
287.452
286.857
286.263
285.67
285.076
284.483
283.89
283.297
291.627
291.029
290.431
289.834
289.238
288.642
288.047
287.452
286.858
286.264
285.67
285.076
284.483
283.89
283.297
291.627
291.029
290.431
289.834
289.238
288.642
288.047
287.452
286.858
286.264
285.67
285.077
284.483
283.89
283.297
291.626
291.028
290.431
289.834
289.238
288.642
288.047
287.452
286.858
286.264
285.67
285.077
284.483
283.89
283.297
291.624
291.027
290.429
289.833
289.237
288.642
288.047
287.452
286.858
286.264
285.67
285.076
284.483
283.89
283.297
291.621
291.025
290.428
289.832
289.236
288.641
288.046
287.451
286.857
286.263
285.67
285.076
284.483
283.89
283.297
291.619
291.022
290.426
289.83
289.234
288.639
288.045
287.45
286.856
286.262
285.669
285.076
284.483
283.889
283.296
291.615
291.02
290.424
289.828
289.233
288.638
288.043
287.449
286.855
286.262
285.668
285.075
284.482
283.889
283.296
291.613
291.017
290.421
289.825
289.23
288.636
288.041
287.447
286.854
286.26
285.667
285.074
284.482
283.889
283.296
291.609
291.013
290.418
289.823
289.228
288.633
288.039
287.446
286.852
286.259
285.666
285.074
284.481
283.889
283.296
291.606
291.01
290.415
289.82
289.225
288.631
288.037
287.444
286.851
286.258
285.665
285.073
284.48
283.888
283.296
291.603
291.006
290.411
289.816
289.222
288.628
288.035
287.441
286.849
286.256
285.664
285.072
284.48
283.888
283.296
291.597
291.002
290.407
289.812
289.218
288.625
288.032
287.439
286.846
286.254
285.662
285.07
284.479
283.887
283.296
291.592
290.996
290.402
289.808
289.214
288.621
288.028
287.436
286.844
286.252
285.661
285.069
284.478
283.887
283.296
291.583
290.99
290.396
289.803
289.21
288.617
288.025
287.433
286.841
286.25
285.659
285.068
284.477
283.886
283.295
291.578
290.984
290.391
289.798
289.205
288.613
288.021
287.43
286.838
286.247
285.657
285.066
284.476
283.885
283.295
291.569
290.978
290.385
289.793
289.201
288.609
288.017
287.426
286.835
286.245
285.655
285.064
284.474
283.885
283.295
291.565
290.972
290.379
289.787
289.195
288.604
288.013
287.422
286.832
286.242
285.652
285.063
284.473
283.884
283.295
291.561
290.966
290.373
289.781
289.19
288.599
288.008
287.418
286.829
286.239
285.65
285.061
284.472
283.883
283.294
291.551
290.959
290.366
289.775
289.184
288.594
288.004
287.414
286.825
286.236
285.647
285.059
284.47
283.882
283.294
291.545
290.951
290.359
289.768
289.178
288.588
287.998
287.409
286.821
286.232
285.644
285.056
284.469
283.881
283.294
291.532
290.941
290.351
289.76
289.171
288.582
287.993
287.404
286.816
286.229
285.641
285.054
284.467
283.88
283.293
291.523
290.932
290.342
289.753
289.164
288.575
287.987
287.399
286.812
286.225
285.638
285.052
284.465
283.879
283.293
291.507
290.921
290.333
289.744
289.156
288.568
287.981
287.394
286.807
286.221
285.635
285.049
284.463
283.878
283.293
291.499
290.911
290.324
289.736
289.149
288.561
287.975
287.388
286.802
286.216
285.631
285.046
284.461
283.877
283.292
291.486
290.901
290.315
289.728
289.141
288.554
287.968
287.382
286.797
286.212
285.627
285.043
284.459
283.875
283.292
291.48
290.893
290.306
289.719
289.133
288.546
287.961
287.376
286.791
286.207
285.623
285.04
284.457
283.874
283.291
291.474
290.884
290.297
289.71
289.124
288.538
287.953
287.369
286.785
286.202
285.619
285.036
284.454
283.872
283.291
291.461
290.874
290.287
289.701
289.115
288.53
287.945
287.362
286.778
286.196
285.614
285.033
284.452
283.871
283.29
291.453
290.864
290.277
289.691
289.106
288.521
287.937
287.354
286.772
286.19
285.609
285.029
284.449
283.869
283.29
291.438
290.853
290.266
289.681
289.096
288.511
287.928
287.346
286.764
286.183
285.604
285.024
284.446
283.867
283.289
291.429
290.841
290.255
289.67
289.085
288.501
287.918
287.337
286.756
286.176
285.598
285.02
284.442
283.865
283.288
291.412
290.829
290.244
289.658
289.074
288.49
287.908
287.327
286.747
286.169
285.591
285.015
284.439
283.863
283.288
291.405
290.819
290.233
289.647
289.061
288.478
287.896
287.316
286.738
286.16
285.584
285.009
284.435
283.861
283.287
291.396
290.809
290.221
289.634
289.048
288.465
287.883
287.304
286.727
286.151
285.577
285.003
284.43
283.858
283.286
291.391
290.801
290.209
289.62
289.033
288.45
287.869
287.291
286.715
286.141
285.568
284.997
284.426
283.855
283.285
291.39
290.792
290.196
289.604
289.016
288.433
287.853
287.277
286.702
286.13
285.559
284.989
284.42
283.852
283.284
291.393
290.784
290.18
289.584
288.996
288.413
287.835
287.26
286.688
286.118
285.549
284.982
284.415
283.849
283.283
291.396
290.771
290.158
289.56
288.971
288.39
287.814
287.242
286.673
286.105
285.539
284.974
284.409
283.845
283.282
291.416
290.748
290.127
289.528
288.942
288.364
287.791
287.222
286.655
286.091
285.527
284.965
284.403
283.842
283.28
291.367
290.694
290.079
289.487
288.907
288.334
287.766
287.2
286.637
286.076
285.515
284.955
284.396
283.838
283.279
322.742
322.225
321.709
321.192
320.675
320.158
319.641
319.124
318.605
318.086
317.565
317.04
316.512
315.98
315.452
322.744
322.231
321.718
321.205
320.693
320.18
319.668
319.156
318.643
318.131
317.619
317.106
316.595
316.088
315.595
322.745
322.236
321.727
321.219
320.71
320.202
319.695
319.188
318.682
318.176
317.673
317.171
316.673
316.183
315.705
322.747
322.242
321.737
321.232
320.727
320.224
319.721
319.219
318.719
318.22
317.724
317.232
316.745
316.265
315.796
322.749
322.247
321.745
321.244
320.744
320.244
319.746
319.249
318.754
318.262
317.773
317.288
316.808
316.336
315.873
322.751
322.252
321.754
321.256
320.76
320.264
319.77
319.278
318.788
318.3
317.817
317.338
316.865
316.398
315.94
322.752
322.257
321.762
321.267
320.774
320.282
319.792
319.303
318.818
318.335
317.857
317.383
316.914
316.452
315.998
322.754
322.261
321.769
321.278
320.787
320.298
319.812
319.327
318.845
318.366
317.892
317.422
316.957
316.499
316.048
322.755
322.265
321.775
321.287
320.799
320.313
319.829
319.348
318.869
318.394
317.923
317.456
316.995
316.539
316.09
322.756
322.268
321.781
321.294
320.809
320.326
319.844
319.365
318.89
318.417
317.949
317.485
317.026
316.573
316.126
322.757
322.271
321.786
321.301
320.818
320.337
319.857
319.38
318.907
318.436
317.97
317.508
317.052
316.6
316.155
322.758
322.273
321.789
321.307
320.825
320.345
319.867
319.392
318.92
318.452
317.987
317.527
317.072
316.622
316.178
322.758
322.275
321.792
321.311
320.83
320.352
319.875
319.401
318.931
318.464
318
317.541
317.087
316.638
316.195
322.759
322.276
321.794
321.313
320.834
320.356
319.88
319.407
318.938
318.471
318.009
317.551
317.097
316.649
316.206
322.759
322.277
321.795
321.315
320.835
320.358
319.883
319.41
318.941
318.475
318.013
317.555
317.102
316.654
316.212
315.025
314.749
314.258
313.979
313.571
313.372
313.171
312.757
312.468
311.941
311.65
311.223
310.984
310.643
310.477
310.313
309.979
309.75
309.339
309.117
308.806
308.658
308.516
308.235
308.047
307.723
307.509
307.134
306.933
306.657
306.525
306.4
306.154
305.989
305.706
305.517
305.188
305.011
304.765
304.647
304.534
304.309
304.155
303.888
303.706
303.382
303.203
302.941
302.793
302.579
302.473
302.365
302.144
301.988
301.703
301.545
301.316
301.204
301.091
300.862
300.701
300.415
300.217
299.858
299.66
299.373
299.232
299.089
298.799
298.594
298.228
297.975
297.515
297.259
296.89
296.709
296.526
296.152
295.889
295.419
295.096
294.508
294.185
293.718
293.493
293.269
292.808
292.496
291.944
291.637
315.173
314.815
314.432
314.09
313.749
313.454
313.159
312.818
312.477
312.097
311.756
311.413
311.114
310.823
310.575
310.331
310.054
309.78
309.48
309.215
308.955
308.736
308.522
308.282
308.045
307.782
307.528
307.254
307.015
306.782
306.586
306.397
306.185
305.975
305.743
305.519
305.276
305.062
304.854
304.676
304.503
304.307
304.11
303.89
303.673
303.434
303.22
303.004
302.814
302.626
302.463
302.298
302.109
301.918
301.704
301.51
301.315
301.144
300.971
300.769
300.563
300.326
300.09
299.825
299.586
299.344
299.132
298.916
298.664
298.404
298.106
297.806
297.47
297.166
296.859
296.59
296.317
295.997
295.668
295.29
294.912
294.49
294.11
293.729
293.4
293.07
292.689
292.307
291.881
291.485
315.285
314.915
314.55
314.199
313.86
313.535
313.213
312.88
312.542
312.198
311.864
311.54
311.234
310.942
310.667
310.398
310.123
309.848
309.57
309.304
309.047
308.805
308.567
308.325
308.079
307.828
307.577
307.326
307.086
306.856
306.639
306.427
306.211
305.993
305.77
305.546
305.321
305.106
304.898
304.7
304.505
304.304
304.1
303.887
303.672
303.452
303.238
303.03
302.831
302.638
302.453
302.268
302.076
301.88
301.678
301.478
301.28
301.087
300.891
300.684
300.468
300.239
300.002
299.757
299.514
299.273
299.036
298.795
298.539
298.27
297.984
297.688
297.381
297.076
296.774
296.477
296.175
295.855
295.518
295.161
294.792
294.411
294.036
293.666
293.308
292.947
292.57
292.181
291.777
291.369
315.378
315.008
314.646
314.294
313.95
313.614
313.282
312.949
312.616
312.284
311.958
311.64
311.334
311.038
310.752
310.472
310.194
309.918
309.645
309.379
309.119
308.867
308.619
308.371
308.123
307.874
307.627
307.382
307.142
306.91
306.684
306.462
306.241
306.02
305.797
305.575
305.355
305.138
304.927
304.72
304.515
304.309
304.1
303.889
303.675
303.462
303.25
303.042
302.839
302.64
302.444
302.248
302.05
301.85
301.647
301.443
301.239
301.035
300.827
300.613
300.391
300.162
299.926
299.685
299.441
299.195
298.948
298.695
298.433
298.161
297.878
297.586
297.287
296.984
296.68
296.373
296.059
295.735
295.398
295.049
294.69
294.323
293.955
293.586
293.219
292.847
292.467
292.078
291.678
291.271
315.459
315.09
314.729
314.375
314.028
313.688
313.352
313.019
312.688
312.361
312.039
311.724
311.418
311.119
310.828
310.543
310.262
309.985
309.712
309.444
309.181
308.923
308.67
308.418
308.168
307.919
307.673
307.429
307.19
306.955
306.724
306.497
306.272
306.048
305.824
305.602
305.382
305.164
304.949
304.737
304.527
304.316
304.105
303.893
303.68
303.468
303.256
303.047
302.841
302.637
302.434
302.232
302.028
301.823
301.617
301.408
301.199
300.987
300.772
300.552
300.326
300.095
299.858
299.616
299.37
299.121
298.867
298.608
298.342
298.067
297.785
297.494
297.198
296.896
296.589
296.278
295.959
295.633
295.296
294.951
294.597
294.237
293.873
293.506
293.135
292.76
292.378
291.988
291.591
291.185
315.529
315.161
314.8
314.446
314.098
313.756
313.418
313.085
312.756
312.431
312.111
311.797
311.49
311.19
310.896
310.608
310.325
310.046
309.771
309.501
309.236
308.975
308.717
308.463
308.211
307.962
307.715
307.471
307.23
306.993
306.76
306.529
306.301
306.075
305.85
305.626
305.405
305.185
304.968
304.753
304.539
304.325
304.112
303.898
303.685
303.472
303.26
303.049
302.84
302.632
302.424
302.217
302.009
301.799
301.589
301.376
301.161
300.944
300.724
300.499
300.27
300.036
299.797
299.553
299.305
299.052
298.794
298.531
298.262
297.986
297.702
297.412
297.116
296.813
296.506
296.192
295.871
295.544
295.208
294.865
294.514
294.158
293.796
293.429
293.058
292.682
292.299
291.91
291.514
291.111
315.589
315.223
314.863
314.509
314.16
313.817
313.479
313.146
312.817
312.493
312.174
311.861
311.554
311.252
310.957
310.666
310.381
310.1
309.824
309.552
309.285
309.021
308.761
308.505
308.251
308
307.752
307.507
307.266
307.027
306.791
306.558
306.328
306.099
305.873
305.648
305.425
305.204
304.984
304.767
304.55
304.334
304.119
303.904
303.689
303.475
303.261
303.049
302.837
302.625
302.414
302.203
301.991
301.778
301.563
301.346
301.128
300.906
300.681
300.453
300.221
299.984
299.742
299.496
299.245
298.99
298.73
298.464
298.192
297.914
297.63
297.339
297.042
296.739
296.43
296.116
295.794
295.466
295.131
294.789
294.44
294.086
293.725
293.36
292.989
292.613
292.23
291.842
291.448
291.047
315.641
315.276
314.917
314.563
314.215
313.871
313.533
313.2
312.871
312.548
312.229
311.916
311.609
311.306
311.009
310.718
310.431
310.148
309.871
309.597
309.328
309.062
308.8
308.542
308.287
308.035
307.786
307.54
307.296
307.056
306.819
306.584
306.352
306.122
305.894
305.667
305.443
305.22
304.999
304.779
304.56
304.342
304.125
303.909
303.692
303.477
303.262
303.047
302.833
302.619
302.405
302.19
301.975
301.758
301.54
301.32
301.098
300.873
300.645
300.413
300.178
299.938
299.694
299.446
299.193
298.935
298.672
298.404
298.131
297.851
297.566
297.274
296.977
296.673
296.364
296.048
295.727
295.398
295.064
294.722
294.375
294.021
293.662
293.298
292.927
292.552
292.17
291.783
291.39
290.991
315.685
315.321
314.963
314.61
314.261
313.918
313.58
313.247
312.919
312.595
312.277
311.964
311.656
311.353
311.055
310.762
310.474
310.19
309.911
309.636
309.365
309.098
308.835
308.575
308.319
308.065
307.815
307.568
307.323
307.082
306.843
306.607
306.373
306.141
305.912
305.684
305.458
305.234
305.011
304.789
304.569
304.349
304.131
303.913
303.695
303.478
303.261
303.045
302.829
302.612
302.396
302.179
301.96
301.741
301.52
301.297
301.072
300.844
300.613
300.378
300.14
299.899
299.653
299.402
299.147
298.888
298.623
298.353
298.078
297.797
297.511
297.219
296.92
296.616
296.306
295.99
295.668
295.34
295.005
294.665
294.318
293.966
293.607
293.243
292.874
292.499
292.118
291.732
291.341
290.944
315.722
315.359
315.002
314.649
314.301
313.958
313.62
313.287
312.959
312.636
312.317
312.004
311.696
311.392
311.094
310.8
310.511
310.226
309.946
309.669
309.397
309.129
308.865
308.604
308.346
308.091
307.84
307.592
307.346
307.104
306.864
306.626
306.391
306.158
305.927
305.698
305.471
305.245
305.021
304.798
304.577
304.356
304.136
303.916
303.698
303.479
303.261
303.043
302.825
302.607
302.388
302.168
301.948
301.726
301.502
301.277
301.049
300.819
300.586
300.349
300.109
299.865
299.617
299.365
299.108
298.847
298.581
298.31
298.033
297.752
297.464
297.171
296.872
296.568
296.257
295.941
295.619
295.29
294.956
294.616
294.27
293.918
293.56
293.197
292.828
292.454
292.074
291.689
291.299
290.904
315.752
315.391
315.034
314.682
314.334
313.992
313.654
313.321
312.993
312.669
312.351
312.037
311.729
311.425
311.126
310.831
310.541
310.256
309.974
309.697
309.424
309.155
308.889
308.627
308.369
308.113
307.861
307.612
307.365
307.122
306.881
306.642
306.406
306.172
305.94
305.71
305.482
305.255
305.03
304.806
304.583
304.361
304.14
303.919
303.699
303.48
303.26
303.041
302.821
302.601
302.381
302.16
301.937
301.713
301.488
301.261
301.031
300.798
300.563
300.325
300.083
299.838
299.588
299.334
299.076
298.814
298.546
298.274
297.997
297.714
297.426
297.132
296.833
296.528
296.217
295.9
295.578
295.25
294.915
294.575
294.23
293.878
293.521
293.158
292.79
292.417
292.038
291.654
291.265
290.871
315.776
315.415
315.059
314.707
314.36
314.018
313.68
313.347
313.019
312.696
312.377
312.064
311.755
311.45
311.151
310.856
310.565
310.279
309.997
309.719
309.445
309.175
308.909
308.646
308.387
308.131
307.878
307.628
307.381
307.136
306.894
306.655
306.418
306.183
305.95
305.72
305.49
305.263
305.037
304.812
304.588
304.365
304.143
303.922
303.701
303.48
303.26
303.039
302.818
302.597
302.375
302.153
301.929
301.703
301.476
301.247
301.016
300.782
300.546
300.306
300.062
299.816
299.565
299.31
299.051
298.787
298.519
298.246
297.967
297.684
297.395
297.101
296.801
296.496
296.185
295.868
295.545
295.217
294.883
294.543
294.198
293.847
293.49
293.128
292.76
292.387
292.009
291.626
291.238
290.844
315.794
315.434
315.078
314.727
314.38
314.038
313.7
313.367
313.039
312.716
312.397
312.083
311.774
311.47
311.17
310.874
310.583
310.297
310.014
309.736
309.461
309.191
308.924
308.661
308.401
308.144
307.89
307.64
307.392
307.147
306.905
306.665
306.427
306.192
305.958
305.727
305.497
305.269
305.042
304.816
304.592
304.368
304.145
303.923
303.702
303.48
303.259
303.038
302.816
302.594
302.371
302.147
301.922
301.696
301.468
301.237
301.005
300.77
300.532
300.291
300.047
299.799
299.547
299.292
299.032
298.767
298.498
298.224
297.945
297.661
297.372
297.077
296.777
296.472
296.16
295.844
295.521
295.193
294.859
294.519
294.174
293.823
293.467
293.105
292.738
292.365
291.988
291.605
291.217
290.825
315.806
315.446
315.09
314.739
314.393
314.051
313.713
313.38
313.052
312.729
312.41
312.096
311.787
311.482
311.182
310.887
310.595
310.308
310.026
309.747
309.472
309.201
308.934
308.67
308.41
308.153
307.899
307.648
307.399
307.154
306.911
306.671
306.433
306.197
305.963
305.731
305.501
305.272
305.045
304.819
304.594
304.37
304.147
303.924
303.702
303.48
303.258
303.037
302.814
302.592
302.368
302.144
301.918
301.691
301.462
301.231
300.998
300.762
300.523
300.282
300.037
299.788
299.536
299.28
299.019
298.754
298.485
298.21
297.931
297.646
297.357
297.062
296.762
296.456
296.144
295.827
295.505
295.177
294.843
294.503
294.158
293.807
293.451
293.09
292.723
292.351
291.973
291.591
291.204
290.812
315.812
315.452
315.097
314.746
314.399
314.057
313.72
313.387
313.059
312.736
312.417
312.103
311.794
311.489
311.189
310.893
310.601
310.314
310.031
309.752
309.477
309.206
308.939
308.675
308.414
308.157
307.903
307.652
307.403
307.158
306.915
306.674
306.436
306.2
305.966
305.734
305.503
305.274
305.047
304.821
304.595
304.371
304.148
303.925
303.702
303.48
303.258
303.036
302.813
302.59
302.367
302.142
301.916
301.688
301.459
301.228
300.994
300.758
300.519
300.277
300.032
299.783
299.53
299.274
299.013
298.748
298.478
298.203
297.924
297.639
297.349
297.054
296.754
296.448
296.136
295.819
295.497
295.169
294.835
294.495
294.15
293.8
293.444
293.082
292.715
292.343
291.966
291.584
291.197
290.806
291.169
290.59
290.009
289.433
288.863
288.298
287.735
287.175
286.616
286.058
285.501
284.945
284.389
283.833
283.278
291.021
290.48
289.926
289.369
288.811
288.255
287.7
287.145
286.591
286.038
285.485
284.933
284.38
283.828
283.276
290.907
290.383
289.847
289.304
288.758
288.211
287.663
287.115
286.566
286.018
285.469
284.92
284.372
283.823
283.274
290.812
290.299
289.774
289.243
288.707
288.168
287.627
287.084
286.541
285.997
285.453
284.908
284.363
283.818
283.273
290.731
290.225
289.709
289.186
288.658
288.126
287.592
287.055
286.517
285.977
285.437
284.896
284.355
283.813
283.271
290.661
290.16
289.651
289.135
288.613
288.088
287.559
287.027
286.494
285.958
285.422
284.885
284.347
283.808
283.269
290.6
290.103
289.599
289.089
288.573
288.052
287.528
287.001
286.472
285.941
285.408
284.874
284.339
283.804
283.268
290.547
290.054
289.554
289.048
288.537
288.021
287.501
286.978
286.452
285.924
285.395
284.864
284.332
283.8
283.267
290.501
290.012
289.515
289.013
288.505
287.993
287.476
286.957
286.434
285.91
285.383
284.855
284.326
283.796
283.265
290.463
289.976
289.482
288.983
288.478
287.969
287.455
286.939
286.419
285.897
285.373
284.847
284.32
283.792
283.264
290.432
289.946
289.455
288.958
288.455
287.949
287.438
286.923
286.406
285.886
285.364
284.84
284.316
283.79
283.263
290.407
289.923
289.433
288.938
288.438
287.933
287.424
286.911
286.396
285.877
285.357
284.835
284.312
283.787
283.263
290.388
289.906
289.417
288.923
288.424
287.921
287.413
286.902
286.388
285.871
285.352
284.831
284.309
283.786
283.262
290.376
289.894
289.406
288.913
288.415
287.913
287.406
286.896
286.382
285.866
285.348
284.828
284.307
283.784
283.262
290.37
289.888
289.401
288.908
288.411
287.909
287.402
286.893
286.38
285.864
285.346
284.827
284.306
283.784
283.261
)
;

boundaryField
{
    hot
    {
        type            fixedValue;
        value           uniform 323;
    }
    cold
    {
        type            fixedValue;
        value           uniform 283;
    }
    interface_left
    {
        type            fixedValue;
        value           nonuniform List<scalar> 
90
(
314.688
314.688
314.709
314.709
314.667
314.667
314.667
314.607
314.607
314.526
314.526
314.466
314.466
314.42
314.42
314.42
314.377
314.377
314.324
314.324
314.289
314.289
314.289
314.26
314.26
314.229
314.229
314.193
314.193
314.171
314.171
314.171
314.154
314.154
314.138
314.138
314.122
314.122
314.114
314.114
314.114
314.111
314.111
314.11
314.11
314.115
314.115
314.122
314.122
314.122
314.132
314.132
314.15
314.15
314.177
314.177
314.202
314.202
314.202
314.23
314.23
314.269
314.269
314.325
314.325
314.371
314.371
314.371
314.42
314.42
314.482
314.482
314.568
314.568
314.634
314.634
314.634
314.697
314.697
314.772
314.772
314.862
314.862
314.916
314.916
314.916
314.937
314.937
314.872
314.872
)
;
    }
    interface_right
    {
        type            fixedValue;
        value           nonuniform List<scalar> 
90
(
291.232
291.232
291.151
291.151
291.151
291.161
291.161
291.207
291.207
291.287
291.287
291.353
291.353
291.411
291.411
291.411
291.471
291.471
291.55
291.55
291.608
291.608
291.653
291.653
291.653
291.696
291.696
291.749
291.749
291.786
291.786
291.813
291.813
291.813
291.838
291.838
291.865
291.865
291.882
291.882
291.882
291.895
291.895
291.907
291.907
291.918
291.918
291.923
291.923
291.925
291.925
291.925
291.923
291.923
291.918
291.918
291.911
291.911
291.903
291.903
291.903
291.892
291.892
291.875
291.875
291.861
291.861
291.861
291.845
291.845
291.823
291.823
291.794
291.794
291.772
291.772
291.772
291.751
291.751
291.726
291.726
291.697
291.697
291.684
291.684
291.684
291.697
291.697
291.798
291.798
)
;
    }
    interface_top
    {
        type            fixedValue;
        value           nonuniform List<scalar> 
90
(
314.872
314.872
314.019
314.019
313.334
313.334
313.334
312.637
312.637
311.696
311.696
310.994
310.994
310.429
310.429
310.429
309.868
309.868
309.135
309.135
308.616
308.616
308.616
308.148
308.148
307.616
307.616
306.95
306.95
306.491
306.491
306.491
306.082
306.082
305.62
305.62
305.036
305.036
304.63
304.63
304.63
304.26
304.26
303.826
303.826
303.253
303.253
302.829
302.829
302.48
302.48
302.48
302.115
302.115
301.612
301.612
301.234
301.234
301.234
300.859
300.859
300.395
300.395
299.76
299.76
299.282
299.282
299.282
298.804
298.804
298.208
298.208
297.388
297.388
296.768
296.768
296.768
296.148
296.148
295.377
295.377
294.326
294.326
293.537
293.537
293.537
292.761
292.761
291.798
291.798
)
;
    }
    interface_bottom
    {
        type            fixedValue;
        value           nonuniform List<scalar> 
90
(
314.688
314.688
313.863
313.863
313.863
313.099
313.099
312.207
312.207
311.065
311.065
310.248
310.248
309.604
309.604
309.604
308.97
308.97
308.14
308.14
307.543
307.543
307.072
307.072
307.072
306.61
306.61
306.015
306.015
305.601
305.601
305.601
305.223
305.223
304.789
304.789
304.239
304.239
303.855
303.855
303.855
303.496
303.496
303.069
303.069
302.502
302.502
302.08
302.08
301.727
301.727
301.727
301.351
301.351
300.827
300.827
300.432
300.432
300.432
300.036
300.036
299.543
299.543
298.875
298.875
298.378
298.378
298.378
297.883
297.883
297.27
297.27
296.448
296.448
295.839
295.839
295.839
295.239
295.239
294.504
294.504
293.527
293.527
292.809
292.809
292.809
292.106
292.106
291.232
291.232
)
;
    }
    defaultFaces
    {
        type            empty;
    }
}


// ************************************************************************* //
