/*--------------------------------*- C++ -*----------------------------------*\
| =========                 |                                                 |
| \\      /  F ield         | OpenFOAM: The Open Source CFD Toolbox           |
|  \\    /   O peration     | Version:  5.x                                   |
|   \\  /    A nd           | Web:      www.OpenFOAM.org                      |
|    \\/     M anipulation  |                                                 |
\*---------------------------------------------------------------------------*/
FoamFile
{
    version     2.0;
    format      ascii;
    class       volScalarField;
    location    "1.2";
    object      T;
}
// * * * * * * * * * * * * * * * * * * * * * * * * * * * * * * * * * * * * * //

dimensions      [0 0 0 1 0 0 0];

internalField   nonuniform List<scalar> 
6300
(
322.726
322.177
321.629
321.083
320.538
319.995
319.456
318.92
318.388
317.861
317.338
316.821
316.311
315.807
315.309
322.725
322.176
321.628
321.081
320.535
319.993
319.453
318.916
318.384
317.856
317.333
316.815
316.304
315.8
315.302
322.725
322.175
321.625
321.077
320.531
319.987
319.446
318.908
318.375
317.846
317.322
316.803
316.291
315.786
315.288
322.724
322.172
321.621
321.072
320.524
319.978
319.436
318.896
318.361
317.831
317.305
316.785
316.272
315.765
315.266
322.723
322.169
321.616
321.065
320.515
319.967
319.422
318.881
318.343
317.811
317.283
316.761
316.246
315.737
315.236
322.722
322.166
321.61
321.056
320.503
319.953
319.405
318.861
318.321
317.785
317.255
316.731
316.213
315.702
315.199
322.72
322.161
321.602
321.045
320.489
319.936
319.385
318.838
318.294
317.755
317.221
316.694
316.173
315.66
315.154
322.719
322.156
321.594
321.033
320.474
319.916
319.362
318.81
318.262
317.719
317.182
316.65
316.126
315.609
315.101
322.717
322.15
321.584
321.019
320.456
319.894
319.335
318.779
318.227
317.679
317.136
316.6
316.071
315.55
315.039
322.714
322.144
321.573
321.004
320.436
319.87
319.305
318.744
318.186
317.632
317.084
316.542
316.007
315.482
314.967
322.712
322.137
321.562
320.988
320.414
319.843
319.273
318.706
318.142
317.581
317.026
316.476
315.935
315.404
314.885
322.71
322.129
321.549
320.97
320.392
319.814
319.239
318.665
318.094
317.525
316.961
316.403
315.853
315.313
314.788
322.707
322.122
321.536
320.952
320.368
319.784
319.202
318.621
318.042
317.465
316.892
316.322
315.759
315.207
314.673
322.705
322.114
321.523
320.933
320.343
319.753
319.164
318.576
317.989
317.403
316.818
316.235
315.655
315.084
314.533
322.702
322.106
321.509
320.913
320.317
319.722
319.126
318.53
317.935
317.338
316.742
316.143
315.543
314.942
314.349
314.86
314.458
314.06
313.669
313.284
312.904
312.531
312.165
311.805
311.452
311.107
310.768
310.437
310.113
309.797
309.488
309.187
308.894
308.608
308.329
308.058
307.794
307.537
307.287
307.044
306.807
306.577
306.352
306.132
305.918
305.709
305.505
305.305
305.108
304.916
304.727
304.541
304.357
304.176
303.997
303.82
303.644
303.469
303.295
303.122
302.949
302.775
302.602
302.427
302.251
302.074
301.896
301.715
301.531
301.345
301.156
300.964
300.768
300.568
300.363
300.154
299.94
299.72
299.495
299.265
299.028
298.786
298.537
298.281
298.018
297.749
297.473
297.189
296.899
296.601
296.295
295.982
295.662
295.334
294.999
294.656
294.306
293.949
293.585
293.213
292.834
292.449
292.057
291.658
291.253
314.853
314.45
314.052
313.661
313.275
312.895
312.522
312.155
311.795
311.442
311.096
310.758
310.426
310.102
309.786
309.477
309.176
308.883
308.597
308.319
308.048
307.784
307.528
307.278
307.035
306.799
306.568
306.344
306.125
305.911
305.703
305.499
305.299
305.103
304.911
304.722
304.537
304.354
304.173
303.995
303.818
303.642
303.468
303.295
303.122
302.949
302.776
302.603
302.428
302.253
302.077
301.898
301.718
301.535
301.35
301.161
300.969
300.773
300.574
300.37
300.161
299.947
299.728
299.504
299.273
299.037
298.795
298.546
298.29
298.028
297.759
297.483
297.2
296.909
296.611
296.306
295.993
295.672
295.345
295.009
294.667
294.317
293.959
293.595
293.223
292.844
292.458
292.066
291.667
291.262
314.838
314.434
314.036
313.644
313.257
312.877
312.504
312.136
311.776
311.422
311.076
310.737
310.405
310.081
309.764
309.456
309.155
308.861
308.576
308.298
308.027
307.764
307.508
307.259
307.017
306.781
306.552
306.328
306.11
305.897
305.689
305.486
305.288
305.093
304.902
304.714
304.529
304.347
304.167
303.99
303.814
303.639
303.466
303.293
303.121
302.949
302.777
302.605
302.432
302.257
302.082
301.904
301.725
301.543
301.358
301.171
300.98
300.785
300.586
300.383
300.175
299.962
299.744
299.52
299.29
299.055
298.813
298.564
298.31
298.048
297.779
297.503
297.22
296.93
296.632
296.327
296.014
295.694
295.366
295.03
294.688
294.337
293.98
293.615
293.243
292.864
292.477
292.085
291.685
291.279
314.815
314.41
314.011
313.618
313.231
312.85
312.476
312.108
311.747
311.392
311.045
310.705
310.373
310.049
309.732
309.423
309.122
308.829
308.544
308.266
307.996
307.734
307.479
307.231
306.989
306.755
306.526
306.304
306.087
305.876
305.67
305.468
305.271
305.077
304.887
304.701
304.518
304.337
304.159
303.982
303.808
303.634
303.462
303.291
303.12
302.95
302.779
302.608
302.436
302.263
302.089
301.913
301.735
301.555
301.371
301.185
300.996
300.802
300.605
300.403
300.196
299.984
299.767
299.544
299.316
299.081
298.84
298.593
298.338
298.077
297.809
297.534
297.251
296.961
296.663
296.358
296.046
295.725
295.398
295.062
294.719
294.368
294.01
293.645
293.273
292.893
292.506
292.112
291.712
291.305
314.784
314.378
313.979
313.585
313.196
312.815
312.439
312.07
311.707
311.352
311.004
310.663
310.33
310.005
309.688
309.379
309.078
308.785
308.501
308.224
307.955
307.693
307.439
307.192
306.953
306.72
306.493
306.272
306.057
305.848
305.643
305.443
305.248
305.056
304.868
304.684
304.502
304.323
304.147
303.972
303.8
303.628
303.458
303.288
303.119
302.95
302.781
302.612
302.442
302.271
302.099
301.925
301.749
301.57
301.389
301.205
301.017
300.825
300.629
300.429
300.224
300.014
299.798
299.577
299.35
299.116
298.876
298.63
298.377
298.117
297.849
297.574
297.292
297.003
296.706
296.401
296.088
295.768
295.44
295.104
294.761
294.41
294.052
293.686
293.312
292.932
292.544
292.15
291.748
291.34
314.745
314.338
313.937
313.542
313.153
312.77
312.393
312.022
311.658
311.301
310.952
310.61
310.276
309.95
309.633
309.324
309.023
308.731
308.446
308.17
307.902
307.642
307.389
307.144
306.906
306.675
306.451
306.232
306.02
305.812
305.61
305.413
305.22
305.03
304.845
304.663
304.483
304.307
304.132
303.96
303.789
303.62
303.452
303.285
303.118
302.951
302.784
302.617
302.449
302.281
302.111
301.939
301.765
301.589
301.411
301.229
301.043
300.854
300.661
300.462
300.259
300.051
299.837
299.618
299.392
299.161
298.922
298.677
298.425
298.166
297.9
297.626
297.344
297.055
296.759
296.454
296.142
295.821
295.493
295.157
294.814
294.462
294.103
293.737
293.363
292.981
292.593
292.197
291.794
291.384
314.699
314.29
313.888
313.492
313.101
312.716
312.338
311.965
311.599
311.24
310.889
310.546
310.21
309.884
309.566
309.257
308.956
308.664
308.38
308.105
307.838
307.58
307.329
307.086
306.85
306.622
306.4
306.184
305.974
305.77
305.57
305.376
305.186
304.999
304.817
304.637
304.46
304.287
304.115
303.945
303.777
303.611
303.445
303.28
303.116
302.952
302.788
302.623
302.458
302.292
302.125
301.956
301.786
301.613
301.437
301.258
301.075
300.889
300.698
300.503
300.302
300.096
299.885
299.668
299.444
299.214
298.978
298.734
298.484
298.226
297.961
297.688
297.407
297.119
296.822
296.518
296.206
295.886
295.558
295.222
294.877
294.525
294.165
293.798
293.423
293.041
292.651
292.254
291.849
291.438
314.643
314.234
313.83
313.433
313.041
312.654
312.274
311.899
311.53
311.169
310.815
310.469
310.133
309.805
309.487
309.177
308.877
308.585
308.302
308.028
307.763
307.506
307.258
307.017
306.785
306.559
306.34
306.127
305.921
305.72
305.524
305.333
305.146
304.963
304.784
304.607
304.434
304.263
304.095
303.928
303.763
303.6
303.437
303.275
303.114
302.953
302.791
302.63
302.468
302.305
302.142
301.976
301.809
301.64
301.467
301.292
301.113
300.93
300.743
300.55
300.353
300.15
299.941
299.726
299.505
299.277
299.043
298.802
298.553
298.297
298.032
297.761
297.481
297.193
296.898
296.594
296.282
295.962
295.634
295.297
294.952
294.599
294.238
293.87
293.495
293.111
292.72
292.322
291.915
291.501
314.58
314.169
313.764
313.366
312.972
312.584
312.201
311.823
311.451
311.086
310.729
310.381
310.042
309.713
309.394
309.085
308.785
308.494
308.212
307.939
307.675
307.421
307.175
306.938
306.708
306.486
306.271
306.062
305.86
305.663
305.471
305.284
305.101
304.922
304.746
304.573
304.404
304.236
304.072
303.909
303.748
303.588
303.429
303.27
303.112
302.953
302.795
302.637
302.479
302.32
302.16
301.999
301.836
301.671
301.503
301.331
301.156
300.977
300.794
300.605
300.411
300.211
300.005
299.793
299.574
299.35
299.118
298.879
298.633
298.378
298.115
297.844
297.566
297.279
296.984
296.681
296.37
296.05
295.722
295.384
295.038
294.684
294.322
293.953
293.576
293.193
292.801
292.4
291.992
291.575
314.506
314.094
313.689
313.291
312.897
312.508
312.121
311.739
311.362
310.992
310.63
310.278
309.937
309.607
309.288
308.98
308.68
308.39
308.109
307.837
307.575
307.323
307.08
306.847
306.622
306.404
306.193
305.989
305.79
305.598
305.411
305.229
305.051
304.876
304.704
304.536
304.369
304.206
304.046
303.887
303.73
303.575
303.419
303.264
303.109
302.954
302.799
302.645
302.49
302.336
302.181
302.025
301.866
301.706
301.542
301.375
301.205
301.031
300.852
300.668
300.478
300.281
300.078
299.869
299.653
299.432
299.203
298.968
298.724
298.471
298.21
297.94
297.662
297.376
297.082
296.781
296.471
296.151
295.822
295.483
295.135
294.779
294.416
294.046
293.669
293.285
292.893
292.491
292.081
291.661
314.421
314.01
313.606
313.209
312.816
312.426
312.036
311.648
311.264
310.886
310.517
310.16
309.816
309.486
309.168
308.861
308.563
308.273
307.992
307.721
307.46
307.211
306.973
306.744
306.525
306.312
306.106
305.906
305.713
305.526
305.345
305.168
304.996
304.826
304.659
304.494
304.331
304.172
304.016
303.863
303.712
303.561
303.41
303.258
303.106
302.954
302.803
302.652
302.502
302.353
302.204
302.053
301.9
301.745
301.586
301.424
301.26
301.092
300.918
300.739
300.553
300.36
300.16
299.953
299.741
299.523
299.299
299.068
298.827
298.577
298.316
298.047
297.768
297.483
297.191
296.892
296.584
296.266
295.936
295.595
295.244
294.885
294.519
294.148
293.772
293.389
292.997
292.595
292.182
291.759
314.324
313.914
313.513
313.122
312.733
312.342
311.949
311.553
311.157
310.767
310.387
310.023
309.676
309.347
309.033
308.73
308.434
308.144
307.861
307.589
307.33
307.084
306.851
306.63
306.418
306.211
306.01
305.814
305.626
305.445
305.271
305.103
304.937
304.772
304.609
304.448
304.289
304.134
303.983
303.837
303.692
303.547
303.401
303.253
303.103
302.954
302.805
302.658
302.513
302.37
302.228
302.084
301.938
301.788
301.634
301.478
301.32
301.159
300.993
300.82
300.639
300.449
300.251
300.046
299.837
299.624
299.406
299.181
298.945
298.697
298.436
298.165
297.885
297.6
297.31
297.016
296.713
296.397
296.066
295.722
295.365
294.999
294.63
294.258
293.885
293.506
293.116
292.713
292.298
291.872
314.208
313.804
313.409
313.03
312.653
312.263
311.866
311.455
311.044
310.631
310.237
309.861
309.512
309.185
308.882
308.589
308.295
308.005
307.715
307.44
307.179
306.938
306.712
306.503
306.302
306.103
305.906
305.712
305.528
305.354
305.191
305.033
304.875
304.717
304.557
304.399
304.241
304.09
303.945
303.808
303.673
303.535
303.394
303.249
303.102
302.951
302.805
302.66
302.522
302.386
302.254
302.12
301.981
301.836
301.685
301.535
301.383
301.233
301.078
300.913
300.737
300.549
300.352
300.145
299.938
299.73
299.523
299.309
299.079
298.834
298.572
298.297
298.01
297.723
297.436
297.152
296.86
296.547
296.217
295.865
295.499
295.119
294.743
294.37
294.007
293.639
293.252
292.85
292.43
292.002
314.067
313.681
313.281
312.935
312.591
312.195
311.801
311.36
310.933
310.468
310.06
309.659
309.317
308.989
308.715
308.45
308.153
307.863
307.549
307.272
307.001
306.769
306.548
306.363
306.186
305.989
305.799
305.595
305.417
305.246
305.103
304.965
304.813
304.665
304.504
304.348
304.182
304.037
303.896
303.775
303.658
303.526
303.395
303.248
303.104
302.945
302.8
302.655
302.526
302.397
302.282
302.166
302.03
301.892
301.736
301.592
301.445
301.314
301.179
301.019
300.853
300.661
300.465
300.245
300.042
299.835
299.65
299.459
299.233
298.998
298.724
298.446
298.133
297.847
297.556
297.299
297.035
296.723
296.401
296.027
295.652
295.231
294.851
294.468
294.135
293.8
293.409
293.014
292.572
292.155
313.871
313.577
313.076
312.838
312.603
312.125
311.804
311.246
310.876
310.224
309.873
309.373
309.1
308.718
308.535
308.357
308
307.758
307.329
307.095
306.766
306.585
306.334
306.213
306.097
305.867
305.712
305.442
305.297
305.1
305.006
304.917
304.747
304.633
304.441
304.314
304.095
303.977
303.816
303.738
303.663
303.518
303.417
303.245
303.126
302.916
302.798
302.627
302.529
302.386
302.313
302.238
302.084
301.973
301.769
301.654
301.486
301.401
301.313
301.136
301.008
300.777
300.615
300.318
300.152
299.908
299.786
299.66
299.402
299.216
298.881
298.647
298.218
297.978
297.628
297.456
297.279
296.915
296.657
296.192
295.871
295.286
294.963
294.495
294.268
294.04
293.57
293.248
292.676
292.353
290.801
290.3
289.79
289.274
288.75
288.221
287.686
287.146
286.601
286.053
285.502
284.949
284.393
283.837
283.279
290.809
290.307
289.797
289.28
288.756
288.226
287.69
287.15
286.605
286.056
285.505
284.951
284.395
283.837
283.279
290.826
290.323
289.812
289.293
288.768
288.237
287.7
287.158
286.612
286.063
285.51
284.955
284.397
283.839
283.28
290.851
290.346
289.833
289.313
288.786
288.253
287.714
287.171
286.623
286.072
285.517
284.96
284.401
283.841
283.281
290.884
290.377
289.862
289.34
288.811
288.275
287.734
287.188
286.637
286.084
285.527
284.968
284.407
283.845
283.282
290.926
290.417
289.899
289.373
288.841
288.302
287.758
287.208
286.655
286.098
285.539
284.977
284.413
283.848
283.283
290.977
290.464
289.943
289.414
288.877
288.335
287.786
287.233
286.676
286.116
285.553
284.988
284.421
283.853
283.284
291.037
290.521
289.995
289.462
288.92
288.373
287.82
287.262
286.701
286.136
285.569
285
284.43
283.858
283.286
291.108
290.587
290.056
289.516
288.969
288.416
287.857
287.295
286.728
286.159
285.588
285.015
284.44
283.864
283.288
291.189
290.663
290.125
289.578
289.024
288.464
287.899
287.331
286.759
286.184
285.608
285.03
284.451
283.871
283.29
291.283
290.749
290.203
289.648
289.085
288.517
287.945
287.369
286.791
286.211
285.629
285.046
284.462
283.878
283.293
291.39
290.847
290.29
289.724
289.152
288.574
287.994
287.411
286.826
286.24
285.652
285.064
284.475
283.885
283.295
291.514
290.958
290.387
289.807
289.222
288.635
288.045
287.454
286.862
286.269
285.676
285.082
284.487
283.893
283.298
291.662
291.085
290.493
289.895
289.296
288.697
288.098
287.498
286.899
286.3
285.7
285.1
284.5
283.9
283.3
291.849
291.227
290.603
289.984
289.37
288.759
288.15
287.543
286.936
286.33
285.724
285.119
284.514
283.908
283.303
322.699
322.098
321.497
320.895
320.294
319.692
319.091
318.488
317.885
317.281
316.673
316.062
315.442
314.804
314.114
322.697
322.091
321.485
320.879
320.273
319.666
319.059
318.451
317.841
317.23
316.614
315.994
315.363
314.714
314.033
322.695
322.085
321.474
320.863
320.252
319.641
319.028
318.414
317.799
317.181
316.56
315.932
315.296
314.647
313.98
322.693
322.078
321.463
320.848
320.232
319.615
318.998
318.379
317.759
317.135
316.509
315.877
315.239
314.593
313.944
322.69
322.071
321.452
320.832
320.212
319.591
318.969
318.345
317.72
317.092
316.461
315.827
315.187
314.542
313.886
322.688
322.065
321.442
320.818
320.193
319.568
318.941
318.313
317.683
317.051
316.417
315.78
315.14
314.498
313.857
322.686
322.059
321.431
320.803
320.174
319.545
318.914
318.282
317.648
317.012
316.374
315.734
315.093
314.454
313.826
322.684
322.053
321.421
320.789
320.156
319.523
318.888
318.252
317.614
316.975
316.333
315.69
315.046
314.403
313.759
322.682
322.047
321.412
320.776
320.139
319.502
318.863
318.223
317.582
316.938
316.293
315.646
314.999
314.352
313.713
322.681
322.042
321.403
320.763
320.123
319.481
318.839
318.196
317.55
316.903
316.255
315.604
314.951
314.295
313.629
322.679
322.036
321.394
320.751
320.107
319.462
318.816
318.169
317.52
316.87
316.217
315.563
314.905
314.244
313.583
322.677
322.031
321.385
320.739
320.092
319.443
318.794
318.144
317.492
316.838
316.182
315.523
314.862
314.195
313.517
322.676
322.026
321.377
320.727
320.077
319.426
318.773
318.12
317.464
316.807
316.148
315.487
314.822
314.153
313.481
322.674
322.022
321.369
320.717
320.063
319.409
318.753
318.097
317.438
316.779
316.117
315.452
314.785
314.113
313.431
322.672
322.017
321.362
320.706
320.05
319.392
318.734
318.075
317.414
316.751
316.087
315.42
314.752
314.081
313.408
322.671
322.013
321.355
320.696
320.037
319.377
318.716
318.054
317.39
316.725
316.058
315.39
314.72
314.05
313.386
322.67
322.009
321.348
320.687
320.025
319.362
318.699
318.034
317.368
316.7
316.031
315.361
314.689
314.016
313.341
322.668
322.005
321.342
320.678
320.014
319.348
318.682
318.015
317.347
316.677
316.005
315.333
314.658
313.983
313.312
322.667
322.002
321.336
320.669
320.003
319.335
318.667
317.997
317.326
316.654
315.981
315.306
314.628
313.948
313.26
322.666
321.998
321.33
320.661
319.992
319.322
318.652
317.98
317.307
316.633
315.957
315.28
314.6
313.918
313.233
322.665
321.995
321.324
320.654
319.982
319.31
318.638
317.964
317.289
316.613
315.935
315.256
314.575
313.89
313.197
322.664
321.992
321.319
320.646
319.973
319.299
318.624
317.949
317.272
316.594
315.915
315.234
314.552
313.867
313.181
322.663
321.989
321.314
320.639
319.964
319.288
318.612
317.934
317.256
316.576
315.895
315.213
314.53
313.846
313.166
322.662
321.986
321.31
320.633
319.956
319.278
318.6
317.921
317.24
316.559
315.877
315.193
314.509
313.824
313.137
322.661
321.983
321.305
320.627
319.948
319.269
318.589
317.908
317.226
316.543
315.859
315.174
314.488
313.802
313.119
322.66
321.981
321.301
320.621
319.941
319.26
318.578
317.895
317.212
316.528
315.842
315.156
314.468
313.78
313.088
322.659
321.978
321.297
320.616
319.934
319.251
318.568
317.884
317.199
316.513
315.826
315.138
314.449
313.759
313.07
322.659
321.976
321.293
320.61
319.927
319.243
318.559
317.873
317.187
316.5
315.811
315.122
314.43
313.737
313.038
322.658
321.974
321.29
320.606
319.921
319.236
318.55
317.863
317.176
316.487
315.797
315.106
314.414
313.719
313.022
322.657
321.972
321.287
320.601
319.915
319.229
318.541
317.854
317.165
316.475
315.784
315.092
314.399
313.702
313.001
322.657
321.97
321.284
320.597
319.91
319.222
318.534
317.845
317.155
316.464
315.773
315.08
314.385
313.689
312.992
322.656
321.969
321.281
320.593
319.905
319.216
318.527
317.837
317.146
316.454
315.762
315.068
314.373
313.678
312.984
322.656
321.967
321.278
320.59
319.9
319.211
318.52
317.829
317.138
316.445
315.752
315.057
314.362
313.666
312.969
322.655
321.966
321.276
320.586
319.896
319.205
318.514
317.822
317.13
316.436
315.742
315.047
314.351
313.655
312.959
322.655
321.964
321.274
320.583
319.892
319.201
318.509
317.816
317.123
316.429
315.734
315.038
314.341
313.644
312.944
322.654
321.963
321.272
320.581
319.889
319.196
318.504
317.81
317.116
316.422
315.726
315.029
314.332
313.634
312.936
322.654
321.962
321.27
320.578
319.886
319.193
318.499
317.805
317.111
316.415
315.719
315.022
314.323
313.624
312.921
322.654
321.961
321.269
320.576
319.883
319.189
318.495
317.801
317.105
316.409
315.712
315.015
314.316
313.616
312.914
322.653
321.96
321.267
320.574
319.88
319.186
318.492
317.796
317.101
316.404
315.707
315.009
314.309
313.609
312.905
322.653
321.96
321.266
320.572
319.878
319.183
318.488
317.793
317.097
316.4
315.702
315.004
314.304
313.603
312.902
322.653
321.959
321.265
320.571
319.876
319.181
318.486
317.79
317.093
316.396
315.698
314.999
314.3
313.599
312.899
322.653
321.959
321.264
320.57
319.875
319.179
318.484
317.787
317.091
316.393
315.695
314.996
314.296
313.595
312.894
322.653
321.958
321.263
320.569
319.873
319.178
318.482
317.785
317.088
316.391
315.692
314.993
314.293
313.592
312.891
322.653
321.958
321.263
320.568
319.872
319.177
318.481
317.784
317.087
316.389
315.69
314.991
314.291
313.59
312.888
322.653
321.958
321.263
320.567
319.872
319.176
318.48
317.783
317.085
316.387
315.689
314.989
314.289
313.588
312.886
322.653
321.958
321.262
320.567
319.872
319.176
318.479
317.782
317.085
316.387
315.688
314.988
314.288
313.587
312.884
322.653
321.958
321.262
320.567
319.872
319.176
318.479
317.782
317.085
316.387
315.688
314.988
314.288
313.586
312.884
322.653
321.958
321.263
320.567
319.872
319.176
318.48
317.783
317.085
316.387
315.688
314.989
314.288
313.587
312.885
322.653
321.958
321.263
320.568
319.872
319.177
318.48
317.784
317.086
316.388
315.689
314.99
314.289
313.588
312.886
322.653
321.958
321.263
320.569
319.873
319.178
318.482
317.785
317.088
316.39
315.691
314.992
314.291
313.59
312.887
322.653
321.959
321.264
320.569
319.875
319.179
318.483
317.787
317.09
316.392
315.694
314.995
314.294
313.593
312.891
322.653
321.959
321.265
320.571
319.876
319.181
318.486
317.79
317.093
316.395
315.697
314.998
314.298
313.597
312.894
322.653
321.96
321.266
320.572
319.878
319.183
318.488
317.793
317.096
316.399
315.701
315.003
314.303
313.602
312.9
322.654
321.96
321.267
320.574
319.88
319.186
318.491
317.796
317.1
316.404
315.706
315.008
314.309
313.608
312.906
322.654
321.961
321.269
320.576
319.883
319.189
318.495
317.8
317.105
316.409
315.712
315.014
314.315
313.616
312.917
322.654
321.962
321.27
320.578
319.886
319.193
318.499
317.805
317.11
316.414
315.718
315.021
314.322
313.623
312.923
322.654
321.963
321.272
320.581
319.889
319.197
318.504
317.81
317.116
316.421
315.725
315.028
314.33
313.632
312.934
322.655
321.965
321.274
320.583
319.892
319.201
318.509
317.816
317.123
316.428
315.733
315.036
314.339
313.64
312.94
322.655
321.966
321.276
320.587
319.896
319.206
318.515
317.823
317.13
316.436
315.741
315.045
314.348
313.649
312.946
322.656
321.967
321.279
320.59
319.901
319.211
318.521
317.83
317.138
316.445
315.751
315.056
314.359
313.66
312.96
322.656
321.969
321.282
320.594
319.906
319.217
318.528
317.838
317.147
316.455
315.762
315.067
314.371
313.673
312.971
322.657
321.971
321.284
320.598
319.911
319.223
318.535
317.846
317.156
316.465
315.773
315.08
314.385
313.689
312.991
322.658
321.973
321.288
320.602
319.916
319.23
318.543
317.855
317.167
316.477
315.786
315.094
314.401
313.705
313.006
322.658
321.975
321.291
320.607
319.922
319.237
318.552
317.865
317.178
316.489
315.8
315.109
314.417
313.725
313.035
322.659
321.977
321.295
320.612
319.929
319.245
318.561
317.876
317.19
316.503
315.814
315.125
314.435
313.743
313.051
322.66
321.979
321.298
320.617
319.936
319.254
318.571
317.887
317.203
316.517
315.83
315.142
314.453
313.763
313.076
322.661
321.982
321.303
320.623
319.943
319.263
318.582
317.899
317.216
316.532
315.846
315.159
314.471
313.781
313.089
322.661
321.984
321.307
320.629
319.951
319.272
318.593
317.912
317.231
316.548
315.864
315.178
314.49
313.8
313.102
322.662
321.987
321.312
320.636
319.959
319.282
318.605
317.926
317.246
316.565
315.883
315.199
314.512
313.823
313.132
322.663
321.99
321.316
320.643
319.968
319.293
318.617
317.941
317.263
316.584
315.903
315.221
314.536
313.848
313.153
322.664
321.993
321.322
320.65
319.978
319.305
318.631
317.956
317.28
316.603
315.925
315.245
314.563
313.878
313.193
322.665
321.996
321.327
320.657
319.987
319.317
318.645
317.972
317.299
316.624
315.948
315.27
314.591
313.91
313.221
322.667
322
321.333
320.665
319.998
319.329
318.66
317.99
317.318
316.646
315.972
315.297
314.621
313.946
313.274
322.668
322.003
321.339
320.674
320.008
319.342
318.675
318.007
317.339
316.668
315.997
315.325
314.652
313.978
313.304
322.669
322.007
321.345
320.683
320.02
319.356
318.692
318.026
317.36
316.692
316.023
315.353
314.682
314.012
313.349
322.67
322.011
321.352
320.692
320.032
319.371
318.709
318.046
317.382
316.716
316.05
315.382
314.713
314.042
313.37
322.672
322.015
321.359
320.702
320.044
319.386
318.726
318.066
317.405
316.742
316.078
315.412
314.744
314.073
313.392
322.673
322.02
321.366
320.712
320.057
319.401
318.745
318.087
317.429
316.769
316.107
315.444
314.778
314.109
313.439
322.675
322.024
321.373
320.722
320.07
319.418
318.764
318.11
317.454
316.797
316.138
315.477
314.814
314.148
313.472
322.676
322.029
321.381
320.733
320.084
319.435
318.784
318.133
317.48
316.826
316.17
315.512
314.853
314.192
313.532
322.678
322.034
321.389
320.745
320.099
319.453
318.805
318.157
317.507
316.856
316.203
315.549
314.893
314.236
313.572
322.68
322.039
321.398
320.757
320.114
319.471
318.827
318.182
317.535
316.887
316.237
315.586
314.935
314.285
313.645
322.681
322.044
321.407
320.769
320.13
319.491
318.85
318.208
317.565
316.919
316.272
315.624
314.976
314.329
313.683
322.683
322.05
321.416
320.782
320.147
319.511
318.874
318.236
317.595
316.953
316.309
315.663
315.016
314.371
313.736
322.685
322.056
321.426
320.795
320.164
319.532
318.899
318.264
317.627
316.988
316.346
315.702
315.055
314.407
313.76
322.687
322.062
321.436
320.809
320.182
319.554
318.925
318.294
317.661
317.025
316.386
315.742
315.094
314.441
313.781
322.689
322.068
321.446
320.824
320.201
319.577
318.952
318.326
317.697
317.065
316.428
315.787
315.138
314.48
313.819
322.691
322.074
321.457
320.839
320.221
319.601
318.981
318.359
317.735
317.107
316.475
315.836
315.187
314.523
313.841
322.694
322.081
321.468
320.854
320.241
319.626
319.011
318.394
317.775
317.153
316.526
315.892
315.246
314.577
313.867
322.696
322.087
321.479
320.87
320.261
319.652
319.042
318.43
317.818
317.202
316.583
315.958
315.321
314.661
313.941
292.084
291.361
290.699
290.061
289.434
288.813
288.197
287.582
286.969
286.358
285.747
285.136
284.525
283.915
283.305
292.153
291.44
290.77
290.123
289.488
288.86
288.237
287.617
286.999
286.382
285.766
285.151
284.536
283.922
283.307
292.168
291.488
290.825
290.176
289.537
288.904
288.276
287.651
287.028
286.406
285.786
285.166
284.547
283.928
283.309
292.182
291.524
290.869
290.222
289.581
288.945
288.312
287.683
287.055
286.429
285.804
285.18
284.557
283.934
283.311
292.2
291.557
290.909
290.264
289.621
288.982
288.346
287.713
287.081
286.451
285.822
285.194
284.567
283.94
283.313
292.235
291.592
290.948
290.303
289.659
289.018
288.379
287.742
287.107
286.473
285.84
285.208
284.577
283.946
283.315
292.263
291.63
290.986
290.341
289.696
289.052
288.41
287.77
287.131
286.493
285.857
285.221
284.586
283.951
283.317
292.319
291.673
291.027
290.379
289.732
289.085
288.44
287.796
287.154
286.513
285.873
285.234
284.595
283.957
283.319
292.358
291.717
291.067
290.417
289.766
289.117
288.469
287.822
287.176
286.532
285.888
285.246
284.604
283.962
283.321
292.431
291.766
291.109
290.454
289.8
289.148
288.496
287.846
287.198
286.55
285.903
285.257
284.612
283.967
283.322
292.471
291.81
291.149
290.49
289.833
289.177
288.523
287.87
287.218
286.567
285.918
285.269
284.62
283.972
283.324
292.53
291.855
291.188
290.525
289.865
289.206
288.549
287.893
287.238
286.584
285.931
285.279
284.628
283.976
283.325
292.563
291.893
291.224
290.558
289.895
289.234
288.573
287.915
287.257
286.6
285.945
285.29
284.635
283.981
283.327
292.61
291.929
291.258
290.59
289.924
289.26
288.597
287.936
287.275
286.616
285.957
285.3
284.642
283.985
283.328
292.632
291.96
291.289
290.62
289.952
289.285
288.62
287.956
287.293
286.631
285.97
285.309
284.649
283.989
283.33
292.653
291.989
291.319
290.648
289.978
289.31
288.642
287.975
287.31
286.645
285.981
285.318
284.655
283.993
283.331
292.697
292.023
291.35
290.676
290.004
289.333
288.663
287.994
287.326
286.659
285.992
285.327
284.662
283.997
283.332
292.727
292.055
291.38
290.704
290.029
289.355
288.683
288.012
287.341
286.672
286.003
285.335
284.668
284
283.333
292.779
292.091
291.41
290.73
290.053
289.377
288.702
288.028
287.356
286.684
286.013
285.343
284.673
284.004
283.335
292.807
292.122
291.438
290.756
290.076
289.397
288.72
288.045
287.37
286.696
286.023
285.351
284.679
284.007
283.336
292.847
292.152
291.464
290.78
290.097
289.417
288.738
288.06
287.383
286.707
286.032
285.358
284.684
284.01
283.337
292.868
292.177
291.488
290.802
290.118
289.435
288.754
288.074
287.396
286.718
286.041
285.365
284.689
284.013
283.338
292.897
292.2
291.51
290.822
290.136
289.452
288.77
288.088
287.408
286.728
286.049
285.371
284.693
284.016
283.339
292.911
292.219
291.529
290.841
290.154
289.468
288.784
288.101
287.419
286.738
286.057
285.377
284.698
284.019
283.339
292.923
292.237
291.548
290.858
290.17
289.484
288.798
288.113
287.43
286.747
286.065
285.383
284.702
284.021
283.34
292.949
292.257
291.566
290.875
290.186
289.498
288.811
288.125
287.44
286.755
286.072
285.388
284.706
284.023
283.341
292.965
292.275
291.583
290.891
290.201
289.511
288.823
288.135
287.449
286.763
286.078
285.393
284.709
284.025
283.342
292.994
292.295
291.6
290.906
290.214
289.524
288.834
288.145
287.457
286.77
286.084
285.398
284.713
284.028
283.342
293.009
292.311
291.615
290.92
290.227
289.535
288.844
288.155
287.466
286.777
286.09
285.403
284.716
284.029
283.343
293.029
292.327
291.629
290.933
290.239
289.546
288.854
288.163
287.473
286.784
286.095
285.407
284.719
284.031
283.344
293.04
292.34
291.642
290.945
290.25
289.556
288.863
288.171
287.48
286.79
286.1
285.411
284.722
284.033
283.344
293.054
292.352
291.653
290.955
290.26
289.565
288.871
288.178
287.486
286.795
286.104
285.414
284.724
284.034
283.345
293.061
292.361
291.662
290.965
290.268
289.573
288.879
288.185
287.492
286.8
286.108
285.417
284.726
284.036
283.345
293.066
292.369
291.671
290.973
290.276
289.58
288.885
288.191
287.498
286.805
286.112
285.42
284.728
284.037
283.346
293.077
292.378
291.679
290.981
290.284
289.587
288.892
288.197
287.502
286.809
286.116
285.423
284.73
284.038
283.346
293.084
292.385
291.686
290.988
290.29
289.593
288.897
288.202
287.507
286.812
286.119
285.425
284.732
284.039
283.346
293.096
292.393
291.693
290.994
290.296
289.599
288.902
288.206
287.511
286.816
286.121
285.427
284.734
284.04
283.347
293.101
292.4
291.699
291
290.301
289.603
288.906
288.21
287.514
286.819
286.124
285.429
284.735
284.041
283.347
293.108
292.405
291.704
291.005
290.306
289.608
288.91
288.213
287.517
286.821
286.126
285.431
284.736
284.042
283.347
293.111
292.409
291.709
291.009
290.31
289.611
288.913
288.216
287.52
286.824
286.128
285.432
284.737
284.042
283.347
293.113
292.413
291.712
291.012
290.313
289.614
288.916
288.219
287.522
286.825
286.129
285.434
284.738
284.043
283.348
293.117
292.416
291.715
291.015
290.316
289.617
288.918
288.221
287.524
286.827
286.131
285.435
284.739
284.043
283.348
293.119
292.418
291.717
291.017
290.318
289.619
288.92
288.222
287.525
286.828
286.132
285.435
284.739
284.044
283.348
293.122
292.42
291.719
291.019
290.319
289.62
288.922
288.224
287.526
286.829
286.132
285.436
284.74
284.044
283.348
293.123
292.421
291.72
291.02
290.32
289.621
288.922
288.224
287.527
286.83
286.133
285.436
284.74
284.044
283.348
293.124
292.422
291.721
291.02
290.321
289.621
288.923
288.225
287.527
286.83
286.133
285.437
284.74
284.044
283.348
293.124
292.422
291.721
291.02
290.321
289.621
288.923
288.225
287.527
286.83
286.133
285.437
284.74
284.044
283.348
293.123
292.421
291.72
291.02
290.32
289.621
288.922
288.224
287.527
286.83
286.133
285.436
284.74
284.044
283.348
293.122
292.42
291.719
291.018
290.319
289.62
288.921
288.223
287.526
286.829
286.132
285.436
284.74
284.044
283.348
293.119
292.418
291.717
291.017
290.317
289.618
288.92
288.222
287.525
286.828
286.132
285.435
284.739
284.044
283.348
293.117
292.415
291.714
291.014
290.315
289.616
288.918
288.22
287.523
286.827
286.13
285.435
284.739
284.043
283.348
293.115
292.412
291.711
291.011
290.312
289.613
288.915
288.218
287.521
286.825
286.129
285.433
284.738
284.043
283.348
293.109
292.407
291.707
291.007
290.308
289.61
288.913
288.216
287.519
286.823
286.128
285.432
284.737
284.042
283.347
293.104
292.402
291.702
291.002
290.304
289.606
288.909
288.213
287.517
286.821
286.126
285.431
284.736
284.042
283.347
293.094
292.395
291.696
290.997
290.299
289.602
288.905
288.209
287.514
286.818
286.124
285.429
284.735
284.041
283.347
293.088
292.388
291.689
290.991
290.294
289.597
288.901
288.205
287.51
286.816
286.121
285.427
284.734
284.04
283.347
293.078
292.38
291.682
290.985
290.288
289.592
288.896
288.201
287.506
286.812
286.119
285.425
284.732
284.039
283.346
293.071
292.373
291.675
290.978
290.282
289.586
288.891
288.196
287.502
286.809
286.116
285.423
284.731
284.038
283.346
293.06
292.364
291.667
290.971
290.275
289.58
288.885
288.191
287.498
286.805
286.113
285.421
284.729
284.037
283.346
293.055
292.356
291.659
290.962
290.267
289.572
288.879
288.185
287.493
286.801
286.109
285.418
284.727
284.036
283.345
293.048
292.347
291.65
290.954
290.259
289.565
288.872
288.179
287.487
286.796
286.105
285.415
284.725
284.035
283.345
293.033
292.336
291.639
290.944
290.25
289.557
288.864
288.173
287.482
286.791
286.101
285.412
284.722
284.033
283.344
293.022
292.323
291.628
290.933
290.24
289.548
288.856
288.165
287.475
286.786
286.097
285.408
284.72
284.032
283.344
293.001
292.308
291.615
290.922
290.229
289.538
288.847
288.158
287.468
286.78
286.092
285.404
284.717
284.03
283.343
292.988
292.294
291.602
290.909
290.218
289.528
288.838
288.149
287.461
286.774
286.087
285.4
284.714
284.029
283.343
292.969
292.279
291.588
290.896
290.206
289.516
288.828
288.14
287.453
286.767
286.081
285.396
284.711
284.027
283.342
292.959
292.266
291.573
290.883
290.193
289.505
288.817
288.131
287.445
286.76
286.076
285.392
284.708
284.025
283.342
292.949
292.251
291.558
290.868
290.179
289.492
288.806
288.121
287.436
286.752
286.069
285.387
284.705
284.023
283.341
292.926
292.233
291.541
290.852
290.164
289.478
288.794
288.11
287.427
286.744
286.063
285.382
284.701
284.02
283.34
292.909
292.213
291.522
290.835
290.149
289.464
288.781
288.098
287.417
286.736
286.056
285.376
284.697
284.018
283.339
292.878
292.189
291.502
290.816
290.132
289.449
288.767
288.086
287.406
286.727
286.048
285.37
284.693
284.016
283.339
292.856
292.165
291.479
290.796
290.114
289.432
288.752
288.073
287.395
286.717
286.041
285.364
284.688
284.013
283.338
292.814
292.137
291.456
290.775
290.095
289.415
288.737
288.059
287.383
286.707
286.032
285.358
284.684
284.01
283.337
292.791
292.111
291.432
290.753
290.075
289.397
288.721
288.045
287.371
286.697
286.024
285.351
284.679
284.007
283.336
292.757
292.085
291.408
290.731
290.054
289.379
288.704
288.03
287.357
286.686
286.014
285.344
284.674
284.004
283.335
292.74
292.062
291.385
290.708
290.033
289.359
288.686
288.014
287.344
286.674
286.005
285.336
284.668
284.001
283.334
292.723
292.038
291.36
290.685
290.011
289.339
288.668
287.998
287.329
286.661
285.995
285.328
284.663
283.997
283.332
292.687
292.01
291.333
290.66
289.988
289.317
288.648
287.981
287.314
286.649
285.984
285.32
284.657
283.994
283.331
292.662
291.98
291.305
290.633
289.963
289.295
288.628
287.962
287.298
286.635
285.973
285.311
284.65
283.99
283.33
292.616
291.946
291.275
290.605
289.937
289.271
288.606
287.943
287.281
286.621
285.961
285.302
284.644
283.986
283.329
292.585
291.911
291.243
290.576
289.91
289.246
288.584
287.923
287.264
286.605
285.948
285.292
284.637
283.982
283.327
292.53
291.873
291.21
290.546
289.882
289.22
288.56
287.902
287.245
286.589
285.935
285.282
284.629
283.977
283.326
292.501
291.84
291.177
290.515
289.853
289.193
288.535
287.879
287.225
286.573
285.921
285.271
284.622
283.973
283.324
292.461
291.806
291.145
290.483
289.823
289.164
288.509
287.856
287.204
286.555
285.907
285.26
284.613
283.968
283.323
292.442
291.778
291.113
290.45
289.79
289.134
288.481
287.83
287.182
286.536
285.891
285.248
284.605
283.963
283.321
292.426
291.75
291.08
290.415
289.756
289.101
288.451
287.803
287.159
286.516
285.875
285.235
284.596
283.957
283.319
292.4
291.718
291.042
290.376
289.717
289.065
288.418
287.775
287.134
286.495
285.858
285.222
284.586
283.952
283.317
292.383
291.682
290.998
290.331
289.675
289.026
288.383
287.744
287.107
286.473
285.84
285.208
284.577
283.946
283.315
292.368
291.633
290.943
290.278
289.626
288.983
288.345
287.711
287.08
286.45
285.821
285.193
284.566
283.94
283.313
292.296
291.552
290.871
290.216
289.572
288.937
288.305
287.677
287.051
286.426
285.802
285.179
284.556
283.933
283.311
322.698
322.095
321.491
320.888
320.284
319.681
319.076
318.472
317.866
317.26
316.651
316.038
315.421
314.799
314.181
322.701
322.103
321.505
320.907
320.31
319.712
319.115
318.518
317.921
317.324
316.727
316.131
315.536
314.947
314.373
322.704
322.111
321.519
320.927
320.335
319.744
319.154
318.564
317.976
317.389
316.804
316.222
315.646
315.078
314.526
322.706
322.119
321.532
320.945
320.36
319.775
319.191
318.609
318.029
317.452
316.878
316.309
315.746
315.194
314.656
322.709
322.127
321.545
320.964
320.383
319.805
319.227
318.653
318.08
317.511
316.947
316.388
315.837
315.296
314.767
322.711
322.134
321.557
320.981
320.406
319.833
319.262
318.693
318.128
317.567
317.011
316.461
315.919
315.386
314.865
322.713
322.14
321.568
320.997
320.427
319.859
319.293
318.731
318.172
317.617
317.068
316.525
315.99
315.465
314.949
322.715
322.147
321.578
321.011
320.446
319.883
319.322
318.764
318.211
317.662
317.119
316.582
316.053
315.533
315.023
322.717
322.152
321.588
321.024
320.463
319.904
319.347
318.794
318.245
317.702
317.163
316.632
316.108
315.592
315.086
322.719
322.157
321.596
321.036
320.478
319.922
319.369
318.82
318.275
317.736
317.201
316.674
316.154
315.642
315.139
322.72
322.161
321.603
321.046
320.49
319.938
319.388
318.842
318.3
317.764
317.233
316.709
316.192
315.683
315.182
322.721
322.164
321.608
321.053
320.5
319.95
319.403
318.859
318.32
317.786
317.258
316.736
316.222
315.715
315.217
322.722
322.167
321.612
321.059
320.508
319.959
319.414
318.873
318.335
317.803
317.277
316.757
316.244
315.739
315.242
322.723
322.168
321.615
321.063
320.513
319.966
319.422
318.881
318.345
317.815
317.29
316.771
316.259
315.755
315.259
322.723
322.169
321.616
321.065
320.516
319.969
319.425
318.886
318.35
317.82
317.296
316.778
316.267
315.763
315.268
313.678
313.358
312.795
312.477
312.015
311.792
311.569
311.111
310.796
310.227
309.915
309.465
309.217
308.868
308.7
308.537
308.21
307.99
307.601
307.394
307.109
306.975
306.85
306.606
306.446
306.175
305.999
305.697
305.538
305.323
305.221
305.126
304.944
304.824
304.621
304.488
304.258
304.136
303.969
303.888
303.811
303.662
303.56
303.385
303.266
303.054
302.936
302.766
302.667
302.527
302.455
302.381
302.231
302.123
301.926
301.814
301.652
301.57
301.486
301.316
301.193
300.973
300.818
300.535
300.375
300.141
300.023
299.902
299.654
299.475
299.152
298.925
298.507
298.273
297.929
297.758
297.584
297.222
296.965
296.5
296.177
295.584
295.256
294.777
294.545
294.311
293.826
293.495
292.905
292.572
313.884
313.471
313.034
312.646
312.261
311.932
311.606
311.231
310.861
310.451
310.087
309.726
309.415
309.116
308.865
308.622
308.35
308.085
307.799
307.55
307.311
307.111
306.92
306.71
306.506
306.284
306.074
305.85
305.656
305.472
305.318
305.172
305.012
304.856
304.686
304.524
304.351
304.2
304.054
303.93
303.81
303.676
303.542
303.394
303.248
303.088
302.944
302.799
302.67
302.542
302.429
302.315
302.183
302.047
301.896
301.756
301.614
301.487
301.356
301.203
301.043
300.858
300.67
300.458
300.262
300.063
299.884
299.7
299.481
299.252
298.986
298.716
298.41
298.129
297.843
297.588
297.326
297.016
296.694
296.319
295.941
295.515
295.129
294.739
294.399
294.056
293.654
293.249
292.794
292.366
314.043
313.62
313.205
312.809
312.428
312.067
311.711
311.347
310.981
310.611
310.255
309.914
309.596
309.296
309.018
308.748
308.478
308.211
307.945
307.694
307.455
307.233
307.02
306.805
306.593
306.378
306.167
305.959
305.762
305.577
305.405
305.239
305.073
304.908
304.741
304.576
304.412
304.257
304.107
303.967
303.829
303.689
303.546
303.399
303.251
303.1
302.953
302.809
302.671
302.537
302.406
302.275
302.137
301.996
301.849
301.702
301.555
301.409
301.259
301.098
300.928
300.746
300.556
300.357
300.157
299.955
299.754
299.545
299.322
299.084
298.827
298.558
298.277
297.995
297.711
297.429
297.139
296.827
296.497
296.143
295.773
295.389
295.008
294.629
294.259
293.883
293.487
293.076
292.645
292.206
314.178
313.757
313.347
312.951
312.567
312.195
311.829
311.466
311.106
310.75
310.403
310.07
309.751
309.447
309.157
308.877
308.602
308.334
308.072
307.819
307.577
307.344
307.119
306.899
306.681
306.467
306.256
306.051
305.853
305.663
305.482
305.306
305.133
304.962
304.793
304.627
304.463
304.304
304.149
303.999
303.852
303.704
303.556
303.407
303.257
303.106
302.958
302.811
302.667
302.525
302.384
302.243
302.099
301.951
301.801
301.648
301.494
301.337
301.176
301.008
300.832
300.647
300.455
300.256
300.053
299.846
299.633
299.414
299.183
298.941
298.686
298.419
298.144
297.862
297.575
297.283
296.981
296.665
296.334
295.987
295.628
295.258
294.884
294.507
294.127
293.74
293.342
292.93
292.505
292.069
314.296
313.878
313.471
313.075
312.689
312.313
311.945
311.582
311.225
310.875
310.534
310.203
309.885
309.578
309.283
308.997
308.718
308.448
308.184
307.929
307.683
307.445
307.214
306.988
306.767
306.55
306.338
306.132
305.932
305.738
305.551
305.369
305.19
305.015
304.843
304.673
304.507
304.344
304.184
304.028
303.874
303.721
303.569
303.416
303.263
303.111
302.959
302.809
302.66
302.512
302.364
302.215
302.064
301.911
301.756
301.597
301.436
301.272
301.103
300.928
300.747
300.559
300.364
300.163
299.956
299.743
299.524
299.297
299.062
298.816
298.56
298.294
298.019
297.737
297.447
297.15
296.843
296.524
296.193
295.851
295.497
295.134
294.763
294.387
294.005
293.615
293.215
292.804
292.383
291.95
314.398
313.984
313.579
313.184
312.798
312.421
312.051
311.689
311.335
310.988
310.649
310.32
310.002
309.693
309.395
309.105
308.824
308.551
308.286
308.028
307.778
307.536
307.3
307.07
306.846
306.627
306.413
306.204
306.001
305.804
305.613
305.426
305.243
305.064
304.888
304.715
304.545
304.379
304.215
304.054
303.895
303.738
303.581
303.425
303.269
303.114
302.959
302.805
302.651
302.498
302.344
302.19
302.033
301.875
301.714
301.551
301.384
301.213
301.038
300.858
300.672
300.48
300.281
300.077
299.866
299.649
299.425
299.194
298.954
298.706
298.448
298.181
297.906
297.622
297.331
297.03
296.721
296.401
296.07
295.73
295.379
295.019
294.651
294.276
293.894
293.503
293.103
292.694
292.275
291.846
314.487
314.076
313.673
313.279
312.894
312.517
312.148
311.787
311.433
311.088
310.751
310.423
310.104
309.794
309.494
309.202
308.919
308.643
308.376
308.115
307.863
307.617
307.378
307.145
306.918
306.696
306.48
306.269
306.063
305.863
305.668
305.477
305.291
305.108
304.929
304.753
304.58
304.41
304.243
304.078
303.915
303.753
303.593
303.433
303.274
303.116
302.958
302.8
302.642
302.485
302.326
302.167
302.006
301.842
301.677
301.508
301.336
301.161
300.981
300.796
300.606
300.41
300.208
300
299.786
299.565
299.337
299.102
298.86
298.608
298.349
298.081
297.804
297.519
297.226
296.924
296.613
296.293
295.962
295.623
295.274
294.916
294.55
294.176
293.794
293.404
293.005
292.597
292.181
291.756
314.565
314.156
313.755
313.363
312.978
312.602
312.234
311.873
311.521
311.176
310.84
310.512
310.193
309.883
309.581
309.288
309.002
308.725
308.455
308.193
307.937
307.689
307.447
307.211
306.981
306.757
306.539
306.325
306.117
305.914
305.716
305.523
305.333
305.147
304.965
304.786
304.61
304.437
304.267
304.098
303.932
303.767
303.603
303.441
303.279
303.117
302.956
302.795
302.634
302.472
302.31
302.146
301.981
301.813
301.644
301.471
301.295
301.115
300.93
300.742
300.548
300.348
300.143
299.932
299.715
299.491
299.26
299.022
298.777
298.523
298.262
297.992
297.715
297.428
297.134
296.831
296.519
296.198
295.868
295.529
295.181
294.825
294.46
294.087
293.706
293.317
292.919
292.514
292.1
291.677
314.631
314.224
313.825
313.434
313.051
312.676
312.308
311.948
311.597
311.253
310.917
310.589
310.27
309.959
309.656
309.362
309.075
308.796
308.524
308.26
308.002
307.752
307.507
307.269
307.037
306.811
306.59
306.375
306.165
305.959
305.758
305.562
305.37
305.182
304.997
304.815
304.636
304.461
304.287
304.116
303.947
303.779
303.613
303.447
303.282
303.118
302.954
302.79
302.626
302.461
302.295
302.128
301.959
301.788
301.614
301.438
301.258
301.075
300.887
300.695
300.497
300.295
300.087
299.873
299.653
299.426
299.193
298.953
298.705
298.45
298.187
297.916
297.637
297.349
297.054
296.75
296.437
296.116
295.786
295.448
295.101
294.745
294.382
294.01
293.63
293.242
292.845
292.441
292.03
291.61
314.686
314.282
313.885
313.495
313.113
312.738
312.372
312.012
311.661
311.318
310.982
310.655
310.335
310.024
309.72
309.424
309.136
308.856
308.583
308.317
308.058
307.805
307.559
307.319
307.085
306.857
306.635
306.417
306.205
305.997
305.794
305.596
305.402
305.211
305.024
304.84
304.659
304.481
304.305
304.132
303.96
303.79
303.621
303.453
303.286
303.119
302.952
302.786
302.619
302.451
302.282
302.112
301.94
301.766
301.589
301.41
301.227
301.04
300.85
300.655
300.455
300.249
300.039
299.822
299.6
299.371
299.136
298.893
298.644
298.387
298.123
297.85
297.57
297.282
296.986
296.681
296.368
296.047
295.717
295.379
295.033
294.678
294.315
293.944
293.565
293.178
292.783
292.381
291.971
291.553
314.732
314.329
313.934
313.545
313.164
312.79
312.424
312.066
311.715
311.371
311.036
310.708
310.389
310.077
309.773
309.476
309.187
308.906
308.631
308.364
308.104
307.85
307.602
307.361
307.125
306.896
306.671
306.452
306.238
306.029
305.824
305.624
305.428
305.235
305.046
304.86
304.678
304.498
304.32
304.144
303.97
303.798
303.627
303.457
303.288
303.119
302.951
302.782
302.613
302.443
302.271
302.099
301.924
301.748
301.569
301.386
301.201
301.012
300.819
300.621
300.419
300.212
299.999
299.781
299.556
299.326
299.089
298.845
298.594
298.335
298.07
297.796
297.515
297.226
296.93
296.624
296.311
295.99
295.66
295.322
294.976
294.622
294.259
293.889
293.511
293.125
292.731
292.33
291.922
291.507
314.768
314.367
313.972
313.585
313.205
312.832
312.466
312.108
311.757
311.414
311.079
310.751
310.431
310.119
309.815
309.518
309.228
308.945
308.67
308.402
308.14
307.885
307.636
307.394
307.157
306.926
306.701
306.48
306.265
306.054
305.848
305.647
305.449
305.255
305.064
304.877
304.693
304.511
304.332
304.154
303.979
303.805
303.633
303.461
303.29
303.12
302.949
302.779
302.608
302.436
302.263
302.088
301.912
301.733
301.552
301.368
301.18
300.989
300.794
300.595
300.391
300.182
299.967
299.747
299.522
299.289
299.051
298.806
298.554
298.294
298.028
297.753
297.472
297.182
296.885
296.579
296.266
295.944
295.615
295.277
294.931
294.577
294.215
293.846
293.468
293.083
292.691
292.291
291.884
291.47
314.795
314.395
314.001
313.615
313.235
312.862
312.497
312.139
311.789
311.446
311.111
310.783
310.463
310.151
309.846
309.548
309.258
308.975
308.699
308.43
308.168
307.912
307.662
307.419
307.181
306.949
306.723
306.501
306.285
306.073
305.866
305.663
305.464
305.269
305.078
304.889
304.704
304.521
304.34
304.162
303.985
303.81
303.637
303.464
303.292
303.12
302.948
302.776
302.604
302.43
302.256
302.08
301.902
301.722
301.539
301.354
301.165
300.972
300.776
300.575
300.37
300.159
299.944
299.723
299.496
299.262
299.023
298.777
298.524
298.263
297.996
297.721
297.439
297.149
296.851
296.546
296.232
295.91
295.581
295.243
294.897
294.544
294.182
293.813
293.436
293.052
292.66
292.261
291.855
291.442
314.813
314.413
314.02
313.634
313.255
312.883
312.518
312.16
311.81
311.467
311.132
310.804
310.484
310.172
309.867
309.569
309.278
308.995
308.718
308.449
308.186
307.929
307.679
307.435
307.197
306.964
306.737
306.515
306.298
306.086
305.878
305.674
305.475
305.279
305.087
304.897
304.711
304.527
304.346
304.167
303.99
303.814
303.639
303.466
303.293
303.12
302.947
302.775
302.601
302.427
302.252
302.075
301.896
301.715
301.531
301.344
301.155
300.961
300.764
300.562
300.356
300.145
299.928
299.706
299.478
299.244
299.004
298.757
298.504
298.243
297.975
297.7
297.417
297.127
296.829
296.523
296.209
295.888
295.558
295.221
294.875
294.522
294.16
293.792
293.415
293.031
292.64
292.241
291.836
291.424
314.822
314.423
314.03
313.644
313.265
312.893
312.528
312.171
311.821
311.478
311.143
310.815
310.495
310.182
309.877
309.579
309.288
309.005
308.728
308.458
308.195
307.938
307.688
307.443
307.205
306.972
306.744
306.522
306.305
306.092
305.884
305.68
305.48
305.284
305.091
304.901
304.715
304.531
304.349
304.17
303.992
303.816
303.641
303.466
303.293
303.12
302.947
302.774
302.6
302.425
302.249
302.072
301.893
301.711
301.527
301.34
301.149
300.956
300.758
300.556
300.349
300.137
299.92
299.698
299.47
299.235
298.995
298.748
298.494
298.233
297.965
297.689
297.407
297.116
296.818
296.512
296.198
295.876
295.547
295.209
294.864
294.511
294.149
293.781
293.404
293.021
292.63
292.232
291.827
291.415
292.053
291.414
290.773
290.137
289.507
288.882
288.258
287.637
287.017
286.398
285.78
285.162
284.544
283.926
283.309
291.859
291.267
290.659
290.046
289.432
288.819
288.206
287.593
286.98
286.368
285.756
285.143
284.531
283.919
283.306
291.705
291.135
290.55
289.956
289.357
288.755
288.152
287.548
286.943
286.337
285.731
285.125
284.518
283.911
283.304
291.575
291.019
290.449
289.87
289.284
288.693
288.1
287.504
286.906
286.307
285.707
285.107
284.505
283.903
283.301
291.463
290.917
290.358
289.79
289.215
288.634
288.05
287.461
286.871
286.278
285.684
285.089
284.493
283.896
283.299
291.365
290.826
290.277
289.718
289.152
288.58
288.002
287.421
286.837
286.251
285.662
285.072
284.481
283.889
283.296
291.279
290.747
290.205
289.654
289.095
288.529
287.959
287.384
286.806
286.225
285.641
285.056
284.47
283.882
283.294
291.204
290.678
290.141
289.596
289.044
288.485
287.92
287.351
286.778
286.201
285.623
285.042
284.46
283.876
283.292
291.141
290.618
290.087
289.547
288.999
288.445
287.885
287.321
286.752
286.18
285.606
285.029
284.45
283.871
283.29
291.087
290.568
290.04
289.504
288.961
288.411
287.856
287.295
286.73
286.162
285.591
285.018
284.442
283.866
283.289
291.042
290.526
290.002
289.469
288.929
288.383
287.831
287.273
286.712
286.147
285.579
285.008
284.436
283.862
283.287
291.007
290.493
289.971
289.441
288.904
288.36
287.81
287.256
286.697
286.134
285.569
285
284.43
283.859
283.286
290.981
290.469
289.948
289.42
288.885
288.343
287.795
287.243
286.686
286.125
285.561
284.994
284.426
283.856
283.285
290.964
290.453
289.933
289.406
288.872
288.332
287.785
287.234
286.678
286.119
285.556
284.991
284.423
283.854
283.285
290.955
290.444
289.926
289.399
288.866
288.326
287.78
287.23
286.674
286.116
285.553
284.989
284.422
283.854
283.285
)
;

boundaryField
{
    hot
    {
        type            fixedValue;
        value           uniform 323;
    }
    cold
    {
        type            fixedValue;
        value           uniform 283;
    }
    interface_left
    {
        type            fixedValue;
        value           nonuniform List<scalar> 
90
(
313.675
313.675
313.636
313.636
313.54
313.54
313.54
313.425
313.425
313.27
313.27
313.158
313.158
313.073
313.073
313.073
312.995
312.995
312.9
312.9
312.839
312.839
312.839
312.788
312.788
312.737
312.737
312.68
312.68
312.645
312.645
312.645
312.618
312.618
312.593
312.593
312.567
312.567
312.553
312.553
312.553
312.544
312.544
312.538
312.538
312.535
312.535
312.537
312.537
312.537
312.542
312.542
312.553
312.553
312.573
312.573
312.592
312.592
312.592
312.615
312.615
312.649
312.649
312.701
312.701
312.745
312.745
312.745
312.794
312.794
312.862
312.862
312.959
312.959
313.036
313.036
313.036
313.117
313.117
313.219
313.219
313.352
313.352
313.442
313.442
313.442
313.501
313.501
313.479
313.479
)
;
    }
    interface_right
    {
        type            fixedValue;
        value           nonuniform List<scalar> 
90
(
292.547
292.547
292.506
292.506
292.506
292.558
292.558
292.651
292.651
292.784
292.784
292.885
292.885
292.965
292.965
292.965
293.042
293.042
293.139
293.139
293.205
293.205
293.255
293.255
293.255
293.299
293.299
293.351
293.351
293.385
293.385
293.408
293.408
293.408
293.428
293.428
293.448
293.448
293.46
293.46
293.46
293.467
293.467
293.472
293.472
293.473
293.473
293.471
293.471
293.466
293.466
293.466
293.456
293.456
293.438
293.438
293.421
293.421
293.402
293.402
293.402
293.377
293.377
293.338
293.338
293.304
293.304
293.304
293.265
293.265
293.212
293.212
293.137
293.137
293.077
293.077
293.077
293.015
293.015
292.938
292.938
292.837
292.837
292.77
292.77
292.77
292.731
292.731
292.774
292.774
)
;
    }
    interface_top
    {
        type            fixedValue;
        value           nonuniform List<scalar> 
90
(
313.479
313.479
312.5
312.5
311.723
311.723
311.723
310.951
310.951
309.931
309.931
309.193
309.193
308.616
308.616
308.616
308.067
308.067
307.374
307.374
306.903
306.903
306.903
306.497
306.497
306.055
306.055
305.521
305.521
305.168
305.168
305.168
304.868
304.868
304.54
304.54
304.137
304.137
303.865
303.865
303.865
303.622
303.622
303.341
303.341
302.97
302.97
302.697
302.697
302.469
302.469
302.469
302.225
302.225
301.878
301.878
301.612
301.612
301.612
301.337
301.337
300.984
300.984
300.482
300.482
300.094
300.094
300.094
299.689
299.689
299.164
299.164
298.421
298.421
297.844
297.844
297.844
297.249
297.249
296.486
296.486
295.426
295.426
294.616
294.616
294.616
293.801
293.801
292.774
292.774
)
;
    }
    interface_bottom
    {
        type            fixedValue;
        value           nonuniform List<scalar> 
90
(
313.675
313.675
312.788
312.788
312.788
311.979
311.979
311.054
311.054
309.888
309.888
309.071
309.071
308.443
308.443
308.443
307.843
307.843
307.079
307.079
306.544
306.544
306.136
306.136
306.136
305.754
305.754
305.275
305.275
304.954
304.954
304.954
304.674
304.674
304.364
304.364
303.979
303.979
303.718
303.718
303.718
303.481
303.481
303.204
303.204
302.835
302.835
302.561
302.561
302.33
302.33
302.33
302.08
302.08
301.721
301.721
301.444
301.444
301.444
301.157
301.157
300.785
300.785
300.26
300.26
299.854
299.854
299.854
299.431
299.431
298.885
298.885
298.121
298.121
297.534
297.534
297.534
296.932
296.932
296.168
296.168
295.121
295.121
294.332
294.332
294.332
293.541
293.541
292.547
292.547
)
;
    }
    defaultFaces
    {
        type            empty;
    }
}


// ************************************************************************* //
