/*--------------------------------*- C++ -*----------------------------------*\
| =========                 |                                                 |
| \\      /  F ield         | OpenFOAM: The Open Source CFD Toolbox           |
|  \\    /   O peration     | Version:  5.x                                   |
|   \\  /    A nd           | Web:      www.OpenFOAM.org                      |
|    \\/     M anipulation  |                                                 |
\*---------------------------------------------------------------------------*/
FoamFile
{
    version     2.0;
    format      ascii;
    class       volScalarField;
    location    "2.7";
    object      gradTy;
}
// * * * * * * * * * * * * * * * * * * * * * * * * * * * * * * * * * * * * * //

dimensions      [0 -1 0 1 0 0 0];

internalField   nonuniform List<scalar> 
6300
(
32275.9
32227.6
32179.4
32131.2
32083.2
32035.2
31987.4
31939.8
31892.4
31845.3
31798.4
31751.7
31705.4
31659.4
31613.8
-0.0201247
-0.0604553
-0.101015
-0.14191
-0.183173
-0.224742
-0.266432
-0.307918
-0.348733
-0.388291
-0.425942
-0.461065
-0.4932
-0.522204
-0.548381
-0.0334529
-0.100506
-0.167986
-0.236101
-0.30494
-0.374426
-0.444267
-0.513924
-0.582595
-0.64924
-0.712672
-0.771708
-0.82542
-0.873418
-0.916134
-0.0466279
-0.140126
-0.234319
-0.329566
-0.426059
-0.523751
-0.622281
-0.720909
-0.818472
-0.913393
-1.00378
-1.08766
-1.16333
-1.22989
-1.28773
-0.0595574
-0.179041
-0.299586
-0.421769
-0.545958
-0.672212
-0.800168
-0.928927
-1.05695
-1.18203
-1.30136
-1.41177
-1.51031
-1.59502
-1.66588
-0.0721211
-0.216893
-0.363211
-0.511958
-0.66378
-0.818953
-0.977231
-1.13765
-1.29835
-1.4564
-1.6078
-1.7477
-1.87108
-1.97396
-2.0551
-0.0841527
-0.253192
-0.424394
-0.599054
-0.778225
-0.962562
-1.15212
-1.34606
-1.54234
-1.73737
-1.92569
-2.10009
-2.25228
-2.37457
-2.46282
-0.0954461
-0.287319
-0.482101
-0.681615
-0.887474
-1.10092
-1.32257
-1.55207
-1.78754
-2.02497
-2.25743
-2.47465
-2.66331
-2.80916
-2.90174
-0.105755
-0.318524
-0.535057
-0.757806
-0.989104
-1.23102
-1.48513
-1.75204
-2.03074
-2.31748
-2.60436
-2.8777
-3.11709
-3.29699
-3.39373
-0.114801
-0.345955
-0.581776
-0.825419
-1.08008
-1.3489
-1.63483
-1.94017
-2.26582
-2.60978
-2.96478
-3.31466
-3.63031
-3.86795
-3.97693
-0.122293
-0.368704
-0.620649
-0.881989
-1.15684
-1.44962
-1.76505
-2.10793
-2.48252
-2.89099
-3.33026
-3.7858
-4.22149
-4.56753
-4.7194
-0.127952
-0.385906
-0.650102
-0.925016
-1.21562
-1.52763
-1.86776
-2.24393
-2.66526
-3.14135
-3.67944
-4.27674
-4.90229
-5.46118
-5.74885
-0.131557
-0.396851
-0.66881
-0.952312
-1.25295
-1.57748
-1.93437
-2.33469
-2.7932
-3.32966
-3.96934
-4.73938
-5.64963
-6.6259
-7.32889
-0.132976
-0.401114
-0.675946
-0.962428
-1.26635
-1.59489
-1.95748
-2.36718
-2.84314
-3.4147
-4.12883
-5.06172
-6.3308
-8.06362
-10.0601
-0.132205
-0.398663
-0.671399
-0.955058
-1.25507
-1.57819
-1.93339
-2.33337
-2.7974
-3.35715
-4.06947
-5.04774
-6.54794
-9.23735
-15.1543
31572.3
31534.9
31497.7
31460.8
31424.2
31387.9
31351.9
31316.2
31280.9
31245.9
31211.3
31177.1
31143.3
31109.9
31077
31044.4
31012.3
30980.6
30949.4
30918.6
30888.2
30858.2
30828.7
30799.5
30770.8
30742.4
30714.3
30686.6
30659.2
30632.1
30605.2
30578.6
30552.3
30526.1
30500.1
30474.3
30448.7
30423.2
30397.8
30372.5
30347.4
30322.3
30297.2
30272.2
30247.3
30222.4
30197.5
30172.6
30147.7
30122.8
30097.9
30072.9
30047.9
30022.8
29997.6
29972.3
29946.8
29921.2
29895.5
29869.6
29843.5
29817.2
29790.7
29763.9
29737
29709.8
29682.3
29654.6
29626.6
29598.4
29569.9
29541.1
29512
29482.6
29452.9
29423
29392.7
29362.1
29331.3
29300.1
29268.6
29236.8
29204.7
29172.3
29139.6
29106.6
29073.3
29039.7
29005.7
28971.5
-0.570538
-0.590097
-0.60995
-0.630985
-0.653956
-0.679338
-0.707217
-0.737239
-0.768636
-0.800329
-0.831079
-0.859645
-0.884934
-0.906085
-0.922499
-0.933805
-0.939796
-0.940362
-0.935447
-0.925043
-0.909214
-0.888132
-0.862102
-0.831572
-0.797104
-0.759346
-0.718979
-0.676696
-0.633177
-0.589078
-0.545021
-0.501573
-0.459211
-0.418303
-0.379088
-0.341688
-0.306138
-0.272421
-0.2405
-0.210332
-0.181851
-0.154929
-0.129337
-0.104716
-0.0805854
-0.0563815
-0.0315248
-0.00550235
0.0220608
0.0513555
0.0823767
0.114943
0.148739
0.183359
0.218343
0.253209
0.28747
0.320659
0.352361
0.382247
0.410106
0.435853
0.459522
0.48122
0.501081
0.519221
0.535716
0.550609
0.563938
0.575775
0.586244
0.595524
0.60382
0.611316
0.618141
0.624348
0.629931
0.634859
0.639114
0.642716
0.645714
0.648144
0.649969
0.651022
0.650975
0.649351
0.64557
0.639032
0.629191
0.615627
-0.951754
-0.982954
-1.01462
-1.04848
-1.08601
-1.12818
-1.17522
-1.22647
-1.28052
-1.33532
-1.38855
-1.43791
-1.48143
-1.51765
-1.54561
-1.5648
-1.57497
-1.57601
-1.56784
-1.55041
-1.52376
-1.48814
-1.44406
-1.39229
-1.33382
-1.26981
-1.20144
-1.1299
-1.05633
-0.981853
-0.907538
-0.834374
-0.763202
-0.694652
-0.629112
-0.56674
-0.507532
-0.451409
-0.398295
-0.348143
-0.300899
-0.256416
-0.21435
-0.1741
-0.134799
-0.0953971
-0.0548022
-0.0120449
0.0335731
0.0823888
0.134362
0.189128
0.246088
0.304504
0.36357
0.422444
0.480279
0.536247
0.589598
0.639737
0.686294
0.729152
0.768424
0.80437
0.837283
0.867391
0.89481
0.919567
0.941668
0.961195
0.978361
0.993509
1.00705
1.01934
1.03063
1.04099
1.05036
1.0586
1.06567
1.07161
1.07657
1.0807
1.08403
1.08633
1.08704
1.08528
1.07996
1.06995
1.05422
1.03202
-1.33466
-1.37511
-1.41613
-1.46066
-1.51135
-1.56999
-1.63709
-1.71164
-1.79127
-1.87253
-1.95152
-2.02451
-2.08839
-2.14104
-2.1813
-2.20871
-2.22323
-2.22486
-2.2135
-2.18896
-2.15114
-2.10026
-2.037
-1.96254
-1.87844
-1.78646
-1.68839
-1.58592
-1.48069
-1.37429
-1.26829
-1.1642
-1.0633
-0.966554
-0.874459
-0.787119
-0.704364
-0.625945
-0.551705
-0.481646
-0.415852
-0.354299
-0.29663
-0.241998
-0.189037
-0.136012
-0.0810757
-0.0225904
0.0405958
0.108989
0.182439
0.260265
0.341449
0.424824
0.509177
0.593282
0.67588
0.755704
0.83156
0.902485
0.967904
1.02771
1.08221
1.13198
1.17761
1.21952
1.25782
1.29243
1.32318
1.35009
1.37346
1.39388
1.41213
1.42887
1.44453
1.45914
1.47244
1.4841
1.49391
1.50197
1.50866
1.51445
1.51962
1.52398
1.5267
1.52637
1.52116
1.50915
1.48863
1.45836
-1.72066
-1.76638
-1.81248
-1.86388
-1.92515
-1.99954
-2.08812
-2.18942
-2.29956
-2.4129
-2.52307
-2.62412
-2.71144
-2.78222
-2.83539
-2.87111
-2.88997
-2.89235
-2.87808
-2.84658
-2.7973
-2.73018
-2.64606
-2.54666
-2.4344
-2.31189
-2.18166
-2.04594
-1.90677
-1.76618
-1.62635
-1.48948
-1.35752
-1.23184
-1.11306
-1.00101
-0.895079
-0.794604
-0.69925
-0.609177
-0.524881
-0.446787
-0.374753
-0.307716
-0.243613
-0.179637
-0.112732
-0.0401918
0.0398198
0.127992
0.223886
0.326223
0.433303
0.543368
0.654767
0.765901
0.875082
0.980469
1.08021
1.17274
1.25717
1.33346
1.40237
1.4651
1.52286
1.57637
1.62571
1.67038
1.70978
1.74363
1.77233
1.79695
1.81891
1.83952
1.85949
1.87872
1.89647
1.91183
1.92426
1.93391
1.94165
1.9487
1.95599
1.96361
1.97042
1.97415
1.97182
1.96029
1.93683
1.89947
-2.11246
-2.15707
-2.20113
-2.25281
-2.32001
-2.40857
-2.52075
-2.6544
-2.80318
-2.95775
-3.10765
-3.24342
-3.35821
-3.44865
-3.51453
-3.55769
-3.58035
-3.58372
-3.56738
-3.52973
-3.46903
-3.38449
-3.277
-3.14923
-3.005
-2.84835
-2.68275
-2.51084
-2.33478
-2.1569
-1.98007
-1.8076
-1.64259
-1.48714
-1.34188
-1.20602
-1.07787
-0.955822
-0.83913
-0.72833
-0.624927
-0.530504
-0.445644
-0.369174
-0.297979
-0.22746
-0.152484
-0.0685414
0.0272974
0.135873
0.256047
0.385337
0.520835
0.659964
0.800704
0.941293
1.0797
1.21332
1.33917
1.4546
1.5581
1.64979
1.73134
1.8053
1.87413
1.93916
2.00021
2.05583
2.10426
2.14448
2.17698
2.20373
2.22754
2.251
2.27541
2.30032
2.32383
2.34369
2.3585
2.36848
2.37554
2.38249
2.3918
2.4043
2.41846
2.43058
2.43564
2.42852
2.40494
2.36193
-2.51507
-2.54849
-2.57876
-2.61938
-2.68407
-2.78356
-2.92242
-3.09755
-3.29841
-3.50926
-3.71254
-3.89286
-4.04001
-4.15038
-4.22632
-4.27372
-4.29847
-4.30339
-4.28728
-4.24602
-4.17504
-4.07176
-3.93709
-3.77543
-3.59341
-3.39763
-3.19286
-2.98163
-2.76535
-2.54603
-2.32744
-2.1149
-1.9138
-1.72767
-1.55711
-1.39982
-1.2518
-1.10924
-0.970439
-0.836742
-0.711955
-0.600362
-0.504369
-0.422957
-0.351291
-0.281618
-0.205069
-0.113938
-0.00348253
0.127138
0.275165
0.43559
0.603216
0.774317
0.946929
1.1199
1.29129
1.45743
1.61322
1.75371
1.8761
1.98078
2.07129
2.15298
2.23093
2.30776
2.38261
2.45172
2.5106
2.55652
2.58997
2.6148
2.63673
2.66115
2.69067
2.72398
2.75651
2.78289
2.79973
2.8073
2.80964
2.81295
2.82308
2.84263
2.86951
2.89722
2.91704
2.92052
2.90106
2.85442
-2.93792
-2.94443
-2.94151
-2.95128
-2.99805
-3.10189
-3.27193
-3.50368
-3.7793
-4.07169
-4.3505
-4.59008
-4.77479
-4.90171
-4.9792
-5.02237
-5.04513
-5.05333
-5.0434
-5.00506
-4.9275
-4.80419
-4.63597
-4.43088
-4.20153
-3.95977
-3.71215
-3.45958
-3.20017
-2.934
-2.66593
-2.40557
-2.16328
-1.94559
-1.75303
-1.58007
-1.41766
-1.25701
-1.09416
-0.932061
-0.779709
-0.647466
-0.541794
-0.462393
-0.401412
-0.345343
-0.278305
-0.186794
-0.0629178
0.0937383
0.276841
0.475897
0.68103
0.886934
1.09309
1.30123
1.51089
1.71693
1.90977
2.0794
2.2201
2.33267
2.42444
2.50655
2.58985
2.67972
2.77379
2.86287
2.93615
2.98703
3.01593
3.03055
3.04286
3.0645
3.10101
3.14927
3.19855
3.23633
3.25481
3.25417
3.2428
3.23408
3.24123
3.27086
3.31979
3.37565
3.42235
3.44593
3.43667
3.38912
-3.39878
-3.35396
-3.28602
-3.22996
-3.22997
-3.32504
-3.53269
-3.84681
-4.23618
-4.65384
-5.04507
-5.36646
-5.59289
-5.72431
-5.78159
-5.80048
-5.81281
-5.82944
-5.84044
-5.82057
-5.74586
-5.60127
-5.38789
-5.12118
-4.82745
-4.53026
-4.2384
-3.94724
-3.64455
-3.32446
-2.99311
-2.66997
-2.37704
-2.12699
-1.92038
-1.74473
-1.58059
-1.40752
-1.21631
-1.01284
-0.81796
-0.655725
-0.540765
-0.474655
-0.443779
-0.424155
-0.386042
-0.305479
-0.168741
0.0231114
0.256442
0.508383
0.758699
1.00018
1.2374
1.48139
1.73678
1.99653
2.24083
2.44785
2.60578
2.71567
2.79267
2.85962
2.94051
3.04686
3.17338
3.298
3.39521
3.45045
3.46369
3.45089
3.43682
3.44765
3.49566
3.57432
3.65837
3.71873
3.73864
3.71762
3.6733
3.63348
3.6281
3.67237
3.76111
3.86826
3.96192
4.01952
4.02825
3.98343
-3.93081
-3.7968
-3.61345
-3.4279
-3.32502
-3.38612
-3.64027
-4.08169
-4.65247
-5.27421
-5.84037
-6.27973
-6.54793
-6.65382
-6.63935
-6.58817
-6.57435
-6.61373
-6.68198
-6.71511
-6.66487
-6.49742
-6.2166
-5.85034
-5.45826
-5.09296
-4.76351
-4.45134
-4.11381
-3.73093
-3.30824
-2.89057
-2.52878
-2.24548
-2.04276
-1.89242
-1.75596
-1.58369
-1.35561
-1.08075
-0.808629
-0.595292
-0.468727
-0.435472
-0.469205
-0.528824
-0.554113
-0.504228
-0.353071
-0.106335
0.210196
0.544213
0.850134
1.12066
1.37309
1.6463
1.95755
2.29956
2.62679
2.88826
3.06193
3.14734
3.17672
3.19397
3.25584
3.38632
3.57709
3.774
3.9161
3.97579
3.95036
3.87451
3.79637
3.77871
3.84762
3.99304
4.1537
4.26081
4.28279
4.21601
4.09869
3.98461
3.94481
4.01114
4.17719
4.38148
4.55456
4.66456
4.69798
4.66168
-4.5954
-4.31059
-3.9439
-3.50654
-3.18366
-3.16888
-3.47788
-4.12996
-4.99509
-5.97431
-6.81801
-7.4392
-7.73645
-7.75639
-7.54974
-7.3218
-7.25908
-7.35622
-7.57385
-7.72947
-7.75249
-7.55661
-7.1682
-6.61653
-6.05037
-5.60391
-5.26358
-4.99185
-4.64826
-4.19463
-3.61608
-3.03067
-2.56747
-2.2479
-2.08971
-2.0201
-1.98294
-1.84031
-1.56236
-1.14488
-0.714815
-0.410105
-0.262529
-0.300033
-0.457598
-0.683208
-0.830763
-0.849184
-0.675462
-0.336751
0.138279
0.619997
0.992014
1.26668
1.47833
1.75588
2.13344
2.62328
3.10683
3.45444
3.6445
3.65904
3.57754
3.46338
3.47168
3.63824
3.97123
4.32815
4.55492
4.62295
4.50888
4.30067
4.06806
3.98437
4.08865
4.38907
4.72545
4.92475
4.95407
4.78648
4.51872
4.22815
4.10808
4.2057
4.53761
4.93909
5.23748
5.41929
5.4675
5.45647
-5.50756
-4.94203
-4.3757
-3.41984
-2.59791
-2.48459
-2.82054
-3.87051
-5.1725
-6.86864
-8.11514
-9.06422
-9.32344
-9.1844
-8.48995
-7.81677
-7.71284
-7.92451
-8.55436
-8.93415
-9.15476
-8.89255
-8.35446
-7.40323
-6.4698
-5.9618
-5.66473
-5.63571
-5.34114
-4.83823
-3.93394
-2.99496
-2.39967
-2.01835
-2.0096
-2.10166
-2.36248
-2.29261
-1.97097
-1.2282
-0.441709
-9.81476e-06
0.208687
0.00670514
-0.349726
-0.951836
-1.29537
-1.47297
-1.23776
-0.765935
0.0541026
0.851004
1.2712
1.50045
1.48561
1.71829
2.14441
2.9527
3.77916
4.24396
4.47618
4.30535
4.02163
3.55262
3.45572
3.64654
4.32687
5.06562
5.41822
5.52818
5.19879
4.75778
4.12114
3.91517
4.0431
4.72922
5.49047
5.82945
5.90488
5.49724
4.96772
4.22235
3.95414
4.05923
4.79432
5.64172
6.08495
6.36319
6.31921
6.4162
-6.91773
-5.57416
-5.36807
-3.14015
-0.991799
-1.15338
-1.13506
-3.24818
-4.78236
-8.41051
-9.84059
-11.6827
-11.4839
-11.4122
-9.39953
-7.49199
-7.71212
-7.89064
-9.89498
-10.3681
-11.2523
-10.6257
-10.1355
-8.16419
-6.27649
-6.01581
-5.67977
-6.66186
-6.33392
-6.05966
-4.30155
-2.46408
-1.92346
-1.25208
-1.78409
-1.93999
-3.21797
-3.10723
-2.98567
-1.37411
0.328349
0.746061
1.27168
0.536232
0.112288
-1.59243
-1.99855
-2.69072
-2.1403
-1.69597
0.00385398
1.62513
1.826
2.08635
1.13706
1.40278
1.60575
3.25668
4.97307
5.36917
5.88901
5.115
4.7333
3.10678
3.02624
2.95075
4.59925
6.36
6.63177
7.06696
6.05033
5.49747
3.55498
3.36608
3.19465
4.96206
6.86443
7.11452
7.55222
6.38445
5.72846
3.5304
3.2636
3.00641
4.89011
6.92709
7.17078
7.77191
6.96883
7.6695
-9.72391
-4.56816
-9.27168
-2.74568
3.94073
-0.0811828
3.6197
-3.45951
-1.37693
-13.1176
-10.9727
-17.24
-13.4615
-16.435
-10.1577
-4.10336
-7.77132
-5.22753
-13.4406
-11.2099
-15.5253
-12.1624
-14.0495
-8.80456
-3.74014
-6.17822
-3.79655
-9.57435
-7.24921
-9.41772
-4.7832
-0.0654979
-1.63531
1.24738
-2.09996
-0.162232
-6.07301
-3.93714
-6.14573
-1.65056
2.94881
1.33714
4.15107
0.617572
2.41905
-4.10267
-2.2894
-5.69743
-2.88959
-4.43346
0.067278
4.4452
2.29573
4.41479
-0.960514
1.17827
-1.01734
3.46708
8.0689
6.31691
9.16578
5.36042
7.23826
0.43548
2.59025
-0.226817
4.71078
9.79932
7.61084
10.6972
6.23489
8.2391
0.464485
2.79268
-0.444865
5.0014
10.6185
8.13028
11.5123
6.53559
8.71064
0.0583367
2.5601
-1.12836
4.76602
10.7956
7.74271
11.2035
5.45394
9.92131
-19.5145
10.6353
-29.3457
-2.58191
24.2937
-10.1294
23.8983
-16.8634
21.9345
-37.8195
0.00916845
-37.2628
-5.71577
-34.7786
-10.5942
13.2858
-16.775
12.926
-32.025
-2.62487
-30.8546
-6.13895
-28.2333
-9.18469
9.60013
-13.2808
9.83662
-24.1549
-1.69344
-22.572
-5.38449
11.3872
-7.75871
12.7182
-10.0264
12.9175
-20.5154
1.48891
-18.9595
-2.07733
14.5129
-4.44499
16.1705
-6.9839
16.7108
-18.6159
4.93783
-17.6558
2.6268
-15.8761
0.306648
16.6638
-3.38223
17.5342
-13.8795
7.19421
-13.2609
3.5072
20.313
0.63811
22.0234
-2.57933
22.242
-15.1361
9.31228
-14.5726
4.60344
23.716
0.992597
25.1958
-2.89386
25.0606
-17.1756
10.2324
-16.5906
4.79311
26.0429
0.691312
27.5073
-3.61327
27.2827
-19.477
10.7691
-19.0637
4.44589
27.7418
-1.06627
27.8968
-10.7746
18.5263
28933.5
28891.7
28849.5
28806.9
28763.9
28720.7
28677.2
28633.4
28589.4
28545.2
28500.8
28456.3
28411.7
28367.1
28322.4
0.596353
0.56964
0.537627
0.501039
0.460819
0.417982
0.373497
0.3282
0.28275
0.237609
0.19305
0.149186
0.105994
0.0633543
0.0210754
1
0.955094
0.900967
0.838975
0.770839
0.698383
0.623322
0.547107
0.470855
0.395324
0.320948
0.247877
0.176039
0.105194
0.0349902
1.41359
1.34975
1.27215
1.18303
1.08515
0.981371
0.874288
0.766046
0.658235
0.551888
0.447544
0.345338
0.24509
0.146393
0.0486842
1.84202
1.758
1.65471
1.53571
1.40524
1.26754
1.12632
0.984481
0.844095
0.706407
0.571977
0.440827
0.312586
0.186602
0.0620387
2.29172
2.18543
2.05292
1.89978
1.73248
1.55714
1.37887
1.2014
1.02721
0.857625
0.693093
0.533384
0.377812
0.225382
0.0749067
2.77112
2.6391
2.47173
2.27797
2.06766
1.84958
1.63049
1.41495
1.20564
1.00374
0.809345
0.621775
0.439877
0.262198
0.087109
3.29188
3.1283
2.91704
2.67281
2.41064
2.14297
1.87843
1.62214
1.37656
1.1423
0.918723
0.70446
0.497702
0.296412
0.0984348
3.87069
3.66564
3.39574
3.08591
2.75938
2.43333
2.11805
1.81849
1.53606
1.27008
1.01872
0.779595
0.550032
0.327296
0.108646
4.53224
4.26843
3.91491
3.51626
3.10826
2.71332
2.34211
1.99768
1.679
1.38312
1.10642
0.845109
0.595496
0.354073
0.117492
5.31596
4.9606
4.479
3.9559
3.44454
2.97013
2.53971
2.15122
1.79908
1.47692
1.17866
0.89886
0.632727
0.375984
0.124727
6.29945
5.77718
5.08303
4.38223
3.74347
3.18313
2.69561
2.26853
1.8892
1.54676
1.23236
0.938885
0.660527
0.392384
0.13015
7.67857
6.76624
5.69436
4.74538
3.96319
3.32322
2.79118
2.33813
1.94244
1.58851
1.26507
0.963742
0.678073
0.402854
0.133633
9.98081
7.91479
6.18442
4.94182
4.04042
3.35533
2.80783
2.3504
1.95387
1.59972
1.27561
0.972881
0.685131
0.407305
0.135153
14.4128
8.72641
6.18622
4.79679
3.90123
3.24995
2.73451
2.30177
1.92289
1.58082
1.26468
0.966981
0.682222
0.406057
0.134818
-0.129762
-0.391098
-0.657978
-0.934446
-1.22515
-1.53572
-1.87341
-2.24816
-2.67455
-3.17565
-3.7917
-4.60127
-5.78062
-7.78913
-12.0061
-0.12614
-0.379941
-0.638367
-0.904706
-1.18258
-1.47611
-1.79018
-2.13066
-2.50472
-2.92069
-3.38613
-3.89761
-4.39425
-4.54377
-2.72621
-0.121456
-0.365556
-0.613234
-0.86692
-1.12909
-1.4022
-1.68855
-1.9898
-2.30576
-2.63134
-2.94846
-3.20408
-3.24891
-2.66447
-0.305242
-0.115943
-0.348671
-0.583902
-0.823205
-1.06794
-1.31903
-1.57653
-1.83869
-2.1001
-2.34783
-2.55333
-2.65667
-2.54064
-2.01736
-1.00482
-0.109839
-0.330032
-0.551717
-0.77568
-1.00233
-1.23136
-1.46122
-1.68805
-1.90394
-2.09362
-2.229
-2.26131
-2.11537
-1.70975
-1.08075
-0.103371
-0.310341
-0.51792
-0.726249
-0.935003
-1.14305
-1.34793
-1.54498
-1.72597
-1.87711
-1.97615
-1.98944
-1.87046
-1.55712
-0.904795
-0.0967396
-0.29021
-0.483574
-0.676482
-0.868114
-1.05688
-1.24002
-1.41299
-1.56872
-1.69677
-1.78278
-1.80922
-1.7605
-1.63976
-1.53244
-0.0901089
-0.270136
-0.449518
-0.627562
-0.803161
-0.974562
-1.1391
-1.2929
-1.43064
-1.54564
-1.63072
-1.68103
-1.7005
-1.71295
-1.76262
-0.0836053
-0.250496
-0.416363
-0.580303
-0.741074
-0.896946
-1.04557
-1.1839
-1.30831
-1.41524
-1.50275
-1.5741
-1.64526
-1.76016
-2.02403
-0.0773188
-0.231552
-0.38452
-0.535207
-0.682339
-0.824307
-0.959121
-1.08448
-1.19806
-1.29829
-1.38594
-1.46719
-1.55953
-1.70379
-1.99655
-0.0713083
-0.213472
-0.354237
-0.492541
-0.627142
-0.756577
-0.879175
-0.993173
-1.09702
-1.19003
-1.27349
-1.35244
-1.43764
-1.54413
-1.66208
-0.0656077
-0.196348
-0.325636
-0.452409
-0.575484
-0.693538
-0.805137
-0.908846
-1.00345
-1.08833
-1.16409
-1.23321
-1.30089
-1.37635
-1.48093
-0.060232
-0.180219
-0.298755
-0.414808
-0.527265
-0.634923
-0.736517
-0.830781
-0.916558
-0.992916
-1.0592
-1.11481
-1.15866
-1.18818
-1.19222
-0.0551828
-0.165083
-0.273572
-0.379666
-0.482328
-0.580461
-0.672924
-0.758549
-0.836153
-0.904439
-0.961626
-1.00443
-1.0263
-1.01757
-0.993836
-0.0504522
-0.150911
-0.250026
-0.346871
-0.440488
-0.52988
-0.614014
-0.691825
-0.762164
-0.82362
-0.87395
-0.908443
-0.915113
-0.857233
-0.590954
-0.0460258
-0.137659
-0.228029
-0.316281
-0.401534
-0.482889
-0.559432
-0.630227
-0.694289
-0.750479
-0.797187
-0.831627
-0.848692
-0.841493
-0.823862
-0.0418851
-0.125267
-0.207479
-0.287735
-0.365237
-0.439183
-0.508777
-0.573238
-0.631827
-0.683874
-0.728864
-0.766731
-0.799043
-0.832849
-0.888345
-0.0380094
-0.113671
-0.188262
-0.261064
-0.33136
-0.398442
-0.461621
-0.520263
-0.57385
-0.622118
-0.665408
-0.705548
-0.748247
-0.809013
-0.92474
-0.0343764
-0.102805
-0.17026
-0.236096
-0.299669
-0.360352
-0.41755
-0.470733
-0.519507
-0.563769
-0.604066
-0.642459
-0.6848
-0.746867
-0.872953
-0.0309635
-0.0925984
-0.153358
-0.212661
-0.269936
-0.324626
-0.376205
-0.4242
-0.468236
-0.508115
-0.543961
-0.576497
-0.607559
-0.640118
-0.668253
-0.0277486
-0.082985
-0.13744
-0.190598
-0.24195
-0.291003
-0.337284
-0.380352
-0.419794
-0.455202
-0.486065
-0.511421
-0.529202
-0.536298
-0.541807
-0.0247099
-0.073899
-0.122398
-0.169752
-0.215513
-0.259248
-0.300535
-0.338961
-0.374095
-0.405389
-0.431901
-0.451463
-0.458205
-0.43344
-0.30229
-0.0218263
-0.0652773
-0.108125
-0.149974
-0.190436
-0.229136
-0.265709
-0.299796
-0.331008
-0.358844
-0.382475
-0.40026
-0.40903
-0.404336
-0.391485
-0.0190778
-0.0570595
-0.0945214
-0.131124
-0.166536
-0.200444
-0.232549
-0.262566
-0.290212
-0.315173
-0.337027
-0.355174
-0.369136
-0.380758
-0.402327
-0.0164453
-0.0491879
-0.0814892
-0.113063
-0.143634
-0.172949
-0.200776
-0.226921
-0.251229
-0.273612
-0.294079
-0.312852
-0.330768
-0.350151
-0.373768
-0.0139106
-0.0416082
-0.0689375
-0.0956617
-0.121559
-0.14643
-0.170111
-0.192488
-0.213528
-0.233334
-0.252238
-0.271004
-0.291286
-0.31647
-0.352073
-0.011457
-0.0342696
-0.056781
-0.0787998
-0.100151
-0.120684
-0.140289
-0.15892
-0.176628
-0.193628
-0.210415
-0.227976
-0.248304
-0.275411
-0.315432
-0.009069
-0.0271258
-0.0449421
-0.0623667
-0.0792647
-0.095527
-0.111085
-0.125934
-0.140163
-0.154015
-0.167969
-0.182892
-0.200523
-0.225235
-0.271422
-0.00673266
-0.0201349
-0.0333508
-0.0462645
-0.0587755
-0.0708063
-0.0823164
-0.093319
-0.103906
-0.114278
-0.124763
-0.135789
-0.147741
-0.160003
-0.163201
-0.00443545
-0.0132594
-0.0219452
-0.0304078
-0.0385752
-0.0463947
-0.0538425
-0.0609362
-0.0677473
-0.0744106
-0.0810981
-0.0879071
-0.094674
-0.100932
-0.10767
-0.00216623
-0.00646622
-0.0106708
-0.0147222
-0.0185727
-0.0221888
-0.0255579
-0.0286939
-0.0316426
-0.034479
-0.037266
-0.0399176
-0.0419082
-0.0413985
-0.0301663
8.49486e-05
0.00027434
0.0005206
0.000857195
0.00131051
0.00189715
0.00262136
0.00347364
0.00443111
0.0054622
0.00655031
0.00774866
0.00917156
0.0107999
0.0132933
0.00232706
0.0069888
0.0116722
0.0163884
0.0211437
0.0259386
0.0307678
0.0356232
0.0405001
0.0454042
0.0503608
0.0553886
0.0601672
0.0625213
0.0527904
0.00456825
0.0137014
0.0228235
0.0319246
0.0409913
0.0500065
0.0589516
0.0678134
0.0765974
0.0853493
0.0941873
0.103327
0.11293
0.122741
0.134697
0.00681608
0.0204346
0.0340115
0.0475164
0.0609158
0.0741724
0.0872482
0.100113
0.112766
0.125275
0.137864
0.15105
0.165632
0.181584
0.190907
0.00907755
0.0272096
0.0452711
0.0632126
0.0809794
0.0985118
0.115745
0.132615
0.149084
0.16519
0.181193
0.197913
0.217462
0.245151
0.297661
0.0113592
0.0340458
0.0566356
0.0790603
0.101245
0.123106
0.144545
0.165449
0.185704
0.205226
0.224095
0.242928
0.263716
0.291607
0.337573
0.013667
0.0409614
0.0681355
0.0951044
0.121775
0.148039
0.173765
0.198786
0.222879
0.245759
0.267097
0.286701
0.305108
0.325631
0.361528
0.0160062
0.0479724
0.0797983
0.111385
0.142624
0.17339
0.203524
0.232814
0.260941
0.287406
0.311374
0.33142
0.345086
0.349089
0.350209
0.0183814
0.0550925
0.091647
0.127936
0.16384
0.199223
0.233919
0.267695
0.3002
0.330828
0.358443
0.380685
0.391819
0.374656
0.263739
0.0207962
0.0623327
0.1037
0.144781
0.185453
0.225578
0.264998
0.303506
0.340801
0.376379
0.409308
0.437774
0.458243
0.465422
0.466592
0.0232537
0.0697016
0.11597
0.161938
0.20748
0.252466
0.296758
0.340205
0.382632
0.423802
0.463332
0.500524
0.533944
0.560461
0.571231
0.025756
0.0772057
0.128468
0.179418
0.229928
0.279877
0.329149
0.377658
0.425376
0.472395
0.519032
0.565995
0.614506
0.66652
0.72966
0.0283051
0.0848505
0.141201
0.197228
0.252801
0.307798
0.362116
0.415707
0.468646
0.521286
0.574554
0.630478
0.692701
0.764945
0.835057
0.0309025
0.0926407
0.154178
0.215378
0.276106
0.336228
0.395631
0.454252
0.512165
0.569779
0.628284
0.690675
0.764001
0.864947
1.03865
0.0335497
0.100581
0.167405
0.233881
0.299862
0.365197
0.429731
0.493331
0.555931
0.61769
0.679374
0.743371
0.816181
0.914523
1.07989
0.0362477
0.108674
0.180891
0.252751
0.324099
0.394758
0.464521
0.533143
0.600319
0.665689
0.728915
0.79004
0.850687
0.917649
1.01026
0.0389968
0.116922
0.194639
0.272002
0.348845
0.424975
0.500143
0.573999
0.645997
0.715212
0.779971
0.837132
0.880852
0.903055
0.920291
0.0417964
0.125323
0.208651
0.291635
0.374115
0.455895
0.536714
0.616182
0.693639
0.76786
0.836359
0.893647
0.925994
0.891995
0.632702
0.0446446
0.133873
0.222915
0.31164
0.399899
0.487516
0.574262
0.659797
0.74356
0.82451
0.900582
0.967571
1.01724
1.03746
1.04384
0.0475381
0.14256
0.237416
0.33199
0.426156
0.519776
0.612685
0.704678
0.795464
0.884575
0.971158
1.0536
1.12898
1.19261
1.23555
0.0504723
0.15137
0.252126
0.352642
0.45282
0.552562
0.651781
0.750432
0.848562
0.946418
1.04465
1.14463
1.24892
1.36221
1.49948
0.0534418
0.160287
0.267016
0.37355
0.479813
0.585741
0.691306
0.796582
0.901879
1.00803
1.11696
1.23272
1.36266
1.51522
1.6722
0.0564407
0.169292
0.282054
0.394665
0.507064
0.619201
0.731064
0.842753
0.954636
1.06773
1.18456
1.31105
1.46074
1.66525
2.00725
0.0594627
0.178368
0.297211
0.415946
0.53452
0.652878
0.770976
0.888819
1.00658
1.12488
1.24551
1.37332
1.5208
1.71987
2.05188
0.062501
0.187494
0.312455
0.437355
0.562149
0.686765
0.811094
0.934974
1.05818
1.18042
1.30152
1.42201
1.54507
1.68224
1.86115
0.0655482
0.196648
0.327753
0.458856
0.589923
0.720876
0.851552
0.981628
1.11046
1.23678
1.35801
1.46897
1.55958
1.61568
1.66703
0.0685953
0.205804
0.343065
0.480398
0.617797
0.755204
0.892455
1.02917
1.16452
1.29669
1.42167
1.53012
1.59807
1.5525
1.1113
0.0716317
0.214932
0.358337
0.501909
0.645686
0.789665
0.933756
1.07769
1.22081
1.36162
1.49685
1.61946
1.71543
1.76411
1.79267
0.0746449
0.223991
0.373504
0.523293
0.673454
0.824071
0.975192
1.1268
1.27871
1.43045
1.58082
1.72737
1.86564
1.98976
2.09265
0.0776208
0.23294
0.38849
0.544431
0.700924
0.858149
1.01632
1.17571
1.33676
1.50023
1.66748
1.84108
2.02573
2.23019
2.47946
0.080545
0.241733
0.403215
0.565197
0.727903
0.891593
1.05661
1.22349
1.39316
1.5674
1.74975
1.94718
2.17208
2.43956
2.72628
0.0834031
0.250326
0.4176
0.585474
0.754213
0.924132
1.09564
1.26937
1.44641
1.62895
1.82157
2.03423
2.28889
2.63561
3.20192
0.0861817
0.258679
0.431578
0.60516
0.779719
0.955585
1.13315
1.31295
1.49585
1.68351
1.87951
2.09218
2.34181
2.67923
3.23587
0.0888692
0.266756
0.44509
0.624178
0.804332
0.985873
1.16912
1.3544
1.54201
1.7323
1.92589
2.1245
2.33379
2.57066
2.86856
0.0914547
0.274526
0.458086
0.642464
0.827993
1.01499
1.20371
1.39424
1.58632
1.77882
1.9688
2.14946
2.30662
2.41977
2.53445
0.0939289
0.281961
0.470518
0.65996
0.850647
1.04292
1.23704
1.43303
1.63035
1.8271
2.01821
2.19076
2.31004
2.26785
1.64225
0.096283
0.289033
0.482342
0.676599
0.872209
1.06958
1.26909
1.47091
1.67478
1.87929
2.08052
2.26911
2.4256
2.52111
2.59652
0.09851
0.295721
0.493512
0.692303
0.892554
1.09478
1.29953
1.50738
1.71877
1.93378
2.15162
2.36979
2.58351
2.78835
2.98771
0.100605
0.302006
0.503992
0.706999
0.911537
1.11822
1.32784
1.54139
1.76024
1.98631
2.22251
2.47358
2.7476
3.05942
3.44524
0.102569
0.307887
0.513765
0.720636
0.929031
1.13964
1.35342
1.57174
1.79671
2.0318
2.28308
2.56144
2.88547
3.27911
3.72293
0.104407
0.313381
0.522851
0.733217
0.94499
1.15887
1.37586
1.59747
1.82615
2.06605
2.32487
2.61759
2.975
3.46397
4.24673
0.106135
0.31853
0.531316
0.744821
0.959488
1.17594
1.39509
1.61831
1.84779
2.08717
2.34311
2.62883
2.97319
3.44482
4.22278
0.107777
0.323407
0.539281
0.755621
0.972748
1.19114
1.41148
1.6348
1.86254
2.09679
2.34067
2.59936
2.88299
3.21296
3.61444
0.109367
0.328115
0.546921
0.765872
0.98513
1.20497
1.42582
1.64822
1.87278
2.09972
2.32794
2.55257
2.7606
2.93146
3.12477
0.110946
0.332781
0.55446
0.775907
0.997105
1.21811
1.43906
1.66015
1.88134
2.10176
2.3177
2.51732
2.66402
2.63435
1.92909
0.112563
0.337556
0.562155
0.786113
1.00921
1.23128
1.45221
1.67198
1.89044
2.1069
2.31879
2.51881
2.68992
2.80639
2.92294
0.114271
0.342601
0.570293
0.796912
1.02202
1.24522
1.46617
1.68471
1.90093
2.1152
2.32812
2.54037
2.75373
2.97838
3.25878
0.116125
0.348087
0.579171
0.808752
1.03616
1.26071
1.48179
1.69905
1.91275
2.12442
2.33788
2.56116
2.80967
3.11163
3.51683
0.118178
0.354179
0.589089
0.822093
1.05227
1.2786
1.50005
1.71583
1.92598
2.13238
2.34082
2.56441
2.82847
3.17315
3.62807
0.120476
0.361025
0.600323
0.837389
1.07104
1.29986
1.52222
1.73653
1.94179
2.1389
2.33321
2.53952
2.79127
3.15807
3.78152
0.123052
0.368735
0.613098
0.855044
1.09316
1.32558
1.54996
1.76348
1.96324
2.14734
2.31725
2.48304
2.67413
2.96472
3.55634
0.125917
0.377358
0.627541
0.875346
1.1192
1.35688
1.58522
1.79995
1.99555
2.1656
2.30413
2.40897
2.48787
2.56228
2.61764
0.129051
0.386847
0.643625
0.898371
1.14952
1.39462
1.62991
1.84968
2.04557
2.20573
2.31438
2.35286
2.3047
2.17304
2.0586
0.132397
0.397035
0.661105
0.923874
1.18401
1.43915
1.68533
1.91596
2.12038
2.28159
2.37332
2.35686
2.17951
1.77179
0.984869
0.135848
0.407607
0.679471
0.951183
1.22192
1.48987
1.7515
2.0004
2.22515
2.40568
2.50737
2.47257
2.21427
1.63384
0.732501
0.13925
0.418097
0.697922
0.979141
1.26174
1.54492
1.82647
2.10158
2.36059
2.58451
2.73618
2.74346
2.4727
1.71866
0.417611
0.142406
0.427895
0.715384
1.00611
1.30111
1.60106
1.90586
2.2139
2.52038
2.81352
3.06525
3.2074
3.06669
2.18328
-0.674734
0.14509
0.436291
0.730577
1.03007
1.33701
1.65378
1.98294
2.32725
2.68943
3.07128
3.47044
3.86775
4.17632
4.019
1.69362
0.14706
0.442531
0.742127
1.04883
1.36604
1.69782
2.04945
2.42816
2.84479
3.31707
3.87699
4.58975
5.60929
7.35978
11.1824
10.947
7.00709
5.25087
4.25205
3.56768
3.03841
2.5972
2.21143
1.86314
1.54138
1.23891
0.950526
0.672221
0.400715
0.133143
1.05951
3.54603
3.76689
3.50058
3.14036
2.77651
2.42888
2.1
1.78808
1.49046
1.20449
0.927699
0.657832
0.392797
0.130618
-1.37116
1.65839
2.62107
2.81421
2.71548
2.50333
2.24754
1.97676
1.70305
1.43142
1.16366
0.900034
0.640063
0.382881
0.127432
-0.0978118
1.20597
2.00952
2.33042
2.36934
2.26045
2.07661
1.85552
1.61654
1.36964
1.11991
0.869799
0.620335
0.371749
0.123835
0.134249
1.10083
1.73305
2.04239
2.12582
2.06961
1.93154
1.74667
1.53548
1.30979
1.07639
0.839084
0.599975
0.360138
0.120062
0.444351
1.22777
1.68075
1.91119
1.97925
1.93561
1.81896
1.65606
1.46444
1.25527
1.03554
0.809594
0.580102
0.34868
0.116319
1.39038
1.58413
1.78295
1.89271
1.9102
1.85229
1.73847
1.58536
1.40556
1.20803
0.998967
0.782543
0.561552
0.337863
0.112766
1.89248
1.9369
1.94695
1.93826
1.89349
1.80778
1.68524
1.53318
1.35895
1.16877
0.96748
0.758643
0.544861
0.328016
0.109513
2.75171
2.31351
2.12393
2.00883
1.90518
1.78882
1.65249
1.49635
1.32338
1.13721
0.941206
0.738159
0.530285
0.319313
0.106621
2.98859
2.5174
2.24917
2.0714
1.92567
1.78371
1.63347
1.47119
1.29696
1.11246
0.919802
0.72101
0.517849
0.311797
0.104109
2.95501
2.58031
2.31153
2.1117
1.9435
1.78431
1.62281
1.4543
1.27764
1.09335
0.902639
0.706884
0.50741
0.305413
0.101963
2.90537
2.56964
2.32597
2.13
1.95504
1.78652
1.61698
1.44306
1.2636
1.07869
0.888965
0.695327
0.498714
0.300034
0.100144
2.74366
2.49499
2.30727
2.13367
1.96209
1.7894
1.61419
1.43563
1.25333
1.06734
0.877997
0.685827
0.491446
0.295492
0.0986007
2.48206
2.37799
2.27872
2.13592
1.9699
1.79401
1.61372
1.43079
1.24562
1.05831
0.86898
0.677855
0.485264
0.291595
0.0972718
1.65682
2.25764
2.28038
2.15428
1.98454
1.80165
1.61506
1.42748
1.23938
1.05068
0.861199
0.670893
0.479824
0.288151
0.0960943
2.71547
2.53872
2.38538
2.20294
2.0083
1.81185
1.6171
1.42451
1.23356
1.04357
0.853986
0.664455
0.4748
0.284972
0.0950074
3.15732
2.80353
2.51059
2.26007
2.0333
1.82085
1.61761
1.4204
1.22707
1.03617
0.846729
0.658099
0.469893
0.281884
0.0939547
3.719
3.02607
2.60632
2.30069
2.04835
1.82346
1.61394
1.41358
1.21888
1.02776
0.838902
0.651447
0.464846
0.27874
0.0928876
3.75439
3.05891
2.62281
2.30431
2.04434
1.81539
1.6039
1.40281
1.20821
1.01779
0.830097
0.644199
0.459455
0.275419
0.0917663
3.31447
2.91161
2.55762
2.2673
2.01877
1.79519
1.58664
1.38754
1.19464
1.00591
0.820046
0.636149
0.45357
0.271833
0.0905613
3.08029
2.7304
2.44822
2.20128
1.97589
1.76454
1.56282
1.36798
1.17816
0.992042
0.808633
0.627183
0.447103
0.267923
0.0892528
2.68982
2.50216
2.31435
2.12031
1.92326
1.7272
1.53422
1.34493
1.15912
0.976296
0.795863
0.617268
0.440012
0.263661
0.0878302
2.34634
2.27405
2.18481
2.04146
1.86994
1.68771
1.50308
1.31947
1.13802
0.958891
0.781822
0.606426
0.432295
0.259037
0.0862899
1.49265
2.05774
2.09286
1.9822
1.82408
1.6499
1.47123
1.2925
1.11532
0.940063
0.766624
0.594712
0.423975
0.254062
0.0846338
2.31966
2.20949
2.10216
1.95593
1.78938
1.61521
1.43941
1.26448
1.09129
0.919979
0.750375
0.582186
0.415086
0.248751
0.0828673
2.63471
2.3593
2.13847
1.94381
1.75999
1.58166
1.407
1.23526
1.06597
0.898721
0.733151
0.568911
0.405672
0.24313
0.0809981
2.99012
2.47123
2.15664
1.9242
1.72681
1.54557
1.37258
1.20436
1.03924
0.87631
0.715015
0.554947
0.395778
0.237227
0.0790359
2.96788
2.44131
2.11778
1.88028
1.68244
1.50377
1.33486
1.17132
1.01099
0.852778
0.69604
0.540368
0.385463
0.231077
0.0769924
2.5424
2.27042
2.01922
1.80886
1.62478
1.45519
1.29344
1.13606
0.981301
0.828235
0.676335
0.525268
0.374793
0.224721
0.0748813
2.32113
2.08513
1.89234
1.71922
1.55708
1.4012
1.24899
1.099
0.950452
0.8029
0.656067
0.509766
0.363853
0.218207
0.0727183
1.97177
1.86986
1.75184
1.62201
1.48504
1.34469
1.203
1.06095
0.918933
0.777084
0.635445
0.494006
0.352735
0.211589
0.0705209
1.69497
1.66583
1.61956
1.5298
1.41539
1.28911
1.1573
1.02291
0.887315
0.751142
0.614701
0.478142
0.341538
0.204922
0.0683071
1.05571
1.47373
1.51752
1.45477
1.35401
1.23738
1.1134
0.985734
0.856119
0.725407
0.594056
0.462322
0.330359
0.198261
0.0660943
1.59245
1.54155
1.4895
1.40619
1.3037
1.19079
1.07207
0.949937
0.825708
0.700139
0.573695
0.446677
0.319283
0.191655
0.0638984
1.78057
1.61021
1.48321
1.371
1.26065
1.14825
1.03313
0.915623
0.796252
0.675501
0.553755
0.431307
0.30838
0.185143
0.0617329
1.9643
1.6488
1.4667
1.33456
1.21907
1.10762
0.995879
0.882631
0.767783
0.651579
0.534322
0.416287
0.297704
0.178759
0.0596083
1.91518
1.59481
1.41554
1.28662
1.17471
1.06723
0.959701
0.850779
0.740285
0.628414
0.51545
0.401665
0.287291
0.172524
0.0575322
1.5684
1.44288
1.32947
1.22693
1.12731
1.0269
0.924516
0.820051
0.713774
0.606037
0.497173
0.38747
0.277163
0.166452
0.0555092
1.32773
1.2826
1.23591
1.16529
1.0805
0.987965
0.890803
0.790613
0.688308
0.58447
0.479505
0.373712
0.267329
0.16055
0.0535414
0.80309
1.12348
1.15901
1.11354
1.03912
0.952268
0.859221
0.762677
0.663941
0.563718
0.462436
0.360385
0.257785
0.154814
0.051628
1.17139
1.16223
1.13839
1.08198
1.00642
0.920898
0.830096
0.736298
0.640642
0.543733
0.445927
0.34746
0.248513
0.149236
0.0497664
1.29216
1.21122
1.14044
1.0638
0.980686
0.893224
0.803081
0.711242
0.618249
0.524406
0.429905
0.33489
0.239484
0.143801
0.0479519
1.38299
1.25323
1.14661
1.0502
0.958031
0.867443
0.777273
0.687024
0.596483
0.505569
0.414269
0.322615
0.230664
0.13849
0.0461787
1.43437
1.27925
1.14576
1.03374
0.93434
0.841406
0.751553
0.663046
0.575015
0.487035
0.39891
0.31057
0.222015
0.133284
0.0444409
1.53529
1.29034
1.13004
1.00862
0.906222
0.813267
0.724933
0.638775
0.553552
0.468638
0.38373
0.298698
0.213504
0.128167
0.0427334
1.49062
1.24272
1.08742
0.970377
0.87161
0.781961
0.69684
0.613896
0.531915
0.450275
0.36867
0.286962
0.20511
0.123126
0.0410525
1.24036
1.13088
1.01831
0.919538
0.830732
0.747552
0.667276
0.58839
0.510083
0.431928
0.353714
0.275353
0.196827
0.118159
0.0393969
1.11534
1.02128
0.939684
0.861872
0.786006
0.711168
0.636788
0.562529
0.48819
0.413661
0.338894
0.263885
0.18866
0.113267
0.0377675
0.931195
0.903125
0.85851
0.802942
0.740623
0.674502
0.606257
0.536768
0.466475
0.395602
0.324278
0.252594
0.180628
0.10846
0.036167
0.794349
0.796536
0.785019
0.748802
0.697942
0.639347
0.576631
0.511612
0.445209
0.377898
0.309947
0.241526
0.172758
0.10375
0.034599
0.493719
0.699556
0.728747
0.704931
0.660699
0.607093
0.548644
0.487465
0.424621
0.360683
0.295981
0.230727
0.165075
0.099151
0.0330678
0.735919
0.725327
0.709344
0.675345
0.630036
0.578244
0.522593
0.46452
0.404841
0.344043
0.282435
0.220233
0.157601
0.0946749
0.0315771
0.822249
0.754935
0.702515
0.65372
0.603952
0.552119
0.498267
0.442739
0.385888
0.32801
0.26934
0.210067
0.150352
0.0903303
0.0301297
0.912015
0.774293
0.693244
0.632881
0.579379
0.527443
0.47515
0.421925
0.367698
0.312572
0.256701
0.200241
0.143336
0.0861226
0.0287275
0.897061
0.754397
0.669693
0.607391
0.553797
0.503064
0.452728
0.401858
0.350182
0.2977
0.244512
0.190753
0.136556
0.0820539
0.0273711
0.760054
0.694359
0.630677
0.575966
0.526307
0.47846
0.430727
0.382403
0.333278
0.283364
0.232761
0.181599
0.130011
0.0781237
0.0260605
0.69023
0.633029
0.585523
0.54114
0.497632
0.453827
0.409187
0.363558
0.316975
0.269555
0.22144
0.172774
0.123695
0.0743289
0.0247947
0.58471
0.565067
0.538294
0.505811
0.46923
0.429821
0.388383
0.34543
0.301309
0.256279
0.210542
0.164268
0.117601
0.0706643
0.0235717
0.502216
0.50215
0.495124
0.473447
0.442865
0.407268
0.36868
0.328166
0.28633
0.243543
0.20006
0.156069
0.111716
0.0671217
0.0223888
0.314568
0.444177
0.462203
0.447386
0.42006
0.38684
0.350361
0.311877
0.272067
0.231343
0.189975
0.148154
0.106023
0.0636891
0.0212418
0.473874
0.463787
0.452161
0.430135
0.401431
0.368727
0.333486
0.296562
0.258495
0.219641
0.180247
0.14049
0.100494
0.0603493
0.0201248
0.530935
0.484569
0.449416
0.417643
0.38567
0.352431
0.317831
0.2821
0.245526
0.208366
0.170817
0.133026
0.0950916
0.0570795
0.01903
0.590208
0.497671
0.44441
0.405409
0.370873
0.33714
0.303017
0.26828
0.233024
0.197413
0.161601
0.125696
0.0897684
0.05385
0.0179475
0.578759
0.483608
0.4296
0.390193
0.355603
0.322174
0.288688
0.254883
0.220827
0.186656
0.152494
0.118418
0.0844637
0.0506241
0.016865
0.482498
0.441088
0.404757
0.371749
0.339603
0.307302
0.274634
0.241723
0.208771
0.175949
0.143373
0.111093
0.0791046
0.0473572
0.0157674
0.412152
0.395147
0.377715
0.352838
0.323791
0.292735
0.260804
0.228655
0.196686
0.165128
0.134093
0.103602
0.0736041
0.0439961
0.0146368
0.253058
0.349629
0.355933
0.336955
0.309459
0.278826
0.247179
0.215523
0.184379
0.154002
0.124485
0.0958057
0.0678591
0.0404777
0.013452
0.378437
0.366901
0.35179
0.327124
0.297392
0.265673
0.233612
0.202098
0.171602
0.142337
0.114343
0.0875388
0.061748
0.0367278
0.0121881
0.42205
0.386771
0.354368
0.320951
0.2868
0.252812
0.219718
0.188028
0.158034
0.129847
0.103425
0.0786064
0.055129
0.0326601
0.0108161
0.46097
0.404768
0.357742
0.31544
0.276196
0.239388
0.204906
0.172841
0.143274
0.11619
0.0914453
0.0687812
0.0478368
0.0281745
0.0093024
0.482931
0.416528
0.357935
0.307957
0.264006
0.224413
0.188474
0.155981
0.126855
0.100967
0.0780711
0.057801
0.0396819
0.0231562
0.0076087
0.525523
0.423003
0.352255
0.296435
0.248892
0.206966
0.169711
0.136849
0.108254
0.0837255
0.0629243
0.0453666
0.0304482
0.0174749
0.0056914
0.513068
0.407553
0.336335
0.279305
0.229975
0.186342
0.147959
0.114821
0.0868943
0.0639567
0.0455763
0.0311392
0.0198919
0.0109838
0.0035015
0.430343
0.368425
0.310691
0.256965
0.207191
0.162131
0.122627
0.0892424
0.0621376
0.0410845
0.0255415
0.0147366
0.00773944
0.00351897
0.000984503
0.368216
0.326519
0.282393
0.232031
0.181224
0.134119
0.0931043
0.0593703
0.0332463
0.0144474
0.00226807
-0.00427029
-0.00631314
-0.00510011
-0.00191945
0.226345
0.286442
0.258531
0.207549
0.152782
0.101934
0.0585845
0.0242802
-0.000664004
-0.0167247
-0.0248708
-0.026359
-0.0225986
-0.0150691
-0.00527482
0.357185
0.307599
0.250781
0.185842
0.121713
0.0646008
0.0178405
-0.0172442
-0.0406762
-0.0533313
-0.0565814
-0.0520524
-0.0414736
-0.0265945
-0.0091491
0.411963
0.333902
0.248765
0.163722
0.0858699
0.0201379
-0.0309541
-0.0667963
-0.0881058
-0.0964076
-0.0936424
-0.0819073
-0.0633073
-0.0398857
-0.0136101
0.486543
0.36525
0.246782
0.136764
0.0417159
-0.0344276
-0.0902799
-0.126376
-0.144503
-0.147108
-0.136881
-0.11649
-0.0884616
-0.055143
-0.0187217
0.543386
0.394774
0.239036
0.0995603
-0.0154582
-0.103016
-0.163263
-0.19837
-0.211613
-0.206661
-0.187126
-0.156336
-0.117262
-0.0725393
-0.0245378
0.680417
0.429384
0.220111
0.0455161
-0.0915992
-0.190503
-0.253639
-0.28548
-0.291292
-0.27628
-0.245136
-0.201896
-0.149959
-0.0921964
-0.0310946
0.728566
0.43513
0.177227
-0.0344192
-0.194182
-0.302764
-0.365681
-0.390595
-0.385366
-0.357041
-0.311496
-0.253455
-0.186673
-0.114157
-0.0384013
0.784147
0.416336
0.102345
-0.150257
-0.332227
-0.44668
-0.504051
-0.516571
-0.495412
-0.4497
-0.386482
-0.311046
-0.22734
-0.138351
-0.0464299
0.751292
0.360284
-0.015049
-0.315009
-0.517084
-0.630191
-0.673506
-0.665863
-0.622436
-0.554455
-0.4699
-0.37434
-0.271649
-0.164564
-0.0551046
0.600465
0.293474
-0.184693
-0.5476
-0.763655
-0.862138
-0.878296
-0.839936
-0.766439
-0.670654
-0.560909
-0.442546
-0.318979
-0.192408
-0.064294
1.49687
0.345643
-0.434301
-0.882017
-1.09181
-1.15124
-1.12091
-1.03835
-0.925849
-0.796481
-0.657847
-0.514323
-0.368368
-0.221307
-0.0738062
1.95188
0.140093
-0.914557
-1.38146
-1.52428
-1.50267
-1.39978
-1.2575
-1.09691
-0.92868
-0.758128
-0.587747
-0.418497
-0.250494
-0.0833902
3.0562
-0.591109
-1.80292
-2.10571
-2.07081
-1.9105
-1.70599
-1.48932
-1.27322
-1.06243
-0.858239
-0.660345
-0.467732
-0.27904
-0.0927449
-0.0236425
-3.01346
-3.32258
-3.06424
-2.70427
-2.34898
-2.02061
-1.72071
-1.44579
-1.19156
-0.953925
-0.729235
-0.514218
-0.305905
-0.101535
-12.0218
-7.29737
-5.23629
-4.0932
-3.33435
-2.76869
-2.31545
-1.9347
-1.60394
-1.30909
-1.04057
-0.79137
-0.55602
-0.330016
-0.109416
0.14807
0.445864
0.748737
1.06045
1.38543
1.72922
2.09933
2.50657
2.96781
3.51146
4.18975
5.10872
6.51197
9.04191
14.6526
0.147632
0.444783
0.747728
1.06079
1.38907
1.73902
2.11927
2.54209
3.02583
3.59931
4.30946
5.23389
6.49592
8.24338
10.3393
0.1453
0.437888
0.73657
1.04585
1.37098
1.71844
2.09659
2.51667
2.99417
3.55058
4.21472
5.0209
5.99428
7.09489
8.05012
0.140974
0.424882
0.714776
1.01501
1.33051
1.66712
2.03196
2.43386
2.88369
3.39414
3.97773
4.64053
5.3671
6.0914
6.65214
0.134682
0.40587
0.682607
0.968835
1.26886
1.58752
1.93026
2.30318
2.7127
3.1645
3.66088
4.19521
4.74301
5.25229
5.63959
0.126554
0.381282
0.640903
0.908802
1.18852
1.48377
1.79838
2.13601
2.49967
2.89049
3.30564
3.73478
4.15587
4.53359
4.82358
0.1168
0.351773
0.590879
0.836887
1.09256
1.3606
1.64342
1.94291
2.25977
2.5927
2.9369
3.28224
3.61171
3.90213
4.12842
0.105663
0.318112
0.533913
0.755245
0.984172
1.22253
1.47171
1.73238
2.00397
2.28408
2.56766
2.84613
3.1071
3.33537
3.51596
0.0933996
0.281082
0.471386
0.665961
0.866282
1.07353
1.28838
1.51079
1.73958
1.9721
2.2038
2.42792
2.63559
2.81681
2.96224
0.0802476
0.241414
0.40456
0.570889
0.741414
0.916835
1.09739
1.28266
1.47131
1.66086
1.84756
2.02625
2.19069
2.33421
2.45089
0.0664203
0.199753
0.334526
0.471587
0.611601
0.754948
0.901616
1.05105
1.20199
1.35236
1.49922
1.63878
1.76668
1.87848
1.97034
0.052099
0.156641
0.262186
0.369305
0.478413
0.589695
0.70302
0.81785
0.93314
1.04728
1.15809
1.26288
1.3587
1.44261
1.51213
0.0374329
0.112524
0.188266
0.265017
0.343023
0.422357
0.502869
0.584125
0.665356
0.745425
0.822843
0.895839
0.962495
1.02096
1.0697
0.0225429
0.0677553
0.113332
0.159469
0.20629
0.253818
0.301943
0.350387
0.398682
0.446157
0.491949
0.535048
0.57438
0.608923
0.637846
-32278.2
-32234.6
-32191.1
-32147.7
-32104.4
-32061.2
-32018.1
-31975.3
-31932.8
-31890.4
-31848.4
-31806.8
-31765.5
-31724.6
-31684.1
18.9807
-9.53306
27.9808
-0.0693936
27.8204
5.35956
-17.2355
11.5131
-17.4017
27.2671
-2.07734
27.3754
2.14998
25.7629
6.04312
-13.5734
10.9214
-13.626
23.4944
-0.645233
22.892
4.35594
-13.7351
7.62145
-14.5061
10.4925
-14.2895
22.5348
-1.16449
21.4971
3.56709
-13.8235
6.45057
-14.6898
8.90239
-14.7469
20.1101
-2.5749
18.9284
1.61156
-15.3128
4.13004
-16.7597
6.481
-17.4547
18.2826
-5.51821
17.5405
-2.88537
15.5952
-0.578513
-16.8296
2.66603
-17.9968
12.701
-8.10465
11.8696
-4.69437
-21.2618
-2.44805
-23.4873
-0.0483333
-24.6337
12.1015
-12.4097
11.534
-7.96256
-27.5257
-4.82381
-29.8787
-1.36573
-30.851
13.9939
-15.5282
14.0707
-9.42625
-33.0386
-4.76313
-35.1057
0.414432
-35.241
20.0742
-15.3887
21.1232
-6.62856
-34.1861
1.12139
-33.1835
13.6598
-20.6788
10.4044
6.10076
11.7017
8.37255
11.3542
5.56563
-0.0857629
3.49059
1.11713
9.39511
7.34242
12.0543
8.86208
11.1539
5.91033
0.82109
3.65951
1.38006
7.93441
5.72239
8.48875
3.73192
-1.14159
0.874016
-2.02072
1.86299
-0.00281449
6.72219
4.67377
7.38367
2.80629
-1.90094
-0.0409256
-2.86925
0.724888
-1.14168
5.14526
3.08818
5.56232
1.05958
-3.57554
-1.8718
-4.70688
-1.16227
-2.97901
3.63394
1.83385
5.34748
2.53777
4.06602
-0.459144
-4.88613
-2.90976
-5.11488
0.0376524
-2.18268
-0.149253
-4.68437
-9.36326
-7.89829
-10.9166
-7.50513
-9.57664
-3.05667
-5.38559
-2.70725
-7.86499
-13.2109
-11.2282
-14.6145
-10.2489
-12.4929
-4.31123
-6.85884
-3.27602
-9.26094
-15.4611
-12.6512
-16.4143
-10.6293
-12.95
-2.49757
-5.12235
-0.25125
-6.91034
-13.7376
-9.61519
-13.3697
-6.10965
-11.1412
8.10947
7.47057
8.28073
7.72553
7.51578
5.57276
3.77469
4.03425
4.29644
6.39764
7.01962
8.11317
7.67546
7.39426
5.5535
3.79807
3.76559
3.66366
4.99611
4.91938
4.91704
3.27411
1.52987
1.1957
0.701887
1.5111
1.91133
3.54169
3.65835
3.76233
2.23085
0.563198
0.217251
-0.298562
0.409408
0.721021
2.19455
2.22502
2.24183
0.697025
-0.967473
-1.3388
-1.84188
-1.08606
-0.643006
1.09943
1.53346
2.25957
1.71367
1.25334
-0.481635
-2.16408
-2.46456
-2.82841
-2.00894
-2.38639
-2.70954
-4.46752
-6.31209
-6.89267
-7.60509
-7.06637
-6.89129
-5.47232
-5.57183
-5.66431
-7.49633
-9.44896
-9.9013
-10.5126
-9.61397
-9.14771
-7.16569
-7.01695
-6.84475
-8.78537
-10.8575
-11.074
-11.4715
-10.0006
-9.05191
-6.23764
-5.64958
-5.02175
-6.94944
-9.0564
-9.00853
-9.4166
-8.17887
-8.80391
6.81332
6.75512
6.82726
6.58252
6.17471
5.37263
4.67375
4.57564
4.82923
5.53181
6.01943
6.37867
6.26514
5.88199
5.07547
4.29571
3.97336
3.88349
4.08874
4.01096
3.7095
2.96389
2.17252
1.74897
1.54979
1.74982
2.05574
2.54257
2.66281
2.49763
1.85308
1.12559
0.721537
0.511305
0.666128
0.911944
1.32324
1.38287
1.17139
0.508126
-0.220382
-0.614894
-0.788625
-0.558389
-0.177124
0.450041
0.813425
1.00435
0.767287
0.277036
-0.578915
-1.43129
-1.92734
-2.24528
-2.33123
-2.66769
-3.20306
-4.12541
-5.08056
-5.69672
-6.0948
-6.10356
-5.99681
-5.70103
-5.76787
-6.11615
-6.95371
-7.84729
-8.34518
-8.58513
-8.35625
-7.98506
-7.38013
-7.2088
-7.37096
-8.1203
-8.9263
-9.23593
-9.21948
-8.61964
-7.84037
-6.772
-6.23413
-6.11237
-6.73045
-7.47813
-7.74528
-7.83331
-7.56561
-7.51008
5.81251
5.85251
5.83054
5.67474
5.40175
5.02426
4.7081
4.61105
4.71591
4.97594
5.20453
5.32534
5.24343
4.97973
4.55927
4.13506
3.84676
3.67871
3.5893
3.42499
3.14186
2.71993
2.28585
1.97945
1.82317
1.83638
1.9399
2.07167
2.07859
1.92353
1.59505
1.22254
0.946979
0.795727
0.792032
0.864786
0.958578
0.931405
0.751783
0.413449
0.0459949
-0.208703
-0.316905
-0.24805
-0.0651832
0.180666
0.341925
0.365668
0.185763
-0.17238
-0.6811
-1.21141
-1.64643
-1.99604
-2.29261
-2.66232
-3.13909
-3.73587
-4.33699
-4.81466
-5.14498
-5.30701
-5.37443
-5.40741
-5.55849
-5.86325
-6.33026
-6.81527
-7.16039
-7.33261
-7.30337
-7.15892
-6.97008
-6.92028
-7.05149
-7.37353
-7.70971
-7.86734
-7.80741
-7.49699
-7.04504
-6.54235
-6.21939
-6.1375
-6.32473
-6.59175
-6.73984
-6.76207
-6.64649
-6.48938
4.97801
5.03654
5.02383
4.93286
4.77634
4.58454
4.42379
4.35251
4.37585
4.46202
4.54142
4.56048
4.47998
4.29967
4.04485
3.77511
3.54338
3.35703
3.19408
3.00647
2.77045
2.48983
2.21169
1.99018
1.8489
1.78936
1.77991
1.77708
1.72419
1.59582
1.39714
1.17667
0.990305
0.864645
0.804904
0.784474
0.76531
0.696769
0.558143
0.358225
0.147648
-0.0157016
-0.102234
-0.103863
-0.0457741
0.0313701
0.0668302
0.0187056
-0.140523
-0.406266
-0.753403
-1.12984
-1.48955
-1.82411
-2.14956
-2.50358
-2.903
-3.34068
-3.77172
-4.14521
-4.43784
-4.64695
-4.80182
-4.94386
-5.12789
-5.37667
-5.68084
-5.98453
-6.22436
-6.36995
-6.41607
-6.39632
-6.35942
-6.37064
-6.45676
-6.60586
-6.74969
-6.81144
-6.75544
-6.57754
-6.32211
-6.05321
-5.85684
-5.77445
-5.80347
-5.87607
-5.91519
-5.88894
-5.78689
-5.62172
4.26062
4.32237
4.32899
4.28452
4.20086
4.09923
4.00974
3.95675
3.94435
3.95685
3.96417
3.93796
3.85922
3.72582
3.55087
3.35932
3.17354
3.00055
2.83326
2.65653
2.46214
2.25504
2.05486
1.88427
1.75585
1.66915
1.60931
1.55353
1.47744
1.36834
1.22958
1.0807
0.945257
0.837724
0.760287
0.701489
0.64231
0.562237
0.451975
0.317587
0.18057
0.0660055
-0.0104384
-0.046232
-0.0543045
-0.0583569
-0.0883157
-0.168661
-0.313803
-0.523283
-0.783821
-1.07261
-1.36911
-1.66548
-1.96555
-2.27965
-2.61194
-2.95518
-3.28939
-3.59228
-3.85098
-4.065
-4.24761
-4.41981
-4.60397
-4.81025
-5.03201
-5.24564
-5.42388
-5.55035
-5.62344
-5.65822
-5.67925
-5.71293
-5.77111
-5.84551
-5.9076
-5.92485
-5.87872
-5.76941
-5.61829
-5.45932
-5.32983
-5.25062
-5.21911
-5.20828
-5.18437
-5.12476
-5.01805
-4.86162
3.62823
3.68839
3.70859
3.69358
3.65222
3.59745
3.54418
3.50364
3.47809
3.46026
3.43635
3.39223
3.31835
3.21296
3.082
2.93641
2.78647
2.63706
2.48726
2.3332
2.17335
2.01148
1.85662
1.71879
1.60392
1.51142
1.434
1.36039
1.27934
1.18467
1.07768
0.966429
0.861056
0.768488
0.689837
0.620045
0.550362
0.472109
0.381447
0.281591
0.181983
0.0936093
0.0235894
-0.0277737
-0.0678948
-0.11007
-0.170217
-0.262064
-0.39382
-0.566189
-0.773002
-1.00375
-1.24833
-1.50104
-1.76088
-2.02907
-2.30473
-2.58232
-2.85183
-3.10265
-3.32818
-3.52801
-3.70814
-3.87831
-4.048
-4.22135
-4.39471
-4.5576
-4.69784
-4.80751
-4.88589
-4.93984
-4.98078
-5.01991
-5.06206
-5.1029
-5.13006
-5.12954
-5.09302
-5.02149
-4.92582
-4.82301
-4.73043
-4.65812
-4.60497
-4.55925
-4.50491
-4.42836
-4.32076
-4.17773
3.05696
3.11281
3.13979
3.1415
3.12388
3.09454
3.06137
3.03002
3.00185
2.97358
2.93877
2.89053
2.82403
2.73814
2.63544
2.52098
2.39988
2.27541
2.14863
2.01948
1.88872
1.75907
1.6351
1.5215
1.42101
1.3332
1.25444
1.17919
1.10205
1.01991
0.93308
0.844838
0.759532
0.680305
0.607704
0.5395
0.471791
0.400856
0.325134
0.246182
0.168128
0.0956524
0.0315861
-0.0247024
-0.0777548
-0.135158
-0.205749
-0.297306
-0.414696
-0.558875
-0.727131
-0.914399
-1.11531
-1.32584
-1.54369
-1.76729
-1.99433
-2.2207
-2.44081
-2.64914
-2.84208
-3.01912
-3.18276
-3.33726
-3.48657
-3.63225
-3.77235
-3.90202
-4.01571
-4.10965
-4.18344
-4.24015
-4.2849
-4.3225
-4.35489
-4.37999
-4.39239
-4.38612
-4.35778
-4.30841
-4.24367
-4.17206
-4.10192
-4.03812
-3.9802
-3.92267
-3.85744
-3.77667
-3.67447
-3.54735
2.52962
2.57919
2.60773
2.6177
2.61283
2.59761
2.57641
2.55232
2.52625
2.49683
2.46107
2.41566
2.35821
2.28805
2.20639
2.11568
2.0187
1.91765
1.81397
1.70868
1.60305
1.49906
1.39923
1.30591
1.22042
1.14252
1.07038
1.00127
0.932509
0.862464
0.791053
0.71955
0.649775
0.583092
0.519742
0.458738
0.398353
0.336974
0.273942
0.209937
0.14668
0.0860114
0.0287909
-0.0258997
-0.0809729
-0.140894
-0.210735
-0.295007
-0.396666
-0.516576
-0.653583
-0.805126
-0.96815
-1.13986
-1.31794
-1.50034
-1.68465
-1.86787
-2.04658
-2.21758
-2.37871
-2.52937
-2.67041
-2.80352
-2.93025
-3.05107
-3.16488
-3.26938
-3.36193
-3.44073
-3.50552
-3.55762
-3.59927
-3.63254
-3.65821
-3.67533
-3.68157
-3.67448
-3.65281
-3.61745
-3.57141
-3.51899
-3.46429
-3.40967
-3.35489
-3.2972
-3.23234
-3.15584
-3.06403
-2.95458
2.03399
2.07589
2.10249
2.11533
2.11673
2.10935
2.09569
2.07754
2.05557
2.02929
1.99735
1.95822
1.91075
1.85461
1.79043
1.71952
1.64346
1.56377
1.48172
1.39843
1.31511
1.23316
1.15406
1.07911
1.009
0.943619
0.882054
0.822939
0.764913
0.70708
0.649253
0.591873
0.53566
0.481174
0.428497
0.377178
0.326444
0.275573
0.224251
0.17272
0.121609
0.0715084
0.0224548
-0.0264461
-0.077112
-0.132247
-0.194842
-0.267571
-0.352254
-0.449558
-0.559001
-0.679223
-0.808393
-0.94458
-1.08591
-1.23052
-1.37643
-1.52146
-1.66336
-1.80012
-1.93034
-2.05339
-2.16939
-2.27888
-2.38237
-2.47988
-2.57076
-2.65386
-2.72788
-2.79192
-2.8458
-2.89005
-2.92564
-2.95344
-2.97378
-2.98625
-2.9899
-2.98376
-2.96751
-2.9418
-2.90829
-2.86917
-2.8265
-2.7814
-2.73373
-2.68202
-2.62396
-2.557
-2.47896
-2.38837
1.56123
1.59455
1.61695
1.62937
1.63321
1.63004
1.62133
1.60816
1.59101
1.56978
1.54391
1.51271
1.47566
1.43267
1.38408
1.33066
1.27336
1.2132
1.15116
1.08815
1.02513
0.96305
0.902847
0.845266
0.79071
0.739144
0.690128
0.642973
0.596974
0.551628
0.506754
0.462465
0.419015
0.376611
0.335261
0.294746
0.254707
0.214801
0.174851
0.134892
0.0950841
0.0555051
0.0159119
-0.0244328
-0.0667931
-0.112828
-0.164326
-0.222884
-0.289622
-0.36501
-0.448847
-0.540376
-0.638475
-0.741836
-0.849078
-0.958767
-1.06941
-1.17947
-1.28745
-1.39202
-1.49222
-1.58748
-1.67766
-1.76281
-1.84301
-1.91813
-1.98777
-2.05131
-2.1081
-2.15766
-2.19985
-2.23488
-2.26314
-2.285
-2.3006
-2.30979
-2.31221
-2.30753
-2.29574
-2.27731
-2.25315
-2.2244
-2.19209
-2.15678
-2.11833
-2.07593
-2.02833
-1.97407
-1.91189
-1.84092
1.10457
1.1287
1.14548
1.15548
1.15948
1.15841
1.15309
1.14418
1.13201
1.11661
1.09778
1.07524
1.04878
1.0184
0.984323
0.946987
0.906982
0.864959
0.821582
0.777507
0.733383
0.689842
0.647456
0.606665
0.567712
0.530604
0.495132
0.460956
0.427711
0.39512
0.363044
0.331483
0.300508
0.270181
0.240482
0.211299
0.182456
0.153781
0.125162
0.096558
0.0679531
0.0392578
0.0101989
-0.019757
-0.051411
-0.0857578
-0.123846
-0.166609
-0.214714
-0.268462
-0.32777
-0.392211
-0.46111
-0.533627
-0.608832
-0.685738
-0.763326
-0.840573
-0.916505
-0.990275
-1.06123
-1.12895
-1.1932
-1.2539
-1.31097
-1.36428
-1.41356
-1.45849
-1.49871
-1.53398
-1.56419
-1.58941
-1.6098
-1.62551
-1.6366
-1.64303
-1.64468
-1.64147
-1.63348
-1.621
-1.60454
-1.58469
-1.56195
-1.53659
-1.50852
-1.47729
-1.4422
-1.40248
-1.3574
-1.3065
0.658717
0.673314
0.683669
0.690072
0.692934
0.692721
0.689871
0.684726
0.677484
0.6682
0.656816
0.643234
0.627385
0.609287
0.589072
0.566978
0.543327
0.518483
0.492827
0.466745
0.440613
0.414788
0.389583
0.365236
0.341879
0.319529
0.298096
0.277424
0.25734
0.237703
0.21843
0.199498
0.180918
0.162698
0.144819
0.127225
0.109833
0.092558
0.0753341
0.0581144
0.0408481
0.023437
0.00568777
-0.0127187
-0.0322269
-0.053369
-0.0766966
-0.102699
-0.131729
-0.163953
-0.199337
-0.237661
-0.27856
-0.321568
-0.366151
-0.411737
-0.457736
-0.503565
-0.548671
-0.592576
-0.6349
-0.675375
-0.713836
-0.750183
-0.784334
-0.816187
-0.845599
-0.872399
-0.896417
-0.917527
-0.935671
-0.950862
-0.963157
-0.972614
-0.979266
-0.983102
-0.984093
-0.982236
-0.977602
-0.970356
-0.960748
-0.949061
-0.935528
-0.920261
-0.903205
-0.884137
-0.862713
-0.838541
-0.811268
-0.780658
-31647.3
-31614.3
-31581.5
-31549.1
-31517
-31485.2
-31453.7
-31422.6
-31391.8
-31361.4
-31331.2
-31301.4
-31271.8
-31242.6
-31213.7
-31185
-31156.6
-31128.5
-31100.6
-31073
-31045.5
-31018.3
-30991.3
-30964.5
-30937.9
-30911.4
-30885.1
-30859
-30833
-30807.1
-30781.3
-30755.7
-30730.1
-30704.6
-30679.3
-30654
-30628.7
-30603.5
-30578.4
-30553.3
-30528.3
-30503.3
-30478.3
-30453.3
-30428.3
-30403.3
-30378.3
-30353.3
-30328.2
-30303
-30277.8
-30252.5
-30227.1
-30201.6
-30176
-30150.1
-30124.1
-30097.9
-30071.4
-30044.7
-30017.8
-29990.5
-29962.9
-29935
-29906.8
-29878.2
-29849.2
-29819.8
-29790
-29759.8
-29729.2
-29698.2
-29666.7
-29634.8
-29602.4
-29569.6
-29536.3
-29502.5
-29468.3
-29433.7
-29398.6
-29363
-29327.1
-29290.6
-29253.8
-29216.5
-29178.9
-29140.8
-29102.3
-29063.5
-16.1522
-9.48295
-6.49981
-4.8817
-3.85773
-3.13271
-2.57721
-2.12712
-1.74711
-1.41585
-1.11937
-0.847877
-0.594021
-0.351923
-0.116574
-11.1756
-8.71786
-6.6658
-5.20179
-4.15372
-3.37308
-2.7651
-2.27205
-1.85809
-1.50003
-1.18214
-0.893158
-0.62457
-0.369562
-0.122341
-8.69416
-7.54685
-6.24349
-5.10577
-4.1822
-3.4407
-2.83799
-2.33783
-1.91309
-1.54398
-1.21595
-0.918001
-0.641507
-0.379396
-0.125564
-7.24005
-6.53165
-5.65536
-4.79547
-4.02852
-3.36945
-2.80828
-2.32813
-1.91239
-1.5468
-1.21963
-0.921349
-0.644032
-0.380934
-0.126078
-6.19947
-5.68413
-5.05069
-4.39215
-3.76689
-3.20026
-2.69747
-2.25396
-1.86149
-1.51112
-1.19439
-0.903694
-0.63231
-0.374213
-0.123886
-5.3578
-4.95459
-4.47103
-3.95548
-3.44656
-2.96718
-2.52732
-2.12867
-1.76844
-1.44176
-1.14305
-0.866693
-0.607279
-0.359708
-0.119132
-4.63131
-4.30534
-3.92329
-3.51212
-3.09664
-2.69453
-2.31589
-1.96491
-1.64178
-1.34438
-1.06934
-0.812714
-0.570382
-0.338196
-0.112062
-3.9795
-3.71212
-3.40463
-3.07301
-2.73328
-2.39833
-2.07676
-1.77323
-1.48934
-1.22459
-0.977159
-0.744415
-0.523318
-0.310618
-0.102977
-3.37876
-3.15896
-2.91005
-2.64193
-2.3651
-2.0887
-1.81953
-1.56184
-1.3177
-1.08746
-0.870259
-0.664443
-0.467838
-0.277971
-0.0921991
-2.81384
-2.63484
-2.43463
-2.2195
-1.99641
-1.77179
-1.55076
-1.33687
-1.13212
-0.937237
-0.751946
-0.575237
-0.405604
-0.241216
-0.0800441
-2.27435
-2.13189
-1.97407
-1.80496
-1.6292
-1.45124
-1.27482
-1.10271
-0.936634
-0.7774
-0.625027
-0.478937
-0.338113
-0.201238
-0.0668039
-1.75287
-1.64423
-1.52475
-1.39704
-1.26416
-1.12911
-0.994539
-0.862476
-0.734287
-0.610683
-0.491811
-0.377359
-0.266665
-0.158818
-0.0527395
-1.24393
-1.16737
-1.08361
-0.994254
-0.90123
-0.806472
-0.711716
-0.618347
-0.527331
-0.439214
-0.35416
-0.272012
-0.192363
-0.114622
-0.038073
-0.743237
-0.697695
-0.648023
-0.59511
-0.540012
-0.48381
-0.427488
-0.371847
-0.317462
-0.264671
-0.213592
-0.164157
-0.116147
-0.0692297
-0.0229987
-29020.4
-28972.8
-28924.8
-28876.4
-28827.6
-28778.4
-28728.8
-28679
-28629
-28578.7
-28528.3
-28477.7
-28427
-28376.2
-28325.4
)
;

boundaryField
{
    hot
    {
        type            calculated;
        value           nonuniform List<scalar> 
120
(
32275.9
-0.0201247
-0.0334529
-0.0466279
-0.0595574
-0.0721211
-0.0841527
-0.0954461
-0.105755
-0.114801
-0.122293
-0.127952
-0.131557
-0.132976
-0.132205
-0.129762
-0.12614
-0.121456
-0.115943
-0.109839
-0.103371
-0.0967396
-0.0901089
-0.0836053
-0.0773188
-0.0713083
-0.0656077
-0.060232
-0.0551828
-0.0504522
-0.0460258
-0.0418851
-0.0380094
-0.0343764
-0.0309635
-0.0277486
-0.0247099
-0.0218263
-0.0190778
-0.0164453
-0.0139106
-0.011457
-0.009069
-0.00673266
-0.00443545
-0.00216623
8.49486e-05
0.00232706
0.00456825
0.00681608
0.00907755
0.0113592
0.013667
0.0160062
0.0183814
0.0207962
0.0232537
0.025756
0.0283051
0.0309025
0.0335497
0.0362477
0.0389968
0.0417964
0.0446446
0.0475381
0.0504723
0.0534418
0.0564407
0.0594627
0.062501
0.0655482
0.0685953
0.0716317
0.0746449
0.0776208
0.080545
0.0834031
0.0861817
0.0888692
0.0914547
0.0939289
0.096283
0.09851
0.100605
0.102569
0.104407
0.106135
0.107777
0.109367
0.110946
0.112563
0.114271
0.116125
0.118178
0.120476
0.123052
0.125917
0.129051
0.132397
0.135848
0.13925
0.142406
0.14509
0.14706
0.14807
0.147632
0.1453
0.140974
0.134682
0.126554
0.1168
0.105663
0.0933996
0.0802476
0.0664203
0.052099
0.0374329
0.0225429
-32278.2
)
;
    }
    cold
    {
        type            calculated;
        value           nonuniform List<scalar> 
120
(
28322.4
0.0210754
0.0349902
0.0486842
0.0620387
0.0749067
0.087109
0.0984348
0.108646
0.117492
0.124727
0.13015
0.133633
0.135153
0.134818
0.133143
0.130618
0.127432
0.123835
0.120062
0.116319
0.112766
0.109513
0.106621
0.104109
0.101963
0.100144
0.0986007
0.0972718
0.0960943
0.0950074
0.0939547
0.0928876
0.0917663
0.0905613
0.0892528
0.0878302
0.0862899
0.0846338
0.0828673
0.0809981
0.0790359
0.0769924
0.0748813
0.0727183
0.0705209
0.0683071
0.0660943
0.0638984
0.0617329
0.0596083
0.0575322
0.0555092
0.0535414
0.051628
0.0497664
0.0479519
0.0461787
0.0444409
0.0427334
0.0410525
0.0393969
0.0377675
0.036167
0.034599
0.0330678
0.0315771
0.0301297
0.0287275
0.0273711
0.0260605
0.0247947
0.0235717
0.0223888
0.0212418
0.0201248
0.01903
0.0179475
0.016865
0.0157674
0.0146368
0.013452
0.0121881
0.0108161
0.0093024
0.0076087
0.0056914
0.0035015
0.000984503
-0.00191945
-0.00527482
-0.0091491
-0.0136101
-0.0187217
-0.0245378
-0.0310946
-0.0384013
-0.0464299
-0.0551046
-0.064294
-0.0738062
-0.0833902
-0.0927449
-0.101535
-0.109416
-0.116574
-0.122341
-0.125564
-0.126078
-0.123886
-0.119132
-0.112062
-0.102977
-0.0921991
-0.0800441
-0.0668039
-0.0527395
-0.038073
-0.0229987
-28325.4
)
;
    }
    interface_left
    {
        type            calculated;
        value           nonuniform List<scalar> 
90
(
-12.0061
-2.72621
-0.305242
-1.00482
-1.08075
-0.904795
-1.53244
-1.76262
-2.02403
-1.99655
-1.66208
-1.48093
-1.19222
-0.993836
-0.590954
-0.823862
-0.888345
-0.92474
-0.872953
-0.668253
-0.541807
-0.30229
-0.391485
-0.402327
-0.373768
-0.352073
-0.315432
-0.271422
-0.163201
-0.10767
-0.0301663
0.0132933
0.0527904
0.134697
0.190907
0.297661
0.337573
0.361528
0.350209
0.263739
0.466592
0.571231
0.72966
0.835057
1.03865
1.07989
1.01026
0.920291
0.632702
1.04384
1.23555
1.49948
1.6722
2.00725
2.05188
1.86115
1.66703
1.1113
1.79267
2.09265
2.47946
2.72628
3.20192
3.23587
2.86856
2.53445
1.64225
2.59652
2.98771
3.44524
3.72293
4.24673
4.22278
3.61444
3.12477
1.92909
2.92294
3.25878
3.51683
3.62807
3.78152
3.55634
2.61764
2.0586
0.984869
0.732501
0.417611
-0.674734
1.69362
11.1824
)
;
    }
    interface_right
    {
        type            calculated;
        value           nonuniform List<scalar> 
90
(
10.947
1.05951
-1.37116
-0.0978118
0.134249
0.444351
1.39038
1.89248
2.75171
2.98859
2.95501
2.90537
2.74366
2.48206
1.65682
2.71547
3.15732
3.719
3.75439
3.31447
3.08029
2.68982
2.34634
1.49265
2.31966
2.63471
2.99012
2.96788
2.5424
2.32113
1.97177
1.69497
1.05571
1.59245
1.78057
1.9643
1.91518
1.5684
1.32773
0.80309
1.17139
1.29216
1.38299
1.43437
1.53529
1.49062
1.24036
1.11534
0.931195
0.794349
0.493719
0.735919
0.822249
0.912015
0.897061
0.760054
0.69023
0.58471
0.502216
0.314568
0.473874
0.530935
0.590208
0.578759
0.482498
0.412152
0.253058
0.378437
0.42205
0.46097
0.482931
0.525523
0.513068
0.430343
0.368216
0.226345
0.357185
0.411963
0.486543
0.543386
0.680417
0.728566
0.784147
0.751292
0.600465
1.49687
1.95188
3.0562
-0.0236425
-12.0218
)
;
    }
    interface_top
    {
        type            calculated;
        value           nonuniform List<scalar> 
90
(
26.0085
-23.5484
41.7327
-8.52275
41.3461
5.21615
-31.2934
19.6547
-33.2501
42.711
-11.2756
39.8656
-4.93245
37.5965
6.04195
-25.4925
18.0811
-26.6261
36.734
-7.25955
34.5731
4.70319
-24.1774
14.3237
-24.8961
18.6171
-26.8462
35.8672
-7.39271
32.8786
3.98109
-23.7429
12.8692
-24.5328
16.6074
-26.689
32.7519
-8.55857
29.7526
1.92824
-24.9972
10.2133
-26.6781
13.8816
-29.9691
30.8699
-12.7472
27.4862
-8.5568
24.9917
-0.679103
-26.6177
8.33637
-29.0191
23.621
-13.9999
21.7886
-4.63931
-30.9071
3.32127
-33.7
7.32592
-37.5693
25.1573
-19.396
23.3098
-7.93348
-39.0938
2.02416
-42.2444
7.47364
-46.5888
29.7901
-24.1104
28.4319
-9.4179
-47.2459
3.64953
-50.2784
11.3326
-54.4181
39.4623
-25.7076
38.6673
-6.43878
-51.0209
11.7637
-50.0266
31.2115
-28.6174
)
;
    }
    interface_bottom
    {
        type            calculated;
        value           nonuniform List<scalar> 
90
(
-27.3724
24.5514
-46.2471
-2.62356
40.8804
-20.4062
40.6178
-29.6581
42.2608
-58.8391
11.1473
-53.3809
2.76589
-49.5047
-10.7091
27.7647
-25.5756
28.6668
-47.8834
6.02896
-43.2035
0.443232
-39.6123
-9.29028
20.7387
-20.1518
21.7333
-36.4883
4.18696
-33.2
-5.70707
20.893
-13.8445
22.2631
-17.4911
24.4044
-32.7121
7.22456
-29.3486
-2.32313
24.0279
-10.3493
26.0494
-14.3449
29.0685
-31.0847
12.044
-27.4214
8.34685
-25.2296
0.474553
26.6603
-9.16417
28.76
-25.0158
13.1904
-23.3619
3.47758
30.253
-5.32944
32.5176
-10.3203
35.2132
-28.4613
16.1286
-26.3517
4.49345
35.0535
-5.89624
37.0619
-11.7429
39.6369
-32.24
17.8243
-29.8192
4.62759
38.6342
-7.01021
40.6176
-13.4274
43.3932
-36.1418
19.1741
-33.7236
4.25035
41.6967
-9.83857
42.034
-25.2783
25.6042
)
;
    }
    defaultFaces
    {
        type            empty;
    }
}


// ************************************************************************* //
