/*--------------------------------*- C++ -*----------------------------------*\
| =========                 |                                                 |
| \\      /  F ield         | OpenFOAM: The Open Source CFD Toolbox           |
|  \\    /   O peration     | Version:  5.x                                   |
|   \\  /    A nd           | Web:      www.OpenFOAM.org                      |
|    \\/     M anipulation  |                                                 |
\*---------------------------------------------------------------------------*/
FoamFile
{
    version     2.0;
    format      ascii;
    class       volScalarField;
    location    "2.7";
    object      T;
}
// * * * * * * * * * * * * * * * * * * * * * * * * * * * * * * * * * * * * * //

dimensions      [0 0 0 1 0 0 0];

internalField   nonuniform List<scalar> 
6300
(
322.759
322.276
321.794
321.313
320.832
320.353
319.875
319.399
318.926
318.454
317.985
317.519
317.056
316.596
316.14
322.759
322.276
321.793
321.312
320.831
320.352
319.874
319.397
318.923
318.451
317.982
317.516
317.053
316.593
316.136
322.758
322.275
321.792
321.31
320.829
320.349
319.87
319.393
318.919
318.446
317.977
317.51
317.046
316.586
316.129
322.758
322.274
321.79
321.307
320.825
320.344
319.865
319.387
318.912
318.438
317.968
317.5
317.036
316.575
316.118
322.757
322.272
321.787
321.303
320.82
320.338
319.858
319.379
318.902
318.428
317.956
317.488
317.023
316.561
316.103
322.757
322.27
321.784
321.299
320.814
320.331
319.849
319.369
318.89
318.415
317.942
317.472
317.006
316.543
316.085
322.756
322.268
321.78
321.293
320.807
320.322
319.838
319.356
318.876
318.399
317.924
317.453
316.985
316.522
316.062
322.755
322.265
321.776
321.287
320.798
320.311
319.826
319.342
318.86
318.38
317.903
317.43
316.961
316.496
316.035
322.754
322.262
321.771
321.279
320.789
320.3
319.812
319.325
318.84
318.358
317.879
317.404
316.932
316.465
316.004
322.753
322.259
321.765
321.271
320.779
320.287
319.796
319.307
318.819
318.334
317.851
317.373
316.899
316.43
315.968
322.752
322.255
321.759
321.263
320.767
320.273
319.779
319.286
318.795
318.306
317.82
317.337
316.859
316.388
315.925
322.75
322.251
321.753
321.254
320.756
320.258
319.761
319.264
318.769
318.276
317.785
317.297
316.814
316.339
315.873
322.749
322.247
321.746
321.244
320.743
320.242
319.742
319.241
318.742
318.243
317.746
317.252
316.761
316.279
315.81
322.748
322.243
321.739
321.235
320.731
320.226
319.722
319.218
318.713
318.209
317.705
317.202
316.701
316.206
315.727
322.746
322.239
321.732
321.225
320.718
320.21
319.702
319.194
318.685
318.175
317.664
317.15
316.635
316.118
315.608
315.725
315.351
314.979
314.61
314.244
313.881
313.521
313.165
312.812
312.462
312.116
311.774
311.436
311.102
310.773
310.447
310.126
309.809
309.497
309.189
308.885
308.585
308.29
307.998
307.71
307.426
307.145
306.868
306.594
306.323
306.054
305.788
305.524
305.262
305.003
304.745
304.488
304.233
303.979
303.726
303.474
303.223
302.973
302.723
302.473
302.224
301.975
301.726
301.477
301.228
300.979
300.729
300.478
300.227
299.975
299.722
299.467
299.211
298.954
298.694
298.433
298.17
297.905
297.638
297.368
297.096
296.821
296.544
296.264
295.982
295.697
295.409
295.118
294.824
294.527
294.227
293.925
293.619
293.311
292.999
292.684
292.366
292.045
291.721
291.394
291.064
290.731
290.394
290.055
289.713
315.721
315.347
314.975
314.606
314.24
313.876
313.516
313.16
312.806
312.457
312.111
311.769
311.43
311.096
310.767
310.441
310.12
309.803
309.491
309.183
308.879
308.579
308.284
307.992
307.705
307.421
307.141
306.864
306.59
306.319
306.05
305.785
305.521
305.26
305
304.742
304.486
304.231
303.977
303.725
303.473
303.222
302.972
302.722
302.473
302.224
301.975
301.726
301.477
301.229
300.979
300.73
300.479
300.228
299.976
299.723
299.469
299.213
298.956
298.697
298.436
298.173
297.908
297.641
297.371
297.099
296.825
296.548
296.268
295.986
295.701
295.413
295.122
294.828
294.531
294.232
293.929
293.623
293.315
293.003
292.688
292.371
292.05
291.726
291.398
291.068
290.735
290.399
290.059
289.717
315.714
315.339
314.967
314.597
314.231
313.867
313.507
313.15
312.796
312.446
312.1
311.757
311.419
311.084
310.754
310.429
310.107
309.791
309.478
309.17
308.867
308.567
308.272
307.981
307.694
307.411
307.131
306.855
306.581
306.311
306.043
305.778
305.515
305.254
304.995
304.738
304.482
304.227
303.974
303.722
303.471
303.22
302.97
302.721
302.472
302.223
301.975
301.726
301.478
301.229
300.98
300.731
300.481
300.231
299.979
299.727
299.473
299.218
298.961
298.702
298.442
298.179
297.914
297.647
297.378
297.106
296.832
296.555
296.276
295.993
295.708
295.421
295.13
294.836
294.54
294.24
293.937
293.632
293.323
293.012
292.697
292.379
292.058
291.734
291.407
291.077
290.744
290.407
290.068
289.725
315.702
315.327
314.954
314.585
314.218
313.854
313.493
313.135
312.781
312.43
312.083
311.74
311.401
311.066
310.736
310.41
310.088
309.772
309.459
309.152
308.848
308.55
308.255
307.965
307.678
307.396
307.117
306.841
306.569
306.299
306.032
305.768
305.506
305.246
304.988
304.731
304.476
304.222
303.969
303.718
303.467
303.217
302.968
302.719
302.47
302.222
301.974
301.726
301.478
301.23
300.982
300.733
300.484
300.234
299.984
299.732
299.479
299.224
298.968
298.71
298.45
298.188
297.924
297.657
297.388
297.117
296.843
296.566
296.287
296.005
295.72
295.432
295.142
294.848
294.552
294.252
293.95
293.645
293.336
293.025
292.71
292.392
292.071
291.747
291.42
291.09
290.757
290.42
290.08
289.738
315.687
315.311
314.938
314.568
314.201
313.836
313.474
313.116
312.76
312.409
312.061
311.717
311.377
311.041
310.711
310.384
310.063
309.746
309.434
309.126
308.824
308.525
308.232
307.942
307.657
307.375
307.097
306.823
306.552
306.283
306.018
305.755
305.494
305.235
304.978
304.722
304.468
304.215
303.963
303.712
303.462
303.213
302.964
302.716
302.468
302.22
301.973
301.726
301.479
301.231
300.984
300.736
300.488
300.239
299.99
299.739
299.486
299.233
298.977
298.72
298.461
298.2
297.936
297.67
297.402
297.131
296.857
296.581
296.302
296.02
295.736
295.448
295.158
294.865
294.568
294.269
293.967
293.662
293.353
293.042
292.727
292.409
292.089
291.765
291.438
291.107
290.774
290.437
290.097
289.754
315.668
315.292
314.918
314.547
314.179
313.814
313.451
313.091
312.735
312.382
312.032
311.687
311.347
311.01
310.679
310.352
310.031
309.714
309.402
309.095
308.792
308.495
308.202
307.914
307.63
307.349
307.073
306.8
306.53
306.264
306
305.738
305.479
305.221
304.965
304.711
304.458
304.206
303.955
303.706
303.457
303.208
302.96
302.712
302.465
302.218
301.972
301.725
301.479
301.233
300.987
300.74
300.493
300.245
299.997
299.747
299.496
299.244
298.989
298.733
298.475
298.215
297.952
297.686
297.419
297.148
296.875
296.6
296.321
296.04
295.756
295.468
295.178
294.885
294.589
294.29
293.988
293.683
293.375
293.063
292.749
292.431
292.11
291.787
291.46
291.129
290.796
290.459
290.119
289.776
315.645
315.268
314.894
314.523
314.154
313.788
313.424
313.063
312.704
312.349
311.998
311.652
311.31
310.972
310.64
310.313
309.991
309.674
309.363
309.056
308.754
308.458
308.166
307.879
307.597
307.318
307.044
306.773
306.505
306.24
305.978
305.718
305.461
305.205
304.951
304.698
304.446
304.196
303.946
303.698
303.45
303.202
302.955
302.708
302.462
302.216
301.97
301.724
301.479
301.234
300.989
300.744
300.499
300.253
300.006
299.757
299.508
299.257
299.004
298.749
298.492
298.233
297.971
297.706
297.439
297.17
296.897
296.622
296.344
296.063
295.779
295.492
295.203
294.91
294.614
294.315
294.013
293.708
293.4
293.089
292.775
292.457
292.136
291.813
291.486
291.156
290.823
290.486
290.146
289.802
315.618
315.241
314.867
314.495
314.126
313.758
313.393
313.029
312.669
312.312
311.958
311.609
311.266
310.927
310.594
310.267
309.945
309.628
309.316
309.01
308.709
308.413
308.123
307.838
307.558
307.281
307.009
306.74
306.475
306.213
305.953
305.696
305.44
305.187
304.934
304.683
304.433
304.184
303.936
303.689
303.442
303.196
302.95
302.704
302.458
302.213
301.968
301.723
301.479
301.235
300.992
300.749
300.505
300.261
300.016
299.77
299.522
299.273
299.022
298.768
298.513
298.254
297.993
297.729
297.463
297.194
296.923
296.649
296.371
296.091
295.807
295.521
295.231
294.938
294.643
294.345
294.043
293.738
293.431
293.119
292.805
292.487
292.167
291.843
291.517
291.187
290.854
290.518
290.177
289.833
315.586
315.209
314.835
314.464
314.094
313.726
313.358
312.992
312.629
312.268
311.911
311.56
311.214
310.874
310.541
310.213
309.89
309.573
309.262
308.956
308.656
308.362
308.073
307.791
307.513
307.239
306.969
306.703
306.441
306.182
305.925
305.67
305.418
305.166
304.916
304.666
304.418
304.171
303.925
303.679
303.434
303.189
302.944
302.699
302.454
302.209
301.964
301.721
301.478
301.236
300.995
300.754
300.512
300.27
300.027
299.783
299.538
299.291
299.042
298.791
298.537
298.279
298.019
297.756
297.491
297.223
296.953
296.679
296.403
296.123
295.84
295.553
295.263
294.971
294.676
294.378
294.077
293.773
293.465
293.154
292.839
292.522
292.201
291.878
291.552
291.224
290.891
290.555
290.214
289.869
315.55
315.174
314.801
314.43
314.061
313.692
313.322
312.953
312.584
312.218
311.857
311.502
311.154
310.813
310.479
310.151
309.828
309.511
309.199
308.893
308.594
308.301
308.016
307.736
307.461
307.191
306.924
306.662
306.402
306.146
305.893
305.642
305.393
305.144
304.896
304.648
304.401
304.156
303.912
303.669
303.426
303.183
302.939
302.694
302.449
302.204
301.96
301.717
301.476
301.236
300.997
300.759
300.52
300.281
300.041
299.799
299.557
299.313
299.067
298.817
298.565
298.308
298.049
297.787
297.522
297.255
296.987
296.715
296.439
296.16
295.877
295.59
295.3
295.007
294.713
294.416
294.116
293.813
293.505
293.194
292.878
292.56
292.239
291.917
291.592
291.265
290.934
290.598
290.258
289.912
315.507
315.133
314.763
314.395
314.028
313.658
313.286
312.911
312.536
312.163
311.795
311.434
311.083
310.741
310.408
310.081
309.759
309.441
309.128
308.821
308.522
308.232
307.949
307.674
307.403
307.137
306.874
306.614
306.359
306.107
305.859
305.613
305.367
305.121
304.875
304.628
304.383
304.139
303.897
303.658
303.418
303.177
302.935
302.691
302.445
302.198
301.953
301.711
301.471
301.234
300.999
300.765
300.529
300.293
300.055
299.816
299.577
299.337
299.095
298.849
298.598
298.342
298.083
297.82
297.556
297.291
297.024
296.755
296.481
296.203
295.919
295.631
295.339
295.047
294.753
294.458
294.16
293.858
293.551
293.238
292.921
292.601
292.28
291.958
291.636
291.311
290.982
290.648
290.308
289.963
315.458
315.087
314.722
314.36
313.997
313.628
313.252
312.87
312.484
312.099
311.721
311.353
310.999
310.658
310.328
310.004
309.683
309.364
309.048
308.739
308.439
308.15
307.872
307.603
307.34
307.079
306.819
306.562
306.309
306.062
305.821
305.582
305.342
305.099
304.854
304.608
304.362
304.119
303.88
303.646
303.412
303.175
302.934
302.688
302.44
302.19
301.943
301.7
301.462
301.229
301
300.771
300.54
300.306
300.07
299.834
299.599
299.365
299.129
298.886
298.638
298.382
298.12
297.856
297.592
297.328
297.066
296.801
296.53
296.252
295.967
295.676
295.381
295.087
294.795
294.504
294.211
293.911
293.604
293.289
292.969
292.645
292.322
292.001
291.683
291.364
291.038
290.706
290.367
290.021
315.397
315.034
314.676
314.327
313.976
313.608
313.229
312.833
312.432
312.025
311.632
311.253
310.897
310.558
310.238
309.925
309.605
309.283
308.957
308.643
308.339
308.054
307.782
307.525
307.274
307.018
306.761
306.502
306.252
306.01
305.78
305.553
305.319
305.081
304.835
304.586
304.336
304.093
303.858
303.633
303.409
303.177
302.939
302.691
302.438
302.179
301.927
301.681
301.446
301.219
301
300.782
300.555
300.323
300.085
299.851
299.62
299.396
299.171
298.934
298.687
298.428
298.163
297.891
297.625
297.364
297.111
296.856
296.59
296.313
296.023
295.726
295.422
295.125
294.834
294.553
294.27
293.975
293.669
293.348
293.021
292.686
292.359
292.04
291.732
291.424
291.104
290.775
290.435
290.091
315.319
314.976
314.615
314.297
313.978
313.605
313.23
312.805
312.389
311.931
311.524
311.12
310.769
310.43
310.14
309.855
309.529
309.206
308.85
308.531
308.214
307.938
307.669
307.44
307.215
306.958
306.706
306.428
306.183
305.941
305.735
305.533
305.303
305.074
304.818
304.569
304.297
304.057
303.821
303.618
303.418
303.19
302.959
302.699
302.442
302.159
301.903
301.646
301.419
301.195
301
300.804
300.577
300.348
300.093
299.862
299.632
299.43
299.228
298.994
298.755
298.484
298.215
297.918
297.652
297.387
297.158
296.928
296.663
296.394
296.088
295.786
295.452
295.154
294.858
294.603
294.348
294.054
293.755
293.417
293.083
292.715
292.387
292.061
291.781
291.502
291.182
290.862
290.506
290.175
315.203
314.943
314.49
314.272
314.055
313.607
313.302
312.764
312.405
311.763
311.413
310.908
310.628
310.229
310.035
309.843
309.449
309.178
308.688
308.419
308.029
307.811
307.501
307.349
307.199
306.894
306.685
306.31
306.107
305.822
305.684
305.551
305.286
305.106
304.793
304.583
304.214
304.014
303.735
303.6
303.468
303.204
303.022
302.703
302.486
302.097
301.882
301.567
301.388
301.13
301.001
300.87
300.601
300.411
300.065
299.874
299.6
299.466
299.332
299.06
298.871
298.536
298.308
297.9
297.677
297.359
297.205
297.052
296.742
296.527
296.147
295.89
295.431
295.181
294.825
294.653
294.483
294.138
293.899
293.479
293.195
292.687
292.41
292.017
291.827
291.64
291.259
291
290.544
290.289
289.333
288.915
288.493
288.067
287.638
287.205
286.77
286.333
285.893
285.451
285.007
284.563
284.117
283.67
283.224
289.337
288.919
288.496
288.07
287.641
287.208
286.773
286.335
285.895
285.453
285.009
284.564
284.118
283.671
283.224
289.345
288.926
288.503
288.077
287.647
287.214
286.778
286.339
285.898
285.456
285.011
284.566
284.119
283.672
283.224
289.357
288.938
288.514
288.087
287.656
287.222
286.785
286.346
285.904
285.46
285.015
284.569
284.121
283.673
283.224
289.373
288.953
288.529
288.101
287.669
287.233
286.795
286.355
285.912
285.467
285.02
284.573
284.124
283.675
283.225
289.394
288.973
288.547
288.118
287.684
287.248
286.808
286.365
285.921
285.475
285.027
284.578
284.127
283.677
283.226
289.419
288.997
288.57
288.139
287.703
287.265
286.823
286.379
285.932
285.484
285.034
284.583
284.132
283.679
283.226
289.449
289.026
288.597
288.163
287.726
287.285
286.84
286.394
285.945
285.495
285.043
284.59
284.136
283.682
283.227
289.485
289.06
288.628
288.192
287.752
287.307
286.86
286.411
285.96
285.507
285.053
284.597
284.141
283.685
283.228
289.527
289.099
288.665
288.225
287.781
287.333
286.883
286.43
285.976
285.52
285.063
284.606
284.147
283.689
283.23
289.576
289.145
288.707
288.262
287.814
287.362
286.907
286.451
285.993
285.534
285.075
284.614
284.153
283.692
283.231
289.633
289.198
288.754
288.304
287.85
287.393
286.934
286.473
286.012
285.55
285.087
284.624
284.16
283.696
283.232
289.702
289.26
288.808
288.35
287.889
287.425
286.961
286.496
286.031
285.565
285.099
284.633
284.167
283.7
283.233
289.787
289.334
288.868
288.399
287.929
287.459
286.989
286.52
286.051
285.581
285.112
284.643
284.173
283.704
283.235
289.901
289.419
288.932
288.449
287.969
287.492
287.017
286.543
286.07
285.597
285.125
284.653
284.18
283.708
283.236
322.745
322.236
321.726
321.216
320.706
320.196
319.685
319.173
318.66
318.145
317.627
317.105
316.576
316.029
315.439
322.744
322.233
321.721
321.209
320.696
320.183
319.67
319.155
318.638
318.119
317.597
317.07
316.533
315.98
315.393
322.743
322.229
321.716
321.201
320.687
320.171
319.655
319.137
318.618
318.096
317.571
317.04
316.502
315.954
315.393
322.742
322.227
321.711
321.194
320.678
320.16
319.641
319.121
318.6
318.075
317.548
317.016
316.479
315.935
315.388
322.741
322.224
321.706
321.188
320.669
320.149
319.629
319.107
318.583
318.057
317.528
316.996
316.46
315.92
315.377
322.74
322.221
321.701
321.181
320.661
320.139
319.617
319.093
318.568
318.041
317.511
316.979
316.444
315.907
315.37
322.74
322.219
321.697
321.176
320.653
320.13
319.606
319.081
318.554
318.026
317.495
316.963
316.429
315.894
315.362
322.739
322.216
321.693
321.17
320.646
320.122
319.596
319.07
318.542
318.012
317.481
316.948
316.414
315.88
315.344
322.738
322.214
321.69
321.165
320.64
320.114
319.587
319.059
318.53
318
317.468
316.935
316.4
315.865
315.332
322.737
322.212
321.686
321.16
320.634
320.107
319.579
319.05
318.52
317.989
317.456
316.922
316.387
315.85
315.31
322.737
322.21
321.683
321.156
320.629
320.1
319.571
319.041
318.51
317.978
317.445
316.91
316.374
315.837
315.299
322.736
322.208
321.681
321.152
320.624
320.094
319.564
319.033
318.502
317.969
317.435
316.9
316.363
315.824
315.283
322.736
322.207
321.678
321.149
320.619
320.089
319.558
319.026
318.494
317.96
317.426
316.89
316.353
315.814
315.274
322.735
322.205
321.676
321.145
320.615
320.084
319.552
319.02
318.486
317.952
317.417
316.881
316.344
315.805
315.263
322.735
322.204
321.673
321.142
320.611
320.079
319.547
319.014
318.48
317.945
317.41
316.873
316.336
315.797
315.258
322.734
322.203
321.671
321.14
320.607
320.075
319.542
319.008
318.474
317.939
317.403
316.866
316.328
315.79
315.253
322.734
322.202
321.67
321.137
320.604
320.071
319.537
319.003
318.468
317.933
317.396
316.859
316.322
315.783
315.244
322.734
322.201
321.668
321.135
320.601
320.068
319.533
318.999
318.463
317.927
317.391
316.853
316.315
315.776
315.238
322.733
322.2
321.666
321.133
320.599
320.064
319.53
318.994
318.459
317.922
317.385
316.848
316.309
315.77
315.229
322.733
322.199
321.665
321.131
320.596
320.062
319.526
318.991
318.455
317.918
317.38
316.842
316.304
315.764
315.224
322.733
322.198
321.664
321.129
320.594
320.059
319.523
318.987
318.451
317.914
317.376
316.838
316.299
315.759
315.217
322.733
322.198
321.663
321.128
320.592
320.057
319.521
318.984
318.448
317.91
317.372
316.834
316.295
315.755
315.215
322.732
322.197
321.662
321.126
320.591
320.055
319.518
318.982
318.445
317.907
317.369
316.83
316.291
315.752
315.212
322.732
322.197
321.661
321.125
320.589
320.053
319.516
318.979
318.442
317.904
317.366
316.827
316.288
315.748
315.208
322.732
322.196
321.66
321.124
320.588
320.051
319.515
318.977
318.44
317.902
317.363
316.824
316.285
315.745
315.206
322.732
322.196
321.66
321.123
320.587
320.05
319.513
318.976
318.438
317.9
317.361
316.822
316.283
315.743
315.202
322.732
322.196
321.659
321.123
320.586
320.049
319.512
318.974
318.436
317.898
317.359
316.82
316.28
315.74
315.2
322.732
322.195
321.659
321.122
320.585
320.048
319.511
318.973
318.435
317.896
317.358
316.818
316.278
315.738
315.197
322.732
322.195
321.658
321.122
320.585
320.047
319.51
318.972
318.434
317.895
317.356
316.817
316.277
315.736
315.195
322.732
322.195
321.658
321.121
320.584
320.047
319.509
318.971
318.433
317.895
317.356
316.816
316.276
315.735
315.194
322.732
322.195
321.658
321.121
320.584
320.047
319.509
318.971
318.433
317.894
317.355
316.815
316.275
315.735
315.193
322.732
322.195
321.658
321.121
320.584
320.046
319.509
318.971
318.433
317.894
317.355
316.815
316.275
315.735
315.193
322.732
322.195
321.658
321.121
320.584
320.047
319.509
318.971
318.433
317.894
317.355
316.816
316.276
315.735
315.194
322.732
322.195
321.658
321.121
320.584
320.047
319.509
318.972
318.433
317.895
317.356
316.816
316.276
315.736
315.194
322.732
322.195
321.658
321.122
320.585
320.047
319.51
318.972
318.434
317.896
317.357
316.817
316.277
315.737
315.196
322.732
322.195
321.659
321.122
320.585
320.048
319.511
318.973
318.435
317.897
317.358
316.819
316.279
315.739
315.197
322.732
322.196
321.659
321.123
320.586
320.049
319.512
318.974
318.437
317.898
317.36
316.821
316.281
315.741
315.201
322.732
322.196
321.66
321.123
320.587
320.05
319.513
318.976
318.438
317.9
317.362
316.823
316.283
315.744
315.203
322.732
322.196
321.66
321.124
320.588
320.052
319.515
318.978
318.44
317.902
317.364
316.825
316.286
315.746
315.207
322.732
322.197
321.661
321.125
320.589
320.053
319.517
318.98
318.443
317.905
317.367
316.828
316.289
315.749
315.209
322.732
322.197
321.662
321.126
320.591
320.055
319.519
318.982
318.445
317.908
317.37
316.832
316.293
315.753
315.211
322.733
322.198
321.663
321.128
320.592
320.057
319.521
318.985
318.448
317.911
317.374
316.836
316.297
315.757
315.217
322.733
322.198
321.664
321.129
320.594
320.059
319.524
318.988
318.452
317.915
317.378
316.84
316.302
315.762
315.221
322.733
322.199
321.665
321.131
320.596
320.061
319.527
318.991
318.455
317.919
317.382
316.845
316.307
315.768
315.229
322.733
322.2
321.666
321.132
320.598
320.064
319.53
318.995
318.46
317.924
317.387
316.851
316.313
315.775
315.235
322.734
322.201
321.667
321.134
320.601
320.067
319.533
318.999
318.464
317.929
317.393
316.857
316.32
315.783
315.246
322.734
322.201
321.669
321.136
320.603
320.07
319.537
319.003
318.469
317.934
317.399
316.863
316.327
315.79
315.253
322.734
322.202
321.67
321.138
320.606
320.074
319.541
319.008
318.474
317.94
317.405
316.87
316.334
315.798
315.263
322.734
322.203
321.672
321.141
320.609
320.077
319.545
319.013
318.48
317.946
317.412
316.877
316.341
315.805
315.268
322.735
322.204
321.674
321.143
320.612
320.081
319.55
319.018
318.486
317.953
317.419
316.885
316.349
315.813
315.274
322.735
322.206
321.676
321.146
320.616
320.085
319.555
319.024
318.492
317.96
317.427
316.893
316.358
315.822
315.286
322.736
322.207
321.678
321.149
320.62
320.09
319.56
319.03
318.499
317.967
317.435
316.902
316.368
315.833
315.294
322.736
322.208
321.68
321.152
320.623
320.095
319.566
319.036
318.506
317.975
317.444
316.912
316.379
315.845
315.311
322.736
322.209
321.682
321.155
320.628
320.1
319.572
319.043
318.514
317.984
317.454
316.923
316.391
315.858
315.322
322.737
322.211
321.685
321.158
320.632
320.105
319.578
319.05
318.522
317.993
317.464
316.934
316.403
315.873
315.344
322.737
322.212
321.687
321.162
320.636
320.111
319.584
319.058
318.531
318.003
317.475
316.946
316.416
315.887
315.356
322.738
322.214
321.69
321.166
320.641
320.116
319.591
319.066
318.54
318.013
317.486
316.958
316.429
315.901
315.375
322.739
322.216
321.693
321.17
320.646
320.123
319.599
319.074
318.549
318.023
317.497
316.97
316.442
315.913
315.384
322.739
322.217
321.696
321.174
320.652
320.129
319.606
319.083
318.559
318.035
317.509
316.983
316.456
315.927
315.393
322.74
322.219
321.699
321.178
320.657
320.136
319.614
319.092
318.569
318.046
317.522
316.997
316.471
315.943
315.414
322.74
322.221
321.702
321.182
320.663
320.143
319.622
319.102
318.58
318.058
317.536
317.012
316.487
315.96
315.428
322.741
322.223
321.705
321.187
320.669
320.15
319.631
319.112
318.592
318.071
317.55
317.028
316.505
315.98
315.455
322.742
322.225
321.709
321.192
320.675
320.158
319.64
319.122
318.604
318.085
317.565
317.044
316.523
316.001
315.474
322.742
322.227
321.712
321.197
320.681
320.165
319.649
319.133
318.616
318.098
317.58
317.062
316.543
316.024
315.509
322.743
322.23
321.716
321.202
320.688
320.174
319.659
319.144
318.628
318.113
317.596
317.079
316.562
316.045
315.528
322.744
322.232
321.72
321.207
320.695
320.182
319.669
319.155
318.642
318.127
317.612
317.097
316.582
316.067
315.556
322.745
322.234
321.723
321.213
320.702
320.19
319.679
319.167
318.655
318.142
317.629
317.115
316.601
316.086
315.57
322.746
322.236
321.727
321.218
320.709
320.199
319.689
319.179
318.669
318.158
317.646
317.134
316.62
316.105
315.584
322.746
322.239
321.731
321.224
320.716
320.208
319.7
319.192
318.683
318.174
317.664
317.153
316.641
316.128
315.613
322.747
322.241
321.736
321.23
320.724
320.218
319.711
319.204
318.697
318.19
317.682
317.173
316.663
316.151
315.634
322.748
322.244
321.74
321.236
320.731
320.227
319.722
319.217
318.712
318.207
317.701
317.194
316.687
316.179
315.671
322.749
322.247
321.744
321.242
320.739
320.237
319.734
319.231
318.727
318.224
317.72
317.216
316.711
316.206
315.696
322.75
322.249
321.749
321.248
320.747
320.246
319.745
319.244
318.743
318.241
317.739
317.238
316.736
316.236
315.741
322.751
322.252
321.753
321.254
320.755
320.256
319.757
319.258
318.758
318.259
317.759
317.26
316.761
316.263
315.766
322.752
322.255
321.758
321.261
320.763
320.266
319.769
319.271
318.774
318.276
317.778
317.281
316.784
316.29
315.802
322.752
322.257
321.762
321.267
320.772
320.276
319.781
319.285
318.789
318.294
317.798
317.302
316.807
316.312
315.818
322.753
322.26
321.767
321.273
320.78
320.286
319.793
319.299
318.805
318.311
317.817
317.323
316.829
316.334
315.834
322.754
322.263
321.772
321.28
320.788
320.297
319.805
319.313
318.821
318.329
317.836
317.344
316.852
316.359
315.867
322.755
322.266
321.776
321.287
320.797
320.307
319.817
319.327
318.837
318.346
317.856
317.365
316.875
316.383
315.888
322.756
322.269
321.781
321.294
320.806
320.318
319.83
319.341
318.853
318.364
317.875
317.387
316.898
316.411
315.925
322.757
322.272
321.786
321.3
320.815
320.328
319.842
319.356
318.869
318.382
317.895
317.408
316.922
316.436
315.949
322.758
322.275
321.791
321.307
320.824
320.339
319.855
319.37
318.885
318.4
317.914
317.429
316.945
316.463
315.988
322.759
322.278
321.796
321.315
320.833
320.351
319.868
319.385
318.902
318.418
317.933
317.449
316.966
316.486
316.008
322.76
322.281
321.802
321.322
320.842
320.362
319.881
319.4
318.918
318.436
317.953
317.469
316.986
316.506
316.032
322.761
322.284
321.807
321.33
320.852
320.374
319.895
319.416
318.936
318.454
317.972
317.489
317.005
316.522
316.042
322.763
322.288
321.813
321.337
320.862
320.386
319.909
319.432
318.954
318.474
317.992
317.509
317.023
316.536
316.048
322.764
322.291
321.818
321.346
320.872
320.399
319.924
319.449
318.973
318.494
318.014
317.53
317.042
316.549
316.054
322.765
322.295
321.824
321.354
320.883
320.412
319.94
319.467
318.993
318.517
318.038
317.554
317.064
316.564
316.055
322.766
322.298
321.83
321.362
320.894
320.425
319.956
319.486
319.015
318.541
318.065
317.583
317.093
316.586
316.043
322.767
322.302
321.836
321.371
320.905
320.439
319.973
319.506
319.038
318.568
318.096
317.619
317.134
316.631
316.084
290.06
289.501
288.987
288.491
288.004
287.521
287.042
286.564
286.087
285.612
285.136
284.661
284.187
283.712
283.237
290.098
289.543
289.024
288.524
288.032
287.546
287.063
286.582
286.103
285.624
285.147
284.669
284.192
283.715
283.238
290.078
289.56
289.05
288.55
288.056
287.568
287.082
286.599
286.117
285.636
285.156
284.677
284.197
283.718
283.239
290.075
289.571
289.068
288.57
288.077
287.587
287.1
286.615
286.131
285.648
285.166
284.684
284.203
283.722
283.241
290.076
289.58
289.083
288.588
288.096
287.605
287.117
286.63
286.144
285.659
285.175
284.691
284.208
283.725
283.242
290.078
289.589
289.097
288.605
288.113
287.622
287.133
286.644
286.157
285.67
285.184
284.698
284.213
283.728
283.243
290.084
289.6
289.111
288.62
288.129
287.638
287.147
286.658
286.169
285.68
285.192
284.705
284.218
283.73
283.243
290.101
289.615
289.127
288.636
288.145
287.653
287.161
286.671
286.18
285.69
285.201
284.711
284.222
283.733
283.244
290.115
289.633
289.144
288.653
288.16
287.668
287.175
286.683
286.191
285.7
285.208
284.717
284.227
283.736
283.245
290.147
289.654
289.162
288.67
288.176
287.683
287.189
286.696
286.202
285.709
285.216
284.723
284.231
283.739
283.246
290.165
289.675
289.181
288.687
288.192
287.698
287.203
286.708
286.213
285.718
285.224
284.729
284.235
283.741
283.247
290.196
289.697
289.201
288.705
288.209
287.712
287.216
286.72
286.223
285.727
285.231
284.735
284.239
283.744
283.248
290.214
289.717
289.22
288.723
288.225
287.727
287.23
286.732
286.234
285.736
285.239
284.741
284.244
283.746
283.249
290.242
289.738
289.239
288.74
288.241
287.742
287.243
286.744
286.244
285.745
285.246
284.747
284.248
283.749
283.25
290.255
289.757
289.258
288.758
288.258
287.757
287.256
286.756
286.255
285.754
285.253
284.752
284.252
283.751
283.25
290.269
289.776
289.277
288.776
288.274
287.772
287.27
286.767
286.265
285.763
285.26
284.758
284.256
283.753
283.251
290.3
289.799
289.298
288.795
288.291
287.787
287.283
286.779
286.275
285.771
285.267
284.763
284.26
283.756
283.252
290.322
289.823
289.319
288.814
288.308
287.803
287.297
286.791
286.285
285.78
285.274
284.769
284.263
283.758
283.253
290.362
289.85
289.341
288.833
288.325
287.818
287.31
286.803
286.296
285.788
285.281
284.774
284.267
283.76
283.253
290.384
289.874
289.363
288.852
288.342
287.833
287.324
286.815
286.306
285.797
285.288
284.78
284.271
283.763
283.254
290.417
289.898
289.384
288.871
288.359
287.848
287.337
286.826
286.316
285.805
285.295
284.785
284.275
283.765
283.255
290.436
289.919
289.404
288.889
288.375
287.862
287.35
286.837
286.325
285.813
285.302
284.79
284.279
283.767
283.256
290.462
289.94
289.422
288.906
288.391
287.876
287.362
286.848
286.335
285.821
285.308
284.795
284.282
283.769
283.256
290.475
289.957
289.44
288.923
288.406
287.89
287.375
286.859
286.344
285.829
285.315
284.8
284.286
283.771
283.257
290.487
289.974
289.457
288.939
288.422
287.904
287.387
286.87
286.353
285.837
285.321
284.805
284.289
283.774
283.258
290.513
289.994
289.475
288.956
288.436
287.917
287.399
286.88
286.362
285.845
285.327
284.81
284.293
283.776
283.259
290.531
290.014
289.493
288.972
288.451
287.93
287.41
286.891
286.371
285.852
285.333
284.815
284.296
283.778
283.259
290.563
290.035
289.511
288.988
288.465
287.943
287.422
286.9
286.38
285.859
285.339
284.819
284.299
283.78
283.26
290.581
290.054
289.528
289.003
288.479
287.955
287.433
286.91
286.388
285.866
285.345
284.824
284.302
283.781
283.26
290.606
290.073
289.545
289.018
288.492
287.967
287.443
286.919
286.396
285.873
285.35
284.828
284.305
283.783
283.261
290.619
290.089
289.56
289.032
288.505
287.979
287.453
286.928
286.404
285.88
285.356
284.832
284.308
283.785
283.262
290.639
290.104
289.574
289.045
288.517
287.99
287.463
286.937
286.411
285.886
285.361
284.836
284.311
283.787
283.262
290.648
290.117
289.587
289.057
288.528
288
287.473
286.945
286.419
285.892
285.366
284.84
284.314
283.788
283.263
290.656
290.129
289.599
289.069
288.539
288.01
287.482
286.954
286.426
285.898
285.371
284.844
284.317
283.79
283.263
290.674
290.142
289.611
289.081
288.55
288.02
287.49
286.961
286.432
285.904
285.376
284.847
284.319
283.792
283.264
290.686
290.156
289.624
289.092
288.561
288.03
287.499
286.969
286.439
285.909
285.38
284.851
284.322
283.793
283.264
290.707
290.17
289.636
289.103
288.57
288.039
287.507
286.976
286.445
285.915
285.384
284.854
284.324
283.795
283.265
290.718
290.182
289.647
289.113
288.58
288.047
287.515
286.983
286.451
285.92
285.389
284.858
284.327
283.796
283.265
290.733
290.194
289.658
289.123
288.589
288.056
287.522
286.99
286.457
285.925
285.393
284.861
284.329
283.797
283.266
290.74
290.204
289.668
289.133
288.598
288.064
287.53
286.996
286.463
285.93
285.397
284.864
284.331
283.799
283.266
290.746
290.213
289.677
289.142
288.607
288.072
287.537
287.002
286.468
285.934
285.4
284.867
284.333
283.8
283.267
290.759
290.223
289.687
289.151
288.615
288.079
287.544
287.008
286.473
285.939
285.404
284.87
284.335
283.801
283.267
290.768
290.233
289.696
289.16
288.623
288.086
287.55
287.014
286.478
285.943
285.408
284.872
284.337
283.802
283.267
290.782
290.244
289.706
289.168
288.631
288.094
287.557
287.02
286.483
285.947
285.411
284.875
284.339
283.804
283.268
290.792
290.254
289.716
289.177
288.639
288.1
287.563
287.025
286.488
285.951
285.414
284.878
284.341
283.805
283.268
290.808
290.265
289.725
289.185
288.646
288.107
287.569
287.03
286.493
285.955
285.417
284.88
284.343
283.806
283.269
290.817
290.275
289.734
289.193
288.653
288.113
287.574
287.035
286.497
285.959
285.42
284.882
284.344
283.807
283.269
290.829
290.284
289.742
289.2
288.66
288.12
287.58
287.04
286.501
285.962
285.423
284.885
284.346
283.808
283.269
290.835
290.292
289.749
289.207
288.666
288.125
287.585
287.045
286.505
285.965
285.426
284.887
284.348
283.809
283.27
290.844
290.299
289.756
289.214
288.672
288.131
287.59
287.049
286.509
285.969
285.429
284.889
284.349
283.809
283.27
290.848
290.305
289.762
289.22
288.678
288.136
287.595
287.053
286.512
285.972
285.431
284.891
284.351
283.81
283.27
290.852
290.311
289.768
289.226
288.683
288.141
287.599
287.057
286.516
285.975
285.434
284.893
284.352
283.811
283.27
290.861
290.317
289.774
289.231
288.688
288.146
287.603
287.061
286.519
285.978
285.436
284.894
284.353
283.812
283.271
290.866
290.324
289.78
289.237
288.693
288.15
287.607
287.065
286.522
285.98
285.438
284.896
284.354
283.813
283.271
290.876
290.33
289.786
289.242
288.698
288.154
287.611
287.068
286.525
285.983
285.44
284.898
284.356
283.813
283.271
290.881
290.336
289.791
289.247
288.702
288.159
287.615
287.071
286.528
285.985
285.442
284.899
284.357
283.814
283.271
290.889
290.342
289.796
289.251
288.707
288.162
287.618
287.075
286.531
285.987
285.444
284.901
284.358
283.815
283.272
290.893
290.347
289.801
289.256
288.711
288.166
287.622
287.077
286.533
285.99
285.446
284.902
284.359
283.815
283.272
290.898
290.351
289.805
289.26
288.715
288.17
287.625
287.08
286.536
285.992
285.448
284.904
284.36
283.816
283.272
290.901
290.355
289.809
289.264
288.718
288.173
287.628
287.083
286.538
285.994
285.449
284.905
284.361
283.816
283.272
290.904
290.359
289.813
289.267
288.722
288.176
287.631
287.086
286.54
285.996
285.451
284.906
284.361
283.817
283.272
290.909
290.363
289.817
289.271
288.725
288.179
287.633
287.088
286.543
285.997
285.452
284.907
284.362
283.817
283.272
290.912
290.367
289.82
289.274
288.728
288.182
287.636
287.09
286.545
285.999
285.454
284.908
284.363
283.818
283.273
290.919
290.371
289.824
289.277
288.731
288.185
287.638
287.092
286.546
286.001
285.455
284.909
284.364
283.818
283.273
290.922
290.375
289.828
289.281
288.734
288.187
287.641
287.094
286.548
286.002
285.456
284.91
284.364
283.819
283.273
290.927
290.378
289.831
289.284
288.737
288.19
287.643
287.096
286.55
286.004
285.457
284.911
284.365
283.819
283.273
290.929
290.381
289.834
289.287
288.739
288.192
287.645
287.098
286.552
286.005
285.458
284.912
284.366
283.819
283.273
290.931
290.384
289.837
289.289
288.742
288.194
287.647
287.1
286.553
286.006
285.459
284.913
284.366
283.82
283.273
290.935
290.387
289.84
289.292
288.744
288.197
287.649
287.102
286.554
286.007
285.46
284.913
284.367
283.82
283.273
290.938
290.391
289.843
289.295
288.747
288.199
287.651
287.103
286.556
286.008
285.461
284.914
284.367
283.82
283.273
290.943
290.394
289.846
289.297
288.749
288.201
287.652
287.105
286.557
286.009
285.462
284.915
284.367
283.82
283.273
290.946
290.398
289.849
289.3
288.751
288.202
287.654
287.106
286.558
286.01
285.462
284.915
284.368
283.821
283.274
290.952
290.401
289.852
289.302
288.753
288.204
287.655
287.107
286.559
286.011
285.463
284.915
284.368
283.821
283.274
290.955
290.404
289.854
289.304
288.755
288.205
287.656
287.108
286.559
286.011
285.463
284.916
284.368
283.821
283.274
290.959
290.407
289.857
289.306
288.756
288.207
287.657
287.108
286.56
286.011
285.463
284.916
284.368
283.821
283.274
290.961
290.41
289.859
289.308
288.758
288.208
287.658
287.109
286.56
286.011
285.463
284.915
284.368
283.821
283.274
290.963
290.412
289.861
289.31
288.759
288.208
287.658
287.109
286.56
286.011
285.463
284.915
284.368
283.821
283.273
290.967
290.415
289.863
289.311
288.76
288.209
287.658
287.108
286.559
286.01
285.462
284.915
284.367
283.82
283.273
290.969
290.418
289.865
289.313
288.76
288.209
287.658
287.108
286.558
286.009
285.461
284.914
284.367
283.82
283.273
290.975
290.421
289.867
289.314
288.761
288.208
287.657
287.106
286.557
286.008
285.46
284.913
284.366
283.819
283.273
290.979
290.424
289.869
289.314
288.76
288.207
287.655
287.104
286.555
286.006
285.458
284.911
284.365
283.819
283.273
290.986
290.428
289.871
289.314
288.759
288.205
287.653
287.101
286.552
286.003
285.456
284.909
284.363
283.818
283.273
290.991
290.432
289.872
289.314
288.757
288.202
287.649
287.098
286.548
286
285.453
284.907
284.362
283.817
283.272
290.999
290.435
289.873
289.312
288.753
288.198
287.644
287.093
286.544
285.996
285.449
284.904
284.36
283.816
283.272
291.003
290.438
289.872
289.308
288.748
288.191
287.638
287.087
286.538
285.991
285.445
284.901
284.357
283.814
283.271
291.009
290.44
289.87
289.303
288.741
288.183
287.629
287.079
286.531
285.985
285.44
284.897
284.354
283.812
283.271
291.028
290.443
289.865
289.294
288.73
288.172
287.619
287.069
286.522
285.977
285.434
284.892
284.351
283.81
283.27
291.042
290.442
289.854
289.28
288.715
288.158
287.606
287.058
286.513
285.969
285.427
284.887
284.347
283.808
283.269
291.079
290.433
289.835
289.259
288.696
288.14
287.591
287.045
286.501
285.96
285.42
284.881
284.343
283.806
283.269
291.041
290.392
289.799
289.229
288.67
288.119
287.572
287.029
286.488
285.949
285.412
284.875
284.339
283.803
283.268
322.769
322.306
321.843
321.381
320.918
320.455
319.992
319.529
319.065
318.6
318.133
317.664
317.192
316.716
316.244
322.77
322.31
321.851
321.391
320.932
320.472
320.013
319.554
319.095
318.635
318.176
317.717
317.259
316.804
316.362
322.772
322.315
321.858
321.402
320.946
320.49
320.034
319.579
319.125
318.672
318.219
317.769
317.322
316.881
316.451
322.773
322.319
321.866
321.412
320.959
320.507
320.055
319.604
319.155
318.706
318.26
317.817
317.378
316.946
316.523
322.774
322.323
321.873
321.422
320.972
320.523
320.075
319.628
319.183
318.739
318.299
317.861
317.429
317.003
316.584
322.776
322.327
321.879
321.432
320.985
320.539
320.094
319.65
319.209
318.77
318.334
317.901
317.473
317.051
316.636
322.777
322.331
321.885
321.44
320.996
320.553
320.111
319.671
319.233
318.797
318.365
317.936
317.512
317.093
316.68
322.778
322.334
321.891
321.448
321.006
320.566
320.127
319.689
319.254
318.822
318.392
317.967
317.546
317.129
316.718
322.779
322.337
321.896
321.455
321.016
320.577
320.14
319.705
319.273
318.843
318.416
317.993
317.574
317.16
316.751
322.78
322.34
321.9
321.462
321.024
320.587
320.152
319.719
319.289
318.861
318.436
318.015
317.598
317.186
316.778
322.781
322.342
321.904
321.467
321.031
320.596
320.162
319.731
319.302
318.876
318.453
318.034
317.618
317.207
316.8
322.781
322.344
321.907
321.471
321.036
320.602
320.17
319.74
319.313
318.888
318.466
318.048
317.634
317.223
316.817
322.782
322.345
321.909
321.474
321.04
320.607
320.176
319.747
319.321
318.897
318.476
318.059
317.645
317.235
316.83
322.782
322.346
321.911
321.476
321.043
320.611
320.18
319.752
319.326
318.903
318.483
318.066
317.653
317.244
316.839
322.782
322.347
321.912
321.477
321.044
320.612
320.182
319.754
319.329
318.906
318.486
318.07
317.657
317.248
316.843
315.864
315.616
315.174
314.923
314.554
314.373
314.191
313.813
313.549
313.064
312.794
312.397
312.173
311.85
311.693
311.535
311.212
310.988
310.584
310.364
310.053
309.903
309.759
309.47
309.274
308.933
308.706
308.304
308.088
307.785
307.641
307.502
307.226
307.039
306.715
306.499
306.117
305.91
305.621
305.481
305.347
305.078
304.893
304.571
304.352
303.959
303.741
303.422
303.242
302.983
302.855
302.725
302.46
302.273
301.933
301.745
301.475
301.343
301.212
300.946
300.761
300.434
300.21
299.806
299.583
299.263
299.107
298.951
298.635
298.413
298.02
297.75
297.261
296.991
296.603
296.414
296.224
295.838
295.568
295.088
294.759
294.164
293.838
293.369
293.143
292.921
292.464
292.155
291.612
291.313
315.984
315.661
315.316
315.007
314.697
314.428
314.159
313.847
313.533
313.182
312.865
312.545
312.265
311.99
311.753
311.518
311.249
310.982
310.687
310.424
310.165
309.943
309.726
309.479
309.232
308.957
308.689
308.396
308.139
307.886
307.672
307.463
307.226
306.99
306.727
306.471
306.191
305.944
305.702
305.494
305.29
305.058
304.825
304.562
304.302
304.016
303.758
303.498
303.27
303.045
302.85
302.655
302.43
302.203
301.951
301.723
301.495
301.295
301.095
300.864
300.628
300.36
300.093
299.796
299.529
299.261
299.027
298.791
298.518
298.238
297.918
297.599
297.243
296.922
296.6
296.319
296.036
295.706
295.369
294.983
294.598
294.171
293.787
293.405
293.075
292.747
292.369
291.991
291.573
291.185
316.072
315.738
315.408
315.09
314.781
314.485
314.189
313.883
313.571
313.252
312.941
312.638
312.35
312.073
311.811
311.551
311.285
311.016
310.743
310.479
310.222
309.978
309.736
309.487
309.233
308.97
308.706
308.439
308.181
307.933
307.697
307.464
307.225
306.982
306.73
306.476
306.22
305.972
305.732
305.503
305.275
305.04
304.799
304.548
304.292
304.032
303.778
303.529
303.293
303.065
302.846
302.628
302.401
302.171
301.934
301.701
301.472
301.249
301.024
300.788
300.543
300.284
300.018
299.745
299.475
299.209
298.95
298.687
298.41
298.121
297.815
297.5
297.175
296.854
296.537
296.228
295.915
295.585
295.24
294.875
294.5
294.114
293.736
293.364
293.005
292.646
292.272
291.887
291.49
291.09
316.146
315.811
315.482
315.161
314.847
314.54
314.235
313.928
313.619
313.31
313.006
312.708
312.418
312.138
311.864
311.594
311.325
311.055
310.787
310.522
310.263
310.009
309.757
309.503
309.246
308.987
308.727
308.467
308.212
307.962
307.717
307.474
307.231
306.985
306.736
306.485
306.235
305.989
305.746
305.508
305.271
305.031
304.788
304.54
304.29
304.038
303.789
303.544
303.304
303.07
302.841
302.612
302.38
302.147
301.911
301.675
301.44
301.206
300.969
300.726
300.476
300.219
299.955
299.687
299.417
299.147
298.877
298.603
298.32
298.028
297.726
297.416
297.1
296.782
296.463
296.143
295.819
295.485
295.14
294.783
294.417
294.046
293.674
293.304
292.936
292.566
292.188
291.803
291.409
291.009
316.208
315.873
315.545
315.222
314.905
314.592
314.283
313.975
313.668
313.363
313.061
312.765
312.475
312.191
311.912
311.637
311.365
311.094
310.825
310.559
310.297
310.037
309.78
309.522
309.264
309.005
308.747
308.49
308.235
307.983
307.734
307.487
307.24
306.992
306.743
306.494
306.246
305.999
305.755
305.513
305.271
305.028
304.783
304.537
304.289
304.041
303.794
303.549
303.308
303.07
302.834
302.599
302.363
302.126
301.887
301.648
301.408
301.167
300.923
300.674
300.421
300.162
299.898
299.63
299.36
299.087
298.811
298.53
298.243
297.949
297.648
297.34
297.027
296.71
296.39
296.066
295.737
295.4
295.056
294.703
294.343
293.979
293.611
293.242
292.871
292.496
292.117
291.731
291.338
290.94
316.262
315.928
315.598
315.275
314.955
314.64
314.329
314.02
313.713
313.41
313.11
312.814
312.523
312.237
311.955
311.677
311.402
311.129
310.859
310.591
310.326
310.063
309.802
309.542
309.283
309.024
308.766
308.509
308.253
308
307.749
307.499
307.25
307
306.751
306.503
306.254
306.007
305.761
305.517
305.272
305.027
304.782
304.535
304.288
304.041
303.795
303.551
303.308
303.067
302.827
302.587
302.347
302.107
301.865
301.622
301.378
301.131
300.882
300.63
300.373
300.113
299.847
299.579
299.306
299.03
298.75
298.466
298.177
297.881
297.58
297.273
296.96
296.643
296.322
295.996
295.665
295.327
294.983
294.633
294.277
293.915
293.55
293.182
292.81
292.434
292.054
291.668
291.277
290.88
316.308
315.974
315.645
315.32
315
314.684
314.371
314.062
313.755
313.452
313.152
312.857
312.565
312.277
311.993
311.713
311.435
311.161
310.889
310.619
310.352
310.087
309.824
309.562
309.301
309.041
308.783
308.525
308.269
308.015
307.762
307.51
307.259
307.009
306.759
306.51
306.261
306.013
305.766
305.52
305.274
305.028
304.781
304.535
304.288
304.041
303.795
303.55
303.305
303.062
302.819
302.576
302.333
302.089
301.844
301.598
301.35
301.1
300.847
300.591
300.332
300.069
299.802
299.532
299.257
298.979
298.697
298.41
298.119
297.822
297.52
297.212
296.9
296.583
296.261
295.934
295.602
295.264
294.92
294.571
294.217
293.858
293.494
293.126
292.755
292.379
291.998
291.613
291.223
290.827
316.347
316.014
315.685
315.36
315.039
314.722
314.409
314.099
313.792
313.489
313.189
312.893
312.601
312.312
312.026
311.744
311.465
311.189
310.915
310.644
310.375
310.108
309.843
309.58
309.318
309.057
308.798
308.54
308.283
308.028
307.773
307.521
307.268
307.017
306.767
306.517
306.267
306.019
305.77
305.523
305.276
305.029
304.781
304.534
304.287
304.04
303.794
303.547
303.302
303.056
302.811
302.566
302.32
302.073
301.826
301.576
301.325
301.072
300.817
300.558
300.296
300.031
299.763
299.49
299.214
298.934
298.65
298.361
298.068
297.77
297.467
297.159
296.847
296.529
296.207
295.879
295.547
295.209
294.866
294.518
294.164
293.806
293.443
293.077
292.705
292.33
291.95
291.565
291.176
290.782
316.381
316.048
315.719
315.394
315.073
314.756
314.442
314.132
313.825
313.521
313.221
312.924
312.631
312.341
312.055
311.772
311.491
311.213
310.938
310.666
310.396
310.127
309.861
309.596
309.333
309.072
308.811
308.552
308.295
308.039
307.784
307.53
307.277
307.024
306.773
306.522
306.272
306.023
305.774
305.526
305.277
305.03
304.782
304.534
304.286
304.039
303.792
303.545
303.298
303.051
302.804
302.556
302.308
302.059
301.809
301.557
301.304
301.048
300.79
300.529
300.266
299.999
299.728
299.454
299.176
298.895
298.609
298.319
298.025
297.726
297.422
297.114
296.8
296.482
296.159
295.832
295.499
295.161
294.819
294.471
294.118
293.761
293.399
293.033
292.662
292.288
291.908
291.524
291.136
290.744
316.408
316.076
315.748
315.423
315.102
314.784
314.47
314.16
313.852
313.548
313.248
312.951
312.657
312.366
312.079
311.795
311.513
311.234
310.958
310.684
310.413
310.144
309.876
309.61
309.346
309.084
308.823
308.563
308.305
308.048
307.792
307.537
307.284
307.031
306.779
306.527
306.277
306.027
305.777
305.528
305.279
305.03
304.782
304.534
304.286
304.038
303.79
303.542
303.293
303.045
302.797
302.548
302.298
302.047
301.795
301.541
301.285
301.028
300.768
300.505
300.24
299.971
299.699
299.423
299.144
298.861
298.574
298.283
297.988
297.688
297.384
297.075
296.761
296.443
296.119
295.791
295.459
295.121
294.779
294.431
294.079
293.723
293.361
292.996
292.626
292.251
291.873
291.49
291.103
290.711
316.431
316.1
315.771
315.447
315.126
314.808
314.494
314.183
313.875
313.571
313.27
312.973
312.678
312.387
312.099
311.814
311.531
311.252
310.975
310.7
310.428
310.157
309.889
309.622
309.358
309.094
308.833
308.572
308.313
308.056
307.799
307.544
307.29
307.036
306.783
306.532
306.28
306.03
305.779
305.53
305.28
305.031
304.782
304.534
304.285
304.036
303.787
303.539
303.29
303.04
302.791
302.54
302.289
302.036
301.783
301.527
301.27
301.011
300.749
300.485
300.218
299.948
299.675
299.398
299.118
298.834
298.546
298.254
297.957
297.657
297.352
297.042
296.728
296.41
296.086
295.758
295.425
295.088
294.746
294.399
294.047
293.691
293.33
292.965
292.595
292.222
291.844
291.461
291.075
290.685
316.449
316.118
315.79
315.465
315.144
314.826
314.512
314.201
313.893
313.589
313.288
312.99
312.695
312.404
312.115
311.829
311.546
311.266
310.988
310.712
310.439
310.168
309.899
309.632
309.367
309.103
308.841
308.58
308.32
308.062
307.805
307.549
307.294
307.04
306.787
306.535
306.283
306.032
305.781
305.531
305.281
305.032
304.783
304.533
304.284
304.035
303.786
303.536
303.286
303.036
302.785
302.534
302.282
302.028
301.773
301.516
301.258
300.997
300.735
300.469
300.201
299.93
299.655
299.378
299.097
298.812
298.523
298.23
297.933
297.632
297.327
297.017
296.702
296.383
296.06
295.732
295.399
295.061
294.719
294.373
294.021
293.665
293.305
292.94
292.571
292.198
291.82
291.439
291.053
290.664
316.462
316.131
315.804
315.479
315.158
314.84
314.526
314.215
313.907
313.602
313.301
313.003
312.708
312.416
312.127
311.84
311.557
311.276
310.998
310.722
310.448
310.177
309.907
309.639
309.373
309.109
308.846
308.585
308.325
308.067
307.809
307.553
307.298
307.044
306.79
306.537
306.285
306.034
305.783
305.532
305.282
305.032
304.783
304.533
304.284
304.034
303.784
303.534
303.284
303.033
302.782
302.529
302.276
302.022
301.766
301.508
301.249
300.987
300.723
300.457
300.188
299.916
299.641
299.363
299.081
298.795
298.506
298.213
297.915
297.614
297.308
296.998
296.683
296.364
296.04
295.712
295.379
295.042
294.7
294.353
294.002
293.646
293.286
292.922
292.553
292.18
291.803
291.422
291.037
290.648
316.471
316.14
315.813
315.488
315.167
314.85
314.535
314.224
313.916
313.611
313.31
313.011
312.716
312.424
312.135
311.848
311.564
311.283
311.004
310.728
310.454
310.182
309.912
309.644
309.378
309.113
308.85
308.589
308.329
308.07
307.812
307.556
307.3
307.046
306.792
306.539
306.287
306.035
305.784
305.533
305.283
305.033
304.783
304.533
304.283
304.033
303.783
303.533
303.282
303.031
302.779
302.526
302.272
302.017
301.761
301.503
301.243
300.981
300.716
300.449
300.18
299.907
299.632
299.353
299.07
298.784
298.495
298.201
297.903
297.602
297.295
296.985
296.67
296.351
296.027
295.699
295.366
295.029
294.687
294.34
293.989
293.634
293.274
292.909
292.541
292.168
291.791
291.411
291.026
290.637
316.476
316.145
315.817
315.493
315.172
314.854
314.54
314.229
313.921
313.616
313.314
313.016
312.72
312.428
312.138
311.852
311.568
311.286
311.008
310.731
310.457
310.185
309.915
309.647
309.38
309.116
308.852
308.591
308.331
308.072
307.814
307.557
307.302
307.047
306.793
306.54
306.288
306.036
305.784
305.534
305.283
305.033
304.783
304.533
304.283
304.033
303.783
303.532
303.281
303.03
302.778
302.525
302.27
302.015
301.758
301.5
301.24
300.977
300.713
300.445
300.175
299.903
299.627
299.348
299.065
298.779
298.489
298.195
297.897
297.595
297.289
296.979
296.664
296.345
296.021
295.692
295.359
295.022
294.68
294.334
293.983
293.627
293.267
292.903
292.535
292.162
291.786
291.405
291.021
290.632
290.862
290.304
289.742
289.187
288.637
288.092
287.55
287.011
286.473
285.937
285.402
284.867
284.333
283.8
283.267
290.735
290.21
289.674
289.135
288.596
288.059
287.523
286.988
286.455
285.922
285.39
284.859
284.327
283.796
283.265
290.639
290.129
289.609
289.083
288.554
288.024
287.495
286.965
286.436
285.907
285.378
284.849
284.321
283.793
283.264
290.561
290.06
289.549
289.033
288.513
287.99
287.466
286.942
286.417
285.891
285.366
284.84
284.314
283.789
283.263
290.494
289.999
289.496
288.987
288.473
287.957
287.439
286.919
286.398
285.876
285.354
284.831
284.308
283.785
283.262
290.437
289.946
289.448
288.945
288.437
287.926
287.412
286.897
286.379
285.861
285.342
284.822
284.302
283.781
283.26
290.387
289.9
289.406
288.908
288.404
287.898
287.388
286.876
286.362
285.847
285.331
284.814
284.296
283.778
283.259
290.344
289.86
289.37
288.875
288.375
287.872
287.366
286.857
286.347
285.834
285.32
284.806
284.29
283.774
283.258
290.307
289.826
289.338
288.846
288.35
287.85
287.346
286.841
286.332
285.823
285.311
284.799
284.285
283.771
283.257
290.276
289.797
289.312
288.822
288.328
287.83
287.33
286.826
286.32
285.812
285.303
284.793
284.281
283.769
283.256
290.251
289.773
289.29
288.802
288.31
287.814
287.315
286.814
286.31
285.804
285.296
284.787
284.277
283.767
283.256
290.231
289.754
289.272
288.786
288.295
287.801
287.304
286.804
286.301
285.797
285.291
284.783
284.274
283.765
283.255
290.216
289.74
289.259
288.774
288.285
287.792
287.296
286.797
286.295
285.792
285.286
284.78
284.272
283.763
283.255
290.206
289.731
289.25
288.766
288.277
287.785
287.29
286.792
286.291
285.788
285.284
284.778
284.27
283.763
283.254
290.201
289.726
289.246
288.762
288.274
287.782
287.287
286.789
286.289
285.786
285.282
284.776
284.27
283.762
283.254
)
;

boundaryField
{
    hot
    {
        type            fixedValue;
        value           uniform 323;
    }
    cold
    {
        type            fixedValue;
        value           uniform 283;
    }
    interface_left
    {
        type            fixedValue;
        value           nonuniform List<scalar> 
90
(
315.066
315.066
315.118
315.118
315.102
315.102
315.102
315.073
315.073
315.034
315.034
315.007
315.007
314.988
314.988
314.988
314.973
314.973
314.955
314.955
314.945
314.945
314.945
314.937
314.937
314.931
314.931
314.926
314.926
314.923
314.923
314.923
314.924
314.924
314.926
314.926
314.933
314.933
314.939
314.939
314.939
314.948
314.948
314.962
314.962
314.983
314.983
315
315
315
315.021
315.021
315.048
315.048
315.088
315.088
315.12
315.12
315.12
315.155
315.155
315.2
315.2
315.263
315.263
315.313
315.313
315.313
315.364
315.364
315.427
315.427
315.511
315.511
315.573
315.573
315.573
315.63
315.63
315.694
315.694
315.767
315.767
315.806
315.806
315.806
315.812
315.812
315.735
315.735
)
;
    }
    interface_right
    {
        type            fixedValue;
        value           nonuniform List<scalar> 
90
(
290.416
290.416
290.324
290.324
290.324
290.317
290.317
290.344
290.344
290.401
290.401
290.453
290.453
290.502
290.502
290.502
290.556
290.556
290.631
290.631
290.687
290.687
290.733
290.733
290.733
290.778
290.778
290.837
290.837
290.879
290.879
290.912
290.912
290.912
290.943
290.943
290.981
290.981
291.007
291.007
291.007
291.03
291.03
291.054
291.054
291.084
291.084
291.104
291.104
291.119
291.119
291.119
291.133
291.133
291.151
291.151
291.164
291.164
291.173
291.173
291.173
291.182
291.182
291.194
291.194
291.202
291.202
291.202
291.21
291.21
291.218
291.218
291.228
291.228
291.236
291.236
291.236
291.243
291.243
291.252
291.252
291.267
291.267
291.284
291.284
291.284
291.324
291.324
291.456
291.456
)
;
    }
    interface_top
    {
        type            fixedValue;
        value           nonuniform List<scalar> 
90
(
315.735
315.735
314.967
314.967
314.349
314.349
314.349
313.716
313.716
312.852
312.852
312.199
312.199
311.664
311.664
311.664
311.123
311.123
310.402
310.402
309.882
309.882
309.882
309.4
309.4
308.842
308.842
308.127
308.127
307.623
307.623
307.623
307.163
307.163
306.634
306.634
305.954
305.954
305.473
305.473
305.473
305.028
305.028
304.503
304.503
303.806
303.806
303.286
303.286
302.859
302.859
302.859
302.419
302.419
301.816
301.816
301.367
301.367
301.367
300.93
300.93
300.398
300.398
299.68
299.68
299.147
299.147
299.147
298.625
298.625
297.983
297.983
297.112
297.112
296.461
296.461
296.461
295.82
295.82
295.031
295.031
293.966
293.966
293.175
293.175
293.175
292.405
292.405
291.456
291.456
)
;
    }
    interface_bottom
    {
        type            fixedValue;
        value           nonuniform List<scalar> 
90
(
315.066
315.066
314.259
314.259
314.259
313.505
313.505
312.616
312.616
311.469
311.469
310.642
310.642
309.982
309.982
309.982
309.321
309.321
308.449
308.449
307.813
307.813
307.303
307.303
307.303
306.794
306.794
306.128
306.128
305.656
305.656
305.656
305.217
305.217
304.705
304.705
304.05
304.05
303.588
303.588
303.588
303.152
303.152
302.63
302.63
301.941
301.941
301.429
301.429
301.003
301.003
301.003
300.554
300.554
299.939
299.939
299.482
299.482
299.482
299.032
299.032
298.482
298.482
297.756
297.756
297.226
297.226
297.226
296.711
296.711
296.087
296.087
295.268
295.268
294.674
294.674
294.674
294.101
294.101
293.411
293.411
292.505
292.505
291.847
291.847
291.847
291.209
291.209
290.416
290.416
)
;
    }
    defaultFaces
    {
        type            empty;
    }
}


// ************************************************************************* //
