/*--------------------------------*- C++ -*----------------------------------*\
| =========                 |                                                 |
| \\      /  F ield         | OpenFOAM: The Open Source CFD Toolbox           |
|  \\    /   O peration     | Version:  5.x                                   |
|   \\  /    A nd           | Web:      www.OpenFOAM.org                      |
|    \\/     M anipulation  |                                                 |
\*---------------------------------------------------------------------------*/
FoamFile
{
    version     2.0;
    format      ascii;
    class       volScalarField;
    location    "1.3";
    object      T;
}
// * * * * * * * * * * * * * * * * * * * * * * * * * * * * * * * * * * * * * //

dimensions      [0 0 0 1 0 0 0];

internalField   nonuniform List<scalar> 
6300
(
322.73
322.19
321.651
321.113
320.576
320.042
319.511
318.983
318.459
317.939
317.423
316.913
316.409
315.911
315.42
322.73
322.189
321.649
321.111
320.574
320.04
319.508
318.979
318.454
317.934
317.418
316.908
316.403
315.905
315.413
322.729
322.188
321.647
321.108
320.57
320.034
319.501
318.972
318.446
317.924
317.408
316.896
316.391
315.892
315.399
322.728
322.186
321.643
321.102
320.563
320.026
319.492
318.961
318.433
317.91
317.392
316.879
316.373
315.872
315.378
322.727
322.183
321.639
321.096
320.554
320.015
319.479
318.946
318.416
317.891
317.371
316.857
316.348
315.846
315.351
322.726
322.179
321.633
321.087
320.544
320.002
319.463
318.927
318.395
317.868
317.345
316.828
316.317
315.813
315.316
322.725
322.175
321.626
321.077
320.531
319.986
319.444
318.905
318.37
317.839
317.313
316.793
316.279
315.773
315.274
322.723
322.17
321.617
321.066
320.516
319.967
319.422
318.879
318.34
317.805
317.276
316.752
316.235
315.725
315.223
322.721
322.164
321.608
321.053
320.499
319.946
319.397
318.85
318.306
317.767
317.232
316.704
316.183
315.67
315.165
322.719
322.158
321.598
321.038
320.48
319.923
319.369
318.817
318.268
317.723
317.183
316.649
316.123
315.605
315.098
322.717
322.152
321.587
321.023
320.46
319.898
319.338
318.78
318.226
317.675
317.128
316.587
316.054
315.531
315.019
322.715
322.145
321.575
321.006
320.438
319.871
319.305
318.742
318.18
317.622
317.067
316.518
315.976
315.445
314.928
322.713
322.138
321.563
320.989
320.415
319.843
319.271
318.7
318.132
317.565
317.001
316.441
315.888
315.345
314.82
322.71
322.13
321.55
320.971
320.392
319.813
319.235
318.658
318.081
317.505
316.931
316.358
315.789
315.228
314.686
322.707
322.122
321.538
320.953
320.368
319.783
319.199
318.614
318.03
317.445
316.859
316.272
315.682
315.092
314.51
314.976
314.577
314.183
313.795
313.413
313.036
312.666
312.301
311.943
311.591
311.246
310.908
310.577
310.253
309.936
309.626
309.324
309.028
308.74
308.459
308.186
307.919
307.658
307.405
307.157
306.916
306.681
306.451
306.227
306.007
305.793
305.582
305.376
305.174
304.975
304.78
304.587
304.397
304.209
304.023
303.839
303.656
303.474
303.293
303.112
302.931
302.751
302.57
302.388
302.205
302.021
301.835
301.647
301.457
301.264
301.068
300.869
300.667
300.46
300.25
300.035
299.815
299.59
299.36
299.125
298.884
298.637
298.384
298.125
297.859
297.587
297.308
297.022
296.73
296.431
296.124
295.811
295.491
295.163
294.829
294.488
294.14
293.785
293.423
293.054
292.679
292.298
291.91
291.516
291.116
314.968
314.569
314.176
313.787
313.405
313.028
312.657
312.292
311.934
311.582
311.237
310.898
310.567
310.243
309.926
309.616
309.313
309.018
308.73
308.449
308.176
307.909
307.649
307.396
307.149
306.908
306.673
306.443
306.219
306
305.786
305.577
305.371
305.169
304.971
304.776
304.583
304.394
304.206
304.021
303.837
303.654
303.473
303.292
303.112
302.932
302.751
302.571
302.389
302.207
302.023
301.838
301.65
301.461
301.268
301.073
300.874
300.672
300.466
300.256
300.041
299.822
299.598
299.368
299.133
298.892
298.645
298.393
298.134
297.868
297.596
297.317
297.032
296.74
296.44
296.134
295.821
295.501
295.173
294.839
294.498
294.149
293.794
293.432
293.064
292.688
292.307
291.919
291.524
291.124
314.954
314.555
314.16
313.772
313.388
313.011
312.64
312.274
311.915
311.563
311.217
310.879
310.547
310.222
309.905
309.595
309.293
308.998
308.71
308.429
308.156
307.89
307.63
307.377
307.131
306.891
306.657
306.428
306.205
305.987
305.774
305.565
305.36
305.159
304.962
304.767
304.576
304.387
304.2
304.016
303.833
303.651
303.47
303.291
303.111
302.932
302.752
302.573
302.392
302.211
302.028
301.843
301.657
301.468
301.277
301.082
300.884
300.683
300.478
300.269
300.055
299.836
299.612
299.384
299.149
298.909
298.663
298.41
298.152
297.887
297.615
297.337
297.051
296.759
296.46
296.154
295.841
295.52
295.193
294.859
294.517
294.169
293.813
293.451
293.082
292.707
292.325
291.936
291.541
291.141
314.932
314.532
314.137
313.748
313.364
312.986
312.613
312.247
311.888
311.535
311.188
310.849
310.517
310.192
309.874
309.564
309.262
308.967
308.679
308.399
308.126
307.861
307.602
307.35
307.105
306.866
306.633
306.405
306.184
305.967
305.755
305.547
305.344
305.144
304.948
304.755
304.565
304.377
304.192
304.009
303.827
303.647
303.467
303.289
303.11
302.932
302.754
302.576
302.396
302.216
302.035
301.852
301.666
301.479
301.289
301.096
300.9
300.7
300.496
300.288
300.075
299.857
299.635
299.407
299.173
298.934
298.689
298.437
298.179
297.915
297.643
297.365
297.081
296.789
296.49
296.184
295.871
295.55
295.223
294.888
294.547
294.198
293.842
293.48
293.11
292.734
292.351
291.962
291.567
291.165
314.904
314.502
314.106
313.716
313.331
312.952
312.579
312.211
311.851
311.496
311.149
310.809
310.476
310.15
309.833
309.522
309.22
308.925
308.638
308.359
308.087
307.822
307.564
307.314
307.07
306.832
306.601
306.375
306.155
305.94
305.73
305.524
305.322
305.124
304.93
304.739
304.551
304.365
304.181
303.999
303.819
303.641
303.463
303.286
303.109
302.933
302.757
302.58
302.402
302.224
302.044
301.863
301.679
301.494
301.306
301.114
300.92
300.722
300.52
300.313
300.102
299.886
299.665
299.438
299.206
298.967
298.723
298.473
298.216
297.952
297.681
297.404
297.12
296.828
296.529
296.224
295.911
295.59
295.263
294.928
294.586
294.237
293.881
293.518
293.148
292.771
292.388
291.997
291.601
291.198
314.867
314.465
314.068
313.676
313.29
312.91
312.535
312.167
311.804
311.449
311.1
310.758
310.424
310.098
309.78
309.47
309.167
308.873
308.586
308.307
308.036
307.773
307.517
307.268
307.025
306.79
306.56
306.337
306.119
305.906
305.698
305.495
305.295
305.1
304.908
304.719
304.532
304.349
304.167
303.988
303.81
303.633
303.457
303.283
303.108
302.934
302.759
302.585
302.409
302.233
302.056
301.877
301.696
301.512
301.327
301.138
300.945
300.749
300.549
300.345
300.136
299.922
299.702
299.477
299.246
299.01
298.767
298.517
298.261
297.999
297.729
297.452
297.169
296.878
296.579
296.274
295.961
295.641
295.313
294.978
294.636
294.286
293.929
293.566
293.195
292.817
292.433
292.042
291.644
291.239
314.823
314.419
314.021
313.628
313.241
312.859
312.483
312.113
311.748
311.391
311.04
310.697
310.362
310.035
309.716
309.406
309.103
308.809
308.523
308.245
307.975
307.713
307.459
307.212
306.972
306.738
306.511
306.291
306.075
305.865
305.66
305.459
305.263
305.07
304.881
304.694
304.511
304.33
304.151
303.974
303.798
303.624
303.451
303.279
303.106
302.934
302.763
302.59
302.418
302.244
302.069
301.893
301.715
301.535
301.352
301.166
300.976
300.783
300.586
300.384
300.177
299.965
299.747
299.524
299.296
299.061
298.819
298.572
298.317
298.055
297.787
297.511
297.228
296.937
296.64
296.334
296.022
295.701
295.374
295.038
294.695
294.345
293.988
293.623
293.252
292.873
292.488
292.096
291.696
291.29
314.771
314.366
313.967
313.573
313.185
312.801
312.423
312.05
311.683
311.323
310.97
310.625
310.288
309.96
309.641
309.33
309.028
308.734
308.449
308.172
307.903
307.643
307.39
307.146
306.908
306.678
306.454
306.236
306.024
305.817
305.616
305.418
305.225
305.036
304.849
304.666
304.485
304.307
304.132
303.958
303.785
303.614
303.444
303.274
303.105
302.935
302.766
302.597
302.427
302.257
302.085
301.912
301.738
301.561
301.381
301.198
301.012
300.822
300.628
300.429
300.225
300.016
299.801
299.58
299.353
299.12
298.881
298.635
298.382
298.122
297.855
297.58
297.297
297.007
296.71
296.406
296.093
295.773
295.445
295.109
294.765
294.414
294.056
293.691
293.319
292.939
292.553
292.159
291.758
291.35
314.711
314.305
313.905
313.51
313.121
312.736
312.355
311.979
311.609
311.245
310.888
310.541
310.202
309.873
309.553
309.242
308.94
308.647
308.362
308.086
307.819
307.561
307.311
307.069
306.835
306.609
306.388
306.174
305.966
305.763
305.565
305.372
305.182
304.996
304.814
304.634
304.457
304.282
304.11
303.939
303.77
303.603
303.436
303.269
303.102
302.936
302.77
302.604
302.437
302.271
302.103
301.934
301.763
301.59
301.415
301.236
301.054
300.868
300.677
300.482
300.281
300.074
299.862
299.644
299.42
299.189
298.953
298.709
298.458
298.199
297.933
297.659
297.377
297.088
296.792
296.488
296.176
295.856
295.527
295.191
294.846
294.494
294.134
293.768
293.396
293.016
292.628
292.233
291.83
291.42
314.642
314.235
313.835
313.44
313.05
312.664
312.28
311.9
311.525
311.156
310.795
310.443
310.102
309.772
309.452
309.141
308.84
308.547
308.263
307.988
307.723
307.467
307.22
306.982
306.752
306.53
306.313
306.103
305.899
305.701
305.508
305.319
305.134
304.953
304.774
304.598
304.424
304.253
304.085
303.919
303.754
303.59
303.427
303.263
303.1
302.937
302.774
302.611
302.448
302.286
302.123
301.959
301.792
301.624
301.453
301.278
301.101
300.919
300.733
300.542
300.345
300.141
299.932
299.716
299.495
299.268
299.034
298.793
298.545
298.288
298.022
297.749
297.468
297.179
296.884
296.581
296.27
295.95
295.622
295.284
294.937
294.583
294.222
293.855
293.482
293.102
292.715
292.319
291.914
291.501
314.562
314.156
313.757
313.364
312.975
312.588
312.201
311.815
311.433
311.056
310.688
310.331
309.987
309.656
309.337
309.028
308.728
308.436
308.151
307.877
307.613
307.359
307.117
306.884
306.659
306.441
306.23
306.024
305.825
305.632
305.444
305.261
305.082
304.905
304.73
304.558
304.388
304.221
304.057
303.896
303.737
303.577
303.418
303.258
303.097
302.937
302.777
302.617
302.459
302.302
302.144
301.986
301.825
301.661
301.495
301.326
301.153
300.978
300.797
300.611
300.417
300.217
300.01
299.797
299.579
299.355
299.125
298.888
298.643
298.388
298.123
297.85
297.568
297.28
296.986
296.686
296.377
296.058
295.729
295.389
295.039
294.682
294.319
293.951
293.579
293.2
292.813
292.416
292.01
291.593
314.47
314.066
313.67
313.283
312.898
312.51
312.12
311.726
311.332
310.943
310.565
310.2
309.853
309.523
309.208
308.903
308.605
308.312
308.026
307.751
307.487
307.237
306.999
306.774
306.556
306.345
306.138
305.936
305.741
305.554
305.374
305.199
305.026
304.854
304.684
304.514
304.348
304.185
304.026
303.871
303.718
303.565
303.41
303.253
303.095
302.936
302.778
302.623
302.469
302.318
302.167
302.016
301.861
301.703
301.541
301.377
301.211
301.043
300.869
300.689
300.5
300.303
300.097
299.886
299.67
299.45
299.226
298.996
298.754
298.502
298.237
297.962
297.678
297.39
297.098
296.802
296.497
296.181
295.851
295.507
295.152
294.788
294.422
294.054
293.685
293.31
292.925
292.528
292.119
291.7
314.362
313.963
313.573
313.198
312.825
312.438
312.044
311.636
311.226
310.814
310.421
310.045
309.696
309.368
309.064
308.769
308.473
308.179
307.886
307.607
307.342
307.096
306.865
306.651
306.446
306.241
306.038
305.838
305.648
305.467
305.297
305.133
304.968
304.803
304.635
304.468
304.301
304.142
303.989
303.844
303.701
303.554
303.405
303.251
303.094
302.934
302.777
302.624
302.476
302.332
302.192
302.051
301.902
301.749
301.59
301.431
301.272
301.114
300.952
300.779
300.595
300.399
300.194
299.98
299.766
299.551
299.338
299.118
298.882
298.633
298.365
298.086
297.795
297.505
297.215
296.929
296.636
296.323
295.993
295.641
295.277
294.899
294.526
294.157
293.798
293.435
293.053
292.657
292.244
291.824
314.228
313.847
313.453
313.111
312.77
312.378
311.987
311.548
311.123
310.66
310.252
309.852
309.509
309.181
308.905
308.638
308.338
308.045
307.726
307.445
307.169
306.932
306.707
306.517
306.335
306.133
305.936
305.725
305.541
305.363
305.213
305.069
304.91
304.755
304.584
304.42
304.245
304.09
303.941
303.813
303.688
303.548
303.408
303.251
303.097
302.926
302.772
302.617
302.478
302.341
302.219
302.095
301.951
301.804
301.638
301.486
301.331
301.192
301.05
300.883
300.709
300.507
300.304
300.074
299.863
299.649
299.458
299.262
299.03
298.79
298.51
298.228
297.91
297.62
297.326
297.067
296.802
296.489
296.167
295.794
295.421
295.003
294.625
294.246
293.917
293.586
293.201
292.812
292.378
291.968
314.042
313.752
313.258
313.022
312.79
312.317
311.998
311.443
311.075
310.425
310.074
309.575
309.301
308.918
308.733
308.554
308.193
307.948
307.512
307.275
306.939
306.754
306.497
306.373
306.253
306.016
305.856
305.574
305.424
305.218
305.12
305.027
304.848
304.728
304.525
304.39
304.158
304.032
303.861
303.778
303.698
303.542
303.434
303.249
303.122
302.896
302.769
302.585
302.479
302.326
302.249
302.168
302.003
301.885
301.667
301.545
301.366
301.276
301.184
300.996
300.862
300.62
300.45
300.14
299.966
299.713
299.587
299.458
299.192
299.002
298.659
298.42
297.984
297.741
297.387
297.213
297.035
296.67
296.412
295.948
295.628
295.047
294.727
294.264
294.039
293.815
293.352
293.035
292.474
292.157
290.67
290.176
289.674
289.165
288.65
288.129
287.603
287.072
286.537
285.999
285.457
284.914
284.368
283.821
283.274
290.678
290.183
289.68
289.171
288.655
288.134
287.607
287.076
286.54
286.001
285.46
284.915
284.369
283.822
283.274
290.693
290.197
289.694
289.184
288.667
288.144
287.616
287.084
286.547
286.007
285.464
284.919
284.372
283.824
283.275
290.717
290.219
289.714
289.202
288.684
288.16
287.63
287.096
286.557
286.016
285.471
284.924
284.376
283.826
283.275
290.748
290.249
289.742
289.228
288.707
288.18
287.648
287.111
286.571
286.027
285.48
284.931
284.381
283.829
283.276
290.788
290.286
289.776
289.259
288.735
288.206
287.671
287.131
286.588
286.041
285.492
284.94
284.387
283.833
283.278
290.836
290.331
289.818
289.298
288.77
288.237
287.698
287.155
286.608
286.058
285.505
284.951
284.394
283.837
283.279
290.893
290.385
289.868
289.343
288.811
288.273
287.729
287.182
286.631
286.077
285.521
284.962
284.403
283.842
283.281
290.959
290.447
289.925
289.394
288.857
288.313
287.765
287.213
286.657
286.099
285.538
284.976
284.412
283.848
283.283
291.036
290.518
289.99
289.453
288.909
288.359
287.805
287.247
286.686
286.122
285.557
284.99
284.422
283.854
283.285
291.125
290.6
290.064
289.519
288.967
288.409
287.848
287.284
286.717
286.148
285.578
285.006
284.433
283.86
283.287
291.227
290.693
290.147
289.592
289.03
288.464
287.894
287.323
286.75
286.175
285.599
285.022
284.445
283.867
283.289
291.345
290.799
290.239
289.67
289.097
288.521
287.943
287.364
286.784
286.203
285.622
285.04
284.457
283.874
283.291
291.485
290.92
290.339
289.754
289.167
288.58
287.993
287.406
286.819
286.232
285.644
285.057
284.469
283.882
283.294
291.664
291.056
290.444
289.838
289.236
288.638
288.042
287.448
286.854
286.26
285.667
285.075
284.482
283.889
283.296
322.705
322.115
321.526
320.936
320.346
319.756
319.166
318.575
317.983
317.39
316.794
316.194
315.586
314.96
314.283
322.703
322.109
321.515
320.921
320.326
319.731
319.136
318.539
317.942
317.342
316.739
316.13
315.511
314.875
314.206
322.701
322.103
321.504
320.906
320.307
319.707
319.107
318.505
317.902
317.296
316.687
316.072
315.449
314.813
314.159
322.699
322.096
321.494
320.891
320.287
319.683
319.078
318.472
317.864
317.253
316.639
316.02
315.395
314.763
314.126
322.697
322.09
321.484
320.876
320.269
319.66
319.051
318.44
317.828
317.213
316.595
315.973
315.347
314.715
314.074
322.695
322.084
321.474
320.863
320.251
319.638
319.025
318.41
317.793
317.174
316.553
315.929
315.303
314.675
314.047
322.693
322.079
321.464
320.849
320.233
319.617
318.999
318.38
317.76
317.138
316.513
315.887
315.26
314.634
314.018
322.691
322.073
321.455
320.836
320.217
319.596
318.975
318.352
317.728
317.102
316.475
315.846
315.216
314.586
313.957
322.689
322.068
321.446
320.823
320.2
319.577
318.952
318.325
317.698
317.069
316.438
315.805
315.172
314.539
313.915
322.688
322.062
321.437
320.811
320.185
319.558
318.929
318.3
317.669
317.036
316.402
315.765
315.127
314.486
313.836
322.686
322.057
321.429
320.8
320.17
319.539
318.908
318.275
317.641
317.005
316.367
315.727
315.084
314.439
313.794
322.684
322.053
321.421
320.789
320.156
319.522
318.887
318.251
317.614
316.975
316.334
315.69
315.044
314.393
313.732
322.683
322.048
321.413
320.778
320.142
319.505
318.867
318.229
317.588
316.946
316.302
315.656
315.007
314.354
313.698
322.681
322.044
321.406
320.768
320.129
319.489
318.849
318.207
317.564
316.919
316.273
315.624
314.972
314.317
313.651
322.68
322.04
321.399
320.758
320.116
319.474
318.831
318.186
317.541
316.893
316.245
315.594
314.941
314.286
313.63
322.679
322.036
321.392
320.749
320.104
319.459
318.814
318.167
317.519
316.869
316.218
315.565
314.911
314.258
313.609
322.677
322.032
321.386
320.74
320.093
319.446
318.797
318.148
317.497
316.846
316.192
315.538
314.882
314.225
313.567
322.676
322.028
321.38
320.731
320.082
319.432
318.782
318.13
317.477
316.823
316.168
315.511
314.853
314.194
313.539
322.675
322.025
321.374
320.723
320.072
319.42
318.767
318.113
317.458
316.802
316.145
315.486
314.825
314.161
313.49
322.674
322.021
321.369
320.716
320.062
319.408
318.753
318.097
317.44
316.782
316.123
315.461
314.798
314.132
313.465
322.673
322.018
321.363
320.708
320.053
319.397
318.74
318.082
317.423
316.763
316.102
315.439
314.774
314.106
313.43
322.672
322.015
321.358
320.701
320.044
319.386
318.727
318.067
317.407
316.745
316.082
315.418
314.752
314.084
313.414
322.671
322.012
321.354
320.695
320.036
319.376
318.715
318.054
317.391
316.728
316.063
315.398
314.731
314.064
313.4
322.67
322.01
321.349
320.689
320.028
319.366
318.704
318.04
317.376
316.712
316.046
315.379
314.711
314.042
313.372
322.669
322.007
321.345
320.683
320.02
319.357
318.693
318.028
317.363
316.696
316.029
315.36
314.691
314.022
313.355
322.668
322.005
321.341
320.677
320.013
319.348
318.683
318.016
317.349
316.681
316.012
315.343
314.672
314
313.326
322.668
322.003
321.337
320.672
320.006
319.34
318.673
318.005
317.337
316.667
315.997
315.326
314.653
313.979
313.307
322.667
322
321.334
320.667
320
319.332
318.664
317.995
317.325
316.654
315.983
315.31
314.635
313.958
313.276
322.666
321.998
321.331
320.662
319.994
319.325
318.655
317.985
317.314
316.642
315.969
315.295
314.619
313.941
313.261
322.666
321.997
321.328
320.658
319.988
319.318
318.648
317.976
317.304
316.631
315.957
315.281
314.604
313.925
313.24
322.665
321.995
321.325
320.654
319.983
319.312
318.64
317.968
317.294
316.62
315.945
315.269
314.591
313.912
313.231
322.664
321.993
321.322
320.65
319.979
319.306
318.633
317.96
317.285
316.61
315.934
315.257
314.579
313.901
313.223
322.664
321.992
321.319
320.647
319.974
319.301
318.627
317.952
317.277
316.601
315.924
315.247
314.568
313.889
313.208
322.663
321.99
321.317
320.644
319.97
319.296
318.621
317.946
317.27
316.593
315.915
315.237
314.558
313.878
313.199
322.663
321.989
321.315
320.641
319.966
319.291
318.616
317.94
317.263
316.585
315.907
315.228
314.548
313.867
313.184
322.663
321.988
321.313
320.638
319.963
319.287
318.611
317.934
317.257
316.578
315.899
315.219
314.538
313.857
313.175
322.662
321.987
321.311
320.636
319.96
319.283
318.606
317.929
317.251
316.572
315.892
315.212
314.53
313.847
313.161
322.662
321.986
321.31
320.634
319.957
319.28
318.603
317.924
317.246
316.566
315.886
315.205
314.522
313.839
313.154
322.662
321.985
321.309
320.632
319.955
319.277
318.599
317.92
317.241
316.561
315.881
315.199
314.516
313.832
313.145
322.662
321.985
321.307
320.63
319.952
319.274
318.596
317.917
317.237
316.557
315.876
315.194
314.511
313.827
313.141
322.661
321.984
321.306
320.629
319.951
319.272
318.593
317.914
317.234
316.553
315.872
315.19
314.506
313.823
313.139
322.661
321.983
321.306
320.628
319.949
319.27
318.591
317.912
317.231
316.55
315.869
315.186
314.503
313.819
313.134
322.661
321.983
321.305
320.627
319.948
319.269
318.59
317.91
317.229
316.548
315.866
315.183
314.5
313.816
313.131
322.661
321.983
321.304
320.626
319.947
319.268
318.588
317.908
317.228
316.546
315.864
315.181
314.498
313.813
313.127
322.661
321.983
321.304
320.625
319.947
319.267
318.588
317.907
317.226
316.545
315.863
315.18
314.496
313.811
313.126
322.661
321.982
321.304
320.625
319.946
319.267
318.587
317.907
317.226
316.544
315.862
315.179
314.495
313.81
313.125
322.661
321.982
321.304
320.625
319.946
319.267
318.587
317.907
317.226
316.544
315.862
315.179
314.495
313.81
313.124
322.661
321.983
321.304
320.626
319.947
319.267
318.588
317.907
317.227
316.545
315.863
315.18
314.496
313.811
313.125
322.661
321.983
321.305
320.626
319.947
319.268
318.589
317.909
317.228
316.546
315.864
315.181
314.497
313.812
313.126
322.661
321.983
321.305
320.627
319.948
319.269
318.59
317.91
317.229
316.548
315.866
315.183
314.499
313.814
313.128
322.661
321.984
321.306
320.628
319.95
319.271
318.592
317.912
317.232
316.551
315.869
315.186
314.502
313.817
313.131
322.661
321.984
321.307
320.629
319.951
319.273
318.594
317.915
317.235
316.554
315.872
315.19
314.506
313.821
313.135
322.662
321.985
321.308
320.631
319.953
319.275
318.597
317.918
317.238
316.558
315.877
315.194
314.511
313.827
313.142
322.662
321.986
321.309
320.632
319.955
319.278
318.6
317.922
317.242
316.562
315.882
315.2
314.517
313.833
313.148
322.662
321.986
321.311
320.634
319.958
319.281
318.604
317.926
317.247
316.568
315.887
315.206
314.524
313.841
313.159
322.662
321.987
321.312
320.637
319.961
319.285
318.608
317.931
317.252
316.574
315.894
315.213
314.532
313.849
313.166
322.663
321.989
321.314
320.639
319.964
319.289
318.613
317.936
317.258
316.58
315.901
315.221
314.54
313.858
313.177
322.663
321.99
321.316
320.642
319.968
319.293
318.618
317.942
317.265
316.587
315.909
315.229
314.548
313.866
313.183
322.664
321.991
321.318
320.645
319.972
319.298
318.624
317.948
317.272
316.596
315.918
315.239
314.558
313.876
313.19
322.664
321.993
321.321
320.649
319.976
319.303
318.63
317.956
317.281
316.605
315.927
315.249
314.569
313.887
313.204
322.665
321.994
321.323
320.652
319.981
319.309
318.637
317.964
317.289
316.614
315.938
315.261
314.582
313.9
313.215
322.665
321.996
321.326
320.657
319.986
319.316
318.644
317.972
317.299
316.625
315.95
315.274
314.596
313.916
313.236
322.666
321.998
321.329
320.661
319.992
319.322
318.652
317.981
317.309
316.637
315.963
315.288
314.611
313.933
313.251
322.667
322
321.333
320.666
319.998
319.33
318.661
317.991
317.321
316.649
315.977
315.303
314.628
313.953
313.28
322.667
322.002
321.336
320.671
320.004
319.338
318.67
318.002
317.333
316.662
315.991
315.319
314.646
313.972
313.296
322.668
322.004
321.34
320.676
320.011
319.346
318.68
318.013
317.345
316.677
316.007
315.336
314.664
313.991
313.322
322.669
322.007
321.344
320.682
320.018
319.355
318.69
318.025
317.359
316.692
316.023
315.353
314.682
314.009
313.335
322.67
322.009
321.349
320.688
320.026
319.364
318.701
318.038
317.373
316.708
316.041
315.372
314.701
314.028
313.348
322.671
322.012
321.353
320.694
320.034
319.374
318.713
318.051
317.389
316.725
316.059
315.392
314.723
314.051
313.377
322.672
322.015
321.358
320.701
320.043
319.385
318.726
318.066
317.405
316.743
316.079
315.414
314.747
314.076
313.399
322.673
322.018
321.363
320.708
320.052
319.396
318.739
318.081
317.422
316.762
316.101
315.438
314.773
314.106
313.438
322.674
322.021
321.368
320.715
320.062
319.407
318.752
318.097
317.44
316.782
316.123
315.463
314.801
314.137
313.466
322.675
322.024
321.374
320.723
320.072
319.42
318.767
318.113
317.459
316.803
316.147
315.489
314.83
314.172
313.518
322.676
322.028
321.38
320.731
320.082
319.432
318.782
318.131
317.478
316.825
316.171
315.516
314.86
314.204
313.547
322.677
322.032
321.386
320.74
320.093
319.446
318.798
318.149
317.499
316.848
316.196
315.543
314.89
314.237
313.591
322.678
322.035
321.392
320.748
320.104
319.46
318.814
318.168
317.52
316.872
316.222
315.571
314.919
314.266
313.612
322.68
322.039
321.399
320.758
320.116
319.474
318.831
318.187
317.542
316.896
316.249
315.6
314.949
314.295
313.633
322.681
322.044
321.406
320.767
320.129
319.489
318.849
318.208
317.565
316.922
316.277
315.63
314.982
314.331
313.678
322.683
322.048
321.413
320.777
320.141
319.505
318.867
318.229
317.589
316.948
316.306
315.662
315.017
314.367
313.71
322.684
322.052
321.42
320.788
320.155
319.521
318.887
318.251
317.614
316.976
316.337
315.696
315.054
314.41
313.767
322.686
322.057
321.428
320.799
320.169
319.538
318.907
318.274
317.64
317.005
316.368
315.731
315.092
314.452
313.805
322.687
322.062
321.436
320.81
320.183
319.556
318.927
318.298
317.667
317.034
316.401
315.766
315.131
314.498
313.874
322.689
322.067
321.445
320.822
320.199
319.574
318.949
318.322
317.695
317.065
316.434
315.802
315.17
314.539
313.91
322.691
322.072
321.453
320.834
320.214
319.594
318.972
318.348
317.723
317.097
316.468
315.838
315.207
314.579
313.959
322.693
322.078
321.463
320.847
320.231
319.614
318.995
318.375
317.754
317.13
316.504
315.875
315.244
314.612
313.982
322.694
322.083
321.472
320.86
320.248
319.635
319.02
318.404
317.786
317.165
316.541
315.913
315.281
314.644
314.001
322.696
322.089
321.482
320.874
320.266
319.656
319.046
318.434
317.819
317.202
316.581
315.954
315.321
314.68
314.034
322.698
322.095
321.492
320.888
320.284
319.679
319.073
318.465
317.855
317.242
316.625
316.001
315.367
314.719
314.054
322.701
322.102
321.502
320.903
320.303
319.703
319.101
318.498
317.894
317.286
316.673
316.054
315.422
314.769
314.074
322.703
322.108
321.513
320.918
320.323
319.727
319.13
318.533
317.934
317.332
316.727
316.116
315.493
314.848
314.144
291.891
291.183
290.536
289.911
289.297
288.69
288.086
287.485
286.885
286.286
285.688
285.091
284.493
283.896
283.299
291.957
291.258
290.602
289.969
289.348
288.734
288.125
287.518
286.913
286.31
285.707
285.105
284.503
283.902
283.301
291.967
291.302
290.654
290.019
289.394
288.775
288.161
287.549
286.94
286.332
285.725
285.119
284.513
283.908
283.303
291.978
291.335
290.695
290.062
289.436
288.814
288.195
287.58
286.966
286.354
285.743
285.133
284.523
283.914
283.305
291.994
291.365
290.732
290.101
289.474
288.849
288.227
287.608
286.991
286.375
285.76
285.146
284.532
283.919
283.306
292.025
291.398
290.768
290.138
289.509
288.883
288.258
287.635
287.014
286.395
285.776
285.158
284.541
283.925
283.308
292.051
291.432
290.804
290.173
289.543
288.914
288.287
287.661
287.037
286.414
285.792
285.171
284.55
283.93
283.31
292.101
291.472
290.841
290.209
289.576
288.945
288.315
287.686
287.059
286.433
285.807
285.183
284.559
283.935
283.312
292.137
291.512
290.879
290.244
289.609
288.975
288.342
287.71
287.08
286.45
285.822
285.194
284.567
283.94
283.313
292.206
291.558
290.918
290.279
289.641
289.004
288.368
287.733
287.1
286.468
285.836
285.205
284.575
283.945
283.315
292.243
291.6
290.955
290.313
289.672
289.032
288.393
287.756
287.119
286.484
285.849
285.216
284.582
283.949
283.316
292.299
291.641
290.992
290.346
289.701
289.059
288.417
287.777
287.138
286.5
285.863
285.226
284.589
283.954
283.318
292.33
291.677
291.026
290.377
289.73
289.085
288.441
287.798
287.156
286.515
285.875
285.236
284.596
283.958
283.319
292.375
291.712
291.058
290.407
289.758
289.11
288.463
287.818
287.173
286.53
285.887
285.245
284.603
283.962
283.321
292.395
291.741
291.087
290.435
289.784
289.134
288.485
287.837
287.19
286.544
285.899
285.254
284.61
283.966
283.322
292.416
291.769
291.116
290.462
289.809
289.157
288.506
287.855
287.206
286.558
285.91
285.263
284.616
283.969
283.323
292.459
291.802
291.145
290.489
289.834
289.179
288.526
287.873
287.222
286.571
285.921
285.271
284.622
283.973
283.324
292.487
291.833
291.175
290.516
289.858
289.201
288.545
287.89
287.236
286.583
285.931
285.279
284.627
283.976
283.325
292.538
291.868
291.204
290.542
289.881
289.222
288.564
287.907
287.25
286.595
285.941
285.287
284.633
283.98
283.327
292.566
291.898
291.231
290.566
289.903
289.242
288.581
287.922
287.264
286.607
285.95
285.294
284.638
283.983
283.328
292.605
291.927
291.257
290.589
289.924
289.26
288.598
287.937
287.277
286.618
285.959
285.301
284.643
283.986
283.329
292.625
291.952
291.28
290.611
289.944
289.278
288.614
287.951
287.289
286.628
285.967
285.307
284.648
283.989
283.33
292.654
291.975
291.301
290.631
289.962
289.295
288.629
287.964
287.301
286.638
285.975
285.314
284.652
283.991
283.33
292.668
291.993
291.321
290.649
289.979
289.311
288.643
287.977
287.312
286.647
285.983
285.32
284.657
283.994
283.331
292.68
292.011
291.339
290.667
289.996
289.326
288.657
287.989
287.322
286.656
285.99
285.325
284.661
283.996
283.332
292.705
292.03
291.357
290.683
290.011
289.34
288.669
288
287.332
286.664
285.997
285.331
284.664
283.999
283.333
292.722
292.049
291.374
290.699
290.026
289.353
288.681
288.011
287.341
286.672
286.003
285.335
284.668
284.001
283.334
292.751
292.069
291.391
290.714
290.039
289.365
288.693
288.021
287.35
286.679
286.009
285.34
284.671
284.003
283.334
292.766
292.086
291.406
290.728
290.052
289.377
288.703
288.03
287.358
286.686
286.015
285.345
284.674
284.005
283.335
292.787
292.101
291.42
290.741
290.064
289.388
288.713
288.038
287.365
286.692
286.02
285.349
284.677
284.006
283.335
292.798
292.115
291.433
290.753
290.075
289.398
288.721
288.046
287.372
286.698
286.025
285.352
284.68
284.008
283.336
292.812
292.126
291.444
290.764
290.085
289.407
288.73
288.054
287.378
286.704
286.03
285.356
284.683
284.009
283.336
292.819
292.136
291.454
290.773
290.093
289.415
288.737
288.06
287.384
286.709
286.034
285.359
284.685
284.011
283.337
292.825
292.144
291.463
290.782
290.102
289.422
288.744
288.066
287.389
286.713
286.037
285.362
284.687
284.012
283.337
292.836
292.153
291.471
290.79
290.109
289.429
288.75
288.072
287.394
286.717
286.041
285.365
284.689
284.013
283.338
292.843
292.161
291.479
290.797
290.116
289.435
288.756
288.077
287.399
286.721
286.044
285.367
284.691
284.014
283.338
292.855
292.169
291.486
290.803
290.122
289.441
288.761
288.082
287.403
286.725
286.047
285.369
284.692
284.015
283.338
292.861
292.176
291.492
290.809
290.127
289.446
288.765
288.086
287.406
286.728
286.049
285.371
284.694
284.016
283.339
292.868
292.182
291.497
290.814
290.132
289.45
288.769
288.089
287.409
286.73
286.051
285.373
284.695
284.017
283.339
292.871
292.186
291.502
290.818
290.136
289.454
288.773
288.092
287.412
286.732
286.053
285.374
284.696
284.017
283.339
292.874
292.19
291.506
290.822
290.139
289.457
288.776
288.095
287.414
286.734
286.055
285.376
284.697
284.018
283.339
292.878
292.193
291.509
290.825
290.142
289.46
288.778
288.097
287.416
286.736
286.056
285.377
284.698
284.018
283.339
292.88
292.196
291.511
290.828
290.144
289.462
288.78
288.099
287.418
286.737
286.057
285.378
284.698
284.019
283.34
292.883
292.198
291.513
290.829
290.146
289.464
288.781
288.1
287.419
286.738
286.058
285.378
284.699
284.019
283.34
292.885
292.199
291.515
290.831
290.147
289.465
288.782
288.101
287.42
286.739
286.059
285.379
284.699
284.019
283.34
292.886
292.2
291.515
290.831
290.148
289.465
288.783
288.101
287.42
286.739
286.059
285.379
284.699
284.019
283.34
292.886
292.2
291.516
290.831
290.148
289.465
288.783
288.101
287.42
286.74
286.059
285.379
284.699
284.019
283.34
292.885
292.2
291.515
290.831
290.148
289.465
288.783
288.101
287.42
286.739
286.059
285.379
284.699
284.019
283.34
292.884
292.198
291.514
290.83
290.147
289.464
288.782
288.1
287.419
286.739
286.058
285.379
284.699
284.019
283.34
292.881
292.196
291.512
290.828
290.145
289.462
288.781
288.099
287.418
286.738
286.058
285.378
284.698
284.019
283.34
292.88
292.194
291.51
290.826
290.143
289.46
288.779
288.098
287.417
286.737
286.057
285.377
284.698
284.019
283.34
292.877
292.191
291.506
290.823
290.14
289.458
288.776
288.096
287.415
286.735
286.056
285.376
284.697
284.018
283.339
292.872
292.187
291.502
290.819
290.137
289.455
288.774
288.093
287.413
286.733
286.054
285.375
284.696
284.018
283.339
292.867
292.181
291.498
290.815
290.133
289.451
288.771
288.09
287.411
286.731
286.052
285.374
284.695
284.017
283.339
292.857
292.175
291.492
290.81
290.128
289.447
288.767
288.087
287.408
286.729
286.05
285.372
284.694
284.017
283.339
292.851
292.168
291.486
290.804
290.123
289.443
288.763
288.083
287.405
286.726
286.048
285.371
284.693
284.016
283.339
292.841
292.16
291.479
290.798
290.117
289.438
288.758
288.079
287.401
286.723
286.046
285.369
284.692
284.015
283.338
292.835
292.153
291.472
290.791
290.111
289.432
288.753
288.075
287.397
286.72
286.043
285.366
284.69
284.014
283.338
292.824
292.145
291.464
290.784
290.105
289.426
288.748
288.07
287.393
286.716
286.04
285.364
284.688
284.013
283.338
292.819
292.137
291.456
290.776
290.097
289.419
288.741
288.065
287.388
286.712
286.037
285.362
284.687
284.012
283.337
292.813
292.129
291.447
290.768
290.089
289.412
288.735
288.059
287.383
286.708
286.033
285.359
284.685
284.011
283.337
292.799
292.118
291.437
290.759
290.081
289.404
288.728
288.052
287.377
286.703
286.029
285.356
284.682
284.009
283.336
292.788
292.106
291.426
290.748
290.072
289.395
288.72
288.046
287.372
286.698
286.025
285.352
284.68
284.008
283.336
292.767
292.091
291.414
290.738
290.062
289.386
288.712
288.038
287.365
286.693
286.021
285.349
284.678
284.007
283.335
292.755
292.078
291.402
290.726
290.051
289.377
288.703
288.03
287.358
286.687
286.016
285.345
284.675
284.005
283.335
292.737
292.064
291.389
290.714
290.039
289.366
288.694
288.022
287.351
286.681
286.011
285.341
284.672
284.003
283.334
292.728
292.051
291.375
290.701
290.027
289.355
288.684
288.013
287.343
286.674
286.005
285.337
284.669
284.001
283.334
292.718
292.037
291.361
290.687
290.015
289.343
288.673
288.004
287.335
286.667
286
285.333
284.666
283.999
283.333
292.696
292.02
291.345
290.672
290.001
289.331
288.662
287.994
287.326
286.66
285.993
285.328
284.662
283.997
283.332
292.681
292.001
291.327
290.656
289.986
289.317
288.65
287.983
287.317
286.652
285.987
285.323
284.659
283.995
283.332
292.651
291.979
291.308
290.638
289.97
289.303
288.637
287.971
287.307
286.643
285.98
285.317
284.655
283.993
283.331
292.631
291.957
291.288
290.62
289.953
289.288
288.623
287.96
287.297
286.634
285.973
285.312
284.651
283.99
283.33
292.593
291.931
291.266
290.601
289.936
289.272
288.609
287.947
287.286
286.625
285.965
285.306
284.647
283.988
283.329
292.571
291.907
291.244
290.581
289.918
289.256
288.594
287.934
287.274
286.615
285.957
285.299
284.642
283.985
283.328
292.54
291.883
291.222
290.56
289.899
289.238
288.579
287.92
287.262
286.605
285.949
285.293
284.637
283.982
283.327
292.524
291.862
291.2
290.539
289.879
289.22
288.563
287.906
287.25
286.594
285.94
285.286
284.632
283.979
283.326
292.509
291.84
291.178
290.518
289.859
289.202
288.546
287.89
287.236
286.583
285.93
285.279
284.627
283.976
283.325
292.476
291.814
291.154
290.495
289.838
289.182
288.528
287.874
287.222
286.571
285.921
285.271
284.622
283.973
283.324
292.453
291.788
291.128
290.471
289.816
289.162
288.509
287.858
287.208
286.559
285.91
285.263
284.616
283.969
283.323
292.412
291.756
291.1
290.445
289.792
289.14
288.489
287.84
287.192
286.545
285.899
285.254
284.61
283.966
283.322
292.384
291.726
291.072
290.419
289.768
289.117
288.469
287.822
287.176
286.531
285.888
285.245
284.603
283.962
283.321
292.335
291.691
291.042
290.392
289.742
289.094
288.447
287.802
287.159
286.517
285.876
285.236
284.596
283.958
283.319
292.309
291.661
291.013
290.364
289.715
289.069
288.424
287.782
287.141
286.501
285.863
285.226
284.589
283.953
283.318
292.274
291.632
290.984
290.335
289.688
289.043
288.4
287.76
287.121
286.485
285.849
285.215
284.582
283.949
283.316
292.257
291.607
290.955
290.305
289.658
289.015
288.374
287.736
287.101
286.467
285.835
285.204
284.574
283.944
283.315
292.244
291.582
290.925
290.273
289.626
288.984
288.346
287.711
287.079
286.449
285.82
285.192
284.565
283.939
283.313
292.222
291.554
290.891
290.237
289.591
288.951
288.316
287.685
287.056
286.429
285.804
285.18
284.557
283.934
283.311
292.209
291.521
290.85
290.195
289.551
288.915
288.284
287.656
287.031
286.409
285.787
285.167
284.547
283.928
283.309
292.2
291.477
290.799
290.146
289.506
288.875
288.248
287.626
287.005
286.387
285.77
285.153
284.538
283.922
283.307
292.132
291.4
290.731
290.087
289.455
288.831
288.21
287.593
286.978
286.364
285.752
285.139
284.528
283.917
283.306
322.705
322.115
321.525
320.935
320.344
319.754
319.163
318.572
317.98
317.387
316.791
316.192
315.589
314.981
314.376
322.708
322.123
321.538
320.953
320.368
319.784
319.2
318.616
318.032
317.448
316.864
316.28
315.698
315.121
314.56
322.71
322.13
321.551
320.971
320.392
319.814
319.236
318.66
318.084
317.509
316.937
316.367
315.803
315.247
314.706
322.713
322.138
321.563
320.989
320.416
319.843
319.272
318.702
318.135
317.569
317.007
316.449
315.898
315.357
314.829
322.715
322.145
321.575
321.006
320.438
319.872
319.306
318.743
318.183
317.626
317.073
316.525
315.985
315.454
314.935
322.717
322.152
321.587
321.023
320.46
319.898
319.339
318.782
318.228
317.678
317.133
316.594
316.062
315.539
315.027
322.719
322.158
321.598
321.038
320.48
319.923
319.369
318.817
318.269
317.726
317.187
316.655
316.13
315.614
315.107
322.721
322.164
321.607
321.052
320.498
319.946
319.396
318.849
318.307
317.768
317.236
316.709
316.19
315.678
315.177
322.723
322.169
321.616
321.064
320.514
319.966
319.42
318.878
318.34
317.806
317.278
316.756
316.241
315.734
315.236
322.725
322.174
321.624
321.075
320.528
319.983
319.441
318.902
318.368
317.838
317.314
316.796
316.285
315.781
315.286
322.726
322.178
321.63
321.084
320.54
319.998
319.459
318.923
318.392
317.865
317.344
316.829
316.32
315.82
315.327
322.727
322.181
321.635
321.091
320.549
320.01
319.473
318.94
318.411
317.886
317.368
316.855
316.349
315.851
315.36
322.728
322.183
321.639
321.097
320.557
320.018
319.483
318.952
318.425
317.902
317.385
316.874
316.37
315.873
315.384
322.728
322.185
321.642
321.101
320.561
320.024
319.491
318.96
318.434
317.913
317.397
316.888
316.384
315.889
315.4
322.728
322.185
321.643
321.103
320.564
320.027
319.494
318.964
318.439
317.918
317.403
316.894
316.391
315.896
315.408
313.885
313.571
313.019
312.707
312.253
312.032
311.813
311.36
311.048
310.483
310.173
309.725
309.477
309.128
308.96
308.796
308.466
308.243
307.849
307.638
307.348
307.211
307.083
306.832
306.666
306.386
306.203
305.889
305.722
305.497
305.39
305.291
305.099
304.971
304.756
304.614
304.37
304.239
304.06
303.974
303.892
303.732
303.622
303.434
303.306
303.079
302.952
302.768
302.663
302.512
302.435
302.356
302.196
302.081
301.871
301.752
301.58
301.493
301.405
301.226
301.098
300.867
300.705
300.41
300.244
300.001
299.88
299.756
299.5
299.317
298.987
298.755
298.33
298.092
297.744
297.572
297.396
297.032
296.774
296.308
295.985
295.393
295.066
294.589
294.358
294.126
293.646
293.318
292.735
292.407
314.081
313.676
313.248
312.866
312.487
312.162
311.84
311.47
311.103
310.697
310.335
309.975
309.665
309.366
309.114
308.87
308.596
308.328
308.039
307.786
307.542
307.338
307.143
306.928
306.718
306.488
306.27
306.038
305.836
305.644
305.483
305.33
305.162
304.997
304.818
304.646
304.463
304.302
304.147
304.015
303.887
303.744
303.601
303.443
303.287
303.115
302.961
302.806
302.668
302.532
302.411
302.29
302.149
302.006
301.845
301.697
301.547
301.413
301.276
301.116
300.949
300.756
300.56
300.34
300.137
299.931
299.747
299.557
299.333
299.1
298.828
298.553
298.242
297.957
297.667
297.41
297.146
296.834
296.511
296.136
295.758
295.333
294.948
294.56
294.222
293.881
293.483
293.082
292.632
292.21
314.232
313.817
313.409
313.02
312.645
312.289
311.937
311.577
311.214
310.847
310.494
310.154
309.837
309.537
309.258
308.987
308.715
308.445
308.177
307.922
307.679
307.453
307.235
307.015
306.797
306.576
306.357
306.142
305.938
305.745
305.566
305.392
305.219
305.045
304.87
304.696
304.523
304.358
304.2
304.051
303.904
303.755
303.604
303.447
303.289
303.128
302.972
302.818
302.671
302.529
302.39
302.251
302.106
301.956
301.801
301.646
301.491
301.338
301.181
301.014
300.837
300.648
300.45
300.243
300.037
299.829
299.622
299.408
299.179
298.936
298.675
298.402
298.116
297.83
297.543
297.259
296.966
296.653
296.322
295.967
295.598
295.215
294.835
294.458
294.09
293.717
293.324
292.917
292.491
292.057
314.361
313.947
313.544
313.154
312.775
312.408
312.047
311.688
311.331
310.977
310.633
310.301
309.983
309.679
309.389
309.107
308.831
308.56
308.295
308.04
307.793
307.557
307.328
307.102
306.879
306.659
306.441
306.229
306.024
305.828
305.639
305.456
305.275
305.097
304.919
304.744
304.571
304.403
304.24
304.082
303.926
303.77
303.613
303.454
303.295
303.135
302.977
302.822
302.669
302.519
302.37
302.221
302.069
301.913
301.755
301.595
301.433
301.269
301.101
300.926
300.743
300.551
300.353
300.147
299.938
299.724
299.506
299.281
299.046
298.798
298.539
298.269
297.989
297.704
297.414
297.119
296.815
296.498
296.166
295.82
295.46
295.091
294.718
294.343
293.965
293.581
293.186
292.779
292.358
291.927
314.472
314.061
313.661
313.27
312.89
312.519
312.155
311.796
311.442
311.095
310.756
310.427
310.109
309.802
309.506
309.22
308.94
308.667
308.401
308.143
307.894
307.651
307.416
307.185
306.959
306.737
306.519
306.306
306.099
305.899
305.704
305.515
305.329
305.146
304.966
304.788
304.613
304.442
304.274
304.11
303.947
303.786
303.624
303.463
303.301
303.14
302.98
302.821
302.663
302.507
302.351
302.194
302.036
301.875
301.712
301.546
301.378
301.206
301.03
300.849
300.661
300.466
300.265
300.057
299.844
299.626
299.401
299.169
298.929
298.678
298.418
298.149
297.87
297.585
297.292
296.993
296.684
296.364
296.033
295.689
295.336
294.973
294.604
294.23
293.85
293.462
293.066
292.659
292.242
291.814
314.569
314.161
313.762
313.373
312.992
312.62
312.255
311.897
311.545
311.2
310.864
310.536
310.219
309.911
309.612
309.322
309.039
308.764
308.496
308.236
307.983
307.737
307.497
307.262
307.033
306.808
306.589
306.374
306.165
305.961
305.763
305.569
305.379
305.192
305.009
304.828
304.65
304.476
304.304
304.135
303.968
303.802
303.636
303.472
303.307
303.143
302.98
302.818
302.656
302.495
302.333
302.171
302.007
301.841
301.672
301.502
301.328
301.15
300.968
300.781
300.588
300.39
300.185
299.975
299.758
299.536
299.306
299.07
298.826
298.573
298.311
298.041
297.762
297.475
297.181
296.879
296.567
296.246
295.915
295.574
295.224
294.865
294.498
294.125
293.744
293.356
292.96
292.554
292.139
291.715
314.653
314.248
313.851
313.463
313.083
312.71
312.346
311.988
311.637
311.294
310.959
310.633
310.315
310.006
309.705
309.413
309.128
308.851
308.581
308.318
308.062
307.813
307.57
307.332
307.1
306.873
306.652
306.435
306.223
306.017
305.815
305.617
305.424
305.234
305.047
304.864
304.683
304.505
304.33
304.157
303.986
303.816
303.648
303.48
303.313
303.146
302.979
302.814
302.648
302.482
302.316
302.149
301.98
301.81
301.637
301.461
301.282
301.1
300.913
300.721
300.525
300.322
300.115
299.901
299.681
299.455
299.222
298.982
298.735
298.48
298.216
297.944
297.665
297.377
297.081
296.777
296.465
296.143
295.813
295.473
295.124
294.767
294.402
294.03
293.65
293.262
292.867
292.463
292.05
291.629
314.726
314.323
313.929
313.542
313.162
312.79
312.426
312.069
311.719
311.377
311.043
310.717
310.399
310.089
309.787
309.493
309.206
308.927
308.655
308.39
308.132
307.88
307.635
307.395
307.16
306.931
306.707
306.489
306.275
306.065
305.861
305.66
305.464
305.271
305.082
304.895
304.712
304.531
304.353
304.177
304.002
303.83
303.658
303.487
303.317
303.147
302.978
302.809
302.64
302.471
302.301
302.129
301.957
301.782
301.605
301.425
301.242
301.055
300.864
300.669
300.469
300.263
300.052
299.835
299.612
299.383
299.148
298.905
298.655
298.398
298.133
297.86
297.579
297.29
296.993
296.688
296.375
296.053
295.723
295.384
295.036
294.68
294.317
293.945
293.566
293.18
292.785
292.383
291.973
291.555
314.788
314.388
313.995
313.609
313.231
312.86
312.496
312.14
311.791
311.449
311.115
310.789
310.471
310.16
309.858
309.562
309.274
308.994
308.72
308.453
308.193
307.939
307.691
307.449
307.213
306.982
306.756
306.535
306.319
306.108
305.901
305.698
305.499
305.304
305.112
304.923
304.737
304.554
304.373
304.194
304.017
303.841
303.667
303.494
303.321
303.149
302.977
302.805
302.633
302.46
302.287
302.112
301.936
301.758
301.577
301.394
301.207
301.017
300.822
300.624
300.42
300.212
299.998
299.779
299.553
299.321
299.083
298.838
298.587
298.327
298.061
297.786
297.505
297.215
296.917
296.611
296.297
295.975
295.645
295.306
294.96
294.605
294.242
293.872
293.494
293.108
292.715
292.315
291.906
291.491
314.841
314.442
314.051
313.666
313.289
312.919
312.556
312.2
311.851
311.51
311.177
310.851
310.532
310.221
309.917
309.621
309.332
309.05
308.775
308.507
308.245
307.99
307.74
307.496
307.258
307.025
306.798
306.575
306.357
306.144
305.935
305.73
305.529
305.331
305.137
304.946
304.758
304.573
304.39
304.209
304.029
303.851
303.675
303.499
303.324
303.15
302.975
302.801
302.626
302.451
302.275
302.097
301.918
301.737
301.553
301.367
301.177
300.984
300.787
300.585
300.379
300.168
299.952
299.73
299.502
299.269
299.029
298.782
298.528
298.268
298
297.724
297.441
297.151
296.852
296.546
296.232
295.909
295.579
295.241
294.895
294.541
294.179
293.809
293.432
293.048
292.656
292.257
291.85
291.437
314.884
314.487
314.097
313.714
313.337
312.968
312.605
312.25
311.902
311.561
311.227
310.901
310.582
310.271
309.967
309.67
309.38
309.097
308.821
308.551
308.288
308.031
307.78
307.535
307.295
307.061
306.832
306.608
306.388
306.174
305.963
305.756
305.554
305.355
305.159
304.966
304.776
304.589
304.404
304.221
304.039
303.86
303.681
303.504
303.327
303.15
302.974
302.797
302.621
302.443
302.265
302.085
301.903
301.719
301.533
301.344
301.152
300.957
300.757
300.553
300.345
300.132
299.914
299.69
299.461
299.225
298.983
298.735
298.48
298.218
297.949
297.672
297.389
297.097
296.798
296.492
296.177
295.855
295.525
295.187
294.841
294.487
294.126
293.757
293.381
292.998
292.607
292.209
291.804
291.393
314.918
314.523
314.134
313.751
313.375
313.006
312.644
312.29
311.942
311.601
311.268
310.941
310.623
310.311
310.006
309.709
309.418
309.134
308.857
308.587
308.323
308.065
307.813
307.566
307.325
307.09
306.86
306.634
306.414
306.197
305.986
305.778
305.574
305.373
305.176
304.982
304.79
304.601
304.415
304.23
304.048
303.866
303.686
303.507
303.329
303.151
302.973
302.795
302.616
302.437
302.256
302.074
301.891
301.705
301.517
301.326
301.132
300.935
300.734
300.528
300.318
300.103
299.883
299.658
299.427
299.19
298.947
298.698
298.442
298.179
297.909
297.631
297.347
297.055
296.756
296.449
296.134
295.812
295.481
295.144
294.798
294.445
294.084
293.716
293.341
292.958
292.568
292.171
291.768
291.358
314.944
314.549
314.161
313.779
313.404
313.035
312.674
312.319
311.972
311.631
311.298
310.972
310.652
310.34
310.036
309.738
309.447
309.162
308.885
308.613
308.348
308.09
307.837
307.59
307.348
307.112
306.88
306.654
306.432
306.215
306.002
305.793
305.588
305.387
305.189
304.993
304.801
304.611
304.423
304.238
304.054
303.871
303.69
303.51
303.33
303.151
302.972
302.792
302.612
302.432
302.25
302.067
301.882
301.695
301.505
301.313
301.118
300.919
300.716
300.509
300.298
300.082
299.861
299.634
299.402
299.164
298.92
298.67
298.413
298.149
297.879
297.601
297.316
297.024
296.724
296.417
296.102
295.779
295.449
295.111
294.766
294.413
294.053
293.685
293.31
292.928
292.539
292.143
291.741
291.332
314.96
314.567
314.179
313.797
313.423
313.055
312.693
312.339
311.991
311.651
311.318
310.991
310.672
310.36
310.055
309.757
309.465
309.181
308.903
308.631
308.366
308.106
307.853
307.605
307.363
307.126
306.894
306.667
306.445
306.227
306.014
305.804
305.598
305.396
305.197
305.001
304.808
304.617
304.429
304.242
304.058
303.875
303.693
303.512
303.331
303.151
302.971
302.791
302.61
302.428
302.246
302.062
301.876
301.688
301.497
301.304
301.108
300.908
300.704
300.497
300.284
300.068
299.846
299.618
299.386
299.147
298.902
298.651
298.394
298.13
297.859
297.58
297.295
297.003
296.703
296.395
296.08
295.758
295.428
295.09
294.745
294.392
294.032
293.665
293.29
292.909
292.52
292.125
291.723
291.314
314.969
314.575
314.188
313.807
313.432
313.064
312.703
312.349
312.001
311.661
311.328
311.001
310.682
310.37
310.065
309.766
309.475
309.19
308.912
308.64
308.374
308.115
307.861
307.613
307.37
307.133
306.901
306.674
306.451
306.233
306.019
305.809
305.603
305.401
305.201
305.005
304.811
304.62
304.432
304.245
304.06
303.876
303.694
303.512
303.332
303.151
302.971
302.79
302.609
302.427
302.244
302.059
301.873
301.684
301.493
301.3
301.103
300.903
300.698
300.49
300.278
300.06
299.838
299.61
299.377
299.138
298.893
298.642
298.384
298.12
297.849
297.57
297.285
296.992
296.692
296.385
296.07
295.747
295.417
295.079
294.734
294.382
294.022
293.655
293.28
292.899
292.51
292.115
291.714
291.306
291.897
291.269
290.638
290.013
289.394
288.779
288.166
287.556
286.947
286.339
285.731
285.124
284.517
283.91
283.303
291.711
291.128
290.529
289.926
289.323
288.719
288.116
287.514
286.912
286.31
285.708
285.106
284.504
283.903
283.301
291.564
291.002
290.426
289.84
289.251
288.659
288.066
287.472
286.877
286.281
285.685
285.089
284.492
283.895
283.298
291.44
290.891
290.33
289.759
289.182
288.6
288.016
287.43
286.842
286.253
285.662
285.072
284.48
283.888
283.296
291.333
290.794
290.243
289.683
289.116
288.544
287.968
287.389
286.808
286.225
285.64
285.055
284.468
283.881
283.294
291.239
290.708
290.166
289.615
289.056
288.492
287.924
287.352
286.776
286.199
285.62
285.039
284.457
283.875
283.292
291.158
290.632
290.097
289.553
289.002
288.445
287.883
287.316
286.747
286.175
285.6
285.024
284.447
283.868
283.289
291.087
290.567
290.037
289.499
288.953
288.402
287.845
287.284
286.72
286.152
285.582
285.01
284.437
283.863
283.288
291.026
290.51
289.985
289.451
288.911
288.365
287.813
287.256
286.696
286.132
285.566
284.998
284.428
283.857
283.286
290.975
290.462
289.941
289.411
288.875
288.332
287.784
287.232
286.675
286.115
285.552
284.987
284.421
283.853
283.284
290.933
290.423
289.904
289.378
288.845
288.305
287.761
287.211
286.657
286.1
285.54
284.978
284.414
283.849
283.283
290.9
290.391
289.875
289.351
288.821
288.284
287.742
287.195
286.643
286.089
285.531
284.971
284.409
283.846
283.282
290.875
290.368
289.853
289.331
288.803
288.268
287.727
287.182
286.633
286.08
285.524
284.965
284.405
283.844
283.281
290.858
290.353
289.839
289.318
288.791
288.257
287.718
287.174
286.626
286.074
285.519
284.962
284.403
283.842
283.281
290.85
290.345
289.832
289.311
288.785
288.251
287.713
287.17
286.622
286.071
285.516
284.96
284.401
283.841
283.281
)
;

boundaryField
{
    hot
    {
        type            fixedValue;
        value           uniform 323;
    }
    cold
    {
        type            fixedValue;
        value           uniform 283;
    }
    interface_left
    {
        type            fixedValue;
        value           nonuniform List<scalar> 
90
(
313.853
313.853
313.824
313.824
313.736
313.736
313.736
313.63
313.63
313.487
313.487
313.383
313.383
313.303
313.303
313.303
313.229
313.229
313.14
313.14
313.081
313.081
313.081
313.032
313.032
312.983
312.983
312.927
312.927
312.892
312.892
312.892
312.866
312.866
312.841
312.841
312.815
312.815
312.801
312.801
312.801
312.792
312.792
312.786
312.786
312.783
312.783
312.785
312.785
312.785
312.791
312.791
312.803
312.803
312.824
312.824
312.843
312.843
312.843
312.868
312.868
312.902
312.902
312.955
312.955
312.999
312.999
312.999
313.049
313.049
313.115
313.115
313.211
313.211
313.287
313.287
313.287
313.365
313.365
313.462
313.462
313.587
313.587
313.672
313.672
313.672
313.724
313.724
313.693
313.693
)
;
    }
    interface_right
    {
        type            fixedValue;
        value           nonuniform List<scalar> 
90
(
292.344
292.344
292.295
292.295
292.295
292.34
292.34
292.425
292.425
292.549
292.549
292.644
292.644
292.721
292.721
292.721
292.795
292.795
292.889
292.889
292.954
292.954
293.003
293.003
293.003
293.047
293.047
293.099
293.099
293.134
293.134
293.158
293.158
293.158
293.178
293.178
293.2
293.2
293.212
293.212
293.212
293.22
293.22
293.225
293.225
293.227
293.227
293.225
293.225
293.221
293.221
293.221
293.211
293.211
293.194
293.194
293.176
293.176
293.158
293.158
293.158
293.134
293.134
293.097
293.097
293.064
293.064
293.064
293.028
293.028
292.978
292.978
292.909
292.909
292.854
292.854
292.854
292.797
292.797
292.727
292.727
292.638
292.638
292.579
292.579
292.579
292.549
292.549
292.601
292.601
)
;
    }
    interface_top
    {
        type            fixedValue;
        value           nonuniform List<scalar> 
90
(
313.693
313.693
312.733
312.733
311.969
311.969
311.969
311.206
311.206
310.195
310.195
309.459
309.459
308.882
308.882
308.882
308.327
308.327
307.624
307.624
307.143
307.143
307.143
306.725
306.725
306.267
306.267
305.71
305.71
305.34
305.34
305.34
305.022
305.022
304.674
304.674
304.243
304.243
303.951
303.951
303.951
303.69
303.69
303.388
303.388
302.988
302.988
302.693
302.693
302.448
302.448
302.448
302.187
302.187
301.817
301.817
301.534
301.534
301.534
301.244
301.244
300.873
300.873
300.351
300.351
299.948
299.948
299.948
299.531
299.531
298.994
298.994
298.237
298.237
297.653
297.653
297.653
297.053
297.053
296.289
296.289
295.23
295.23
294.425
294.425
294.425
293.617
293.617
292.601
292.601
)
;
    }
    interface_bottom
    {
        type            fixedValue;
        value           nonuniform List<scalar> 
90
(
313.853
313.853
312.976
312.976
312.976
312.176
312.176
311.256
311.256
310.094
310.094
309.277
309.277
308.645
308.645
308.645
308.04
308.04
307.263
307.263
306.717
306.717
306.299
306.299
306.299
305.904
305.904
305.406
305.406
305.07
305.07
305.07
304.775
304.775
304.446
304.446
304.037
304.037
303.758
303.758
303.758
303.504
303.504
303.205
303.205
302.808
302.808
302.513
302.513
302.265
302.265
302.265
301.996
301.996
301.613
301.613
301.318
301.318
301.318
301.014
301.014
300.622
300.622
300.073
300.073
299.652
299.652
299.652
299.215
299.215
298.656
298.656
297.879
297.879
297.285
297.285
297.285
296.681
296.681
295.918
295.918
294.879
294.879
294.098
294.098
294.098
293.32
293.32
292.344
292.344
)
;
    }
    defaultFaces
    {
        type            empty;
    }
}


// ************************************************************************* //
