/*--------------------------------*- C++ -*----------------------------------*\
| =========                 |                                                 |
| \\      /  F ield         | OpenFOAM: The Open Source CFD Toolbox           |
|  \\    /   O peration     | Version:  5.x                                   |
|   \\  /    A nd           | Web:      www.OpenFOAM.org                      |
|    \\/     M anipulation  |                                                 |
\*---------------------------------------------------------------------------*/
FoamFile
{
    version     2.0;
    format      ascii;
    class       volScalarField;
    location    "4.7";
    object      gradTx;
}
// * * * * * * * * * * * * * * * * * * * * * * * * * * * * * * * * * * * * * //

dimensions      [0 -1 0 1 0 0 0];

internalField   nonuniform List<scalar> 
6300
(
-51.4546
-51.4363
-51.3997
-51.3446
-51.2709
-51.1785
-51.0672
-50.9373
-50.7892
-50.6236
-50.4414
-50.2442
-50.0334
-49.8105
-49.577
-51.4732
-51.455
-51.4185
-51.3636
-51.2901
-51.1976
-51.0862
-50.956
-50.8071
-50.6404
-50.457
-50.2582
-50.0458
-49.8217
-49.5875
-51.5104
-51.4924
-51.4563
-51.4017
-51.3284
-51.2362
-51.1246
-50.9936
-50.8433
-50.6745
-50.4882
-50.2861
-50.0704
-49.8434
-49.6076
-51.5661
-51.5484
-51.5127
-51.4589
-51.3863
-51.2944
-51.1827
-51.0507
-50.8986
-50.7265
-50.5358
-50.3282
-50.1066
-49.8744
-49.6354
-51.6398
-51.6226
-51.5879
-51.5352
-51.4637
-51.3728
-51.2613
-51.1286
-50.974
-50.7977
-50.6005
-50.3847
-50.1538
-49.9128
-49.6675
-51.7312
-51.7147
-51.6814
-51.6305
-51.5612
-51.4721
-51.3617
-51.2287
-51.0717
-50.8901
-50.6843
-50.4566
-50.2115
-49.956
-49.699
-51.8395
-51.824
-51.7928
-51.7448
-51.6788
-51.593
-51.4852
-51.3532
-51.1944
-51.0071
-50.7905
-50.5464
-50.28
-50.001
-49.7232
-51.9635
-51.9496
-51.9213
-51.8775
-51.8166
-51.7362
-51.6334
-51.5047
-51.3461
-51.1537
-50.9247
-50.6589
-50.3616
-50.0452
-49.7307
-52.1019
-52.09
-52.0657
-52.0277
-51.9742
-51.9022
-51.808
-51.6866
-51.5321
-51.3373
-51.0959
-50.8035
-50.4626
-50.0877
-49.7097
-52.2525
-52.2433
-52.2242
-52.194
-52.1506
-52.0908
-52.0101
-51.9022
-51.7585
-51.5682
-51.3184
-50.9969
-50.5981
-50.1337
-49.6466
-52.4127
-52.4067
-52.3942
-52.3738
-52.3437
-52.3007
-52.2398
-52.1538
-52.032
-51.8588
-51.6129
-51.2679
-50.7993
-50.2028
-49.5292
-52.5794
-52.5772
-52.5723
-52.5639
-52.5503
-52.5288
-52.495
-52.4417
-52.3573
-52.2226
-52.0067
-51.6628
-51.1287
-50.3493
-49.3541
-52.7486
-52.7506
-52.7544
-52.7596
-52.7651
-52.7696
-52.77
-52.7612
-52.7333
-52.6677
-52.5287
-52.2482
-51.7038
-50.7121
-49.1482
-52.9163
-52.9227
-52.9356
-52.9552
-52.9815
-53.0148
-53.0547
-53.1
-53.1471
-53.1865
-53.1925
-53.0979
-52.7266
-51.6476
-49.0583
-53.078
-53.0887
-53.1106
-53.1444
-53.1914
-53.2537
-53.3342
-53.4372
-53.5691
-53.7388
-53.9573
-54.2247
-54.4576
-54.0944
-49.99
-49.3544
-49.1442
-48.9261
-48.6988
-48.4605
-48.209
-47.9419
-47.657
-47.3523
-47.0264
-46.6788
-46.3096
-45.9197
-45.5105
-45.0842
-44.643
-44.1896
-43.7268
-43.2574
-42.7844
-42.3107
-41.8393
-41.3729
-40.914
-40.4649
-40.0275
-39.6032
-39.193
-38.7976
-38.4172
-38.0515
-37.6999
-37.3616
-37.0354
-36.72
-36.4141
-36.1162
-35.8251
-35.5396
-35.2584
-34.9804
-34.7049
-34.4309
-34.158
-33.886
-33.6151
-33.3459
-33.0794
-32.8169
-32.5599
-32.3102
-32.0692
-31.8386
-31.6196
-31.4135
-31.221
-31.0427
-30.8789
-30.7299
-30.5955
-30.4754
-30.3695
-30.2773
-30.1986
-30.1332
-30.081
-30.0418
-30.0156
-30.0024
-30.0021
-30.0148
-30.0403
-30.0788
-30.1303
-30.195
-30.2727
-30.3635
-30.4673
-30.584
-30.7131
-30.8544
-31.0075
-31.1718
-31.3465
-31.5311
-31.7242
-31.9248
-32.1311
-32.3414
-32.5536
-49.3651
-49.1559
-48.9397
-48.7151
-48.48
-48.2319
-47.968
-47.6859
-47.3831
-47.0581
-46.7103
-46.3399
-45.9477
-45.5357
-45.1059
-44.6609
-44.2036
-43.7366
-43.263
-42.7857
-42.3079
-41.8324
-41.3623
-40.9002
-40.4484
-40.0088
-39.583
-39.172
-38.7764
-38.3962
-38.0314
-37.681
-37.3443
-37.02
-36.7065
-36.4026
-36.1066
-35.8173
-35.5334
-35.2537
-34.9771
-34.7026
-34.4293
-34.1567
-33.8844
-33.6126
-33.342
-33.0736
-32.8088
-32.5495
-32.2974
-32.0542
-31.8217
-31.6011
-31.3937
-31.2003
-31.0215
-30.8576
-30.7087
-30.5746
-30.4549
-30.3494
-30.2576
-30.1792
-30.114
-30.0619
-30.0228
-29.9966
-29.9835
-29.9832
-29.9958
-30.0213
-30.0597
-30.1112
-30.1757
-30.2535
-30.3444
-30.4485
-30.5656
-30.6952
-30.8372
-30.991
-31.1562
-31.3322
-31.5182
-31.7132
-31.916
-32.125
-32.3382
-32.5535
-49.3854
-49.1783
-48.966
-48.7469
-48.5186
-48.2778
-48.021
-47.7448
-47.4462
-47.1232
-46.7749
-46.4017
-46.0049
-45.5867
-45.1499
-44.6972
-44.2317
-43.7564
-43.2742
-42.7883
-42.3019
-41.8182
-41.3406
-40.8718
-40.4145
-39.9707
-39.5419
-39.1292
-38.733
-38.3536
-37.9905
-37.6428
-37.3095
-36.989
-36.6796
-36.3797
-36.0876
-35.8019
-35.5214
-35.2448
-34.9709
-34.6987
-34.427
-34.1549
-33.8821
-33.6085
-33.3348
-33.0624
-32.793
-32.5287
-32.2716
-32.0239
-31.7873
-31.5635
-31.3536
-31.1584
-30.9787
-30.8145
-30.6659
-30.5325
-30.4138
-30.3093
-30.2183
-30.1405
-30.0756
-30.0237
-29.9847
-29.9587
-29.9456
-29.9454
-29.958
-29.9833
-30.0215
-30.0727
-30.137
-30.2148
-30.306
-30.4107
-30.5285
-30.6592
-30.8024
-30.9576
-31.1246
-31.3029
-31.4918
-31.6906
-31.8979
-32.1122
-32.3314
-32.5531
-49.4129
-49.2087
-49.0025
-48.7925
-48.5755
-48.3472
-48.1025
-47.8365
-47.5449
-47.2251
-46.8758
-46.4978
-46.0932
-45.6651
-45.217
-44.7523
-44.2744
-43.7863
-43.2911
-42.7919
-42.2922
-41.7958
-41.3064
-40.8273
-40.3616
-39.9113
-39.478
-39.0627
-38.6659
-38.2877
-37.9274
-37.5842
-37.2565
-36.9422
-36.6393
-36.3457
-36.0594
-35.7792
-35.5037
-35.2319
-34.9624
-34.694
-34.4251
-34.1544
-33.8809
-33.6045
-33.3259
-33.0469
-32.7698
-32.4973
-32.2323
-31.9773
-31.7346
-31.5057
-31.292
-31.0943
-30.9132
-30.7488
-30.601
-30.4691
-30.3522
-30.2493
-30.1597
-30.0828
-30.0184
-29.9666
-29.9276
-29.9017
-29.8888
-29.8888
-29.9014
-29.9265
-29.9642
-30.0148
-30.0787
-30.1563
-30.2479
-30.3535
-30.4726
-30.6049
-30.7498
-30.907
-31.0764
-31.2577
-31.4509
-31.6551
-31.8694
-32.092
-32.3206
-32.5523
-49.4432
-49.2425
-49.045
-48.8487
-48.6493
-48.4406
-48.2151
-47.9653
-47.6849
-47.3697
-47.0185
-46.6327
-46.2159
-45.7727
-45.3083
-44.827
-44.3322
-43.827
-43.314
-42.7965
-42.2782
-41.7637
-41.2576
-40.7641
-40.2866
-39.8276
-39.3884
-38.9699
-38.5724
-38.196
-37.8402
-37.5036
-37.1842
-36.8793
-36.5858
-36.3011
-36.0229
-35.7498
-35.481
-35.2157
-34.9526
-34.6901
-34.426
-34.1578
-33.8838
-33.6035
-33.3177
-33.0286
-32.7398
-32.4551
-32.1784
-31.9131
-31.6617
-31.4259
-31.2071
-31.0061
-30.8234
-30.6592
-30.513
-30.3838
-30.2701
-30.1701
-30.0826
-30.0068
-29.9426
-29.8907
-29.8515
-29.8257
-29.8132
-29.8136
-29.8265
-29.8512
-29.888
-29.9374
-30.0002
-30.0773
-30.1694
-30.2762
-30.3974
-30.5319
-30.6791
-30.8385
-31.0104
-31.1952
-31.3934
-31.6048
-31.8285
-32.0627
-32.3046
-32.5508
-49.4698
-49.2722
-49.0862
-48.9097
-48.737
-48.5586
-48.3632
-48.1387
-47.8753
-47.5668
-47.2116
-46.8128
-46.3767
-45.9114
-45.4244
-44.9213
-44.4056
-43.8792
-43.344
-42.8025
-42.2592
-41.7199
-41.191
-40.6781
-40.1855
-39.7156
-39.2694
-38.847
-38.4489
-38.0751
-37.7254
-37.3985
-37.0914
-36.8001
-36.52
-36.2472
-35.979
-35.7144
-35.4534
-35.1962
-34.9421
-34.6888
-34.4326
-34.1695
-33.896
-33.6105
-33.3141
-33.0101
-32.7037
-32.4012
-32.108
-31.8287
-31.5661
-31.3217
-31.0964
-30.8912
-30.7067
-30.5433
-30.4003
-30.2761
-30.1678
-30.0727
-29.9883
-29.9137
-29.8491
-29.7959
-29.7559
-29.7301
-29.7186
-29.7203
-29.7339
-29.7583
-29.7933
-29.8401
-29.9006
-29.9765
-30.069
-30.1781
-30.3024
-30.4403
-30.5902
-30.7517
-30.9254
-31.1131
-31.3164
-31.5363
-31.7721
-32.0219
-32.282
-32.548
-49.4824
-49.2859
-49.1141
-48.9658
-48.8332
-48.7019
-48.5534
-48.3686
-48.1311
-47.8314
-47.4678
-47.0468
-46.5802
-46.0819
-45.564
-45.0341
-44.4946
-43.9447
-43.3832
-42.8115
-42.2348
-41.6616
-41.1015
-40.5632
-40.0521
-39.5699
-39.1162
-38.6897
-38.2905
-37.9196
-37.5781
-37.265
-36.9761
-36.705
-36.444
-36.1868
-35.9301
-35.6739
-35.4204
-35.1725
-34.9305
-34.6916
-34.4493
-34.1962
-33.9254
-33.6334
-33.3214
-32.9947
-32.6622
-32.3337
-32.0177
-31.7203
-31.4441
-31.1896
-30.9568
-30.7464
-30.5596
-30.3978
-30.2605
-30.145
-30.0464
-29.9594
-29.8798
-29.8058
-29.7387
-29.6819
-29.6395
-29.6137
-29.6045
-29.6095
-29.6254
-29.6495
-29.6814
-29.7229
-29.7782
-29.8513
-29.9445
-30.0575
-30.1876
-30.3309
-30.4842
-30.6467
-30.8199
-31.008
-31.2151
-31.4442
-31.6953
-31.9657
-32.2505
-32.5434
-49.4657
-49.2642
-49.1086
-48.9999
-48.9278
-48.8702
-48.7966
-48.6746
-48.4771
-48.1883
-47.8072
-47.3468
-46.8297
-46.2811
-45.7214
-45.1611
-44.5991
-44.0273
-43.4376
-42.8281
-42.2058
-41.5845
-40.9811
-40.4095
-39.8772
-39.3837
-38.924
-38.4934
-38.0915
-37.7222
-37.3903
-37.0966
-36.8355
-36.5954
-36.3626
-36.126
-35.8808
-35.6294
-35.3797
-35.1402
-34.9148
-34.6991
-34.4819
-34.2483
-33.9852
-33.6853
-33.3496
-32.9878
-32.615
-32.2479
-31.9006
-31.5812
-31.2906
-31.0262
-30.7849
-30.5672
-30.3764
-30.2167
-30.0891
-29.9892
-29.9081
-29.8353
-29.7628
-29.6876
-29.6131
-29.5471
-29.4986
-29.473
-29.4696
-29.4828
-29.5047
-29.5293
-29.5549
-29.5857
-29.6299
-29.6966
-29.7909
-29.912
-30.0534
-30.2067
-30.3648
-30.5256
-30.6928
-30.8749
-31.0818
-31.3199
-31.5902
-31.8884
-32.2067
-32.5364
-49.3969
-49.1768
-49.036
-48.9816
-49.002
-49.062
-49.1099
-49.0898
-48.955
-48.6787
-48.2612
-47.7289
-47.125
-46.4965
-45.8801
-45.291
-44.7182
-44.1361
-43.5207
-42.8635
-42.1755
-41.4823
-40.8151
-40.1996
-39.6468
-39.1492
-38.6901
-38.256
-37.8458
-37.4712
-37.1475
-36.8817
-36.665
-36.4754
-36.2867
-36.0779
-35.8406
-35.5826
-35.3243
-35.0878
-34.885
-34.7091
-34.538
-34.3429
-34.0981
-33.7885
-33.4156
-32.9967
-32.5593
-32.1335
-31.7435
-31.4003
-31.0996
-30.8291
-30.579
-30.3489
-30.1482
-29.9893
-29.8777
-29.8062
-29.7574
-29.7105
-29.6494
-29.5683
-29.4748
-29.3869
-29.3246
-29.2998
-29.3105
-29.343
-29.38
-29.4073
-29.4207
-29.4285
-29.449
-29.5018
-29.5986
-29.7367
-29.9017
-30.075
-30.2412
-30.3949
-30.5436
-30.7059
-30.9029
-31.1488
-31.4446
-31.7815
-32.1463
-32.5263
-49.2424
-48.9756
-48.8392
-48.8559
-49.0194
-49.2715
-49.5212
-49.6706
-49.6371
-49.3727
-48.8807
-48.2145
-47.4562
-46.6946
-45.9999
-45.3975
-44.8511
-44.2931
-43.6644
-42.9436
-42.1529
-41.3429
-40.5748
-39.8998
-39.3369
-38.8595
-38.4205
-37.9843
-37.5492
-37.1471
-36.8213
-36.5964
-36.4557
-36.3542
-36.2399
-36.0709
-35.8303
-35.5365
-35.2374
-34.987
-34.8165
-34.7121
-34.6286
-34.5094
-34.3042
-33.983
-33.5479
-33.0321
-32.4868
-31.9676
-31.5189
-31.158
-30.8647
-30.6028
-30.3443
-30.0881
-29.8598
-29.6934
-29.6083
-29.5905
-29.6037
-29.606
-29.5645
-29.4666
-29.3282
-29.1897
-29.0962
-29.0754
-29.1195
-29.1967
-29.2687
-29.305
-29.2942
-29.253
-29.221
-29.2433
-29.3465
-29.5222
-29.7378
-29.9532
-30.1354
-30.2709
-30.3746
-30.4866
-30.6534
-30.9054
-31.2396
-31.6339
-32.0638
-32.5125
-48.9533
-48.587
-48.4222
-48.519
-48.9095
-49.4845
-50.0773
-50.515
-50.6522
-50.3946
-49.7514
-48.8331
-47.7926
-46.7966
-45.9869
-45.4239
-45.0007
-44.5522
-43.9409
-43.1247
-42.1584
-41.1433
-40.2008
-39.4387
-38.9043
-38.5147
-38.1471
-37.7114
-37.2052
-36.7135
-36.35
-36.1901
-36.1898
-36.2519
-36.2718
-36.167
-35.897
-35.4981
-35.0803
-34.7712
-34.653
-34.6852
-34.7706
-34.7996
-34.6772
-34.3415
-33.7963
-33.1099
-32.3768
-31.7001
-31.1679
-30.818
-30.5849
-30.3713
-30.1059
-29.7871
-29.4819
-29.2804
-29.2419
-29.3299
-29.4654
-29.5644
-29.5607
-29.4229
-29.1817
-28.9271
-28.763
-28.7575
-28.8804
-29.0576
-29.2087
-29.2701
-29.2115
-29.0636
-28.9148
-28.868
-28.9898
-29.2501
-29.5739
-29.8787
-30.0966
-30.1923
-30.1934
-30.1879
-30.2811
-30.5433
-30.948
-31.4345
-31.9541
-32.4922
-48.4532
-47.9084
-47.6292
-47.7599
-48.534
-49.6726
-50.8567
-51.7925
-52.236
-51.9722
-51.0187
-49.628
-48.0654
-46.6306
-45.619
-45.2493
-45.1873
-45.046
-44.5128
-43.5224
-42.2345
-40.8397
-39.5673
-38.6501
-38.2634
-38.1382
-37.9722
-37.5401
-36.8407
-36.0955
-35.5856
-35.5542
-35.8345
-36.2101
-36.4837
-36.5013
-36.1492
-35.487
-34.767
-34.2806
-34.2727
-34.5819
-34.9939
-35.3077
-35.3575
-35.0018
-34.2481
-33.2548
-32.1856
-31.2246
-30.5543
-30.3099
-30.2766
-30.2143
-29.9445
-29.4661
-28.9544
-28.6326
-28.6933
-29.0006
-29.3795
-29.6703
-29.7497
-29.5279
-29.0543
-28.5337
-28.2012
-28.2543
-28.5628
-28.9558
-29.2775
-29.4075
-29.2571
-28.8749
-28.4616
-28.2493
-28.4334
-28.8859
-29.4373
-29.929
-30.2332
-30.2498
-30.0211
-29.7468
-29.6649
-29.9758
-30.5381
-31.1873
-31.8176
-32.4494
-47.5814
-46.848
-46.247
-46.0752
-47.6348
-49.7956
-51.9945
-53.7794
-54.839
-54.5436
-52.916
-50.6711
-48.1549
-45.8556
-44.3273
-44.6323
-45.4887
-46.1045
-45.7436
-44.3492
-42.4649
-40.3602
-38.4227
-37.0981
-37.2463
-37.8212
-38.1805
-37.7543
-36.5422
-35.1393
-34.1323
-34.4696
-35.3424
-36.3157
-37.0642
-37.3683
-36.8482
-35.5593
-34.1175
-33.101
-33.4362
-34.3308
-35.3586
-36.1959
-36.6218
-36.2351
-35.0451
-33.5088
-31.8384
-30.3302
-29.3273
-29.4976
-30.0099
-30.3559
-30.0834
-29.1928
-28.1534
-27.4335
-27.7891
-28.568
-29.4201
-30.0802
-30.3723
-29.9948
-28.9943
-27.8689
-27.0836
-27.383
-28.123
-28.956
-29.6222
-29.948
-29.6358
-28.7305
-27.7183
-27.0593
-27.49
-28.3787
-29.3864
-30.2486
-30.7836
-30.6598
-29.9138
-29.0282
-28.4825
-29.0456
-30.0028
-30.9666
-31.6785
-32.2964
-45.7515
-45.5973
-44.2461
-41.8971
-45.8695
-49.8643
-53.7287
-56.8112
-59.3935
-59.0338
-55.7026
-52.1053
-47.9323
-43.9707
-40.396
-43.2217
-46.1368
-48.5698
-48.4631
-45.8817
-43.013
-39.6403
-36.3955
-33.4256
-35.6152
-37.8147
-39.5205
-39.1003
-36.5188
-33.6131
-30.7435
-32.6142
-34.7055
-36.7451
-38.2851
-39.422
-38.6547
-35.8518
-32.8557
-29.975
-31.7941
-33.8878
-35.9978
-37.6766
-39.0563
-38.6252
-36.3407
-33.9559
-31.2577
-28.7083
-26.4106
-28.1929
-29.9827
-31.3877
-31.1123
-29.1337
-26.8923
-24.6854
-26.2755
-28.0295
-29.737
-31.0198
-31.9587
-31.3585
-29.1141
-26.714
-24.4039
-25.877
-27.5491
-29.196
-30.4567
-31.4069
-30.8682
-28.7399
-26.4659
-24.3001
-25.8869
-27.6996
-29.5445
-31.0391
-32.2821
-31.9657
-30.0073
-27.8198
-25.7033
-27.5478
-29.4574
-31.1084
-31.6743
-31.5807
-39.8111
-46.07
-43.6833
-28.6166
-44.0728
-50.1213
-56.5892
-60.5638
-68.1852
-67.8035
-58.8731
-54.369
-47.4057
-41.5293
-27.2485
-41.6827
-47.4798
-54.6927
-54.7467
-47.8285
-44.2871
-38.7368
-33.9729
-22.3237
-33.97
-38.5194
-43.9224
-43.5587
-36.9627
-32.0352
-20.5289
-30.4414
-34.1433
-37.8944
-40.0867
-44.218
-43.3924
-36.4228
-31.4278
-20.0817
-29.7565
-33.4214
-37.2581
-39.5878
-44.0985
-43.6841
-37.7808
-34.8541
-30.4628
-26.7239
-17.6184
-26.8772
-30.5094
-34.8391
-34.5936
-29.4529
-25.5812
-16.4692
-24.5255
-27.5578
-30.6652
-32.4542
-35.761
-35.0895
-29.4578
-25.4289
-16.276
-24.0842
-27.0108
-29.9919
-31.7376
-35.0094
-34.3892
-28.9587
-25.0574
-16.1365
-23.9582
-26.9737
-30.2066
-32.1915
-36.0254
-35.6357
-30.4303
-26.5086
-17.2198
-25.9558
-29.2841
-32.8122
-32.6188
-27.9086
-32.7867
-33.0374
-33.2806
-33.5129
-33.7316
-33.9341
-34.1186
-34.2839
-34.4292
-34.5538
-34.6576
-34.7406
-34.8027
-34.844
-34.8647
-32.7901
-33.0444
-33.291
-33.5263
-33.7473
-33.9516
-34.1375
-34.3036
-34.4494
-34.5743
-34.6781
-34.761
-34.8231
-34.8643
-34.8849
-32.7969
-33.0588
-33.3122
-33.5534
-33.7792
-33.9871
-34.1755
-34.3433
-34.49
-34.6153
-34.7192
-34.802
-34.8638
-34.9048
-34.9253
-32.8073
-33.0811
-33.3453
-33.5956
-33.8285
-34.0418
-34.2338
-34.4038
-34.5516
-34.6772
-34.781
-34.8634
-34.9248
-34.9655
-34.9858
-32.8219
-33.1126
-33.3918
-33.6546
-33.8972
-34.1172
-34.3137
-34.4861
-34.6349
-34.7606
-34.8639
-34.9455
-35.0062
-35.0463
-35.0663
-32.8414
-33.155
-33.4544
-33.7333
-33.9878
-34.2159
-34.4171
-34.5917
-34.7409
-34.8659
-34.9679
-35.0482
-35.1076
-35.1468
-35.1662
-32.8669
-33.2114
-33.5369
-33.836
-34.1045
-34.3411
-34.5465
-34.7223
-34.8706
-34.9937
-35.0934
-35.1713
-35.2288
-35.2666
-35.2853
-32.9008
-33.2863
-33.6454
-33.9688
-34.2527
-34.4972
-34.7051
-34.8799
-35.0252
-35.1445
-35.2402
-35.3146
-35.3692
-35.405
-35.4227
-32.9465
-33.3872
-33.7892
-34.1409
-34.4399
-34.6896
-34.8963
-35.0664
-35.2055
-35.3182
-35.408
-35.4773
-35.5279
-35.5611
-35.5775
-33.0103
-33.5265
-33.9829
-34.3654
-34.6761
-34.9249
-35.1239
-35.2835
-35.4118
-35.5145
-35.5957
-35.6581
-35.7037
-35.7335
-35.7482
-33.1013
-33.7255
-34.2502
-34.6615
-34.9738
-35.2099
-35.3907
-35.5318
-35.6433
-35.7319
-35.8017
-35.8555
-35.8948
-35.9205
-35.9333
-33.2319
-34.0234
-34.6305
-35.0559
-35.3472
-35.5501
-35.6974
-35.8094
-35.8973
-35.9675
-36.0234
-36.0669
-36.099
-36.1201
-36.1307
-33.4193
-34.505
-35.1919
-35.5833
-35.8077
-35.9454
-36.0395
-36.1109
-36.1688
-36.2171
-36.2571
-36.2893
-36.3136
-36.3299
-36.3382
-33.7313
-35.3851
-36.0495
-36.2777
-36.3537
-36.3836
-36.4041
-36.4257
-36.4497
-36.4745
-36.4982
-36.5191
-36.5358
-36.5475
-36.5534
-34.7404
-37.2535
-37.3425
-37.1247
-36.9444
-36.8307
-36.7676
-36.7382
-36.7295
-36.7327
-36.7417
-36.7526
-36.7627
-36.7702
-36.7742
-53.2167
-53.231
-53.2604
-53.3061
-53.3703
-53.4565
-53.5701
-53.7201
-53.9212
-54.2007
-54.6139
-55.2899
-56.5915
-59.7668
-69.9695
-53.3331
-53.3503
-53.3856
-53.4405
-53.5178
-53.6219
-53.7596
-53.9418
-54.187
-54.528
-55.0287
-55.8245
-57.2311
-60.0431
-66.2918
-53.4378
-53.4574
-53.4974
-53.5596
-53.647
-53.7642
-53.9183
-54.12
-54.3863
-54.7445
-55.239
-55.9357
-56.8948
-57.9329
-57.179
-53.5292
-53.5506
-53.5941
-53.6615
-53.7558
-53.8812
-54.0441
-54.2533
-54.5217
-54.8667
-55.3096
-55.8651
-56.5038
-57.0673
-57.3097
-53.6062
-53.6287
-53.6744
-53.7451
-53.8432
-53.9724
-54.1377
-54.3456
-54.604
-54.9214
-55.3028
-55.737
-56.1652
-56.4252
-56.1269
-53.6678
-53.6909
-53.7378
-53.81
-53.9093
-54.0388
-54.2019
-54.4028
-54.6454
-54.9322
-55.2602
-55.6129
-55.9437
-56.1711
-56.211
-53.7136
-53.7369
-53.7841
-53.8562
-53.9548
-54.0819
-54.2399
-54.4308
-54.656
-54.9147
-55.2019
-55.504
-55.7941
-56.048
-56.3189
-53.7435
-53.7666
-53.8133
-53.8843
-53.9807
-54.1039
-54.2551
-54.435
-54.6434
-54.8781
-55.1343
-55.4034
-55.6695
-55.9135
-56.0464
-53.7577
-53.7803
-53.826
-53.8951
-53.9884
-54.1067
-54.2503
-54.4192
-54.6123
-54.8269
-55.0592
-55.3049
-55.5603
-55.8568
-56.4271
-53.7564
-53.7784
-53.8226
-53.8894
-53.9791
-54.092
-54.228
-54.3866
-54.5661
-54.7638
-54.9763
-55.1994
-55.4226
-55.6105
-55.5012
-53.7401
-53.7613
-53.8039
-53.8681
-53.9539
-54.0614
-54.1902
-54.3394
-54.5071
-54.6908
-54.8874
-55.094
-55.3092
-55.5713
-56.1943
-53.7093
-53.7298
-53.7706
-53.832
-53.9139
-54.0162
-54.1382
-54.2791
-54.4369
-54.6092
-54.7928
-54.9826
-55.1634
-55.2822
-54.9933
-53.6647
-53.6842
-53.7233
-53.782
-53.8601
-53.9574
-54.0733
-54.2069
-54.3566
-54.5202
-54.6952
-54.8775
-55.0604
-55.2768
-55.9107
-53.6068
-53.6255
-53.6628
-53.7188
-53.7932
-53.8859
-53.9962
-54.1235
-54.2664
-54.4237
-54.5938
-54.7719
-54.9343
-54.9821
-54.4063
-53.5362
-53.554
-53.5896
-53.643
-53.714
-53.8023
-53.9075
-54.0289
-54.1661
-54.3187
-54.4881
-54.6773
-54.8876
-55.1211
-55.3567
-53.4534
-53.4704
-53.5044
-53.5553
-53.623
-53.7072
-53.8074
-53.9234
-54.0549
-54.2024
-54.37
-54.568
-54.8248
-55.2592
-56.467
-53.3592
-53.3754
-53.4078
-53.4563
-53.5208
-53.601
-53.6966
-53.8071
-53.9323
-54.0727
-54.2319
-54.4178
-54.6387
-54.8608
-54.5467
-53.2539
-53.2694
-53.3003
-53.3465
-53.408
-53.4844
-53.5754
-53.6804
-53.7989
-53.9304
-54.0767
-54.2433
-54.4518
-54.8354
-56.2705
-53.1381
-53.1529
-53.1823
-53.2264
-53.285
-53.3579
-53.4446
-53.5443
-53.6562
-53.7784
-53.9085
-54.0398
-54.1431
-54.0805
-52.9528
-53.0124
-53.0264
-53.0545
-53.0966
-53.1524
-53.2219
-53.3046
-53.3998
-53.5061
-53.6211
-53.7407
-53.8556
-53.9495
-54.0659
-54.8831
-52.8771
-52.8905
-52.9173
-52.9573
-53.0106
-53.077
-53.1561
-53.2474
-53.3497
-53.4612
-53.5775
-53.686
-53.7402
-53.565
-52.3038
-52.7328
-52.7456
-52.771
-52.8092
-52.86
-52.9234
-52.9992
-53.0872
-53.1869
-53.2982
-53.4209
-53.5539
-53.6903
-53.819
-53.9192
-52.5799
-52.592
-52.6162
-52.6525
-52.7009
-52.7614
-52.8339
-52.9186
-53.016
-53.1277
-53.2583
-53.4196
-53.6457
-54.0933
-55.6009
-52.4188
-52.4303
-52.4533
-52.4877
-52.5337
-52.5911
-52.6602
-52.7411
-52.835
-52.9443
-53.0755
-53.2402
-53.4472
-53.6319
-53.0247
-52.2499
-52.2608
-52.2826
-52.3152
-52.3587
-52.413
-52.4782
-52.5546
-52.643
-52.7461
-52.8706
-53.0313
-53.2643
-53.7212
-55.3254
-52.0737
-52.084
-52.1046
-52.1354
-52.1764
-52.2275
-52.2886
-52.3596
-52.4408
-52.5335
-52.6416
-52.7721
-52.9258
-53.0141
-52.1144
-51.8906
-51.9003
-51.9197
-51.9488
-51.9873
-52.0352
-52.092
-52.1573
-52.2304
-52.3105
-52.398
-52.4969
-52.6327
-52.9937
-54.8986
-51.7009
-51.7101
-51.7284
-51.7557
-51.792
-51.8368
-51.8896
-51.9496
-52.015
-52.0827
-52.1475
-52.1961
-52.183
-51.9016
-50.0349
-51.5051
-51.5137
-51.531
-51.5568
-51.5909
-51.633
-51.6824
-51.738
-51.7977
-51.8574
-51.9093
-51.938
-51.9197
-51.9109
-52.8403
-51.3034
-51.3116
-51.3279
-51.3522
-51.3844
-51.4241
-51.4709
-51.5235
-51.5803
-51.6376
-51.6881
-51.7126
-51.6497
-51.2691
-49.4459
-51.0962
-51.1039
-51.1194
-51.1424
-51.1729
-51.2106
-51.2552
-51.3061
-51.3624
-51.4229
-51.4858
-51.5479
-51.6001
-51.6296
-51.6257
-50.8839
-50.8912
-50.9058
-50.9276
-50.9565
-50.9925
-51.0352
-51.0849
-51.1416
-51.2067
-51.2851
-51.3901
-51.5661
-52.0138
-53.8005
-50.6666
-50.6735
-50.6873
-50.708
-50.7354
-50.7696
-50.8106
-50.8586
-50.9146
-50.9816
-51.0666
-51.1831
-51.3433
-51.4685
-50.6129
-50.4446
-50.4512
-50.4643
-50.4839
-50.5099
-50.5423
-50.5811
-50.6266
-50.68
-50.7443
-50.827
-50.9458
-51.1446
-51.6047
-53.4301
-50.2183
-50.2245
-50.2369
-50.2554
-50.28
-50.3105
-50.3469
-50.3891
-50.4377
-50.4942
-50.5632
-50.6528
-50.7645
-50.7932
-49.6489
-49.9877
-49.9936
-50.0054
-50.0229
-50.0462
-50.0748
-50.1086
-50.1471
-50.1897
-50.2358
-50.2858
-50.3444
-50.442
-50.7967
-52.9353
-49.7532
-49.7589
-49.77
-49.7867
-49.8087
-49.8356
-49.8671
-49.9022
-49.9392
-49.9749
-50.0032
-50.0089
-49.9408
-49.5616
-47.3567
-49.515
-49.5203
-49.531
-49.5469
-49.5678
-49.5934
-49.6232
-49.6559
-49.6895
-49.7194
-49.7369
-49.7244
-49.6556
-49.5948
-50.5937
-49.2731
-49.2782
-49.2884
-49.3037
-49.3237
-49.3484
-49.3771
-49.409
-49.4421
-49.4726
-49.4921
-49.4789
-49.3649
-48.8924
-46.7993
-49.0277
-49.0327
-49.0425
-49.0572
-49.0766
-49.1006
-49.129
-49.1612
-49.1965
-49.2336
-49.2706
-49.3035
-49.3229
-49.3157
-49.2738
-48.779
-48.7838
-48.7933
-48.8075
-48.8264
-48.85
-48.8781
-48.9111
-48.9494
-48.9949
-49.0525
-49.1373
-49.2993
-49.7634
-51.7181
-48.5271
-48.5317
-48.5409
-48.5547
-48.5731
-48.5961
-48.624
-48.6573
-48.6974
-48.7477
-48.8161
-48.9173
-49.066
-49.1761
-48.202
-48.272
-48.2765
-48.2854
-48.2987
-48.3166
-48.3389
-48.3661
-48.3986
-48.4381
-48.4882
-48.5572
-48.6645
-48.8595
-49.3419
-51.3252
-48.0139
-48.0182
-48.0269
-48.0398
-48.057
-48.0785
-48.1044
-48.1351
-48.1715
-48.2155
-48.2722
-48.3506
-48.4533
-48.4655
-47.1921
-47.7529
-47.7571
-47.7654
-47.7778
-47.7944
-47.815
-47.8395
-47.8677
-47.8994
-47.9342
-47.9726
-48.0197
-48.1098
-48.4821
-50.807
-47.489
-47.493
-47.5011
-47.5131
-47.5291
-47.5488
-47.572
-47.5979
-47.625
-47.6504
-47.6672
-47.6588
-47.5705
-47.143
-44.7207
-47.2223
-47.2262
-47.234
-47.2457
-47.2612
-47.2803
-47.3025
-47.3271
-47.3519
-47.3726
-47.3795
-47.3533
-47.2665
-47.1891
-48.2672
-46.953
-46.9568
-46.9643
-46.9757
-46.9908
-47.0095
-47.0315
-47.0561
-47.0816
-47.1043
-47.115
-47.09
-46.956
-46.4329
-44.1457
-46.681
-46.6846
-46.692
-46.7031
-46.7179
-46.7364
-46.7587
-46.7844
-46.8133
-46.8444
-46.8754
-46.9022
-46.9156
-46.9019
-46.8522
-46.4064
-46.4099
-46.4171
-46.4279
-46.4424
-46.4608
-46.4834
-46.5106
-46.5435
-46.5844
-46.639
-46.7236
-46.894
-47.3958
-49.5243
-46.1293
-46.1328
-46.1397
-46.1501
-46.1642
-46.1823
-46.2048
-46.2327
-46.268
-46.3148
-46.3818
-46.4853
-46.6424
-46.7601
-45.6987
-45.8498
-45.8531
-45.8597
-45.8697
-45.8833
-45.9007
-45.9225
-45.9498
-45.9846
-46.0313
-46.0993
-46.2097
-46.418
-46.9432
-49.1123
-45.5681
-45.5711
-45.5774
-45.5868
-45.5996
-45.616
-45.6364
-45.6615
-45.6928
-45.7328
-45.7873
-45.8661
-45.9735
-45.9847
-44.5928
-45.2841
-45.2869
-45.2927
-45.3015
-45.3134
-45.3285
-45.347
-45.3691
-45.3948
-45.4243
-45.4584
-45.5025
-45.5958
-46.0006
-48.5472
-44.998
-45.0007
-45.006
-45.0141
-45.0249
-45.0386
-45.0551
-45.074
-45.0942
-45.1127
-45.1223
-45.1049
-45.0016
-44.529
-41.8725
-44.7101
-44.7124
-44.7173
-44.7245
-44.7344
-44.7468
-44.7616
-44.7782
-44.7948
-44.807
-44.8047
-44.7667
-44.664
-44.5739
-45.7524
-44.4204
-44.4225
-44.4267
-44.4332
-44.442
-44.4532
-44.4667
-44.4822
-44.4984
-44.5114
-44.5117
-44.4734
-44.3175
-43.7377
-41.2269
-44.1291
-44.1309
-44.1345
-44.1401
-44.1478
-44.1579
-44.1705
-44.1859
-44.2041
-44.2246
-44.2452
-44.2616
-44.2654
-44.2423
-44.1838
-43.8365
-43.8379
-43.8409
-43.8455
-43.852
-43.8607
-43.8723
-43.8876
-43.9083
-43.9374
-43.9815
-44.0586
-44.2318
-44.7715
-47.1014
-43.5428
-43.5438
-43.546
-43.5495
-43.5545
-43.5615
-43.5714
-43.5856
-43.6067
-43.6396
-43.6943
-43.7889
-43.9435
-44.0574
-42.8806
-43.2482
-43.2488
-43.2501
-43.2522
-43.2554
-43.2603
-43.2676
-43.2788
-43.2968
-43.3267
-43.3791
-43.4773
-43.6837
-44.2393
-46.6019
-42.9531
-42.9532
-42.9534
-42.954
-42.9552
-42.9573
-42.961
-42.9675
-42.9786
-42.9978
-43.0315
-43.0907
-43.1812
-43.1662
-41.6138
-42.6577
-42.6573
-42.6564
-42.6553
-42.6541
-42.653
-42.6525
-42.6529
-42.6548
-42.6588
-42.6658
-42.6823
-42.7518
-43.1605
-45.9012
-42.3625
-42.3615
-42.3595
-42.3565
-42.3527
-42.3483
-42.3432
-42.3373
-42.3296
-42.3173
-42.293
-42.237
-42.0869
-41.5351
-38.6107
-42.0679
-42.0662
-42.063
-42.0581
-42.0517
-42.0439
-42.0345
-42.023
-42.0077
-41.9841
-41.9414
-41.857
-41.701
-41.5569
-42.7747
-41.7742
-41.772
-41.7674
-41.7606
-41.7516
-41.7405
-41.7272
-41.7113
-41.6915
-41.664
-41.6182
-41.5267
-41.3066
-40.6328
-37.9003
-41.482
-41.4791
-41.4732
-41.4644
-41.4528
-41.4384
-41.4216
-41.4024
-41.3808
-41.3562
-41.3262
-41.2857
-41.2273
-41.1381
-41.017
-41.1916
-41.188
-41.1808
-41.1699
-41.1556
-41.138
-41.1176
-41.0951
-41.0722
-41.0518
-41.0406
-41.0571
-41.1693
-41.6651
-44.052
-40.9036
-40.8993
-40.8906
-40.8777
-40.8606
-40.8395
-40.815
-40.7883
-40.7619
-40.7409
-40.7348
-40.7622
-40.8448
-40.8785
-39.5625
-40.6183
-40.6133
-40.6033
-40.5882
-40.5681
-40.5431
-40.5138
-40.4813
-40.448
-40.4192
-40.405
-40.4288
-40.5544
-41.0287
-43.3465
-40.3363
-40.3306
-40.3192
-40.302
-40.2788
-40.2497
-40.2148
-40.1748
-40.1312
-40.087
-40.048
-40.0246
-40.0219
-39.8983
-38.2012
-40.058
-40.0517
-40.0389
-40.0196
-39.9934
-39.9601
-39.9193
-39.8709
-39.8148
-39.7508
-39.6794
-39.6059
-39.5732
-39.8602
-42.422
-39.7838
-39.7769
-39.763
-39.7418
-39.7128
-39.6755
-39.6291
-39.5725
-39.5039
-39.4196
-39.3112
-39.159
-38.9025
-38.2419
-35.2633
-39.5142
-39.5069
-39.4919
-39.4691
-39.4377
-39.397
-39.3459
-39.2825
-39.2041
-39.1047
-38.9724
-38.7844
-38.5123
-38.2329
-39.2008
-39.2495
-39.2418
-39.2261
-39.202
-39.1688
-39.1256
-39.0711
-39.0032
-38.9188
-38.8122
-38.6713
-38.4681
-38.1273
-37.3571
-34.7135
-38.9899
-38.982
-38.9658
-38.941
-38.9067
-38.862
-38.8054
-38.7353
-38.6491
-38.5434
-38.4123
-38.2474
-38.0404
-37.7818
-37.4939
-38.7356
-38.7276
-38.7113
-38.6862
-38.6516
-38.6064
-38.5492
-38.4786
-38.3931
-38.2917
-38.1756
-38.056
-37.9893
-38.2264
-40.0778
-38.4866
-38.4787
-38.4626
-38.4379
-38.4036
-38.3588
-38.3022
-38.2324
-38.1483
-38.0499
-37.9401
-37.828
-37.7273
-37.5493
-36.2252
-38.2428
-38.2352
-38.2197
-38.1958
-38.1627
-38.1193
-38.0643
-37.9962
-37.9135
-37.8157
-37.705
-37.5919
-37.519
-37.6675
-39.1823
-38.004
-37.9969
-37.9823
-37.9598
-37.9286
-37.8877
-37.8356
-37.7702
-37.6892
-37.5901
-37.4702
-37.3281
-37.1568
-36.8365
-35.2895
-37.77
-37.7634
-37.75
-37.7295
-37.7011
-37.6638
-37.6159
-37.555
-37.4777
-37.3785
-37.2498
-37.0844
-36.898
-36.8569
-38.2315
-37.5402
-37.5343
-37.5225
-37.5044
-37.4795
-37.4469
-37.4051
-37.3515
-37.2815
-37.187
-37.0535
-36.8553
-36.5383
-35.8936
-33.7087
-37.3142
-37.3092
-37.299
-37.2836
-37.2629
-37.2362
-37.2025
-37.1595
-37.1024
-37.0222
-36.901
-36.7087
-36.4061
-35.9993
-36.0955
-37.0915
-37.0872
-37.0788
-37.0664
-37.0501
-37.0302
-37.0063
-36.9773
-36.9396
-36.8853
-36.7965
-36.6387
-36.3463
-35.7551
-34.2306
-36.8714
-36.8679
-36.861
-36.8514
-36.8397
-36.8268
-36.8137
-36.8012
-36.7886
-36.7719
-36.7388
-36.6622
-36.4939
-36.1583
-35.6334
-36.6535
-36.6505
-36.6449
-36.6376
-36.6297
-36.6232
-36.6206
-36.6252
-36.6405
-36.6694
-36.7098
-36.7492
-36.7577
-36.6924
-36.6756
-36.4373
-36.4346
-36.4298
-36.4238
-36.4185
-36.4167
-36.4225
-36.4418
-36.4833
-36.5584
-36.6803
-36.8578
-37.0728
-37.1922
-36.7993
-36.2227
-36.2199
-36.215
-36.2092
-36.2047
-36.2048
-36.2148
-36.2432
-36.3028
-36.4145
-36.6107
-36.9402
-37.4544
-38.0472
-37.565
-36.0097
-36.0065
-36.0006
-35.9935
-35.9873
-35.9857
-35.9945
-36.0228
-36.0863
-36.2114
-36.4472
-36.8943
-37.7816
-39.6479
-43.7445
-35.7986
-35.7945
-35.7868
-35.7768
-35.7665
-35.7592
-35.7604
-35.7783
-35.827
-35.9308
-36.1356
-36.5429
-37.4288
-39.6993
-47.0284
-48.7577
-41.1876
-38.809
-37.8667
-37.4235
-37.1934
-37.07
-37.0056
-36.975
-36.9637
-36.9629
-36.967
-36.9725
-36.9772
-36.9799
-45.7563
-41.1582
-39.145
-38.1944
-37.71
-37.4485
-37.304
-37.2252
-37.1847
-37.1662
-37.1602
-37.1606
-37.1635
-37.1666
-37.1684
-38.5524
-39.3331
-38.7433
-38.1984
-37.8405
-37.6218
-37.4923
-37.4185
-37.3789
-37.3599
-37.3528
-37.3521
-37.354
-37.3564
-37.358
-38.2099
-38.459
-38.3105
-38.0725
-37.8731
-37.7325
-37.642
-37.588
-37.5587
-37.5451
-37.5408
-37.5414
-37.544
-37.5466
-37.5482
-37.6984
-37.8602
-37.9403
-37.9197
-37.8635
-37.808
-37.7664
-37.7406
-37.7276
-37.7236
-37.725
-37.729
-37.7335
-37.7372
-37.7393
-36.7495
-37.3175
-37.6403
-37.7913
-37.8524
-37.8732
-37.8798
-37.8843
-37.8903
-37.8982
-37.9071
-37.9158
-37.9233
-37.9287
-37.9315
-35.7391
-36.9444
-37.4598
-37.7251
-37.8683
-37.9476
-37.9949
-38.0269
-38.0516
-38.0719
-38.0891
-38.1033
-38.1142
-38.1216
-38.1254
-36.9673
-37.0496
-37.4533
-37.7434
-37.9274
-38.0437
-38.1205
-38.1749
-38.2157
-38.2477
-38.2729
-38.2926
-38.3072
-38.3168
-38.3217
-35.0705
-36.931
-37.5259
-37.8351
-38.0325
-38.1667
-38.2619
-38.3323
-38.386
-38.4278
-38.4604
-38.4852
-38.5033
-38.5151
-38.5209
-38.7223
-37.6907
-37.7971
-38.0044
-38.1805
-38.3164
-38.4205
-38.5013
-38.5646
-38.6143
-38.6529
-38.6822
-38.7034
-38.7172
-38.724
-36.2573
-37.6594
-37.9984
-38.1951
-38.3552
-38.4876
-38.5954
-38.6826
-38.7526
-38.8081
-38.8516
-38.8846
-38.9084
-38.9238
-38.9314
-39.6008
-38.366
-38.2986
-38.4111
-38.5482
-38.6754
-38.7848
-38.8759
-38.9505
-39.0103
-39.0573
-39.0931
-39.1189
-39.1357
-39.1439
-37.0267
-38.2612
-38.4741
-38.6098
-38.747
-38.8751
-38.9868
-39.081
-39.1585
-39.2211
-39.2705
-39.3082
-39.3354
-39.3531
-39.3618
-40.4695
-38.8652
-38.7034
-38.8073
-38.9512
-39.0856
-39.2011
-39.2976
-39.3769
-39.4409
-39.4916
-39.5303
-39.5583
-39.5765
-39.5855
-38.1591
-38.467
-38.7482
-38.977
-39.161
-39.3089
-39.4286
-39.5262
-39.6058
-39.6699
-39.7207
-39.7596
-39.7878
-39.8061
-39.8151
-35.6381
-38.0868
-38.8296
-39.1776
-39.3951
-39.5512
-39.6714
-39.7676
-39.8453
-39.908
-39.9578
-39.996
-40.0238
-40.0419
-40.0508
-39.7351
-38.8907
-39.1852
-39.4687
-39.6708
-39.8179
-39.9311
-40.0217
-40.0953
-40.155
-40.2026
-40.2394
-40.2662
-40.2838
-40.2924
-36.1064
-38.9033
-39.5486
-39.8162
-39.9838
-40.1079
-40.2066
-40.2877
-40.3549
-40.4102
-40.4548
-40.4895
-40.5149
-40.5316
-40.5398
-42.7561
-40.4096
-40.1743
-40.2329
-40.3263
-40.4151
-40.4942
-40.5633
-40.6227
-40.6727
-40.7136
-40.7457
-40.7694
-40.785
-40.7928
-38.8206
-40.4492
-40.596
-40.6254
-40.6711
-40.7288
-40.7888
-40.8458
-40.8971
-40.9414
-40.9783
-41.0075
-41.0293
-41.0437
-41.0508
-43.6692
-41.5174
-41.0992
-41.0065
-41.0068
-41.0404
-41.0854
-41.1323
-41.1763
-41.2152
-41.248
-41.2743
-41.294
-41.3071
-41.3136
-40.1025
-41.3813
-41.3766
-41.3228
-41.3186
-41.3438
-41.3809
-41.4208
-41.4589
-41.4931
-41.5221
-41.5455
-41.5632
-41.5749
-41.5808
-44.3868
-42.1361
-41.6882
-41.6045
-41.6094
-41.6386
-41.6744
-41.7105
-41.7443
-41.7743
-41.7999
-41.8206
-41.8362
-41.8466
-41.8518
-41.5001
-41.6385
-41.7471
-41.8245
-41.8825
-41.9286
-41.9676
-42.0019
-42.0322
-42.0586
-42.0809
-42.0989
-42.1126
-42.1217
-42.1262
-38.5198
-41.1611
-41.8277
-42.058
-42.1633
-42.2232
-42.2642
-42.2961
-42.3229
-42.3456
-42.3647
-42.3802
-42.3919
-42.3997
-42.4037
-43.2075
-42.0549
-42.2112
-42.3781
-42.475
-42.5307
-42.567
-42.594
-42.6162
-42.635
-42.6509
-42.6639
-42.6737
-42.6803
-42.6837
-39.1977
-42.0393
-42.5874
-42.7468
-42.8147
-42.8516
-42.8761
-42.8953
-42.9119
-42.9264
-42.939
-42.9495
-42.9576
-42.9631
-42.9659
-46.2536
-43.6161
-43.2337
-43.179
-43.1753
-43.1808
-43.1889
-43.1985
-43.2088
-43.219
-43.2285
-43.2366
-43.2431
-43.2475
-43.2498
-42.106
-43.6264
-43.6524
-43.5756
-43.5292
-43.5079
-43.5008
-43.5013
-43.5058
-43.5121
-43.5187
-43.5248
-43.5298
-43.5333
-43.5352
-46.9628
-44.6744
-44.1426
-43.9509
-43.8652
-43.825
-43.8073
-43.8014
-43.8016
-43.8048
-43.8092
-43.8136
-43.8175
-43.8202
-43.8217
-43.3517
-44.5023
-44.3966
-44.2527
-44.1691
-44.1262
-44.1057
-44.0972
-44.0952
-44.0966
-44.0995
-44.1027
-44.1057
-44.1079
-44.109
-47.4725
-45.2023
-44.6772
-44.5124
-44.4445
-44.4118
-44.3956
-44.3885
-44.3864
-44.3872
-44.3894
-44.392
-44.3944
-44.3961
-44.3971
-44.6417
-44.6904
-44.7076
-44.7047
-44.6951
-44.6858
-44.6794
-44.6762
-44.6757
-44.6768
-44.6789
-44.6812
-44.6833
-44.6849
-44.6857
-41.7782
-44.2001
-44.7521
-44.9015
-44.9453
-44.9576
-44.9608
-44.9621
-44.9637
-44.9658
-44.9682
-44.9706
-44.9726
-44.974
-44.9748
-46.1822
-45.0083
-45.076
-45.1717
-45.2171
-45.2356
-45.2435
-45.2479
-45.2513
-45.2545
-45.2575
-45.2601
-45.2621
-45.2636
-45.2643
-42.4541
-44.9541
-45.3805
-45.4768
-45.5074
-45.5208
-45.5286
-45.5343
-45.5391
-45.5433
-45.5469
-45.5498
-45.5521
-45.5536
-45.5543
-48.8509
-46.3397
-45.9143
-45.8274
-45.8096
-45.8098
-45.8151
-45.8214
-45.8274
-45.8325
-45.8367
-45.84
-45.8424
-45.844
-45.8448
-45.1319
-46.2768
-46.2131
-46.1298
-46.0991
-46.0952
-46.1009
-46.1087
-46.1162
-46.1223
-46.1272
-46.1308
-46.1333
-46.1349
-46.1357
-49.426
-47.0531
-46.5254
-46.3957
-46.37
-46.3739
-46.3851
-46.3964
-46.4058
-46.4131
-46.4184
-46.4222
-46.4248
-46.4264
-46.4272
-46.5607
-46.5481
-46.5614
-46.5894
-46.6202
-46.6475
-46.6692
-46.6853
-46.6969
-46.7051
-46.7107
-46.7145
-46.717
-46.7184
-46.7191
-43.7044
-46.0251
-46.587
-46.7812
-46.8729
-46.925
-46.957
-46.9774
-46.9905
-46.9989
-47.0043
-47.0077
-47.0098
-47.011
-47.0115
-47.8438
-46.7236
-46.8677
-47.044
-47.1533
-47.2164
-47.2529
-47.2745
-47.2872
-47.2948
-47.2992
-47.3018
-47.3032
-47.304
-47.3043
-44.154
-46.544
-47.1262
-47.3534
-47.4659
-47.5261
-47.5593
-47.5776
-47.5876
-47.5929
-47.5955
-47.5967
-47.5972
-47.5972
-47.5972
-49.1544
-47.62
-47.6309
-47.7425
-47.8148
-47.8548
-47.8759
-47.8864
-47.8912
-47.8928
-47.8928
-47.8922
-47.8913
-47.8906
-47.8902
-44.8699
-47.623
-48.0657
-48.1587
-48.1865
-48.1967
-48.1997
-48.1992
-48.1969
-48.1939
-48.1907
-48.1878
-48.1855
-48.1838
-48.183
-52.0467
-49.2305
-48.7431
-48.6202
-48.5706
-48.5435
-48.526
-48.5132
-48.5032
-48.495
-48.4884
-48.4831
-48.4791
-48.4765
-48.4752
-47.8048
-49.2211
-49.1673
-49.0307
-48.9394
-48.8839
-48.849
-48.8253
-48.8082
-48.7952
-48.7852
-48.7775
-48.772
-48.7683
-48.7665
-52.5564
-50.2327
-49.649
-49.4098
-49.2837
-49.2102
-49.164
-49.1328
-49.1102
-49.0933
-49.0804
-49.0706
-49.0635
-49.059
-49.0567
-48.9427
-50.0363
-49.8914
-49.7103
-49.5918
-49.5176
-49.4687
-49.4342
-49.4084
-49.3887
-49.3734
-49.3619
-49.3535
-49.348
-49.3453
-52.9488
-50.7002
-50.1588
-49.9673
-49.8697
-49.8077
-49.7633
-49.7293
-49.7024
-49.681
-49.664
-49.651
-49.6415
-49.6353
-49.6322
-50.1348
-50.1788
-50.1831
-50.1592
-50.1233
-50.0857
-50.0507
-50.0195
-49.9927
-49.9703
-49.952
-49.9378
-49.9273
-49.9204
-49.917
-47.2889
-49.6852
-50.2268
-50.3594
-50.3785
-50.3622
-50.3353
-50.3066
-50.2799
-50.2567
-50.2374
-50.2221
-50.2108
-50.2033
-50.1996
-51.6169
-50.4798
-50.5545
-50.6384
-50.659
-50.6464
-50.6209
-50.5922
-50.5647
-50.5404
-50.52
-50.5038
-50.4917
-50.4837
-50.4797
-47.8935
-50.4331
-50.8758
-50.9613
-50.9631
-50.9397
-50.9088
-50.877
-50.8474
-50.8215
-50.7999
-50.7827
-50.7699
-50.7614
-50.7572
-54.2898
-51.8429
-51.445
-51.3424
-51.2852
-51.2386
-51.1971
-51.16
-51.1275
-51.0998
-51.0769
-51.0587
-51.0452
-51.0363
-51.0318
-50.4983
-51.8301
-51.809
-51.6918
-51.6009
-51.5341
-51.4823
-51.4399
-51.4044
-51.3748
-51.3507
-51.3316
-51.3175
-51.3082
-51.3036
-54.8512
-52.7573
-52.2394
-52.0232
-51.9004
-51.8197
-51.7609
-51.7148
-51.6771
-51.6462
-51.6211
-51.6013
-51.5867
-51.5771
-51.5722
-51.5845
-52.5907
-52.4601
-52.2898
-52.1714
-52.0903
-52.0306
-51.9837
-51.9453
-51.9136
-51.8879
-51.8676
-51.8526
-51.8427
-51.8378
-55.2775
-53.2139
-52.7082
-52.5205
-52.4172
-52.3463
-52.2915
-52.2465
-52.2087
-52.1771
-52.1511
-52.1305
-52.1152
-52.1051
-52.1
-52.7402
-52.7557
-52.7355
-52.6925
-52.6414
-52.5915
-52.5455
-52.5042
-52.4679
-52.4367
-52.4107
-52.39
-52.3744
-52.3641
-52.3589
-50.1897
-52.3227
-52.7784
-52.8702
-52.8657
-52.8343
-52.7963
-52.7584
-52.7236
-52.6929
-52.6669
-52.646
-52.6302
-52.6197
-52.6145
-54.1397
-53.0549
-53.0737
-53.1148
-53.1096
-53.082
-53.0467
-53.0105
-52.9763
-52.9458
-52.9198
-52.8987
-52.8827
-52.8719
-52.8665
-50.8559
-53.0212
-53.3536
-53.3914
-53.3702
-53.3353
-53.2978
-53.261
-53.2266
-53.1959
-53.1695
-53.148
-53.1316
-53.1206
-53.1151
-56.5152
-54.2608
-53.8377
-53.7093
-53.641
-53.591
-53.5483
-53.5096
-53.4744
-53.443
-53.4161
-53.394
-53.3771
-53.3658
-53.36
-53.2873
-54.2294
-54.1169
-53.9854
-53.9002
-53.842
-53.796
-53.7557
-53.7195
-53.6873
-53.6594
-53.6366
-53.619
-53.6072
-53.6013
-57.0394
-54.931
-54.409
-54.2293
-54.1417
-54.0849
-54.0395
-53.999
-53.9619
-53.9286
-53.8996
-53.8757
-53.8573
-53.8448
-53.8386
-54.6151
-54.5316
-54.4633
-54.4095
-54.3629
-54.3204
-54.2795
-54.2397
-54.2018
-54.1671
-54.1366
-54.1112
-54.0917
-54.0784
-54.0717
-52.2455
-54.1221
-54.5072
-54.5847
-54.5824
-54.5552
-54.5187
-54.479
-54.4396
-54.4027
-54.3701
-54.343
-54.322
-54.3077
-54.3005
-55.7915
-54.7491
-54.7646
-54.8154
-54.8202
-54.7968
-54.7601
-54.718
-54.6755
-54.6356
-54.6002
-54.5707
-54.5479
-54.5324
-54.5246
-52.8357
-54.642
-54.9973
-55.0783
-55.0786
-55.0482
-55.005
-54.9573
-54.9098
-54.8655
-54.8265
-54.794
-54.769
-54.7521
-54.7435
-56.915
-55.5433
-55.4201
-55.3973
-55.3594
-55.3089
-55.253
-55.1962
-55.1418
-55.092
-55.0485
-55.0125
-54.9849
-54.9661
-54.9567
-53.6501
-55.5783
-55.773
-55.727
-55.6502
-55.5739
-55.5015
-55.4334
-55.3706
-55.3143
-55.2656
-55.2255
-55.1948
-55.1741
-55.1636
-59.1211
-56.8177
-56.2927
-56.0782
-55.9418
-55.8366
-55.7469
-55.6669
-55.595
-55.5314
-55.4769
-55.4323
-55.3982
-55.3752
-55.3636
-56.1093
-56.8228
-56.5967
-56.3751
-56.2132
-56.089
-55.9855
-55.8946
-55.8136
-55.7425
-55.6817
-55.632
-55.5942
-55.5686
-55.5558
-59.4789
-57.4812
-56.8974
-56.6307
-56.4595
-56.3275
-56.2152
-56.1152
-56.0256
-55.9466
-55.879
-55.8239
-55.7819
-55.7536
-55.7393
-57.3509
-57.1585
-56.9776
-56.82
-56.6798
-56.553
-56.4363
-56.3284
-56.2301
-56.1429
-56.0681
-56.007
-55.9604
-55.9291
-55.9133
-55.3525
-56.8284
-57.0412
-56.9975
-56.892
-56.7721
-56.6512
-56.5349
-56.4271
-56.3307
-56.2479
-56.1802
-56.1288
-56.0941
-56.0767
-58.3421
-57.3762
-57.2829
-57.2181
-57.1155
-56.9924
-56.8627
-56.7354
-56.6162
-56.5093
-56.4175
-56.3426
-56.2857
-56.2475
-56.2283
-55.9814
-57.3187
-57.5044
-57.465
-57.3547
-57.2177
-57.0727
-56.93
-56.7968
-56.6777
-56.5757
-56.4928
-56.4301
-56.388
-56.3668
-59.1989
-58.0618
-57.882
-57.7612
-57.6136
-57.4492
-57.2808
-57.118
-56.9676
-56.8343
-56.721
-56.6294
-56.5604
-56.5142
-56.4911
-56.6908
-58.1407
-58.2185
-58.0761
-57.8855
-57.6839
-57.485
-57.2972
-57.1266
-56.9773
-56.8516
-56.7507
-56.6751
-56.6247
-56.5996
-60.944
-59.1731
-58.7076
-58.4248
-58.1665
-57.9174
-57.6814
-57.4643
-57.2708
-57.104
-56.9653
-56.8549
-56.7726
-56.7181
-56.691
-58.6504
-59.2997
-59.0697
-58.7565
-58.4423
-58.1423
-57.8646
-57.6148
-57.3966
-57.2115
-57.0595
-56.9398
-56.8513
-56.7929
-56.7639
-61.6431
-60.0378
-59.4892
-59.0889
-58.7097
-58.3524
-58.0282
-57.7432
-57.4995
-57.2963
-57.1317
-57.0034
-56.9093
-56.8475
-56.817
-60.0047
-60.0428
-59.8054
-59.4069
-58.9632
-58.5402
-58.1646
-57.843
-57.5742
-57.3544
-57.1789
-57.0436
-56.9452
-56.8809
-56.8492
-58.3356
-60.2397
-60.2333
-59.7565
-59.2035
-58.6959
-58.2634
-57.9059
-57.615
-57.3819
-57.1985
-57.0587
-56.9576
-56.892
-56.8597
-62.981
-61.764
-60.9877
-60.1589
-59.4135
-58.8
-58.3103
-57.9224
-57.6159
-57.375
-57.1882
-57.0471
-56.9458
-56.8804
-56.8482
-60.826
-62.9831
-61.7784
-60.5037
-59.5328
-58.8188
-58.2866
-57.8824
-57.5712
-57.3309
-57.1465
-57.0082
-56.9095
-56.8459
-56.8147
-75.8592
-66.5374
-62.6177
-60.6378
-59.4744
-58.7117
-58.1742
-57.7778
-57.4776
-57.248
-57.073
-56.9422
-56.8491
-56.7892
-56.7599
-78.671
-66.3406
-62.1101
-60.2055
-59.1381
-58.4487
-57.964
-57.6064
-57.3352
-57.1275
-56.969
-56.8505
-56.766
-56.7116
-56.685
-35.5692
-35.5637
-35.553
-35.5382
-35.5209
-35.5035
-35.4899
-35.4859
-35.4999
-35.5446
-35.6364
-35.7911
-35.9834
-35.8904
-33.5006
-35.3241
-35.3166
-35.3017
-35.2801
-35.2525
-35.2203
-35.1851
-35.1487
-35.1125
-35.0754
-35.0273
-34.9333
-34.692
-34.0312
-32.4137
-35.0862
-35.0764
-35.0567
-35.0274
-34.9885
-34.9399
-34.8813
-34.8112
-34.7259
-34.6165
-34.4628
-34.223
-33.8196
-33.1277
-32.0426
-34.8577
-34.8455
-34.821
-34.7839
-34.7336
-34.6692
-34.5887
-34.4889
-34.3634
-34.2014
-33.9831
-33.6764
-33.2366
-32.6167
-31.811
-34.641
-34.6265
-34.5974
-34.553
-34.4924
-34.4141
-34.3153
-34.1919
-34.0376
-33.8421
-33.5903
-33.2617
-32.8335
-32.2908
-31.6457
-34.4383
-34.4218
-34.3886
-34.338
-34.2687
-34.1789
-34.066
-33.9259
-33.7528
-33.5389
-33.2739
-32.9458
-32.5443
-32.0669
-31.5263
-34.2516
-34.2335
-34.1969
-34.1411
-34.0649
-33.9666
-33.8436
-33.6925
-33.5088
-33.2869
-33.0204
-32.7029
-32.3308
-31.9059
-31.439
-34.0827
-34.0632
-34.0239
-33.9642
-33.8828
-33.7784
-33.6488
-33.4914
-33.3028
-33.0793
-32.8175
-32.5144
-32.1696
-31.7866
-31.3741
-33.9328
-33.9123
-33.871
-33.8084
-33.7235
-33.615
-33.4815
-33.3209
-33.1311
-32.9099
-32.6556
-32.3673
-32.0463
-31.6964
-31.3247
-33.803
-33.7818
-33.7391
-33.6745
-33.5872
-33.4763
-33.3407
-33.1792
-32.9904
-32.7732
-32.5271
-32.2526
-31.9515
-31.6277
-31.2869
-33.6941
-33.6724
-33.6287
-33.5628
-33.4741
-33.3619
-33.2256
-33.0643
-32.8776
-32.665
-32.4267
-32.164
-31.879
-31.5753
-31.2579
-33.6065
-33.5845
-33.5402
-33.4735
-33.384
-33.2712
-33.1349
-32.9746
-32.7902
-32.5819
-32.3504
-32.0972
-31.8248
-31.5363
-31.2362
-33.5407
-33.5184
-33.4738
-33.4066
-33.3167
-33.2038
-33.0678
-32.9085
-32.7263
-32.5215
-32.2953
-32.0494
-31.786
-31.5085
-31.2207
-33.4966
-33.4743
-33.4294
-33.362
-33.272
-33.1591
-33.0235
-32.8651
-32.6844
-32.4822
-32.2596
-32.0184
-31.7611
-31.4906
-31.2106
-33.4746
-33.4522
-33.4073
-33.3398
-33.2497
-33.1369
-33.0014
-32.8435
-32.6637
-32.4628
-32.242
-32.0032
-31.7489
-31.4818
-31.2057
-26.8665
-31.1929
-31.3092
-27.884
-24.6764
-16.3103
-25.0362
-28.674
-33.4281
-33.7026
-29.9369
-27.9683
-24.7569
-21.8643
-14.5426
-22.2789
-25.4785
-29.6123
-29.6662
-25.729
-22.5335
-14.6141
-21.8653
-24.7013
-27.7828
-29.7577
-33.6777
-33.4679
-28.7976
-25.1329
-16.2236
-24.2551
-27.3978
-30.8143
-33.0124
-37.3792
-37.1638
-32.012
-27.9722
-18.1243
-27.2392
-30.9008
-35.072
-37.847
-43.4692
-43.7294
-38.9904
-36.5262
-32.4819
-28.7649
-19.1952
-29.6695
-34.0664
-39.8234
-40.0039
-34.8398
-30.6027
-19.9653
-30.1262
-34.1926
-38.7711
-41.6925
-47.4245
-47.2398
-40.7926
-35.7059
-23.223
-35.0395
-39.7819
-45.1628
-48.5879
-55.3019
-55.0883
-47.5531
-41.6033
-27.0092
-40.8557
-46.382
-52.613
-56.4967
-64.0263
-63.5755
-54.4452
-47.3561
-30.3055
-45.5518
-51.0694
-56.3052
-55.2781
-45.6335
-30.2852
-30.2821
-29.668
-28.0276
-26.146
-24.3181
-26.2398
-28.219
-29.958
-30.1491
-28.8568
-27.3284
-25.4547
-23.6143
-21.9439
-23.6195
-25.3405
-26.8159
-26.8501
-25.4421
-23.7264
-21.9962
-23.6175
-25.4141
-27.2448
-28.7751
-30.1137
-29.9608
-28.248
-26.2543
-24.2759
-26.0564
-28.0502
-30.0919
-31.8089
-33.3211
-33.1853
-31.3293
-29.1751
-27.0662
-29.1881
-31.5866
-34.1128
-36.3272
-38.4198
-38.6777
-37.1195
-35.2777
-32.9967
-30.7451
-28.7225
-31.1506
-33.6315
-35.795
-36.0029
-34.2669
-32.1072
-29.9463
-32.3878
-35.0733
-37.8373
-40.1678
-42.2332
-42.1772
-39.9224
-37.2718
-34.6783
-37.4893
-40.6102
-43.8396
-46.5629
-48.9749
-48.901
-46.2513
-43.1324
-40.0735
-43.3252
-46.9086
-50.5771
-53.5981
-56.1807
-55.8351
-52.4272
-48.4432
-44.4094
-47.3628
-50.3121
-52.5993
-52.9083
-51.8837
-30.9086
-30.2509
-29.5042
-28.5183
-27.5377
-26.9262
-27.3603
-28.1092
-28.7168
-28.7311
-28.1162
-27.1852
-26.1045
-25.1188
-24.5268
-24.8946
-25.5556
-26.0944
-26.1105
-25.5978
-24.9397
-24.5517
-25.1172
-26.0774
-27.1389
-28.0681
-28.6973
-28.6993
-28.1027
-27.3533
-26.9153
-27.5501
-28.6336
-29.837
-30.8998
-31.6362
-31.6834
-31.076
-30.3125
-29.9156
-30.7387
-32.0883
-33.6026
-34.9826
-36.0124
-36.2412
-35.6569
-34.6617
-33.4691
-32.3959
-31.8405
-32.556
-33.6539
-34.5828
-34.8011
-34.3045
-33.6137
-33.3
-34.2983
-35.8413
-37.528
-39.0249
-40.0973
-40.281
-39.6222
-38.7561
-38.3511
-39.4933
-41.2825
-43.2456
-44.9866
-46.2277
-46.4234
-45.6257
-44.5754
-44.051
-45.3176
-47.3128
-49.4744
-51.3311
-52.5522
-52.505
-51.239
-49.6027
-48.4523
-49.1801
-50.5087
-51.7428
-52.459
-52.949
-31.0084
-30.3473
-29.6844
-29.0011
-28.3974
-28.0284
-28.0271
-28.2027
-28.3295
-28.2189
-27.8303
-27.2572
-26.6171
-26.056
-25.7271
-25.7474
-25.946
-26.1255
-26.132
-25.9623
-25.7639
-25.7338
-26.0482
-26.5945
-27.2234
-27.7925
-28.1839
-28.2996
-28.1769
-28.0034
-28.0097
-28.3975
-29.044
-29.7842
-30.4607
-30.9432
-31.1242
-31.047
-30.922
-31.0081
-31.5311
-32.3528
-33.2855
-34.1423
-34.7582
-34.9755
-34.786
-34.3301
-33.7698
-33.3007
-33.1287
-33.4107
-33.9198
-34.3941
-34.6286
-34.6221
-34.5772
-34.7644
-35.4247
-36.4027
-37.4921
-38.4935
-39.2413
-39.5985
-39.6208
-39.5767
-39.7962
-40.5657
-41.7048
-42.9716
-44.1307
-44.9864
-45.3766
-45.3644
-45.2612
-45.45
-46.2611
-47.4778
-48.811
-49.9797
-50.7506
-50.9304
-50.5844
-50.0629
-49.7908
-50.1326
-50.8414
-51.632
-52.3352
-53.0085
-31.0124
-30.446
-29.8933
-29.3688
-28.9188
-28.6005
-28.4386
-28.3662
-28.2833
-28.1066
-27.8096
-27.425
-27.0156
-26.6585
-26.4238
-26.3432
-26.3636
-26.4051
-26.407
-26.3677
-26.3453
-26.4194
-26.6449
-26.9922
-27.3933
-27.7726
-28.0671
-28.2426
-28.3241
-28.3944
-28.5543
-28.872
-29.3191
-29.8228
-30.3006
-30.6841
-30.9366
-31.0866
-31.2274
-31.4713
-31.893
-32.4576
-33.0774
-33.649
-34.0778
-34.2957
-34.2988
-34.1487
-33.939
-33.7781
-33.763
-33.9385
-34.2361
-34.5507
-34.8035
-34.9952
-35.2066
-35.5478
-36.0938
-36.8038
-37.5835
-38.3275
-38.9481
-39.3985
-39.7155
-40.0181
-40.4498
-41.1063
-41.9437
-42.8534
-43.7119
-44.4161
-44.9098
-45.2345
-45.5273
-45.9533
-46.6211
-47.4755
-48.3851
-49.2017
-49.8008
-50.1134
-50.1831
-50.1644
-50.2459
-50.5573
-51.0575
-51.6479
-52.2554
-52.8708
-31.002
-30.5246
-30.0614
-29.6289
-29.2503
-28.9468
-28.721
-28.5441
-28.3721
-28.1671
-27.9148
-27.6282
-27.3385
-27.0843
-26.8983
-26.7929
-26.7507
-26.7412
-26.7407
-26.7486
-26.7872
-26.8869
-27.0657
-27.312
-27.5943
-27.8745
-28.1212
-28.321
-28.4869
-28.6561
-28.8715
-29.1597
-29.5127
-29.8982
-30.2763
-30.6136
-30.8962
-31.1394
-31.3843
-31.6783
-32.0488
-32.483
-32.9385
-33.3613
-33.701
-33.9252
-34.0323
-34.053
-34.0381
-34.0454
-34.123
-34.2906
-34.5279
-34.7963
-35.0666
-35.3402
-35.6492
-36.0365
-36.5269
-37.1049
-37.7266
-38.3394
-38.9002
-39.3909
-39.8311
-40.2738
-40.7801
-41.3865
-42.0791
-42.8091
-43.5159
-44.1491
-44.6867
-45.1508
-45.6017
-46.1089
-46.7127
-47.3942
-48.0935
-48.7373
-49.2641
-49.6467
-49.9092
-50.1222
-50.3702
-50.7107
-51.1445
-51.64
-52.1645
-52.7002
-30.9913
-30.5824
-30.1848
-29.811
-29.4735
-29.181
-28.9325
-28.7148
-28.5081
-28.2952
-28.0691
-27.8356
-27.6101
-27.4117
-27.2564
-27.1511
-27.0906
-27.0639
-27.0622
-27.0851
-27.1408
-27.2404
-27.3888
-27.5799
-27.798
-28.0241
-28.2428
-28.4477
-28.645
-28.8509
-29.0836
-29.3541
-29.6591
-29.9842
-30.3104
-30.6218
-30.9124
-31.1894
-31.4705
-31.7751
-32.113
-32.4773
-32.8468
-33.1932
-33.4907
-33.7231
-33.8903
-34.0086
-34.1053
-34.2116
-34.3532
-34.5423
-34.7751
-35.0392
-35.3251
-35.6341
-35.9794
-36.3767
-36.8341
-37.3431
-37.8825
-38.4264
-38.9536
-39.4562
-39.9433
-40.4381
-40.9665
-41.5427
-42.1609
-42.7985
-43.4262
-44.0199
-44.5699
-45.0864
-45.5955
-46.1258
-46.6928
-47.2877
-47.8824
-48.4415
-48.9356
-49.3531
-49.7069
-50.0298
-50.3614
-50.73
-51.1429
-51.5905
-52.058
-52.5315
-30.9819
-30.6237
-30.2736
-29.9404
-29.6315
-29.3514
-29.0993
-28.8694
-28.6528
-28.4419
-28.2338
-28.0313
-27.8423
-27.6765
-27.5425
-27.4443
-27.3815
-27.3504
-27.3479
-27.3739
-27.4312
-27.523
-27.6502
-27.8086
-27.9899
-28.1843
-28.3839
-28.5852
-28.7905
-29.0067
-29.2412
-29.4984
-29.7765
-30.0685
-30.3655
-30.6597
-30.948
-31.2333
-31.5228
-31.8237
-32.1391
-32.4643
-32.788
-33.0957
-33.3739
-33.6147
-33.8188
-33.9951
-34.1587
-34.3271
-34.5151
-34.7312
-34.9774
-35.251
-35.5501
-35.8762
-36.2345
-36.6308
-37.0669
-37.5377
-38.0323
-38.5375
-39.0428
-39.544
-40.0446
-40.5545
-41.0841
-41.6388
-42.2152
-42.8023
-43.3858
-43.954
-44.5017
-45.0331
-45.5588
-46.0903
-46.6329
-47.1817
-47.7229
-48.2396
-48.7176
-49.152
-49.5492
-49.9253
-50.2993
-50.686
-51.0913
-51.5127
-51.9431
-52.3734
-30.9736
-30.6529
-30.3378
-30.0345
-29.7478
-29.4809
-29.2338
-29.0044
-28.7889
-28.5844
-28.3898
-28.2071
-28.0406
-27.8954
-27.7764
-27.6865
-27.6263
-27.5952
-27.5923
-27.6174
-27.6713
-27.7545
-27.8664
-28.004
-28.1626
-28.3368
-28.5222
-28.7165
-28.9202
-29.1358
-29.3661
-29.6123
-29.8734
-30.1456
-30.4245
-30.7058
-30.9878
-31.2712
-31.5583
-31.8514
-32.1508
-32.4532
-32.7524
-33.0405
-33.3108
-33.5595
-33.7873
-33.9997
-34.2054
-34.4146
-34.6363
-34.8771
-35.1401
-35.4263
-35.7364
-36.0719
-36.435
-36.8278
-37.25
-37.6984
-38.1669
-38.6488
-39.1383
-39.6327
-40.133
-40.6428
-41.1659
-41.7039
-42.2544
-42.8115
-43.368
-43.9177
-44.4574
-44.9883
-45.5142
-46.0392
-46.5644
-47.0868
-47.5994
-48.0936
-48.5628
-49.0047
-49.4226
-49.8243
-50.2194
-50.6157
-51.0169
-51.4224
-51.8287
-52.2299
-30.9664
-30.6735
-30.3846
-30.104
-29.8354
-29.5813
-29.3426
-29.1188
-28.9089
-28.7121
-28.5284
-28.3594
-28.2076
-28.0762
-27.9681
-27.8853
-27.8289
-27.7992
-27.7959
-27.8191
-27.8687
-27.9445
-28.0452
-28.1689
-28.3126
-28.4729
-28.6473
-28.8339
-29.0325
-29.2435
-29.4675
-29.7047
-29.954
-30.2131
-30.4795
-30.7508
-31.0256
-31.3035
-31.5849
-31.87
-32.1581
-32.4468
-32.7325
-33.0109
-33.2787
-33.5341
-33.7781
-34.0139
-34.2471
-34.4839
-34.7303
-34.991
-35.2693
-35.5673
-35.8864
-36.228
-36.5931
-36.9825
-37.3956
-37.8301
-38.2827
-38.7494
-39.2268
-39.7131
-40.208
-40.7122
-41.2267
-41.7513
-42.2842
-42.822
-43.3604
-43.8959
-44.4263
-44.9512
-45.4714
-45.988
-46.5004
-47.0067
-47.5027
-47.9842
-48.4478
-48.8924
-49.3196
-49.7334
-50.1384
-50.5387
-50.9365
-51.3316
-51.7218
-52.1035
-30.9603
-30.6882
-30.4189
-30.1557
-29.9018
-29.6592
-29.4293
-29.2127
-29.0097
-28.8204
-28.6455
-28.4864
-28.3449
-28.2231
-28.1228
-28.0457
-27.9928
-27.9646
-27.9611
-27.9824
-28.0282
-28.098
-28.1907
-28.3047
-28.4381
-28.5886
-28.7543
-28.934
-29.1267
-29.3321
-29.5499
-29.7795
-30.0201
-30.2699
-30.5273
-30.7906
-31.0586
-31.3306
-31.606
-31.8843
-32.1644
-32.4447
-32.7228
-32.9967
-33.2644
-33.5254
-33.7805
-34.0321
-34.2837
-34.5395
-34.8036
-35.0796
-35.3704
-35.6781
-36.0043
-36.3501
-36.7164
-37.1034
-37.5104
-37.9361
-38.3784
-38.8347
-39.303
-39.7816
-40.2697
-40.767
-41.2731
-41.7872
-42.3075
-42.8319
-43.3575
-43.882
-44.4035
-44.9211
-45.4344
-45.943
-46.4459
-46.9415
-47.4274
-47.9011
-48.3607
-48.8056
-49.2366
-49.6555
-50.0646
-50.466
-50.8606
-51.2483
-51.6276
-51.9961
-30.9553
-30.6985
-30.4437
-30.1938
-29.9513
-29.7184
-29.4965
-29.2868
-29.0902
-28.9074
-28.7396
-28.5878
-28.4535
-28.3384
-28.2438
-28.171
-28.1209
-28.0939
-28.0903
-28.11
-28.1528
-28.2182
-28.3051
-28.4124
-28.5385
-28.6819
-28.8411
-29.0149
-29.2022
-29.4025
-29.6148
-29.8385
-30.0725
-30.3155
-30.5663
-30.8234
-31.0858
-31.3526
-31.6229
-31.8958
-32.1704
-32.4454
-32.7194
-32.9911
-33.2597
-33.525
-33.7879
-34.0502
-34.3143
-34.5831
-34.8598
-35.147
-35.4473
-35.7624
-36.094
-36.443
-36.8101
-37.1955
-37.5986
-38.0186
-38.4539
-38.9031
-39.3644
-39.8366
-40.3186
-40.8095
-41.3084
-41.8143
-42.3255
-42.8402
-43.3566
-43.8726
-44.3867
-44.8977
-45.4046
-45.9066
-46.4024
-46.8908
-47.37
-47.8385
-48.2952
-48.7394
-49.1715
-49.5921
-50.0025
-50.4034
-50.7952
-51.1776
-51.5494
-51.9089
-30.9516
-30.7056
-30.4611
-30.2207
-29.9867
-29.7611
-29.5457
-29.3416
-29.1503
-28.9727
-28.81
-28.6634
-28.5343
-28.4237
-28.3331
-28.2633
-28.2151
-28.1891
-28.1854
-28.204
-28.2447
-28.3069
-28.3899
-28.4925
-28.6137
-28.7521
-28.9066
-29.0759
-29.259
-29.4551
-29.6632
-29.8824
-30.1117
-30.3499
-30.5958
-30.8484
-31.1066
-31.3693
-31.6357
-31.9048
-32.1758
-32.4475
-32.7192
-32.99
-33.2596
-33.5282
-33.7964
-34.0657
-34.338
-34.6156
-34.9008
-35.1958
-35.5027
-35.8232
-36.1587
-36.51
-36.8777
-37.2621
-37.6628
-38.0791
-38.5099
-38.9542
-39.4106
-39.8778
-40.3549
-40.8407
-41.3341
-41.8339
-42.3386
-42.8467
-43.3565
-43.8663
-44.3748
-44.8805
-45.3824
-45.8793
-46.3702
-46.8536
-47.3285
-47.7935
-48.2479
-48.6912
-49.1232
-49.5441
-49.9545
-50.3544
-50.7439
-51.1225
-51.4893
-51.8429
-30.9491
-30.71
-30.4721
-30.2379
-30.0096
-29.789
-29.5779
-29.3779
-29.1902
-29.0161
-28.8569
-28.7137
-28.5877
-28.4801
-28.3919
-28.3241
-28.2772
-28.2518
-28.248
-28.2659
-28.3052
-28.3655
-28.4459
-28.5457
-28.6638
-28.799
-28.9504
-29.1167
-29.2969
-29.4901
-29.6953
-29.9115
-30.1377
-30.3728
-30.6157
-30.8653
-31.1206
-31.3806
-31.6444
-31.9111
-32.1798
-32.4497
-32.7202
-32.9907
-33.2611
-33.5317
-33.8032
-34.0769
-34.3542
-34.6372
-34.9276
-35.2276
-35.5387
-35.8627
-36.2006
-36.5534
-36.9216
-37.3055
-37.7047
-38.1187
-38.5469
-38.9881
-39.4412
-39.9052
-40.379
-40.8613
-41.351
-41.8468
-42.3473
-42.8511
-43.3566
-43.8624
-44.3671
-44.8692
-45.3677
-45.8613
-46.3489
-46.8293
-47.3014
-47.7643
-48.2172
-48.6596
-49.0912
-49.5119
-49.9219
-50.3209
-50.7088
-51.085
-51.4487
-51.7986
-30.9479
-30.7121
-30.4775
-30.2464
-30.0208
-29.8027
-29.5939
-29.3958
-29.21
-29.0378
-28.8803
-28.7387
-28.6143
-28.5081
-28.4212
-28.3542
-28.308
-28.2828
-28.2791
-28.2966
-28.3353
-28.3945
-28.4738
-28.5722
-28.6888
-28.8225
-28.9723
-29.1371
-29.3159
-29.5076
-29.7114
-29.9261
-30.1507
-30.3843
-30.6256
-30.8738
-31.1276
-31.3863
-31.6488
-31.9143
-32.1819
-32.451
-32.7209
-32.9914
-33.2622
-33.5338
-33.807
-34.0827
-34.3625
-34.6479
-34.941
-35.2432
-35.5565
-35.8821
-36.2212
-36.5748
-36.9432
-37.3268
-37.7254
-38.1384
-38.5652
-39.0049
-39.4565
-39.9189
-40.3909
-40.8715
-41.3593
-41.8532
-42.3516
-42.8533
-43.3568
-43.8606
-44.3633
-44.8637
-45.3604
-45.8523
-46.3383
-46.8172
-47.2881
-47.7499
-48.202
-48.6439
-49.0752
-49.4958
-49.9054
-50.304
-50.691
-51.0661
-51.4282
-51.7765
-56.0309
-59.9371
-59.7755
-59.0912
-58.4802
-58.003
-57.636
-57.3518
-57.1303
-56.9576
-56.8243
-56.7239
-56.6519
-56.6054
-56.5826
-54.7498
-57.0194
-57.7519
-57.803
-57.6294
-57.4071
-57.1956
-57.0118
-56.8584
-56.7334
-56.6341
-56.5578
-56.5025
-56.4664
-56.4486
-54.2906
-55.6394
-56.4104
-56.7403
-56.8275
-56.8006
-56.7277
-56.6418
-56.5583
-56.4839
-56.4212
-56.3713
-56.3341
-56.3096
-56.2973
-53.9099
-54.838
-55.5105
-55.9208
-56.1402
-56.2405
-56.2731
-56.2698
-56.2495
-56.223
-56.1962
-56.1725
-56.1537
-56.1408
-56.1343
-53.5744
-54.2928
-54.8733
-55.2924
-55.5722
-55.7486
-55.8546
-55.9151
-55.9474
-55.9627
-55.9685
-55.9692
-55.9679
-55.9662
-55.9651
-53.2871
-53.886
-54.398
-54.8037
-55.1078
-55.3274
-55.482
-55.5891
-55.6626
-55.7125
-55.7462
-55.7685
-55.7828
-55.7913
-55.7953
-53.0427
-53.5665
-54.0292
-54.4169
-54.7285
-54.9715
-55.1572
-55.2972
-55.4017
-55.4791
-55.5357
-55.5763
-55.6041
-55.6215
-55.6299
-52.8344
-53.3083
-53.7358
-54.1066
-54.4182
-54.6734
-54.8786
-55.0412
-55.1684
-55.2669
-55.3417
-55.3972
-55.4362
-55.4612
-55.4733
-52.657
-53.0972
-53.4993
-53.8561
-54.1647
-54.4258
-54.643
-54.8208
-54.9645
-55.0787
-55.1676
-55.2348
-55.283
-55.314
-55.3293
-52.5077
-52.9246
-53.3085
-53.6542
-53.959
-54.2227
-54.4472
-54.6352
-54.7903
-54.9161
-55.0157
-55.092
-55.1473
-55.1832
-55.2009
-52.3846
-52.7855
-53.1565
-53.4937
-53.7949
-54.0594
-54.2882
-54.4829
-54.646
-54.7801
-54.8876
-54.9707
-55.0314
-55.071
-55.0906
-52.2869
-52.6768
-53.0387
-53.3697
-53.6678
-53.9323
-54.1636
-54.3627
-54.5312
-54.6711
-54.7842
-54.8723
-54.9369
-54.9793
-55.0003
-52.2139
-52.5966
-52.9523
-53.2789
-53.5747
-53.839
-54.0717
-54.2735
-54.4456
-54.5893
-54.7062
-54.7977
-54.8651
-54.9095
-54.9315
-52.1654
-52.5436
-52.8956
-53.2195
-53.5137
-53.7777
-54.0111
-54.2145
-54.3887
-54.5348
-54.654
-54.7477
-54.8168
-54.8624
-54.885
-52.1412
-52.5173
-52.8675
-53.19
-53.4835
-53.7472
-53.981
-54.1851
-54.3603
-54.5075
-54.6279
-54.7226
-54.7926
-54.8387
-54.8617
)
;

boundaryField
{
    hot
    {
        type            calculated;
        value           nonuniform List<scalar> 
120
(
-51.4591
-51.4778
-51.5149
-51.5705
-51.6441
-51.7353
-51.8433
-51.967
-52.1048
-52.2548
-52.4142
-52.5799
-52.7481
-52.9147
-53.0753
-53.2131
-53.3288
-53.433
-53.524
-53.6006
-53.662
-53.7078
-53.7378
-53.752
-53.7509
-53.7348
-53.7042
-53.6598
-53.6021
-53.5317
-53.4492
-53.3551
-53.25
-53.1344
-53.0089
-52.8738
-52.7296
-52.5769
-52.4159
-52.2472
-52.0712
-51.8882
-51.6986
-51.5029
-51.3013
-51.0943
-50.882
-50.6648
-50.443
-50.2167
-49.9863
-49.7518
-49.5136
-49.2718
-49.0265
-48.7778
-48.5259
-48.2709
-48.0129
-47.7519
-47.488
-47.2214
-46.952
-46.68
-46.4055
-46.1285
-45.849
-45.5673
-45.2833
-44.9974
-44.7095
-44.4198
-44.1287
-43.8361
-43.5425
-43.248
-42.953
-42.6578
-42.3628
-42.0683
-41.7748
-41.4827
-41.1925
-40.9046
-40.6195
-40.3377
-40.0596
-39.7856
-39.5161
-39.2514
-38.9919
-38.7376
-38.4886
-38.2447
-38.0058
-37.7716
-37.5417
-37.3155
-37.0925
-36.8723
-36.6542
-36.438
-36.2234
-36.0105
-35.7997
-35.5706
-35.3261
-35.0887
-34.8607
-34.6446
-34.4424
-34.2561
-34.0875
-33.9379
-33.8083
-33.6995
-33.6121
-33.5462
-33.5022
-33.4802
)
;
    }
    cold
    {
        type            calculated;
        value           nonuniform List<scalar> 
120
(
-34.8698
-34.89
-34.9304
-34.9909
-35.0712
-35.1711
-35.29
-35.4271
-35.5815
-35.7519
-35.9364
-36.1333
-36.3402
-36.5549
-36.7753
-36.9806
-37.1689
-37.3584
-37.5487
-37.7399
-37.9323
-38.1264
-38.3229
-38.5224
-38.7257
-38.9333
-39.1459
-39.364
-39.5877
-39.8174
-40.053
-40.2946
-40.5419
-40.7947
-41.0526
-41.3153
-41.5823
-41.8531
-42.1274
-42.4047
-42.6845
-42.9666
-43.2504
-43.5356
-43.822
-44.1093
-44.3973
-44.6859
-44.975
-45.2645
-45.5545
-45.845
-46.1359
-46.4273
-46.7193
-47.0116
-47.3043
-47.5972
-47.8901
-48.1828
-48.4749
-48.7661
-49.0561
-49.3447
-49.6314
-49.9162
-50.1987
-50.4787
-50.7561
-51.0307
-51.3024
-51.571
-51.8365
-52.0987
-52.3576
-52.6131
-52.8652
-53.1137
-53.3586
-53.5998
-53.837
-54.0701
-54.2987
-54.5226
-54.7413
-54.9543
-55.161
-55.3607
-55.5525
-55.7358
-55.9094
-56.0723
-56.2235
-56.3616
-56.4853
-56.5933
-56.6842
-56.7567
-56.8094
-56.8413
-56.8517
-56.8402
-56.807
-56.7526
-56.6784
-56.577
-56.4442
-56.2943
-56.1326
-55.9648
-55.7962
-55.6319
-55.4763
-55.333
-55.2053
-55.0955
-55.0055
-54.9369
-54.8907
-54.8674
)
;
    }
    interface_left
    {
        type            calculated;
        value           nonuniform List<scalar> 
90
(
-77.8719
-70.6401
-55.9375
-57.3204
-55.7696
-56.1751
-56.4736
-56.0652
-56.8309
-55.3134
-56.6648
-54.6706
-56.4189
-53.8549
-55.4691
-57.3888
-54.1304
-57.4408
-51.9263
-55.6233
-51.2222
-53.9582
-56.7967
-52.3472
-56.6139
-51.208
-56.5251
-48.4186
-53.7541
-47.938
-51.6141
-55.2538
-49.7239
-54.9229
-48.5364
-54.7843
-45.4684
-51.6013
-45.0834
-49.2438
-53.3189
-47.2052
-52.9547
-45.9632
-52.8229
-42.6512
-49.3604
-42.2734
-46.8182
-51.2688
-44.6132
-50.8951
-43.25
-50.7564
-39.6042
-46.9497
-39.1735
-44.1457
-49.0144
-41.6845
-48.5505
-40.1291
-48.2908
-36.1274
-44.0368
-35.6836
-40.9503
-46.0365
-38.2705
-45.2903
-36.6312
-44.7
-32.7793
-40.2878
-32.6212
-37.3496
-41.6836
-35.0333
-40.5304
-33.9682
-39.5532
-31.9709
-36.4146
-33.1068
-35.3295
-36.7157
-36.3989
-36.7991
-46.5684
-52.7006
)
;
    }
    interface_right
    {
        type            calculated;
        value           nonuniform List<scalar> 
90
(
-54.5981
-48.9756
-37.5055
-37.9354
-37.6118
-36.3985
-34.8769
-37.1119
-33.6139
-39.752
-35.0846
-40.7251
-35.939
-41.8801
-38.0057
-33.7127
-40.7085
-33.785
-44.8553
-37.3277
-45.4835
-38.8606
-46.2663
-41.4256
-36.3833
-44.4118
-36.7899
-48.558
-40.6572
-48.8528
-42.1845
-49.3362
-44.6088
-39.7926
-47.3604
-40.3062
-51.0078
-43.9816
-51.3763
-46.5743
-41.8106
-49.0012
-42.1923
-50.6344
-42.4868
-54.4655
-46.4144
-54.4551
-47.8121
-54.7865
-50.1023
-45.3247
-52.7671
-45.7215
-56.4092
-49.2094
-56.5678
-50.547
-56.9606
-52.7224
-48.4291
-55.2081
-48.98
-58.434
-52.3124
-58.7504
-54.6594
-50.6844
-56.8104
-51.3145
-58.1716
-51.925
-61.0355
-55.298
-61.0606
-57.446
-54.0866
-59.2357
-54.8239
-60.2094
-55.3709
-62.4011
-57.9248
-62.9067
-59.9058
-56.6208
-63.8453
-58.1785
-82.5292
-88.0171
)
;
    }
    interface_top
    {
        type            calculated;
        value           nonuniform List<scalar> 
90
(
-26.8665
-31.1929
-31.3092
-27.884
-24.6764
-16.3103
-25.0362
-28.674
-33.4281
-33.7026
-29.9369
-27.9683
-24.7569
-21.8643
-14.5426
-22.2789
-25.4785
-29.6123
-29.6662
-25.729
-22.5335
-14.6141
-21.8653
-24.7013
-27.7828
-29.7577
-33.6777
-33.4679
-28.7976
-25.1329
-16.2236
-24.2551
-27.3978
-30.8143
-33.0124
-37.3792
-37.1638
-32.012
-27.9722
-18.1243
-27.2392
-30.9008
-35.072
-37.847
-43.4692
-43.7294
-38.9904
-36.5262
-32.4819
-28.7649
-19.1952
-29.6695
-34.0664
-39.8234
-40.0039
-34.8398
-30.6027
-19.9653
-30.1262
-34.1926
-38.7711
-41.6925
-47.4245
-47.2398
-40.7926
-35.7059
-23.223
-35.0395
-39.7819
-45.1628
-48.5879
-55.3019
-55.0883
-47.5531
-41.6033
-27.0092
-40.8557
-46.382
-52.613
-56.4967
-64.0263
-63.5755
-54.4452
-47.3561
-30.3055
-45.5518
-51.0694
-56.3052
-55.2781
-45.6335
)
;
    }
    interface_bottom
    {
        type            calculated;
        value           nonuniform List<scalar> 
90
(
-39.8111
-46.07
-43.6833
-28.6166
-44.0728
-50.1213
-56.5892
-60.5638
-68.1852
-67.8035
-58.8731
-54.369
-47.4057
-41.5293
-27.2485
-41.6827
-47.4798
-54.6927
-54.7467
-47.8285
-44.2871
-38.7368
-33.9729
-22.3237
-33.97
-38.5194
-43.9224
-43.5587
-36.9627
-32.0352
-20.5289
-30.4414
-34.1433
-37.8944
-40.0867
-44.218
-43.3924
-36.4228
-31.4278
-20.0817
-29.7565
-33.4214
-37.2581
-39.5878
-44.0985
-43.6841
-37.7808
-34.8541
-30.4628
-26.7239
-17.6184
-26.8772
-30.5094
-34.8391
-34.5936
-29.4529
-25.5812
-16.4692
-24.5255
-27.5578
-30.6652
-32.4542
-35.761
-35.0895
-29.4578
-25.4289
-16.276
-24.0842
-27.0108
-29.9919
-31.7376
-35.0094
-34.3892
-28.9587
-25.0574
-16.1365
-23.9582
-26.9737
-30.2066
-32.1915
-36.0254
-35.6357
-30.4303
-26.5086
-17.2198
-25.9558
-29.2841
-32.8122
-32.6188
-27.9086
)
;
    }
    defaultFaces
    {
        type            empty;
    }
}


// ************************************************************************* //
