/*--------------------------------*- C++ -*----------------------------------*\
| =========                 |                                                 |
| \\      /  F ield         | OpenFOAM: The Open Source CFD Toolbox           |
|  \\    /   O peration     | Version:  5.x                                   |
|   \\  /    A nd           | Web:      www.OpenFOAM.org                      |
|    \\/     M anipulation  |                                                 |
\*---------------------------------------------------------------------------*/
FoamFile
{
    version     2.0;
    format      ascii;
    class       volScalarField;
    location    "4.7";
    object      T;
}
// * * * * * * * * * * * * * * * * * * * * * * * * * * * * * * * * * * * * * //

dimensions      [0 0 0 1 0 0 0];

internalField   nonuniform List<scalar> 
6300
(
322.743
322.228
321.714
321.2
320.687
320.175
319.664
319.153
318.645
318.138
317.632
317.129
316.627
316.128
315.631
322.743
322.228
321.714
321.2
320.686
320.174
319.662
319.152
318.643
318.136
317.63
317.127
316.625
316.126
315.629
322.742
322.227
321.713
321.198
320.685
320.172
319.66
319.149
318.64
318.132
317.626
317.123
316.621
316.121
315.624
322.742
322.227
321.711
321.196
320.682
320.169
319.656
319.145
318.635
318.127
317.621
317.116
316.614
316.114
315.617
322.742
322.225
321.709
321.194
320.679
320.164
319.651
319.139
318.629
318.12
317.613
317.108
316.605
316.105
315.607
322.741
322.224
321.707
321.19
320.674
320.159
319.645
319.132
318.62
318.111
317.603
317.097
316.593
316.093
315.594
322.741
322.222
321.704
321.187
320.669
320.153
319.638
319.123
318.61
318.099
317.59
317.084
316.579
316.078
315.579
322.74
322.221
321.701
321.182
320.664
320.146
319.629
319.113
318.599
318.086
317.576
317.068
316.563
316.06
315.562
322.739
322.218
321.698
321.177
320.657
320.138
319.619
319.102
318.585
318.071
317.559
317.049
316.543
316.04
315.541
322.739
322.216
321.694
321.172
320.65
320.129
319.608
319.089
318.57
318.053
317.539
317.027
316.519
316.015
315.516
322.738
322.214
321.69
321.166
320.642
320.119
319.596
319.074
318.553
318.034
317.516
317.001
316.491
315.985
315.487
322.737
322.211
321.686
321.16
320.634
320.109
319.584
319.059
318.535
318.012
317.49
316.972
316.457
315.949
315.45
322.736
322.209
321.681
321.154
320.626
320.098
319.571
319.043
318.515
317.988
317.462
316.938
316.417
315.904
315.403
322.735
322.206
321.677
321.148
320.618
320.088
319.558
319.027
318.496
317.964
317.432
316.9
316.37
315.845
315.337
322.735
322.204
321.673
321.142
320.61
320.078
319.545
319.011
318.476
317.94
317.401
316.861
316.317
315.771
315.235
315.178
314.767
314.359
313.952
313.547
313.144
312.744
312.345
311.949
311.556
311.166
310.778
310.394
310.013
309.635
309.261
308.891
308.525
308.162
307.804
307.449
307.099
306.752
306.409
306.07
305.735
305.403
305.075
304.75
304.428
304.109
303.794
303.481
303.171
302.864
302.559
302.257
301.957
301.66
301.365
301.072
300.782
300.494
300.208
299.925
299.643
299.364
299.088
298.813
298.541
298.27
298.002
297.736
297.471
297.209
296.948
296.688
296.431
296.174
295.918
295.664
295.41
295.158
294.906
294.654
294.404
294.153
293.903
293.653
293.403
293.153
292.903
292.652
292.401
292.15
291.898
291.645
291.392
291.138
290.882
290.626
290.368
290.109
289.848
289.587
289.323
289.058
288.791
288.522
288.252
315.175
314.765
314.356
313.949
313.544
313.141
312.74
312.342
311.945
311.552
311.161
310.773
310.389
310.008
309.63
309.256
308.886
308.519
308.157
307.798
307.444
307.093
306.746
306.404
306.065
305.729
305.398
305.07
304.745
304.423
304.105
303.79
303.477
303.167
302.86
302.555
302.253
301.954
301.656
301.361
301.069
300.778
300.49
300.205
299.921
299.64
299.361
299.084
298.81
298.537
298.267
297.999
297.733
297.469
297.206
296.946
296.686
296.428
296.172
295.917
295.662
295.409
295.157
294.905
294.654
294.403
294.153
293.903
293.653
293.403
293.153
292.903
292.653
292.402
292.151
291.899
291.646
291.393
291.139
290.884
290.627
290.37
290.111
289.851
289.589
289.325
289.06
288.793
288.525
288.254
315.17
314.76
314.351
313.943
313.538
313.135
312.734
312.334
311.938
311.544
311.152
310.764
310.379
309.997
309.619
309.245
308.874
308.508
308.145
307.786
307.432
307.081
306.735
306.392
306.054
305.719
305.388
305.06
304.735
304.414
304.096
303.781
303.469
303.159
302.852
302.548
302.246
301.946
301.649
301.354
301.062
300.772
300.484
300.198
299.914
299.633
299.354
299.077
298.803
298.531
298.261
297.993
297.727
297.463
297.201
296.941
296.682
296.424
296.168
295.913
295.659
295.406
295.154
294.903
294.652
294.402
294.152
293.902
293.652
293.403
293.153
292.903
292.653
292.403
292.152
291.901
291.649
291.396
291.142
290.887
290.631
290.373
290.115
289.855
289.593
289.33
289.065
288.798
288.53
288.259
315.163
314.752
314.342
313.935
313.529
313.125
312.723
312.324
311.926
311.531
311.139
310.75
310.364
309.982
309.603
309.228
308.857
308.49
308.127
307.769
307.414
307.064
306.718
306.375
306.037
305.703
305.372
305.045
304.721
304.4
304.083
303.768
303.456
303.147
302.841
302.537
302.235
301.936
301.639
301.344
301.051
300.761
300.473
300.187
299.904
299.623
299.344
299.067
298.793
298.521
298.251
297.984
297.719
297.455
297.193
296.934
296.675
296.418
296.163
295.908
295.655
295.402
295.151
294.9
294.649
294.399
294.15
293.901
293.652
293.403
293.153
292.904
292.655
292.405
292.154
291.903
291.652
291.399
291.146
290.891
290.636
290.379
290.121
289.861
289.6
289.337
289.072
288.806
288.537
288.267
315.153
314.741
314.332
313.924
313.518
313.113
312.71
312.31
311.911
311.515
311.121
310.731
310.344
309.961
309.581
309.206
308.834
308.467
308.104
307.745
307.39
307.04
306.694
306.353
306.015
305.681
305.351
305.025
304.702
304.382
304.065
303.751
303.44
303.132
302.825
302.522
302.22
301.921
301.625
301.33
301.038
300.747
300.459
300.174
299.89
299.609
299.33
299.054
298.78
298.508
298.239
297.972
297.707
297.444
297.183
296.924
296.666
296.41
296.155
295.902
295.649
295.397
295.146
294.896
294.646
294.397
294.148
293.899
293.651
293.402
293.154
292.905
292.656
292.407
292.157
291.907
291.656
291.404
291.151
290.898
290.643
290.386
290.129
289.869
289.609
289.346
289.082
288.816
288.548
288.277
315.14
314.729
314.319
313.91
313.504
313.098
312.694
312.292
311.892
311.494
311.099
310.707
310.319
309.934
309.554
309.177
308.805
308.437
308.074
307.715
307.36
307.01
306.665
306.324
305.987
305.654
305.325
305
304.678
304.359
304.043
303.73
303.42
303.112
302.806
302.503
302.202
301.904
301.607
301.313
301.021
300.73
300.442
300.157
299.873
299.592
299.313
299.036
298.763
298.491
298.223
297.956
297.692
297.43
297.17
296.912
296.655
296.4
296.146
295.893
295.642
295.391
295.14
294.891
294.642
294.393
294.145
293.897
293.65
293.402
293.154
292.906
292.658
292.41
292.161
291.912
291.661
291.41
291.158
290.905
290.651
290.396
290.139
289.88
289.62
289.358
289.094
288.829
288.561
288.291
315.125
314.713
314.303
313.895
313.487
313.081
312.676
312.272
311.869
311.47
311.072
310.678
310.288
309.902
309.52
309.143
308.77
308.401
308.037
307.678
307.324
306.974
306.629
306.289
305.953
305.622
305.294
304.97
304.649
304.331
304.017
303.705
303.396
303.089
302.784
302.481
302.181
301.883
301.586
301.292
301
300.71
300.422
300.136
299.852
299.571
299.292
299.015
298.742
298.471
298.203
297.937
297.674
297.413
297.154
296.897
296.642
296.388
296.135
295.883
295.633
295.383
295.133
294.885
294.637
294.389
294.142
293.895
293.648
293.402
293.155
292.908
292.661
292.413
292.165
291.917
291.668
291.418
291.167
290.915
290.661
290.407
290.151
289.893
289.634
289.373
289.11
288.844
288.577
288.307
315.107
314.696
314.286
313.877
313.469
313.062
312.655
312.249
311.844
311.441
311.041
310.644
310.251
309.863
309.48
309.101
308.727
308.358
307.994
307.634
307.28
306.931
306.587
306.248
305.913
305.583
305.257
304.934
304.615
304.299
303.987
303.676
303.368
303.062
302.758
302.456
302.156
301.858
301.562
301.269
300.977
300.687
300.398
300.112
299.828
299.546
299.266
298.99
298.716
298.446
298.179
297.915
297.653
297.393
297.136
296.88
296.626
296.374
296.122
295.872
295.623
295.374
295.125
294.878
294.631
294.384
294.138
293.892
293.647
293.401
293.156
292.91
292.663
292.417
292.17
291.923
291.675
291.427
291.177
290.926
290.673
290.42
290.165
289.908
289.65
289.39
289.128
288.864
288.597
288.327
315.087
314.676
314.267
313.859
313.451
313.042
312.633
312.224
311.815
311.408
311.004
310.603
310.208
309.818
309.433
309.053
308.678
308.308
307.943
307.583
307.228
306.88
306.537
306.2
305.867
305.539
305.215
304.894
304.577
304.263
303.952
303.644
303.338
303.033
302.73
302.428
302.128
301.831
301.535
301.242
300.951
300.661
300.372
300.085
299.8
299.517
299.237
298.96
298.687
298.417
298.151
297.888
297.628
297.37
297.114
296.86
296.608
296.358
296.108
295.86
295.612
295.364
295.116
294.87
294.624
294.378
294.134
293.89
293.645
293.401
293.156
292.911
292.666
292.421
292.176
291.93
291.684
291.437
291.189
290.939
290.687
290.435
290.181
289.926
289.669
289.41
289.15
288.886
288.62
288.351
315.063
314.654
314.247
313.84
313.433
313.023
312.612
312.198
311.784
311.371
310.961
310.556
310.157
309.765
309.379
308.998
308.622
308.251
307.884
307.523
307.168
306.821
306.479
306.144
305.814
305.489
305.167
304.848
304.534
304.223
303.915
303.609
303.305
303.001
302.699
302.397
302.098
301.8
301.505
301.213
300.922
300.633
300.344
300.055
299.768
299.484
299.202
298.925
298.652
298.383
298.119
297.858
297.599
297.343
297.089
296.838
296.588
296.34
296.093
295.846
295.6
295.353
295.106
294.86
294.615
294.372
294.129
293.887
293.644
293.401
293.158
292.913
292.669
292.425
292.182
291.938
291.694
291.449
291.202
290.953
290.703
290.451
290.198
289.945
289.69
289.434
289.175
288.913
288.648
288.379
315.036
314.63
314.226
313.823
313.417
313.008
312.593
312.173
311.751
311.329
310.911
310.5
310.097
309.703
309.317
308.937
308.56
308.187
307.817
307.454
307.099
306.752
306.413
306.082
305.756
305.433
305.114
304.797
304.485
304.177
303.873
303.571
303.27
302.968
302.666
302.364
302.063
301.765
301.471
301.181
300.892
300.603
300.314
300.024
299.734
299.446
299.162
298.883
298.61
298.343
298.081
297.823
297.568
297.314
297.062
296.812
296.565
296.321
296.077
295.833
295.588
295.342
295.095
294.849
294.605
294.363
294.123
293.884
293.644
293.402
293.159
292.916
292.672
292.429
292.187
291.947
291.706
291.464
291.219
290.971
290.721
290.469
290.217
289.966
289.714
289.461
289.205
288.945
288.681
288.413
315.003
314.602
314.204
313.808
313.408
312.999
312.58
312.152
311.717
311.281
310.851
310.431
310.024
309.63
309.247
308.869
308.492
308.116
307.742
307.374
307.016
306.67
306.336
306.011
305.692
305.373
305.056
304.74
304.43
304.126
303.829
303.533
303.236
302.936
302.633
302.328
302.024
301.725
301.433
301.146
300.861
300.575
300.285
299.992
299.697
299.402
299.113
298.831
298.559
298.295
298.039
297.786
297.533
297.281
297.03
296.782
296.539
296.3
296.061
295.821
295.578
295.332
295.084
294.836
294.592
294.352
294.116
293.882
293.645
293.406
293.162
292.918
292.672
292.43
292.191
291.956
291.72
291.482
291.239
290.991
290.74
290.487
290.236
289.987
289.74
289.492
289.24
288.983
288.721
288.453
314.961
314.57
314.18
313.799
313.412
313.005
312.582
312.138
311.686
311.224
310.777
310.342
309.932
309.54
309.168
308.801
308.424
308.043
307.656
307.281
306.917
306.573
306.244
305.932
305.626
305.312
304.995
304.675
304.366
304.066
303.78
303.497
303.206
302.908
302.601
302.291
301.978
301.677
301.385
301.108
300.834
300.551
300.261
299.961
299.658
299.351
299.054
298.767
298.496
298.236
297.99
297.747
297.499
297.247
296.993
296.746
296.506
296.277
296.049
295.813
295.573
295.323
295.071
294.817
294.571
294.334
294.107
293.882
293.651
293.414
293.168
292.92
292.669
292.426
292.19
291.964
291.739
291.506
291.266
291.016
290.762
290.503
290.251
290.004
289.767
289.53
289.283
289.03
288.767
288.502
314.904
314.535
314.144
313.798
313.445
313.033
312.614
312.138
311.668
311.148
310.684
310.219
309.815
309.42
309.082
308.747
308.362
307.978
307.553
307.171
306.788
306.454
306.127
305.847
305.57
305.253
304.94
304.595
304.288
303.986
303.728
303.474
303.184
302.895
302.572
302.257
301.915
301.613
301.317
301.065
300.818
300.536
300.253
299.936
299.625
299.285
298.981
298.679
298.415
298.158
297.937
297.718
297.467
297.218
296.944
296.7
296.458
296.251
296.047
295.813
295.58
295.318
295.063
294.785
294.54
294.3
294.095
293.893
293.664
293.434
293.177
292.926
292.654
292.412
292.175
291.971
291.77
291.539
291.308
291.047
290.791
290.509
290.258
290.009
289.794
289.58
289.335
289.09
288.817
288.562
314.81
314.533
314.042
313.805
313.565
313.07
312.73
312.127
311.721
310.991
310.591
310.009
309.684
309.219
308.992
308.765
308.298
307.974
307.386
307.061
306.589
306.323
305.943
305.757
305.571
305.191
304.929
304.459
304.203
303.843
303.669
303.501
303.162
302.932
302.53
302.264
301.793
301.54
301.186
301.017
300.852
300.521
300.295
299.9
299.635
299.165
298.907
298.535
298.326
298.027
297.881
297.734
297.433
297.225
296.852
296.649
296.361
296.222
296.087
295.813
295.627
295.302
295.086
294.706
294.502
294.215
294.078
293.944
293.676
293.494
293.176
292.965
292.593
292.392
292.11
291.974
291.841
291.575
291.392
291.071
290.855
290.471
290.261
289.964
289.82
289.677
289.387
289.189
288.84
288.645
287.952
287.623
287.292
286.958
286.621
286.283
285.943
285.601
285.257
284.912
284.566
284.219
283.871
283.523
283.174
287.955
287.626
287.294
286.96
286.624
286.285
285.945
285.602
285.258
284.913
284.567
284.22
283.872
283.523
283.174
287.96
287.631
287.299
286.964
286.628
286.289
285.948
285.605
285.261
284.916
284.569
284.221
283.873
283.524
283.175
287.968
287.638
287.306
286.971
286.634
286.295
285.953
285.61
285.265
284.919
284.572
284.223
283.874
283.525
283.175
287.978
287.648
287.316
286.98
286.642
286.302
285.96
285.616
285.27
284.923
284.575
284.226
283.876
283.526
283.175
287.991
287.661
287.328
286.992
286.653
286.312
285.969
285.624
285.277
284.929
284.58
284.23
283.879
283.527
283.176
288.007
287.677
287.343
287.006
286.666
286.324
285.98
285.633
285.285
284.936
284.585
284.234
283.882
283.529
283.176
288.027
287.696
287.361
287.023
286.682
286.338
285.992
285.644
285.294
284.944
284.592
284.239
283.885
283.531
283.177
288.051
287.719
287.383
287.043
286.7
286.354
286.006
285.656
285.305
284.952
284.599
284.244
283.889
283.534
283.178
288.079
287.746
287.408
287.066
286.721
286.373
286.023
285.67
285.317
284.962
284.607
284.25
283.893
283.536
283.179
288.112
287.778
287.438
287.093
286.745
286.394
286.04
285.686
285.33
284.973
284.615
284.257
283.898
283.539
283.18
288.153
287.816
287.472
287.123
286.771
286.416
286.06
285.702
285.344
284.984
284.624
284.264
283.903
283.542
283.181
288.201
287.861
287.511
287.157
286.8
286.441
286.081
285.72
285.358
284.996
284.634
284.271
283.908
283.545
283.182
288.263
287.914
287.555
287.193
286.83
286.466
286.102
285.738
285.374
285.009
284.644
284.279
283.914
283.548
283.183
288.348
287.977
287.603
287.231
286.86
286.492
286.124
285.756
285.389
285.022
284.654
284.287
283.919
283.552
283.184
322.734
322.202
321.669
321.137
320.603
320.069
319.534
318.998
318.46
317.919
317.376
316.827
316.27
315.695
315.075
322.733
322.2
321.666
321.132
320.598
320.062
319.525
318.987
318.446
317.903
317.356
316.802
316.239
315.658
315.038
322.733
322.198
321.664
321.128
320.592
320.056
319.517
318.977
318.435
317.889
317.34
316.785
316.221
315.647
315.063
322.732
322.197
321.661
321.125
320.588
320.05
319.511
318.969
318.425
317.879
317.328
316.773
316.211
315.642
315.069
322.732
322.196
321.659
321.122
320.585
320.046
319.505
318.963
318.418
317.871
317.32
316.765
316.205
315.641
315.076
322.732
322.195
321.658
321.12
320.582
320.042
319.501
318.958
318.413
317.865
317.314
316.76
316.202
315.641
315.079
322.731
322.194
321.657
321.119
320.58
320.039
319.498
318.955
318.409
317.862
317.311
316.758
316.201
315.642
315.08
322.731
322.194
321.656
321.118
320.578
320.038
319.496
318.953
318.408
317.86
317.31
316.757
316.202
315.644
315.084
322.731
322.194
321.656
321.117
320.578
320.037
319.496
318.952
318.407
317.86
317.311
316.759
316.205
315.648
315.087
322.731
322.194
321.656
321.117
320.578
320.038
319.496
318.953
318.408
317.862
317.313
316.762
316.209
315.654
315.097
322.731
322.194
321.656
321.118
320.579
320.039
319.498
318.955
318.411
317.865
317.317
316.767
316.215
315.661
315.104
322.731
322.194
321.657
321.119
320.58
320.041
319.5
318.958
318.414
317.869
317.322
316.773
316.223
315.67
315.117
322.732
322.195
321.658
321.121
320.582
320.043
319.503
318.962
318.419
317.875
317.329
316.781
316.231
315.68
315.126
322.732
322.196
321.659
321.123
320.585
320.047
319.507
318.967
318.425
317.882
317.336
316.79
316.241
315.691
315.141
322.732
322.197
321.661
321.125
320.588
320.051
319.512
318.973
318.432
317.889
317.345
316.8
316.252
315.702
315.149
322.733
322.198
321.663
321.128
320.592
320.056
319.518
318.979
318.44
317.898
317.356
316.811
316.264
315.714
315.159
322.733
322.2
321.666
321.131
320.597
320.061
319.525
318.987
318.448
317.908
317.367
316.824
316.279
315.731
315.181
322.734
322.201
321.668
321.135
320.601
320.067
319.532
318.995
318.458
317.92
317.38
316.838
316.295
315.749
315.198
322.734
322.203
321.671
321.139
320.607
320.074
319.54
319.005
318.469
317.932
317.393
316.853
316.312
315.771
315.231
322.735
322.205
321.674
321.144
320.612
320.081
319.548
319.015
318.48
317.944
317.408
316.87
316.331
315.791
315.249
322.736
322.207
321.678
321.148
320.619
320.088
319.557
319.025
318.492
317.958
317.423
316.887
316.349
315.812
315.278
322.736
322.209
321.681
321.154
320.625
320.096
319.567
319.036
318.505
317.973
317.439
316.904
316.368
315.83
315.292
322.737
322.211
321.685
321.159
320.632
320.105
319.577
319.048
318.519
317.988
317.456
316.923
316.388
315.85
315.306
322.738
322.214
321.689
321.165
320.64
320.114
319.588
319.061
318.533
318.004
317.474
316.943
316.409
315.874
315.337
322.739
322.216
321.694
321.171
320.647
320.123
319.599
319.074
318.548
318.021
317.493
316.964
316.432
315.898
315.358
322.74
322.219
321.698
321.177
320.655
320.133
319.611
319.087
318.564
318.039
317.513
316.986
316.457
315.927
315.397
322.741
322.222
321.703
321.183
320.664
320.143
319.623
319.102
318.58
318.057
317.534
317.009
316.484
315.956
315.424
322.742
322.224
321.707
321.19
320.672
320.154
319.635
319.116
318.596
318.076
317.555
317.033
316.511
315.989
315.473
322.742
322.227
321.712
321.197
320.681
320.165
319.648
319.131
318.614
318.095
317.577
317.057
316.538
316.019
315.5
322.743
322.23
321.717
321.204
320.69
320.176
319.662
319.147
318.631
318.115
317.599
317.081
316.564
316.048
315.539
322.745
322.234
321.722
321.211
320.7
320.188
319.675
319.163
318.649
318.135
317.621
317.106
316.59
316.074
315.557
322.746
322.237
321.728
321.219
320.709
320.199
319.689
319.179
318.668
318.156
317.644
317.13
316.616
316.099
315.575
322.747
322.24
321.733
321.226
320.719
320.212
319.704
319.195
318.686
318.177
317.667
317.156
316.643
316.129
315.614
322.748
322.243
321.739
321.234
320.729
320.224
319.718
319.212
318.706
318.199
317.691
317.182
316.672
316.159
315.64
322.749
322.247
321.744
321.242
320.739
320.236
319.733
319.229
318.725
318.221
317.715
317.209
316.702
316.194
315.687
322.75
322.25
321.75
321.25
320.75
320.249
319.748
319.247
318.745
318.243
317.741
317.237
316.734
316.229
315.718
322.751
322.254
321.756
321.258
320.76
320.262
319.764
319.265
318.766
318.266
317.766
317.266
316.766
316.267
315.775
322.752
322.257
321.762
321.267
320.771
320.275
319.779
319.283
318.786
318.289
317.792
317.294
316.797
316.301
315.805
322.754
322.261
321.768
321.275
320.782
320.289
319.795
319.301
318.807
318.312
317.817
317.322
316.828
316.335
315.85
322.755
322.265
321.774
321.284
320.793
320.302
319.811
319.32
318.828
318.336
317.843
317.35
316.857
316.364
315.871
322.756
322.268
321.78
321.292
320.804
320.316
319.827
319.338
318.849
318.359
317.869
317.378
316.886
316.392
315.891
322.757
322.272
321.787
321.301
320.816
320.33
319.844
319.357
318.871
318.383
317.896
317.407
316.917
316.426
315.934
322.759
322.276
321.793
321.31
320.827
320.344
319.86
319.377
318.892
318.408
317.923
317.437
316.949
316.459
315.962
322.76
322.28
321.8
321.319
320.839
320.358
319.877
319.396
318.915
318.433
317.95
317.467
316.983
316.498
316.014
322.761
322.284
321.806
321.328
320.851
320.373
319.894
319.416
318.937
318.458
317.978
317.498
317.018
316.536
316.048
322.763
322.288
321.813
321.338
320.862
320.387
319.911
319.436
318.96
318.483
318.006
317.53
317.053
316.578
316.11
322.764
322.292
321.819
321.347
320.874
320.402
319.929
319.456
318.982
318.509
318.035
317.561
317.088
316.616
316.144
322.765
322.296
321.826
321.356
320.887
320.417
319.946
319.476
319.005
318.534
318.063
317.592
317.121
316.653
316.193
322.767
322.3
321.833
321.366
320.899
320.432
319.964
319.496
319.028
318.56
318.092
317.623
317.153
316.684
316.215
322.768
322.304
321.84
321.376
320.911
320.447
319.982
319.517
319.052
318.586
318.12
317.653
317.186
316.716
316.238
322.769
322.308
321.847
321.385
320.924
320.462
320
319.538
319.075
318.613
318.149
317.685
317.219
316.752
316.284
322.771
322.312
321.854
321.395
320.936
320.477
320.018
319.559
319.099
318.639
318.179
317.717
317.254
316.789
316.316
322.772
322.316
321.861
321.405
320.949
320.493
320.037
319.58
319.123
318.666
318.209
317.751
317.291
316.831
316.372
322.774
322.321
321.868
321.415
320.962
320.509
320.055
319.602
319.148
318.694
318.239
317.785
317.329
316.873
316.409
322.775
322.325
321.875
321.425
320.975
320.524
320.074
319.623
319.172
318.721
318.27
317.819
317.368
316.919
316.478
322.776
322.329
321.882
321.435
320.988
320.54
320.093
319.645
319.197
318.749
318.301
317.853
317.406
316.96
316.514
322.778
322.334
321.889
321.445
321.001
320.556
320.112
319.667
319.222
318.777
318.332
317.887
317.442
317
316.568
322.779
322.338
321.897
321.455
321.014
320.572
320.131
319.689
319.247
318.805
318.363
317.92
317.477
317.035
316.592
322.781
322.342
321.904
321.466
321.027
320.589
320.15
319.711
319.272
318.833
318.393
317.953
317.512
317.069
316.617
322.782
322.347
321.911
321.476
321.04
320.605
320.169
319.733
319.297
318.861
318.425
317.987
317.549
317.109
316.668
322.784
322.351
321.919
321.486
321.054
320.621
320.189
319.756
319.323
318.89
318.456
318.022
317.587
317.149
316.702
322.785
322.356
321.926
321.497
321.067
320.638
320.208
319.778
319.349
318.919
318.489
318.058
317.627
317.194
316.764
322.787
322.36
321.934
321.507
321.08
320.654
320.227
319.801
319.374
318.948
318.521
318.094
317.668
317.239
316.804
322.788
322.365
321.941
321.517
321.094
320.67
320.247
319.823
319.4
318.977
318.554
318.131
317.709
317.289
316.878
322.79
322.369
321.948
321.528
321.107
320.687
320.266
319.846
319.426
319.006
318.586
318.167
317.749
317.333
316.918
322.791
322.373
321.956
321.538
321.12
320.703
320.286
319.868
319.451
319.035
318.618
318.202
317.788
317.376
316.975
322.793
322.378
321.963
321.548
321.134
320.719
320.305
319.891
319.477
319.063
318.65
318.237
317.824
317.412
317.001
322.794
322.382
321.97
321.559
321.147
320.735
320.324
319.913
319.502
319.092
318.681
318.271
317.86
317.447
317.027
322.795
322.386
321.977
321.569
321.16
320.751
320.343
319.935
319.527
319.12
318.713
318.305
317.897
317.488
317.08
322.797
322.391
321.985
321.579
321.173
320.767
320.362
319.957
319.552
319.148
318.744
318.34
317.935
317.529
317.115
322.798
322.395
321.992
321.589
321.186
320.783
320.381
319.979
319.577
319.176
318.775
318.375
317.975
317.575
317.177
322.8
322.399
321.999
321.598
321.198
320.798
320.399
320
319.602
319.204
318.807
318.41
318.015
317.619
317.217
322.801
322.403
322.006
321.608
321.211
320.814
320.417
320.021
319.626
319.231
318.837
318.445
318.054
317.667
317.289
322.802
322.407
322.012
321.617
321.223
320.829
320.435
320.042
319.649
319.258
318.867
318.478
318.092
317.708
317.327
322.804
322.411
322.019
321.627
321.235
320.843
320.452
320.062
319.672
319.284
318.896
318.51
318.127
317.748
317.38
322.805
322.415
322.025
321.636
321.247
320.858
320.469
320.082
319.695
319.309
318.924
318.54
318.159
317.78
317.403
322.806
322.419
322.032
321.645
321.258
320.872
320.486
320.101
319.716
319.333
318.951
318.569
318.189
317.81
317.425
322.808
322.423
322.038
321.653
321.269
320.885
320.502
320.119
319.737
319.356
318.976
318.598
318.22
317.843
317.469
322.809
322.426
322.044
321.662
321.28
320.899
320.518
320.137
319.758
319.379
319.002
318.625
318.25
317.875
317.496
322.81
322.43
322.05
321.67
321.291
320.912
320.533
320.155
319.778
319.401
319.026
318.652
318.279
317.909
317.543
322.811
322.433
322.056
321.678
321.301
320.924
320.548
320.172
319.797
319.423
319.049
318.678
318.308
317.94
317.571
322.812
322.437
322.062
321.686
321.312
320.937
320.563
320.189
319.816
319.443
319.072
318.702
318.335
317.971
317.617
322.813
322.44
322.067
321.694
321.322
320.949
320.577
320.205
319.834
319.463
319.093
318.725
318.359
317.997
317.639
322.815
322.444
322.073
321.702
321.331
320.961
320.591
320.221
319.851
319.482
319.114
318.746
318.381
318.019
317.666
322.816
322.447
322.078
321.71
321.341
320.973
320.605
320.237
319.869
319.501
319.133
318.766
318.4
318.036
317.677
322.817
322.45
322.084
321.717
321.351
320.985
320.619
320.252
319.886
319.519
319.153
318.785
318.418
318.05
317.684
322.818
322.453
322.089
321.725
321.361
320.996
320.632
320.268
319.903
319.538
319.172
318.805
318.435
318.063
317.691
322.819
322.457
322.094
321.732
321.37
321.008
320.646
320.284
319.921
319.558
319.193
318.826
318.454
318.077
317.693
322.82
322.46
322.1
321.74
321.38
321.02
320.66
320.3
319.94
319.578
319.216
318.85
318.478
318.094
317.685
322.821
322.463
322.105
321.747
321.39
321.032
320.674
320.317
319.959
319.6
319.24
318.878
318.509
318.129
317.715
288.468
288.039
287.644
287.263
286.887
286.514
286.143
285.773
285.403
285.033
284.664
284.294
283.924
283.555
283.185
288.496
288.071
287.673
287.288
286.909
286.534
286.16
285.788
285.416
285.044
284.672
284.301
283.929
283.558
283.186
288.48
288.084
287.693
287.309
286.929
286.552
286.177
285.802
285.428
285.055
284.681
284.307
283.934
283.56
283.187
288.477
288.093
287.708
287.326
286.947
286.569
286.192
285.816
285.44
285.065
284.69
284.314
283.939
283.563
283.188
288.479
288.101
287.722
287.342
286.963
286.585
286.207
285.83
285.452
285.075
284.698
284.321
283.943
283.566
283.189
288.482
288.111
287.735
287.358
286.98
286.601
286.222
285.843
285.465
285.086
284.707
284.327
283.948
283.569
283.19
288.489
288.123
287.751
287.374
286.996
286.617
286.237
285.857
285.477
285.096
284.715
284.334
283.953
283.572
283.191
288.509
288.141
287.768
287.392
287.013
286.633
286.252
285.871
285.489
285.106
284.724
284.341
283.958
283.575
283.192
288.526
288.161
287.788
287.411
287.031
286.65
286.268
285.885
285.501
285.117
284.733
284.348
283.963
283.578
283.193
288.564
288.187
287.81
287.431
287.05
286.668
286.284
285.899
285.514
285.128
284.742
284.355
283.968
283.581
283.194
288.587
288.213
287.834
287.453
287.07
286.686
286.301
285.914
285.527
285.139
284.751
284.362
283.973
283.584
283.195
288.627
288.242
287.86
287.476
287.092
286.705
286.318
285.93
285.541
285.151
284.76
284.37
283.978
283.587
283.196
288.651
288.27
287.886
287.5
287.114
286.725
286.336
285.946
285.554
285.163
284.77
284.377
283.984
283.59
283.197
288.69
288.299
287.913
287.525
287.137
286.746
286.355
285.962
285.569
285.175
284.78
284.385
283.989
283.594
283.198
288.709
288.326
287.94
287.551
287.161
286.768
286.374
285.98
285.584
285.187
284.79
284.393
283.995
283.597
283.199
288.731
288.355
287.969
287.579
287.186
286.791
286.395
285.997
285.599
285.2
284.801
284.401
284.001
283.601
283.2
288.779
288.391
288.001
287.608
287.212
286.814
286.415
286.016
285.615
285.214
284.812
284.41
284.007
283.604
283.201
288.814
288.429
288.036
287.638
287.239
286.839
286.437
286.035
285.631
285.227
284.823
284.418
284.013
283.608
283.203
288.88
288.474
288.072
287.67
287.268
286.864
286.459
286.054
285.648
285.242
284.835
284.427
284.02
283.612
283.204
288.918
288.515
288.109
287.703
287.297
286.89
286.482
286.074
285.665
285.256
284.846
284.436
284.026
283.616
283.205
288.976
288.558
288.146
287.736
287.326
286.916
286.505
286.094
285.683
285.271
284.858
284.446
284.033
283.62
283.207
289.01
288.596
288.182
287.769
287.355
286.942
286.529
286.115
285.7
285.285
284.87
284.455
284.039
283.624
283.208
289.06
288.635
288.217
287.801
287.385
286.969
286.552
286.135
285.718
285.3
284.883
284.464
284.046
283.628
283.209
289.084
288.668
288.251
287.833
287.415
286.996
286.576
286.156
285.736
285.316
284.895
284.474
284.053
283.632
283.211
289.109
288.703
288.286
287.866
287.445
287.023
286.6
286.178
285.755
285.331
284.908
284.484
284.06
283.636
283.212
289.164
288.744
288.323
287.9
287.476
287.05
286.625
286.199
285.773
285.347
284.92
284.494
284.067
283.64
283.213
289.202
288.786
288.361
287.934
287.507
287.078
286.65
286.221
285.792
285.362
284.933
284.504
284.074
283.644
283.215
289.274
288.834
288.401
287.97
287.538
287.106
286.674
286.242
285.81
285.378
284.946
284.514
284.081
283.649
283.216
289.313
288.878
288.441
288.005
287.569
287.134
286.699
286.264
285.829
285.394
284.959
284.524
284.088
283.653
283.218
289.373
288.922
288.479
288.039
287.6
287.162
286.724
286.286
285.848
285.41
284.972
284.534
284.096
283.657
283.219
289.406
288.961
288.516
288.073
287.631
287.19
286.749
286.308
285.867
285.426
284.985
284.544
284.103
283.662
283.221
289.456
289
288.552
288.106
287.661
287.217
286.773
286.329
285.885
285.442
284.998
284.554
284.11
283.666
283.222
289.479
289.033
288.586
288.139
287.692
287.245
286.798
286.351
285.904
285.458
285.011
284.564
284.117
283.67
283.223
289.504
289.066
288.62
288.171
287.721
287.272
286.822
286.373
285.923
285.473
285.024
284.574
284.124
283.675
283.225
289.555
289.105
288.655
288.204
287.752
287.299
286.847
286.394
285.942
285.489
285.037
284.584
284.132
283.679
283.226
289.59
289.144
288.691
288.237
287.782
287.327
286.871
286.416
285.961
285.505
285.05
284.594
284.139
283.683
283.228
289.656
289.189
288.729
288.27
287.812
287.354
286.896
286.438
285.98
285.521
285.063
284.605
284.146
283.688
283.229
289.691
289.228
288.765
288.304
287.843
287.382
286.921
286.46
285.998
285.537
285.076
284.615
284.153
283.692
283.231
289.742
289.267
288.801
288.336
287.873
287.409
286.945
286.481
286.017
285.553
285.089
284.625
284.161
283.696
283.232
289.766
289.3
288.835
288.369
287.903
287.437
286.97
286.503
286.036
285.569
285.102
284.635
284.168
283.701
283.234
289.79
289.334
288.869
288.402
287.933
287.464
286.995
286.525
286.055
285.585
285.115
284.645
284.175
283.705
283.235
289.84
289.373
288.905
288.435
287.964
287.492
287.02
286.547
286.075
285.602
285.129
284.656
284.183
283.71
283.237
289.874
289.413
288.943
288.47
287.996
287.521
287.045
286.57
286.094
285.618
285.142
284.666
284.19
283.714
283.238
289.935
289.458
288.983
288.506
288.028
287.549
287.071
286.592
286.113
285.634
285.155
284.676
284.197
283.718
283.239
289.976
289.503
289.023
288.542
288.06
287.578
287.096
286.614
286.132
285.65
285.168
284.686
284.205
283.723
283.241
290.05
289.553
289.065
288.578
288.093
287.607
287.122
286.637
286.151
285.666
285.182
284.697
284.212
283.727
283.242
290.09
289.598
289.105
288.615
288.125
287.636
287.147
286.659
286.171
285.683
285.195
284.707
284.219
283.732
283.244
290.149
289.643
289.145
288.65
288.157
287.664
287.172
286.681
286.19
285.699
285.208
284.717
284.226
283.736
283.245
290.183
289.682
289.182
288.684
288.188
287.692
287.197
286.703
286.209
285.715
285.221
284.727
284.234
283.74
283.247
290.232
289.72
289.218
288.717
288.218
287.72
287.222
286.725
286.228
285.731
285.234
284.737
284.241
283.744
283.248
290.255
289.753
289.251
288.75
288.248
287.747
287.247
286.746
286.246
285.746
285.247
284.747
284.248
283.749
283.25
290.279
289.786
289.285
288.782
288.278
287.774
287.271
286.768
286.265
285.762
285.26
284.757
284.255
283.753
283.251
290.33
289.825
289.32
288.814
288.308
287.801
287.295
286.789
286.283
285.777
285.272
284.767
284.262
283.757
283.252
290.365
289.865
289.357
288.847
288.337
287.828
287.319
286.81
286.301
285.793
285.285
284.777
284.269
283.761
283.254
290.431
289.909
289.394
288.88
288.367
287.854
287.342
286.83
286.319
285.808
285.297
284.786
284.276
283.765
283.255
290.467
289.949
289.43
288.913
288.396
287.881
287.366
286.851
286.337
285.823
285.309
284.796
284.283
283.77
283.257
290.521
289.989
289.465
288.945
288.425
287.907
287.389
286.871
286.354
285.838
285.321
284.805
284.289
283.774
283.258
290.551
290.025
289.499
288.975
288.453
287.932
287.411
286.891
286.372
285.852
285.333
284.815
284.296
283.778
283.259
290.595
290.059
289.531
289.005
288.481
287.957
287.434
286.911
286.389
285.867
285.345
284.824
284.303
283.782
283.26
290.616
290.089
289.561
289.034
288.508
287.981
287.456
286.93
286.406
285.881
285.357
284.833
284.309
283.785
283.262
290.638
290.118
289.591
289.063
288.534
288.006
287.477
286.95
286.422
285.895
285.368
284.842
284.315
283.789
283.263
290.684
290.153
289.623
289.092
288.561
288.03
287.499
286.969
286.439
285.909
285.38
284.851
284.322
283.793
283.264
290.715
290.188
289.655
289.121
288.587
288.053
287.52
286.987
286.455
285.923
285.391
284.859
284.328
283.797
283.266
290.772
290.226
289.687
289.15
288.613
288.077
287.541
287.006
286.471
285.936
285.402
284.868
284.334
283.8
283.267
290.803
290.26
289.718
289.178
288.639
288.1
287.562
287.024
286.487
285.95
285.413
284.876
284.34
283.804
283.268
290.847
290.294
289.748
289.206
288.664
288.123
287.582
287.042
286.502
285.963
285.424
284.885
284.346
283.808
283.269
290.868
290.322
289.777
289.233
288.689
288.145
287.602
287.06
286.517
285.976
285.434
284.893
284.352
283.811
283.27
290.887
290.349
289.805
289.259
288.713
288.168
287.622
287.077
286.533
285.988
285.445
284.901
284.358
283.815
283.271
290.929
290.381
289.834
289.286
288.738
288.19
287.642
287.094
286.547
286.001
285.455
284.909
284.363
283.818
283.273
290.956
290.413
289.864
289.313
288.762
288.211
287.661
287.111
286.562
286.013
285.465
284.917
284.369
283.821
283.274
291.005
290.449
289.894
289.34
288.786
288.233
287.68
287.128
286.576
286.025
285.474
284.924
284.374
283.824
283.275
291.036
290.483
289.925
289.367
288.81
288.254
287.699
287.144
286.59
286.037
285.484
284.931
284.379
283.827
283.276
291.092
290.519
289.955
289.394
288.834
288.275
287.717
287.16
286.604
286.048
285.493
284.938
284.384
283.83
283.277
291.12
290.551
289.984
289.419
288.856
288.295
287.735
287.175
286.617
286.059
285.502
284.945
284.389
283.833
283.278
291.16
290.581
290.011
289.443
288.878
288.314
287.751
287.19
286.629
286.069
285.51
284.952
284.394
283.836
283.279
291.178
290.606
290.035
289.466
288.899
288.333
287.768
287.204
286.641
286.079
285.518
284.958
284.398
283.839
283.28
291.195
290.629
290.059
289.488
288.919
288.35
287.783
287.217
286.652
286.089
285.526
284.964
284.402
283.841
283.28
291.23
290.655
290.082
289.509
288.938
288.367
287.798
287.23
286.663
286.098
285.533
284.969
284.406
283.843
283.281
291.252
290.68
290.105
289.53
288.956
288.383
287.812
287.242
286.673
286.106
285.539
284.974
284.41
283.846
283.282
291.29
290.708
290.129
289.55
288.973
288.398
287.824
287.252
286.682
286.113
285.545
284.979
284.413
283.847
283.282
291.314
290.734
290.151
289.57
288.99
288.412
287.836
287.262
286.69
286.12
285.55
284.983
284.415
283.849
283.283
291.357
290.762
290.173
289.588
289.005
288.424
287.846
287.271
286.697
286.125
285.555
284.986
284.418
283.85
283.283
291.379
290.785
290.193
289.604
289.018
288.435
287.855
287.278
286.703
286.13
285.558
284.989
284.42
283.851
283.284
291.411
290.808
290.211
289.618
289.029
288.444
287.862
287.283
286.707
286.133
285.561
284.99
284.421
283.852
283.284
291.426
290.825
290.226
289.629
289.037
288.45
287.867
287.287
286.71
286.135
285.563
284.992
284.422
283.853
283.284
291.443
290.842
290.238
289.638
289.043
288.454
287.869
287.288
286.711
286.136
285.563
284.992
284.422
283.853
283.284
291.483
290.862
290.248
289.642
289.045
288.454
287.869
287.288
286.71
286.135
285.563
284.992
284.422
283.853
283.284
291.511
290.877
290.252
289.641
289.042
288.451
287.865
287.285
286.708
286.133
285.561
284.99
284.421
283.852
283.284
291.577
290.885
290.246
289.632
289.033
288.443
287.859
287.279
286.703
286.13
285.558
284.988
284.42
283.851
283.284
291.549
290.856
290.222
289.614
289.018
288.431
287.849
287.272
286.697
286.125
285.555
284.986
284.418
283.85
283.283
322.822
322.466
322.111
321.755
321.4
321.045
320.69
320.335
319.98
319.625
319.269
318.912
318.554
318.193
317.836
322.823
322.47
322.117
321.764
321.411
321.059
320.707
320.355
320.004
319.653
319.303
318.953
318.604
318.259
317.923
322.825
322.474
322.123
321.773
321.422
321.073
320.724
320.375
320.027
319.681
319.335
318.991
318.651
318.315
317.988
322.826
322.477
322.129
321.781
321.433
321.086
320.74
320.394
320.05
319.707
319.366
319.027
318.692
318.363
318.04
322.827
322.48
322.134
321.788
321.443
321.099
320.755
320.412
320.071
319.732
319.394
319.06
318.729
318.403
318.083
322.828
322.483
322.139
321.796
321.453
321.11
320.769
320.429
320.09
319.754
319.42
319.088
318.761
318.438
318.119
322.829
322.486
322.144
321.802
321.461
321.121
320.782
320.444
320.108
319.774
319.442
319.114
318.788
318.467
318.15
322.83
322.489
322.148
321.808
321.469
321.131
320.793
320.458
320.124
319.792
319.462
319.135
318.812
318.492
318.176
322.83
322.491
322.152
321.814
321.476
321.139
320.804
320.47
320.137
319.807
319.479
319.154
318.832
318.513
318.198
322.831
322.493
322.155
321.818
321.482
321.146
320.812
320.48
320.149
319.82
319.493
319.169
318.848
318.53
318.216
322.832
322.495
322.158
321.822
321.487
321.153
320.82
320.488
320.158
319.83
319.505
319.182
318.862
318.544
318.23
322.832
322.496
322.16
321.825
321.491
321.157
320.825
320.495
320.166
319.839
319.514
319.192
318.872
318.555
318.242
322.832
322.497
322.162
321.827
321.494
321.161
320.83
320.5
320.172
319.845
319.521
319.199
318.88
318.564
318.25
322.832
322.498
322.163
321.829
321.496
321.164
320.833
320.503
320.175
319.849
319.526
319.204
318.885
318.569
318.255
322.833
322.498
322.164
321.83
321.497
321.165
320.834
320.505
320.177
319.851
319.528
319.207
318.888
318.572
318.258
317.549
317.362
317.029
316.84
316.564
316.429
316.292
316.012
315.815
315.454
315.253
314.955
314.787
314.543
314.422
314.301
314.051
313.876
313.557
313.381
313.129
313.006
312.885
312.641
312.473
312.178
311.977
311.617
311.42
311.137
311.001
310.867
310.596
310.41
310.083
309.86
309.46
309.241
308.926
308.774
308.624
308.32
308.109
307.736
307.478
307.011
306.75
306.361
306.141
305.82
305.661
305.5
305.167
304.932
304.503
304.266
303.923
303.756
303.59
303.254
303.02
302.607
302.325
301.817
301.538
301.137
300.943
300.75
300.359
300.087
299.606
299.277
298.684
298.359
297.892
297.666
297.442
296.985
296.669
296.108
295.727
295.041
294.667
294.133
293.878
293.628
293.119
292.777
292.18
291.856
317.637
317.392
317.132
316.898
316.665
316.462
316.259
316.025
315.789
315.526
315.287
315.045
314.831
314.62
314.438
314.255
314.044
313.832
313.597
313.385
313.173
312.989
312.806
312.596
312.383
312.142
311.903
311.64
311.404
311.169
310.966
310.764
310.532
310.297
310.03
309.767
309.475
309.214
308.953
308.727
308.502
308.241
307.975
307.672
307.37
307.032
306.725
306.413
306.137
305.863
305.625
305.385
305.106
304.824
304.509
304.224
303.938
303.689
303.439
303.149
302.854
302.519
302.185
301.815
301.482
301.149
300.861
300.571
300.236
299.895
299.505
299.118
298.689
298.303
297.918
297.585
297.25
296.863
296.468
296.02
295.575
295.083
294.645
294.209
293.837
293.469
293.048
292.631
292.171
291.749
317.7
317.447
317.196
316.955
316.721
316.496
316.272
316.04
315.804
315.561
315.325
315.093
314.872
314.658
314.453
314.249
314.038
313.823
313.603
313.388
313.177
312.972
312.767
312.554
312.333
312.101
311.865
311.623
311.387
311.155
310.931
310.706
310.472
310.229
309.974
309.714
309.447
309.186
308.929
308.681
308.43
308.168
307.896
307.608
307.313
307.008
306.709
306.414
306.131
305.856
305.591
305.325
305.048
304.764
304.472
304.184
303.9
303.624
303.345
303.052
302.748
302.427
302.097
301.759
301.426
301.098
300.78
300.459
300.122
299.771
299.401
299.021
298.631
298.248
297.87
297.505
297.136
296.749
296.348
295.925
295.492
295.049
294.617
294.195
293.79
293.387
292.971
292.546
292.108
291.671
317.753
317.497
317.247
317.002
316.763
316.529
316.296
316.062
315.826
315.59
315.356
315.126
314.902
314.682
314.467
314.254
314.038
313.821
313.603
313.386
313.17
312.956
312.741
312.522
312.298
312.068
311.835
311.599
311.363
311.129
310.896
310.662
310.423
310.178
309.927
309.67
309.411
309.152
308.893
308.636
308.377
308.111
307.837
307.556
307.268
306.977
306.686
306.397
306.113
305.834
305.558
305.282
305.001
304.717
304.428
304.14
303.851
303.563
303.272
302.973
302.665
302.348
302.024
301.694
301.364
301.034
300.704
300.37
300.028
299.675
299.312
298.94
298.562
298.183
297.806
297.429
297.048
296.658
296.257
295.845
295.424
294.999
294.575
294.156
293.741
293.326
292.905
292.478
292.045
291.606
317.796
317.54
317.289
317.042
316.799
316.56
316.323
316.086
315.85
315.615
315.381
315.151
314.924
314.701
314.48
314.26
314.041
313.821
313.601
313.381
313.161
312.942
312.721
312.498
312.271
312.041
311.808
311.573
311.338
311.101
310.864
310.626
310.383
310.137
309.886
309.632
309.375
309.116
308.857
308.596
308.332
308.064
307.791
307.513
307.23
306.945
306.659
306.373
306.09
305.808
305.527
305.245
304.961
304.674
304.385
304.094
303.802
303.508
303.209
302.906
302.596
302.28
301.957
301.63
301.301
300.969
300.634
300.294
299.949
299.595
299.234
298.867
298.494
298.118
297.74
297.359
296.974
296.582
296.183
295.776
295.363
294.946
294.528
294.11
293.692
293.272
292.849
292.421
291.988
291.55
317.833
317.577
317.324
317.076
316.831
316.588
316.348
316.11
315.872
315.637
315.403
315.171
314.942
314.716
314.491
314.267
314.044
313.822
313.599
313.376
313.153
312.929
312.705
312.478
312.25
312.018
311.785
311.55
311.313
311.075
310.835
310.594
310.349
310.102
309.851
309.597
309.341
309.082
308.822
308.559
308.294
308.025
307.753
307.476
307.197
306.915
306.631
306.347
306.064
305.78
305.496
305.211
304.925
304.636
304.345
304.051
303.756
303.457
303.155
302.848
302.537
302.22
301.898
301.571
301.241
300.907
300.57
300.228
299.88
299.526
299.167
298.801
298.431
298.056
297.678
297.296
296.91
296.518
296.12
295.716
295.308
294.895
294.48
294.063
293.645
293.224
292.8
292.372
291.939
291.502
317.864
317.608
317.354
317.105
316.858
316.613
316.371
316.131
315.893
315.656
315.421
315.188
314.957
314.728
314.5
314.274
314.048
313.822
313.597
313.371
313.145
312.919
312.691
312.462
312.232
311.999
311.765
311.528
311.29
311.051
310.81
310.566
310.32
310.072
309.821
309.567
309.31
309.051
308.79
308.527
308.261
307.992
307.72
307.444
307.166
306.886
306.604
306.321
306.037
305.753
305.467
305.18
304.892
304.601
304.308
304.012
303.714
303.412
303.107
302.798
302.485
302.167
301.845
301.518
301.187
300.852
300.513
300.169
299.821
299.467
299.107
298.743
298.374
298
297.622
297.24
296.853
296.462
296.065
295.664
295.258
294.848
294.435
294.02
293.602
293.18
292.756
292.328
291.896
291.46
317.89
317.634
317.38
317.129
316.881
316.635
316.392
316.15
315.911
315.673
315.437
315.202
314.969
314.738
314.508
314.279
314.051
313.823
313.595
313.367
313.139
312.91
312.68
312.449
312.216
311.982
311.747
311.509
311.27
311.029
310.787
310.542
310.295
310.046
309.794
309.54
309.283
309.024
308.763
308.499
308.232
307.963
307.691
307.416
307.139
306.86
306.579
306.297
306.013
305.727
305.441
305.152
304.862
304.569
304.274
303.977
303.676
303.373
303.066
302.755
302.44
302.121
301.798
301.47
301.139
300.803
300.463
300.118
299.769
299.415
299.055
298.691
298.323
297.95
297.572
297.19
296.804
296.413
296.018
295.618
295.214
294.806
294.395
293.98
293.563
293.142
292.718
292.29
291.859
291.425
317.912
317.656
317.401
317.15
316.901
316.654
316.41
316.167
315.926
315.687
315.45
315.214
314.98
314.747
314.515
314.284
314.053
313.823
313.593
313.363
313.133
312.902
312.67
312.438
312.204
311.968
311.731
311.493
311.253
311.011
310.767
310.521
310.274
310.024
309.771
309.517
309.259
309
308.738
308.474
308.207
307.938
307.667
307.392
307.116
306.837
306.557
306.274
305.99
305.704
305.416
305.127
304.835
304.541
304.245
303.945
303.643
303.338
303.03
302.717
302.401
302.081
301.757
301.429
301.097
300.76
300.419
300.074
299.724
299.37
299.011
298.647
298.279
297.906
297.529
297.147
296.762
296.371
295.977
295.578
295.175
294.769
294.358
293.945
293.528
293.108
292.684
292.258
291.827
291.394
317.93
317.674
317.419
317.167
316.917
316.67
316.424
316.181
315.939
315.699
315.461
315.224
314.988
314.753
314.52
314.287
314.055
313.824
313.592
313.36
313.128
312.896
312.663
312.428
312.193
311.957
311.719
311.479
311.238
310.995
310.751
310.504
310.255
310.005
309.752
309.497
309.239
308.98
308.718
308.453
308.187
307.917
307.646
307.372
307.096
306.817
306.537
306.254
305.97
305.683
305.395
305.105
304.812
304.517
304.219
303.919
303.615
303.309
302.999
302.685
302.368
302.047
301.723
301.394
301.061
300.724
300.382
300.036
299.686
299.332
298.973
298.609
298.241
297.869
297.492
297.111
296.725
296.336
295.942
295.544
295.142
294.737
294.327
293.915
293.498
293.079
292.656
292.23
291.801
291.368
317.945
317.688
317.434
317.181
316.931
316.683
316.437
316.192
315.95
315.709
315.47
315.232
314.995
314.759
314.524
314.29
314.057
313.824
313.591
313.358
313.124
312.891
312.656
312.421
312.184
311.947
311.708
311.468
311.226
310.982
310.737
310.49
310.241
309.989
309.736
309.481
309.223
308.963
308.701
308.436
308.169
307.9
307.629
307.355
307.079
306.8
306.52
306.237
305.953
305.666
305.377
305.086
304.792
304.496
304.198
303.896
303.592
303.284
302.973
302.659
302.341
302.02
301.694
301.364
301.031
300.693
300.351
300.005
299.655
299.3
298.941
298.578
298.21
297.838
297.461
297.08
296.695
296.306
295.913
295.516
295.115
294.71
294.301
293.889
293.474
293.055
292.633
292.207
291.778
291.347
317.957
317.7
317.445
317.192
316.942
316.693
316.446
316.202
315.958
315.717
315.477
315.238
315
314.763
314.528
314.293
314.058
313.824
313.59
313.356
313.122
312.887
312.651
312.415
312.178
311.939
311.7
311.459
311.216
310.972
310.726
310.478
310.229
309.977
309.723
309.468
309.21
308.95
308.687
308.423
308.156
307.886
307.615
307.341
307.065
306.787
306.506
306.224
305.939
305.652
305.362
305.071
304.777
304.48
304.181
303.878
303.573
303.265
302.953
302.638
302.32
301.997
301.671
301.341
301.007
300.669
300.327
299.981
299.63
299.275
298.916
298.553
298.185
297.813
297.437
297.056
296.672
296.283
295.89
295.493
295.093
294.688
294.28
293.869
293.454
293.036
292.614
292.189
291.761
291.33
317.965
317.708
317.453
317.2
316.95
316.701
316.454
316.208
315.965
315.722
315.482
315.242
315.004
314.767
314.53
314.294
314.059
313.824
313.589
313.354
313.119
312.884
312.648
312.411
312.173
311.934
311.693
311.452
311.209
310.964
310.718
310.47
310.22
309.968
309.714
309.458
309.2
308.94
308.677
308.412
308.145
307.876
307.605
307.331
307.055
306.776
306.496
306.213
305.928
305.641
305.351
305.059
304.765
304.467
304.168
303.865
303.559
303.25
302.938
302.623
302.303
301.981
301.654
301.324
300.99
300.651
300.309
299.962
299.612
299.257
298.898
298.534
298.166
297.795
297.418
297.038
296.654
296.265
295.873
295.477
295.076
294.672
294.265
293.854
293.439
293.021
292.6
292.175
291.748
291.317
317.971
317.714
317.459
317.206
316.955
316.706
316.458
316.213
315.969
315.726
315.485
315.245
315.007
314.769
314.532
314.296
314.06
313.824
313.589
313.354
313.118
312.882
312.645
312.408
312.169
311.93
311.689
311.447
311.204
310.959
310.713
310.464
310.214
309.962
309.708
309.452
309.193
308.933
308.67
308.406
308.139
307.869
307.598
307.324
307.048
306.77
306.489
306.206
305.921
305.634
305.344
305.052
304.757
304.459
304.159
303.856
303.55
303.241
302.928
302.612
302.293
301.97
301.643
301.312
300.978
300.639
300.297
299.95
299.599
299.244
298.885
298.522
298.154
297.782
297.406
297.026
296.642
296.254
295.861
295.465
295.065
294.662
294.254
293.844
293.429
293.011
292.59
292.166
291.739
291.309
317.973
317.717
317.462
317.209
316.957
316.708
316.461
316.215
315.971
315.728
315.487
315.247
315.008
314.77
314.533
314.296
314.06
313.824
313.589
313.353
313.117
312.881
312.644
312.406
312.168
311.928
311.687
311.445
311.202
310.957
310.71
310.461
310.211
309.959
309.705
309.449
309.19
308.93
308.667
308.402
308.135
307.866
307.594
307.321
307.044
306.766
306.486
306.203
305.918
305.63
305.34
305.048
304.753
304.455
304.155
303.851
303.545
303.236
302.923
302.607
302.287
301.964
301.637
301.307
300.972
300.633
300.291
299.944
299.593
299.238
298.879
298.516
298.148
297.776
297.4
297.02
296.636
296.248
295.856
295.46
295.06
294.656
294.249
293.838
293.424
293.007
292.586
292.162
291.735
291.305
291.376
290.779
290.178
289.583
288.996
288.414
287.836
287.261
286.689
286.118
285.549
284.982
284.415
283.849
283.283
291.262
290.698
290.122
289.543
288.966
288.391
287.818
287.247
286.677
286.109
285.543
284.977
284.412
283.847
283.282
291.181
290.63
290.068
289.502
288.934
288.365
287.798
287.231
286.665
286.1
285.535
284.971
284.408
283.844
283.281
291.117
290.572
290.02
289.462
288.902
288.339
287.777
287.214
286.651
286.089
285.527
284.965
284.403
283.842
283.281
291.063
290.523
289.977
289.426
288.871
288.314
287.756
287.197
286.638
286.078
285.519
284.959
284.399
283.839
283.28
291.017
290.481
289.939
289.393
288.843
288.29
287.736
287.181
286.624
286.068
285.51
284.953
284.395
283.837
283.279
290.977
290.444
289.905
289.363
288.817
288.268
287.718
287.165
286.612
286.057
285.502
284.947
284.391
283.834
283.278
290.942
290.412
289.876
289.337
288.794
288.249
287.701
287.151
286.6
286.048
285.495
284.941
284.387
283.832
283.277
290.913
290.384
289.851
289.314
288.774
288.231
287.686
287.138
286.589
286.039
285.488
284.936
284.383
283.83
283.277
290.889
290.361
289.83
289.295
288.757
288.216
287.673
287.127
286.58
286.031
285.482
284.931
284.38
283.828
283.276
290.868
290.342
289.813
289.279
288.743
288.203
287.662
287.118
286.572
286.025
285.476
284.927
284.377
283.826
283.275
290.852
290.327
289.799
289.267
288.731
288.193
287.653
287.11
286.565
286.019
285.472
284.924
284.375
283.825
283.275
290.84
290.316
289.788
289.257
288.723
288.186
287.646
287.104
286.561
286.015
285.469
284.921
284.373
283.824
283.275
290.832
290.309
289.782
289.251
288.717
288.181
287.642
287.1
286.557
286.013
285.467
284.92
284.372
283.823
283.274
290.829
290.305
289.778
289.248
288.714
288.178
287.639
287.099
286.556
286.011
285.466
284.919
284.371
283.823
283.274
)
;

boundaryField
{
    hot
    {
        type            fixedValue;
        value           uniform 323;
    }
    cold
    {
        type            fixedValue;
        value           uniform 283;
    }
    interface_left
    {
        type            fixedValue;
        value           nonuniform List<scalar> 
90
(
314.685
314.685
314.782
314.782
314.797
314.797
314.797
314.803
314.803
314.82
314.82
314.843
314.843
314.872
314.872
314.872
314.91
314.91
314.971
314.971
315.021
315.021
315.021
315.074
315.074
315.141
315.141
315.23
315.23
315.299
315.299
315.299
315.365
315.365
315.444
315.444
315.547
315.547
315.624
315.624
315.624
315.698
315.698
315.784
315.784
315.897
315.897
315.981
315.981
315.981
316.061
316.061
316.156
316.156
316.28
316.28
316.372
316.372
316.372
316.46
316.46
316.563
316.563
316.698
316.698
316.797
316.797
316.797
316.889
316.889
316.994
316.994
317.126
317.126
317.217
317.217
317.217
317.294
317.294
317.373
317.373
317.458
317.458
317.501
317.501
317.501
317.51
317.51
317.453
317.453
)
;
    }
    interface_right
    {
        type            fixedValue;
        value           nonuniform List<scalar> 
90
(
288.74
288.74
288.666
288.666
288.666
288.663
288.663
288.694
288.694
288.762
288.762
288.83
288.83
288.899
288.899
288.899
288.982
288.982
289.104
289.104
289.203
289.203
289.291
289.291
289.291
289.386
289.386
289.516
289.516
289.617
289.617
289.702
289.702
289.702
289.792
289.792
289.91
289.91
289.999
289.999
289.999
290.085
290.085
290.188
290.188
290.322
290.322
290.422
290.422
290.506
290.506
290.506
290.594
290.594
290.713
290.713
290.804
290.804
290.88
290.88
290.88
290.96
290.96
291.065
291.065
291.141
291.141
291.141
291.214
291.214
291.297
291.297
291.397
291.397
291.466
291.466
291.466
291.526
291.526
291.591
291.591
291.669
291.669
291.727
291.727
291.727
291.803
291.803
291.99
291.99
)
;
    }
    interface_top
    {
        type            fixedValue;
        value           nonuniform List<scalar> 
90
(
317.453
317.453
316.875
316.875
316.414
316.414
316.414
315.946
315.946
315.306
315.306
314.82
314.82
314.417
314.417
314.417
314.002
314.002
313.436
313.436
313.014
313.014
313.014
312.611
312.611
312.131
312.131
311.49
311.49
311.018
311.018
311.018
310.57
310.57
310.036
310.036
309.324
309.324
308.798
308.798
308.798
308.295
308.295
307.686
307.686
306.855
306.855
306.217
306.217
305.684
305.684
305.684
305.129
305.129
304.364
304.364
303.79
303.79
303.79
303.234
303.234
302.56
302.56
301.655
301.655
300.984
300.984
300.984
300.335
300.335
299.548
299.548
298.491
298.491
297.706
297.706
297.706
296.946
296.946
296.024
296.024
294.795
294.795
293.895
293.895
293.895
293.035
293.035
291.99
291.99
)
;
    }
    interface_bottom
    {
        type            fixedValue;
        value           nonuniform List<scalar> 
90
(
314.685
314.685
313.809
313.809
313.809
312.976
312.976
311.979
311.979
310.674
310.674
309.719
309.719
308.946
308.946
308.946
308.161
308.161
307.112
307.112
306.339
306.339
305.71
305.71
305.71
305.073
305.073
304.235
304.235
303.635
303.635
303.635
303.071
303.071
302.411
302.411
301.575
301.575
300.987
300.987
300.987
300.435
300.435
299.786
299.786
298.95
298.95
298.344
298.344
297.851
297.851
297.851
297.346
297.346
296.682
296.682
296.204
296.204
296.204
295.749
295.749
295.215
295.215
294.539
294.539
294.065
294.065
294.065
293.62
293.62
293.099
293.099
292.438
292.438
291.972
291.972
291.972
291.532
291.532
291.008
291.008
290.325
290.325
289.83
289.83
289.83
289.346
289.346
288.74
288.74
)
;
    }
    defaultFaces
    {
        type            empty;
    }
}


// ************************************************************************* //
