/*--------------------------------*- C++ -*----------------------------------*\
| =========                 |                                                 |
| \\      /  F ield         | OpenFOAM: The Open Source CFD Toolbox           |
|  \\    /   O peration     | Version:  5.x                                   |
|   \\  /    A nd           | Web:      www.OpenFOAM.org                      |
|    \\/     M anipulation  |                                                 |
\*---------------------------------------------------------------------------*/
FoamFile
{
    version     2.0;
    format      ascii;
    class       volScalarField;
    location    "0.4";
    object      gradTy;
}
// * * * * * * * * * * * * * * * * * * * * * * * * * * * * * * * * * * * * * //

dimensions      [0 -1 0 1 0 0 0];

internalField   nonuniform List<scalar> 
6300
(
32266.2
32198.6
32131.2
32064
31997.2
31930.8
31865
31799.9
31735.5
31672.1
31609.6
31548.2
31488
31429.1
31371.6
-0.0729326
-0.219172
-0.366488
-0.515487
-0.66661
-0.820052
-0.975683
-1.13298
-1.29096
-1.44819
-1.60279
-1.75252
-1.89503
-2.02805
-2.14972
-0.121128
-0.364036
-0.608858
-0.856685
-1.10833
-1.36419
-1.62413
-1.88735
-2.15224
-2.41636
-2.67645
-2.9286
-3.16858
-3.3923
-3.59642
-0.168657
-0.506958
-0.848163
-1.19397
-1.54569
-1.90408
-2.26912
-2.63982
-3.01404
-3.38829
-3.75778
-4.11658
-4.45809
-4.77586
-5.06451
-0.21517
-0.646913
-1.08278
-1.52521
-1.97622
-2.4371
-2.90819
-3.38852
-3.8755
-4.36464
-4.84942
-5.32141
-5.77092
-6.1881
-6.56466
-0.260259
-0.782673
-1.31068
-1.84769
-2.39664
-2.95965
-3.5377
-4.13019
-4.73437
-5.34489
-5.95331
-6.54813
-7.11538
-7.64024
-8.10971
-0.30343
-0.912761
-1.52943
-2.15805
-2.80274
-3.46683
-4.1524
-4.85972
-5.58642
-6.32666
-7.07016
-7.8017
-8.50143
-9.14688
-9.71718
-0.344087
-1.03539
-1.73605
-2.45208
-3.18913
-3.95215
-4.74491
-5.56932
-6.42431
-7.30443
-8.19813
-9.08612
-9.94065
-10.7274
-11.4118
-0.381568
-1.14856
-1.9271
-2.72483
-3.54921
-4.40729
-5.30527
-6.24774
-7.23634
-8.26776
-9.33081
-10.4028
-11.4463
-12.4089
-13.2311
-0.415154
-1.25005
-2.09877
-2.97065
-3.87522
-4.82206
-5.82058
-6.87934
-8.00472
-9.19846
-10.4534
-11.7467
-13.0313
-14.229
-15.2352
-0.444108
-1.3376
-2.24705
-3.18349
-4.15855
-5.18465
-6.27503
-7.44354
-8.70379
-10.0668
-11.5361
-13.0976
-14.7017
-16.2388
-17.524
-0.46774
-1.40906
-2.36811
-3.35737
-4.39042
-5.48241
-6.65064
-7.91514
-9.29899
-10.8276
-12.5253
-14.4042
-16.4371
-18.4988
-20.2752
-0.485483
-1.46265
-2.4587
-3.48713
-4.56291
-5.70334
-6.92923
-8.26645
-9.74825
-11.418
-13.3317
-15.5552
-18.142
-21.0419
-23.8276
-0.496971
-1.49722
-2.51668
-3.56919
-4.67027
-5.83822
-7.09569
-8.47218
-10.0083
-11.7631
-13.8266
-16.3414
-19.5317
-23.6965
-28.8364
-0.502105
-1.51243
-2.54137
-3.60233
-4.7103
-5.88299
-7.14233
-8.51725
-10.0485
-11.7981
-13.8688
-16.4504
-19.9449
-25.373
-35.962
31320.2
31274.6
31230.1
31186.7
31144.5
31103.5
31063.7
31025.1
30987.8
30951.8
30917.1
30883.6
30851.4
30820.4
30790.8
30762.3
30735.1
30709.1
30684.2
30660.5
30637.9
30616.3
30595.7
30576.2
30557.5
30539.7
30522.8
30506.6
30491.2
30476.4
30462.4
30448.9
30435.9
30423.5
30411.5
30400
30388.8
30378
30367.5
30357.2
30347.1
30337.2
30327.5
30317.9
30308.3
30298.7
30289.2
30279.6
30269.9
30260.1
30250.2
30240
30229.6
30218.9
30207.9
30196.6
30184.8
30172.6
30159.9
30146.6
30132.8
30118.3
30103.2
30087.4
30070.8
30053.3
30035
30015.8
29995.7
29974.5
29952.3
29929.1
29904.7
29879.1
29852.4
29824.4
29795.2
29764.7
29732.8
29699.7
29665.3
29629.5
29592.3
29553.9
29514.1
29473
29430.6
29386.9
29342
29295.9
-2.24972
-2.33163
-2.40463
-2.46906
-2.52534
-2.57382
-2.61468
-2.64781
-2.67281
-2.68908
-2.69595
-2.69279
-2.67918
-2.655
-2.62042
-2.57589
-2.52207
-2.45977
-2.38984
-2.31316
-2.23061
-2.14305
-2.05135
-1.95636
-1.85893
-1.75983
-1.6598
-1.55949
-1.45947
-1.36021
-1.26212
-1.16551
-1.07061
-0.977564
-0.886454
-0.797272
-0.709957
-0.624399
-0.540458
-0.457971
-0.376755
-0.296605
-0.21729
-0.138551
-0.0601043
0.0183526
0.0971241
0.176501
0.256747
0.338084
0.42069
0.504701
0.590211
0.677276
0.765921
0.856134
0.947871
1.04106
1.13558
1.23131
1.3281
1.42575
1.52407
1.62277
1.72154
1.81996
1.91755
2.01377
2.10799
2.1996
2.28792
2.37227
2.45193
2.52612
2.59403
2.65482
2.70764
2.75173
2.78641
2.81114
2.82547
2.82904
2.82147
2.80238
2.77132
2.72784
2.67157
2.60233
2.52023
2.42577
-3.76358
-3.90001
-4.02122
-4.12795
-4.22119
-4.30175
-4.37005
-4.4259
-4.46854
-4.49676
-4.50919
-4.5046
-4.48215
-4.44158
-4.38323
-4.30797
-4.21702
-4.11182
-3.99388
-3.86469
-3.72572
-3.57841
-3.42421
-3.26458
-3.10092
-2.9346
-2.76685
-2.59876
-2.43129
-2.26523
-2.10124
-1.93985
-1.78144
-1.62625
-1.4744
-1.32586
-1.18051
-1.03813
-0.898491
-0.761302
-0.626266
-0.493048
-0.361267
-0.230487
-0.10022
0.0300595
0.160885
0.292765
0.426154
0.561433
0.698899
0.838769
0.981196
1.12627
1.27403
1.42446
1.57748
1.73296
1.89071
2.05051
2.21211
2.37521
2.53949
2.70453
2.86978
3.03458
3.19811
3.35942
3.51748
3.67121
3.8195
3.96124
4.09522
4.22017
4.3347
4.43734
4.52661
4.60116
4.65984
4.70176
4.72625
4.73278
4.72081
4.6897
4.63865
4.56677
4.47329
4.35774
4.22018
4.06135
-5.29937
-5.48988
-5.65816
-5.80582
-5.93484
-6.04693
-6.14296
-6.22269
-6.28475
-6.32695
-6.34677
-6.34198
-6.3111
-6.25368
-6.17035
-6.06259
-5.93246
-5.78223
-5.61414
-5.43035
-5.23288
-5.02375
-4.80499
-4.57867
-4.34686
-4.11153
-3.87447
-3.63725
-3.40118
-3.16736
-2.93672
-2.70999
-2.48772
-2.27024
-2.05768
-1.84996
-1.64685
-1.44802
-1.25307
-1.06161
-0.873227
-0.687483
-0.503856
-0.321732
-0.140394
0.0409452
0.223096
0.40683
0.592822
0.781621
0.973635
1.16915
1.36837
1.57141
1.77831
1.98907
2.20356
2.4216
2.6429
2.86713
3.09395
3.32298
3.55382
3.78595
4.01865
4.25101
4.48182
4.7097
4.93312
5.15055
5.36043
5.56124
5.75138
5.92908
6.09231
6.2389
6.36656
6.47322
6.55717
6.61722
6.65262
6.66287
6.64744
6.60546
6.53567
6.43651
6.30647
6.14452
5.95046
5.7252
-6.86792
-7.11143
-7.32443
-7.51017
-7.67253
-7.81486
-7.93899
-8.04461
-8.12931
-8.18914
-8.21963
-8.21684
-8.17822
-8.1031
-7.99267
-7.84951
-7.67695
-7.47846
-7.25717
-7.01585
-6.75703
-6.48316
-6.19686
-5.9009
-5.5981
-5.29119
-4.98259
-4.67432
-4.36805
-4.06516
-3.7668
-3.47394
-3.1873
-2.90734
-2.63417
-2.3676
-2.10721
-1.85244
-1.60274
-1.35758
-1.11649
-0.87895
-0.644348
-0.411892
-0.180602
0.0506485
0.283033
0.517663
0.755486
0.997229
1.24339
1.4943
1.75015
2.01108
2.27718
2.54843
2.82471
3.10572
3.39104
3.68021
3.97278
4.26834
4.56649
4.8667
5.16821
5.46981
5.76991
6.06652
6.35753
6.64083
6.91449
7.17667
7.42549
7.65879
7.87388
8.06763
8.23666
8.37785
8.48877
8.56799
8.61499
8.62974
8.61206
8.56102
8.47473
8.35045
8.18535
7.97724
7.72529
7.4305
-8.48196
-8.77599
-9.029
-9.24721
-9.43802
-9.60794
-9.76058
-9.89555
-10.0086
-10.0925
-10.1394
-10.1424
-10.0971
-10.0026
-9.86143
-9.67814
-9.45827
-9.20702
-8.92861
-8.62622
-8.30253
-7.96023
-7.60245
-7.2328
-6.85515
-6.47321
-6.09016
-5.70847
-5.33005
-4.95643
-4.58897
-4.22893
-3.8773
-3.53469
-3.20119
-2.87638
-2.5595
-2.24962
-1.94591
-1.64775
-1.35467
-1.06622
-0.781783
-0.500406
-0.220778
0.058697
0.339721
0.623888
0.9125
1.20647
1.50632
1.81232
2.12461
2.44332
2.76862
3.10057
3.43904
3.78362
4.13364
4.48839
4.84728
5.20992
5.5761
5.94552
6.31749
6.69065
7.06281
7.43119
7.79275
8.14468
8.48469
8.81088
9.12148
9.41416
9.68558
9.93129
10.1461
10.3253
10.4652
10.5643
10.6229
10.6423
10.6237
10.5663
10.4674
10.3221
10.1251
9.87201
9.56081
9.19233
-10.1588
-10.4984
-10.7825
-11.0224
-11.2322
-11.4245
-11.6061
-11.7766
-11.928
-12.0477
-12.121
-12.1359
-12.0852
-11.9681
-11.7896
-11.5583
-11.2837
-10.9738
-10.6337
-10.2665
-9.87415
-9.459
-9.0246
-8.57576
-8.11798
-7.6565
-7.19547
-6.73768
-6.28493
-5.83864
-5.40032
-4.97166
-4.55419
-4.14883
-3.75561
-3.37369
-3.00163
-2.63784
-2.28105
-1.93055
-1.58612
-1.24766
-0.914758
-0.586353
-0.260686
0.0645633
0.391934
0.723766
1.06186
1.40729
1.76047
2.12136
2.48988
2.86615
3.25054
3.64338
4.04464
4.45371
4.86945
5.29063
5.71637
6.14639
6.58098
7.02055
7.46493
7.91271
8.36094
8.80538
9.24146
9.66528
10.0742
10.467
10.8426
11.1993
11.5334
11.8384
12.106
12.328
12.4991
12.6175
12.6857
12.7083
12.6894
12.6298
12.5252
12.3666
12.1439
11.8488
11.4771
11.0294
-11.9233
-12.2994
-12.5977
-12.8391
-13.0501
-13.2547
-13.4661
-13.6832
-13.8916
-14.0677
-14.1851
-14.2222
-14.1674
-14.0206
-13.7924
-13.4995
-13.1589
-12.7828
-12.377
-11.9421
-11.4778
-10.9848
-10.4669
-9.93103
-9.38564
-8.83873
-8.29575
-7.75933
-7.23027
-6.70917
-6.19758
-5.69812
-5.2135
-4.74536
-4.29367
-3.85672
-3.43179
-3.01592
-2.60707
-2.20456
-1.80892
-1.42106
-1.0412
-0.66831
-0.299947
0.0674134
0.43776
0.81467
1.2007
1.59702
2.00356
2.41947
2.84404
3.27735
3.72032
4.17409
4.63904
5.11421
5.59745
6.0863
6.57924
7.0762
7.57859
8.08848
8.60725
9.13388
9.66419
10.1912
10.7074
11.2067
11.6865
12.1469
12.5899
13.0162
13.4222
13.7983
14.13
14.4029
14.6072
14.7415
14.8125
14.8321
14.812
14.7565
14.6586
14.5014
14.2649
13.9339
13.501
12.9667
-13.814
-14.2106
-14.4933
-14.6978
-14.8755
-15.0738
-15.3164
-15.6014
-15.9008
-16.1714
-16.3638
-16.4402
-16.3811
-16.1898
-15.8877
-15.5087
-15.0849
-14.6345
-14.1617
-13.6601
-13.1227
-12.5464
-11.9353
-11.3001
-10.6556
-10.0154
-9.38672
-8.77059
-8.16433
-7.56623
-6.97762
-6.40343
-5.84932
-5.31842
-4.81067
-4.32266
-3.84906
-3.38408
-2.92415
-2.4688
-2.02063
-1.58304
-1.15769
-0.743814
-0.33781
0.0659255
0.474111
0.892441
1.32473
1.77207
2.23321
2.70522
3.18571
3.67477
4.1747
4.68888
5.21886
5.76328
6.3175
6.87625
7.43649
7.99833
8.56553
9.14372
9.73829
10.3498
10.9721
11.5926
12.1972
12.7762
13.3263
13.8517
14.3607
14.8617
15.3533
15.8212
16.2381
16.5754
16.8153
16.9556
17.0122
17.0119
16.9844
16.9427
16.8761
16.7492
16.5208
16.1646
15.6695
15.039
-15.8947
-16.284
-16.4997
-16.5937
-16.6694
-16.8274
-17.1044
-17.4979
-17.9506
-18.3874
-18.709
-18.853
-18.7851
-18.5186
-18.094
-17.5826
-17.0493
-16.5187
-15.9883
-15.4301
-14.8242
-14.1585
-13.4391
-12.6831
-11.9201
-11.1764
-10.4602
-9.76826
-9.08727
-8.41024
-7.73748
-7.08041
-6.45228
-5.85866
-5.29976
-4.76829
-4.25436
-3.74537
-3.235
-2.72303
-2.21744
-1.72766
-1.25787
-0.808175
-0.372556
0.0579136
0.495768
0.950058
1.42707
1.92725
2.44726
2.97887
3.51517
4.05668
4.6088
5.18112
5.77818
6.39849
7.03134
7.66434
8.29171
8.91304
9.53692
10.1756
10.8452
11.5502
12.2828
13.0171
13.724
14.3873
15.0016
15.5798
16.143
16.7205
17.3182
17.9169
18.4605
18.8875
19.1661
19.2896
19.2928
19.23
19.1764
19.1639
19.1798
19.1421
18.9601
18.5946
18.0325
17.2944
-18.2764
-18.6055
-18.6797
-18.5139
-18.3431
-18.4071
-18.7221
-19.3064
-20.0203
-20.7664
-21.3073
-21.5685
-21.4729
-21.0727
-20.423
-19.6863
-19.0082
-18.4013
-17.8534
-17.2676
-16.611
-15.8469
-14.9949
-14.0754
-13.1562
-12.2971
-11.4985
-10.7498
-10.0042
-9.24788
-8.47451
-7.71556
-7.00537
-6.34881
-5.74925
-5.18857
-4.65246
-4.10855
-3.54806
-2.968
-2.39138
-1.84342
-1.32905
-0.852195
-0.399811
0.0393535
0.493852
0.975053
1.49616
2.05397
2.64474
3.24587
3.83728
4.42346
5.01392
5.6379
6.30416
7.0158
7.7451
8.46067
9.15572
9.82414
10.4869
11.163
11.9011
12.7108
13.5907
14.4805
15.3132
16.0685
16.728
17.3286
17.9037
18.549
19.2801
20.0904
20.8489
21.4114
21.7382
21.7944
21.6661
21.4324
21.3064
21.3414
21.5577
21.7398
21.6605
21.3046
20.6463
19.7998
-21.167
-21.2914
-21.2026
-20.4386
-19.6756
-19.623
-19.9496
-20.9257
-22.0412
-23.4386
-24.3062
-24.7961
-24.5973
-23.9846
-22.876
-21.704
-20.8635
-20.1978
-19.7723
-19.2063
-18.5523
-17.6615
-16.6474
-15.4673
-14.3058
-13.3307
-12.4647
-11.727
-10.9368
-10.1102
-9.19091
-8.28063
-7.48134
-6.75699
-6.14289
-5.57359
-5.06191
-4.49577
-3.88943
-3.20813
-2.52412
-1.91085
-1.3462
-0.860977
-0.408035
-0.00128602
0.453482
0.942609
1.51242
2.1333
2.8274
3.52702
4.16707
4.78428
5.37098
6.03399
6.765
7.60795
8.47887
9.28682
10.0583
10.7436
11.4179
12.0613
12.8538
13.7703
14.8841
16.0263
17.0133
17.8873
18.5388
19.1135
19.5622
20.2529
21.1265
22.3371
23.5181
24.2729
24.698
24.5627
24.1891
23.4771
23.2019
23.2555
23.982
24.7113
24.7567
24.4474
23.5283
22.6713
-25.043
-24.2809
-24.6942
-22.3586
-19.9818
-20.2899
-20.2389
-22.3419
-23.6541
-26.8717
-27.8475
-29.0136
-28.3167
-27.6094
-25.4195
-23.2437
-22.4662
-21.6483
-21.8931
-21.2721
-20.8344
-19.6541
-18.5396
-16.8327
-15.1872
-14.2078
-13.2466
-12.7805
-11.9223
-11.1063
-9.89492
-8.68634
-7.84981
-7.0068
-6.47239
-5.87603
-5.55019
-4.94125
-4.33909
-3.45245
-2.55518
-1.90845
-1.24913
-0.823369
-0.349838
-0.111166
0.363538
0.793918
1.45509
2.10723
3.00217
3.89413
4.52994
5.18925
5.61843
6.33241
7.06495
8.16015
9.30371
10.1658
11.0856
11.6791
12.3936
12.7452
13.628
14.546
16.1367
17.7956
18.876
20.0262
20.46
21.0792
20.8714
21.6927
22.4864
24.625
26.7998
27.6077
28.4629
27.6723
27.1973
24.8906
24.6217
24.1979
26.3997
28.6651
28.3608
28.4661
26.3183
26.2099
-31.6042
-25.5749
-32.1406
-24.3347
-16.4184
-21.47
-17.423
-24.8929
-22.5197
-33.5299
-31.1117
-35.9115
-32.0484
-33.3669
-27.9406
-22.7678
-24.1252
-21.5671
-25.2597
-23.073
-24.1856
-21.5513
-21.2846
-18.1094
-15.1092
-15.0586
-13.3153
-14.3986
-12.8472
-12.672
-10.595
-8.55634
-8.22765
-6.81231
-6.89118
-5.78902
-6.44631
-5.37715
-5.19855
-3.71216
-2.22548
-1.92415
-0.815649
-0.854517
0.0465984
-0.560947
0.337413
0.312863
1.41078
1.73157
3.18141
4.6303
4.85919
5.92588
5.45596
6.60436
6.84293
8.64306
10.5342
10.9624
12.5829
12.4409
13.8921
12.6641
14.3517
14.3528
17.291
20.3978
20.6381
23.1964
22.1137
24.2347
20.6976
23.1705
21.908
26.8588
32.048
30.8719
34.5954
30.3246
32.84
23.3662
26.2609
21.3556
28.7219
36.3152
31.3712
35.7252
26.1677
31.8916
-50.4671
-8.72864
-60.2781
-26.4657
5.82288
-35.7486
1.9812
-41.6147
-2.10996
-59.5225
-23.9794
-55.282
-28.317
-48.8355
-30.0953
-12.8865
-31.4217
-12.4838
-37.0926
-20.1225
-32.933
-20.0395
-28.2184
-19.1347
-10.7836
-18.3474
-9.31398
-19.8115
-11.7908
-16.9772
-11.2404
-5.96424
-10.1706
-4.46632
-9.01106
-3.16865
-9.82907
-4.53108
-7.94173
-3.97256
-0.188891
-3.10228
1.27014
-2.23929
2.61558
-3.17943
1.64021
-1.78476
2.48552
-0.270023
3.36219
7.12364
3.98234
8.8757
2.96332
8.1868
4.37247
8.99541
13.8722
10.0426
16.6193
10.9088
19.2494
8.38478
17.5041
9.93007
18.2028
27.1282
19.0624
31.6102
19.1537
35.5377
11.8679
30.0262
12.3807
28.7478
46.4607
27.0785
52.238
23.202
55.7446
4.02752
39.129
0.838374
30.7136
62.0151
20.9889
63.0132
4.0087
49.6771
29243.9
29185.7
29125.9
29064.8
29002.5
28938.9
28874.4
28808.9
28742.6
28675.7
28608.1
28540.1
28471.8
28403.2
28334.4
2.30922
2.16739
2.01363
1.85101
1.68269
1.51158
1.34014
1.1703
1.00337
0.840106
0.680734
0.525064
0.372581
0.222533
0.0740055
3.86488
3.62542
3.36571
3.09121
2.80746
2.51954
2.23169
1.94717
1.66814
1.39577
1.13036
0.871494
0.618208
0.369162
0.122756
5.44544
5.10354
4.73242
4.34052
3.93629
3.52732
3.11986
2.71849
2.32618
1.9444
1.57336
1.21225
0.859517
0.513098
0.170592
7.06226
6.61046
6.11953
5.60184
5.06955
4.53338
4.00176
3.48063
2.9736
2.48222
2.00633
1.54452
1.09441
0.653054
0.217079
8.72824
8.15563
7.53261
6.87703
6.2061
5.53435
4.87275
4.22841
3.60523
3.00442
2.42514
1.86496
1.32047
0.787555
0.261723
10.4591
9.74987
8.97701
8.1665
7.34248
6.52435
5.72571
4.95447
4.21413
3.50493
2.82469
2.16962
1.53485
0.914906
0.303961
12.2753
11.4063
10.4577
9.46824
8.47188
7.49389
6.55026
5.64875
4.79131
3.97611
3.19888
2.45384
1.73432
1.03319
0.343161
14.2053
13.1414
11.9785
10.776
9.58213
8.42841
7.33182
6.298
5.32546
4.4088
3.54058
2.71235
1.91526
1.14032
0.378636
16.2889
14.9749
13.5381
12.0745
10.6516
9.30553
8.0502
6.88529
5.80301
4.79247
3.84189
2.93949
2.07387
1.23411
0.409676
18.587
16.9287
15.1225
13.3305
11.6424
10.0909
8.67755
7.38929
6.20813
5.11563
4.09461
3.12956
2.20646
1.31247
0.435604
21.2176
19.0279
16.6905
14.481
12.4948
10.7368
9.1787
7.78529
6.52386
5.36671
4.29093
3.27739
2.30973
1.37358
0.45584
24.4508
21.2735
18.1293
15.4068
13.118
11.1817
9.51416
8.04835
6.73449
5.53581
4.42458
3.37902
2.38129
1.41615
0.469976
28.939
23.4831
19.1448
15.8968
13.3869
11.3569
9.6469
8.15849
6.82908
5.61685
4.49211
3.43249
2.42004
1.43963
0.477843
35.6588
24.5718
19.0683
15.6466
13.1743
11.2111
9.55702
8.10861
6.80567
5.60977
4.49411
3.43847
2.42653
1.44437
0.479556
-0.501628
-1.51059
-2.53687
-3.59283
-4.69212
-5.85047
-7.08694
-8.4258
-9.90011
-11.5582
-13.4764
-15.7863
-18.7355
-22.8204
-28.96
-0.496795
-1.49553
-2.50987
-3.55075
-4.62993
-5.76046
-6.95716
-8.23745
-9.62228
-11.1372
-12.8117
-14.6695
-16.6759
-18.4861
-18.2965
-0.488359
-1.46957
-2.46431
-3.48185
-4.5318
-5.62407
-6.76879
-7.97581
-9.25339
-10.6047
-12.0188
-13.4484
-14.7508
-15.5391
-14.8619
-0.476782
-1.43412
-2.40278
-3.39028
-4.404
-5.45085
-6.5366
-7.66452
-8.8326
-10.0278
-11.2144
-12.3145
-13.1819
-13.608
-13.5478
-0.462562
-1.39075
-2.32804
-3.28032
-4.25293
-5.25024
-6.27464
-7.32479
-8.39243
-9.45605
-10.4691
-11.3412
-11.9184
-12.0137
-11.881
-0.446197
-1.34097
-2.24281
-3.15607
-4.08446
-5.03046
-5.99431
-6.97243
-7.95463
-8.91886
-9.82071
-10.5721
-10.9885
-10.5768
-7.49657
-0.428156
-1.28624
-2.14954
-3.02117
-3.90354
-4.79792
-5.70359
-6.61676
-7.52898
-8.42455
-9.27571
-10.0354
-10.6327
-10.9924
-11.3845
-0.408864
-1.22783
-2.05042
-2.87868
-3.71411
-4.55724
-5.40719
-6.26124
-7.11461
-7.96081
-8.79326
-9.6112
-10.4414
-11.3847
-12.6827
-0.388694
-1.16686
-1.94727
-2.73113
-3.5192
-4.31157
-5.10754
-5.90572
-6.70487
-7.5064
-8.32015
-9.17809
-10.1709
-11.53
-13.8233
-0.367964
-1.10427
-1.84164
-2.58056
-3.32117
-4.06321
-4.80604
-5.54909
-6.29311
-7.04331
-7.81579
-8.65099
-9.64548
-11.0262
-13.3901
-0.346952
-1.04089
-1.73487
-2.42873
-3.12206
-3.81417
-4.50417
-5.19144
-5.87674
-6.56455
-7.26747
-8.01295
-8.85155
-9.83924
-10.8303
-0.325898
-0.977424
-1.6281
-2.27718
-2.92372
-3.56647
-4.20401
-4.83491
-5.45834
-6.07511
-6.68929
-7.31
-7.95383
-8.64971
-9.50243
-0.305012
-0.914505
-1.52236
-2.12733
-2.72791
-3.32231
-3.90834
-4.4834
-5.04437
-5.58732
-6.10637
-6.59084
-7.01981
-7.35115
-7.46617
-0.284479
-0.852682
-1.41858
-1.98045
-2.53633
-3.08388
-3.62019
-4.14154
-4.64279
-5.11601
-5.54734
-5.91012
-6.15351
-6.20279
-6.14091
-0.264457
-0.79243
-1.31753
-1.83767
-2.35048
-2.85318
-3.34236
-3.81357
-4.2606
-4.67373
-5.03583
-5.31227
-5.42201
-5.13165
-3.5632
-0.24508
-0.734147
-1.21989
-1.69992
-2.17159
-2.63183
-3.07695
-3.50235
-3.9019
-4.26687
-4.58378
-4.83022
-4.96839
-4.94818
-4.84526
-0.226454
-0.678154
-1.12619
-1.56796
-2.00061
-2.42093
-2.82521
-3.20906
-3.5672
-3.89339
-4.1807
-4.42342
-4.62486
-4.82229
-5.15062
-0.208661
-0.624694
-1.03682
-1.4423
-1.83816
-2.22116
-2.58765
-2.9336
-3.2547
-3.54696
-3.80862
-4.0454
-4.28427
-4.60571
-5.20293
-0.19176
-0.573939
-0.952061
-1.3233
-1.68464
-2.03284
-2.36436
-2.67543
-2.96226
-3.22184
-3.4539
-3.66605
-3.88651
-4.19788
-4.84645
-0.175788
-0.525998
-0.872078
-1.21117
-1.54026
-1.85612
-2.1553
-2.43412
-2.68881
-2.9159
-3.11311
-3.28108
-3.42583
-3.55617
-3.62179
-0.160765
-0.480925
-0.79695
-1.10599
-1.40506
-1.691
-1.96041
-2.20961
-2.43459
-2.63081
-2.79276
-2.91239
-2.97535
-2.95965
-2.90601
-0.146694
-0.438728
-0.726679
-1.00775
-1.27901
-1.5374
-1.77961
-2.002
-2.20041
-2.36961
-2.50195
-2.58323
-2.57971
-2.38972
-1.62213
-0.133565
-0.399373
-0.661198
-0.916322
-1.16193
-1.39508
-1.61262
-1.81111
-1.9866
-2.13414
-2.24674
-2.31311
-2.31377
-2.22112
-2.05832
-0.121356
-0.362792
-0.600385
-0.831526
-1.05354
-1.26364
-1.45892
-1.63628
-1.7923
-1.92305
-2.02378
-2.08879
-2.11284
-2.10147
-2.11437
-0.110037
-0.328889
-0.544069
-0.753096
-0.953446
-1.14254
-1.31775
-1.47636
-1.61565
-1.73292
-1.8258
-1.89309
-1.93671
-1.96523
-1.99015
-0.0995691
-0.297548
-0.492044
-0.680718
-0.86121
-1.03115
-1.18816
-1.32995
-1.4544
-1.55984
-1.64574
-1.714
-1.77128
-1.83174
-1.91445
-0.0899104
-0.268638
-0.444082
-0.61405
-0.776343
-0.928778
-1.06922
-1.19568
-1.30645
-1.40046
-1.4781
-1.54273
-1.60385
-1.68305
-1.82228
-0.0810153
-0.24202
-0.399945
-0.552741
-0.698362
-0.834792
-0.960079
-1.07241
-1.17023
-1.25258
-1.31963
-1.37406
-1.42408
-1.49291
-1.65599
-0.0728372
-0.217553
-0.359393
-0.496444
-0.626805
-0.7486
-0.860005
-0.959288
-1.04487
-1.11544
-1.17009
-1.20861
-1.23145
-1.23757
-1.20114
-0.0653294
-0.195096
-0.322187
-0.444824
-0.561239
-0.669679
-0.768422
-0.855772
-0.930042
-0.989455
-1.03189
-1.0542
-1.05061
-1.01197
-0.947986
-0.0584457
-0.17451
-0.288097
-0.397557
-0.50125
-0.597546
-0.684818
-0.761424
-0.825621
-0.875365
-0.907805
-0.917914
-0.894267
-0.804145
-0.525731
-0.0521403
-0.155659
-0.256893
-0.354324
-0.446439
-0.531731
-0.60869
-0.675774
-0.731325
-0.773389
-0.799349
-0.805192
-0.784227
-0.727212
-0.640414
-0.0463683
-0.138407
-0.228351
-0.314812
-0.396404
-0.471752
-0.539483
-0.598208
-0.646477
-0.682686
-0.704979
-0.711198
-0.699348
-0.671093
-0.64613
-0.0410852
-0.12262
-0.202249
-0.278708
-0.350742
-0.417111
-0.476591
-0.527977
-0.570079
-0.601732
-0.62188
-0.629856
-0.625984
-0.612812
-0.593765
-0.0362476
-0.108168
-0.178366
-0.245702
-0.309048
-0.367297
-0.419375
-0.46426
-0.50101
-0.528843
-0.547333
-0.556836
-0.55919
-0.558729
-0.56219
-0.0318127
-0.0949228
-0.156489
-0.215491
-0.270924
-0.321809
-0.367208
-0.406255
-0.438199
-0.462512
-0.479115
-0.488871
-0.494453
-0.502035
-0.523178
-0.0277393
-0.0827597
-0.136408
-0.187781
-0.235987
-0.280166
-0.3195
-0.353239
-0.380749
-0.401598
-0.415734
-0.423887
-0.428422
-0.436028
-0.468587
-0.0239871
-0.0715585
-0.117924
-0.162289
-0.203873
-0.241922
-0.275718
-0.304599
-0.327982
-0.345404
-0.35658
-0.36149
-0.360341
-0.352785
-0.330515
-0.0205175
-0.0612032
-0.100843
-0.138747
-0.174239
-0.206662
-0.235388
-0.259821
-0.279404
-0.2936
-0.301841
-0.303364
-0.296781
-0.279836
-0.255113
-0.0172932
-0.0515818
-0.0849789
-0.116896
-0.146757
-0.173997
-0.198071
-0.218451
-0.234609
-0.245977
-0.251823
-0.250921
-0.240475
-0.21235
-0.135937
-0.014278
-0.0425863
-0.0701532
-0.0964896
-0.121114
-0.143554
-0.163349
-0.180046
-0.193178
-0.202227
-0.206538
-0.205151
-0.196497
-0.178443
-0.152529
-0.0114366
-0.0341113
-0.0561915
-0.0772845
-0.0970033
-0.114968
-0.130805
-0.144146
-0.154613
-0.161801
-0.16525
-0.164465
-0.159089
-0.150035
-0.144157
-0.0087347
-0.0260539
-0.0429229
-0.0590445
-0.0741249
-0.0878759
-0.100015
-0.110266
-0.118353
-0.123997
-0.126937
-0.126998
-0.124269
-0.119457
-0.11311
-0.0061385
-0.0183129
-0.0301798
-0.0415359
-0.0521806
-0.0619172
-0.0705547
-0.0779098
-0.0838085
-0.0880929
-0.0906504
-0.0914947
-0.0909222
-0.0899729
-0.0920499
-0.0036146
-0.0107884
-0.0177962
-0.0245279
-0.0308751
-0.0367321
-0.0419981
-0.046581
-0.0504016
-0.0534033
-0.0555746
-0.0569942
-0.057859
-0.05841
-0.0575736
-0.00112994
-0.00338142
-0.00560756
-0.00779127
-0.00991551
-0.0119643
-0.0139252
-0.0157928
-0.0175749
-0.019301
-0.0210356
-0.0228926
-0.0250291
-0.0278266
-0.033914
0.00134845
0.00400672
0.00654962
0.00890159
0.0109888
0.0127386
0.014078
0.0149298
0.0152064
0.0148013
0.0135801
0.0113957
0.00825113
0.00503203
0.0069868
0.0038535
0.0114746
0.0188389
0.0257778
0.0321269
0.0377259
0.0424187
0.0460501
0.0484598
0.0494699
0.0488623
0.0463495
0.0415808
0.0342955
0.0253604
0.00641835
0.0191213
0.0314243
0.0430651
0.0537878
0.063345
0.0714991
0.0780218
0.0826891
0.0852667
0.0854712
0.0828753
0.0766625
0.0647088
0.0391678
0.00907651
0.0270471
0.044472
0.0609934
0.0762627
0.089944
0.101719
0.111289
0.118378
0.122722
0.124035
0.121924
0.115742
0.104568
0.0896453
0.0118621
0.0353539
0.0581508
0.0797967
0.0998472
0.117875
0.13348
0.146292
0.155988
0.162297
0.164991
0.16382
0.158306
0.14705
0.124693
0.0148101
0.0441465
0.0726341
0.0997151
0.124846
0.147502
0.167193
0.183474
0.195969
0.204405
0.208654
0.208755
0.204885
0.197267
0.187833
0.0179564
0.0535325
0.0881006
0.120997
0.151574
0.179203
0.203293
0.223306
0.238792
0.249448
0.255225
0.256481
0.2541
0.248783
0.234599
0.0213382
0.063623
0.104735
0.143902
0.180363
0.21338
0.242246
0.266307
0.284997
0.297912
0.304971
0.306772
0.305398
0.306505
0.326654
0.0249938
0.0745332
0.122731
0.168699
0.211561
0.25046
0.284561
0.313068
0.335247
0.350479
0.358411
0.359316
0.355026
0.35106
0.360109
0.0289625
0.0863816
0.142285
0.195667
0.245532
0.290896
0.33079
0.364258
0.390359
0.408161
0.416779
0.41552
0.404487
0.386643
0.373731
0.0332849
0.0992896
0.163601
0.225093
0.282649
0.335158
0.381513
0.420604
0.451277
0.472271
0.482061
0.478573
0.458744
0.418871
0.364673
0.0380022
0.113381
0.186887
0.257271
0.323295
0.383722
0.437319
0.482837
0.518967
0.544216
0.556626
0.55304
0.526993
0.461119
0.291682
0.0431563
0.128783
0.212353
0.292497
0.367853
0.437062
0.498774
0.551638
0.594266
0.625138
0.642369
0.643181
0.62298
0.575362
0.506193
0.0487895
0.145621
0.240212
0.33107
0.416706
0.495642
0.566418
0.6276
0.677789
0.715601
0.739592
0.747997
0.738096
0.704668
0.632917
0.0549446
0.164025
0.270679
0.37329
0.47024
0.559926
0.640769
0.711251
0.76997
0.815737
0.847724
0.86562
0.869659
0.8607
0.846088
0.0616643
0.184123
0.303971
0.419462
0.528849
0.630389
0.722365
0.803131
0.871214
0.925521
0.965735
0.992971
1.01037
1.02079
1.00346
0.0689912
0.206044
0.340302
0.469895
0.592938
0.707534
0.811796
0.90388
0.982099
1.04518
1.09286
1.12727
1.15605
1.20033
1.32173
0.0769671
0.229913
0.37989
0.5249
0.662921
0.791897
0.909736
1.01432
1.10357
1.17561
1.2293
1.26561
1.29113
1.32647
1.42178
0.085632
0.255854
0.422942
0.584781
0.739216
0.884034
1.01693
1.13548
1.23708
1.31889
1.37793
1.41156
1.41954
1.41116
1.42446
0.0950235
0.283979
0.469653
0.649823
0.82222
0.984488
1.13414
1.26848
1.38439
1.47807
1.54432
1.57546
1.55945
1.48099
1.35958
0.105175
0.314392
0.520198
0.720284
0.912283
1.09374
1.26205
1.41433
1.54724
1.65638
1.73522
1.77224
1.7429
1.58081
1.04347
0.116116
0.34718
0.574726
0.796376
1.00969
1.21216
1.40112
1.57371
1.72666
1.85583
1.95527
2.01524
2.01869
1.94139
1.80361
0.12787
0.382415
0.633359
0.878268
1.11466
1.33998
1.5516
1.7468
1.92267
2.076
2.20286
2.29761
2.35072
2.34415
2.22941
0.140456
0.420152
0.696187
0.966086
1.22733
1.47734
1.71354
1.93335
2.13439
2.31465
2.47288
2.60903
2.72439
2.82224
2.92832
0.153887
0.460433
0.763279
1.05992
1.3478
1.62432
1.88687
2.13299
2.36061
2.56867
2.75833
2.93504
3.11038
3.29485
3.42245
0.168171
0.503281
0.834678
1.15984
1.47616
1.78099
2.07164
2.34552
2.60046
2.83553
3.05288
3.26212
3.49021
3.8072
4.41306
0.183309
0.548702
0.910401
1.26587
1.6125
1.94752
2.26807
2.57122
2.85415
3.11473
3.35316
3.57623
3.80847
4.11919
4.67779
0.199294
0.596679
0.990433
1.37804
1.75687
2.12408
2.47658
2.81097
3.12337
3.40935
3.66415
3.88408
4.07237
4.25925
4.55147
0.216109
0.647166
1.07471
1.49628
1.90927
2.31081
2.69765
3.06598
3.41091
3.72562
3.99941
4.21397
4.33736
4.32634
4.24702
0.233724
0.700076
1.1631
1.62045
2.06959
2.5077
2.93154
3.33719
3.71942
4.07029
4.3758
4.60721
4.69577
4.44097
3.08354
0.252093
0.755273
1.25539
1.75027
2.2375
2.71443
3.17799
3.62459
4.04962
4.4464
4.80361
5.09961
5.29264
5.32136
5.26017
0.271151
0.812568
1.35128
1.88532
2.4125
2.93035
3.43614
3.92687
4.39933
4.84989
5.27386
5.66345
6.00357
6.2642
6.35888
0.290812
0.871706
1.45035
2.02506
2.59387
3.15454
3.70462
4.24171
4.76409
5.2717
5.76785
6.2615
6.7696
7.32221
8.01386
0.310964
0.932363
1.5521
2.1688
2.78078
3.38595
3.98195
4.56661
5.13892
5.70125
6.26339
6.84933
7.50456
8.28351
9.08237
0.331469
0.99413
1.65586
2.31571
2.97228
3.62355
4.26699
4.89987
5.52046
6.13069
6.74216
7.38876
8.15333
9.23073
11.1228
0.352148
1.05649
1.76084
2.46479
3.16729
3.86641
4.55913
5.24143
5.90891
6.55895
7.19623
7.84592
8.58451
9.61181
11.4215
0.372775
1.11878
1.866
2.61473
3.36448
4.11349
4.85826
5.59299
6.30915
6.99572
7.64127
8.24093
8.81475
9.44905
10.336
0.393066
1.18016
1.96999
2.76382
3.56198
4.36328
5.16408
5.95711
6.72955
7.46054
8.11773
8.65335
9.00247
9.1103
9.22512
0.412662
1.23957
2.07108
2.90973
3.7571
4.61313
5.47499
6.33515
7.17831
7.97611
8.67805
9.1947
9.35712
8.76606
6.00983
0.431133
1.29571
2.16709
3.04939
3.94596
4.85866
5.78671
6.72456
7.65807
8.55766
9.3664
9.98137
10.2343
9.92472
9.22695
0.447974
1.34703
2.25537
3.17897
4.12337
5.0932
6.09123
7.11651
8.16083
9.20167
10.1886
11.0187
11.5012
11.3521
10.4501
0.462626
1.39183
2.33291
3.29389
4.28285
5.30783
6.3764
7.49472
8.6654
9.88241
11.1189
12.2965
13.2059
13.3011
11.2361
0.474504
1.42828
2.39648
3.38917
4.41705
5.49185
6.62657
7.83601
9.13711
10.5488
12.0892
13.7595
15.4747
16.7492
15.2814
0.483039
1.45461
2.4429
3.45979
4.51842
5.6339
6.8244
8.11303
9.53121
11.1251
12.9683
15.1904
18.048
22.1003
28.6197
27.6572
21.1473
17.2877
14.6211
12.5482
10.8144
9.29948
7.93883
6.69295
5.53498
4.44494
3.40685
2.40717
1.43397
0.476284
13.6789
15.5578
14.6573
13.2066
11.7092
10.2813
8.94446
7.69481
6.52199
5.41423
4.35998
3.34835
2.36908
1.4125
0.469349
8.94416
11.8971
12.4077
11.8234
10.8209
9.68431
8.52815
7.39685
6.30536
5.25591
4.24513
3.26715
2.31508
1.3816
0.459293
6.13159
9.93114
10.9173
10.7297
10.0249
9.1001
8.09391
7.07066
6.05906
5.07037
4.1072
3.16775
2.24801
1.34286
0.446623
9.19579
9.91795
10.2411
9.9942
9.38087
8.57173
7.67089
6.73584
5.79639
4.86676
3.95252
3.05445
2.17067
1.29785
0.431845
10.2778
10.1809
9.96002
9.51233
8.8721
8.10637
7.27104
6.40357
5.52648
4.65212
3.78634
2.93102
2.08559
1.24801
0.415433
11.4489
10.529
9.83562
9.16344
8.44979
7.68875
6.89299
6.07753
5.2543
4.4312
3.61266
2.80055
1.99491
1.19462
0.397808
11.978
10.7191
9.69575
8.84268
8.05979
7.29469
6.52814
5.75648
4.98169
4.20683
3.43429
2.6654
1.9004
1.13875
0.379324
12.8352
10.7448
9.43701
8.47258
7.65691
6.90117
6.1664
5.43722
4.70881
3.98058
3.25319
2.52738
1.80345
1.08126
0.360279
12.3741
10.2263
8.93929
7.99867
7.21195
6.49267
5.80042
5.11711
4.43554
3.7535
3.07082
2.38791
1.7052
1.02288
0.340914
9.99409
9.10959
8.20056
7.41746
6.71976
6.06505
5.4279
4.7955
4.16235
3.52667
2.88842
2.24816
1.60657
0.964195
0.321436
8.77064
8.00956
7.37404
6.7766
6.19741
5.62493
5.05181
4.47419
3.8907
3.30146
2.70727
2.10923
1.5084
0.905727
0.30202
6.91891
6.82212
6.52083
6.12281
5.67016
5.18503
4.67862
4.15675
3.62289
3.07952
2.52867
1.97213
1.41143
0.847934
0.28282
5.70738
5.77657
5.73464
5.50678
5.1653
4.7597
4.31598
3.84749
3.36154
2.86263
2.35392
1.83783
1.31635
0.791222
0.263972
3.33816
4.80814
5.07747
4.96956
4.70483
4.36072
3.97042
3.55022
3.10907
2.65247
2.18421
1.70719
1.22376
0.735951
0.245596
4.58448
4.67353
4.68225
4.54118
4.29942
3.99373
3.64553
3.26741
2.86724
2.45031
2.02052
1.58094
1.13416
0.682422
0.227792
4.90861
4.59479
4.3911
4.18271
3.9384
3.65619
3.34135
2.99987
2.63699
2.25703
1.86357
1.45965
1.04796
0.630882
0.210642
5.04055
4.43972
4.1033
3.84924
3.60371
3.34131
3.05564
2.74715
2.41856
2.07307
1.71383
1.34374
0.965475
0.581521
0.19421
4.75365
4.10124
3.75842
3.50992
3.28078
3.04262
2.78576
2.50838
2.21185
1.89865
1.5716
1.23347
0.886923
0.534479
0.178545
3.68528
3.54799
3.34821
3.15726
2.96418
2.75694
2.53015
2.28293
2.01671
1.73384
1.43704
1.12903
0.812454
0.489853
0.163679
3.15269
3.03835
2.93205
2.8062
2.65751
2.4849
2.28876
2.07071
1.83313
1.57872
1.31027
1.03053
0.742161
0.447705
0.149635
2.40019
2.52337
2.52962
2.47114
2.36754
2.22927
2.06263
1.87209
1.66126
1.43335
1.19134
0.938032
0.676091
0.408064
0.136421
1.94181
2.08979
2.1723
2.16755
2.10176
1.99341
1.85317
1.68761
1.50127
1.29779
1.08026
0.851533
0.614248
0.370936
0.124042
1.12367
1.70187
1.87575
1.90648
1.86564
1.77977
1.66137
1.5176
1.35324
1.172
0.976986
0.770984
0.556596
0.3363
0.112489
1.46477
1.59491
1.67875
1.69524
1.66092
1.58881
1.48726
1.36193
1.21699
1.05582
0.881359
0.696271
0.503057
0.304109
0.101748
1.53514
1.52028
1.52866
1.51943
1.48257
1.41838
1.32975
1.21994
1.09205
0.948903
0.793135
0.627217
0.453511
0.274295
0.0917954
1.53324
1.4297
1.39098
1.36292
1.32331
1.26501
1.18702
1.09058
0.97775
0.850789
0.711986
0.563592
0.407803
0.246769
0.0826035
1.42581
1.29429
1.24604
1.21459
1.17713
1.12542
1.05716
0.972668
0.873314
0.760936
0.637528
0.505122
0.365751
0.221426
0.0741374
1.08307
1.10122
1.0896
1.07055
1.04095
0.997393
0.938672
0.865137
0.777975
0.678784
0.569346
0.451512
0.327155
0.19815
0.066359
0.913573
0.928998
0.938453
0.933965
0.914568
0.879985
0.830541
0.76713
0.691039
0.603788
0.507024
0.402452
0.291803
0.176816
0.0592276
0.683789
0.761061
0.797114
0.80784
0.798827
0.772978
0.73218
0.677989
0.611902
0.535438
0.450154
0.357634
0.259479
0.157298
0.0527011
0.547108
0.621867
0.673473
0.69552
0.694865
0.676427
0.643184
0.597165
0.540017
0.47325
0.398338
0.316751
0.229967
0.139467
0.0467368
0.315416
0.498851
0.570455
0.599052
0.603333
0.590227
0.56312
0.524123
0.474857
0.416755
0.351184
0.279498
0.203049
0.123193
0.0412916
0.394474
0.453577
0.497385
0.519549
0.523947
0.513815
0.49137
0.458261
0.415874
0.365479
0.308304
0.245573
0.17851
0.108348
0.0363229
0.40421
0.419
0.439419
0.452456
0.454718
0.446013
0.427076
0.398889
0.362491
0.318941
0.269308
0.214675
0.156137
0.0948033
0.0317881
0.388921
0.380589
0.386648
0.39291
0.393163
0.385367
0.369252
0.345258
0.314111
0.276657
0.233807
0.186505
0.135719
0.082434
0.0276453
0.351934
0.332254
0.333799
0.337595
0.337251
0.330546
0.316943
0.296633
0.27014
0.238147
0.201419
0.160771
0.117048
0.0711155
0.0238532
0.249752
0.269241
0.279441
0.285208
0.285801
0.280557
0.269328
0.252335
0.230019
0.202948
0.171772
0.137186
0.0999202
0.0607269
0.0203717
0.192781
0.21273
0.228211
0.236456
0.238446
0.23476
0.225748
0.211762
0.193223
0.170622
0.144509
0.115474
0.0841406
0.0511506
0.0171615
0.101566
0.159361
0.182045
0.192085
0.195067
0.192692
0.185651
0.174377
0.159269
0.140753
0.119289
0.0953711
0.0695191
0.0422728
0.0141847
0.1113
0.130404
0.144691
0.152645
0.155436
0.153892
0.148516
0.139674
0.127701
0.112947
0.095786
0.0766203
0.0558728
0.0339835
0.0114047
0.102051
0.104818
0.111759
0.116817
0.118837
0.117774
0.113808
0.107162
0.0980789
0.0868236
0.0736855
0.0589759
0.0430247
0.0261765
0.00878598
0.0723169
0.0763546
0.0801544
0.0831177
0.0843964
0.0836886
0.0809765
0.0763564
0.0699768
0.0620179
0.0526843
0.0421998
0.030804
0.0187486
0.00629407
0.051112
0.0480711
0.0491448
0.0506022
0.0513477
0.0510072
0.0494807
0.046782
0.0429795
0.0381741
0.0324882
0.0260611
0.0190443
0.0115997
0.00389555
0.0138962
0.01694
0.0178775
0.0185894
0.0190605
0.0191568
0.0188055
0.0179796
0.0166839
0.0149461
0.0128107
0.0103345
0.00758382
0.00463209
0.00155777
-0.00958135
-0.0127249
-0.0132299
-0.0132532
-0.0129644
-0.0123797
-0.011538
-0.0104949
-0.00930306
-0.00800386
-0.00662848
-0.00520018
-0.00373633
-0.00224999
-0.000751297
-0.0476368
-0.0442247
-0.0446745
-0.045315
-0.0451978
-0.0440962
-0.0420233
-0.0390752
-0.0353662
-0.0310076
-0.0261049
-0.02076
-0.0150725
-0.00914098
-0.00306322
-0.0694814
-0.0730515
-0.0759946
-0.0779106
-0.0781229
-0.0764928
-0.0731223
-0.06819
-0.0618857
-0.0543929
-0.0458912
-0.0365598
-0.0265798
-0.0161345
-0.00540932
-0.100611
-0.102328
-0.108042
-0.111702
-0.112341
-0.110108
-0.105316
-0.0982677
-0.0892389
-0.0784853
-0.0662585
-0.0528137
-0.0384129
-0.0233242
-0.00782093
-0.11072
-0.128851
-0.141535
-0.147609
-0.148573
-0.145515
-0.139089
-0.129735
-0.117802
-0.10361
-0.0874786
-0.069737
-0.0507276
-0.0308044
-0.0103296
-0.102453
-0.159181
-0.179644
-0.187088
-0.187623
-0.183282
-0.174915
-0.163009
-0.147948
-0.130094
-0.109826
-0.0875477
-0.063682
-0.0386707
-0.0129674
-0.197108
-0.214726
-0.226827
-0.231395
-0.230088
-0.223868
-0.21322
-0.198498
-0.180051
-0.158268
-0.133582
-0.106469
-0.0774382
-0.0470214
-0.0157672
-0.257553
-0.274142
-0.27928
-0.279818
-0.276003
-0.267558
-0.254382
-0.236597
-0.214492
-0.188474
-0.159036
-0.126733
-0.0921643
-0.0559583
-0.0187631
-0.368463
-0.341565
-0.334977
-0.331309
-0.325175
-0.314567
-0.298776
-0.277726
-0.251675
-0.221075
-0.186495
-0.148582
-0.108036
-0.0655873
-0.0219905
-0.412457
-0.394947
-0.388704
-0.384564
-0.377501
-0.365216
-0.34686
-0.32236
-0.292045
-0.256461
-0.216285
-0.172273
-0.125237
-0.0760198
-0.0254865
-0.444123
-0.440581
-0.441035
-0.439907
-0.43351
-0.420124
-0.399252
-0.371071
-0.336105
-0.295061
-0.248757
-0.19808
-0.143963
-0.0873724
-0.0292902
-0.468984
-0.48352
-0.494537
-0.498973
-0.494431
-0.480278
-0.456764
-0.424535
-0.384419
-0.337341
-0.284287
-0.22629
-0.164419
-0.0997675
-0.0334421
-0.509018
-0.528989
-0.552687
-0.564342
-0.562092
-0.546987
-0.520376
-0.48352
-0.437607
-0.383801
-0.323271
-0.257206
-0.186818
-0.113332
-0.0379846
-0.503337
-0.57196
-0.619285
-0.639442
-0.638751
-0.621745
-0.591153
-0.548841
-0.496317
-0.434961
-0.366121
-0.291143
-0.211381
-0.128198
-0.042961
-0.410263
-0.629812
-0.704837
-0.729101
-0.726818
-0.705999
-0.670126
-0.621303
-0.5612
-0.491352
-0.41326
-0.32842
-0.238333
-0.144498
-0.0484158
-0.734602
-0.788126
-0.825736
-0.837283
-0.827841
-0.800774
-0.75815
-0.701652
-0.632895
-0.553502
-0.465109
-0.369361
-0.267901
-0.162367
-0.0543935
-0.924301
-0.957608
-0.964841
-0.960138
-0.941191
-0.906424
-0.855873
-0.790569
-0.712021
-0.621936
-0.522092
-0.414287
-0.30031
-0.18194
-0.0609385
-1.25689
-1.14534
-1.11236
-1.09299
-1.06562
-1.02311
-0.963907
-0.888743
-0.799206
-0.697181
-0.58463
-0.463517
-0.335785
-0.203346
-0.0680943
-1.36563
-1.27866
-1.25054
-1.23152
-1.20067
-1.15146
-1.08309
-0.996958
-0.895112
-0.779771
-0.653138
-0.517363
-0.37454
-0.226715
-0.0759029
-1.38444
-1.37129
-1.38256
-1.37836
-1.34859
-1.29318
-1.21469
-1.11614
-1.00044
-0.870237
-0.72802
-0.576121
-0.416779
-0.252165
-0.0844036
-1.32775
-1.44713
-1.52547
-1.54308
-1.51442
-1.45101
-1.36028
-1.24731
-1.11587
-0.969082
-0.809648
-0.640064
-0.462691
-0.279805
-0.0936328
-1.02476
-1.55163
-1.71071
-1.74004
-1.70449
-1.62789
-1.5214
-1.39134
-1.24202
-1.07674
-0.898345
-0.709429
-0.512438
-0.309734
-0.103622
-1.77927
-1.91171
-1.98618
-1.98217
-1.92316
-1.82562
-1.69893
-1.54882
-1.37929
-1.19353
-0.994368
-0.784412
-0.56616
-0.342032
-0.114399
-2.20221
-2.31221
-2.31631
-2.26262
-2.16871
-2.04365
-1.89279
-1.71983
-1.52786
-1.31966
-1.0979
-0.865163
-0.623966
-0.376767
-0.125986
-2.89663
-2.78644
-2.68671
-2.57113
-2.43599
-2.27968
-2.10203
-1.90409
-1.68772
-1.45522
-1.20906
-0.951794
-0.685939
-0.413989
-0.1384
-3.38505
-3.25363
-3.06828
-2.89335
-2.71804
-2.53059
-2.32541
-2.10118
-1.85881
-1.60027
-1.32795
-1.04439
-0.752141
-0.453735
-0.151653
-4.36059
-3.75848
-3.44277
-3.21595
-3.00861
-2.79386
-2.56206
-2.31088
-2.04114
-1.75488
-1.45463
-1.143
-0.822614
-0.49603
-0.165752
-4.6197
-4.06465
-3.75568
-3.52513
-3.30438
-3.06901
-2.81217
-2.53348
-2.23493
-1.91921
-1.5892
-1.24768
-0.897377
-0.540879
-0.1807
-4.48956
-4.2001
-4.01425
-3.82758
-3.61032
-3.3591
-3.07743
-2.76986
-2.44061
-2.09345
-1.73172
-1.35844
-0.976421
-0.588271
-0.196491
-4.18709
-4.26375
-4.27347
-4.15132
-3.93985
-3.67033
-3.36067
-3.02124
-2.65869
-2.27776
-1.88221
-1.47524
-1.05969
-0.638164
-0.21311
-3.03789
-4.37396
-4.62431
-4.5371
-4.30966
-4.00941
-3.66451
-3.28862
-2.88946
-2.47216
-2.04059
-1.59796
-1.14708
-0.690482
-0.230531
-5.18019
-5.23816
-5.20955
-5.02021
-4.72994
-4.37943
-3.9898
-3.57207
-3.13275
-2.67639
-2.20656
-1.72634
-1.23838
-0.7451
-0.248709
-6.25871
-6.16245
-5.90634
-5.57332
-5.19194
-4.7765
-4.33448
-3.87039
-3.38778
-2.88986
-2.37968
-1.86001
-1.33332
-0.801841
-0.267585
-7.87843
-7.19765
-6.65639
-6.15985
-5.67741
-5.19188
-4.69433
-4.18144
-3.6533
-3.11176
-2.5593
-1.99846
-1.43151
-0.860466
-0.287077
-8.91998
-8.13577
-7.37515
-6.73635
-6.1648
-5.61538
-5.06461
-4.50287
-3.92797
-3.34111
-2.74465
-2.14105
-1.53247
-0.920665
-0.30708
-10.9017
-9.05719
-8.00901
-7.26585
-6.63648
-6.03957
-5.44223
-4.83319
-4.21076
-3.577
-2.93484
-2.287
-1.63557
-0.982048
-0.327458
-11.1848
-9.42517
-8.43065
-7.71592
-7.08521
-6.46377
-5.82761
-5.17246
-4.5012
-3.81855
-3.12887
-2.43534
-1.74005
-1.04411
-0.348039
-10.1038
-9.26128
-8.65747
-8.10719
-7.527
-6.89786
-6.22576
-5.52248
-4.79921
-4.06481
-3.32543
-2.58483
-1.84488
-1.10621
-0.368603
-9.01435
-8.93098
-8.84654
-8.5187
-8.00216
-7.36146
-6.64516
-5.88586
-5.10454
-4.31427
-3.5227
-2.73374
-1.94875
-1.16752
-0.388868
-5.87616
-8.60075
-9.20397
-9.06073
-8.56279
-7.87724
-7.09405
-6.26402
-5.41559
-4.56429
-3.71798
-2.87977
-2.04993
-1.22697
-0.408478
-9.0067
-9.74293
-10.079
-9.84851
-9.25284
-8.46043
-7.57515
-6.65447
-5.72814
-4.81049
-3.90738
-3.01985
-2.14621
-1.28327
-0.427001
-10.2049
-11.162
-11.3466
-10.8892
-10.0785
-9.10752
-8.08043
-7.04839
-6.03418
-5.04622
-4.0857
-3.1501
-2.23497
-1.33487
-0.443932
-10.9813
-13.1164
-13.0589
-12.1741
-11.0145
-9.7928
-8.58858
-7.42938
-6.32149
-5.26251
-4.24646
-3.26597
-2.31316
-1.38005
-0.458709
-15.0638
-16.5918
-15.3449
-13.6486
-11.9929
-10.4651
-9.06478
-7.77411
-6.57432
-5.44857
-4.38223
-3.36241
-2.37753
-1.41697
-0.470742
-28.5441
-21.9928
-17.942
-15.0936
-12.8814
-11.0483
-9.46409
-8.05506
-6.77516
-5.59297
-4.48542
-3.4344
-2.4249
-1.44386
-0.47946
0.487752
1.46937
2.46964
3.50199
4.58155
5.72616
6.95806
8.30666
9.81385
11.5441
13.6056
16.2004
19.7643
25.4081
36.6014
0.487222
1.4682
2.4691
3.50432
4.59015
5.74584
6.99544
8.37058
9.91535
11.6946
13.8084
16.4162
19.7721
24.2198
29.7858
0.480108
1.44695
2.43399
3.45574
4.52843
5.671
6.90645
8.26386
9.78129
11.5095
13.5156
15.882
18.6861
21.91
25.1588
0.466318
1.40538
2.36394
3.35588
4.39638
5.50264
6.69466
7.99615
9.43543
11.0454
12.8609
14.9079
17.1787
19.5725
21.8069
0.446066
1.34416
2.26032
3.20715
4.19813
5.24791
6.37256
7.58967
8.91786
10.375
11.9731
13.7088
15.5467
17.393
19.0804
0.419811
1.26477
2.12581
3.01397
3.94066
4.91771
5.95723
7.07118
8.27035
9.56212
10.9459
12.406
13.9043
15.37
16.7038
0.388187
1.16917
1.96401
2.78199
3.63243
4.52448
5.46677
6.46674
7.52959
8.6563
9.8404
11.0635
12.2923
13.4765
14.5545
0.351926
1.05964
1.7789
2.51731
3.28221
4.08045
4.91789
5.79873
6.72453
7.69284
8.69517
9.71445
10.7241
11.6886
12.5678
0.311783
0.938485
1.57453
2.22593
2.89834
3.59671
4.32485
5.08481
5.8761
6.69477
7.53227
8.3742
9.20017
9.985
10.7017
0.268486
0.807925
1.35469
1.91342
2.48831
3.08284
3.69939
4.33869
4.99928
5.67688
6.36387
7.0487
7.71609
8.34812
8.92627
0.222699
0.669973
1.1228
1.58463
2.0585
2.54677
3.05083
3.57071
4.10465
4.64875
5.19668
5.73954
6.26613
6.76375
7.21959
0.175012
0.526398
0.88181
1.24371
1.61419
1.9948
2.3863
2.78839
3.19944
3.61625
4.03393
4.44594
4.84431
5.22025
5.56501
0.125938
0.378733
0.634239
0.89409
1.15964
1.43185
1.71109
1.99699
2.28827
2.5826
2.87654
3.16561
3.44451
3.70748
3.94883
0.0759246
0.228305
0.382246
0.538678
0.698358
0.861795
1.02915
1.20015
1.37399
1.54924
1.72387
1.8953
2.06048
2.21613
2.35906
-32265.5
-32196.6
-32127.8
-32059.3
-31991.2
-31923.5
-31856.4
-31790.1
-31724.5
-31659.9
-31596.4
-31534
-31472.9
-31413.2
-31355.1
51.0885
5.60648
63.4835
21.9051
62.171
31.2616
1.79352
39.4206
4.87769
55.6567
23.7061
52.1128
27.5074
46.3143
29.1071
13.316
30.2232
13.0021
35.0128
19.9258
30.8825
20.4584
11.0709
19.5931
9.71499
18.2178
8.50591
19.895
11.4903
16.9914
11.086
5.69649
10.0734
4.29027
8.93333
3.04632
9.77438
4.45882
7.88985
3.92345
0.149972
3.06614
-1.28472
2.20965
-2.61316
3.14386
-1.63899
1.76092
-2.47284
0.257575
-3.3406
-7.06518
-3.95733
-8.80025
-2.95193
-8.11975
-4.35006
-8.92187
-13.7428
-9.96524
-16.462
-10.8361
-19.0714
-8.3616
-17.3628
-9.91
-18.0734
-26.8767
-18.962
-31.3277
-19.1146
-35.2576
-12.0027
-29.8986
-12.5788
-28.721
-46.192
-27.2013
-52.0194
-23.5351
-55.674
-4.70598
-39.4324
-1.62279
-31.2463
-62.3181
-21.8247
-63.6194
-5.32328
-50.997
32.8788
27.149
36.4405
32.0341
36.8035
29.2492
21.9355
26.7115
23.8244
33.0979
30.6012
34.7544
31.0851
32.1895
27.1184
22.281
23.413
20.9503
24.0774
21.8627
22.3072
19.0009
15.7406
15.6956
13.6002
14.1508
12.591
13.9766
12.4955
12.4289
10.3619
8.32546
8.04487
6.64409
6.7574
5.66861
6.35158
5.29394
5.12896
3.65266
2.17584
1.88293
0.7843
0.827
-0.0655027
0.540393
-0.349139
-0.322885
-1.41034
-1.7277
-3.16367
-4.59875
-4.82626
-5.88282
-5.41909
-6.55641
-6.79418
-8.57597
-10.4481
-10.8756
-12.4812
-12.3483
-13.7877
-12.5846
-14.2582
-14.2709
-17.1791
-20.2554
-20.5131
-23.0538
-22.0177
-24.1324
-20.6829
-23.1487
-21.9438
-26.8552
-32.0072
-30.9071
-34.6298
-30.4917
-33.0299
-23.74
-26.6577
-21.8666
-29.2217
-36.8135
-32.0097
-36.4242
-27.0501
-32.7979
26.9651
27.0571
29.1181
28.946
29.1779
26.8861
24.6644
25.0336
25.2559
27.485
27.9175
28.6583
27.7864
26.9559
24.7913
22.6478
21.7779
20.8477
20.8336
19.9698
19.133
17.4767
15.7795
14.7506
13.6749
13.1227
12.4345
12.187
11.464
10.7476
9.5942
8.42613
7.62968
6.81771
6.31279
5.73974
5.43578
4.84401
4.25683
3.3829
2.49685
1.86002
1.20971
0.7911
0.324387
0.0905646
-0.377922
-0.802701
-1.4567
-2.10203
-2.98814
-3.87154
-4.50157
-5.15499
-5.58085
-6.28864
-7.01506
-8.10038
-9.23405
-10.0904
-11.0042
-11.5969
-12.3096
-12.665
-13.5455
-14.4619
-16.043
-17.6933
-18.7766
-19.9309
-20.383
-21.019
-20.8437
-21.6833
-22.499
-24.6413
-26.8236
-27.6658
-28.5575
-27.8315
-27.4151
-25.1915
-24.9798
-24.6159
-26.852
-29.1545
-28.916
-29.0803
-26.9977
-26.9026
23.2803
24.1266
25.0076
25.2729
25.1829
24.4187
23.6589
23.564
23.7948
24.4568
24.7872
24.8825
24.4261
23.6415
22.4326
21.179
20.2286
19.4247
18.8127
18.0376
17.1385
16.011
14.856
13.8726
12.9954
12.2904
11.6437
11.0822
10.4236
9.69573
8.84805
7.99192
7.23713
6.54939
5.96657
5.42365
4.93474
4.38782
3.79795
3.13081
2.45911
1.85665
1.30151
0.824531
0.378962
-0.0212451
-0.469552
-0.952331
-1.51549
-2.12961
-2.81659
-3.50936
-4.14341
-4.75509
-5.33682
-5.99428
-6.71934
-7.55549
-8.41985
-9.22263
-9.9901
-10.6731
-11.3461
-11.9895
-12.781
-13.696
-14.807
-15.9478
-16.9378
-17.8188
-18.4829
-19.0733
-19.5419
-20.2509
-21.1424
-22.3683
-23.5681
-24.3514
-24.8124
-24.7233
-24.3998
-23.743
-23.5178
-23.6178
-24.3835
-25.1512
-25.2391
-24.9688
-24.08
-23.2297
20.3037
21.1439
21.7814
22.1088
22.1562
21.9425
21.6937
21.623
21.7107
21.9043
21.9935
21.8996
21.5368
20.9372
20.1369
19.2725
18.4675
17.7245
17.0264
16.2835
15.4726
14.585
13.6849
12.8417
12.0682
11.374
10.7306
10.1173
9.48337
8.81677
8.11437
7.41209
6.74828
6.13024
5.56317
5.03004
4.5175
3.99375
3.45056
2.88545
2.32181
1.7852
1.28079
0.812738
0.368222
-0.0637903
-0.511546
-0.986251
-1.50094
-2.0524
-2.63688
-3.23197
-3.81775
-4.39865
-4.98407
-5.60296
-6.26405
-6.97047
-7.69486
-8.4063
-9.09813
-9.76437
-10.4258
-11.1013
-11.8389
-12.6483
-13.5282
-14.4197
-15.2565
-16.019
-16.6891
-17.3029
-17.8935
-18.5552
-19.3034
-20.1318
-20.9113
-21.4999
-21.8581
-21.951
-21.8628
-21.6709
-21.5855
-21.6586
-21.9095
-22.124
-22.0752
-21.7449
-21.1036
-20.2605
17.7158
18.4501
18.9989
19.3446
19.5025
19.5138
19.4693
19.4508
19.4714
19.4997
19.4612
19.302
18.9866
18.5201
17.9317
17.2792
16.6156
15.9586
15.3035
14.6265
13.9164
13.1764
12.4315
11.7102
11.0264
10.3841
9.77397
9.18219
8.59019
7.9894
7.38061
6.77696
6.19362
5.6378
5.11101
4.60696
4.11656
3.62781
3.13492
2.6381
2.14569
1.66745
1.20782
0.767118
0.339557
-0.0835879
-0.514649
-0.962523
-1.43338
-1.92763
-2.44191
-2.96804
-3.49916
-4.03575
-4.58318
-5.15095
-5.74358
-6.35965
-6.98862
-7.61831
-8.24306
-8.86252
-9.48524
-10.1234
-10.7931
-11.4987
-12.2327
-12.9698
-13.6815
-14.3518
-14.9753
-15.5649
-16.1415
-16.7337
-17.3474
-17.9639
-18.5277
-18.9782
-19.2836
-19.4371
-19.4726
-19.443
-19.422
-19.4405
-19.485
-19.4732
-19.3138
-18.9662
-18.415
-17.6789
15.3928
16.0205
16.5063
16.8478
17.0574
17.1626
17.2048
17.2199
17.2188
17.1888
17.1006
16.9271
16.6521
16.2768
15.8172
15.3007
14.7531
14.1889
13.6112
13.0163
12.4025
11.7743
11.1437
10.5242
9.92447
9.3477
8.79081
8.24732
7.70964
7.17355
6.63952
6.11268
5.59941
5.10367
4.62622
4.16436
3.71338
3.268
2.82507
2.38453
1.9493
1.52304
1.10769
0.702693
0.304639
-0.0918896
-0.493451
-0.905612
-1.33209
-1.77392
-2.22983
-2.69687
-3.17266
-3.65727
-4.15299
-4.66315
-5.18934
-5.73023
-6.28131
-6.83738
-7.39551
-7.95586
-8.52219
-9.10015
-9.69514
-10.3078
-10.9322
-11.556
-12.1654
-12.751
-13.3093
-13.8448
-14.3655
-14.8797
-15.3859
-15.8701
-16.3053
-16.6631
-16.9258
-17.0909
-17.1736
-17.2001
-17.1989
-17.1824
-17.139
-17.0327
-16.8217
-16.4785
-15.9911
-15.362
13.2624
13.7944
14.2203
14.54
14.7616
14.9009
14.9784
15.0114
15.0069
14.9609
14.8619
14.6978
14.4615
14.1541
13.7844
13.3663
12.9141
12.4381
11.9437
11.4332
10.9091
10.3757
9.84014
9.30964
8.78969
8.28283
7.78853
7.30429
6.82705
6.35498
5.8883
5.42913
4.9802
4.54344
4.11923
3.70631
3.30235
2.90479
2.51195
2.12342
1.74006
1.363
0.992684
0.628275
0.267506
-0.0929903
-0.457069
-0.828197
-1.20884
-1.60012
-2.00192
-2.41337
-2.83373
-3.26309
-3.70235
-4.15265
-4.61437
-5.08661
-5.56726
-6.05397
-6.54525
-7.04108
-7.5429
-8.05283
-8.57229
-9.10037
-9.633
-10.1634
-10.6842
-11.1895
-11.6767
-12.146
-12.5992
-13.0371
-13.456
-13.8465
-14.1943
-14.4847
-14.7082
-14.8628
-14.955
-14.996
-14.997
-14.9615
-14.8821
-14.7412
-14.5181
-14.197
-13.7697
-13.2366
11.2742
11.7201
12.0863
12.3724
12.5832
12.7272
12.815
12.8556
12.8535
12.8084
12.7159
12.5715
12.3725
12.1204
11.8204
11.4804
11.109
10.7135
10.299
9.86957
9.42861
8.98022
8.52907
8.0798
7.63604
7.19988
6.77183
6.35125
5.93712
5.52878
5.12641
4.73095
4.34362
3.96529
3.59612
3.23549
2.88221
2.53495
2.1927
1.85499
1.52182
1.1933
0.869203
0.548634
0.229982
-0.0889422
-0.410564
-0.737127
-1.07035
-1.41126
-1.76022
-2.11717
-2.482
-2.85483
-3.23602
-3.6259
-4.02446
-4.43111
-4.84477
-5.26424
-5.68869
-6.11789
-6.55218
-6.99199
-7.43722
-7.88656
-8.33712
-8.7848
-9.22513
-9.6543
-10.0697
-10.4701
-10.8546
-11.2214
-11.5667
-11.8841
-12.1652
-12.402
-12.5888
-12.7238
-12.8091
-12.8487
-12.8466
-12.8028
-12.7126
-12.5666
-12.3542
-12.0666
-11.6991
-11.2523
9.39181
9.75876
10.0656
10.3116
10.4991
10.6326
10.7177
10.7594
10.7607
10.7223
10.6433
10.5222
10.3588
10.1545
9.91283
9.63876
9.3378
9.01514
8.67521
8.32177
7.95827
7.58815
7.21486
6.84165
6.47111
6.105
5.74416
5.38877
5.03871
4.69389
4.35451
4.02104
3.69404
3.37393
3.06074
2.75413
2.45345
2.15795
1.86697
1.58006
1.29694
1.0173
0.740689
0.466284
0.192897
-0.0809592
-0.356892
-0.636413
-0.920757
-1.21078
-1.50698
-1.80959
-2.11872
-2.43451
-2.75711
-3.0866
-3.42285
-3.76546
-4.11382
-4.46723
-4.82514
-5.18722
-5.55327
-5.92305
-6.29593
-6.67059
-7.04494
-7.41625
-7.78156
-8.13814
-8.48371
-8.81643
-9.13451
-9.43564
-9.71647
-9.97253
-10.1986
-10.3899
-10.5426
-10.655
-10.7272
-10.7601
-10.7546
-10.7095
-10.6218
-10.4861
-10.2969
-10.0495
-9.74147
-9.37359
7.5888
7.88232
8.13084
8.33343
8.49102
8.60597
8.68126
8.71974
8.72346
8.6934
8.6298
8.53274
8.40274
8.24129
8.05088
7.83486
7.59696
7.3409
7.07015
6.78786
6.49694
6.20016
5.90016
5.5993
5.29952
5.00227
4.70843
4.41848
4.13265
3.8511
3.57404
3.30176
3.03456
2.77261
2.51591
2.26425
2.01726
1.77447
1.53544
1.29976
1.06708
0.837011
0.609056
0.38253
0.156548
-0.0699268
-0.297992
-0.528692
-0.762919
-1.00135
-1.24447
-1.49255
-1.74579
-2.00433
-2.26822
-2.53749
-2.81198
-3.09144
-3.37547
-3.66361
-3.95546
-4.25063
-4.54876
-4.84938
-5.15174
-5.4547
-5.7567
-6.05583
-6.35
-6.63718
-6.91543
-7.18297
-7.43792
-7.6781
-7.90083
-8.10294
-8.28101
-8.43184
-8.5529
-8.64259
-8.70019
-8.72542
-8.71784
-8.67624
-8.59846
-8.4815
-8.32228
-8.11838
-7.86881
-7.57447
5.8454
6.06966
6.26114
6.41893
6.5433
6.63539
6.69679
6.72917
6.73387
6.71182
6.66362
6.58981
6.49119
6.36903
6.22515
6.06185
5.88169
5.68731
5.48126
5.26597
5.04369
4.81652
4.58643
4.35515
4.12413
3.89447
3.66698
3.44217
3.22035
3.00178
2.78666
2.57518
2.3675
2.16372
1.96383
1.76768
1.57504
1.38562
1.1991
1.01516
0.833481
0.653702
0.475389
0.29801
0.120922
-0.0565958
-0.235295
-0.415894
-0.599025
-0.785202
-0.974807
-1.16811
-1.36528
-1.56645
-1.77165
-1.98087
-2.19401
-2.41087
-2.63119
-2.85467
-3.08097
-3.30976
-3.54064
-3.77314
-4.00657
-4.24005
-4.47242
-4.70231
-4.92826
-5.14873
-5.36223
-5.56722
-5.76212
-5.94514
-6.11427
-6.26728
-6.40186
-6.51586
-6.60749
-6.67544
-6.71879
-6.73689
-6.72898
-6.69401
-6.63051
-6.53673
-6.41099
-6.2521
-6.05975
-5.83483
4.14569
4.30377
4.43948
4.5521
4.64161
4.70853
4.75368
4.77801
4.78238
4.7675
4.73393
4.68227
4.61322
4.52776
4.42714
4.31289
4.1867
4.05034
3.90556
3.75404
3.59737
3.43704
3.27439
3.11063
2.94676
2.78358
2.62171
2.46157
2.30345
2.14757
1.9941
1.84318
1.6949
1.54932
1.40642
1.26611
1.12825
0.992648
0.859091
0.727351
0.597181
0.468303
0.340396
0.213078
0.0859129
-0.0415771
-0.169884
-0.29948
-0.43079
-0.564167
-0.699889
-0.838159
-0.979118
-1.12285
-1.26939
-1.41873
-1.57079
-1.72544
-1.88251
-2.04179
-2.20304
-2.36599
-2.53033
-2.69566
-2.86146
-3.0271
-3.19177
-3.35455
-3.51443
-3.67036
-3.82125
-3.96598
-4.10335
-4.23209
-4.3508
-4.45797
-4.55212
-4.63183
-4.69589
-4.74332
-4.77334
-4.78531
-4.77856
-4.7523
-4.70558
-4.6374
-4.54687
-4.43343
-4.29707
-4.1385
2.47586
2.56989
2.65088
2.71837
2.77228
2.81281
2.84037
2.85542
2.85846
2.84991
2.83016
2.79962
2.75877
2.7082
2.64867
2.58104
2.5063
2.42545
2.33953
2.24951
2.15634
2.0609
1.96398
1.86629
1.76843
1.67088
1.57401
1.47811
1.38338
1.28995
1.19795
1.10744
1.0185
0.931134
0.845344
0.761079
0.678258
0.596776
0.516507
0.437315
0.359046
0.281528
0.204565
0.127929
0.0513665
-0.0253964
-0.102639
-0.180632
-0.259618
-0.339805
-0.42136
-0.504408
-0.589036
-0.675298
-0.763216
-0.852778
-0.943944
-1.03664
-1.13077
-1.2262
-1.32279
-1.42037
-1.51873
-1.61763
-1.71674
-1.81568
-1.91397
-2.01108
-2.10642
-2.19935
-2.28924
-2.37539
-2.45708
-2.53354
-2.60395
-2.66744
-2.72316
-2.77031
-2.80818
-2.83615
-2.85375
-2.86051
-2.85601
-2.83977
-2.81125
-2.76994
-2.71541
-2.64742
-2.56604
-2.47172
-31303.2
-31257.3
-31212.5
-31169
-31126.8
-31086
-31046.4
-31008.2
-30971.3
-30935.8
-30901.7
-30868.8
-30837.4
-30807.2
-30778.3
-30750.6
-30724.2
-30698.9
-30674.8
-30651.8
-30629.9
-30609
-30589.1
-30570.1
-30552
-30534.7
-30518.2
-30502.5
-30487.5
-30473.1
-30459.3
-30446.1
-30433.5
-30421.3
-30409.5
-30398.2
-30387.2
-30376.5
-30366.2
-30356
-30346.1
-30336.4
-30326.8
-30317.2
-30307.8
-30298.3
-30288.9
-30279.4
-30269.8
-30260.1
-30250.3
-30240.2
-30229.9
-30219.3
-30208.5
-30197.2
-30185.5
-30173.4
-30160.8
-30147.7
-30134
-30119.7
-30104.7
-30088.9
-30072.5
-30055.2
-30037
-30017.9
-29997.9
-29976.9
-29954.9
-29931.8
-29907.5
-29882.1
-29855.5
-29827.6
-29798.5
-29768.1
-29736.4
-29703.4
-29669.1
-29633.3
-29596.3
-29557.9
-29518.1
-29477
-29434.6
-29390.9
-29346
-29299.9
-36.5469
-25.327
-19.6781
-16.1176
-13.529
-11.4753
-9.75286
-8.25343
-6.91248
-5.68809
-4.55075
-3.47825
-2.45278
-1.45929
-0.484395
-29.7187
-24.1492
-19.6999
-16.3457
-13.7422
-11.6341
-9.86103
-8.32267
-6.95407
-5.71105
-4.56188
-3.48246
-2.45354
-1.45889
-0.484121
-25.0979
-21.8484
-18.6244
-15.8215
-13.4583
-11.4566
-9.73332
-8.22115
-6.86928
-5.63955
-4.50276
-3.43583
-2.4198
-1.43845
-0.477276
-21.7547
-19.5195
-17.1257
-14.8561
-12.8114
-10.9994
-9.39331
-7.95836
-6.66154
-5.47448
-4.37331
-3.33794
-2.35114
-1.3977
-0.46376
-19.0353
-17.3471
-15.501
-13.6642
-11.9302
-10.3349
-8.88108
-7.55648
-6.34332
-5.22292
-4.17759
-3.19115
-2.24889
-1.3373
-0.443779
-16.6654
-15.3308
-13.8652
-12.3678
-10.9091
-9.52769
-8.23858
-7.04231
-5.93163
-4.89575
-3.92257
-2.99987
-2.11573
-1.25871
-0.417792
-14.5226
-13.4439
-12.2596
-11.0313
-9.80936
-8.62704
-7.50231
-6.44175
-5.44452
-4.50537
-3.61669
-2.76972
-1.95524
-1.16391
-0.386433
-12.541
-11.6611
-10.6965
-9.68723
-8.66882
-7.6678
-6.70105
-5.7772
-4.89877
-4.06407
-3.26875
-2.50682
-1.77141
-1.05514
-0.350428
-10.6789
-9.9617
-9.17676
-8.3511
-7.50989
-6.67346
-5.85615
-5.06661
-4.30877
-3.58299
-2.88707
-2.21714
-1.56823
-0.934702
-0.310523
-8.90732
-8.32875
-7.69665
-7.02954
-6.34533
-5.65926
-4.98285
-4.3238
-3.68628
-3.07166
-2.4791
-1.90621
-1.34951
-0.804799
-0.267439
-7.20462
-6.7484
-6.25071
-5.72435
-5.18199
-4.63481
-4.09172
-3.55901
-3.04053
-2.53795
-2.0512
-1.57889
-1.11866
-0.667465
-0.221857
-5.5539
-5.20881
-4.8328
-4.43458
-4.02294
-3.60583
-3.18978
-2.77965
-2.37857
-1.98815
-1.60866
-1.23933
-0.878643
-0.524479
-0.17437
-3.94125
-3.69964
-3.4366
-3.15779
-2.86896
-2.57541
-2.2816
-1.99093
-1.70571
-1.4272
-1.15575
-0.891003
-0.631997
-0.377372
-0.125483
-2.35468
-2.21157
-2.05585
-1.89072
-1.71943
-1.54501
-1.37006
-1.19657
-1.02596
-0.859027
-0.696039
-0.536837
-0.380911
-0.227495
-0.0756524
-29247.8
-29189.4
-29129.5
-29068.2
-29005.7
-28941.9
-28877.1
-28811.3
-28744.8
-28677.5
-28609.7
-28541.3
-28472.6
-28403.7
-28334.6
)
;

boundaryField
{
    hot
    {
        type            calculated;
        value           nonuniform List<scalar> 
120
(
32266.2
-0.0729326
-0.121128
-0.168657
-0.21517
-0.260259
-0.30343
-0.344087
-0.381568
-0.415154
-0.444108
-0.46774
-0.485483
-0.496971
-0.502105
-0.501628
-0.496795
-0.488359
-0.476782
-0.462562
-0.446197
-0.428156
-0.408864
-0.388694
-0.367964
-0.346952
-0.325898
-0.305012
-0.284479
-0.264457
-0.24508
-0.226454
-0.208661
-0.19176
-0.175788
-0.160765
-0.146694
-0.133565
-0.121356
-0.110037
-0.0995691
-0.0899104
-0.0810153
-0.0728372
-0.0653294
-0.0584457
-0.0521403
-0.0463683
-0.0410852
-0.0362476
-0.0318127
-0.0277393
-0.0239871
-0.0205175
-0.0172932
-0.014278
-0.0114366
-0.0087347
-0.0061385
-0.0036146
-0.00112994
0.00134845
0.0038535
0.00641835
0.00907651
0.0118621
0.0148101
0.0179564
0.0213382
0.0249938
0.0289625
0.0332849
0.0380022
0.0431563
0.0487895
0.0549446
0.0616643
0.0689912
0.0769671
0.085632
0.0950235
0.105175
0.116116
0.12787
0.140456
0.153887
0.168171
0.183309
0.199294
0.216109
0.233724
0.252093
0.271151
0.290812
0.310964
0.331469
0.352148
0.372775
0.393066
0.412662
0.431133
0.447974
0.462626
0.474504
0.483039
0.487752
0.487222
0.480108
0.466318
0.446066
0.419811
0.388187
0.351926
0.311783
0.268486
0.222699
0.175012
0.125938
0.0759246
-32265.5
)
;
    }
    cold
    {
        type            calculated;
        value           nonuniform List<scalar> 
120
(
28334.4
0.0740055
0.122756
0.170592
0.217079
0.261723
0.303961
0.343161
0.378636
0.409676
0.435604
0.45584
0.469976
0.477843
0.479556
0.476284
0.469349
0.459293
0.446623
0.431845
0.415433
0.397808
0.379324
0.360279
0.340914
0.321436
0.30202
0.28282
0.263972
0.245596
0.227792
0.210642
0.19421
0.178545
0.163679
0.149635
0.136421
0.124042
0.112489
0.101748
0.0917954
0.0826035
0.0741374
0.066359
0.0592276
0.0527011
0.0467368
0.0412916
0.0363229
0.0317881
0.0276453
0.0238532
0.0203717
0.0171615
0.0141847
0.0114047
0.00878598
0.00629407
0.00389555
0.00155777
-0.000751297
-0.00306322
-0.00540932
-0.00782093
-0.0103296
-0.0129674
-0.0157672
-0.0187631
-0.0219905
-0.0254865
-0.0292902
-0.0334421
-0.0379846
-0.042961
-0.0484158
-0.0543935
-0.0609385
-0.0680943
-0.0759029
-0.0844036
-0.0936328
-0.103622
-0.114399
-0.125986
-0.1384
-0.151653
-0.165752
-0.1807
-0.196491
-0.21311
-0.230531
-0.248709
-0.267585
-0.287077
-0.30708
-0.327458
-0.348039
-0.368603
-0.388868
-0.408478
-0.427001
-0.443932
-0.458709
-0.470742
-0.47946
-0.484395
-0.484121
-0.477276
-0.46376
-0.443779
-0.417792
-0.386433
-0.350428
-0.310523
-0.267439
-0.221857
-0.17437
-0.125483
-0.0756524
-28334.6
)
;
    }
    interface_left
    {
        type            calculated;
        value           nonuniform List<scalar> 
90
(
-28.96
-18.2965
-14.8619
-13.5478
-11.881
-7.49657
-11.3845
-12.6827
-13.8233
-13.3901
-10.8303
-9.50243
-7.46617
-6.14091
-3.5632
-4.84526
-5.15062
-5.20293
-4.84645
-3.62179
-2.90601
-1.62213
-2.05832
-2.11437
-1.99015
-1.91445
-1.82228
-1.65599
-1.20114
-0.947986
-0.525731
-0.640414
-0.64613
-0.593765
-0.56219
-0.523178
-0.468587
-0.330515
-0.255113
-0.135937
-0.152529
-0.144157
-0.11311
-0.0920499
-0.0575736
-0.033914
0.0069868
0.0253604
0.0391678
0.0896453
0.124693
0.187833
0.234599
0.326654
0.360109
0.373731
0.364673
0.291682
0.506193
0.632917
0.846088
1.00346
1.32173
1.42178
1.42446
1.35958
1.04347
1.80361
2.22941
2.92832
3.42245
4.41306
4.67779
4.55147
4.24702
3.08354
5.26017
6.35888
8.01386
9.08237
11.1228
11.4215
10.336
9.22512
6.00983
9.22695
10.4501
11.2361
15.2814
28.6197
)
;
    }
    interface_right
    {
        type            calculated;
        value           nonuniform List<scalar> 
90
(
27.6572
13.6789
8.94416
6.13159
9.19579
10.2778
11.4489
11.978
12.8352
12.3741
9.99409
8.77064
6.91891
5.70738
3.33816
4.58448
4.90861
5.04055
4.75365
3.68528
3.15269
2.40019
1.94181
1.12367
1.46477
1.53514
1.53324
1.42581
1.08307
0.913573
0.683789
0.547108
0.315416
0.394474
0.40421
0.388921
0.351934
0.249752
0.192781
0.101566
0.1113
0.102051
0.0723169
0.051112
0.0138962
-0.00958135
-0.0476368
-0.0694814
-0.100611
-0.11072
-0.102453
-0.197108
-0.257553
-0.368463
-0.412457
-0.444123
-0.468984
-0.509018
-0.503337
-0.410263
-0.734602
-0.924301
-1.25689
-1.36563
-1.38444
-1.32775
-1.02476
-1.77927
-2.20221
-2.89663
-3.38505
-4.36059
-4.6197
-4.48956
-4.18709
-3.03789
-5.18019
-6.25871
-7.87843
-8.91998
-10.9017
-11.1848
-10.1038
-9.01435
-5.87616
-9.0067
-10.2049
-10.9813
-15.0638
-28.5441
)
;
    }
    interface_top
    {
        type            calculated;
        value           nonuniform List<scalar> 
90
(
65.4636
-14.6594
85.5648
10.6582
82.2702
32.1333
-15.4917
51.0373
-12.154
74.3061
15.781
65.5353
22.4426
57.0759
29.9578
5.27448
36.1034
5.55193
43.8093
17.118
37.4049
21.1379
6.80766
22.9405
6.15792
21.6531
4.61256
24.633
10.0064
20.4647
11.4205
3.33112
11.8554
2.19246
10.8237
0.623673
12.5662
3.4221
10.0511
4.05362
-1.57271
4.20879
-3.01317
3.52786
-4.82417
5.38028
-2.89889
3.47912
-3.53183
1.91958
-3.42698
-9.02045
-2.9545
-11.211
-0.729467
-9.53322
-2.21677
-9.0521
-16.2667
-8.71838
-19.5194
-9.03796
-23.384
-4.48024
-20.0823
-6.01843
-18.4341
-31.8898
-16.638
-37.6457
-15.5544
-44.3177
-4.00063
-35.8145
-4.25617
-29.5119
-57.0322
-22.041
-65.4816
-15.5612
-74.4014
12.3997
-51.1114
15.7482
-32.1253
-82.5282
-10.5197
-85.8336
15.0961
-65.3724
)
;
    }
    interface_bottom
    {
        type            calculated;
        value           nonuniform List<scalar> 
90
(
-65.0382
7.87196
-83.0821
-27.5801
24.7357
-49.0265
18.7593
-56.4536
16.5376
-80.8565
-15.5013
-70.1953
-22.878
-60.6032
-31.0155
-4.05504
-37.7762
-4.07
-46.7023
-16.4362
-39.5895
-17.6757
-33.4403
-19.5543
-6.87471
-21.1748
-5.56677
-24.1689
-10.3206
-20.2692
-11.5358
-3.64763
-11.8896
-2.38618
-10.861
-0.755694
-12.5927
-3.49102
-10.0924
-4.0978
1.53976
-4.24363
3.01048
-3.56194
4.84358
-5.42996
2.9113
-3.51524
3.55538
-1.94648
3.45044
9.09977
2.96954
11.3129
0.717418
9.61699
2.21558
9.12843
16.4287
8.78108
19.7191
9.08653
23.6219
4.45113
20.2649
5.98267
18.5717
32.2242
16.7017
38.0368
15.5291
44.7452
3.73178
36.0386
3.91835
29.5505
57.4819
21.8206
65.9075
15.0717
74.7035
-13.3307
50.917
-16.7449
31.5814
82.4075
9.53189
85.3553
-16.7149
63.7732
)
;
    }
    defaultFaces
    {
        type            empty;
    }
}


// ************************************************************************* //
