/*--------------------------------*- C++ -*----------------------------------*\
| =========                 |                                                 |
| \\      /  F ield         | OpenFOAM: The Open Source CFD Toolbox           |
|  \\    /   O peration     | Version:  5.x                                   |
|   \\  /    A nd           | Web:      www.OpenFOAM.org                      |
|    \\/     M anipulation  |                                                 |
\*---------------------------------------------------------------------------*/
FoamFile
{
    version     2.0;
    format      ascii;
    class       volScalarField;
    location    "0.4";
    object      gradTx;
}
// * * * * * * * * * * * * * * * * * * * * * * * * * * * * * * * * * * * * * //

dimensions      [0 -1 0 1 0 0 0];

internalField   nonuniform List<scalar> 
6300
(
-67.5529
-67.4525
-67.2513
-66.9484
-66.5425
-66.0324
-65.4167
-64.6942
-63.8643
-62.9274
-61.8847
-60.7388
-59.4941
-58.1561
-56.7318
-67.6505
-67.5505
-67.3502
-67.0485
-66.6441
-66.1354
-65.5208
-64.799
-63.969
-63.0309
-61.9856
-60.8357
-59.5855
-58.2406
-56.8085
-67.845
-67.7461
-67.5476
-67.2485
-66.8471
-66.3415
-65.7296
-65.0095
-64.1796
-63.2392
-62.189
-61.0311
-59.7696
-58.4107
-56.9626
-68.1356
-68.0383
-67.8428
-67.5479
-67.1516
-66.6512
-66.044
-65.3271
-64.4981
-63.5551
-62.4979
-61.3279
-60.0492
-58.6684
-57.195
-68.5206
-68.4256
-68.2346
-67.946
-67.5572
-67.0649
-66.4653
-65.7544
-64.928
-63.983
-62.9173
-61.7314
-60.4289
-59.0172
-57.5074
-68.9977
-68.9059
-68.7211
-68.4414
-68.0635
-67.5831
-66.9954
-66.2944
-65.4742
-64.529
-63.4546
-62.2494
-60.9158
-59.4622
-57.9023
-69.5636
-69.476
-69.2997
-69.032
-68.6692
-68.206
-67.6359
-66.951
-66.1427
-65.2019
-64.1205
-62.8934
-61.521
-60.0115
-58.383
-70.2139
-70.1319
-69.9664
-69.7147
-69.3722
-68.9328
-68.3883
-67.7284
-66.9411
-66.0128
-64.9297
-63.6806
-62.261
-60.6779
-58.9544
-70.9431
-70.868
-70.7164
-70.4851
-70.1692
-69.7618
-69.2531
-68.6304
-67.8778
-66.9757
-65.9022
-64.636
-63.1623
-61.4826
-59.6253
-71.744
-71.6774
-71.5427
-71.3368
-71.0547
-70.6889
-70.2287
-69.6595
-68.9611
-68.1072
-67.0647
-65.7961
-64.2671
-62.4628
-60.4125
-72.6083
-72.5516
-72.437
-72.2615
-72.0206
-71.7071
-71.3103
-70.8146
-70.1969
-69.4243
-68.4504
-67.2139
-65.6446
-63.6865
-61.351
-73.5257
-73.4803
-73.3886
-73.2483
-73.0559
-72.8053
-72.4876
-72.0883
-71.5844
-70.9396
-70.0955
-68.9616
-67.4083
-65.2851
-62.5185
-74.4851
-74.452
-74.3853
-74.2838
-74.1457
-73.9673
-73.7431
-73.4629
-73.1094
-72.6507
-72.027
-71.1257
-69.7391
-67.5245
-64.1003
-75.4739
-75.4536
-75.4131
-75.3525
-75.2721
-75.1717
-75.0507
-74.9073
-74.736
-74.523
-74.2327
-73.7719
-72.8949
-70.9707
-66.6302
-76.4793
-76.4717
-76.4572
-76.4374
-76.4147
-76.3928
-76.377
-76.3756
-76.4004
-76.469
-76.6053
-76.8308
-77.0942
-76.8292
-72.2596
-55.3602
-54.0591
-52.7141
-51.3302
-49.9121
-48.4644
-46.9915
-45.4979
-43.9882
-42.4672
-40.94
-39.4121
-37.8893
-36.3774
-34.8823
-33.4095
-31.9646
-30.5525
-29.1777
-27.8443
-26.5558
-25.3152
-24.1253
-22.9879
-21.9049
-20.8773
-19.906
-18.9912
-18.133
-17.3312
-16.5853
-15.8944
-15.2579
-14.6746
-14.1436
-13.6637
-13.2341
-12.8535
-12.5212
-12.2363
-11.998
-11.8057
-11.6588
-11.5569
-11.4999
-11.4876
-11.5201
-11.5977
-11.7208
-11.8899
-12.1057
-12.3689
-12.6803
-13.0407
-13.451
-13.9121
-14.4248
-14.99
-15.6084
-16.2807
-17.0076
-17.7896
-18.627
-19.5202
-20.4692
-21.474
-22.5342
-23.6491
-24.8178
-26.039
-27.3109
-28.6315
-29.9984
-31.4086
-32.8588
-34.3453
-35.8637
-37.4094
-38.9772
-40.5618
-42.1574
-43.758
-45.3574
-46.9492
-48.5267
-50.0832
-51.6115
-53.1043
-54.5545
-55.9551
-55.4292
-54.1211
-52.7692
-51.3786
-49.9541
-48.5001
-47.021
-45.521
-44.0045
-42.4762
-40.9413
-39.4053
-37.8742
-36.354
-34.8508
-33.3705
-31.9185
-30.5
-29.1194
-27.7809
-26.4881
-25.2439
-24.0509
-22.9113
-21.8266
-20.7979
-19.8261
-18.9113
-18.0535
-17.2524
-16.5075
-15.8179
-15.1827
-14.601
-14.0714
-13.5931
-13.1649
-12.7857
-12.4546
-12.1708
-11.9334
-11.7418
-11.5954
-11.4939
-11.437
-11.4246
-11.4568
-11.5338
-11.6561
-11.8243
-12.039
-12.3011
-12.6112
-12.9704
-13.3795
-13.8393
-14.3509
-14.915
-15.5324
-16.2038
-16.9299
-17.7113
-18.5483
-19.4413
-20.3905
-21.3958
-22.4569
-23.5732
-24.7438
-25.9673
-27.2421
-28.5662
-29.9371
-31.3521
-32.8077
-34.3001
-35.8252
-37.3781
-38.9537
-40.5464
-42.1504
-43.7597
-45.3682
-46.9694
-48.5567
-50.1232
-51.6616
-53.1647
-54.6248
-56.0348
-55.5675
-54.245
-52.8791
-51.4751
-50.0378
-48.5716
-47.0803
-45.5676
-44.0377
-42.4949
-40.9444
-39.392
-37.844
-36.3069
-34.7873
-33.2915
-31.8253
-30.3938
-29.0018
-27.6532
-26.3516
-25.1001
-23.9012
-22.757
-21.6691
-20.6384
-19.6656
-18.7508
-17.8939
-17.0944
-16.3516
-15.6646
-15.0323
-14.4536
-13.9272
-13.4519
-13.0266
-12.6501
-12.3215
-12.0399
-11.8044
-11.6143
-11.4691
-11.3683
-11.3116
-11.2989
-11.3303
-11.4062
-11.5269
-11.6932
-11.9058
-12.1655
-12.4732
-12.8298
-13.2364
-13.6937
-14.2029
-14.7647
-15.3801
-16.0497
-16.7743
-17.5544
-18.3906
-19.2832
-20.2326
-21.2388
-22.3017
-23.4206
-24.5948
-25.8231
-27.1037
-28.4347
-29.8138
-31.2381
-32.7044
-34.2089
-35.7474
-37.3149
-38.906
-40.515
-42.1359
-43.7628
-45.3894
-47.0094
-48.6162
-50.2029
-51.7621
-53.2859
-54.7664
-56.1956
-55.7753
-54.4302
-53.0427
-51.6186
-50.1626
-48.6787
-47.17
-45.6392
-44.0895
-42.525
-40.9507
-39.3729
-37.7986
-36.2353
-34.6905
-33.171
-31.6831
-30.2322
-28.8229
-27.4591
-26.1445
-24.8821
-23.6743
-22.5233
-21.4306
-20.3971
-19.4231
-18.5086
-17.6533
-16.8564
-16.117
-15.4341
-14.8064
-14.2325
-13.711
-13.2404
-12.8196
-12.4473
-12.1224
-11.8441
-11.6115
-11.4238
-11.2804
-11.1807
-11.1243
-11.1113
-11.1415
-11.2155
-11.3337
-11.497
-11.7062
-11.9623
-12.2662
-12.619
-13.0216
-13.4752
-13.9807
-14.5391
-15.1513
-15.8181
-16.5403
-17.3184
-18.1531
-19.045
-19.9945
-21.0018
-22.0671
-23.19
-24.3696
-25.6048
-26.8941
-28.2353
-29.6264
-31.0647
-32.5471
-34.0698
-35.6286
-37.2182
-38.833
-40.4667
-42.1132
-43.7662
-45.4199
-47.068
-48.7042
-50.3216
-51.9125
-53.4684
-54.9805
-56.4398
-56.0524
-54.6755
-53.2582
-51.8071
-50.3271
-48.8213
-47.2912
-45.7378
-44.1628
-42.5693
-40.9625
-39.3492
-37.738
-36.138
-34.558
-33.0061
-31.4889
-30.0119
-28.5795
-27.1957
-25.8637
-24.5866
-23.3671
-22.2073
-21.1085
-20.0715
-19.0964
-18.1828
-17.33
-16.5371
-15.8028
-15.1258
-14.5046
-13.9376
-13.4229
-12.959
-12.5443
-12.1776
-11.8578
-11.5841
-11.3554
-11.1711
-11.0302
-10.9321
-10.8764
-10.8627
-10.8913
-10.9625
-11.0772
-11.2362
-11.4407
-11.6918
-11.9905
-12.3379
-12.7352
-13.1834
-13.6839
-14.2375
-14.8455
-15.5084
-16.2273
-17.0025
-17.835
-18.7254
-19.6745
-20.683
-21.7512
-22.8791
-24.0658
-25.3103
-26.6109
-27.9656
-29.3724
-30.8289
-32.3326
-33.8798
-35.4662
-37.0861
-38.7332
-40.4004
-42.0811
-43.769
-45.4582
-47.1435
-48.8189
-50.4779
-52.1125
-53.7131
-55.2696
-56.7711
-56.3983
-54.9781
-53.5212
-52.0363
-50.5283
-48.9985
-47.4457
-45.8675
-44.2629
-42.6334
-40.9839
-39.3232
-37.6621
-36.0127
-34.3862
-32.7922
-31.2379
-29.7285
-28.2677
-26.859
-25.5053
-24.2099
-22.9756
-21.8048
-20.699
-19.6584
-18.6828
-17.7712
-16.9223
-16.1349
-15.4076
-14.7388
-14.1265
-13.5688
-13.0633
-12.6081
-12.2014
-11.8419
-11.5286
-11.2606
-11.0371
-10.8572
-10.7199
-10.6242
-10.5693
-10.5549
-10.5811
-10.6485
-10.7582
-10.9115
-11.1098
-11.3542
-11.6461
-11.9866
-12.3768
-12.8182
-13.312
-13.8595
-14.4619
-15.12
-15.8345
-16.606
-17.4351
-18.3229
-19.2707
-20.2798
-21.3511
-22.4848
-23.6804
-24.9365
-26.2511
-27.6221
-29.0479
-30.5266
-32.0564
-33.6345
-35.2563
-36.9157
-38.6048
-40.3152
-42.0391
-43.7698
-45.5023
-47.2328
-48.9569
-50.6689
-52.3603
-54.0205
-55.6366
-57.1952
-56.8113
-55.332
-53.8236
-52.2979
-50.76
-49.2084
-47.6363
-46.0354
-44.3992
-42.7264
-41.0223
-39.2983
-37.5703
-35.8552
-34.1686
-32.5223
-30.9235
-29.3763
-27.8826
-26.4444
-25.0645
-23.7466
-22.4942
-21.3105
-20.197
-19.1535
-18.1787
-17.2707
-16.4276
-15.6478
-14.9298
-14.2718
-13.6716
-13.1262
-12.6329
-12.1889
-11.7922
-11.4413
-11.1356
-10.8746
-10.6576
-10.4836
-10.3512
-10.2589
-10.2054
-10.1901
-10.213
-10.2752
-10.3781
-10.5236
-10.7137
-10.9498
-11.2333
-11.5651
-11.9465
-12.3789
-12.8642
-13.404
-13.9997
-14.6521
-15.3614
-16.128
-16.9523
-17.8358
-18.7804
-19.7886
-20.8626
-22.0031
-23.2096
-24.48
-25.8114
-27.2014
-28.6484
-30.152
-31.712
-33.3272
-34.9934
-36.7033
-38.4464
-40.2112
-41.9875
-43.768
-45.5495
-47.331
-49.112
-50.8887
-52.6526
-54.3903
-56.0852
-57.7196
-57.2876
-55.7264
-54.1499
-52.576
-51.0108
-49.4472
-47.8682
-46.2538
-44.5883
-42.865
-41.0898
-39.2802
-37.4608
-35.6579
-33.8944
-32.1851
-30.5364
-28.9484
-27.419
-25.9475
-24.5363
-23.1904
-21.9157
-20.7169
-19.5959
-18.5514
-17.5802
-16.6785
-15.8434
-15.0734
-14.3672
-13.7234
-13.1391
-12.6105
-12.1331
-11.7033
-11.3184
-10.9772
-10.6798
-10.4267
-10.2176
-10.0516
-9.92632
-9.83929
-9.7882
-9.77175
-9.79005
-9.84462
-9.93801
-10.0732
-10.2529
-10.4789
-10.7523
-11.0738
-11.4442
-11.8652
-12.3396
-12.8697
-13.4576
-14.1037
-14.8076
-15.5684
-16.3861
-17.2622
-18.2001
-19.2046
-20.2799
-21.4282
-22.6486
-23.9372
-25.289
-26.7001
-28.169
-29.6976
-31.2895
-32.9475
-34.6688
-36.444
-38.2574
-40.0913
-41.9301
-43.7653
-45.5964
-47.4299
-49.2729
-51.1264
-52.9817
-54.8206
-56.6198
-58.3546
-57.8206
-56.1414
-54.4713
-52.8407
-51.2588
-49.7076
-48.1505
-46.546
-44.8606
-43.0785
-41.2077
-39.2771
-37.3284
-35.4053
-33.5432
-31.7621
-30.0636
-28.4379
-26.8737
-25.3654
-23.9157
-22.5335
-21.2297
-20.013
-18.8862
-17.8456
-16.8835
-15.9921
-15.1674
-14.4086
-13.7165
-13.0909
-12.5282
-12.0224
-11.5665
-11.1547
-10.7832
-10.4517
-10.162
-9.91679
-9.71738
-9.56233
-9.44791
-9.36941
-9.32258
-9.30487
-9.31634
-9.35965
-9.43927
-9.56022
-9.72676
-9.94127
-10.2038
-10.5135
-10.8704
-11.2765
-11.7361
-12.2539
-12.8332
-13.4739
-14.1735
-14.9287
-15.7376
-16.6014
-17.5259
-18.5203
-19.5938
-20.7513
-21.991
-23.305
-24.6832
-26.1173
-27.6053
-29.1533
-30.7735
-32.4778
-34.2679
-36.1307
-38.04
-39.9649
-41.8788
-43.7686
-45.6402
-47.5151
-49.4181
-51.3611
-53.3336
-55.307
-57.2458
-59.1149
-58.3993
-56.5416
-54.7347
-53.0347
-51.4619
-49.9763
-48.5013
-46.9551
-45.2723
-43.4205
-41.4124
-39.301
-37.1603
-35.0659
-33.077
-31.2216
-29.4874
-27.8406
-26.2497
-24.7007
-23.1998
-21.7655
-20.4202
-19.1813
-18.0543
-17.0287
-16.0864
-15.2117
-14.3982
-13.6493
-12.9718
-12.3694
-11.8371
-11.3641
-10.9382
-10.5494
-10.1921
-9.86733
-9.58151
-9.34247
-9.15474
-9.01604
-8.91925
-8.85543
-8.81651
-8.79745
-8.79823
-8.82388
-8.88247
-8.98303
-9.13308
-9.33591
-9.58889
-9.88698
-10.2272
-10.6122
-11.0503
-11.5514
-12.122
-12.7609
-13.4611
-14.2136
-15.0116
-15.8549
-16.7529
-17.724
-18.7884
-19.9581
-21.2282
-22.5823
-23.9985
-25.4588
-26.957
-28.5065
-30.1382
-31.8857
-33.7637
-35.7514
-37.8012
-39.8551
-41.8626
-43.7986
-45.6795
-47.5598
-49.5051
-51.5528
-53.6832
-55.8421
-57.9705
-60.0208
-59.0072
-56.8674
-54.843
-53.0444
-51.5392
-50.2295
-48.9552
-47.5614
-45.9279
-43.9887
-41.7665
-39.3685
-36.9271
-34.5758
-32.4201
-30.5085
-28.7869
-27.1647
-25.5674
-23.9686
-22.3898
-20.8713
-19.4592
-18.1902
-17.0782
-16.0938
-15.1937
-14.3446
-13.5378
-12.7888
-12.1207
-11.5487
-11.0621
-10.6394
-10.2581
-9.90018
-9.5557
-9.22842
-8.93516
-8.69571
-8.52294
-8.41085
-8.34453
-8.30704
-8.28327
-8.26288
-8.24577
-8.24209
-8.26664
-8.33598
-8.46482
-8.65977
-8.91044
-9.2012
-9.52106
-9.87322
-10.2752
-10.7501
-11.3142
-11.9615
-12.6751
-13.4345
-14.2224
-15.0314
-15.8764
-16.7953
-17.8336
-19.0218
-20.3467
-21.7719
-23.2522
-24.7476
-26.2365
-27.7431
-29.3379
-31.107
-33.1032
-35.2839
-37.5575
-39.8128
-41.9502
-43.9083
-45.7196
-47.511
-49.4442
-51.6248
-53.9906
-56.42
-58.8061
-61.0976
-59.6151
-57.0256
-54.6248
-52.6307
-51.3338
-50.4311
-49.5804
-48.5129
-47.0243
-44.965
-42.375
-39.4998
-36.5654
-33.8061
-31.4132
-29.5238
-27.9454
-26.4548
-24.8893
-23.2099
-21.4949
-19.8261
-18.2944
-16.9749
-15.9203
-15.0394
-14.2296
-13.4186
-12.5959
-11.8136
-11.1331
-10.6065
-10.197
-9.85675
-9.54592
-9.23322
-8.89608
-8.54206
-8.21285
-7.95445
-7.80524
-7.74124
-7.72978
-7.74035
-7.74665
-7.72505
-7.67539
-7.62111
-7.58777
-7.60473
-7.7028
-7.90486
-8.17578
-8.47501
-8.7699
-9.06396
-9.39678
-9.82223
-10.3882
-11.0682
-11.8249
-12.6161
-13.405
-14.1579
-14.8955
-15.6965
-16.6648
-17.8911
-19.3227
-20.8844
-22.4864
-24.048
-25.4925
-26.8548
-28.2885
-30.003
-32.1786
-34.6843
-37.3416
-39.9415
-42.297
-44.2303
-45.7886
-47.2583
-49.027
-51.4294
-54.2054
-57.0592
-59.7763
-62.3596
-60.1295
-56.9101
-53.8196
-51.212
-50.5605
-50.5584
-50.5184
-50.0713
-48.9434
-46.7067
-43.3954
-39.7178
-35.9533
-32.5103
-29.6834
-28.0934
-26.9795
-25.8552
-24.3776
-22.5045
-20.536
-18.5855
-16.8262
-15.3802
-14.5143
-13.8845
-13.2693
-12.5111
-11.5975
-10.6938
-9.9253
-9.49718
-9.23376
-9.03327
-8.83802
-8.60301
-8.26231
-7.82144
-7.38999
-7.05733
-6.96621
-6.99735
-7.08468
-7.18123
-7.25164
-7.22906
-7.11309
-6.97137
-6.83781
-6.75801
-6.79235
-7.05217
-7.40174
-7.7565
-8.02141
-8.2004
-8.38648
-8.6935
-9.29955
-10.0661
-10.927
-11.803
-12.6412
-13.3083
-13.8256
-14.3589
-15.1264
-16.4669
-18.1135
-19.9412
-21.7808
-23.5196
-24.8691
-25.866
-26.8369
-28.237
-30.7802
-33.8681
-37.2098
-40.4235
-43.2529
-45.0929
-45.9855
-46.575
-47.6972
-50.6951
-54.3072
-57.8941
-60.9375
-63.7118
-60.0265
-56.607
-52.3181
-46.9758
-48.8513
-50.7397
-52.0428
-52.6111
-52.4601
-49.997
-44.9452
-40.0628
-34.8803
-30.3295
-26.1744
-25.9798
-26.031
-25.7672
-24.4378
-21.9394
-19.5533
-17.0723
-14.9088
-12.9521
-12.7705
-12.7107
-12.5168
-11.8295
-10.5869
-9.38079
-8.22909
-8.15233
-8.18156
-8.20384
-8.18899
-8.12658
-7.77436
-7.08874
-6.42629
-5.81376
-5.95244
-6.17397
-6.42768
-6.6612
-6.89201
-6.869
-6.58929
-6.31125
-6.0118
-5.74822
-5.55852
-6.07155
-6.62163
-7.16882
-7.39811
-7.32814
-7.2035
-7.13571
-7.98135
-8.92996
-10.009
-11.0465
-12.1257
-12.6766
-12.7346
-12.6861
-12.7653
-14.6039
-16.6459
-18.9836
-21.2228
-23.5544
-24.7563
-24.9168
-24.7697
-24.8269
-28.5994
-32.6886
-37.264
-41.4603
-45.6351
-47.321
-46.6198
-45.1247
-43.6664
-49.076
-54.4442
-59.5102
-62.4837
-64.4088
-55.9137
-57.5538
-52.3313
-32.3453
-47.1229
-51.7639
-54.6259
-56.1875
-59.3078
-57.017
-46.2533
-40.8419
-32.8998
-27.5809
-16.9644
-23.515
-25.5387
-27.2166
-26.1846
-21.2156
-18.7099
-15.1043
-12.6959
-7.96966
-10.8533
-11.7319
-12.4773
-11.9494
-9.52564
-7.99116
-4.98648
-6.65635
-7.14092
-7.4295
-7.61007
-8.06916
-7.76807
-6.32413
-5.392
-3.48965
-4.8206
-5.30556
-5.80111
-6.14654
-6.89936
-6.88008
-6.06452
-5.68333
-5.13537
-4.63326
-3.31388
-5.03883
-5.84703
-7.04037
-7.20724
-6.53605
-5.94003
-4.26395
-6.51636
-7.60767
-9.15282
-10.232
-12.3733
-12.7568
-11.7992
-10.8317
-7.87245
-12.4503
-14.7551
-18.1705
-20.5348
-25.2189
-26.1461
-24.4134
-22.411
-16.0691
-25.9645
-30.8112
-37.8665
-42.53
-51.603
-52.9878
-48.3982
-43.6218
-29.7457
-47.516
-55.0152
-64.1383
-65.5378
-60.0641
-57.4272
-58.9496
-60.3725
-61.6888
-62.8935
-63.9836
-64.9578
-65.8163
-66.5603
-67.192
-67.7134
-68.1272
-68.4353
-68.6397
-68.7415
-57.5163
-59.0475
-60.4773
-61.7985
-63.0061
-64.0973
-65.0712
-65.9283
-66.6703
-67.2995
-67.8185
-68.23
-68.5363
-68.7394
-68.8406
-57.6962
-59.2452
-60.6889
-62.0197
-63.233
-64.3262
-65.2991
-66.1531
-66.8905
-67.5146
-68.0285
-68.4353
-68.7378
-68.9383
-69.0381
-57.9701
-59.5467
-61.0115
-62.3567
-63.5778
-64.6731
-65.6436
-66.4919
-67.2217
-67.8373
-68.3428
-68.7422
-69.0387
-69.2349
-69.3325
-58.3433
-59.9583
-61.4519
-62.8159
-64.0462
-65.1426
-66.1079
-66.9467
-67.6646
-68.2674
-68.7606
-69.1492
-69.437
-69.6272
-69.7218
-58.8236
-60.4894
-62.0201
-63.4067
-64.6462
-65.7409
-66.6963
-67.52
-68.2201
-68.8045
-69.2805
-69.6541
-69.9301
-70.1122
-70.2027
-59.4222
-61.1539
-62.7305
-64.1424
-65.3888
-66.4759
-67.4139
-68.2143
-68.8886
-69.4475
-69.9001
-70.2538
-70.5144
-70.6859
-70.7711
-60.155
-61.9715
-63.6035
-65.0412
-66.2884
-67.3576
-68.2662
-69.0316
-69.6697
-70.194
-70.6158
-70.9439
-71.1848
-71.3431
-71.4215
-61.0455
-62.9715
-64.6686
-66.1282
-67.3632
-68.3976
-69.259
-69.9732
-70.5612
-71.0399
-71.4224
-71.7184
-71.935
-72.0771
-72.1474
-62.1285
-64.1983
-65.9689
-67.4375
-68.6359
-69.608
-70.3966
-71.038
-71.5589
-71.9789
-72.3123
-72.5693
-72.7569
-72.8797
-72.9405
-63.4564
-65.7223
-67.569
-69.0147
-70.1321
-70.999
-71.6792
-72.2204
-72.6541
-73.001
-73.2753
-73.4864
-73.6404
-73.7413
-73.7912
-65.1099
-67.6628
-69.5671
-70.9176
-71.8755
-72.5728
-73.0983
-73.5074
-73.8325
-74.0924
-74.2983
-74.4574
-74.574
-74.6506
-74.6886
-67.2319
-70.2494
-72.1159
-73.2104
-73.8763
-74.3151
-74.6308
-74.8752
-75.0726
-75.234
-75.3647
-75.4676
-75.5442
-75.5952
-75.6206
-70.2062
-73.9843
-75.4338
-75.929
-76.1006
-76.1767
-76.2316
-76.287
-76.345
-76.4023
-76.4551
-76.5007
-76.5368
-76.5619
-76.5747
-75.9088
-80.0435
-79.7022
-78.9683
-78.4162
-78.0551
-77.8292
-77.6931
-77.6143
-77.5709
-77.549
-77.5397
-77.5371
-77.5374
-77.5381
-77.4043
-77.4077
-77.4158
-77.4311
-77.4579
-77.5028
-77.576
-77.6936
-77.8821
-78.1871
-78.6951
-79.5965
-81.4238
-86.1412
-102.965
-78.2402
-78.2528
-78.2796
-78.3238
-78.3909
-78.4893
-78.6321
-78.8397
-79.1454
-79.6054
-80.3187
-81.4649
-83.3496
-86.1962
-87.2518
-79.0646
-79.0853
-79.1285
-79.1978
-79.2993
-79.4421
-79.6402
-79.9146
-80.2986
-80.8449
-81.6387
-82.8167
-84.6043
-87.4918
-93.9721
-79.8718
-79.8994
-79.9565
-80.0467
-80.1761
-80.3535
-80.5919
-80.9102
-81.3361
-81.9099
-82.6885
-83.7415
-85.0918
-86.2888
-83.5768
-80.657
-80.6903
-80.7586
-80.8655
-81.0165
-81.2193
-81.4849
-81.8279
-82.2679
-82.8298
-83.5443
-84.4562
-85.6823
-87.7967
-94.2933
-81.4162
-81.454
-81.5311
-81.6508
-81.8177
-82.0383
-82.3207
-82.675
-83.1121
-83.6405
-84.2595
-84.9492
-85.6522
-86.2576
-86.6155
-82.1463
-82.1875
-82.2712
-82.4002
-82.5785
-82.8109
-83.1032
-83.4615
-83.89
-84.3849
-84.922
-85.4294
-85.6862
-84.8868
-79.2321
-82.8449
-82.8885
-82.9769
-83.1124
-83.2983
-83.5383
-83.8364
-84.1962
-84.6186
-85.0961
-85.6019
-86.0801
-86.4497
-86.8841
-90.376
-83.5102
-83.5554
-83.6469
-83.7866
-83.9773
-84.2218
-84.5232
-84.8843
-85.3063
-85.7837
-86.2974
-86.8028
-87.1641
-86.7546
-81.5839
-84.1412
-84.1873
-84.2805
-84.4224
-84.6154
-84.8619
-85.1649
-85.5273
-85.9525
-86.4422
-86.995
-87.6223
-88.4096
-89.9279
-96.0863
-84.7371
-84.7835
-84.8772
-85.0196
-85.2128
-85.4591
-85.7614
-86.1236
-86.5514
-87.0526
-87.6371
-88.3276
-89.1434
-89.8751
-88.0751
-85.2977
-85.3439
-85.437
-85.5784
-85.7699
-86.0137
-86.3126
-86.6711
-87.0968
-87.6011
-88.202
-88.9424
-89.9315
-91.5768
-96.2597
-85.8232
-85.8687
-85.9603
-86.0993
-86.2872
-86.5261
-86.8185
-87.1688
-87.5849
-88.0784
-88.6662
-89.3813
-90.2598
-91.1656
-90.3462
-86.314
-86.3584
-86.4477
-86.583
-86.7657
-86.9974
-87.2802
-87.6178
-88.0167
-88.4861
-89.0382
-89.7036
-90.5651
-91.9488
-95.5982
-86.7708
-86.8138
-86.9001
-87.0307
-87.2067
-87.4293
-87.6998
-88.021
-88.397
-88.8322
-89.3279
-89.8865
-90.5037
-91.1551
-91.7462
-87.1947
-87.2359
-87.3187
-87.4438
-87.612
-87.8239
-88.0805
-88.383
-88.7335
-89.1321
-89.5703
-90.0254
-90.4146
-90.3998
-88.3525
-87.5868
-87.6261
-87.7049
-87.8238
-87.9833
-88.1837
-88.4253
-88.7085
-89.0341
-89.4004
-89.7974
-90.207
-90.602
-91.0525
-92.747
-87.9486
-87.9857
-88.0602
-88.1725
-88.3228
-88.5111
-88.7373
-89.0013
-89.3038
-89.6434
-90.012
-90.3956
-90.747
-90.8379
-89.2038
-88.2813
-88.3162
-88.3862
-88.4916
-88.6324
-88.8083
-89.019
-89.2643
-89.5452
-89.862
-90.2128
-90.6034
-91.0689
-91.818
-94.2333
-88.5866
-88.6193
-88.6847
-88.783
-88.9141
-89.0775
-89.2727
-89.4996
-89.7592
-90.0531
-90.3822
-90.7561
-91.1902
-91.6379
-91.327
-88.8661
-88.8965
-88.9572
-89.0484
-89.1698
-89.3208
-89.5007
-89.7089
-89.9467
-90.2156
-90.5171
-90.864
-91.2982
-91.9813
-93.7324
-89.1214
-89.1494
-89.2056
-89.2897
-89.4016
-89.5403
-89.7049
-89.8947
-90.1102
-90.3516
-90.6169
-90.9082
-91.2295
-91.5801
-91.9197
-89.354
-89.3798
-89.4314
-89.5087
-89.6112
-89.738
-89.8878
-90.0596
-90.2531
-90.4669
-90.6951
-90.9288
-91.1369
-91.1833
-90.3892
-89.5655
-89.5891
-89.6364
-89.707
-89.8005
-89.9159
-90.0516
-90.2064
-90.3793
-90.5683
-90.766
-90.9641
-91.1529
-91.3672
-92.1049
-89.7574
-89.779
-89.822
-89.8863
-89.9713
-90.0758
-90.1984
-90.3374
-90.492
-90.6598
-90.8332
-91.003
-91.1475
-91.1846
-90.6274
-89.9313
-89.9508
-89.9899
-90.0482
-90.1251
-90.2195
-90.3298
-90.4546
-90.5931
-90.7435
-90.8995
-91.0565
-91.213
-91.4117
-92.0885
-90.0884
-90.106
-90.1413
-90.194
-90.2633
-90.3483
-90.4474
-90.5593
-90.6836
-90.8193
-90.9617
-91.1076
-91.2456
-91.3039
-90.7854
-90.2301
-90.246
-90.2777
-90.325
-90.3873
-90.4635
-90.5522
-90.6523
-90.7638
-90.8865
-91.018
-91.1613
-91.3299
-91.5938
-92.4099
-90.3576
-90.3718
-90.4003
-90.4426
-90.4984
-90.5664
-90.6454
-90.7344
-90.8338
-90.9438
-91.0629
-91.1946
-91.3446
-91.4972
-91.4038
-90.472
-90.4848
-90.5101
-90.5479
-90.5975
-90.6579
-90.7278
-90.8064
-90.8939
-90.9909
-91.0957
-91.2124
-91.3541
-91.5685
-92.1074
-90.5746
-90.5859
-90.6084
-90.6418
-90.6857
-90.739
-90.8005
-90.8691
-90.9452
-91.0286
-91.1168
-91.2102
-91.3095
-91.4117
-91.5002
-90.6662
-90.6761
-90.696
-90.7255
-90.7641
-90.8109
-90.8644
-90.9237
-90.9889
-91.0593
-91.1311
-91.2012
-91.2593
-91.2614
-90.9992
-90.7478
-90.7565
-90.7739
-90.7998
-90.8336
-90.8742
-90.9205
-90.9713
-91.0265
-91.0853
-91.1433
-91.1976
-91.2445
-91.2918
-91.4865
-90.8202
-90.8278
-90.843
-90.8656
-90.8949
-90.9301
-90.9697
-91.0129
-91.0593
-91.1081
-91.1549
-91.1965
-91.2258
-91.2171
-91.0274
-90.8842
-90.8908
-90.904
-90.9235
-90.9489
-90.9791
-91.0129
-91.0492
-91.088
-91.1285
-91.1668
-91.201
-91.2303
-91.265
-91.43
-90.9405
-90.9462
-90.9576
-90.9745
-90.9962
-91.022
-91.0505
-91.0809
-91.1131
-91.1467
-91.1782
-91.2064
-91.2274
-91.2196
-91.0423
-90.9898
-90.9947
-91.0045
-91.0189
-91.0375
-91.0594
-91.0832
-91.1084
-91.1348
-91.1626
-91.1887
-91.2138
-91.2412
-91.2889
-91.484
-91.0326
-91.0368
-91.0451
-91.0574
-91.0732
-91.0916
-91.1114
-91.1319
-91.1534
-91.1759
-91.1968
-91.2169
-91.2375
-91.253
-91.1969
-91.0694
-91.073
-91.0801
-91.0905
-91.1039
-91.1192
-91.1355
-91.1519
-91.1689
-91.1864
-91.2022
-91.217
-91.234
-91.2641
-91.3718
-91.1007
-91.1037
-91.1097
-91.1186
-91.1298
-91.1426
-91.1557
-91.1686
-91.1815
-91.1945
-91.2049
-91.2127
-91.2179
-91.2183
-91.2083
-91.1268
-91.1294
-91.1345
-91.142
-91.1515
-91.162
-91.1725
-91.1824
-91.1918
-91.2008
-91.2063
-91.2075
-91.2018
-91.1769
-91.0816
-91.1481
-91.1503
-91.1547
-91.1611
-91.1691
-91.1778
-91.1861
-91.1935
-91.2
-91.2057
-91.2074
-91.2043
-91.1957
-91.1817
-91.1951
-91.1648
-91.1667
-91.1705
-91.176
-91.1829
-91.1902
-91.1968
-91.2022
-91.2065
-91.2096
-91.2085
-91.2024
-91.1898
-91.1645
-91.099
-91.1771
-91.1788
-91.1822
-91.1871
-91.1931
-91.1993
-91.2048
-91.2088
-91.2115
-91.2128
-91.2099
-91.2021
-91.1894
-91.1724
-91.1725
-91.1851
-91.1867
-91.1898
-91.1944
-91.1998
-91.2055
-91.2102
-91.2132
-91.215
-91.2153
-91.2113
-91.2026
-91.1885
-91.1654
-91.1186
-91.1891
-91.1906
-91.1936
-91.198
-91.2032
-91.2086
-91.213
-91.2158
-91.2171
-91.2171
-91.2129
-91.204
-91.1906
-91.1721
-91.1582
-91.1889
-91.1904
-91.1935
-91.1979
-91.2033
-91.2088
-91.2134
-91.2163
-91.2179
-91.2182
-91.2143
-91.2059
-91.1927
-91.1728
-91.1495
-91.1846
-91.1863
-91.1895
-91.1943
-91.2001
-91.206
-91.2112
-91.2148
-91.2173
-91.2185
-91.2157
-91.2085
-91.1959
-91.1732
-91.1279
-91.1761
-91.178
-91.1816
-91.1869
-91.1934
-91.2002
-91.2064
-91.2113
-91.2151
-91.2179
-91.2169
-91.212
-91.2027
-91.1864
-91.1589
-91.1633
-91.1654
-91.1696
-91.1756
-91.1832
-91.1913
-91.199
-91.2055
-91.2112
-91.2162
-91.2177
-91.2158
-91.211
-91.2044
-91.2145
-91.146
-91.1485
-91.1533
-91.1604
-91.1692
-91.179
-91.1886
-91.1974
-91.2055
-91.2132
-91.2176
-91.2189
-91.2172
-91.2081
-91.1652
-91.124
-91.1268
-91.1325
-91.1409
-91.1514
-91.1633
-91.1753
-91.1867
-91.1979
-91.2087
-91.2164
-91.2214
-91.225
-91.2324
-91.2854
-91.0969
-91.1003
-91.107
-91.1169
-91.1294
-91.1437
-91.1587
-91.1734
-91.1881
-91.2026
-91.214
-91.222
-91.2267
-91.2223
-91.1612
-91.0644
-91.0684
-91.0763
-91.088
-91.1029
-91.1202
-91.1385
-91.1572
-91.1761
-91.195
-91.2106
-91.2223
-91.2314
-91.2487
-91.3633
-91.0261
-91.0308
-91.0401
-91.0538
-91.0715
-91.0922
-91.1145
-91.1378
-91.1618
-91.186
-91.2066
-91.2217
-91.227
-91.2046
-91.0573
-90.9815
-90.9869
-90.9978
-91.014
-91.0348
-91.0593
-91.0863
-91.1149
-91.1449
-91.1757
-91.2032
-91.2251
-91.2383
-91.2444
-91.3244
-90.93
-90.9363
-90.949
-90.9678
-90.9922
-91.0211
-91.0534
-91.0881
-91.1252
-91.1639
-91.2004
-91.2319
-91.251
-91.2302
-91.0515
-90.871
-90.8783
-90.893
-90.9148
-90.9431
-90.9769
-91.0151
-91.0568
-91.1019
-91.15
-91.1979
-91.2446
-91.288
-91.3228
-91.3379
-90.8038
-90.8123
-90.8291
-90.8541
-90.8868
-90.9261
-90.9708
-91.0201
-91.074
-91.1326
-91.1931
-91.2566
-91.3276
-91.4263
-91.6788
-90.7277
-90.7373
-90.7566
-90.7852
-90.8226
-90.8678
-90.9197
-90.9772
-91.0406
-91.1099
-91.1829
-91.2607
-91.3446
-91.4202
-91.3477
-90.6418
-90.6527
-90.6746
-90.7071
-90.7496
-90.8013
-90.8609
-90.9273
-91.0007
-91.0811
-91.1661
-91.2579
-91.3637
-91.514
-91.902
-90.5452
-90.5576
-90.5822
-90.6189
-90.6671
-90.7257
-90.7936
-90.8695
-90.9535
-91.0451
-91.1413
-91.2424
-91.3487
-91.4398
-91.3049
-90.437
-90.4508
-90.4785
-90.5197
-90.5739
-90.6401
-90.7169
-90.8032
-90.8987
-91.0023
-91.1099
-91.2207
-91.3405
-91.5197
-92.1237
-90.316
-90.3315
-90.3623
-90.4083
-90.469
-90.5433
-90.6299
-90.7276
-90.8358
-90.9528
-91.0729
-91.1898
-91.2878
-91.3017
-90.8404
-90.1812
-90.1984
-90.2326
-90.2838
-90.3514
-90.4344
-90.5315
-90.6417
-90.7643
-90.8975
-91.0349
-91.1692
-91.2898
-91.4109
-91.8478
-90.0315
-90.0504
-90.0882
-90.1448
-90.2196
-90.3119
-90.4204
-90.5442
-90.683
-90.8355
-90.9957
-91.1551
-91.2881
-91.2976
-90.7369
-89.8654
-89.8862
-89.9278
-89.99
-90.0725
-90.1745
-90.2949
-90.4332
-90.5896
-90.7642
-90.9537
-91.1565
-91.3686
-91.5774
-91.7484
-89.6818
-89.7045
-89.75
-89.818
-89.9084
-90.0204
-90.1532
-90.3065
-90.4812
-90.6788
-90.8991
-91.1487
-91.4476
-91.8805
-92.9238
-89.4793
-89.504
-89.5534
-89.6275
-89.726
-89.8483
-89.9936
-90.1619
-90.3545
-90.5737
-90.8209
-91.1037
-91.4301
-91.7566
-91.5766
-89.2566
-89.2833
-89.3368
-89.417
-89.5237
-89.6563
-89.8142
-89.9973
-90.2069
-90.4453
-90.7145
-91.0255
-91.4088
-91.9816
-93.4425
-89.0122
-89.0409
-89.0985
-89.1849
-89.3
-89.4431
-89.6136
-89.8112
-90.0368
-90.2917
-90.5756
-90.8941
-91.2524
-91.5867
-91.1537
-88.7446
-88.7755
-88.8372
-88.9299
-89.0533
-89.2071
-89.3903
-89.6025
-89.8438
-90.1139
-90.4092
-90.7321
-91.109
-91.7215
-93.8252
-88.4526
-88.4855
-88.5514
-88.6503
-88.7823
-88.9469
-89.1431
-89.3705
-89.6285
-89.9146
-90.2201
-90.5297
-90.7982
-90.8177
-89.2725
-88.1346
-88.1696
-88.2395
-88.3448
-88.4853
-88.6608
-88.8706
-89.1141
-89.3909
-89.6981
-90.0246
-90.3527
-90.6565
-90.9971
-92.4246
-87.7893
-87.8262
-87.9002
-88.0116
-88.1606
-88.3471
-88.5707
-88.8315
-89.1298
-89.464
-89.8245
-90.1895
-90.4855
-90.4184
-88.5714
-87.4152
-87.4541
-87.5319
-87.6493
-87.8065
-88.0038
-88.2413
-88.5197
-88.8412
-89.2076
-89.6176
-90.0711
-90.5629
-91.0724
-91.5257
-87.0111
-87.0517
-87.1332
-87.2562
-87.4213
-87.6288
-87.8795
-88.1749
-88.5189
-88.917
-89.377
-89.9228
-90.6241
-91.7619
-94.8418
-86.5758
-86.618
-86.7028
-86.8309
-87.0031
-87.2201
-87.4828
-87.7934
-88.1564
-88.5793
-89.0733
-89.6635
-90.3781
-91.0994
-90.3341
-86.108
-86.1516
-86.2393
-86.3719
-86.5504
-86.7758
-87.049
-87.3723
-87.7497
-88.1882
-88.6991
-89.3148
-90.1234
-91.4658
-95.3515
-85.607
-85.6517
-85.7417
-85.878
-86.0618
-86.2944
-86.5768
-86.9105
-87.2981
-87.7428
-88.2484
-88.8288
-89.4942
-90.0625
-88.4778
-85.0719
-85.1173
-85.2089
-85.348
-85.5361
-85.7748
-86.0652
-86.4081
-86.8042
-87.2512
-87.7423
-88.2805
-88.9283
-90.151
-95.1867
-84.5023
-84.548
-84.6403
-84.7809
-84.972
-85.2155
-85.5132
-85.8659
-86.2724
-86.7248
-87.2001
-87.6528
-87.9592
-87.588
-83.2346
-83.8981
-83.9434
-84.0353
-84.1759
-84.3681
-84.6149
-84.9193
-85.2833
-85.7062
-86.1784
-86.6699
-87.1235
-87.4567
-87.7868
-90.51
-83.2594
-83.3037
-83.3937
-83.5322
-83.723
-83.9707
-84.2803
-84.6568
-85.1034
-85.6147
-86.1624
-86.6749
-86.9524
-86.3202
-81.7267
-82.587
-82.6293
-82.7156
-82.8493
-83.0352
-83.2798
-83.5911
-83.9788
-84.4534
-85.0216
-85.6759
-86.3863
-87.0759
-87.6012
-87.794
-81.8825
-81.9217
-82.0019
-82.1272
-82.3035
-82.5391
-82.8453
-83.2374
-83.736
-84.3649
-85.1469
-86.109
-87.3096
-89.1097
-94.0399
-81.148
-81.1827
-81.2542
-81.3669
-81.5275
-81.7459
-82.0362
-82.4193
-82.9258
-83.598
-84.4894
-85.663
-87.1232
-88.4407
-86.5654
-80.3867
-80.4155
-80.4753
-80.5705
-80.7083
-80.8992
-81.1592
-81.5127
-81.9983
-82.6751
-83.6327
-85.0151
-87.0318
-89.9856
-95.0201
-79.6026
-79.6241
-79.6692
-79.7419
-79.8492
-80.0013
-80.2138
-80.5118
-80.9361
-81.5534
-82.4777
-83.9239
-86.286
-90.0822
-93.9206
-78.801
-78.8138
-78.8412
-78.8867
-78.9561
-79.058
-79.2057
-79.4206
-79.7376
-80.215
-80.9572
-82.1938
-84.5404
-90.1467
-108.62
-108.25
-89.6972
-83.9709
-81.585
-80.3594
-79.6491
-79.2087
-78.9263
-78.7414
-78.6186
-78.5366
-78.4826
-78.4481
-78.4279
-78.4186
-94.3768
-89.5623
-85.5288
-83.1558
-81.765
-80.9073
-80.3509
-79.9773
-79.7199
-79.5395
-79.4123
-79.3235
-79.264
-79.2274
-79.21
-94.0245
-88.8818
-85.9303
-84.0418
-82.7971
-81.953
-81.3641
-80.945
-80.6419
-80.4203
-80.2582
-80.1416
-80.0613
-80.011
-79.9868
-87.147
-86.6761
-85.5901
-84.4781
-83.5476
-82.818
-82.2572
-81.8296
-81.5041
-81.2564
-81.0696
-80.9319
-80.8353
-80.7739
-80.7441
-80.6389
-84.8937
-85.2648
-84.7855
-84.1551
-83.5622
-83.0553
-82.6407
-82.3088
-82.0468
-81.8437
-81.691
-81.5821
-81.5122
-81.478
-88.3209
-85.8049
-85.5266
-85.195
-84.733
-84.243
-83.7871
-83.3917
-83.0616
-82.7929
-82.5798
-82.4168
-82.2991
-82.2229
-82.1855
-80.692
-85.1585
-85.8219
-85.6921
-85.3268
-84.8964
-84.4743
-84.0945
-83.7684
-83.4969
-83.278
-83.1083
-82.9846
-82.904
-82.8642
-90.6236
-87.1494
-86.6646
-86.3499
-85.9619
-85.5403
-85.1297
-84.7573
-84.4336
-84.161
-83.9387
-83.7649
-83.6374
-83.5538
-83.5125
-82.3955
-87.0604
-87.3856
-87.0554
-86.6167
-86.1728
-85.7562
-85.3832
-85.0597
-84.7864
-84.5625
-84.3865
-84.2568
-84.1715
-84.1293
-95.6889
-89.9812
-88.5581
-87.8333
-87.2714
-86.7824
-86.3497
-85.9719
-85.6474
-85.374
-85.1497
-84.973
-84.8425
-84.7565
-84.7138
-88.2771
-89.9227
-89.2419
-88.4949
-87.8717
-87.349
-86.9025
-86.5206
-86.1961
-85.9237
-85.7005
-85.5245
-85.3943
-85.3084
-85.2658
-95.7748
-91.4758
-89.9682
-89.0673
-88.3984
-87.8589
-87.4077
-87.0265
-86.7048
-86.4356
-86.2151
-86.0412
-85.9124
-85.8274
-85.7852
-90.2992
-91.0865
-90.2694
-89.4754
-88.8315
-88.3037
-87.8614
-87.4882
-87.1734
-86.9099
-86.694
-86.5236
-86.3972
-86.3137
-86.2722
-95.1679
-91.8075
-90.5509
-89.7762
-89.1799
-88.6852
-88.2646
-87.9063
-87.6025
-87.3474
-87.1379
-86.9723
-86.8493
-86.7679
-86.7275
-91.5732
-91.0638
-90.4942
-89.9498
-89.454
-89.0115
-88.6216
-88.2836
-87.9941
-87.7496
-87.548
-87.3882
-87.2694
-87.1907
-87.1516
-88.3793
-90.3581
-90.4164
-90.0867
-89.6873
-89.2972
-88.94
-88.6241
-88.3506
-88.1182
-87.9257
-87.7726
-87.6586
-87.5831
-87.5454
-92.5316
-90.9823
-90.6045
-90.2689
-89.9102
-89.5564
-89.2269
-88.9321
-88.675
-88.4552
-88.2725
-88.1269
-88.0182
-87.946
-87.9101
-89.1332
-90.7894
-90.7598
-90.4639
-90.1261
-89.7948
-89.4869
-89.2111
-88.9697
-88.7627
-88.5901
-88.4523
-88.3493
-88.2808
-88.2467
-94.0359
-91.7634
-91.0966
-90.6852
-90.3335
-90.0131
-89.722
-89.463
-89.2367
-89.0425
-88.8803
-88.7505
-88.6533
-88.5888
-88.5565
-91.1587
-91.6187
-91.2526
-90.862
-90.5155
-90.2073
-89.9321
-89.6893
-89.4778
-89.2962
-89.1445
-89.0229
-88.9318
-88.8711
-88.8409
-93.6222
-92.0443
-91.4222
-91.0052
-90.6671
-90.3748
-90.117
-89.8909
-89.6943
-89.5255
-89.3843
-89.271
-89.186
-89.1294
-89.1011
-91.6135
-91.8026
-91.4461
-91.0908
-90.7832
-90.5146
-90.2773
-90.069
-89.8878
-89.7319
-89.6013
-89.4963
-89.4175
-89.3649
-89.3387
-93.0643
-91.9364
-91.4657
-91.1403
-90.8687
-90.6289
-90.4147
-90.2254
-90.0599
-89.9171
-89.797
-89.7004
-89.6276
-89.5791
-89.5549
-91.7988
-91.6105
-91.3813
-91.1496
-90.9283
-90.7217
-90.5321
-90.3623
-90.2126
-90.0828
-89.9732
-89.8847
-89.818
-89.7734
-89.7511
-90.7097
-91.3097
-91.2952
-91.1487
-90.9743
-90.7991
-90.6331
-90.4822
-90.3479
-90.2307
-90.1312
-90.0507
-89.9899
-89.9492
-89.9289
-91.9071
-91.4322
-91.2976
-91.1644
-91.017
-90.8665
-90.7212
-90.5875
-90.4677
-90.3625
-90.2728
-90.1999
-90.1448
-90.1078
-90.0894
-90.8214
-91.3151
-91.2959
-91.1871
-91.0585
-90.9265
-90.7985
-90.6803
-90.5738
-90.4798
-90.3993
-90.3337
-90.284
-90.2506
-90.2339
-92.2066
-91.5508
-91.3533
-91.2208
-91.0986
-90.98
-90.8665
-90.7619
-90.6675
-90.5839
-90.5121
-90.4534
-90.4088
-90.3788
-90.3638
-91.3233
-91.4649
-91.3624
-91.2445
-91.1328
-91.0264
-90.9258
-90.8335
-90.7502
-90.6762
-90.6125
-90.5602
-90.5204
-90.4937
-90.4802
-91.9686
-91.5453
-91.3789
-91.2613
-91.1596
-91.0653
-90.9767
-90.8958
-90.8228
-90.7578
-90.7015
-90.6552
-90.6199
-90.5962
-90.5843
-91.3701
-91.4442
-91.3582
-91.2644
-91.1778
-91.0965
-91.0198
-90.9497
-90.8863
-90.8296
-90.7803
-90.7395
-90.7084
-90.6875
-90.6769
-91.7283
-91.4509
-91.3399
-91.2599
-91.1886
-91.1208
-91.0559
-90.996
-90.9416
-90.8926
-90.8497
-90.8141
-90.7869
-90.7685
-90.7593
-91.3597
-91.3389
-91.2968
-91.2466
-91.1937
-91.1395
-91.0859
-91.0357
-90.9896
-90.9477
-90.9107
-90.8798
-90.8561
-90.8402
-90.8321
-91.0497
-91.2384
-91.2564
-91.2325
-91.196
-91.1543
-91.111
-91.0696
-91.0311
-90.9956
-90.9641
-90.9376
-90.9171
-90.9033
-90.8963
-91.3444
-91.2531
-91.2419
-91.2245
-91.1984
-91.1667
-91.1322
-91.0986
-91.0669
-91.0373
-91.0106
-90.988
-90.9705
-90.9586
-90.9527
-91.0552
-91.209
-91.2285
-91.2198
-91.2014
-91.1774
-91.1502
-91.1234
-91.0977
-91.0733
-91.0509
-91.0319
-91.017
-91.0069
-91.0018
-91.3845
-91.255
-91.2316
-91.2191
-91.2047
-91.1866
-91.1656
-91.1445
-91.1241
-91.1042
-91.0857
-91.0697
-91.0572
-91.0487
-91.0444
-91.1663
-91.2241
-91.224
-91.2169
-91.2072
-91.1943
-91.1785
-91.1624
-91.1464
-91.1306
-91.1154
-91.1022
-91.0917
-91.0846
-91.081
-91.2978
-91.2303
-91.2183
-91.2138
-91.2086
-91.2003
-91.1891
-91.1773
-91.1652
-91.1528
-91.1405
-91.1296
-91.1209
-91.115
-91.112
-91.1742
-91.1946
-91.2043
-91.2084
-91.2087
-91.2049
-91.1977
-91.1895
-91.1807
-91.1712
-91.1614
-91.1525
-91.1453
-91.1404
-91.1379
-91.0803
-91.1632
-91.191
-91.2029
-91.2081
-91.2082
-91.2044
-91.1993
-91.1932
-91.1861
-91.1783
-91.1711
-91.1652
-91.1611
-91.159
-91.1652
-91.1668
-91.1857
-91.1994
-91.2076
-91.2106
-91.2095
-91.2069
-91.203
-91.1978
-91.1917
-91.1857
-91.1808
-91.1774
-91.1757
-91.1003
-91.1551
-91.181
-91.197
-91.2073
-91.2124
-91.2132
-91.2124
-91.2102
-91.2064
-91.2015
-91.1966
-91.1925
-91.1896
-91.1882
-91.1482
-91.1602
-91.1801
-91.1959
-91.2071
-91.2135
-91.2156
-91.216
-91.215
-91.2122
-91.2082
-91.204
-91.2004
-91.1979
-91.1966
-91.1246
-91.1567
-91.1789
-91.1952
-91.207
-91.2139
-91.2168
-91.2178
-91.2174
-91.2151
-91.2116
-91.2078
-91.2046
-91.2023
-91.2011
-91.1267
-91.1569
-91.1787
-91.1949
-91.2067
-91.2137
-91.2166
-91.2178
-91.2175
-91.2154
-91.212
-91.2083
-91.2051
-91.2029
-91.2017
-91.1474
-91.1598
-91.1793
-91.1949
-91.2062
-91.2127
-91.2152
-91.216
-91.2153
-91.2129
-91.2093
-91.2054
-91.2021
-91.1998
-91.1986
-91.1015
-91.1545
-91.1796
-91.1953
-91.2057
-91.211
-91.2124
-91.2122
-91.2108
-91.2077
-91.2035
-91.1991
-91.1955
-91.1929
-91.1916
-91.1644
-91.1652
-91.1834
-91.1967
-91.2051
-91.2086
-91.2083
-91.2066
-91.2038
-91.1996
-91.1944
-91.1893
-91.1851
-91.1821
-91.1806
-91.0791
-91.1607
-91.1874
-91.1989
-91.2043
-91.2052
-91.2026
-91.1989
-91.1943
-91.1885
-91.1821
-91.1759
-91.1709
-91.1674
-91.1656
-91.1726
-91.1909
-91.199
-91.2026
-91.2033
-91.2007
-91.1951
-91.1889
-91.182
-91.1743
-91.1662
-91.1587
-91.1527
-91.1485
-91.1463
-91.2972
-91.225
-91.2107
-91.2055
-91.2012
-91.1946
-91.1857
-91.1764
-91.1668
-91.1568
-91.1466
-91.1375
-91.1302
-91.1251
-91.1226
-91.1608
-91.2157
-91.2129
-91.2053
-91.197
-91.1866
-91.174
-91.1612
-91.1485
-91.1356
-91.1231
-91.1119
-91.1031
-91.0971
-91.094
-91.3853
-91.2431
-91.2154
-91.2028
-91.1909
-91.1766
-91.1599
-91.1431
-91.1267
-91.1105
-91.0952
-91.0818
-91.0712
-91.064
-91.0603
-91.0356
-91.1877
-91.2044
-91.1971
-91.1831
-91.1646
-91.1433
-91.122
-91.1013
-91.0813
-91.0626
-91.0466
-91.0339
-91.0254
-91.021
-91.3412
-91.2233
-91.2068
-91.1935
-91.1748
-91.151
-91.1242
-91.0975
-91.0718
-91.0474
-91.025
-91.0059
-90.991
-90.9808
-90.9757
-91.0214
-91.1852
-91.2038
-91.1909
-91.1666
-91.1361
-91.1024
-91.0693
-91.0379
-91.0085
-90.9818
-90.9592
-90.9417
-90.9298
-90.9238
-91.3835
-91.2446
-91.2196
-91.1934
-91.1592
-91.1197
-91.0777
-91.0372
-90.9992
-90.964
-90.9325
-90.906
-90.8855
-90.8717
-90.8647
-90.9997
-91.2216
-91.2333
-91.1987
-91.1521
-91.1013
-91.0495
-91.0004
-90.9549
-90.9132
-90.8763
-90.8455
-90.8218
-90.8058
-90.7977
-91.3929
-91.3412
-91.2759
-91.2096
-91.1445
-91.08
-91.0169
-90.9581
-90.9043
-90.8555
-90.8126
-90.777
-90.7497
-90.7313
-90.7221
-91.8665
-91.467
-91.316
-91.217
-91.1329
-91.0541
-90.9789
-90.9096
-90.8466
-90.7899
-90.7406
-90.6997
-90.6685
-90.6475
-90.637
-91.3204
-91.4172
-91.3168
-91.2114
-91.1141
-91.0219
-90.9343
-90.8538
-90.7808
-90.7156
-90.6592
-90.6127
-90.5772
-90.5534
-90.5415
-92.0933
-91.5008
-91.3181
-91.1973
-91.0881
-90.983
-90.8824
-90.7897
-90.706
-90.6316
-90.5675
-90.5149
-90.4749
-90.448
-90.4346
-90.8656
-91.2967
-91.2732
-91.1724
-91.0558
-90.9372
-90.8224
-90.7165
-90.6212
-90.5368
-90.4645
-90.4053
-90.3604
-90.3303
-90.3153
-91.8402
-91.4049
-91.2788
-91.1558
-91.0214
-90.885
-90.7536
-90.6331
-90.525
-90.43
-90.3488
-90.2828
-90.2327
-90.1992
-90.1824
-90.7528
-91.2951
-91.2791
-91.1441
-90.9848
-90.8256
-90.6748
-90.538
-90.4162
-90.3098
-90.2194
-90.146
-90.0905
-90.0534
-90.0348
-91.7434
-91.5697
-91.3588
-91.1465
-90.9447
-90.7565
-90.5839
-90.4294
-90.2932
-90.1748
-90.0747
-89.9936
-89.9325
-89.8916
-89.8712
-92.8998
-91.8668
-91.4361
-91.1389
-90.8914
-90.673
-90.4777
-90.3051
-90.1541
-90.0234
-89.9133
-89.8244
-89.7574
-89.7127
-89.6903
-91.566
-91.7421
-91.4175
-91.094
-90.8142
-90.5697
-90.3532
-90.163
-89.9971
-89.854
-89.7337
-89.6368
-89.5638
-89.5152
-89.4908
-93.4086
-91.9618
-91.3948
-91.0159
-90.7089
-90.4431
-90.2079
-90.001
-89.8206
-89.6651
-89.5345
-89.4294
-89.3504
-89.2977
-89.2714
-91.1348
-91.5672
-91.2381
-90.8851
-90.5713
-90.2914
-90.0402
-89.8178
-89.6231
-89.4552
-89.3142
-89.2008
-89.1157
-89.0589
-89.0305
-93.7738
-91.6979
-91.0946
-90.7241
-90.4066
-90.1159
-89.85
-89.6122
-89.4032
-89.2227
-89.0713
-88.9496
-88.8582
-88.7973
-88.7669
-89.2712
-90.8024
-90.786
-90.5233
-90.2196
-89.9192
-89.6377
-89.3837
-89.1597
-88.9664
-88.8043
-88.6742
-88.5765
-88.5115
-88.479
-92.3813
-90.9779
-90.645
-90.348
-90.0265
-89.7057
-89.4038
-89.1312
-88.8913
-88.6846
-88.5117
-88.3731
-88.2692
-88.2001
-88.1655
-88.5817
-90.4063
-90.4755
-90.1867
-89.8292
-89.4752
-89.1467
-88.853
-88.596
-88.3757
-88.1918
-88.0448
-87.9347
-87.8616
-87.8251
-91.4928
-91.0498
-90.5513
-90.07
-89.6257
-89.223
-88.8628
-88.5462
-88.2717
-88.0376
-87.8429
-87.6876
-87.5716
-87.4946
-87.4562
-94.7583
-91.7283
-90.6115
-89.9245
-89.3895
-88.9376
-88.546
-88.2071
-87.9157
-87.6683
-87.4633
-87.3002
-87.1785
-87.0978
-87.0575
-90.3128
-91.0743
-90.3697
-89.6703
-89.0917
-88.6063
-88.19
-87.832
-87.5253
-87.2657
-87.0512
-86.8808
-86.7539
-86.6699
-86.628
-95.2473
-91.4346
-90.1205
-89.3291
-88.7255
-88.223
-87.791
-87.4182
-87.0986
-86.8282
-86.6051
-86.4282
-86.2967
-86.2097
-86.1664
-88.4846
-90.0559
-89.5048
-88.8545
-88.2851
-87.787
-87.348
-86.9645
-86.6339
-86.3541
-86.1235
-85.941
-85.8056
-85.7162
-85.6717
-95.0688
-90.1473
-88.9544
-88.3205
-87.7913
-87.3062
-86.8639
-86.471
-86.1304
-85.8421
-85.605
-85.418
-85.2797
-85.1885
-85.1432
-83.3729
-87.6454
-88.012
-87.7107
-87.2632
-86.7918
-86.3427
-85.9382
-85.5871
-85.2908
-85.0485
-84.8583
-84.7181
-84.6261
-84.5804
-90.4997
-87.8521
-87.53
-87.1993
-86.7478
-86.2582
-85.7878
-85.3656
-85.0022
-84.6985
-84.4524
-84.2607
-84.1203
-84.0285
-83.9831
-81.9594
-86.4401
-87.0503
-86.7686
-86.2554
-85.7074
-85.1965
-84.7494
-84.3724
-84.0627
-83.8151
-83.6245
-83.486
-83.3958
-83.3514
-87.9031
-87.7123
-87.1864
-86.4957
-85.7835
-85.1273
-84.5581
-84.0818
-83.6925
-83.3803
-83.1353
-82.9491
-82.8151
-82.7286
-82.6861
-94.0235
-89.2133
-87.4336
-86.2343
-85.2692
-84.4835
-83.8522
-83.3507
-82.9559
-82.648
-82.4114
-82.2344
-82.1086
-82.028
-81.9886
-86.8126
-88.6059
-87.2744
-85.8072
-84.6268
-83.7293
-83.0531
-82.5426
-82.1559
-81.863
-81.643
-81.4814
-81.368
-81.2959
-81.2609
-95.114
-90.1647
-87.2062
-85.1776
-83.7845
-82.8184
-82.1362
-81.6455
-81.2875
-81.0243
-80.8313
-80.6922
-80.5959
-80.5354
-80.5062
-94.3404
-90.3373
-86.4892
-84.1035
-82.6424
-81.7076
-81.0836
-80.6534
-80.3501
-80.1338
-79.9793
-79.8703
-79.7964
-79.7505
-79.7286
-108.94
-90.399
-84.7535
-82.3842
-81.1316
-80.3783
-79.8937
-79.5701
-79.3495
-79.1975
-79.0928
-79.0216
-78.9747
-78.9464
-78.9331
-77.9066
-77.9086
-77.9139
-77.9249
-77.9456
-77.9818
-78.0421
-78.1397
-78.2948
-78.5366
-78.9033
-79.4405
-80.1264
-80.385
-76.1783
-76.9252
-76.9143
-76.8929
-76.8622
-76.8238
-76.7793
-76.731
-76.6813
-76.6314
-76.5759
-76.4876
-76.2854
-75.7339
-74.197
-70.2938
-75.9512
-75.9268
-75.8778
-75.8038
-75.7041
-75.5765
-75.4173
-75.2198
-74.9708
-74.6435
-74.1818
-73.4769
-72.3227
-70.3713
-67.2382
-74.9982
-74.9604
-74.8841
-74.7678
-74.6085
-74.4013
-74.1381
-73.8064
-73.3857
-72.8415
-72.1152
-71.1149
-69.7059
-67.7244
-65.0745
-74.0795
-74.0291
-73.9273
-73.7714
-73.5573
-73.2782
-72.9238
-72.479
-71.9215
-71.2181
-70.3193
-69.159
-67.6581
-65.7431
-63.3964
-73.2079
-73.1461
-73.0211
-72.83
-72.5677
-72.2268
-71.7964
-71.2611
-70.6004
-69.7863
-68.7813
-67.5413
-66.0216
-64.1907
-62.0526
-72.3949
-72.3231
-72.178
-71.9565
-71.6536
-71.2616
-70.7703
-70.1659
-69.4305
-68.5425
-67.4754
-66.2007
-64.6942
-62.9435
-60.9586
-71.6506
-71.5703
-71.4083
-71.1616
-70.8252
-70.3925
-69.8541
-69.1983
-68.4109
-67.4755
-66.3742
-65.0894
-63.6086
-61.9285
-60.0602
-70.9834
-70.8962
-70.7204
-70.4532
-70.0904
-69.626
-69.0521
-68.3592
-67.5364
-66.5719
-65.4538
-64.1718
-62.72
-61.0998
-59.3216
-70.4003
-70.3076
-70.1209
-69.8378
-69.4545
-68.966
-68.366
-67.6471
-66.8009
-65.8193
-64.6947
-63.4215
-61.9978
-60.427
-58.7189
-69.9069
-69.8099
-69.6149
-69.3196
-68.921
-68.4149
-67.7962
-67.0593
-66.1982
-65.2073
-64.0819
-62.8196
-61.4206
-59.8896
-58.2356
-69.5076
-69.4075
-69.2062
-68.9021
-68.4923
-67.9737
-67.3421
-66.5932
-65.7229
-64.7273
-63.6039
-62.3521
-60.9736
-59.4735
-57.8603
-69.2055
-69.1031
-68.8976
-68.5872
-68.1699
-67.6428
-67.0026
-66.2462
-65.3704
-64.3728
-63.2522
-62.0092
-60.6463
-59.1689
-57.5849
-69.003
-68.8992
-68.6909
-68.3767
-67.9546
-67.4222
-66.7769
-66.0161
-65.1373
-64.139
-63.0209
-61.7841
-60.4317
-58.9692
-57.4041
-68.9013
-68.7968
-68.5872
-68.2711
-67.8468
-67.312
-66.6643
-65.9014
-65.0213
-64.0229
-62.9062
-61.6726
-60.3255
-58.8703
-57.3146
-60.0777
-64.9364
-63.3715
-54.2895
-46.8586
-29.3286
-42.9522
-47.6221
-52.0814
-50.6816
-41.6944
-37.0647
-30.0533
-25.2609
-15.5404
-21.4903
-23.2507
-24.5205
-23.3624
-18.3381
-15.2108
-9.17916
-12.1366
-12.8723
-13.0212
-13.0985
-13.458
-12.7338
-10.0037
-8.32895
-5.14006
-6.81742
-7.2895
-7.53973
-7.70086
-8.13391
-7.81711
-6.34663
-5.40265
-3.48714
-4.80877
-5.28746
-5.77182
-6.11084
-6.85301
-6.83115
-6.01784
-5.63738
-5.09041
-4.5911
-3.28201
-4.98782
-5.78675
-6.96618
-7.13034
-6.46451
-5.87398
-4.21496
-6.43751
-7.51344
-9.03505
-10.0986
-12.2096
-12.5864
-11.6374
-10.6815
-7.7614
-12.2628
-14.5284
-17.8832
-20.2099
-24.8239
-25.7391
-24.0366
-22.0692
-15.8328
-25.5666
-30.3427
-37.3054
-41.9253
-50.9347
-52.3359
-47.8649
-43.1736
-29.4829
-47.1098
-54.5831
-63.726
-65.2723
-60.2851
-64.3018
-62.123
-59.0037
-53.8878
-48.5159
-43.1244
-44.5038
-45.9237
-46.5594
-44.8485
-40.6846
-36.5
-31.9359
-27.8505
-24.0576
-23.8382
-23.7938
-23.3965
-21.9936
-19.4519
-16.9837
-14.5947
-14.2564
-14.1096
-13.8991
-13.6222
-13.2333
-12.3888
-10.987
-9.66262
-8.41385
-8.29358
-8.29376
-8.28875
-8.25233
-8.17011
-7.80117
-7.09901
-6.42399
-5.80071
-5.93064
-6.14481
-6.39105
-6.61837
-6.84341
-6.81732
-6.53668
-6.25824
-5.9587
-5.69532
-5.50529
-6.01139
-6.55448
-7.09471
-7.32044
-7.24988
-7.1252
-7.05632
-7.88977
-8.82489
-9.88837
-10.9111
-11.9748
-12.5171
-12.5726
-12.5231
-12.5986
-14.4068
-16.416
-18.7166
-20.9226
-23.2218
-24.4102
-24.5747
-24.4376
-24.503
-28.2255
-32.266
-36.7938
-40.9588
-45.1162
-46.8201
-46.1742
-44.7419
-43.3515
-48.7673
-54.1615
-59.2937
-62.4021
-64.5446
-63.5792
-60.6623
-57.5094
-53.8539
-50.2006
-47.1701
-45.9974
-45.3555
-44.4178
-42.5494
-39.7065
-36.484
-33.1311
-30.0209
-27.4307
-25.9367
-24.8475
-23.7233
-22.2675
-20.4624
-18.6451
-17.0591
-16.1028
-15.4407
-14.875
-14.3096
-13.667
-12.8484
-11.861
-10.8892
-10.0642
-9.59787
-9.30714
-9.08469
-8.87144
-8.62089
-8.26672
-7.81378
-7.37218
-7.03089
-6.93245
-6.9573
-7.03893
-7.1306
-7.19694
-7.17151
-7.05378
-6.91082
-6.77619
-6.6951
-6.72727
-6.98292
-7.32763
-7.67758
-7.93864
-8.11461
-8.29745
-8.59962
-9.19713
-9.95315
-10.8022
-11.6664
-12.4931
-13.1511
-13.661
-14.1866
-14.9428
-16.2635
-17.8865
-19.6887
-21.5042
-23.2222
-24.5587
-25.5497
-26.517
-27.9089
-30.4288
-33.4898
-36.8069
-40.0053
-42.8326
-44.6893
-45.6168
-46.2504
-47.4192
-50.4555
-54.116
-57.7744
-60.9207
-63.8234
-62.2208
-59.5395
-56.737
-53.816
-50.9878
-48.5406
-46.7268
-45.2138
-43.6176
-41.6547
-39.2767
-36.6574
-33.9788
-31.4445
-29.2273
-27.4543
-25.9539
-24.5297
-23.0471
-21.4927
-19.9755
-18.6188
-17.5277
-16.6352
-15.8526
-15.1106
-14.3561
-13.5534
-12.7143
-11.9064
-11.1996
-10.651
-10.2239
-9.86902
-9.54589
-9.22254
-8.87605
-8.51374
-8.17733
-7.9127
-7.75809
-7.68938
-7.67376
-7.68075
-7.68405
-7.66009
-7.6086
-7.55277
-7.5179
-7.53305
-7.62871
-7.82751
-8.09461
-8.38984
-8.68081
-8.97093
-9.29929
-9.71911
-10.2777
-10.9491
-11.6962
-12.4775
-13.2565
-14.0002
-14.7289
-15.5201
-16.4763
-17.6872
-19.1011
-20.6442
-22.2284
-23.7747
-25.2073
-26.5611
-27.9873
-29.6925
-31.8549
-34.3466
-36.9927
-39.5879
-41.9482
-43.8977
-45.4834
-46.9886
-48.7979
-51.2441
-54.0724
-56.9917
-59.7888
-62.4617
-60.9563
-58.5896
-56.1339
-53.6436
-51.2256
-48.9989
-47.023
-45.1924
-43.3464
-41.3586
-39.1958
-36.9173
-34.6203
-32.4132
-30.3858
-28.5815
-26.9527
-25.4223
-23.932
-22.4715
-21.0769
-19.7981
-18.6689
-17.6733
-16.7737
-15.9317
-15.1168
-14.3125
-13.5247
-12.7799
-12.1087
-11.531
-11.0382
-10.6094
-10.2223
-9.8591
-9.50971
-9.17793
-8.88059
-8.63748
-8.46144
-8.34642
-8.27748
-8.23766
-8.21187
-8.18973
-8.17108
-8.16594
-8.18892
-8.25642
-8.38297
-8.57511
-8.82251
-9.10967
-9.42567
-9.77364
-10.1709
-10.6402
-11.1977
-11.8374
-12.5429
-13.2936
-14.0728
-14.8729
-15.7088
-16.6178
-17.645
-18.8206
-20.1317
-21.5428
-23.0096
-24.493
-25.9718
-27.4702
-29.0578
-30.8198
-32.8086
-34.983
-37.2532
-39.5103
-41.6563
-43.6309
-45.4665
-47.2892
-49.2594
-51.4822
-53.8971
-56.3834
-58.8338
-61.194
-59.878
-57.7663
-55.5792
-53.3663
-51.1873
-49.0956
-47.1102
-45.1934
-43.28
-41.3153
-39.2823
-37.2054
-35.1337
-33.1244
-31.2249
-29.4576
-27.8116
-26.259
-24.7763
-23.3572
-22.0137
-20.764
-19.6197
-18.5753
-17.6139
-16.7157
-15.8641
-15.05
-14.275
-13.5492
-12.8852
-12.2903
-11.7621
-11.2912
-10.8661
-10.4773
-10.1196
-9.79406
-9.50729
-9.2672
-9.07839
-8.9386
-8.84072
-8.77584
-8.73588
-8.71581
-8.71555
-8.74005
-8.79728
-8.89618
-9.04419
-9.24454
-9.49463
-9.78943
-10.126
-10.5069
-10.9403
-11.4361
-12.0007
-12.633
-13.3259
-14.0707
-14.8608
-15.6959
-16.5853
-17.5473
-18.602
-19.7611
-21.0203
-22.3633
-23.7691
-25.22
-26.7101
-28.2529
-29.8791
-31.622
-33.4967
-35.4828
-37.534
-39.5936
-41.6121
-43.5649
-45.4685
-47.3774
-49.3564
-51.443
-53.6175
-55.8257
-58.0075
-60.1134
-58.9711
-57.0499
-55.0605
-53.0393
-51.0225
-49.0387
-47.0986
-45.1898
-43.2878
-41.3709
-39.433
-37.4869
-35.5586
-33.679
-31.8748
-30.1607
-28.5374
-26.9968
-25.5306
-24.136
-22.817
-21.5799
-20.4284
-19.3595
-18.365
-17.4346
-16.5591
-15.7331
-14.9561
-14.2314
-13.5637
-12.9554
-12.4052
-11.9085
-11.4593
-11.0524
-10.6847
-10.3559
-10.0683
-9.82456
-9.62621
-9.47187
-9.35788
-9.27957
-9.23272
-9.21478
-9.2258
-9.26843
-9.34705
-9.46665
-9.63146
-9.8438
-10.1038
-10.4105
-10.7639
-11.1661
-11.6213
-12.1343
-12.7081
-13.3428
-14.0359
-14.7843
-15.5859
-16.4423
-17.359
-18.3454
-19.4104
-20.5592
-21.79
-23.0954
-24.4654
-25.8924
-27.3743
-28.9174
-30.5341
-32.2361
-34.0257
-35.8901
-37.804
-39.737
-41.6633
-43.5701
-45.4635
-47.3648
-49.2986
-51.2769
-53.2886
-55.3049
-57.2891
-59.2049
-58.2102
-56.4301
-54.5864
-52.705
-50.8096
-48.9187
-47.0414
-45.1766
-43.3173
-41.4571
-39.5963
-37.7435
-35.9142
-34.1263
-32.3962
-30.7346
-29.1457
-27.6292
-26.1833
-24.8078
-23.504
-22.2744
-21.1198
-20.0384
-19.0257
-18.0761
-17.1845
-16.3474
-15.5635
-14.8334
-14.1582
-13.5384
-12.9729
-12.459
-11.9933
-11.5727
-11.1952
-10.86
-10.5674
-10.3181
-10.1122
-9.94852
-9.82514
-9.7395
-9.68938
-9.67352
-9.69202
-9.74642
-9.83925
-9.97347
-10.1517
-10.3759
-10.6471
-10.9658
-11.333
-11.7505
-12.2208
-12.7464
-13.3293
-13.97
-14.6681
-15.4227
-16.234
-17.1034
-18.0344
-19.0318
-20.0999
-21.241
-22.4542
-23.736
-25.0817
-26.4874
-27.952
-29.4774
-31.0676
-32.7254
-34.4484
-36.2274
-38.0474
-39.8909
-41.743
-43.5952
-45.4473
-47.3055
-49.1768
-51.0622
-52.9525
-54.8291
-56.6677
-58.4427
-57.575
-55.9003
-54.1658
-52.3897
-50.5894
-48.7786
-46.9661
-45.1557
-43.3483
-41.5448
-39.7487
-37.9673
-36.211
-34.4916
-32.8202
-31.205
-29.6512
-28.1613
-26.7365
-25.3776
-24.086
-22.8626
-21.7077
-20.62
-19.5972
-18.636
-17.7333
-16.8869
-16.0952
-15.3579
-14.6747
-14.0451
-13.468
-12.9417
-12.4639
-12.0327
-11.6465
-11.3044
-11.0059
-10.7508
-10.5387
-10.3687
-10.2396
-10.1498
-10.0982
-10.0843
-10.1081
-10.1706
-10.2734
-10.4183
-10.6074
-10.842
-11.1234
-11.4528
-11.8314
-12.2605
-12.7421
-13.2778
-13.8689
-14.5164
-15.2204
-15.9814
-16.8
-17.6775
-18.6161
-19.6182
-20.686
-21.8206
-23.0213
-24.2864
-25.6132
-26.9993
-28.4436
-29.9456
-31.5054
-33.122
-34.7915
-36.5068
-38.2577
-40.0332
-41.8231
-43.6206
-45.4221
-47.227
-49.0343
-50.8401
-52.6355
-54.4067
-56.1366
-57.8064
-57.0507
-55.4556
-53.8036
-52.1086
-50.3839
-48.6406
-46.8874
-45.1303
-43.3739
-41.6223
-39.8806
-38.1556
-36.4555
-34.7889
-33.1642
-31.5882
-30.0661
-28.6012
-27.196
-25.8523
-24.5713
-23.3539
-22.2003
-21.11
-20.0816
-19.1132
-18.2029
-17.3491
-16.5505
-15.8062
-15.1156
-14.4778
-13.8917
-13.356
-12.869
-12.4294
-12.0359
-11.6874
-11.3834
-11.1232
-10.9062
-10.7317
-10.5987
-10.5066
-10.4545
-10.4422
-10.4698
-10.5382
-10.6482
-10.8013
-10.9988
-11.2421
-11.5323
-11.8706
-12.2583
-12.6967
-13.1871
-13.7308
-14.3291
-14.9827
-15.6925
-16.4589
-17.2829
-18.1655
-19.1079
-20.1117
-21.1778
-22.3066
-23.4976
-24.7495
-26.0607
-27.4292
-28.8535
-30.3319
-31.8628
-33.4436
-35.0699
-36.7357
-38.4336
-40.1552
-41.8929
-43.6402
-45.3922
-47.1447
-48.8934
-50.6322
-52.3525
-54.043
-55.6905
-57.281
-56.6268
-55.0918
-53.5023
-51.8696
-50.2043
-48.5163
-46.8139
-45.104
-43.3928
-41.6857
-39.9888
-38.3087
-36.6523
-35.0268
-33.4391
-31.895
-30.3996
-28.9564
-27.5685
-26.238
-24.9664
-23.7547
-22.6035
-21.5125
-20.4812
-19.5083
-18.5928
-17.7334
-16.9291
-16.1789
-15.4821
-14.8376
-14.2445
-13.7016
-13.2076
-12.7614
-12.3619
-12.0081
-11.6994
-11.4349
-11.214
-11.0362
-10.9008
-10.8071
-10.7549
-10.744
-10.7746
-10.8472
-10.9626
-11.1218
-11.3259
-11.5761
-11.8734
-12.2189
-12.6139
-13.0594
-13.5567
-14.1069
-14.711
-15.3699
-16.0844
-16.8552
-17.683
-18.5687
-19.5131
-20.517
-21.5808
-22.7045
-23.8876
-25.129
-26.4271
-27.7803
-29.1866
-30.6439
-32.1497
-33.7006
-35.2923
-36.9195
-38.5759
-40.2547
-41.9493
-43.6534
-45.3614
-47.0676
-48.7662
-50.4503
-52.1115
-53.7402
-55.3255
-56.8562
-56.2957
-54.8052
-53.2623
-51.6764
-50.0568
-48.4123
-46.7508
-45.0797
-43.4055
-41.7347
-40.0734
-38.4281
-36.8052
-35.2111
-33.6519
-32.1329
-30.6588
-29.2334
-27.8597
-26.5401
-25.2765
-24.07
-22.9214
-21.8308
-20.798
-19.8225
-18.9034
-18.04
-17.2313
-16.4765
-15.7748
-15.1252
-14.5267
-13.9784
-13.4791
-13.0278
-12.6236
-12.2656
-11.9531
-11.6852
-11.4615
-11.2813
-11.1441
-11.0496
-10.9974
-10.9876
-11.0204
-11.0961
-11.2154
-11.3792
-11.5883
-11.8437
-12.1464
-12.4976
-12.8981
-13.3492
-13.8518
-14.407
-15.0157
-15.6787
-16.3969
-17.1709
-18.0014
-18.889
-19.8343
-20.8376
-21.8991
-23.0185
-24.1952
-25.4281
-26.7157
-28.0562
-29.4476
-30.8874
-32.3726
-33.8998
-35.4646
-37.062
-38.6865
-40.332
-41.9923
-43.6614
-45.3331
-47.0014
-48.6597
-50.3008
-51.9167
-53.4988
-55.0378
-56.5244
-56.0518
-54.5929
-53.0832
-51.531
-49.9446
-48.3321
-46.7014
-45.0596
-43.4136
-41.77
-40.1353
-38.5156
-36.9172
-35.3461
-33.8077
-32.3072
-30.849
-29.437
-28.0741
-26.7631
-25.5057
-24.3034
-23.1571
-22.0673
-21.034
-20.0569
-19.1356
-18.2693
-17.4575
-16.6994
-15.994
-15.3406
-14.7383
-14.186
-13.6829
-13.228
-12.8204
-12.4593
-12.1439
-11.8736
-11.6478
-11.4659
-11.3276
-11.2325
-11.1805
-11.1715
-11.2058
-11.2837
-11.4058
-11.5727
-11.7854
-12.0446
-12.3514
-12.7065
-13.1112
-13.5663
-14.0727
-14.6316
-15.2436
-15.9097
-16.6305
-17.4068
-18.2391
-19.1278
-20.0734
-21.076
-22.1355
-23.2515
-24.4233
-25.6497
-26.9293
-28.2602
-29.6401
-31.0665
-32.5363
-34.0457
-35.5906
-37.1663
-38.7674
-40.3882
-42.023
-43.6657
-45.3099
-46.9495
-48.5775
-50.1869
-51.77
-53.3187
-54.8247
-56.2799
-55.8912
-54.4526
-52.9643
-51.4339
-49.8691
-48.2778
-46.6674
-45.0453
-43.4182
-41.7928
-40.1757
-38.5729
-36.9906
-35.4344
-33.9098
-32.4215
-30.9739
-29.5707
-28.2152
-26.9099
-25.6569
-24.4576
-23.3131
-22.224
-21.1905
-20.2125
-19.2899
-18.4219
-17.6081
-16.8478
-16.1401
-15.4842
-14.8793
-14.3245
-13.8189
-13.3616
-12.9518
-12.5886
-12.2714
-11.9995
-11.7723
-11.5894
-11.4504
-11.355
-11.303
-11.2946
-11.3298
-11.4092
-11.533
-11.7021
-11.917
-12.1787
-12.4881
-12.8459
-13.2532
-13.7109
-14.2198
-14.781
-15.3953
-16.0634
-16.7859
-17.5636
-18.397
-19.2864
-20.232
-21.234
-22.2921
-23.4057
-24.5742
-25.7962
-27.0704
-28.3947
-29.767
-31.1843
-32.6437
-34.1414
-35.6732
-37.2345
-38.8203
-40.4249
-42.0427
-43.6677
-45.2935
-46.9138
-48.5218
-50.1103
-51.672
-53.1991
-54.6839
-56.1189
-55.8115
-54.3829
-52.905
-51.3853
-49.8312
-48.2504
-46.6502
-45.0378
-43.4202
-41.804
-40.1956
-38.6013
-37.0269
-35.4782
-33.9603
-32.478
-31.0357
-29.6371
-28.2853
-26.9829
-25.732
-24.5343
-23.3907
-22.302
-21.2685
-20.2902
-19.3669
-18.4981
-17.6833
-16.9219
-16.213
-15.556
-14.9498
-14.3938
-13.887
-13.4285
-13.0176
-12.6534
-12.3353
-12.0626
-11.8347
-11.6513
-11.5119
-11.4163
-11.3644
-11.3563
-11.392
-11.472
-11.5968
-11.7668
-11.9829
-12.2458
-12.5564
-12.9156
-13.3242
-13.7831
-14.2934
-14.8557
-15.4711
-16.1401
-16.8635
-17.6419
-18.4758
-19.3655
-20.3111
-21.3127
-22.37
-23.4825
-24.6492
-25.8691
-27.1405
-28.4616
-29.8299
-31.2428
-32.6969
-34.1888
-35.7141
-37.2683
-38.8464
-40.4429
-42.0523
-43.6684
-45.285
-46.8957
-48.4937
-50.0719
-51.6229
-53.1395
-54.6139
-56.039
-76.3993
-80.6125
-80.3384
-79.6366
-79.0853
-78.708
-78.4588
-78.2968
-78.1933
-78.1285
-78.0892
-78.0664
-78.0539
-78.0476
-78.0451
-70.5244
-74.4199
-75.9454
-76.4849
-76.6753
-76.754
-76.8023
-76.8455
-76.8893
-76.933
-76.9742
-77.0104
-77.0395
-77.0598
-77.0702
-67.4707
-70.5937
-72.5349
-73.6788
-74.3737
-74.8269
-75.1474
-75.3899
-75.5817
-75.7363
-75.8606
-75.9581
-76.0303
-76.0782
-76.1021
-65.3061
-67.9464
-69.9185
-71.3188
-72.3104
-73.029
-73.5669
-73.9815
-74.3077
-74.5665
-74.7705
-74.9275
-75.0421
-75.1172
-75.1544
-63.6265
-65.9647
-67.8715
-69.3645
-70.5169
-71.4088
-72.1064
-72.6581
-73.0978
-73.4481
-73.7241
-73.9359
-74.0901
-74.1908
-74.2406
-62.2814
-64.4121
-66.2356
-67.7481
-68.9811
-69.9799
-70.7885
-71.4437
-71.9741
-72.4007
-72.7387
-72.9988
-73.1883
-73.3121
-73.3734
-61.1863
-63.1645
-64.9085
-66.4084
-67.6768
-68.7383
-69.621
-70.3512
-70.9512
-71.439
-71.8282
-72.1291
-72.3489
-72.4929
-72.5641
-60.2869
-62.1491
-63.823
-65.2978
-66.5768
-67.6728
-68.6032
-69.3859
-70.0377
-70.5729
-71.0031
-71.3373
-71.5825
-71.7433
-71.823
-59.5476
-61.32
-62.9345
-64.3807
-65.6574
-66.7705
-67.7304
-68.5489
-69.2381
-69.809
-70.271
-70.6317
-70.8973
-71.0719
-71.1586
-58.9443
-60.6469
-62.2124
-63.6309
-64.8992
-66.0191
-66.9963
-67.8385
-68.5541
-69.1512
-69.6372
-70.0185
-70.3
-70.4856
-70.5778
-58.4604
-60.1093
-61.6353
-63.0294
-64.2871
-65.408
-66.3949
-67.2523
-67.986
-68.6018
-69.1055
-69.5021
-69.7958
-69.9898
-70.0863
-58.0846
-59.693
-61.1884
-62.5622
-63.8096
-64.9288
-65.9205
-66.7874
-67.533
-68.1619
-68.6782
-69.0859
-69.3886
-69.5888
-69.6885
-57.8088
-59.3882
-60.8611
-62.2195
-63.4584
-64.5749
-65.5687
-66.4411
-67.1945
-67.8319
-68.3567
-68.7721
-69.081
-69.2856
-69.3875
-57.6278
-59.1884
-60.6465
-61.9946
-63.2273
-64.3415
-65.3361
-66.2115
-66.9693
-67.6119
-68.142
-68.5622
-68.875
-69.0823
-69.1856
-57.538
-59.0894
-60.5403
-61.8831
-63.1126
-64.2255
-65.2203
-66.097
-66.8569
-67.502
-68.0345
-68.457
-68.7716
-68.9803
-69.0843
)
;

boundaryField
{
    hot
    {
        type            calculated;
        value           nonuniform List<scalar> 
120
(
-67.578
-67.6754
-67.8697
-68.1599
-68.5443
-69.0206
-69.5854
-70.2343
-70.9617
-71.7606
-72.6223
-73.537
-74.4933
-75.479
-76.4812
-77.4035
-78.2371
-79.0595
-79.865
-80.6488
-81.4069
-82.1361
-82.8341
-83.499
-84.1297
-84.7255
-85.2862
-85.8119
-86.3029
-86.7601
-87.1844
-87.5771
-87.9393
-88.2726
-88.5785
-88.8585
-89.1144
-89.3475
-89.5596
-89.752
-89.9264
-90.0839
-90.2261
-90.354
-90.4689
-90.5718
-90.6637
-90.7456
-90.8182
-90.8825
-90.9391
-90.9886
-91.0315
-91.0685
-91.0999
-91.1262
-91.1475
-91.1643
-91.1766
-91.1847
-91.1887
-91.1885
-91.1842
-91.1757
-91.1628
-91.1454
-91.1233
-91.096
-91.0634
-91.0249
-90.9801
-90.9284
-90.8691
-90.8017
-90.7253
-90.6391
-90.5421
-90.4335
-90.3122
-90.177
-90.0267
-89.8602
-89.6761
-89.4732
-89.2499
-89.005
-88.7369
-88.4444
-88.1259
-87.7801
-87.4056
-87.001
-86.5652
-86.0972
-85.5959
-85.0606
-84.491
-83.8868
-83.2484
-82.5766
-81.8729
-81.1395
-80.3796
-79.5974
-78.7979
-77.9062
-76.928
-75.9573
-75.0076
-74.092
-73.2233
-72.4128
-71.6705
-71.0051
-70.4234
-69.9311
-69.5326
-69.2311
-69.0289
-68.9274
)
;
    }
    cold
    {
        type            calculated;
        value           nonuniform List<scalar> 
120
(
-68.767
-68.8659
-69.063
-69.3569
-69.7454
-70.2252
-70.7923
-71.4411
-72.1649
-72.9556
-73.8036
-74.698
-75.627
-76.5779
-77.5383
-78.4163
-79.2058
-79.9808
-80.7367
-81.4696
-82.1762
-82.8544
-83.5023
-84.1188
-84.7032
-85.2552
-85.7746
-86.2619
-86.7174
-87.1418
-87.536
-87.9011
-88.2382
-88.5485
-88.8333
-89.0941
-89.3321
-89.5488
-89.7456
-89.9238
-90.0847
-90.2297
-90.3601
-90.4769
-90.5813
-90.6743
-90.7569
-90.8301
-90.8946
-90.9512
-91.0005
-91.0433
-91.08
-91.1112
-91.1373
-91.1585
-91.1753
-91.1878
-91.1962
-91.2008
-91.2014
-91.1983
-91.1912
-91.1802
-91.1652
-91.1458
-91.1219
-91.0933
-91.0594
-91.0199
-90.9744
-90.9223
-90.863
-90.7957
-90.7198
-90.6343
-90.5384
-90.4312
-90.3115
-90.1782
-90.0301
-89.8661
-89.6847
-89.4847
-89.2648
-89.0234
-88.7593
-88.4709
-88.1569
-87.8159
-87.4465
-87.0475
-86.6175
-86.1555
-85.6606
-85.1319
-84.5691
-83.9718
-83.3404
-82.6756
-81.9788
-81.2522
-80.499
-79.7232
-78.9299
-78.0445
-77.0728
-76.108
-75.1637
-74.253
-73.3886
-72.5818
-71.8428
-71.1801
-70.6007
-70.1104
-69.7133
-69.4129
-69.2114
-69.1103
)
;
    }
    interface_left
    {
        type            calculated;
        value           nonuniform List<scalar> 
90
(
-116.317
-86.6353
-98.6464
-80.4138
-99.3892
-86.7125
-74.4006
-93.5799
-76.9407
-101.178
-85.9833
-99.8731
-89.1044
-98.3586
-92.0074
-86.4813
-94.1805
-87.6365
-96.1578
-90.8021
-95.0467
-92.0769
-89.6396
-92.7185
-90.0944
-92.6443
-90.2725
-93.055
-91.2375
-92.5108
-91.5372
-90.7583
-91.6543
-90.8564
-91.573
-90.8804
-91.6459
-91.1352
-91.4586
-91.1992
-91.0055
-91.216
-91.0502
-91.1816
-91.0859
-91.1543
-91.1374
-91.0969
-91.1414
-91.2275
-91.1292
-91.3321
-91.1055
-91.4643
-90.9311
-91.4015
-90.898
-91.3382
-91.8703
-91.2425
-92.1971
-91.1326
-92.6117
-90.406
-92.2186
-90.2212
-91.8175
-93.6994
-91.2442
-94.5455
-90.5753
-95.5236
-87.8226
-93.6534
-86.9075
-91.7234
-97.1859
-89.2383
-98.3631
-86.6783
-99.3649
-79.3455
-93.0277
-77.8079
-87.7872
-97.8407
-84.167
-98.2977
-95.4357
-123.051
)
;
    }
    interface_right
    {
        type            calculated;
        value           nonuniform List<scalar> 
90
(
-122.679
-96.6632
-97.3584
-87.1253
-76.9198
-90.6766
-76.8646
-93.7488
-78.1732
-100.395
-86.3568
-99.093
-89.1327
-97.7177
-91.7959
-86.5905
-93.8611
-87.5753
-95.8684
-90.539
-94.8121
-91.258
-93.9016
-91.8754
-90.156
-92.3087
-90.3548
-92.7351
-91.1393
-92.2895
-91.2587
-91.9376
-91.3623
-90.8862
-91.4304
-90.9218
-91.4965
-91.1112
-91.3557
-91.1603
-91.0171
-91.1741
-91.0617
-91.1469
-91.1053
-91.1089
-91.1455
-91.0642
-91.1737
-91.0166
-91.1597
-91.3581
-91.1069
-91.5068
-90.9013
-91.4478
-90.8788
-91.5082
-90.8021
-91.4126
-92.1697
-91.1783
-92.5678
-90.4546
-92.2065
-90.251
-91.8139
-93.6669
-91.2384
-94.5012
-90.5597
-95.4506
-87.836
-93.5906
-86.9395
-91.6858
-97.0658
-89.2293
-98.2044
-86.7075
-99.1543
-79.5581
-92.9489
-78.1354
-87.8947
-97.7226
-84.4865
-98.3084
-95.9837
-123.414
)
;
    }
    interface_top
    {
        type            calculated;
        value           nonuniform List<scalar> 
90
(
-60.0777
-64.9364
-63.3715
-54.2895
-46.8586
-29.3286
-42.9522
-47.6221
-52.0814
-50.6816
-41.6944
-37.0647
-30.0533
-25.2609
-15.5404
-21.4903
-23.2507
-24.5205
-23.3624
-18.3381
-15.2108
-9.17916
-12.1366
-12.8723
-13.0212
-13.0985
-13.458
-12.7338
-10.0037
-8.32895
-5.14006
-6.81742
-7.2895
-7.53973
-7.70086
-8.13391
-7.81711
-6.34663
-5.40265
-3.48714
-4.80877
-5.28746
-5.77182
-6.11084
-6.85301
-6.83115
-6.01784
-5.63738
-5.09041
-4.5911
-3.28201
-4.98782
-5.78675
-6.96618
-7.13034
-6.46451
-5.87398
-4.21496
-6.43751
-7.51344
-9.03505
-10.0986
-12.2096
-12.5864
-11.6374
-10.6815
-7.7614
-12.2628
-14.5284
-17.8832
-20.2099
-24.8239
-25.7391
-24.0366
-22.0692
-15.8328
-25.5666
-30.3427
-37.3054
-41.9253
-50.9347
-52.3359
-47.8649
-43.1736
-29.4829
-47.1098
-54.5831
-63.726
-65.2723
-60.2851
)
;
    }
    interface_bottom
    {
        type            calculated;
        value           nonuniform List<scalar> 
90
(
-55.9137
-57.5538
-52.3313
-32.3453
-47.1229
-51.7639
-54.6259
-56.1875
-59.3078
-57.017
-46.2533
-40.8419
-32.8998
-27.5809
-16.9644
-23.515
-25.5387
-27.2166
-26.1846
-21.2156
-18.7099
-15.1043
-12.6959
-7.96966
-10.8533
-11.7319
-12.4773
-11.9494
-9.52564
-7.99116
-4.98648
-6.65635
-7.14092
-7.4295
-7.61007
-8.06916
-7.76807
-6.32413
-5.392
-3.48965
-4.8206
-5.30556
-5.80111
-6.14654
-6.89936
-6.88008
-6.06452
-5.68333
-5.13537
-4.63326
-3.31388
-5.03883
-5.84703
-7.04037
-7.20724
-6.53605
-5.94003
-4.26395
-6.51636
-7.60767
-9.15282
-10.232
-12.3733
-12.7568
-11.7992
-10.8317
-7.87245
-12.4503
-14.7551
-18.1705
-20.5348
-25.2189
-26.1461
-24.4134
-22.411
-16.0691
-25.9645
-30.8112
-37.8665
-42.53
-51.603
-52.9878
-48.3982
-43.6218
-29.7457
-47.516
-55.0152
-64.1383
-65.5378
-60.0641
)
;
    }
    defaultFaces
    {
        type            empty;
    }
}


// ************************************************************************* //
