/*--------------------------------*- C++ -*----------------------------------*\
| =========                 |                                                 |
| \\      /  F ield         | OpenFOAM: The Open Source CFD Toolbox           |
|  \\    /   O peration     | Version:  5.x                                   |
|   \\  /    A nd           | Web:      www.OpenFOAM.org                      |
|    \\/     M anipulation  |                                                 |
\*---------------------------------------------------------------------------*/
FoamFile
{
    version     2.0;
    format      ascii;
    class       volScalarField;
    location    "0.4";
    object      T;
}
// * * * * * * * * * * * * * * * * * * * * * * * * * * * * * * * * * * * * * //

dimensions      [0 0 0 1 0 0 0];

internalField   nonuniform List<scalar> 
6300
(
322.662
321.987
321.313
320.642
319.974
319.311
318.653
318.003
317.36
316.725
316.101
315.488
314.886
314.298
313.723
322.662
321.985
321.311
320.638
319.97
319.305
318.647
317.995
317.351
316.716
316.09
315.476
314.874
314.284
313.709
322.661
321.982
321.306
320.631
319.961
319.295
318.634
317.98
317.334
316.696
316.069
315.453
314.848
314.257
313.68
322.659
321.978
321.298
320.621
319.947
319.278
318.614
317.957
317.308
316.667
316.037
315.417
314.81
314.216
313.637
322.657
321.972
321.289
320.608
319.93
319.256
318.589
317.927
317.273
316.629
315.994
315.37
314.759
314.162
313.579
322.655
321.965
321.277
320.591
319.908
319.229
318.556
317.89
317.23
316.58
315.94
315.311
314.695
314.093
313.506
322.652
321.957
321.263
320.571
319.882
319.197
318.518
317.845
317.179
316.522
315.875
315.239
314.617
314.009
313.417
322.649
321.947
321.246
320.548
319.852
319.16
318.473
317.792
317.119
316.454
315.798
315.155
314.525
313.91
313.311
322.645
321.936
321.228
320.522
319.818
319.118
318.423
317.733
317.05
316.376
315.711
315.058
314.418
313.794
313.188
322.641
321.924
321.208
320.493
319.781
319.072
318.367
317.667
316.974
316.288
315.612
314.947
314.296
313.662
313.047
322.637
321.911
321.186
320.462
319.741
319.022
318.306
317.596
316.89
316.192
315.502
314.823
314.157
313.51
312.884
322.632
321.897
321.163
320.429
319.698
318.968
318.242
317.519
316.8
316.087
315.381
314.685
314.002
313.337
312.696
322.628
321.883
321.138
320.395
319.653
318.912
318.173
317.437
316.704
315.975
315.251
314.535
313.829
313.14
312.478
322.623
321.868
321.114
320.36
319.606
318.854
318.103
317.353
316.605
315.858
315.114
314.374
313.639
312.916
312.22
322.618
321.853
321.088
320.324
319.559
318.795
318.032
317.268
316.504
315.74
314.975
314.208
313.438
312.666
311.901
313.21
312.754
312.309
311.875
311.453
311.043
310.646
310.26
309.887
309.527
309.179
308.845
308.523
308.213
307.916
307.632
307.359
307.099
306.85
306.613
306.386
306.17
305.964
305.768
305.581
305.403
305.233
305.071
304.917
304.769
304.628
304.493
304.363
304.238
304.118
304.003
303.891
303.782
303.676
303.573
303.472
303.373
303.276
303.179
303.083
302.987
302.892
302.795
302.698
302.6
302.5
302.398
302.294
302.187
302.077
301.963
301.845
301.722
301.595
301.462
301.324
301.179
301.027
300.868
300.702
300.527
300.344
300.152
299.95
299.738
299.516
299.283
299.039
298.783
298.515
298.235
297.943
297.637
297.319
296.988
296.643
296.285
295.914
295.529
295.131
294.72
294.297
293.86
293.412
292.951
313.195
312.738
312.293
311.859
311.436
311.026
310.628
310.243
309.869
309.509
309.162
308.827
308.505
308.196
307.899
307.615
307.343
307.083
306.834
306.597
306.371
306.156
305.951
305.755
305.569
305.391
305.222
305.061
304.907
304.76
304.619
304.485
304.356
304.232
304.112
303.997
303.886
303.778
303.673
303.57
303.47
303.371
303.274
303.178
303.083
302.988
302.892
302.797
302.7
302.602
302.503
302.402
302.298
302.191
302.082
301.968
301.851
301.729
301.603
301.47
301.332
301.188
301.037
300.879
300.713
300.539
300.357
300.165
299.964
299.753
299.531
299.299
299.055
298.8
298.532
298.253
297.961
297.656
297.338
297.006
296.662
296.304
295.933
295.548
295.15
294.739
294.314
293.878
293.428
292.967
313.165
312.707
312.261
311.826
311.403
310.992
310.593
310.207
309.834
309.473
309.126
308.791
308.469
308.16
307.864
307.58
307.309
307.05
306.802
306.567
306.342
306.127
305.923
305.729
305.544
305.368
305.2
305.04
304.887
304.742
304.603
304.469
304.342
304.219
304.101
303.987
303.876
303.77
303.666
303.564
303.465
303.367
303.271
303.176
303.082
302.988
302.894
302.799
302.703
302.607
302.509
302.408
302.306
302.2
302.092
301.98
301.864
301.743
301.618
301.487
301.35
301.207
301.058
300.901
300.736
300.564
300.382
300.192
299.992
299.782
299.562
299.33
299.088
298.833
298.567
298.288
297.997
297.692
297.375
297.044
296.7
296.342
295.97
295.585
295.187
294.775
294.35
293.912
293.462
293
313.12
312.66
312.212
311.776
311.352
310.94
310.541
310.154
309.78
309.419
309.071
308.737
308.415
308.107
307.811
307.529
307.258
307
306.754
306.52
306.297
306.084
305.882
305.69
305.507
305.333
305.167
305.009
304.858
304.715
304.577
304.446
304.32
304.199
304.083
303.971
303.862
303.757
303.655
303.555
303.457
303.362
303.267
303.174
303.081
302.988
302.895
302.802
302.709
302.614
302.517
302.418
302.318
302.214
302.107
301.997
301.883
301.764
301.64
301.511
301.377
301.236
301.088
300.933
300.771
300.6
300.421
300.232
300.034
299.826
299.607
299.378
299.137
298.884
298.619
298.342
298.051
297.748
297.431
297.101
296.756
296.399
296.027
295.642
295.243
294.83
294.404
293.965
293.513
293.048
313.059
312.597
312.148
311.71
311.284
310.871
310.47
310.083
309.708
309.347
308.999
308.664
308.343
308.035
307.741
307.459
307.19
306.934
306.69
306.458
306.237
306.027
305.827
305.637
305.457
305.286
305.123
304.967
304.819
304.678
304.544
304.415
304.292
304.173
304.059
303.95
303.843
303.741
303.641
303.543
303.447
303.354
303.261
303.17
303.079
302.989
302.898
302.807
302.715
302.622
302.528
302.432
302.333
302.232
302.128
302.02
301.908
301.792
301.671
301.544
301.412
301.274
301.129
300.976
300.817
300.649
300.472
300.286
300.091
299.885
299.669
299.441
299.203
298.952
298.689
298.413
298.124
297.822
297.506
297.176
296.833
296.475
296.103
295.717
295.317
294.904
294.476
294.035
293.581
293.114
312.982
312.518
312.066
311.626
311.199
310.784
310.382
309.993
309.618
309.255
308.907
308.572
308.252
307.945
307.651
307.372
307.105
306.851
306.609
306.38
306.162
305.955
305.758
305.572
305.395
305.227
305.067
304.915
304.771
304.633
304.502
304.377
304.256
304.141
304.03
303.923
303.82
303.72
303.623
303.528
303.435
303.344
303.254
303.165
303.077
302.989
302.901
302.813
302.724
302.633
302.542
302.448
302.353
302.254
302.153
302.048
301.939
301.826
301.708
301.585
301.456
301.321
301.179
301.031
300.874
300.709
300.536
300.354
300.161
299.959
299.746
299.521
299.285
299.037
298.777
298.503
298.216
297.915
297.601
297.272
296.929
296.571
296.199
295.813
295.412
294.997
294.568
294.124
293.667
293.197
312.889
312.422
311.967
311.525
311.095
310.679
310.275
309.885
309.508
309.145
308.796
308.461
308.141
307.835
307.543
307.265
307.001
306.75
306.512
306.285
306.071
305.868
305.675
305.493
305.32
305.156
305.001
304.853
304.713
304.579
304.452
304.331
304.214
304.103
303.995
303.892
303.792
303.696
303.602
303.51
303.42
303.332
303.246
303.16
303.075
302.99
302.905
302.82
302.734
302.647
302.558
302.468
302.376
302.281
302.183
302.082
301.977
301.867
301.753
301.634
301.509
301.378
301.24
301.095
300.943
300.782
300.613
300.435
300.246
300.048
299.838
299.618
299.385
299.14
298.883
298.612
298.327
298.028
297.715
297.388
297.045
296.688
296.316
295.929
295.527
295.11
294.679
294.233
293.772
293.298
312.779
312.308
311.85
311.406
310.974
310.555
310.15
309.758
309.379
309.014
308.665
308.33
308.01
307.705
307.416
307.14
306.879
306.631
306.397
306.174
305.964
305.766
305.578
305.4
305.232
305.074
304.923
304.781
304.645
304.517
304.394
304.277
304.165
304.058
303.955
303.856
303.76
303.667
303.577
303.489
303.403
303.319
303.236
303.154
303.072
302.99
302.909
302.827
302.745
302.662
302.577
302.491
302.402
302.312
302.218
302.121
302.02
301.915
301.806
301.691
301.57
301.444
301.311
301.171
301.023
300.868
300.703
300.53
300.346
300.152
299.947
299.731
299.502
299.261
299.007
298.74
298.458
298.162
297.851
297.524
297.182
296.825
296.453
296.065
295.663
295.244
294.81
294.361
293.897
293.418
312.651
312.176
311.715
311.268
310.834
310.414
310.006
309.611
309.23
308.863
308.512
308.177
307.858
307.555
307.267
306.996
306.738
306.494
306.264
306.047
305.841
305.648
305.466
305.294
305.132
304.979
304.835
304.698
304.568
304.445
304.328
304.217
304.11
304.008
303.91
303.815
303.724
303.635
303.549
303.466
303.384
303.304
303.225
303.146
303.069
302.991
302.914
302.836
302.758
302.679
302.598
302.516
302.433
302.346
302.257
302.165
302.069
301.97
301.865
301.756
301.641
301.519
301.392
301.257
301.115
300.965
300.806
300.638
300.461
300.272
300.072
299.861
299.637
299.4
299.151
298.888
298.61
298.316
298.007
297.682
297.341
296.984
296.612
296.224
295.82
295.4
294.964
294.511
294.042
293.557
312.503
312.024
311.56
311.112
310.676
310.254
309.844
309.446
309.061
308.691
308.337
308.001
307.682
307.381
307.098
306.83
306.577
306.339
306.113
305.901
305.702
305.515
305.339
305.174
305.019
304.873
304.736
304.605
304.482
304.365
304.254
304.149
304.048
303.952
303.859
303.769
303.683
303.6
303.519
303.44
303.363
303.287
303.213
303.139
303.065
302.992
302.918
302.845
302.771
302.697
302.622
302.545
302.466
302.385
302.301
302.215
302.124
302.03
301.932
301.828
301.719
301.604
301.482
301.354
301.218
301.075
300.923
300.761
300.59
300.408
300.214
300.008
299.789
299.558
299.314
299.056
298.783
298.493
298.187
297.863
297.523
297.166
296.793
296.404
296
295.579
295.141
294.685
294.21
293.718
312.333
311.85
311.385
310.936
310.501
310.077
309.664
309.261
308.871
308.496
308.138
307.8
307.482
307.184
306.906
306.644
306.397
306.164
305.944
305.738
305.545
305.365
305.197
305.04
304.894
304.756
304.626
304.503
304.387
304.277
304.173
304.075
303.981
303.891
303.804
303.72
303.639
303.56
303.485
303.411
303.34
303.269
303.2
303.13
303.061
302.992
302.923
302.855
302.786
302.717
302.647
302.576
302.503
302.427
302.35
302.269
302.185
302.098
302.006
301.909
301.806
301.698
301.583
301.461
301.332
301.196
301.052
300.899
300.735
300.56
300.372
300.172
299.96
299.735
299.497
299.246
298.979
298.694
298.391
298.068
297.727
297.369
296.995
296.607
296.204
295.783
295.343
294.883
294.403
293.903
312.137
311.652
311.187
310.741
310.31
309.886
309.469
309.059
308.661
308.276
307.911
307.569
307.253
306.96
306.689
306.436
306.197
305.971
305.756
305.556
305.37
305.198
305.039
304.893
304.756
304.627
304.506
304.39
304.282
304.18
304.085
303.995
303.908
303.825
303.744
303.666
303.59
303.517
303.448
303.381
303.315
303.25
303.186
303.122
303.057
302.993
302.928
302.865
302.801
302.738
302.675
302.61
302.543
302.473
302.402
302.327
302.251
302.171
302.087
301.998
301.902
301.8
301.692
301.577
301.456
301.329
301.195
301.051
300.896
300.729
300.548
300.354
300.147
299.929
299.7
299.458
299.2
298.922
298.622
298.299
297.956
297.594
297.219
296.831
296.431
296.014
295.574
295.111
294.623
294.114
311.909
311.424
310.961
310.527
310.107
309.685
309.265
308.843
308.43
308.027
307.652
307.304
306.99
306.704
306.448
306.21
305.98
305.76
305.549
305.354
305.174
305.012
304.864
304.731
304.608
304.489
304.376
304.268
304.168
304.075
303.99
303.909
303.831
303.755
303.681
303.608
303.537
303.47
303.407
303.347
303.289
303.231
303.173
303.113
303.053
302.992
302.933
302.874
302.816
302.76
302.704
302.647
302.586
302.523
302.457
302.389
302.32
302.25
302.175
302.095
302.008
301.913
301.811
301.702
301.589
301.471
301.35
301.219
301.075
300.917
300.743
300.554
300.351
300.14
299.92
299.693
299.449
299.18
298.885
298.56
298.211
297.839
297.46
297.072
296.683
296.277
295.838
295.372
294.873
294.357
311.636
311.166
310.693
310.294
309.91
309.48
309.064
308.613
308.187
307.738
307.354
306.989
306.686
306.408
306.181
305.972
305.748
305.538
305.319
305.13
304.953
304.805
304.668
304.556
304.452
304.343
304.241
304.135
304.043
303.958
303.887
303.821
303.751
303.685
303.615
303.548
303.479
303.419
303.361
303.312
303.264
303.212
303.161
303.105
303.05
302.99
302.936
302.88
302.83
302.78
302.735
302.688
302.633
302.577
302.514
302.454
302.392
302.334
302.273
302.201
302.124
302.034
301.94
301.832
301.729
301.62
301.517
301.407
301.274
301.13
300.957
300.776
300.565
300.363
300.15
299.95
299.736
299.474
299.191
298.853
298.5
298.092
297.711
297.315
296.959
296.587
296.141
295.68
295.149
294.639
311.277
310.913
310.318
310.041
309.779
309.255
308.916
308.345
307.98
307.356
307.03
306.585
306.349
306.037
305.889
305.754
305.497
305.329
305.044
304.892
304.69
304.581
304.438
304.369
304.306
304.188
304.11
303.98
303.911
303.821
303.778
303.738
303.667
303.619
303.543
303.492
303.408
303.363
303.303
303.273
303.245
303.193
303.156
303.096
303.054
302.981
302.939
302.88
302.845
302.794
302.767
302.739
302.683
302.642
302.566
302.522
302.457
302.423
302.386
302.314
302.259
302.161
302.089
301.955
301.876
301.759
301.696
301.627
301.488
301.381
301.185
301.039
300.765
300.603
300.358
300.23
300.09
299.797
299.577
299.166
298.868
298.306
297.985
297.499
297.258
297.004
296.466
296.087
295.397
294.994
292.432
291.85
291.253
290.642
290.019
289.384
288.739
288.085
287.423
286.754
286.079
285.4
284.717
284.031
283.344
292.447
291.864
291.266
290.655
290.03
289.394
288.748
288.093
287.43
286.76
286.084
285.403
284.719
284.032
283.344
292.478
291.893
291.293
290.679
290.053
289.415
288.766
288.109
287.443
286.771
286.093
285.41
284.724
284.035
283.345
292.524
291.937
291.334
290.716
290.086
289.445
288.793
288.132
287.463
286.787
286.106
285.421
284.731
284.04
283.347
292.587
291.995
291.388
290.766
290.131
289.485
288.829
288.163
287.49
286.81
286.124
285.434
284.741
284.046
283.349
292.666
292.069
291.456
290.828
290.188
289.535
288.873
288.202
287.523
286.837
286.146
285.452
284.753
284.053
283.351
292.761
292.158
291.538
290.904
290.256
289.596
288.926
288.248
287.562
286.87
286.173
285.472
284.768
284.061
283.354
292.875
292.264
291.635
290.992
290.335
289.666
288.987
288.301
287.607
286.907
286.203
285.495
284.784
284.071
283.357
293.007
292.386
291.748
291.093
290.425
289.746
289.057
288.36
287.658
286.949
286.237
285.521
284.802
284.082
283.361
293.159
292.527
291.875
291.207
290.526
289.835
289.134
288.427
287.713
286.995
286.274
285.549
284.822
284.094
283.365
293.333
292.686
292.018
291.334
290.638
289.932
289.218
288.498
287.774
287.045
286.314
285.58
284.844
284.107
283.369
293.531
292.865
292.177
291.474
290.759
290.036
289.308
288.574
287.837
287.098
286.356
285.612
284.867
284.12
283.373
293.757
293.066
292.352
291.624
290.888
290.147
289.402
288.654
287.904
287.152
286.399
285.645
284.89
284.134
283.378
294.02
293.291
292.54
291.782
291.021
290.26
289.498
288.735
287.972
287.208
286.444
285.679
284.914
284.149
283.383
294.336
293.536
292.735
291.942
291.156
290.374
289.595
288.817
288.041
287.265
286.489
285.714
284.938
284.163
283.388
322.613
321.839
321.065
320.291
319.516
318.741
317.966
317.19
316.412
315.632
314.849
314.058
313.257
312.43
311.534
322.609
321.826
321.044
320.261
319.477
318.693
317.907
317.12
316.331
315.537
314.739
313.931
313.109
312.264
311.385
322.605
321.814
321.023
320.231
319.439
318.645
317.85
317.053
316.252
315.447
314.635
313.814
312.979
312.122
311.229
322.601
321.802
321.003
320.203
319.402
318.599
317.795
316.987
316.176
315.361
314.538
313.707
312.863
312.005
311.138
322.597
321.79
320.983
320.175
319.366
318.555
317.741
316.925
316.105
315.28
314.448
313.609
312.759
311.895
311.003
322.593
321.779
320.964
320.148
319.331
318.512
317.69
316.865
316.037
315.203
314.364
313.518
312.665
311.805
310.94
322.589
321.768
320.946
320.122
319.298
318.471
317.641
316.809
315.972
315.131
314.284
313.432
312.576
311.719
310.878
322.586
321.757
320.928
320.098
319.266
318.432
317.595
316.755
315.911
315.063
314.209
313.351
312.488
311.622
310.75
322.583
321.747
320.911
320.074
319.236
318.395
317.551
316.704
315.854
314.998
314.138
313.272
312.402
311.529
310.667
322.579
321.738
320.896
320.052
319.207
318.36
317.51
316.657
315.799
314.938
314.071
313.198
312.318
311.429
310.52
322.576
321.729
320.881
320.031
319.18
318.327
317.471
316.612
315.749
314.881
314.008
313.128
312.241
311.345
310.444
322.574
321.72
320.867
320.012
319.155
318.296
317.435
316.57
315.701
314.828
313.949
313.064
312.171
311.265
310.339
322.571
321.713
320.854
319.993
319.132
318.268
317.401
316.531
315.658
314.78
313.896
313.006
312.108
311.201
310.285
322.568
321.705
320.841
319.976
319.11
318.241
317.37
316.495
315.617
314.735
313.848
312.954
312.054
311.143
310.215
322.566
321.698
320.83
319.96
319.089
318.216
317.341
316.462
315.58
314.694
313.804
312.908
312.006
311.098
310.183
322.564
321.692
320.819
319.946
319.07
318.193
317.314
316.432
315.546
314.657
313.764
312.866
311.963
311.057
310.155
322.562
321.686
320.81
319.932
319.053
318.172
317.289
316.404
315.515
314.623
313.727
312.827
311.923
311.015
310.102
322.56
321.681
320.801
319.92
319.037
318.153
317.267
316.378
315.487
314.592
313.694
312.792
311.886
310.977
310.069
322.559
321.676
320.792
319.908
319.022
318.135
317.246
316.355
315.461
314.564
313.664
312.76
311.852
310.938
310.015
322.557
321.671
320.785
319.897
319.009
318.119
317.228
316.334
315.438
314.539
313.636
312.731
311.821
310.907
309.989
322.556
321.667
320.778
319.888
318.997
318.104
317.21
316.314
315.416
314.515
313.612
312.705
311.795
310.879
309.955
322.554
321.663
320.771
319.879
318.986
318.091
317.195
316.297
315.397
314.495
313.59
312.682
311.772
310.858
309.94
322.553
321.66
320.766
319.871
318.975
318.079
317.181
316.281
315.38
314.476
313.57
312.662
311.752
310.839
309.928
322.552
321.656
320.76
319.864
318.966
318.068
317.168
316.267
315.364
314.459
313.552
312.644
311.733
310.821
309.906
322.551
321.654
320.756
319.857
318.958
318.058
317.156
316.254
315.35
314.444
313.536
312.627
311.716
310.804
309.893
322.55
321.651
320.751
319.851
318.95
318.049
317.146
316.242
315.337
314.43
313.522
312.612
311.701
310.788
309.873
322.55
321.649
320.747
319.846
318.944
318.041
317.137
316.232
315.325
314.418
313.509
312.599
311.687
310.774
309.861
322.549
321.647
320.744
319.841
318.937
318.033
317.128
316.222
315.315
314.407
313.497
312.587
311.674
310.76
309.842
322.548
321.645
320.741
319.837
318.932
318.027
317.121
316.214
315.306
314.397
313.487
312.576
311.663
310.749
309.833
322.548
321.643
320.738
319.833
318.927
318.021
317.114
316.206
315.298
314.388
313.478
312.566
311.654
310.739
309.822
322.547
321.641
320.735
319.829
318.923
318.015
317.108
316.199
315.29
314.381
313.47
312.558
311.646
310.732
309.817
322.547
321.64
320.733
319.826
318.919
318.011
317.102
316.194
315.284
314.374
313.463
312.551
311.639
310.726
309.814
322.546
321.639
320.731
319.823
318.915
318.007
317.098
316.188
315.278
314.368
313.457
312.545
311.633
310.72
309.807
322.546
321.638
320.729
319.821
318.912
318.003
317.093
316.184
315.273
314.362
313.451
312.539
311.627
310.715
309.803
322.546
321.637
320.728
319.819
318.909
318
317.09
316.179
315.269
314.358
313.446
312.534
311.622
310.71
309.797
322.545
321.636
320.726
319.817
318.907
317.997
317.086
316.176
315.265
314.354
313.442
312.53
311.618
310.705
309.793
322.545
321.635
320.725
319.815
318.905
317.994
317.084
316.173
315.261
314.35
313.438
312.526
311.614
310.701
309.788
322.545
321.635
320.724
319.814
318.903
317.992
317.081
316.17
315.258
314.347
313.435
312.523
311.611
310.698
309.786
322.545
321.634
320.723
319.812
318.901
317.99
317.079
316.168
315.256
314.344
313.432
312.52
311.608
310.695
309.783
322.545
321.633
320.722
319.811
318.9
317.989
317.077
316.166
315.254
314.342
313.43
312.518
311.606
310.693
309.781
322.544
321.633
320.722
319.81
318.899
317.987
317.076
316.164
315.252
314.34
313.428
312.516
311.604
310.692
309.78
322.544
321.633
320.721
319.81
318.898
317.986
317.074
316.163
315.251
314.339
313.426
312.514
311.602
310.691
309.779
322.544
321.633
320.721
319.809
318.897
317.985
317.074
316.162
315.249
314.337
313.425
312.513
311.601
310.689
309.778
322.544
321.632
320.721
319.809
318.897
317.985
317.073
316.161
315.249
314.337
313.424
312.512
311.6
310.689
309.777
322.544
321.632
320.72
319.808
318.896
317.984
317.072
316.16
315.248
314.336
313.424
312.512
311.6
310.688
309.776
322.544
321.632
320.72
319.808
318.896
317.984
317.072
316.16
315.248
314.336
313.423
312.511
311.599
310.688
309.776
322.544
321.632
320.72
319.808
318.896
317.984
317.072
316.16
315.248
314.336
313.423
312.511
311.599
310.687
309.776
322.544
321.632
320.72
319.808
318.896
317.984
317.072
316.16
315.248
314.336
313.424
312.512
311.6
310.688
309.776
322.544
321.632
320.721
319.809
318.897
317.985
317.073
316.161
315.249
314.336
313.424
312.512
311.6
310.688
309.776
322.544
321.633
320.721
319.809
318.897
317.985
317.074
316.162
315.249
314.337
313.425
312.513
311.601
310.689
309.777
322.544
321.633
320.721
319.81
318.898
317.986
317.075
316.163
315.251
314.338
313.426
312.514
311.602
310.69
309.778
322.544
321.633
320.722
319.81
318.899
317.987
317.076
316.164
315.252
314.34
313.428
312.516
311.603
310.691
309.779
322.545
321.634
320.723
319.811
318.9
317.989
317.077
316.166
315.254
314.342
313.43
312.518
311.605
310.693
309.781
322.545
321.634
320.723
319.813
318.902
317.99
317.079
316.168
315.256
314.344
313.432
312.52
311.608
310.695
309.783
322.545
321.635
320.724
319.814
318.903
317.992
317.081
316.17
315.259
314.347
313.435
312.523
311.61
310.698
309.786
322.545
321.635
320.725
319.815
318.905
317.995
317.084
316.173
315.262
314.35
313.438
312.526
311.614
310.701
309.789
322.545
321.636
320.727
319.817
318.907
317.997
317.087
316.176
315.265
314.354
313.442
312.53
311.617
310.705
309.793
322.546
321.637
320.728
319.819
318.91
318
317.09
316.18
315.269
314.358
313.446
312.534
311.621
310.708
309.795
322.546
321.638
320.73
319.821
318.913
318.004
317.094
316.184
315.274
314.363
313.451
312.539
311.626
310.712
309.797
322.546
321.639
320.732
319.824
318.916
318.007
317.099
316.189
315.279
314.368
313.457
312.545
311.632
310.718
309.803
322.547
321.64
320.734
319.827
318.92
318.012
317.104
316.195
315.285
314.375
313.463
312.551
311.638
310.724
309.808
322.547
321.642
320.736
319.83
318.924
318.017
317.109
316.201
315.292
314.382
313.471
312.559
311.646
310.732
309.817
322.548
321.643
320.739
319.834
318.928
318.022
317.116
316.208
315.3
314.39
313.48
312.568
311.655
310.741
309.825
322.548
321.645
320.742
319.838
318.934
318.029
317.123
316.216
315.308
314.399
313.489
312.578
311.665
310.752
309.839
322.549
321.647
320.745
319.843
318.939
318.036
317.131
316.225
315.318
314.41
313.5
312.589
311.677
310.763
309.848
322.55
321.65
320.749
319.848
318.946
318.043
317.14
316.235
315.329
314.421
313.512
312.601
311.689
310.776
309.863
322.551
321.652
320.753
319.853
318.953
318.052
317.15
316.246
315.341
314.434
313.526
312.615
311.703
310.788
309.871
322.552
321.655
320.758
319.86
318.961
318.062
317.161
316.259
315.355
314.449
313.541
312.631
311.718
310.802
309.88
322.553
321.658
320.763
319.867
318.97
318.072
317.173
316.272
315.37
314.465
313.558
312.649
311.736
310.82
309.901
322.554
321.661
320.768
319.874
318.98
318.084
317.187
316.288
315.387
314.483
313.578
312.669
311.757
310.841
309.918
322.555
321.665
320.774
319.883
318.99
318.097
317.202
316.305
315.405
314.504
313.6
312.692
311.782
310.867
309.95
322.556
321.669
320.781
319.892
319.002
318.111
317.218
316.323
315.426
314.526
313.624
312.718
311.809
310.896
309.975
322.558
321.673
320.788
319.902
319.015
318.126
317.236
316.344
315.449
314.551
313.65
312.747
311.84
310.931
310.023
322.559
321.678
320.796
319.913
319.029
318.143
317.256
316.366
315.474
314.578
313.68
312.778
311.873
310.965
310.053
322.561
321.683
320.805
319.925
319.044
318.162
317.277
316.39
315.501
314.608
313.711
312.811
311.908
311.002
310.099
322.563
321.689
320.814
319.938
319.061
318.182
317.301
316.417
315.53
314.64
313.746
312.848
311.945
311.037
310.123
322.565
321.695
320.824
319.952
319.079
318.204
317.326
316.446
315.563
314.676
313.784
312.888
311.986
311.076
310.151
322.567
321.701
320.835
319.967
319.098
318.227
317.354
316.478
315.598
314.714
313.826
312.933
312.033
311.125
310.211
322.57
321.708
320.846
319.984
319.119
318.253
317.384
316.512
315.636
314.757
313.872
312.983
312.086
311.18
310.257
322.572
321.716
320.859
320.001
319.141
318.28
317.416
316.548
315.677
314.802
313.922
313.037
312.146
311.247
310.345
322.575
321.724
320.872
320.02
319.165
318.309
317.45
316.588
315.722
314.852
313.977
313.097
312.211
311.318
310.408
322.578
321.732
320.887
320.04
319.191
318.34
317.487
316.63
315.769
314.904
314.035
313.16
312.282
311.401
310.53
322.581
321.741
320.902
320.061
319.218
318.373
317.526
316.675
315.82
314.961
314.097
313.227
312.354
311.478
310.598
322.584
321.751
320.918
320.083
319.247
318.409
317.568
316.723
315.874
315.021
314.162
313.298
312.429
311.559
310.702
322.587
321.761
320.935
320.107
319.278
318.446
317.612
316.774
315.932
315.085
314.232
313.372
312.504
311.63
310.752
322.591
321.772
320.952
320.132
319.31
318.486
317.659
316.829
315.994
315.154
314.307
313.451
312.585
311.705
310.802
322.594
321.783
320.971
320.158
319.343
318.527
317.708
316.886
316.06
315.228
314.388
313.538
312.675
311.796
310.906
322.598
321.794
320.99
320.185
319.378
318.57
317.76
316.947
316.13
315.307
314.477
313.635
312.776
311.894
310.977
322.602
321.806
321.01
320.213
319.415
318.616
317.815
317.011
316.204
315.393
314.573
313.743
312.895
312.017
311.093
322.606
321.818
321.03
320.241
319.452
318.662
317.871
317.078
316.282
315.483
314.678
313.864
313.034
312.173
311.231
294.7
293.762
292.906
292.082
291.274
290.475
289.681
288.891
288.103
287.316
286.53
285.745
284.961
284.176
283.392
294.83
293.909
293.039
292.198
291.376
290.563
289.757
288.956
288.158
287.362
286.567
285.773
284.981
284.188
283.396
294.928
294.021
293.15
292.302
291.469
290.646
289.83
289.019
288.211
287.406
286.603
285.801
285
284.2
283.4
294.979
294.107
293.245
292.395
291.556
290.725
289.9
289.079
288.263
287.449
286.638
285.828
285.019
284.211
283.404
295.03
294.186
293.332
292.481
291.636
290.798
289.965
289.137
288.312
287.491
286.671
285.854
285.038
284.222
283.407
295.132
294.273
293.416
292.562
291.712
290.867
290.027
289.192
288.36
287.53
286.704
285.879
285.055
284.233
283.411
295.201
294.356
293.498
292.64
291.784
290.933
290.086
289.244
288.404
287.568
286.735
285.903
285.072
284.243
283.414
295.323
294.448
293.58
292.715
291.853
290.996
290.142
289.293
288.447
287.604
286.764
285.925
285.089
284.253
283.418
295.401
294.535
293.66
292.787
291.919
291.055
290.195
289.34
288.487
287.638
286.792
285.947
285.104
284.262
283.421
295.537
294.627
293.737
292.856
291.981
291.111
290.245
289.384
288.526
287.671
286.818
285.968
285.119
284.271
283.424
295.607
294.705
293.809
292.92
292.039
291.163
290.292
289.425
288.561
287.701
286.843
285.987
285.132
284.279
283.426
295.704
294.779
293.874
292.98
292.093
291.212
290.335
289.463
288.595
287.729
286.866
286.005
285.145
284.287
283.429
295.753
294.839
293.932
293.033
292.142
291.257
290.376
289.499
288.626
287.756
286.888
286.022
285.158
284.294
283.431
295.819
294.893
293.983
293.082
292.187
291.298
290.413
289.533
288.655
287.781
286.908
286.038
285.169
284.301
283.434
295.848
294.935
294.027
293.125
292.228
291.336
290.448
289.564
288.682
287.804
286.927
286.053
285.18
284.307
283.436
295.874
294.973
294.067
293.164
292.266
291.371
290.48
289.592
288.707
287.825
286.945
286.066
285.189
284.313
283.438
295.925
295.013
294.105
293.201
292.3
291.403
290.509
289.618
288.73
287.845
286.961
286.079
285.198
284.319
283.44
295.956
295.049
294.141
293.234
292.331
291.432
290.535
289.642
288.751
287.863
286.976
286.091
285.207
284.324
283.441
296.009
295.087
294.174
293.265
292.36
291.458
290.56
289.664
288.77
287.879
286.99
286.101
285.215
284.328
283.443
296.036
295.118
294.203
293.293
292.386
291.482
290.582
289.684
288.788
287.894
287.002
286.111
285.222
284.333
283.444
296.07
295.146
294.229
293.318
292.409
291.504
290.602
289.702
288.804
287.908
287.013
286.12
285.228
284.337
283.445
296.088
295.168
294.252
293.339
292.43
291.524
290.62
289.718
288.819
287.92
287.024
286.128
285.234
284.34
283.447
296.11
295.188
294.272
293.359
292.449
291.541
290.636
289.733
288.832
287.932
287.033
286.136
285.239
284.343
283.448
296.12
295.203
294.288
293.376
292.465
291.557
290.651
289.746
288.844
287.942
287.042
286.143
285.244
284.346
283.449
296.129
295.216
294.303
293.39
292.48
291.571
290.664
289.758
288.854
287.951
287.05
286.149
285.249
284.349
283.45
296.145
295.23
294.316
293.404
292.493
291.583
290.676
289.769
288.864
287.96
287.057
286.154
285.253
284.351
283.45
296.155
295.242
294.328
293.416
292.505
291.595
290.686
289.779
288.872
287.967
287.063
286.159
285.256
284.354
283.451
296.17
295.254
294.339
293.427
292.515
291.605
290.695
289.787
288.88
287.974
287.068
286.164
285.259
284.355
283.452
296.178
295.263
294.349
293.436
292.524
291.613
290.704
289.795
288.887
287.98
287.073
286.168
285.262
284.357
283.452
296.188
295.272
294.358
293.444
292.532
291.621
290.711
289.802
288.893
287.985
287.078
286.171
285.265
284.359
283.453
296.194
295.279
294.365
293.452
292.539
291.628
290.717
289.808
288.899
287.99
287.082
286.174
285.267
284.36
283.453
296.2
295.285
294.371
293.458
292.546
291.634
290.723
289.813
288.903
287.994
287.085
286.177
285.269
284.361
283.454
296.203
295.289
294.376
293.463
292.551
291.639
290.728
289.818
288.908
287.998
287.089
286.18
285.271
284.362
283.454
296.205
295.293
294.38
293.468
292.556
291.644
290.733
289.822
288.911
288.001
287.091
286.182
285.273
284.363
283.454
296.209
295.297
294.384
293.472
292.56
291.648
290.736
289.825
288.914
288.004
287.094
286.184
285.274
284.364
283.455
296.212
295.3
294.388
293.475
292.563
291.651
290.74
289.828
288.917
288.006
287.096
286.185
285.275
284.365
283.455
296.216
295.303
294.391
293.478
292.566
291.654
290.743
289.831
288.92
288.009
287.098
286.187
285.276
284.366
283.455
296.218
295.305
294.393
293.481
292.569
291.657
290.745
289.833
288.922
288.01
287.099
286.188
285.277
284.366
283.455
296.22
295.308
294.395
293.483
292.571
291.659
290.747
289.835
288.924
288.012
287.1
286.189
285.278
284.367
283.456
296.221
295.309
294.397
293.485
292.573
291.661
290.749
289.837
288.925
288.013
287.102
286.19
285.278
284.367
283.456
296.222
295.31
294.398
293.486
292.574
291.662
290.75
289.838
288.926
288.014
287.102
286.191
285.279
284.367
283.456
296.223
295.311
294.399
293.487
292.575
291.663
290.751
289.839
288.927
288.015
287.103
286.191
285.279
284.368
283.456
296.223
295.312
294.4
293.488
292.576
291.664
290.752
289.84
288.928
288.016
287.104
286.192
285.28
284.368
283.456
296.224
295.312
294.401
293.489
292.577
291.665
290.753
289.84
288.928
288.016
287.104
286.192
285.28
284.368
283.456
296.224
295.313
294.401
293.489
292.577
291.665
290.753
289.841
288.929
288.016
287.104
286.192
285.28
284.368
283.456
296.224
295.313
294.401
293.489
292.577
291.665
290.753
289.841
288.929
288.016
287.104
286.192
285.28
284.368
283.456
296.224
295.313
294.401
293.489
292.577
291.665
290.753
289.841
288.928
288.016
287.104
286.192
285.28
284.368
283.456
296.223
295.312
294.4
293.488
292.576
291.664
290.752
289.84
288.928
288.016
287.104
286.192
285.28
284.368
283.456
296.223
295.311
294.4
293.488
292.576
291.664
290.751
289.839
288.927
288.015
287.103
286.191
285.28
284.368
283.456
296.222
295.31
294.399
293.487
292.575
291.662
290.75
289.838
288.926
288.015
287.103
286.191
285.279
284.367
283.456
296.221
295.309
294.397
293.485
292.573
291.661
290.749
289.837
288.925
288.014
287.102
286.19
285.279
284.367
283.456
296.22
295.308
294.396
293.483
292.571
291.659
290.748
289.836
288.924
288.012
287.101
286.189
285.278
284.367
283.456
296.218
295.306
294.393
293.481
292.569
291.657
290.746
289.834
288.922
288.011
287.1
286.188
285.277
284.366
283.455
296.216
295.303
294.391
293.479
292.567
291.655
290.743
289.832
288.92
288.009
287.098
286.187
285.277
284.366
283.455
296.212
295.3
294.388
293.476
292.564
291.652
290.741
289.829
288.918
288.007
287.097
286.186
285.276
284.365
283.455
296.209
295.297
294.384
293.472
292.561
291.649
290.738
289.826
288.916
288.005
287.095
286.184
285.274
284.365
283.455
296.204
295.293
294.38
293.468
292.557
291.645
290.734
289.823
288.913
288.002
287.092
286.183
285.273
284.364
283.455
296.201
295.288
294.376
293.464
292.552
291.641
290.73
289.819
288.909
287.999
287.09
286.181
285.272
284.363
283.454
296.196
295.284
294.371
293.459
292.547
291.636
290.725
289.815
288.905
287.996
287.087
286.178
285.27
284.362
283.454
296.193
295.279
294.366
293.453
292.542
291.631
290.72
289.81
288.901
287.992
287.084
286.176
285.268
284.361
283.454
296.189
295.273
294.36
293.447
292.535
291.624
290.714
289.805
288.896
287.988
287.08
286.173
285.266
284.36
283.453
296.18
295.266
294.352
293.439
292.528
291.617
290.707
289.798
288.89
287.983
287.076
286.17
285.264
284.358
283.453
296.173
295.257
294.343
293.431
292.52
291.609
290.7
289.792
288.884
287.977
287.071
286.166
285.261
284.357
283.452
296.159
295.247
294.334
293.421
292.51
291.6
290.691
289.784
288.877
287.971
287.066
286.162
285.258
284.355
283.452
296.151
295.236
294.323
293.41
292.499
291.59
290.682
289.775
288.869
287.964
287.061
286.157
285.255
284.353
283.451
296.136
295.224
294.31
293.398
292.488
291.579
290.671
289.765
288.86
287.957
287.054
286.152
285.251
284.351
283.45
296.129
295.212
294.297
293.385
292.474
291.566
290.659
289.754
288.851
287.948
287.047
286.147
285.247
284.348
283.449
296.119
295.198
294.282
293.369
292.459
291.551
290.646
289.742
288.84
287.939
287.039
286.141
285.243
284.345
283.448
296.099
295.18
294.264
293.352
292.442
291.535
290.631
289.728
288.828
287.928
287.03
286.134
285.238
284.342
283.447
296.083
295.159
294.243
293.332
292.423
291.517
290.614
289.713
288.814
287.917
287.021
286.126
285.232
284.339
283.446
296.051
295.134
294.219
293.309
292.402
291.497
290.596
289.697
288.799
287.904
287.01
286.118
285.226
284.335
283.445
296.026
295.105
294.192
293.283
292.378
291.475
290.575
289.678
288.783
287.89
286.999
286.109
285.22
284.332
283.444
295.978
295.071
294.162
293.255
292.351
291.451
290.553
289.658
288.765
287.875
286.986
286.099
285.213
284.327
283.442
295.949
295.037
294.13
293.225
292.323
291.424
290.529
289.636
288.746
287.858
286.972
286.088
285.205
284.323
283.441
295.903
295.001
294.095
293.191
292.291
291.395
290.502
289.612
288.725
287.84
286.957
286.076
285.196
284.317
283.439
295.879
294.966
294.058
293.155
292.257
291.363
290.473
289.586
288.702
287.82
286.941
286.063
285.187
284.312
283.437
295.853
294.928
294.018
293.116
292.219
291.328
290.441
289.557
288.677
287.799
286.923
286.049
285.177
284.306
283.435
295.793
294.879
293.972
293.072
292.178
291.29
290.406
289.526
288.649
287.776
286.904
286.035
285.166
284.299
283.433
295.748
294.825
293.92
293.023
292.133
291.248
290.368
289.493
288.62
287.751
286.884
286.018
285.155
284.293
283.431
295.662
294.759
293.861
292.969
292.084
291.203
290.328
289.456
288.589
287.724
286.861
286.001
285.143
284.285
283.428
295.6
294.69
293.797
292.911
292.03
291.155
290.284
289.418
288.555
287.695
286.838
285.983
285.129
284.277
283.426
295.48
294.608
293.727
292.848
291.973
291.103
290.237
289.376
288.518
287.664
286.813
285.963
285.115
284.269
283.423
295.413
294.533
293.656
292.782
291.912
291.047
290.187
289.331
288.48
287.631
286.786
285.942
285.1
284.26
283.42
295.312
294.454
293.583
292.713
291.847
290.988
290.133
289.284
288.438
287.596
286.757
285.92
285.085
284.25
283.417
295.263
294.384
293.509
292.64
291.779
290.924
290.076
289.233
288.395
287.559
286.727
285.897
285.068
284.24
283.413
295.214
294.31
293.429
292.562
291.705
290.856
290.015
289.179
288.348
287.52
286.695
285.872
285.05
284.23
283.41
295.113
294.221
293.341
292.476
291.625
290.783
289.95
289.122
288.299
287.479
286.662
285.846
285.032
284.219
283.406
295.044
294.124
293.24
292.38
291.537
290.705
289.88
289.062
288.248
287.436
286.627
285.82
285.013
284.208
283.402
294.93
294.003
293.123
292.273
291.441
290.62
289.807
288.998
288.194
287.391
286.591
285.792
284.994
284.196
283.399
294.793
293.848
292.985
292.153
291.337
290.53
289.729
288.932
288.138
287.345
286.554
285.764
284.974
284.184
283.395
322.61
321.831
321.052
320.273
319.494
318.714
317.934
317.153
316.371
315.587
314.801
314.009
313.212
312.407
311.604
322.615
321.846
321.077
320.308
319.54
318.772
318.004
317.237
316.471
315.705
314.939
314.175
313.413
312.66
311.929
322.62
321.861
321.102
320.343
319.586
318.829
318.074
317.321
316.57
315.821
315.077
314.338
313.607
312.891
312.2
322.625
321.875
321.126
320.377
319.63
318.885
318.142
317.402
316.666
315.935
315.209
314.492
313.787
313.098
312.433
322.63
321.889
321.149
320.41
319.674
318.939
318.208
317.481
316.758
316.042
315.334
314.636
313.951
313.283
312.636
322.634
321.902
321.171
320.442
319.714
318.99
318.27
317.554
316.845
316.142
315.449
314.767
314.098
313.446
312.814
322.638
321.914
321.191
320.471
319.752
319.038
318.327
317.622
316.924
316.234
315.553
314.884
314.229
313.59
312.97
322.642
321.925
321.21
320.497
319.787
319.081
318.379
317.684
316.995
316.315
315.646
314.988
314.344
313.716
313.105
322.645
321.935
321.227
320.521
319.818
319.119
318.425
317.738
317.058
316.387
315.727
315.078
314.443
313.824
313.221
322.648
321.944
321.242
320.542
319.845
319.153
318.466
317.785
317.113
316.449
315.796
315.155
314.528
313.915
313.319
322.65
321.952
321.254
320.559
319.868
319.181
318.499
317.825
317.158
316.501
315.854
315.219
314.598
313.991
313.4
322.652
321.958
321.264
320.573
319.886
319.204
318.527
317.857
317.195
316.542
315.9
315.27
314.653
314.051
313.464
322.654
321.962
321.272
320.584
319.9
319.221
318.547
317.881
317.222
316.573
315.935
315.308
314.695
314.095
313.511
322.655
321.965
321.277
320.591
319.909
319.232
318.561
317.897
317.241
316.594
315.958
315.333
314.722
314.125
313.543
322.655
321.967
321.279
320.595
319.914
319.238
318.568
317.905
317.25
316.604
315.969
315.346
314.736
314.14
313.558
310.943
310.543
309.861
309.487
308.956
308.706
308.467
307.99
307.674
307.122
306.829
306.427
306.211
305.926
305.79
305.667
305.432
305.279
305.023
304.89
304.718
304.637
304.565
304.434
304.35
304.217
304.132
303.993
303.92
303.826
303.781
303.741
303.667
303.619
303.542
303.491
303.406
303.36
303.3
303.27
303.242
303.19
303.154
303.094
303.052
302.98
302.938
302.879
302.844
302.795
302.768
302.74
302.685
302.643
302.569
302.525
302.461
302.427
302.391
302.319
302.265
302.169
302.097
301.965
301.887
301.771
301.709
301.642
301.505
301.4
301.207
301.063
300.793
300.634
300.393
300.266
300.129
299.84
299.623
299.218
298.924
298.37
298.052
297.572
297.332
297.08
296.547
296.171
295.485
295.083
311.311
310.801
310.275
309.818
309.377
309.009
308.658
308.268
307.893
307.492
307.145
306.814
306.537
306.281
306.073
305.88
305.676
305.484
305.286
305.117
304.961
304.834
304.718
304.597
304.483
304.365
304.256
304.144
304.05
303.961
303.888
303.821
303.75
303.683
303.612
303.545
303.476
303.415
303.358
303.308
303.261
303.209
303.159
303.103
303.048
302.989
302.935
302.88
302.83
302.781
302.735
302.689
302.635
302.58
302.517
302.458
302.396
302.339
302.278
302.207
302.131
302.043
301.95
301.843
301.741
301.633
301.532
301.423
301.292
301.15
300.98
300.801
300.593
300.394
300.184
299.987
299.775
299.517
299.237
298.903
298.555
298.151
297.774
297.382
297.029
296.659
296.216
295.757
295.228
294.717
311.601
311.086
310.59
310.127
309.692
309.291
308.906
308.524
308.15
307.784
307.441
307.122
306.833
306.57
306.333
306.113
305.9
305.698
305.505
305.327
305.164
305.017
304.88
304.748
304.622
304.5
304.384
304.272
304.17
304.075
303.988
303.907
303.828
303.752
303.677
303.604
303.533
303.466
303.403
303.343
303.286
303.228
303.17
303.111
303.051
302.991
302.931
302.873
302.816
302.76
302.705
302.648
302.588
302.526
302.46
302.394
302.325
302.255
302.182
302.102
302.016
301.922
301.821
301.714
301.602
301.486
301.366
301.237
301.095
300.939
300.767
300.58
300.38
300.171
299.954
299.729
299.489
299.222
298.93
298.609
298.264
297.895
297.519
297.134
296.748
296.344
295.907
295.442
294.944
294.427
311.85
311.343
310.857
310.397
309.961
309.547
309.152
308.768
308.398
308.041
307.704
307.387
307.093
306.821
306.569
306.333
306.111
305.901
305.702
305.517
305.344
305.184
305.034
304.892
304.757
304.627
304.505
304.388
304.279
304.176
304.08
303.99
303.903
303.819
303.738
303.66
303.585
303.512
303.443
303.376
303.311
303.247
303.183
303.119
303.055
302.991
302.927
302.864
302.801
302.739
302.676
302.611
302.545
302.477
302.405
302.332
302.256
302.177
302.094
302.006
301.911
301.811
301.703
301.59
301.47
301.344
301.211
301.07
300.917
300.751
300.573
300.381
300.176
299.961
299.734
299.494
299.239
298.963
298.666
298.347
298.006
297.648
297.275
296.89
296.492
296.076
295.638
295.175
294.688
294.179
312.067
311.568
311.09
310.633
310.196
309.779
309.379
308.995
308.626
308.273
307.937
307.62
307.322
307.043
306.781
306.536
306.305
306.087
305.881
305.688
305.507
305.337
305.177
305.026
304.882
304.746
304.617
304.494
304.378
304.269
304.165
304.067
303.973
303.883
303.796
303.713
303.632
303.554
303.479
303.406
303.335
303.265
303.196
303.127
303.059
302.99
302.922
302.854
302.786
302.717
302.648
302.578
302.505
302.431
302.354
302.274
302.191
302.104
302.013
301.918
301.816
301.708
301.594
301.474
301.347
301.212
301.07
300.918
300.756
300.582
300.397
300.199
299.989
299.766
299.531
299.282
299.017
298.735
298.434
298.114
297.776
297.42
297.048
296.662
296.26
295.841
295.402
294.943
294.463
293.962
312.256
311.766
311.293
310.839
310.404
309.986
309.585
309.201
308.832
308.48
308.144
307.825
307.524
307.239
306.971
306.719
306.48
306.255
306.043
305.842
305.654
305.476
305.307
305.149
304.998
304.855
304.719
304.591
304.468
304.353
304.243
304.138
304.038
303.942
303.85
303.761
303.675
303.592
303.512
303.434
303.357
303.282
303.208
303.135
303.062
302.989
302.917
302.844
302.771
302.698
302.623
302.547
302.469
302.389
302.306
302.22
302.131
302.037
301.94
301.837
301.729
301.615
301.495
301.368
301.233
301.091
300.941
300.781
300.611
300.431
300.239
300.035
299.818
299.59
299.348
299.092
298.82
298.533
298.229
297.908
297.569
297.214
296.843
296.456
296.054
295.634
295.196
294.74
294.266
293.773
312.421
311.937
311.47
311.02
310.586
310.169
309.769
309.384
309.016
308.663
308.326
308.006
307.701
307.413
307.14
306.882
306.637
306.406
306.187
305.981
305.785
305.6
305.425
305.26
305.103
304.954
304.812
304.678
304.55
304.428
304.313
304.202
304.097
303.996
303.898
303.805
303.714
303.627
303.542
303.459
303.378
303.298
303.22
303.142
303.065
302.988
302.912
302.835
302.757
302.679
302.599
302.518
302.435
302.35
302.262
302.171
302.076
301.977
301.874
301.765
301.651
301.531
301.405
301.271
301.131
300.982
300.825
300.659
300.482
300.295
300.097
299.888
299.666
299.431
299.184
298.923
298.647
298.355
298.048
297.725
297.386
297.031
296.66
296.273
295.871
295.452
295.016
294.563
294.094
293.609
312.564
312.086
311.623
311.176
310.745
310.329
309.93
309.545
309.177
308.823
308.486
308.163
307.857
307.565
307.288
307.025
306.776
306.539
306.315
306.103
305.902
305.711
305.53
305.359
305.196
305.042
304.895
304.756
304.623
304.496
304.375
304.26
304.15
304.044
303.942
303.844
303.749
303.657
303.568
303.481
303.396
303.313
303.23
303.149
303.068
302.988
302.907
302.826
302.744
302.662
302.578
302.493
302.405
302.315
302.223
302.127
302.027
301.923
301.814
301.701
301.581
301.456
301.324
301.186
301.039
300.885
300.722
300.55
300.368
300.176
299.973
299.758
299.531
299.292
299.04
298.774
298.494
298.2
297.891
297.566
297.226
296.87
296.499
296.113
295.711
295.293
294.86
294.411
293.946
293.466
312.686
312.213
311.754
311.31
310.881
310.467
310.068
309.684
309.316
308.962
308.623
308.3
307.991
307.696
307.416
307.149
306.896
306.655
306.426
306.209
306.003
305.808
305.622
305.446
305.279
305.119
304.968
304.824
304.687
304.556
304.431
304.311
304.196
304.087
303.981
303.879
303.78
303.685
303.592
303.501
303.413
303.326
303.24
303.155
303.071
302.987
302.903
302.818
302.733
302.647
302.559
302.47
302.379
302.285
302.188
302.088
301.984
301.875
301.762
301.644
301.52
301.39
301.254
301.11
300.959
300.8
300.632
300.455
300.269
300.072
299.864
299.645
299.414
299.171
298.915
298.646
298.363
298.066
297.754
297.428
297.087
296.731
296.36
295.974
295.573
295.157
294.726
294.28
293.819
293.344
312.789
312.32
311.865
311.424
310.996
310.584
310.186
309.802
309.434
309.08
308.74
308.415
308.104
307.807
307.524
307.255
306.998
306.753
306.521
306.3
306.09
305.891
305.701
305.521
305.349
305.186
305.031
304.883
304.741
304.607
304.478
304.355
304.237
304.123
304.014
303.909
303.807
303.708
303.612
303.518
303.427
303.337
303.248
303.16
303.073
302.986
302.899
302.811
302.723
302.634
302.543
302.45
302.356
302.258
302.158
302.054
301.946
301.834
301.717
301.595
301.468
301.334
301.193
301.046
300.891
300.727
300.555
300.374
300.184
299.983
299.771
299.548
299.314
299.068
298.808
298.536
298.251
297.952
297.639
297.311
296.97
296.613
296.242
295.857
295.456
295.042
294.613
294.169
293.712
293.241
312.874
312.408
311.956
311.517
311.091
310.68
310.283
309.9
309.531
309.176
308.836
308.51
308.198
307.899
307.614
307.342
307.082
306.835
306.6
306.376
306.162
305.96
305.767
305.583
305.408
305.241
305.083
304.932
304.787
304.649
304.518
304.391
304.27
304.154
304.042
303.934
303.829
303.728
303.629
303.533
303.439
303.346
303.255
303.164
303.075
302.985
302.895
302.805
302.715
302.623
302.529
302.434
302.336
302.236
302.133
302.026
301.915
301.8
301.68
301.555
301.424
301.287
301.143
300.992
300.833
300.667
300.491
300.307
300.113
299.909
299.694
299.468
299.231
298.982
298.72
298.446
298.159
297.858
297.543
297.215
296.873
296.516
296.145
295.76
295.361
294.947
294.52
294.079
293.624
293.156
312.941
312.478
312.028
311.59
311.166
310.756
310.359
309.977
309.608
309.253
308.913
308.585
308.272
307.972
307.685
307.411
307.15
306.9
306.662
306.436
306.22
306.015
305.819
305.633
305.455
305.286
305.125
304.971
304.824
304.684
304.549
304.421
304.297
304.179
304.064
303.954
303.847
303.744
303.643
303.544
303.448
303.353
303.26
303.168
303.076
302.984
302.893
302.801
302.708
302.614
302.518
302.421
302.321
302.218
302.112
302.003
301.89
301.772
301.65
301.522
301.389
301.249
301.102
300.949
300.788
300.618
300.44
300.253
300.057
299.85
299.633
299.405
299.165
298.914
298.65
298.374
298.085
297.783
297.468
297.139
296.796
296.439
296.068
295.683
295.285
294.872
294.446
294.007
293.555
293.09
312.991
312.53
312.081
311.645
311.222
310.813
310.417
310.034
309.666
309.311
308.969
308.642
308.328
308.026
307.738
307.463
307.2
306.949
306.709
306.481
306.263
306.056
305.858
305.67
305.49
305.319
305.156
305
304.852
304.709
304.573
304.443
304.318
304.197
304.081
303.969
303.861
303.756
303.653
303.553
303.455
303.359
303.264
303.17
303.077
302.984
302.891
302.797
302.703
302.607
302.51
302.411
302.309
302.205
302.097
301.986
301.871
301.752
301.627
301.498
301.362
301.22
301.072
300.916
300.753
300.582
300.402
300.213
300.014
299.806
299.587
299.357
299.116
298.863
298.598
298.321
298.031
297.728
297.411
297.082
296.738
296.381
296.01
295.626
295.228
294.816
294.391
293.954
293.503
293.04
313.024
312.564
312.116
311.681
311.259
310.85
310.455
310.072
309.704
309.349
309.007
308.679
308.364
308.063
307.774
307.497
307.233
306.981
306.741
306.511
306.292
306.083
305.884
305.695
305.514
305.342
305.177
305.02
304.87
304.727
304.589
304.458
304.331
304.21
304.093
303.979
303.87
303.763
303.66
303.559
303.46
303.363
303.267
303.172
303.078
302.984
302.889
302.795
302.699
302.602
302.504
302.404
302.301
302.196
302.087
301.975
301.859
301.738
301.612
301.481
301.345
301.202
301.052
300.895
300.73
300.558
300.376
300.186
299.986
299.777
299.556
299.325
299.083
298.829
298.563
298.285
297.994
297.691
297.374
297.044
296.7
296.343
295.972
295.588
295.19
294.779
294.355
293.918
293.469
293.007
313.04
312.581
312.134
311.699
311.278
310.869
310.473
310.091
309.723
309.368
309.026
308.698
308.383
308.081
307.791
307.515
307.25
306.997
306.756
306.526
306.306
306.097
305.898
305.707
305.526
305.353
305.188
305.03
304.879
304.735
304.597
304.465
304.338
304.216
304.098
303.984
303.874
303.767
303.663
303.562
303.462
303.365
303.268
303.173
303.078
302.983
302.889
302.794
302.697
302.6
302.501
302.401
302.297
302.191
302.082
301.969
301.852
301.731
301.605
301.473
301.336
301.192
301.042
300.884
300.719
300.546
300.364
300.173
299.972
299.762
299.541
299.31
299.067
298.812
298.546
298.267
297.976
297.672
297.355
297.025
296.681
296.324
295.953
295.569
295.172
294.761
294.337
293.901
293.452
292.99
294.42
293.615
292.808
292.008
291.215
290.427
289.641
288.857
288.075
287.294
286.513
285.732
284.951
284.171
283.39
294.096
293.363
292.607
291.844
291.077
290.31
289.542
288.774
288.005
287.236
286.467
285.697
284.927
284.156
283.385
293.826
293.132
292.414
291.681
290.94
290.194
289.444
288.691
287.936
287.179
286.421
285.662
284.902
284.142
283.381
293.594
292.926
292.235
291.527
290.808
290.081
289.348
288.61
287.868
287.124
286.377
285.628
284.878
284.127
283.376
293.391
292.742
292.071
291.384
290.684
289.974
289.256
288.532
287.803
287.07
286.334
285.595
284.855
284.114
283.371
293.213
292.579
291.925
291.254
290.57
289.874
289.17
288.459
287.741
287.019
286.293
285.564
284.833
284.101
283.367
293.057
292.435
291.794
291.137
290.466
289.783
289.091
288.391
287.684
286.972
286.255
285.535
284.813
284.088
283.363
292.922
292.31
291.679
291.033
290.373
289.702
289.02
288.33
287.632
286.929
286.221
285.509
284.794
284.077
283.359
292.807
292.202
291.58
290.943
290.293
289.63
288.957
288.275
287.586
286.891
286.19
285.485
284.777
284.067
283.356
292.709
292.111
291.496
290.866
290.223
289.568
288.903
288.228
287.546
286.857
286.163
285.465
284.763
284.059
283.353
292.628
292.035
291.426
290.803
290.166
289.517
288.857
288.189
287.512
286.829
286.14
285.447
284.75
284.051
283.351
292.565
291.976
291.371
290.752
290.12
289.476
288.821
288.157
287.485
286.807
286.122
285.433
284.74
284.045
283.349
292.517
291.931
291.33
290.714
290.085
289.445
288.794
288.133
287.465
286.789
286.108
285.422
284.733
284.041
283.347
292.486
291.902
291.302
290.689
290.062
289.424
288.775
288.117
287.451
286.778
286.099
285.415
284.728
284.038
283.346
292.47
291.887
291.288
290.676
290.051
289.414
288.766
288.109
287.444
286.772
286.094
285.412
284.725
284.036
283.346
)
;

boundaryField
{
    hot
    {
        type            fixedValue;
        value           uniform 323;
    }
    cold
    {
        type            fixedValue;
        value           uniform 283;
    }
    interface_left
    {
        type            fixedValue;
        value           nonuniform List<scalar> 
90
(
310.959
310.959
310.742
310.742
310.513
310.513
310.513
310.289
310.289
310.021
310.021
309.847
309.847
309.73
309.73
309.73
309.639
309.639
309.542
309.542
309.487
309.487
309.487
309.449
309.449
309.416
309.416
309.384
309.384
309.367
309.367
309.367
309.355
309.355
309.346
309.346
309.337
309.337
309.332
309.332
309.332
309.329
309.329
309.328
309.328
309.327
309.327
309.327
309.327
309.327
309.329
309.329
309.332
309.332
309.338
309.338
309.345
309.345
309.345
309.354
309.354
309.368
309.368
309.394
309.394
309.419
309.419
309.419
309.452
309.452
309.504
309.504
309.592
309.592
309.672
309.672
309.672
309.772
309.772
309.919
309.919
310.14
310.14
310.32
310.32
310.32
310.492
310.492
310.622
310.622
)
;
    }
    interface_right
    {
        type            fixedValue;
        value           nonuniform List<scalar> 
90
(
295.307
295.307
295.408
295.408
295.408
295.579
295.579
295.785
295.785
296.032
296.032
296.192
296.192
296.3
296.3
296.3
296.387
296.387
296.481
296.481
296.537
296.537
296.573
296.573
296.573
296.599
296.599
296.627
296.627
296.643
296.643
296.653
296.653
296.653
296.66
296.66
296.667
296.667
296.67
296.67
296.67
296.672
296.672
296.673
296.673
296.673
296.673
296.672
296.672
296.67
296.67
296.67
296.667
296.667
296.659
296.659
296.652
296.652
296.643
296.643
296.643
296.629
296.629
296.605
296.605
296.581
296.581
296.581
296.548
296.548
296.496
296.496
296.41
296.41
296.331
296.331
296.331
296.232
296.232
296.088
296.088
295.871
295.871
295.695
295.695
295.695
295.529
295.529
295.404
295.404
)
;
    }
    interface_top
    {
        type            fixedValue;
        value           nonuniform List<scalar> 
90
(
310.622
310.622
309.44
309.44
308.552
308.552
308.552
307.741
307.741
306.756
306.756
306.105
306.105
305.646
305.646
305.646
305.256
305.256
304.808
304.808
304.534
304.534
304.534
304.323
304.323
304.112
304.112
303.872
303.872
303.726
303.726
303.726
303.61
303.61
303.489
303.489
303.344
303.344
303.251
303.251
303.251
303.17
303.17
303.077
303.077
302.953
302.953
302.862
302.862
302.785
302.785
302.785
302.699
302.699
302.571
302.571
302.471
302.471
302.471
302.362
302.362
302.212
302.212
301.985
301.985
301.799
301.799
301.799
301.585
301.585
301.281
301.281
300.809
300.809
300.409
300.409
300.409
299.945
299.945
299.29
299.29
298.301
298.301
297.487
297.487
297.487
296.593
296.593
295.404
295.404
)
;
    }
    interface_bottom
    {
        type            fixedValue;
        value           nonuniform List<scalar> 
90
(
310.959
310.959
309.91
309.91
309.91
309.017
309.017
308.069
308.069
306.958
306.958
306.24
306.24
305.739
305.739
305.739
305.313
305.313
304.814
304.814
304.496
304.496
304.274
304.274
304.274
304.085
304.085
303.861
303.861
303.722
303.722
303.722
303.609
303.609
303.49
303.49
303.346
303.346
303.253
303.253
303.253
303.172
303.172
303.078
303.078
302.954
302.954
302.862
302.862
302.784
302.784
302.784
302.698
302.698
302.569
302.569
302.467
302.467
302.467
302.356
302.356
302.205
302.205
301.975
301.975
301.786
301.786
301.786
301.568
301.568
301.259
301.259
300.779
300.779
300.372
300.372
300.372
299.901
299.901
299.235
299.235
298.233
298.233
297.409
297.409
297.409
296.507
296.507
295.307
295.307
)
;
    }
    defaultFaces
    {
        type            empty;
    }
}


// ************************************************************************* //
