/*--------------------------------*- C++ -*----------------------------------*\
| =========                 |                                                 |
| \\      /  F ield         | OpenFOAM: The Open Source CFD Toolbox           |
|  \\    /   O peration     | Version:  5.x                                   |
|   \\  /    A nd           | Web:      www.OpenFOAM.org                      |
|    \\/     M anipulation  |                                                 |
\*---------------------------------------------------------------------------*/
FoamFile
{
    version     2.0;
    format      ascii;
    class       volScalarField;
    location    "3.6";
    object      gradTy;
}
// * * * * * * * * * * * * * * * * * * * * * * * * * * * * * * * * * * * * * //

dimensions      [0 -1 0 1 0 0 0];

internalField   nonuniform List<scalar> 
6300
(
32275.8
32227.3
32178.9
32130.6
32082.3
32034.1
31986
31938.1
31890.3
31842.7
31795.3
31748.2
31701.2
31654.6
31608.1
-0.015801
-0.0474703
-0.0793282
-0.111459
-0.143879
-0.176512
-0.209168
-0.24153
-0.273157
-0.303505
-0.331994
-0.3581
-0.381488
-0.402165
-0.420601
-0.026257
-0.0789025
-0.131911
-0.185447
-0.239565
-0.294166
-0.348946
-0.403376
-0.456689
-0.507917
-0.555981
-0.599861
-0.638836
-0.672775
-0.702409
-0.0365873
-0.109973
-0.183958
-0.25884
-0.334757
-0.411623
-0.489055
-0.566316
-0.642282
-0.715464
-0.784121
-0.846493
-0.901184
-0.947654
-0.986741
-0.0467087
-0.140446
-0.235112
-0.3312
-0.429003
-0.528518
-0.629339
-0.730555
-0.830662
-0.927541
-1.01855
-1.10081
-1.17176
-1.22993
-1.27592
-0.056503
-0.169981
-0.284832
-0.401831
-0.52152
-0.644085
-0.769204
-0.895877
-1.02224
-1.14546
-1.26169
-1.36641
-1.45506
-1.52433
-1.57381
-0.0658247
-0.198138
-0.332399
-0.469766
-0.611153
-0.757088
-0.907506
-1.06149
-1.21696
-1.37034
-1.51633
-1.64804
-1.75771
-1.83848
-1.88733
-0.0744831
-0.224345
-0.376859
-0.533676
-0.696234
-0.8656
-1.04223
-1.22561
-1.41375
-1.60258
-1.78523
-1.95169
-2.08922
-2.18453
-2.22861
-0.0822456
-0.247897
-0.417011
-0.591838
-0.774496
-0.966836
-1.17019
-1.38494
-1.60984
-1.84096
-2.07028
-2.28424
-2.46287
-2.58173
-2.61899
-0.0888471
-0.26798
-0.451444
-0.642159
-0.843064
-1.05704
-1.28673
-1.5341
-1.79968
-2.08108
-2.37066
-2.65202
-2.89622
-3.06041
-3.09622
-0.0940075
-0.283729
-0.478617
-0.682277
-0.898541
-1.13152
-1.38556
-1.66503
-1.97366
-2.31298
-2.67916
-3.0569
-3.40949
-3.66735
-3.72831
-0.0974599
-0.294304
-0.497008
-0.709777
-0.937288
-1.18491
-1.45893
-1.76677
-2.11688
-2.51795
-2.97604
-3.48682
-4.01739
-4.47109
-4.64389
-0.0989862
-0.299013
-0.505322
-0.722521
-0.955906
-1.21187
-1.49846
-1.8262
-2.20909
-2.66583
-3.22015
-3.89685
-4.70206
-5.55566
-6.11094
-0.098456
-0.297432
-0.502735
-0.719065
-0.951925
-1.20817
-1.49682
-1.83042
-2.22739
-2.71605
-3.34179
-4.17831
-5.33827
-6.93852
-8.7505
-0.0958595
-0.289516
-0.489112
-0.69906
-0.924541
-1.17204
-1.45018
-1.77123
-2.15392
-2.62911
-3.25257
-4.13625
-5.53421
-8.10968
-13.8768
31565.9
31527.6
31489.6
31451.7
31414.1
31376.8
31339.6
31302.7
31266.1
31229.8
31193.8
31158.1
31122.7
31087.6
31052.9
31018.6
30984.6
30951
30917.7
30884.9
30852.4
30820.3
30788.5
30757.1
30726.1
30695.3
30664.9
30634.7
30604.9
30575.3
30545.9
30516.8
30487.9
30459.2
30430.6
30402.3
30374.1
30346
30318.1
30290.3
30262.6
30235.1
30207.6
30180.3
30153.1
30125.9
30098.9
30071.9
30045
30018.2
29991.5
29964.8
29938.2
29911.6
29885.1
29858.5
29832
29805.4
29778.9
29752.3
29725.6
29699
29672.2
29645.4
29618.5
29591.5
29564.4
29537.2
29509.9
29482.5
29455
29427.3
29399.6
29371.6
29343.6
29315.3
29286.9
29258.4
29229.7
29200.8
29171.7
29142.5
29113
29083.4
29053.5
29023.4
28993.2
28962.7
28932
28901.1
-0.43635
-0.450725
-0.466121
-0.483498
-0.503659
-0.527102
-0.553907
-0.58369
-0.615634
-0.648594
-0.681255
-0.712306
-0.740586
-0.765175
-0.785425
-0.800924
-0.811427
-0.81679
-0.816925
-0.811797
-0.801452
-0.786055
-0.765923
-0.741527
-0.71347
-0.682441
-0.649177
-0.614422
-0.578908
-0.543344
-0.5084
-0.474679
-0.442687
-0.412798
-0.385239
-0.360104
-0.337383
-0.317009
-0.298892
-0.282937
-0.269019
-0.256944
-0.246402
-0.236935
-0.227943
-0.218731
-0.208587
-0.196874
-0.183113
-0.167036
-0.148596
-0.127946
-0.105393
-0.0813437
-0.0562589
-0.0306258
-0.00493193
0.0203589
0.044839
0.0681941
0.0902337
0.110904
0.130273
0.148489
0.165728
0.182148
0.197859
0.212928
0.227407
0.241363
0.254907
0.268188
0.281373
0.2946
0.307947
0.321413
0.334929
0.348392
0.361702
0.374786
0.387591
0.400054
0.412052
0.423347
0.433568
0.442219
0.448722
0.452489
0.452987
0.449808
-0.72721
-0.749652
-0.773801
-0.8015
-0.834323
-0.873277
-0.918573
-0.96952
-1.02459
-1.08162
-1.13816
-1.19177
-1.24038
-1.28241
-1.31683
-1.34307
-1.36082
-1.36991
-1.3702
-1.36159
-1.34409
-1.31794
-1.28365
-1.24204
-1.19418
-1.14131
-1.08469
-1.0256
-0.965292
-0.904962
-0.845769
-0.788775
-0.734869
-0.684698
-0.638628
-0.59676
-0.559009
-0.525204
-0.495177
-0.468798
-0.445924
-0.426309
-0.409482
-0.394669
-0.380798
-0.366587
-0.350701
-0.33195
-0.309453
-0.282739
-0.251769
-0.216873
-0.178644
-0.137828
-0.0952473
-0.0517501
-0.00818971
0.0346098
0.0759105
0.115139
0.15196
0.186307
0.218356
0.248439
0.276927
0.304121
0.330201
0.355239
0.379265
0.402357
0.424699
0.446583
0.468345
0.490277
0.512533
0.535096
0.557797
0.580407
0.602721
0.624623
0.646083
0.667077
0.687471
0.706912
0.724765
0.740128
0.751929
0.759064
0.760551
0.755656
-1.01815
-1.04604
-1.07629
-1.11204
-1.15607
-1.21023
-1.275
-1.34932
-1.43061
-1.51526
-1.59916
-1.67833
-1.74953
-1.81049
-1.85992
-1.89733
-1.92257
-1.93559
-1.93618
-1.92406
-1.89908
-1.86142
-1.81177
-1.75141
-1.68199
-1.60542
-1.52362
-1.43841
-1.35156
-1.2648
-1.17983
-1.09828
-1.02153
-0.95055
-0.885821
-0.827343
-0.774806
-0.727811
-0.686066
-0.649464
-0.617993
-0.591517
-0.569516
-0.550904
-0.534004
-0.516714
-0.496804
-0.472287
-0.44173
-0.404439
-0.360467
-0.310472
-0.255491
-0.19673
-0.135432
-0.0728446
-0.0102325
0.0511363
0.110081
0.165665
0.21736
0.265128
0.309378
0.350794
0.390091
0.427798
0.464144
0.499104
0.532564
0.564525
0.595245
0.625242
0.655162
0.685573
0.716765
0.748661
0.78088
0.812927
0.844408
0.875174
0.90532
0.935031
0.964329
0.992829
1.01961
1.04323
1.06191
1.07384
1.07738
1.07134
-1.31006
-1.33909
-1.37089
-1.4107
-1.46327
-1.53195
-1.61777
-1.71912
-1.83188
-1.95008
-2.06703
-2.17648
-2.27355
-2.35527
-2.42046
-2.46922
-2.50208
-2.5193
-2.5206
-2.50523
-2.47251
-2.42232
-2.35554
-2.27401
-2.18032
-2.07731
-1.96767
-1.85382
-1.73797
-1.62232
-1.50924
-1.40115
-1.30016
-1.2077
-1.12432
-1.04969
-0.98295
-0.923193
-0.869894
-0.823097
-0.783235
-0.750657
-0.725056
-0.705066
-0.688176
-0.671022
-0.649959
-0.621746
-0.584138
-0.5362
-0.478284
-0.411701
-0.338239
-0.259746
-0.177938
-0.0944423
-0.0109552
0.0706818
0.148617
0.221319
0.287942
0.348543
0.40401
0.45573
0.50508
0.552973
0.599626
0.644676
0.687572
0.728039
0.766398
0.803582
0.840852
0.879335
0.919581
0.961366
1.00383
1.04589
1.08676
1.12626
1.16484
1.20325
1.24202
1.28092
1.31871
1.35314
1.38137
1.40044
1.40779
1.40158
-1.60481
-1.62806
-1.6539
-1.6909
-1.74724
-1.8289
-1.93809
-2.07245
-2.22523
-2.38663
-2.54565
-2.69237
-2.8196
-2.92376
-3.00459
-3.06394
-3.10402
-3.12589
-3.12896
-3.11133
-3.07101
-3.00707
-2.92047
-2.81407
-2.69201
-2.55866
-2.41774
-2.27208
-2.12401
-1.97607
-1.83143
-1.69376
-1.56644
-1.45174
-1.35018
-1.26063
-1.181
-1.10924
-1.04433
-0.986717
-0.937968
-0.899733
-0.872506
-0.854756
-0.842726
-0.830962
-0.813413
-0.784742
-0.741432
-0.682345
-0.608603
-0.52286
-0.428259
-0.327569
-0.222911
-0.116065
-0.00905465
0.0955141
0.194644
0.285676
0.367147
0.439296
0.503986
0.564021
0.622111
0.679874
0.737356
0.793292
0.846017
0.894529
0.939184
0.98174
1.02474
1.0705
1.12012
1.17304
1.2273
1.28052
1.33104
1.37863
1.42457
1.47091
1.51946
1.57058
1.62261
1.67197
1.71396
1.74386
1.75768
1.7527
-1.9066
-1.91328
-1.92078
-1.94318
-1.99466
-2.08613
-2.22211
-2.39914
-2.60611
-2.82649
-3.0419
-3.23623
-3.39878
-3.52575
-3.61956
-3.68633
-3.73206
-3.75948
-3.76701
-3.75
-3.7034
-3.62434
-3.5138
-3.37657
-3.21985
-3.0508
-2.87451
-2.69368
-2.50975
-2.32494
-2.14347
-1.97131
-1.81445
-1.67673
-1.5586
-1.45717
-1.3676
-1.2853
-1.20813
-1.13744
-1.07743
-1.03282
-1.00618
-0.996081
-0.99676
-0.999103
-0.992749
-0.968688
-0.921312
-0.84946
-0.756071
-0.646645
-0.526917
-0.400978
-0.270906
-0.137802
-0.00351234
0.128303
0.252456
0.363927
0.459899
0.540912
0.610786
0.675234
0.739733
0.8073
0.87743
0.946651
1.01065
1.06669
1.11511
1.15937
1.20476
1.2562
1.31603
1.3829
1.45236
1.51913
1.57963
1.63351
1.68379
1.73549
1.79328
1.85902
1.93046
2.00148
2.06406
2.1105
2.13475
2.13292
-2.22392
-2.19722
-2.16609
-2.15348
-2.18436
-2.27911
-2.44684
-2.68257
-2.96751
-3.27334
-3.56831
-3.82565
-4.02898
-4.17526
-4.27325
-4.33875
-4.3862
-4.42142
-4.44013
-4.431
-4.38221
-4.28664
-4.14523
-3.96679
-3.76509
-3.55299
-3.33747
-3.11935
-2.89636
-2.66862
-2.44168
-2.2264
-2.03446
-1.87306
-1.74252
-1.63614
-1.54326
-1.45349
-1.36208
-1.27226
-1.19418
-1.13952
-1.11546
-1.12134
-1.14784
-1.1792
-1.19701
-1.18563
-1.13585
-1.04699
-0.926024
-0.784651
-0.633903
-0.479717
-0.322649
-0.160621
0.00621735
0.172755
0.329161
0.465128
0.574823
0.659199
0.726027
0.787004
0.85356
0.931657
1.01943
1.10815
1.18733
1.25043
1.29762
1.33599
1.37665
1.4304
1.50238
1.58956
1.68184
1.76731
1.83826
1.89405
1.94149
1.9918
2.0561
2.13972
2.23932
2.34355
2.43781
2.50946
2.54973
2.55363
-2.57342
-2.48741
-2.38456
-2.30098
-2.28185
-2.36678
-2.57336
-2.89482
-3.29853
-3.73547
-4.14857
-4.49248
-4.74093
-4.89388
-4.97326
-5.01669
-5.05748
-5.10659
-5.15279
-5.16854
-5.12782
-5.01432
-4.82935
-4.58984
-4.32462
-4.05937
-3.80341
-3.55124
-3.28903
-3.01032
-2.72225
-2.44701
-2.20957
-2.02404
-1.89068
-1.79472
-1.71343
-1.62302
-1.51271
-1.38912
-1.27607
-1.20104
-1.18047
-1.21573
-1.29073
-1.3776
-1.44207
-1.45659
-1.40537
-1.28944
-1.12404
-0.934815
-0.744483
-0.561241
-0.380156
-0.188986
0.0177692
0.233189
0.436701
0.605564
0.727617
0.804163
0.8511
0.892145
0.952171
1.04347
1.16145
1.28477
1.38853
1.45844
1.49416
1.51062
1.53098
1.57967
1.66809
1.79014
1.92235
2.0376
2.11986
2.16777
2.19617
2.22902
2.29217
2.3984
2.54251
2.70091
2.84498
2.95446
3.01785
3.03089
-2.98698
-2.80168
-2.57509
-2.3555
-2.22926
-2.27903
-2.53418
-2.98833
-3.58134
-4.23159
-4.82808
-5.29638
-5.58996
-5.718
-5.72456
-5.69794
-5.71621
-5.7954
-5.90868
-5.9868
-5.97755
-5.84428
-5.5913
-5.24918
-4.8834
-4.55158
-4.26307
-3.9967
-3.70459
-3.36458
-2.98339
-2.61222
-2.30891
-2.09886
-1.98392
-1.93106
-1.89562
-1.82007
-1.68129
-1.48959
-1.302
-1.18287
-1.1638
-1.25157
-1.41515
-1.60691
-1.75768
-1.82081
-1.76666
-1.60168
-1.35491
-1.08507
-0.843326
-0.638111
-0.450624
-0.238223
0.0184241
0.312356
0.595728
0.815007
0.947552
0.993379
0.98627
0.971567
1.00736
1.11848
1.2974
1.49114
1.64006
1.71726
1.71999
1.68119
1.64606
1.67323
1.78688
1.97756
2.18871
2.35682
2.45233
2.47091
2.44579
2.42391
2.46746
2.60376
2.82631
3.08004
3.30302
3.46681
3.55943
3.58695
-3.52423
-3.17526
-2.75542
-2.2755
-1.9232
-1.8955
-2.20838
-2.88186
-3.78169
-4.80509
-5.69218
-6.35191
-6.67744
-6.7171
-6.52371
-6.31461
-6.28735
-6.4352
-6.71532
-6.93097
-7.00604
-6.84678
-6.4818
-5.94279
-5.39351
-4.98164
-4.69109
-4.47945
-4.18936
-3.77841
-3.23041
-2.68003
-2.2743
-2.03706
-1.98807
-2.04269
-2.13592
-2.10861
-1.92648
-1.58464
-1.22984
-1.02111
-0.993793
-1.17877
-1.49954
-1.89578
-2.20008
-2.35455
-2.28819
-2.03237
-1.61966
-1.19554
-0.890271
-0.690149
-0.557667
-0.35188
-0.0353268
0.406004
0.846316
1.14861
1.29162
1.25808
1.13164
0.977542
0.953319
1.09513
1.41128
1.76134
1.99415
2.08259
2.00493
1.84577
1.67074
1.64163
1.79412
2.13489
2.51646
2.78004
2.89501
2.83643
2.69018
2.5241
2.50868
2.68447
3.06479
3.50301
3.84589
4.08123
4.19427
4.25129
-4.29678
-3.65084
-3.02228
-2.01183
-1.14986
-1.02178
-1.36368
-2.44982
-3.80452
-5.5754
-6.88421
-7.88933
-8.17726
-8.05259
-7.34638
-6.67039
-6.60735
-6.88565
-7.61595
-8.07881
-8.37328
-8.14692
-7.6244
-6.65279
-5.70741
-5.23878
-5.00731
-5.07707
-4.85012
-4.39165
-3.48298
-2.54177
-1.99937
-1.70661
-1.84551
-2.1013
-2.55244
-2.62286
-2.40452
-1.70129
-0.950416
-0.601288
-0.521349
-0.913768
-1.47869
-2.32054
-2.86186
-3.20996
-3.08636
-2.69283
-1.90484
-1.13891
-0.789896
-0.648934
-0.774445
-0.629261
-0.273008
0.496826
1.29133
1.70721
1.88555
1.65219
1.31244
0.792112
0.655809
0.816339
1.47197
2.19605
2.55183
2.68285
2.40298
2.02902
1.48119
1.34445
1.52621
2.22955
3.01031
3.41353
3.58395
3.32464
2.95963
2.40396
2.27128
2.46748
3.21682
4.0603
4.54079
4.86902
4.90713
5.06695
-5.54515
-4.10144
-3.83906
-1.53416
0.680512
0.528983
0.553001
-1.63081
-3.22784
-7.01083
-8.51334
-10.4592
-10.2709
-10.2252
-8.12517
-6.14313
-6.4354
-6.68488
-8.90135
-9.46874
-10.4901
-9.87308
-9.41319
-7.32451
-5.33421
-5.15386
-4.88922
-6.10143
-5.84374
-5.65257
-3.78175
-1.82852
-1.36424
-0.753909
-1.53398
-1.87791
-3.51655
-3.55223
-3.58006
-1.88573
-0.0916409
0.207014
0.632102
-0.399554
-1.05826
-3.17724
-3.80105
-4.74374
-4.27234
-3.92038
-2.15728
-0.480958
-0.388944
-0.223033
-1.38006
-1.20961
-1.10525
0.553134
2.28258
2.60889
3.07337
2.2005
1.75431
0.0547332
-0.0680858
-0.174352
1.43512
3.16212
3.43419
3.87582
2.93759
2.46371
0.700705
0.589705
0.508265
2.2137
4.04874
4.38317
4.89267
3.96602
3.5046
1.6757
1.56124
1.45484
3.2341
5.14106
5.45567
6.07539
5.44557
6.14587
-8.13185
-2.85076
-7.59691
-0.926433
5.91842
1.8272
5.64924
-1.65654
0.496938
-11.7299
-9.50375
-16.102
-12.1592
-15.3555
-8.73377
-2.34049
-6.3247
-3.6512
-12.5611
-10.2045
-14.9659
-11.3725
-13.547
-7.85406
-2.35415
-5.18978
-2.64389
-9.2419
-6.74098
-9.33163
-4.19859
1.02948
-0.938769
2.20168
-1.84981
0.210537
-6.78827
-4.49216
-7.23485
-2.21307
2.92133
0.834046
3.8841
-0.421607
1.4658
-6.18624
-4.28021
-8.31304
-5.28544
-7.17914
-2.28384
2.45931
-0.0934752
2.10886
-3.89632
-1.69382
-4.17435
0.508086
5.29531
3.3126
6.18796
2.13541
4.00205
-2.95217
-0.814816
-3.63468
1.23002
6.22428
4.07336
7.0568
2.80453
4.75573
-2.45762
-0.206616
-3.08175
2.01217
7.24903
5.10165
8.27036
3.93843
6.01968
-1.5204
0.840503
-2.27221
3.06836
8.51562
5.93202
9.08186
4.0695
8.10134
-17.5131
12.8394
-27.7945
-0.569655
26.9044
-8.26963
26.7697
-15.3036
24.9295
-37.2615
2.21302
-36.9241
-3.76716
-34.6238
-9.01364
16.4056
-15.8013
16.0623
-32.4446
-0.690859
-31.4729
-4.56642
-29.0105
-8.10605
12.6287
-12.9756
12.7682
-25.4854
-0.306865
-24.1335
-4.75287
14.2496
-7.8705
15.513
-10.9674
15.3435
-23.4455
1.82295
-22.0714
-2.70354
16.3326
-5.93771
17.7274
-9.36283
17.7256
-22.96
3.7914
-22.0507
0.786844
-20.2155
-2.19266
15.9043
-6.6468
16.2582
-18.2331
4.56407
-17.5596
0.310639
18.0552
-2.98084
19.2772
-6.45489
18.9503
-19.0525
5.57527
-18.1623
0.836786
19.5739
-2.68249
20.6556
-6.26303
20.2431
-19.246
6.37721
-18.1486
1.60345
21.0812
-1.83633
22.4476
-5.3254
22.3882
-18.9751
8.00061
-18.173
2.74795
23.4536
-1.84869
23.8409
-10.3312
15.6198
28866.8
28829.2
28791.2
28753
28714.5
28675.8
28636.8
28597.6
28558.3
28518.8
28479.2
28439.5
28399.7
28359.8
28320
0.442002
0.427824
0.408307
0.384089
0.35602
0.325023
0.291993
0.257718
0.222835
0.187809
0.152945
0.118406
0.0842357
0.0503918
0.0167705
0.742775
0.718825
0.685615
0.644341
0.596552
0.543907
0.48799
0.430165
0.371513
0.312806
0.254528
0.196921
0.140028
0.0837442
0.0278669
1.05343
1.01908
0.970982
0.911102
0.841927
0.766055
0.685888
0.60344
0.520251
0.437378
0.355447
0.274727
0.195212
0.116693
0.0388223
1.37878
1.33297
1.26801
1.18705
1.0939
0.99241
0.885996
0.777402
0.668632
0.56098
0.455137
0.351322
0.249401
0.148993
0.0495531
1.72503
1.66597
1.58101
1.47515
1.35416
1.22362
1.08822
0.951497
0.815861
0.682743
0.552776
0.426006
0.302068
0.18032
0.0599505
2.10022
2.02488
1.91494
1.77835
1.62393
1.45963
1.29169
1.12444
0.960531
0.801325
0.647194
0.49784
0.352532
0.210265
0.0698771
2.51528
2.41859
2.27566
2.0995
1.90361
1.69925
1.49439
1.29394
1.10044
0.91479
0.736804
0.565609
0.399942
0.238323
0.0791665
2.98569
2.859
2.66998
2.44071
2.19202
1.93948
1.69266
1.45639
1.2324
1.02053
0.819581
0.627823
0.443285
0.26391
0.0876276
3.53412
3.36231
3.10504
2.80185
2.48483
2.17437
1.88052
1.60657
1.35219
1.11528
0.893113
0.682779
0.48144
0.286391
0.095055
4.19639
3.95083
3.58588
3.17681
2.77152
2.39315
2.04877
1.73731
1.45448
1.19524
0.954758
0.7287
0.513278
0.30514
0.101249
5.04243
4.6572
4.10956
3.54671
3.03096
2.57814
2.18435
1.83953
1.53322
1.25643
1.00193
0.763945
0.537803
0.319627
0.106042
6.24761
5.52657
4.64902
3.86855
3.22686
2.70404
2.27108
1.90332
1.58244
1.29532
1.03257
0.787312
0.554341
0.329511
0.109333
8.28566
6.55244
5.09285
4.05177
3.30368
2.74011
2.29268
1.92029
1.59792
1.30982
1.04567
0.798362
0.562714
0.334731
0.111106
12.2571
7.30363
5.11781
3.94181
3.19591
2.66015
2.23937
1.8873
1.5791
1.30033
1.04189
0.797711
0.563398
0.33558
0.11146
-0.0918423
-0.27724
-0.467875
-0.667593
-0.880828
-1.113
-1.37112
-1.66484
-2.00835
-2.42429
-2.95234
-3.67092
-4.75867
-6.69209
-10.9494
-0.0868717
-0.262046
-0.441573
-0.628568
-0.826482
-1.03929
-1.27171
-1.52948
-1.81962
-2.15026
-2.5287
-2.95086
-3.35344
-3.3944
-1.40887
-0.0809057
-0.243823
-0.410077
-0.581947
-0.761777
-0.951936
-1.15466
-1.37161
-1.6027
-1.843
-2.07468
-2.24441
-2.19924
-1.50383
1.04275
-0.0741695
-0.223277
-0.374669
-0.529785
-0.689882
-0.855833
-1.0277
-1.20388
-1.3793
-1.54168
-1.66369
-1.68723
-1.4964
-0.898868
0.200259
-0.0668969
-0.201137
-0.336665
-0.474148
-0.613904
-0.755596
-0.897715
-1.03663
-1.16491
-1.26833
-1.32106
-1.27897
-1.07579
-0.64224
-0.00289155
-0.0593121
-0.178097
-0.297291
-0.416919
-0.536561
-0.655041
-0.769924
-0.876728
-0.967705
-1.03011
-1.04423
-0.982626
-0.81506
-0.52848
-0.168157
-0.0516135
-0.154763
-0.257605
-0.359662
-0.460003
-0.556957
-0.647715
-0.727782
-0.790292
-0.825343
-0.81991
-0.759838
-0.636911
-0.465865
-0.316715
-0.0439657
-0.131636
-0.218449
-0.303576
-0.385772
-0.46315
-0.532902
-0.590995
-0.631908
-0.64863
-0.633466
-0.580635
-0.49212
-0.387962
-0.319143
-0.036496
-0.109095
-0.180448
-0.249504
-0.314861
-0.374605
-0.426151
-0.466109
-0.490287
-0.494012
-0.473114
-0.42613
-0.358119
-0.28544
-0.234591
-0.0292959
-0.087408
-0.144027
-0.197979
-0.247817
-0.29172
-0.327411
-0.352146
-0.362838
-0.35645
-0.330822
-0.28615
-0.227285
-0.167667
-0.142034
-0.0224255
-0.0667474
-0.109441
-0.149287
-0.184864
-0.2145
-0.23624
-0.247897
-0.247216
-0.23221
-0.201697
-0.15594
-0.0969048
-0.0261971
0.0695691
-0.0159186
-0.0472063
-0.0768161
-0.103532
-0.126006
-0.142726
-0.15203
-0.152176
-0.141504
-0.118698
-0.0830955
-0.0348594
0.0254314
0.0979723
0.180281
-0.0097895
-0.0288193
-0.0461813
-0.0606989
-0.0711105
-0.0760626
-0.0741363
-0.0639249
-0.0441812
-0.0140313
0.0267977
0.0779494
0.139316
0.215463
0.33452
-0.00403793
-0.0115789
-0.0175024
-0.0206896
-0.0199721
-0.0141358
-0.00195242
0.0177488
0.0459526
0.0832581
0.129587
0.18377
0.242989
0.303254
0.372686
0.00134611
0.00454993
0.00929604
0.016636
0.0276473
0.0434254
0.0650565
0.0935624
0.129805
0.174318
0.226987
0.286196
0.345988
0.384777
0.313323
0.00637882
0.0196196
0.0343134
0.0514408
0.0719931
0.0969655
0.127339
0.16405
0.207953
0.259754
0.319906
0.388322
0.463623
0.542951
0.639557
0.0110801
0.0336921
0.0576613
0.0838963
0.113307
0.1468
0.185269
0.229594
0.280659
0.339428
0.40715
0.485775
0.578525
0.689242
0.809083
0.0154715
0.0468346
0.0794569
0.114176
0.151825
0.193224
0.239183
0.290507
0.348059
0.412927
0.486885
0.573533
0.681038
0.8293
1.07349
0.0195755
0.059115
0.0998176
0.142452
0.187777
0.23653
0.289422
0.347147
0.410425
0.480156
0.55787
0.646908
0.755337
0.902858
1.13577
0.0234141
0.0706005
0.118858
0.168892
0.221389
0.277007
0.336358
0.399986
0.468361
0.541891
0.621061
0.706926
0.802572
0.917237
1.07458
0.0270084
0.081355
0.136688
0.193653
0.252875
0.314942
0.380376
0.449582
0.522766
0.599759
0.679681
0.760267
0.836666
0.9021
0.977323
0.030378
0.0914379
0.153406
0.216878
0.282427
0.350589
0.421827
0.49647
0.574576
0.655643
0.737923
0.81664
0.878432
0.88029
0.651889
0.033541
0.100903
0.169104
0.238694
0.310208
0.38415
0.460969
0.541006
0.624377
0.710731
0.798718
0.884899
0.961871
1.0185
1.0733
0.0365139
0.1098
0.183861
0.259208
0.336346
0.415765
0.497934
0.583282
0.672155
0.764731
0.860842
0.959684
1.05951
1.1581
1.25407
0.0393118
0.118173
0.197749
0.278513
0.360944
0.445523
0.53275
0.623167
0.717411
0.81632
0.921142
1.03392
1.1581
1.29964
1.47387
0.0419492
0.126065
0.210835
0.296696
0.384095
0.473496
0.56541
0.660454
0.75948
0.86385
0.975983
1.10036
1.24473
1.4186
1.61076
0.0444402
0.133518
0.223187
0.313846
0.405901
0.499778
0.595957
0.695036
0.797894
0.90604
1.0224
1.15305
1.31097
1.52502
1.8673
0.0467993
0.140574
0.234877
0.330062
0.426486
0.524516
0.624549
0.727054
0.832692
0.942583
1.05898
1.18693
1.33834
1.54255
1.87632
0.0490409
0.147278
0.24598
0.345455
0.446003
0.547919
0.651483
0.756956
0.86459
0.974662
1.08763
1.20466
1.32913
1.47026
1.64446
0.0511795
0.153674
0.256572
0.360137
0.464618
0.570234
0.67715
0.785416
0.894849
1.00478
1.11355
1.21737
1.30841
1.37516
1.44418
0.053229
0.159804
0.266727
0.374221
0.482491
0.591703
0.701942
0.813125
0.924811
1.03577
1.14299
1.23911
1.30462
1.27864
0.924307
0.0552024
0.165708
0.276511
0.387804
0.499759
0.612515
0.726139
0.840545
0.95533
1.0694
1.18022
1.28226
1.36443
1.41025
1.44219
0.0571112
0.171419
0.285981
0.400963
0.516518
0.632782
0.749855
0.867765
0.986394
1.10534
1.22363
1.33937
1.44953
1.55165
1.65032
0.0589658
0.176969
0.295187
0.41376
0.532832
0.652545
0.773054
0.894547
1.0173
1.14177
1.26888
1.4005
1.54033
1.69556
1.8841
0.0607757
0.182385
0.30417
0.42625
0.548749
0.671813
0.795634
0.920521
1.04705
1.17642
1.31107
1.45605
1.62054
1.81648
2.03223
0.0625501
0.187695
0.312976
0.438485
0.564323
0.690613
0.817537
0.945417
1.07491
1.20744
1.34618
1.49817
1.67903
1.92378
2.31934
0.0642983
0.192926
0.321649
0.450528
0.57963
0.70903
0.838839
0.969256
1.10071
1.23421
1.37216
1.5204
1.69324
1.9265
2.31537
0.0660297
0.198107
0.330238
0.462454
0.594777
0.727221
0.859781
0.992435
1.12515
1.25795
1.39109
1.5257
1.66557
1.82131
2.01015
0.0677535
0.203267
0.338796
0.474342
0.609889
0.745387
0.880718
1.01563
1.14959
1.28151
1.40909
1.52749
1.62696
1.69328
1.75801
0.069478
0.20843
0.347366
0.486266
0.625083
0.763727
0.902008
1.03954
1.1755
1.30814
1.43355
1.54258
1.61142
1.5665
1.12258
0.0712102
0.213619
0.355989
0.498284
0.640446
0.782374
0.923882
1.0646
1.20378
1.33984
1.46947
1.58573
1.67494
1.71694
1.73805
0.0729557
0.21885
0.364689
0.510431
0.656018
0.801371
0.946365
1.09079
1.23426
1.37605
1.51474
1.64781
1.77131
1.88202
1.98534
0.0747181
0.224133
0.373482
0.522721
0.6718
0.820674
0.969307
1.1177
1.26597
1.41444
1.56401
1.71668
1.87666
2.05234
2.26497
0.0765004
0.229476
0.382378
0.535157
0.687772
0.8402
0.992475
1.14477
1.29758
1.45213
1.61118
1.78059
1.9712
2.19714
2.44386
0.0783047
0.234886
0.391384
0.547744
0.70392
0.859888
1.01569
1.17154
1.32805
1.48674
1.65125
1.82989
2.04129
2.32766
2.79414
0.0801332
0.240369
0.40051
0.560494
0.720257
0.879743
1.03893
1.19792
1.35705
1.51736
1.68159
1.85658
2.05942
2.33324
2.79248
0.081988
0.245931
0.409771
0.573434
0.736831
0.899858
1.06238
1.22425
1.38527
1.54533
1.70454
1.86408
2.02834
2.2102
2.43151
0.0838706
0.251578
0.419179
0.586592
0.753708
0.920374
1.08635
1.25122
1.41423
1.57392
1.72735
1.86844
1.98511
2.05991
2.13068
0.0857814
0.257312
0.428743
0.599991
0.770943
0.941423
1.11114
1.27953
1.44554
1.60692
1.7588
1.88989
1.97102
1.91255
1.36763
0.0877188
0.26313
0.438457
0.61363
0.788549
0.963059
1.13689
1.30957
1.48011
1.64655
1.80477
1.94618
2.0539
2.10313
2.12571
0.0896793
0.26902
0.448302
0.627479
0.806483
0.985215
1.16352
1.34113
1.51757
1.69194
1.86248
2.026
2.17747
2.31233
2.43477
0.0916568
0.274963
0.458244
0.641481
0.824648
1.00772
1.19068
1.37357
1.55653
1.74002
1.92513
2.11432
2.31266
2.53028
2.79344
0.0936441
0.280936
0.46824
0.655564
0.842922
1.03035
1.21795
1.406
1.59517
1.78702
1.98501
2.19639
2.43455
2.71671
3.02321
0.095633
0.286915
0.478245
0.669655
0.861188
1.05291
1.24497
1.43772
1.632
1.82979
2.03566
2.25999
2.52597
2.88637
3.4733
0.097615
0.292873
0.488215
0.683694
0.879363
1.07528
1.27156
1.46842
1.66644
1.867
2.07357
2.29477
2.55191
2.89886
3.47788
0.0995816
0.298786
0.498112
0.697632
0.897403
1.09746
1.2978
1.49839
1.69915
1.90007
2.10141
2.30472
2.51554
2.75032
3.03782
0.101523
0.304627
0.507896
0.711427
0.915284
1.11948
1.32391
1.52827
1.73181
1.93289
2.12797
2.30957
2.4626
2.56528
2.66503
0.10343
0.310365
0.51752
0.725024
0.932971
1.14138
1.35013
1.55878
1.76622
1.96991
2.16396
2.33438
2.44467
2.38239
1.71136
0.105289
0.315962
0.526921
0.738343
0.950372
1.1631
1.37647
1.59016
1.80329
2.01367
2.21642
2.40106
2.54664
2.62233
2.66864
0.107084
0.321372
0.536022
0.751268
0.96733
1.1844
1.40262
1.622
1.8423
2.06275
2.28153
2.49499
2.69718
2.88279
3.05729
0.108799
0.326543
0.544729
0.763653
0.983623
1.20496
1.42802
1.65324
1.88124
2.11301
2.35038
2.59687
2.8593
3.15106
3.50613
0.110416
0.331419
0.552941
0.775341
0.999002
1.22436
1.45196
1.6826
1.9176
2.15943
2.41295
2.68776
3.00114
3.37545
3.788
0.111916
0.335944
0.560561
0.786178
1.01324
1.24224
1.47384
1.70898
1.94927
2.19776
2.46081
2.75196
3.10074
3.57341
4.3343
0.113285
0.340071
0.567506
0.79604
1.02615
1.25836
1.49331
1.73184
1.97526
2.22603
2.4892
2.77623
3.11436
3.57132
4.32605
0.114508
0.343756
0.573705
0.804833
1.03764
1.27262
1.51033
1.75132
1.9962
2.24571
2.50109
2.76514
3.04552
3.36256
3.7475
0.115572
0.346965
0.579102
0.812488
1.04763
1.28503
1.52512
1.76815
2.01395
2.26136
2.50702
2.74279
2.95127
3.10673
3.26804
0.116468
0.349665
0.583646
0.818944
1.05609
1.29561
1.5379
1.78309
2.03062
2.27826
2.51986
2.7395
2.89388
2.84694
2.06648
0.117186
0.35183
0.587292
0.824136
1.06294
1.30429
1.5487
1.79645
2.04724
2.29938
2.548
2.78162
2.97632
3.09662
3.19307
0.117719
0.353435
0.589992
0.827986
1.06805
1.31089
1.55721
1.80772
2.06296
2.32295
2.58661
2.85087
3.11047
3.36294
3.62603
0.118062
0.354464
0.59171
0.830415
1.07127
1.31509
1.56284
1.81575
2.07541
2.344
2.62483
2.92343
3.24963
3.62195
4.08242
0.118216
0.354913
0.592427
0.831368
1.07246
1.31658
1.56493
1.81914
2.08167
2.35655
2.65076
2.9769
3.35682
3.81981
4.35232
0.118187
0.354803
0.592166
0.830849
1.07155
1.31518
1.56298
1.81676
2.0794
2.35572
2.65455
2.99309
3.40635
3.96948
4.86061
0.117992
0.35418
0.590999
0.828944
1.06864
1.31091
1.55689
1.80828
2.06764
2.33926
2.63082
2.95745
3.35184
3.89146
4.78244
0.117659
0.353125
0.58906
0.825841
1.06396
1.30407
1.54709
1.79427
2.0474
2.30898
2.58276
2.87484
3.19651
3.5695
4.00909
0.117223
0.351752
0.586542
0.821824
1.05791
1.29524
1.53441
1.77617
2.0213
2.27025
2.52204
2.77173
3.00557
3.20135
3.42415
0.116732
0.350201
0.583693
0.817261
1.05102
1.28516
1.51996
1.75574
1.99257
2.22956
2.46281
2.67969
2.84106
2.81451
2.06461
0.11624
0.348639
0.580799
0.812579
1.04387
1.27463
1.50485
1.73459
1.96373
2.19148
2.41497
2.62625
2.80708
2.93003
3.05185
0.115806
0.347247
0.578175
0.808244
1.03712
1.26448
1.49011
1.71388
1.93588
2.15636
2.37563
2.59401
2.8133
3.04637
3.3529
0.115491
0.346216
0.576154
0.804751
1.03142
1.25556
1.47666
1.69441
1.9091
2.12209
2.33693
2.56118
2.80997
3.11173
3.51415
0.115357
0.345733
0.575071
0.802606
1.02748
1.24877
1.46554
1.6771
1.8835
2.08655
2.29169
2.51134
2.76986
3.10723
3.56173
0.115459
0.345974
0.575244
0.802312
1.02605
1.24512
1.45805
1.66337
1.86024
2.04956
2.23639
2.43455
2.67501
3.0214
3.59788
0.115841
0.347082
0.576948
0.804335
1.02786
1.24576
1.45584
1.65552
1.84223
2.0143
2.17325
2.32839
2.50661
2.77582
3.32673
0.116528
0.349146
0.580376
0.809043
1.03358
1.25183
1.46085
1.6567
1.83438
1.98815
2.11275
2.20624
2.27503
2.33465
2.35392
0.117521
0.352175
0.585583
0.816618
1.04366
1.26431
1.475
1.67048
1.84312
1.98227
2.07385
2.10127
2.04982
1.9215
1.80231
0.118781
0.356067
0.592437
0.826961
1.05817
1.2837
1.49972
1.70011
1.87512
2.00942
2.07952
2.05109
1.878
1.50205
0.809568
0.120232
0.360594
0.600567
0.839598
1.07662
1.30968
1.53528
1.74735
1.93537
2.08116
2.15363
2.10139
1.84707
1.3024
0.460335
0.121753
0.365387
0.609344
0.85362
1.09781
1.34081
1.58021
1.81128
2.02495
2.20382
2.31436
2.29204
2.01777
1.30928
0.114337
0.123184
0.369952
0.617892
0.867684
1.11982
1.37442
1.63091
1.88729
2.13869
2.37394
2.56739
2.65768
2.49001
1.65396
-0.954042
0.124336
0.373697
0.625143
0.880108
1.1401
1.40671
1.68166
1.96675
2.26365
2.57313
2.89209
3.20248
3.42635
3.22908
1.10354
0.125006
0.375988
0.629938
0.889024
1.15574
1.43317
1.72534
2.03799
2.3799
2.76578
3.22282
3.80745
4.65499
6.14289
9.48029
9.30431
5.82717
4.3191
3.48264
2.92003
2.48957
2.13226
1.81978
1.53682
1.27428
1.02627
0.788688
0.558484
0.333206
0.110761
0.492342
2.78023
3.03159
2.84196
2.56338
2.2766
1.99967
1.73528
1.48241
1.23923
1.0039
0.774725
0.550174
0.32884
0.109405
-1.62069
1.14761
2.05023
2.26299
2.21238
2.05682
1.85837
1.64279
1.42126
1.19872
0.977245
0.757538
0.539619
0.323151
0.107611
-0.30299
0.810548
1.54788
1.86687
1.93428
1.86685
1.72899
1.55443
1.36081
1.15746
0.949344
0.739096
0.528048
0.316811
0.105595
-0.179399
0.734684
1.33601
1.64547
1.74982
1.7258
1.6251
1.4793
1.3071
1.11948
0.922911
0.721197
0.516599
0.310452
0.103558
0.0986515
0.875982
1.3268
1.56651
1.65451
1.63803
1.55252
1.42249
1.26409
1.08772
0.900036
0.705291
0.50622
0.304608
0.101673
1.01231
1.24401
1.4642
1.59292
1.63177
1.5982
1.51087
1.38539
1.23355
1.0638
0.882056
0.692384
0.497601
0.299681
0.100071
1.51822
1.62005
1.66512
1.68176
1.65935
1.59572
1.49572
1.36659
1.21544
1.04821
0.869576
0.683024
0.491159
0.295927
0.0988396
2.40924
2.03551
1.8858
1.79776
1.71555
1.6185
1.50079
1.36309
1.20849
1.04055
0.862591
0.677353
0.487054
0.293461
0.0980189
2.69702
2.29543
2.06368
1.90973
1.78209
1.65562
1.51974
1.37134
1.21079
1.03986
0.860661
0.675199
0.485239
0.292281
0.0976121
2.80064
2.43742
2.18754
2.00344
1.84784
1.6993
1.5474
1.38802
1.22032
1.04493
0.863084
0.676173
0.48551
0.292291
0.0975915
2.82437
2.50074
2.26573
2.0774
1.9087
1.74531
1.58025
1.41051
1.23519
1.05447
0.869036
0.679758
0.48756
0.293331
0.0979078
2.77366
2.50255
2.31152
2.13774
1.9659
1.7925
1.61636
1.43688
1.25383
1.06731
0.877664
0.685379
0.491027
0.295202
0.098498
2.55678
2.44877
2.34536
2.19678
2.02419
1.84159
1.6548
1.46574
1.2749
1.08234
0.888134
0.692444
0.495523
0.297688
0.099292
1.75926
2.39182
2.41059
2.27254
2.08946
1.8936
1.69482
1.49587
1.29717
1.09852
0.899649
0.700375
0.500661
0.300567
0.100218
2.96588
2.76114
2.58476
2.3796
2.16365
1.94765
1.73497
1.52583
1.31943
1.11489
0.911455
0.708623
0.506072
0.303626
0.101208
3.49752
3.11081
2.77894
2.49421
2.23789
1.99941
1.77269
1.5539
1.34043
1.13049
0.922861
0.71669
0.511419
0.306672
0.102196
4.21895
3.42244
2.94043
2.58915
2.29979
2.04302
1.80493
1.57829
1.35899
1.14453
0.933269
0.724146
0.516411
0.309537
0.10313
4.30996
3.51571
3.01118
2.64115
2.3391
2.07367
1.82924
1.59762
1.37423
1.15635
0.942217
0.730653
0.520816
0.312082
0.103962
3.89542
3.40785
2.98858
2.64599
2.35303
2.08977
1.84468
1.61124
1.38567
1.16559
0.949403
0.735978
0.524467
0.314209
0.10466
3.67392
3.25262
2.91277
2.61645
2.34636
2.09329
1.85204
1.61944
1.39333
1.17216
0.954695
0.73999
0.52726
0.315851
0.105201
3.29178
3.0409
2.80678
2.56876
2.32792
2.08862
1.85343
1.62315
1.39761
1.17617
0.958098
0.742651
0.529148
0.316974
0.105573
2.91173
2.81761
2.70355
2.52312
2.30844
2.08111
1.85143
1.62362
1.39906
1.17788
0.959703
0.743982
0.530126
0.317568
0.105772
1.89707
2.60823
2.64645
2.50135
2.29778
2.07527
1.84817
1.62186
1.39819
1.17753
0.959633
0.744039
0.530218
0.317641
0.105799
3.0234
2.86624
2.71671
2.52027
2.30034
2.07266
1.84437
1.6183
1.39527
1.17529
0.957993
0.742887
0.529461
0.317213
0.105661
3.47976
3.11901
2.81959
2.55558
2.30834
2.07049
1.83908
1.61265
1.39028
1.17123
0.954859
0.740591
0.527903
0.316312
0.105366
4.04137
3.32926
2.89796
2.57934
2.30989
2.0639
1.83035
1.60422
1.38302
1.16534
0.950295
0.737222
0.525599
0.314972
0.104927
4.06093
3.34461
2.89814
2.56904
2.2952
2.0487
1.8165
1.59242
1.37335
1.15767
0.944391
0.732871
0.522621
0.313237
0.104357
3.56857
3.17264
2.81689
2.52046
2.26161
2.0236
1.79707
1.57717
1.36138
1.14836
0.937298
0.727663
0.519061
0.311163
0.103676
3.31352
2.97287
2.69451
2.44589
2.21359
1.99057
1.77307
1.5591
1.34754
1.13773
0.929247
0.721765
0.51503
0.308814
0.102904
2.90314
2.72993
2.55156
2.36008
2.15919
1.95373
1.74667
1.5394
1.33252
1.12623
0.920533
0.715375
0.510657
0.306263
0.102065
2.53944
2.49065
2.41779
2.28091
2.10801
1.91806
1.72044
1.51948
1.31715
1.11435
0.911482
0.708708
0.50608
0.303586
0.101185
1.63089
2.2682
2.32853
2.22686
2.06874
1.88775
1.69656
1.50054
1.30215
1.10257
0.902401
0.701968
0.501428
0.300858
0.100285
2.54493
2.4465
2.35183
2.21213
2.04542
1.86456
1.67609
1.48331
1.28802
1.09123
0.893545
0.695332
0.496819
0.298143
0.0993886
2.89772
2.6223
2.40645
2.21627
2.03201
1.84671
1.65864
1.46788
1.27499
1.08056
0.885092
0.688934
0.492343
0.295495
0.098512
3.30218
2.75681
2.44333
2.2164
2.0194
1.83083
1.64311
1.45397
1.26307
1.07067
0.877156
0.682867
0.488067
0.292952
0.0976684
3.27565
2.73037
2.42021
2.19584
2.00099
1.81443
1.62862
1.44133
1.25224
1.0616
0.8698
0.677187
0.484032
0.290541
0.096866
2.78124
2.54077
2.33759
2.15489
1.97691
1.79753
1.6152
1.43001
1.24254
1.05338
0.86305
0.671914
0.480254
0.288269
0.096108
2.40511
2.32535
2.24086
2.11078
1.95385
1.78274
1.60381
1.42033
1.23406
1.04604
0.856899
0.667039
0.476724
0.286133
0.0953931
1.51327
2.11334
2.17586
2.08545
1.94072
1.77341
1.59563
1.41263
1.22685
1.03952
0.851291
0.662515
0.473411
0.284114
0.0947151
2.30652
2.27473
2.21715
2.09795
1.94336
1.77139
1.59113
1.40692
1.22078
1.03369
0.846104
0.658252
0.470255
0.28218
0.0940638
2.60832
2.45412
2.30129
2.13515
1.95815
1.77517
1.58943
1.4026
1.21544
1.02826
0.841146
0.654125
0.46718
0.280287
0.0934257
2.92283
2.63267
2.39477
2.18004
1.97719
1.78092
1.58852
1.39856
1.21017
1.02282
0.836172
0.649983
0.464093
0.278389
0.0927854
3.11268
2.77505
2.47225
2.21681
1.99176
1.78403
1.58599
1.39348
1.20423
1.01696
0.830926
0.645668
0.460902
0.276434
0.0921278
3.4745
2.89338
2.51695
2.23261
1.99441
1.78046
1.57965
1.38619
1.19698
1.0103
0.825186
0.64105
0.457529
0.274384
0.09144
3.44934
2.86969
2.4978
2.21653
1.98031
1.76783
1.56828
1.37602
1.18803
1.00261
0.818813
0.636041
0.453923
0.272209
0.090713
3.00121
2.70185
2.41585
2.1693
1.94983
1.74627
1.55189
1.36295
1.17734
0.993862
0.811776
0.630615
0.450063
0.269897
0.089943
2.77951
2.52488
2.30661
2.10341
1.90839
1.7184
1.5318
1.34762
1.16524
0.984201
0.804145
0.624803
0.445963
0.267454
0.0891309
2.44524
2.32278
2.18702
2.03196
1.86354
1.68823
1.51007
1.33111
1.15228
0.973914
0.796067
0.618682
0.441661
0.264896
0.0882821
2.14768
2.13004
2.08095
1.96992
1.82355
1.6601
1.48894
1.31457
1.13906
0.963325
0.787717
0.612347
0.437208
0.26225
0.087404
1.40074
1.95927
2.01798
1.93256
1.79552
1.63738
1.4701
1.29889
1.12607
0.952706
0.779254
0.605889
0.432657
0.259542
0.0865051
2.21147
2.13572
2.05517
1.9312
1.78224
1.62105
1.45406
1.28438
1.11352
0.942207
0.770779
0.599378
0.428051
0.256797
0.0855929
2.54356
2.31564
2.12259
1.94735
1.77755
1.6088
1.43993
1.27075
1.10135
0.931849
0.762336
0.592855
0.423421
0.254032
0.0846736
2.96395
2.47146
2.17773
1.95987
1.77221
1.59672
1.42607
1.25733
1.08931
0.921559
0.753922
0.586338
0.418788
0.251262
0.0837522
2.98794
2.48938
2.18029
1.95156
1.75854
1.58132
1.41095
1.24347
1.07714
0.911253
0.74552
0.579836
0.414165
0.248498
0.0828324
2.65306
2.37587
2.12717
1.91861
1.73397
1.56123
1.3939
1.22886
1.06473
0.900898
0.737135
0.573364
0.409567
0.245749
0.0819175
2.48166
2.2427
2.04629
1.86916
1.70124
1.53745
1.37531
1.2137
1.05218
0.890553
0.728805
0.566948
0.405011
0.243024
0.0810107
2.20915
2.08009
1.95214
1.81345
1.66572
1.51256
1.3564
1.19856
1.03975
0.880356
0.720601
0.560625
0.400517
0.240334
0.0801149
1.94873
1.91683
1.86556
1.76416
1.63406
1.48982
1.33871
1.18415
1.02779
0.870468
0.712601
0.554432
0.396101
0.237685
0.0792319
1.2712
1.76714
1.81389
1.73494
1.61231
1.47192
1.32346
1.17104
1.01658
0.861015
0.704859
0.548392
0.39177
0.235079
0.0783616
2.0149
1.92949
1.84959
1.73619
1.603
1.45966
1.31101
1.15942
1.00619
0.852031
0.697383
0.542496
0.387513
0.232506
0.0775008
2.31216
2.08812
1.90864
1.75133
1.60081
1.45117
1.30065
1.149
0.996497
0.843446
0.690122
0.536706
0.383301
0.229948
0.0766428
2.67209
2.21593
1.9524
1.76186
1.59811
1.44337
1.29112
1.13925
0.987246
0.835109
0.682973
0.530945
0.379079
0.227371
0.0757769
2.66745
2.2101
1.94557
1.75393
1.58924
1.43388
1.28139
1.12966
0.978147
0.82683
0.675796
0.525109
0.374772
0.224732
0.0748879
2.29265
2.07048
1.88823
1.72741
1.57397
1.42245
1.27119
1.11998
0.968976
0.818411
0.668426
0.519066
0.370287
0.221973
0.0739565
1.99234
1.90324
1.81613
1.69589
1.55746
1.41088
1.26102
1.11021
0.959564
0.809645
0.660669
0.512657
0.365505
0.219021
0.0729589
1.25703
1.73474
1.76714
1.67712
1.54668
1.40165
1.25157
1.10037
0.949711
0.800281
0.652289
0.505688
0.360285
0.215792
0.0718663
1.93592
1.87559
1.80323
1.68656
1.54613
1.39597
1.24296
1.09021
0.939064
0.789975
0.642991
0.497925
0.354457
0.212183
0.0706449
2.19103
2.0249
1.87018
1.71264
1.55242
1.39231
1.2342
1.07901
0.927045
0.778262
0.632406
0.489088
0.347827
0.208079
0.0692559
2.45017
2.16639
1.93919
1.7407
1.55874
1.38733
1.22347
1.06562
0.912874
0.764571
0.620105
0.478857
0.340171
0.203347
0.0676558
2.59552
2.2687
1.98837
1.7574
1.55783
1.37716
1.20861
1.04874
0.895676
0.748269
0.605614
0.466883
0.331245
0.197844
0.0657968
2.85885
2.33886
2.00336
1.75244
1.54389
1.35862
1.18778
1.02718
0.87461
0.728719
0.588443
0.452796
0.320791
0.191415
0.0636277
2.80014
2.28103
1.95972
1.71817
1.51387
1.33011
1.15991
1.00009
0.848963
0.705323
0.5681
0.436213
0.308535
0.183897
0.0610942
2.33725
2.08595
1.8608
1.65814
1.46966
1.29225
1.12487
0.967028
0.818172
0.677522
0.544095
0.41674
0.294192
0.175117
0.0581388
1.99818
1.87282
1.74637
1.58837
1.41786
1.24745
1.08325
0.927782
0.781736
0.644756
0.515916
0.393961
0.277462
0.164896
0.0547013
1.22456
1.66056
1.65393
1.52741
1.36606
1.19841
1.0356
0.882049
0.739057
0.606387
0.482997
0.367427
0.258022
0.153042
0.0507185
1.84901
1.75576
1.64481
1.49076
1.3187
1.14604
0.981582
0.829032
0.68926
0.561623
0.444687
0.336643
0.235532
0.139355
0.046125
2.07169
1.86335
1.66571
1.46671
1.27183
1.08801
0.919338
0.76719
0.631088
0.509473
0.400241
0.301077
0.209638
0.123635
0.0408558
2.28181
1.96359
1.68763
1.4399
1.21736
1.01951
0.845661
0.694251
0.562903
0.448768
0.348842
0.260176
0.17999
0.10569
0.0348496
2.40985
2.03459
1.69003
1.3957
1.14583
0.934384
0.756444
0.607425
0.482811
0.378239
0.289658
0.213417
0.146275
0.0853554
0.0280558
2.67323
2.08434
1.65763
1.32073
1.04768
0.826035
0.647182
0.503696
0.388845
0.296647
0.221941
0.160365
0.108259
0.0625193
0.0204414
2.65018
2.02157
1.56294
1.20151
0.913909
0.68801
0.513397
0.380121
0.279189
0.202947
0.145139
0.100764
0.0658413
0.037152
0.0120016
2.33624
1.84085
1.40082
1.03112
0.737349
0.514414
0.350938
0.23412
0.152427
0.0964821
0.0590393
0.0346245
0.0191123
0.00933798
0.00276923
2.05957
1.62177
1.18994
0.8081
0.51167
0.29958
0.156111
0.0637562
0.00781656
-0.0227987
-0.0360789
-0.0376751
-0.0315851
-0.0206923
-0.00717526
1.3959
1.39864
0.944426
0.525844
0.227509
0.0371624
-0.0741685
-0.131868
-0.154353
-0.154091
-0.139286
-0.115292
-0.0856031
-0.0525363
-0.0176958
2.66911
1.4929
0.674229
0.160135
-0.13155
-0.280033
-0.341631
-0.351912
-0.332295
-0.295458
-0.248855
-0.196847
-0.141954
-0.0856044
-0.0285967
3.26489
1.33894
0.192595
-0.36004
-0.58999
-0.657457
-0.644649
-0.59267
-0.522167
-0.443586
-0.36216
-0.280391
-0.199305
-0.119122
-0.0396241
4.53136
0.643595
-0.701215
-1.1044
-1.16127
-1.09054
-0.974785
-0.846233
-0.717614
-0.593665
-0.475686
-0.363446
-0.256019
-0.152158
-0.0504753
1.3867
-1.8177
-2.24873
-2.08933
-1.8212
-1.55485
-1.31373
-1.09978
-0.909781
-0.739575
-0.58521
-0.443147
-0.310246
-0.183674
-0.0608165
-11.0112
-6.20481
-4.20607
-3.14974
-2.47988
-2.00159
-1.63374
-1.33665
-1.08817
-0.874462
-0.686175
-0.516477
-0.360071
-0.212607
-0.0703061
0.124912
0.375968
0.630808
0.892271
1.16375
1.44959
1.75578
2.09118
2.46985
2.91589
3.47418
4.23681
5.41665
7.57615
12.4234
0.123666
0.37243
0.625599
0.886497
1.15911
1.44857
1.76187
2.10913
2.50572
2.97608
3.56038
4.32553
5.37796
6.84387
8.59468
0.120984
0.364476
0.612643
0.868977
1.1376
1.42368
1.73399
2.07776
2.46789
2.92241
3.46566
4.12658
4.92569
5.82554
6.58416
0.116778
0.351838
0.5915
0.839134
1.0986
1.37454
1.67265
2.0001
2.36577
2.78006
3.25313
3.78935
4.3741
4.94821
5.36946
0.111064
0.334588
0.562363
0.797423
1.04311
1.3032
1.58199
1.88429
2.21515
2.57892
2.97693
3.40265
3.8339
4.22446
4.50094
0.103947
0.31307
0.52591
0.745044
0.973174
1.21314
1.46784
1.74003
2.03184
2.34375
2.6727
3.00909
3.33313
3.61349
3.81122
0.0955954
0.287817
0.483136
0.683628
0.891352
1.10829
1.33618
1.57626
1.82874
2.09201
2.36146
2.62778
2.87573
3.08478
3.23288
0.0862083
0.259452
0.435166
0.614941
0.800265
0.992413
1.19228
1.40008
1.61498
1.83451
2.05391
2.26535
2.4577
2.61752
2.73162
0.0759899
0.228607
0.383112
0.540674
0.702307
0.868755
1.04034
1.21671
1.39655
1.57726
1.75458
1.92234
2.0726
2.19646
2.28571
0.0651308
0.195864
0.327984
0.462311
0.599494
0.739912
0.883534
1.02975
1.17715
1.32336
1.46485
1.59695
1.71404
1.81019
1.88016
0.053797
0.161727
0.270633
0.381066
0.493416
0.607825
0.724087
0.841525
0.958857
1.07409
1.18447
1.28656
1.37643
1.45013
1.50426
0.0421265
0.126607
0.211743
0.297886
0.385252
0.473854
0.563429
0.653361
0.742597
0.829595
0.912324
0.988341
1.05497
1.10959
1.15003
0.0302287
0.0908302
0.151843
0.213475
0.275834
0.338881
0.402379
0.465847
0.528515
0.589295
0.646803
0.699419
0.745413
0.783131
0.811217
0.0181884
0.0546442
0.0913234
0.128334
0.165721
0.203443
0.24134
0.27911
0.316285
0.352224
0.386124
0.417061
0.444064
0.466219
0.482793
-32280.7
-32242.2
-32203.7
-32165.2
-32126.9
-32088.6
-32050.5
-32012.6
-31974.8
-31937.3
-31900
-31863
-31826.2
-31789.8
-31753.7
15.9717
-9.06921
23.8073
-0.858835
23.4409
3.65497
-16.2685
8.74056
-16.8017
22.3395
-3.7168
22.3
-0.296717
20.8085
2.94381
-14.9542
7.16685
-15.4783
18.7392
-3.82345
18.3804
0.779798
-16.5705
3.85316
-17.7006
6.69259
-17.8494
18.9339
-4.91478
18.3871
0.0444682
-17.9352
3.23255
-18.9931
6.09766
-19.1587
18.6003
-5.95906
17.9624
-1.01109
-19.6975
2.17233
-21.1827
5.22436
-21.8093
19.1568
-7.93561
18.9719
-4.40455
17.2946
-1.22663
-19.8449
2.95184
-20.764
14.8918
-8.96133
14.331
-4.56693
-23.4061
-1.6351
-25.4578
1.31633
-26.3634
15.1687
-12.2732
14.6904
-6.96359
-28.5758
-3.2773
-30.7514
0.585281
-31.5044
17.2833
-14.6381
17.3455
-7.86548
-33.0703
-2.79234
-34.9408
2.67059
-34.8343
23.2078
-13.8576
24.1171
-4.68401
-33.1453
3.27868
-31.8851
16.0718
-18.7776
8.53224
4.68465
9.53182
6.53213
9.04221
3.86349
-1.20676
1.79194
-0.423657
6.72544
4.78287
8.84386
5.88578
7.8388
3.00557
-1.70057
0.777608
-1.40242
4.5742
2.44103
5.00151
0.435013
-4.25985
-2.37269
-5.22191
-1.4503
-3.30179
3.42089
1.37703
4.20027
-0.461397
-5.27528
-3.27918
-6.19344
-2.30407
-4.21109
2.68251
0.559372
3.43336
-1.40815
-6.41151
-4.35838
-7.39573
-3.2338
-5.13043
2.59298
0.71932
4.9953
1.96516
3.96175
-1.07316
-6.00401
-3.52188
-5.8909
0.241839
-2.14134
0.399809
-4.63992
-9.84498
-7.99732
-11.2889
-7.2771
-9.49517
-2.02246
-4.51512
-1.38381
-7.01488
-12.85
-10.5455
-14.1828
-9.32134
-11.7024
-2.74708
-5.4383
-1.50468
-7.86848
-14.4544
-11.3983
-15.3492
-9.19797
-11.6179
-0.632873
-3.35731
1.7236
-5.16987
-12.2295
-7.97932
-11.8352
-4.42531
-9.61105
6.55069
5.91705
6.5547
5.98803
5.71429
3.91473
2.23462
2.35069
2.46806
4.20196
4.63606
5.49373
4.99486
4.63974
2.88286
1.20619
1.09461
0.926368
2.08562
1.94503
1.88374
0.273405
-1.42894
-1.77986
-2.27894
-1.49769
-1.10266
0.529965
0.65845
0.789916
-0.749835
-2.42353
-2.72175
-3.19272
-2.36072
-1.93806
-0.252904
-0.119738
0.0129956
-1.57379
-3.28857
-3.5604
-3.97728
-2.96911
-2.3059
-0.152393
0.517393
1.53828
1.09507
0.753013
-1.07075
-2.83903
-3.01105
-3.26145
-2.1462
-2.41343
-2.6159
-4.47581
-6.44081
-6.95989
-7.63787
-6.9003
-6.58241
-4.86411
-4.85632
-4.84076
-6.77299
-8.84586
-9.2578
-9.85335
-8.79904
-8.22553
-6.00671
-5.7787
-5.52687
-7.5519
-9.72359
-9.91427
-10.3048
-8.72436
-7.70469
-4.73201
-4.0968
-3.42682
-5.41653
-7.59991
-7.56455
-8.00819
-6.78456
-7.49754
5.43874
5.32005
5.31305
5.02343
4.58491
3.7953
3.09096
2.90902
3.03354
3.55167
3.88092
4.09856
3.89856
3.46086
2.64629
1.86093
1.49491
1.34534
1.47058
1.33664
0.998386
0.246106
-0.542244
-0.971818
-1.17777
-0.987054
-0.68378
-0.193123
-0.06254
-0.212007
-0.843516
-1.55061
-1.91369
-2.06645
-1.82605
-1.48119
-0.951612
-0.796416
-0.929461
-1.55334
-2.24172
-2.5518
-2.60923
-2.206
-1.62578
-0.759563
-0.188513
0.191171
0.0808822
-0.320518
-1.14668
-1.97122
-2.38587
-2.59716
-2.54206
-2.7774
-3.24353
-4.15907
-5.11749
-5.69243
-6.02405
-5.91797
-5.68518
-5.24149
-5.20764
-5.49185
-6.32758
-7.23252
-7.70483
-7.89882
-7.58353
-7.11706
-6.39875
-6.15263
-6.26964
-7.02341
-7.84477
-8.14179
-8.0982
-7.44262
-6.60333
-5.46466
-4.88585
-4.7468
-5.38385
-6.16491
-6.4597
-6.5818
-6.35485
-6.36532
4.58891
4.56271
4.47883
4.27367
3.96149
3.55351
3.19551
3.02655
3.03269
3.17391
3.28696
3.30525
3.145
2.82509
2.36812
1.91232
1.58404
1.36908
1.22925
1.02291
0.709689
0.271215
-0.171713
-0.485311
-0.647304
-0.638014
-0.534253
-0.397241
-0.379803
-0.519344
-0.827912
-1.17261
-1.40807
-1.50589
-1.4414
-1.28989
-1.1108
-1.0576
-1.1647
-1.43957
-1.73925
-1.90661
-1.90417
-1.69739
-1.35716
-0.941337
-0.618487
-0.449994
-0.513689
-0.781973
-1.22459
-1.69326
-2.05322
-2.31612
-2.51934
-2.80867
-3.22366
-3.7802
-4.34607
-4.77504
-5.04023
-5.11787
-5.09139
-5.02841
-5.10066
-5.34843
-5.7822
-6.24191
-6.55239
-6.67742
-6.58554
-6.37101
-6.11061
-6.00342
-6.09522
-6.39733
-6.72079
-6.8596
-6.77265
-6.42529
-5.93287
-5.39095
-5.04143
-4.94897
-5.14357
-5.42993
-5.60335
-5.65798
-5.58333
-5.47935
3.88991
3.88631
3.81698
3.67568
3.47352
3.23719
3.02518
2.88921
2.8345
2.83378
2.82648
2.76601
2.61822
2.38349
2.08501
1.77674
1.50661
1.28119
1.08024
0.859597
0.597785
0.299135
0.00894246
-0.220786
-0.367191
-0.428734
-0.436347
-0.432923
-0.47478
-0.587044
-0.764034
-0.955677
-1.10436
-1.18274
-1.18575
-1.14197
-1.09234
-1.09154
-1.16189
-1.29359
-1.43073
-1.5093
-1.49668
-1.38416
-1.20053
-0.992315
-0.8292
-0.759765
-0.816535
-0.995192
-1.26769
-1.57451
-1.86294
-2.12354
-2.3751
-2.66139
-3.00227
-3.39015
-3.77394
-4.09557
-4.32849
-4.46961
-4.552
-4.62239
-4.74264
-4.9388
-5.20105
-5.46765
-5.6684
-5.76966
-5.76543
-5.69222
-5.60297
-5.56872
-5.61893
-5.74143
-5.86355
-5.90332
-5.82279
-5.6175
-5.33433
-5.04076
-4.82737
-4.73822
-4.77154
-4.85789
-4.91826
-4.9204
-4.85408
-4.73231
3.29851
3.30394
3.25813
3.16467
3.03409
2.88516
2.74459
2.63411
2.55778
2.5023
2.44173
2.35163
2.21576
2.03282
1.81507
1.58528
1.36383
1.15708
0.958574
0.754559
0.537904
0.313843
0.10148
-0.0773072
-0.210358
-0.298202
-0.355431
-0.404504
-0.469474
-0.562649
-0.680163
-0.801709
-0.902987
-0.969232
-0.998566
-1.00352
-1.00465
-1.02409
-1.07177
-1.14084
-1.20757
-1.24431
-1.23399
-1.17426
-1.08021
-0.97922
-0.905858
-0.888638
-0.944683
-1.07408
-1.26212
-1.483
-1.71342
-1.94468
-2.18151
-2.43616
-2.71384
-3.00663
-3.29193
-3.54442
-3.74946
-3.90644
-4.03037
-4.14501
-4.27577
-4.43443
-4.61403
-4.78861
-4.92804
-5.01414
-5.04495
-5.03679
-5.0164
-5.01265
-5.03875
-5.08631
-5.12507
-5.12045
-5.05271
-4.92198
-4.75085
-4.57519
-4.43451
-4.35119
-4.32325
-4.32334
-4.31705
-4.28134
-4.20455
-4.08367
2.78598
2.7961
2.76868
2.708
2.62196
2.52207
2.42166
2.33087
2.25206
2.17921
2.10061
2.00427
1.88222
1.73343
1.56364
1.38303
1.20108
1.02235
0.846085
0.668983
0.489966
0.312997
0.146967
0.00162079
-0.117309
-0.210441
-0.284939
-0.351871
-0.422232
-0.501886
-0.589167
-0.675612
-0.750751
-0.807567
-0.845189
-0.869262
-0.889315
-0.914726
-0.949574
-0.990246
-1.02635
-1.04589
-1.04128
-1.01261
-0.968731
-0.925184
-0.900531
-0.910892
-0.966114
-1.06745
-1.20822
-1.37672
-1.56166
-1.7568
-1.96127
-2.17682
-2.40274
-2.63298
-2.85631
-3.06074
-3.23881
-3.39006
-3.52131
-3.64367
-3.76799
-3.89921
-4.03354
-4.15955
-4.26384
-4.33762
-4.37999
-4.39839
-4.40531
-4.41306
-4.4272
-4.44337
-4.44859
-4.42806
-4.37292
-4.28424
-4.17353
-4.05886
-3.95874
-3.88412
-3.83436
-3.79775
-3.75801
-3.70128
-3.61835
-3.50439
2.33077
2.34305
2.32793
2.2887
2.23066
2.16068
2.08585
2.0114
1.9388
1.86549
1.78614
1.69505
1.58835
1.46545
1.32903
1.18391
1.03496
0.885304
0.736081
0.587456
0.440384
0.297719
0.164007
0.0438568
-0.0600508
-0.148146
-0.223972
-0.292926
-0.360227
-0.428762
-0.497995
-0.564418
-0.623529
-0.672172
-0.709958
-0.739438
-0.76491
-0.790425
-0.817663
-0.844912
-0.867689
-0.880984
-0.881933
-0.871615
-0.85555
-0.842732
-0.843592
-0.867371
-0.919992
-1.00289
-1.11329
-1.24568
-1.39417
-1.55443
-1.72405
-1.90154
-2.08445
-2.26834
-2.44697
-2.61416
-2.76589
-2.90163
-3.02425
-3.13868
-3.24953
-3.35873
-3.46433
-3.56109
-3.64292
-3.70568
-3.74891
-3.77595
-3.79244
-3.80374
-3.81218
-3.8157
-3.80874
-3.78504
-3.74101
-3.67782
-3.60152
-3.52121
-3.44587
-3.38093
-3.32624
-3.27641
-3.22325
-3.15875
-3.0767
-2.97323
1.91718
1.92979
1.92228
1.89688
1.85699
1.80668
1.74996
1.68975
1.62707
1.56096
1.48909
1.40883
1.31838
1.21748
1.1075
0.990915
0.87043
0.748239
0.625823
0.504305
0.385077
0.270177
0.162149
0.0633431
-0.0249187
-0.102868
-0.172251
-0.235708
-0.295786
-0.353976
-0.410212
-0.463093
-0.510727
-0.551755
-0.586035
-0.614736
-0.639792
-0.662997
-0.685094
-0.705379
-0.72205
-0.733232
-0.738205
-0.738294
-0.737099
-0.739999
-0.753068
-0.781747
-0.8297
-0.898191
-0.986161
-1.09093
-1.20922
-1.33805
-1.47502
-1.61794
-1.76428
-1.91078
-2.05366
-2.18938
-2.31559
-2.43164
-2.53859
-2.63843
-2.73304
-2.82307
-2.90747
-2.98376
-3.04911
-3.10156
-3.14083
-3.16839
-3.18675
-3.19827
-3.20394
-3.20288
-3.19276
-3.17103
-3.13647
-3.09006
-3.03508
-2.97619
-2.91786
-2.86279
-2.81096
-2.7597
-2.7047
-2.64137
-2.56581
-2.47538
1.53397
1.5456
1.54247
1.52603
1.49839
1.46201
1.41922
1.37175
1.32038
1.26486
1.20425
1.13741
1.06358
0.982716
0.895615
0.803665
0.708494
0.611636
0.514407
0.417998
0.323674
0.232882
0.147154
0.0677897
-0.00449185
-0.0697777
-0.128916
-0.183205
-0.233917
-0.281853
-0.327109
-0.369173
-0.407287
-0.440902
-0.469997
-0.495128
-0.517189
-0.53701
-0.554979
-0.570895
-0.58416
-0.594264
-0.601356
-0.606666
-0.612601
-0.62247
-0.639916
-0.668217
-0.70968
-0.765286
-0.834693
-0.916542
-1.00893
-1.10983
-1.21726
-1.32927
-1.44373
-1.55829
-1.6705
-1.77817
-1.87976
-1.97465
-2.06302
-2.14559
-2.223
-2.29539
-2.36215
-2.42206
-2.47376
-2.5163
-2.54948
-2.57396
-2.59082
-2.60111
-2.60528
-2.60301
-2.59336
-2.57542
-2.54889
-2.51454
-2.47418
-2.43026
-2.38505
-2.3399
-2.29477
-2.24828
-2.19808
-2.14153
-2.07629
-2.00065
1.17284
1.18261
1.18179
1.17127
1.15237
1.12653
1.09517
1.05934
1.01962
0.976064
0.928342
0.876028
0.818852
0.756899
0.690672
0.621013
0.548945
0.475527
0.40177
0.328647
0.257141
0.188256
0.122951
0.061997
0.00582122
-0.0455792
-0.0926035
-0.135889
-0.176081
-0.213622
-0.248637
-0.280973
-0.310354
-0.336584
-0.359694
-0.379965
-0.39783
-0.413706
-0.427835
-0.44024
-0.45083
-0.459636
-0.467073
-0.474136
-0.482432
-0.494021
-0.511118
-0.535719
-0.569273
-0.612483
-0.66528
-0.726952
-0.796362
-0.872153
-0.952877
-1.03702
-1.12299
-1.20914
-1.29383
-1.37565
-1.45355
-1.52697
-1.59578
-1.66011
-1.72013
-1.77577
-1.82664
-1.87213
-1.91155
-1.94442
-1.97063
-1.99042
-2.00428
-2.01268
-2.01584
-2.01367
-2.00585
-1.99212
-1.97251
-1.94757
-1.91836
-1.88614
-1.85209
-1.81688
-1.78049
-1.74214
-1.70053
-1.65416
-1.60165
-1.54197
0.827366
0.834669
0.834834
0.828386
0.816082
0.798778
0.777295
0.752281
0.724131
0.692976
0.658758
0.621352
0.580702
0.536926
0.490353
0.441501
0.391009
0.339567
0.287873
0.236616
0.186476
0.138111
0.0921153
0.048951
0.00888165
-0.0280617
-0.062057
-0.0934114
-0.12245
-0.149416
-0.174412
-0.197416
-0.218345
-0.237148
-0.253865
-0.268647
-0.281717
-0.293296
-0.303547
-0.312565
-0.320433
-0.327336
-0.33368
-0.340179
-0.347859
-0.357975
-0.371843
-0.39065
-0.415275
-0.446182
-0.483386
-0.526512
-0.574887
-0.627653
-0.683838
-0.742403
-0.802264
-0.862324
-0.921539
-0.978999
-1.03401
-1.08614
-1.13517
-1.18106
-1.22376
-1.26318
-1.29906
-1.33109
-1.35892
-1.3823
-1.40114
-1.41555
-1.42574
-1.43191
-1.43418
-1.43256
-1.42696
-1.41736
-1.40387
-1.38686
-1.36692
-1.34471
-1.32084
-1.29564
-1.26908
-1.24072
-1.20986
-1.17567
-1.13737
-1.09435
0.492447
0.496952
0.497323
0.49384
0.486897
0.476938
0.464396
0.44962
0.432845
0.414179
0.393642
0.371218
0.346922
0.320846
0.293181
0.264213
0.234297
0.203824
0.173199
0.142827
0.113104
0.0844009
0.0570463
0.0312912
0.00728251
-0.0149485
-0.0354732
-0.0544283
-0.0719658
-0.0882066
-0.103216
-0.117005
-0.129558
-0.140871
-0.150976
-0.15995
-0.167902
-0.174946
-0.18118
-0.186688
-0.191568
-0.195979
-0.200197
-0.204648
-0.209906
-0.216648
-0.225574
-0.237314
-0.252342
-0.270917
-0.293068
-0.318609
-0.347184
-0.378318
-0.411458
-0.446002
-0.481326
-0.516803
-0.551846
-0.585942
-0.61869
-0.649815
-0.679158
-0.706632
-0.732176
-0.755704
-0.777084
-0.79615
-0.812737
-0.826724
-0.838066
-0.846797
-0.852999
-0.856763
-0.858152
-0.857183
-0.853856
-0.848196
-0.840304
-0.830385
-0.818735
-0.805682
-0.791509
-0.776367
-0.76023
-0.742886
-0.723981
-0.703097
-0.679835
-0.653897
-31720.8
-31691.2
-31661.9
-31632.8
-31603.9
-31575.2
-31546.8
-31518.6
-31490.6
-31462.8
-31435.2
-31407.8
-31380.6
-31353.6
-31326.7
-31299.9
-31273.3
-31246.8
-31220.5
-31194.2
-31167.9
-31141.8
-31115.7
-31089.6
-31063.5
-31037.5
-31011.4
-30985.4
-30959.3
-30933.3
-30907.2
-30881
-30854.8
-30828.6
-30802.3
-30775.9
-30749.5
-30723
-30696.4
-30669.8
-30643.1
-30616.3
-30589.4
-30562.5
-30535.5
-30508.3
-30481.1
-30453.8
-30426.4
-30398.9
-30371.3
-30343.5
-30315.6
-30287.6
-30259.4
-30231
-30202.4
-30173.6
-30144.5
-30115.2
-30085.7
-30055.9
-30025.7
-29995.3
-29964.6
-29933.5
-29902
-29870.3
-29838.1
-29805.6
-29772.7
-29739.4
-29705.8
-29671.7
-29637.3
-29602.4
-29567.2
-29531.6
-29495.6
-29459.2
-29422.4
-29385.3
-29347.7
-29309.8
-29271.6
-29233
-29194.1
-29154.8
-29115.2
-29075.3
-14.9626
-8.38955
-5.49773
-3.97106
-3.03609
-2.39697
-1.92461
-1.55542
-1.25458
-1.00111
-0.781377
-0.58581
-0.407262
-0.240039
-0.0793075
-9.92753
-7.63277
-5.69605
-4.32976
-3.37085
-2.67408
-2.14629
-1.73071
-1.39218
-1.10802
-0.862845
-0.645684
-0.448258
-0.263954
-0.0871682
-7.53218
-6.51796
-5.32398
-4.28105
-3.44342
-2.78213
-2.25567
-1.82888
-1.47538
-1.1759
-0.916277
-0.685809
-0.476118
-0.280345
-0.092577
-6.18881
-5.58291
-4.80086
-4.02696
-3.33956
-2.75526
-2.26531
-1.85372
-1.50452
-1.2039
-0.940533
-0.705141
-0.49005
-0.288723
-0.0953702
-5.25884
-4.82399
-4.26952
-3.68629
-3.1325
-2.63397
-2.19651
-1.81612
-1.48503
-1.19464
-0.936792
-0.704156
-0.49021
-0.28912
-0.0955489
-4.52312
-4.1846
-3.76685
-3.31609
-2.87008
-2.45154
-2.0706
-1.7292
-1.4248
-1.1528
-0.907829
-0.684469
-0.477503
-0.281995
-0.0932524
-3.89759
-3.62434
-3.29708
-2.94105
-2.5801
-2.23146
-1.90511
-1.60524
-1.33217
-1.08391
-0.857242
-0.648379
-0.453332
-0.268098
-0.0887174
-3.34219
-3.11799
-2.85598
-2.57085
-2.27776
-1.98907
-1.71311
-1.45445
-1.2147
-0.993416
-0.788843
-0.598465
-0.419346
-0.248345
-0.0822369
-2.83393
-2.64939
-2.43795
-2.20856
-1.97099
-1.73391
-1.50379
-1.28475
-1.07877
-0.886206
-0.706249
-0.537292
-0.377239
-0.223701
-0.0741239
-2.3582
-2.20765
-2.03786
-1.85442
-1.66372
-1.47177
-1.2834
-1.10198
-0.92941
-0.766395
-0.612655
-0.467216
-0.328621
-0.195098
-0.0646841
-1.90515
-1.78511
-1.65138
-1.50751
-1.35769
-1.20605
-1.05606
-0.910332
-0.770496
-0.637301
-0.510755
-0.390292
-0.274926
-0.163382
-0.0541962
-1.4679
-1.37621
-1.275
-1.16651
-1.05346
-0.938625
-0.824428
-0.712768
-0.604916
-0.501535
-0.402751
-0.308253
-0.217396
-0.129293
-0.0429039
-1.04154
-0.976847
-0.905892
-0.830052
-0.751023
-0.670561
-0.590258
-0.511392
-0.434862
-0.361171
-0.290461
-0.222574
-0.15711
-0.0934939
-0.0310321
-0.622259
-0.58374
-0.541664
-0.496778
-0.45001
-0.402331
-0.354641
-0.307675
-0.261965
-0.21782
-0.175345
-0.134469
-0.0949756
-0.0565423
-0.0187724
-29031.1
-28982.5
-28933.4
-28884
-28834.3
-28784.3
-28734
-28683.5
-28632.7
-28581.8
-28530.8
-28479.6
-28428.4
-28377
-28325.7
)
;

boundaryField
{
    hot
    {
        type            calculated;
        value           nonuniform List<scalar> 
120
(
32275.8
-0.015801
-0.026257
-0.0365873
-0.0467087
-0.056503
-0.0658247
-0.0744831
-0.0822456
-0.0888471
-0.0940075
-0.0974599
-0.0989862
-0.098456
-0.0958595
-0.0918423
-0.0868717
-0.0809057
-0.0741695
-0.0668969
-0.0593121
-0.0516135
-0.0439657
-0.036496
-0.0292959
-0.0224255
-0.0159186
-0.0097895
-0.00403793
0.00134611
0.00637882
0.0110801
0.0154715
0.0195755
0.0234141
0.0270084
0.030378
0.033541
0.0365139
0.0393118
0.0419492
0.0444402
0.0467993
0.0490409
0.0511795
0.053229
0.0552024
0.0571112
0.0589658
0.0607757
0.0625501
0.0642983
0.0660297
0.0677535
0.069478
0.0712102
0.0729557
0.0747181
0.0765004
0.0783047
0.0801332
0.081988
0.0838706
0.0857814
0.0877188
0.0896793
0.0916568
0.0936441
0.095633
0.097615
0.0995816
0.101523
0.10343
0.105289
0.107084
0.108799
0.110416
0.111916
0.113285
0.114508
0.115572
0.116468
0.117186
0.117719
0.118062
0.118216
0.118187
0.117992
0.117659
0.117223
0.116732
0.11624
0.115806
0.115491
0.115357
0.115459
0.115841
0.116528
0.117521
0.118781
0.120232
0.121753
0.123184
0.124336
0.125006
0.124912
0.123666
0.120984
0.116778
0.111064
0.103947
0.0955954
0.0862083
0.0759899
0.0651308
0.053797
0.0421265
0.0302287
0.0181884
-32280.7
)
;
    }
    cold
    {
        type            calculated;
        value           nonuniform List<scalar> 
120
(
28320
0.0167705
0.0278669
0.0388223
0.0495531
0.0599505
0.0698771
0.0791665
0.0876276
0.095055
0.101249
0.106042
0.109333
0.111106
0.11146
0.110761
0.109405
0.107611
0.105595
0.103558
0.101673
0.100071
0.0988396
0.0980189
0.0976121
0.0975915
0.0979078
0.098498
0.099292
0.100218
0.101208
0.102196
0.10313
0.103962
0.10466
0.105201
0.105573
0.105772
0.105799
0.105661
0.105366
0.104927
0.104357
0.103676
0.102904
0.102065
0.101185
0.100285
0.0993886
0.098512
0.0976684
0.096866
0.096108
0.0953931
0.0947151
0.0940638
0.0934257
0.0927854
0.0921278
0.09144
0.090713
0.089943
0.0891309
0.0882821
0.087404
0.0865051
0.0855929
0.0846736
0.0837522
0.0828324
0.0819175
0.0810107
0.0801149
0.0792319
0.0783616
0.0775008
0.0766428
0.0757769
0.0748879
0.0739565
0.0729589
0.0718663
0.0706449
0.0692559
0.0676558
0.0657968
0.0636277
0.0610942
0.0581388
0.0547013
0.0507185
0.046125
0.0408558
0.0348496
0.0280558
0.0204414
0.0120016
0.00276923
-0.00717526
-0.0176958
-0.0285967
-0.0396241
-0.0504753
-0.0608165
-0.0703061
-0.0793075
-0.0871682
-0.092577
-0.0953702
-0.0955489
-0.0932524
-0.0887174
-0.0822369
-0.0741239
-0.0646841
-0.0541962
-0.0429039
-0.0310321
-0.0187724
-28325.7
)
;
    }
    interface_left
    {
        type            calculated;
        value           nonuniform List<scalar> 
90
(
-10.9494
-1.40887
1.04275
0.200259
-0.00289155
-0.168157
-0.316715
-0.319143
-0.234591
-0.142034
0.0695691
0.180281
0.33452
0.372686
0.313323
0.639557
0.809083
1.07349
1.13577
1.07458
0.977323
0.651889
1.0733
1.25407
1.47387
1.61076
1.8673
1.87632
1.64446
1.44418
0.924307
1.44219
1.65032
1.8841
2.03223
2.31934
2.31537
2.01015
1.75801
1.12258
1.73805
1.98534
2.26497
2.44386
2.79414
2.79248
2.43151
2.13068
1.36763
2.12571
2.43477
2.79344
3.02321
3.4733
3.47788
3.03782
2.66503
1.71136
2.66864
3.05729
3.50613
3.788
4.3343
4.32605
3.7475
3.26804
2.06648
3.19307
3.62603
4.08242
4.35232
4.86061
4.78244
4.00909
3.42415
2.06461
3.05185
3.3529
3.51415
3.56173
3.59788
3.32673
2.35392
1.80231
0.809568
0.460335
0.114337
-0.954042
1.10354
9.48029
)
;
    }
    interface_right
    {
        type            calculated;
        value           nonuniform List<scalar> 
90
(
9.30431
0.492342
-1.62069
-0.30299
-0.179399
0.0986515
1.01231
1.51822
2.40924
2.69702
2.80064
2.82437
2.77366
2.55678
1.75926
2.96588
3.49752
4.21895
4.30996
3.89542
3.67392
3.29178
2.91173
1.89707
3.0234
3.47976
4.04137
4.06093
3.56857
3.31352
2.90314
2.53944
1.63089
2.54493
2.89772
3.30218
3.27565
2.78124
2.40511
1.51327
2.30652
2.60832
2.92283
3.11268
3.4745
3.44934
3.00121
2.77951
2.44524
2.14768
1.40074
2.21147
2.54356
2.96395
2.98794
2.65306
2.48166
2.20915
1.94873
1.2712
2.0149
2.31216
2.67209
2.66745
2.29265
1.99234
1.25703
1.93592
2.19103
2.45017
2.59552
2.85885
2.80014
2.33725
1.99818
1.22456
1.84901
2.07169
2.28181
2.40985
2.67323
2.65018
2.33624
2.05957
1.3959
2.66911
3.26489
4.53136
1.3867
-11.0112
)
;
    }
    interface_top
    {
        type            calculated;
        value           nonuniform List<scalar> 
90
(
22.0722
-21.3872
35.875
-8.25289
35.2779
3.52057
-28.5949
15.8345
-30.7835
35.8752
-11.9477
33.3184
-6.72384
31.3726
2.86125
-25.8591
13.5761
-27.5905
30.874
-10.1861
29.3147
0.998752
-26.6859
10.1783
-27.988
14.4961
-30.522
32.1157
-11.4389
29.9249
0.346336
-28.3688
9.81276
-29.5568
14.1419
-32.1765
32.1376
-12.6886
29.8086
-0.756011
-30.588
8.895
-32.4667
13.5012
-36.1675
33.446
-16.3694
30.4096
-11.0188
28.179
-1.34656
-31.1851
9.53054
-33.4951
27.5166
-15.7671
25.8084
-4.46353
-34.4311
5.03254
-37.0056
9.75255
-40.8977
29.9317
-20.0542
27.9324
-6.85736
-41.3392
4.38876
-44.2279
10.3543
-48.5385
34.5097
-23.8286
32.8915
-7.7743
-48.1783
6.27196
-50.9043
14.3073
-54.8735
43.6205
-24.5101
42.4332
-4.39863
-50.4329
14.3321
-49.0103
34.1655
-26.4791
)
;
    }
    interface_bottom
    {
        type            calculated;
        value           nonuniform List<scalar> 
90
(
-25.0926
27.0965
-44.8759
-0.527067
43.9427
-18.7029
44.1198
-28.4219
46.163
-59.0528
13.991
-53.7454
5.29947
-50.1538
-9.05137
31.9524
-25.1471
33.0953
-49.4707
8.80554
-44.8252
2.75711
-41.4723
-8.14481
25.0847
-20.5743
26.1679
-39.2703
6.42355
-36.1346
-5.05781
25.1843
-14.8072
26.5662
-19.5746
28.6208
-37.5216
8.48451
-34.1031
-2.98281
27.3779
-12.8209
29.1349
-17.9612
31.8324
-37.3212
11.8027
-33.2192
7.17244
-30.8132
-2.08281
26.9727
-13.1983
28.4441
-30.5096
10.9223
-28.5192
0.172969
28.5035
-9.42811
30.0583
-14.6696
31.9871
-32.7217
12.2199
-29.9889
0.599689
30.5499
-9.54143
31.8849
-14.8988
33.7706
-33.4863
13.2407
-30.4112
1.35391
32.4432
-8.90981
34.1259
-14.2046
36.6383
-33.8244
15.3834
-31.1456
2.56224
35.7672
-9.58747
36.3502
-23.1874
21.8094
)
;
    }
    defaultFaces
    {
        type            empty;
    }
}


// ************************************************************************* //
