/*--------------------------------*- C++ -*----------------------------------*\
| =========                 |                                                 |
| \\      /  F ield         | OpenFOAM: The Open Source CFD Toolbox           |
|  \\    /   O peration     | Version:  5.x                                   |
|   \\  /    A nd           | Web:      www.OpenFOAM.org                      |
|    \\/     M anipulation  |                                                 |
\*---------------------------------------------------------------------------*/
FoamFile
{
    version     2.0;
    format      ascii;
    class       volScalarField;
    location    "2.4";
    object      gradTx;
}
// * * * * * * * * * * * * * * * * * * * * * * * * * * * * * * * * * * * * * //

dimensions      [0 -1 0 1 0 0 0];

internalField   nonuniform List<scalar> 
6300
(
-48.7551
-48.7251
-48.665
-48.5745
-48.4535
-48.3017
-48.119
-47.9054
-47.6612
-47.3871
-47.0842
-46.7538
-46.398
-46.0188
-45.6183
-48.7849
-48.755
-48.6951
-48.6049
-48.4841
-48.3324
-48.1497
-47.9358
-47.691
-47.4158
-47.1113
-46.7792
-46.4213
-46.0401
-45.6378
-48.8444
-48.8147
-48.7552
-48.6655
-48.5453
-48.394
-48.2113
-47.9969
-47.7509
-47.4736
-47.1661
-46.83
-46.4678
-46.0822
-45.6762
-48.9334
-48.9041
-48.8453
-48.7566
-48.6373
-48.4869
-48.3045
-48.0896
-47.8418
-47.5614
-47.2492
-46.9069
-46.5375
-46.1445
-45.7321
-49.0513
-49.0227
-48.9651
-48.8779
-48.7603
-48.6114
-48.4299
-48.2148
-47.9652
-47.6808
-47.362
-47.0109
-46.6306
-46.2261
-45.8034
-49.1978
-49.17
-49.1141
-49.0293
-48.9145
-48.7683
-48.5888
-48.3744
-48.1232
-47.8342
-47.5072
-47.1438
-46.7477
-46.3257
-45.8865
-49.3717
-49.3453
-49.2919
-49.2106
-49.1
-48.9581
-48.7824
-48.5704
-48.3189
-48.0255
-47.6886
-47.309
-46.8907
-46.4423
-45.9769
-49.5719
-49.5472
-49.4973
-49.4209
-49.3165
-49.1813
-49.0123
-48.8055
-48.5563
-48.26
-47.9126
-47.5128
-47.0637
-46.5758
-46.0683
-49.7964
-49.7741
-49.7288
-49.6592
-49.5633
-49.4382
-49.2798
-49.0828
-48.8406
-48.5453
-48.189
-47.7657
-47.2752
-46.7286
-46.1532
-50.0431
-50.0237
-49.9843
-49.9235
-49.8392
-49.7282
-49.5857
-49.4052
-49.1776
-48.8913
-48.5321
-48.0856
-47.5427
-46.9101
-46.2238
-50.3089
-50.2931
-50.2608
-50.211
-50.1416
-50.0493
-49.9294
-49.7743
-49.5732
-49.31
-48.9624
-48.5019
-47.9
-47.145
-46.2763
-50.5903
-50.5785
-50.5547
-50.5179
-50.4665
-50.3979
-50.3078
-50.1893
-50.0307
-49.813
-49.5052
-49.0595
-48.4102
-47.4935
-46.3198
-50.883
-50.8758
-50.8613
-50.839
-50.8083
-50.7676
-50.7145
-50.644
-50.5471
-50.406
-50.186
-49.8204
-49.1875
-48.0989
-46.4024
-51.1826
-51.1802
-51.1753
-51.1684
-51.1596
-51.1495
-51.1382
-51.1251
-51.1076
-51.0776
-51.0121
-50.8485
-50.4202
-49.3118
-46.7157
-51.4844
-51.4865
-51.4911
-51.4991
-51.5121
-51.5324
-51.5634
-51.6102
-51.6804
-51.7846
-51.9362
-52.1411
-52.3327
-52.0118
-48.2664
-45.2345
-44.8714
-44.4957
-44.107
-43.7048
-43.288
-42.8557
-42.4068
-41.9406
-41.4569
-40.956
-40.4388
-39.9072
-39.363
-38.809
-38.2478
-37.6825
-37.1162
-36.5518
-35.9927
-35.4417
-34.9021
-34.3767
-33.8681
-33.3788
-32.9108
-32.466
-32.0456
-31.6507
-31.282
-30.9398
-30.624
-30.3344
-30.0705
-29.8317
-29.617
-29.4258
-29.2571
-29.1101
-28.984
-28.8779
-28.7911
-28.7228
-28.6727
-28.6403
-28.6255
-28.6285
-28.6498
-28.69
-28.7499
-28.8302
-28.9318
-29.0552
-29.2009
-29.369
-29.5595
-29.7721
-30.0062
-30.261
-30.5354
-30.8284
-31.1385
-31.4646
-31.8054
-32.1596
-32.526
-32.9035
-33.2909
-33.6872
-34.0912
-34.5019
-34.9184
-35.3398
-35.7653
-36.1943
-36.626
-37.06
-37.4956
-37.9322
-38.3693
-38.8063
-39.2426
-39.6779
-40.1115
-40.5427
-40.9706
-41.3942
-41.8118
-42.2219
-42.6223
-45.253
-44.8896
-44.5142
-44.1265
-43.7256
-43.3104
-42.8796
-42.4318
-41.9659
-41.4817
-40.9794
-40.4599
-39.9252
-39.3774
-38.8194
-38.254
-37.6843
-37.1134
-36.5446
-35.981
-35.4258
-34.882
-34.3527
-33.8406
-33.3483
-32.8779
-32.4311
-32.0093
-31.6135
-31.2443
-30.9021
-30.5867
-30.2979
-30.035
-29.7972
-29.5838
-29.3938
-29.2263
-29.0806
-28.9556
-28.8506
-28.7648
-28.6973
-28.6476
-28.6153
-28.6003
-28.6027
-28.623
-28.6621
-28.7208
-28.8001
-28.9008
-29.0236
-29.1689
-29.3371
-29.5281
-29.7415
-29.9768
-30.233
-30.5091
-30.8038
-31.1158
-31.4437
-31.7862
-32.1421
-32.5102
-32.8893
-33.2783
-33.6761
-34.0816
-34.4936
-34.9113
-35.3338
-35.7603
-36.1901
-36.6227
-37.0575
-37.4939
-37.9314
-38.3692
-38.8069
-39.244
-39.68
-40.1145
-40.547
-40.9766
-41.4022
-41.8223
-42.2353
-42.6388
-45.2891
-44.9251
-44.5504
-44.1647
-43.767
-43.3554
-42.928
-42.4826
-42.0178
-41.5327
-41.0274
-40.5032
-39.9621
-39.4068
-38.8405
-38.2664
-37.6878
-37.108
-36.5302
-35.9576
-35.3935
-34.8413
-34.3042
-33.7851
-33.2867
-32.8113
-32.3605
-31.9359
-31.5382
-31.1683
-30.8262
-30.5117
-30.2245
-29.9636
-29.7282
-29.5173
-29.3298
-29.1649
-29.0215
-28.899
-28.7963
-28.7125
-28.6467
-28.5981
-28.5661
-28.5504
-28.5515
-28.5698
-28.6065
-28.6627
-28.7396
-28.8384
-28.9598
-29.1046
-29.2729
-29.4647
-29.6798
-29.9175
-30.1767
-30.4562
-30.7546
-31.0704
-31.402
-31.748
-32.1073
-32.4786
-32.8609
-33.2531
-33.654
-34.0624
-34.4773
-34.8974
-35.322
-35.7503
-36.1818
-36.616
-37.0525
-37.4906
-37.9296
-38.369
-38.8081
-39.2464
-39.6838
-40.1201
-40.5549
-40.9878
-41.4175
-41.8428
-42.2616
-42.6714
-45.341
-44.9757
-44.6023
-44.2203
-43.8282
-43.4233
-43.0021
-42.5616
-42.0989
-41.6127
-41.1029
-40.5709
-40.0196
-39.4523
-38.873
-38.2856
-37.6934
-37.0999
-36.5084
-35.9221
-35.3445
-34.7793
-34.23
-33.7002
-33.1925
-32.7094
-32.2528
-31.8239
-31.4236
-31.0525
-30.7108
-30.398
-30.1135
-29.8561
-29.6245
-29.4175
-29.2339
-29.0727
-28.9331
-28.8143
-28.7153
-28.6349
-28.5719
-28.5251
-28.4937
-28.4771
-28.4758
-28.4907
-28.5233
-28.5751
-28.6481
-28.7437
-28.863
-29.0066
-29.1751
-29.3683
-29.586
-29.8274
-30.0914
-30.3765
-30.6808
-31.0025
-31.3397
-31.6911
-32.0553
-32.4313
-32.8184
-33.2153
-33.6211
-34.0342
-34.4533
-34.877
-35.3047
-35.7355
-36.1694
-36.606
-37.045
-37.4857
-37.9273
-38.3689
-38.8099
-39.2499
-39.689
-40.1274
-40.5654
-41.0028
-41.4389
-41.8721
-42.3002
-42.7202
-45.4055
-45.0378
-44.6663
-44.2905
-43.908
-43.5143
-43.1043
-42.6724
-42.214
-41.7268
-41.2102
-40.6667
-40.1
-39.5153
-38.9176
-38.3116
-37.7011
-37.0894
-36.4793
-35.8742
-35.2779
-34.6945
-34.1284
-33.5835
-33.0632
-32.57
-32.1055
-31.6711
-31.2674
-30.895
-30.5541
-30.2441
-29.9639
-29.7118
-29.4859
-29.2845
-29.1062
-28.95
-28.8154
-28.7016
-28.6079
-28.5327
-28.4743
-28.4307
-28.4003
-28.3824
-28.3774
-28.3867
-28.4126
-28.4577
-28.5246
-28.6154
-28.7314
-28.8735
-29.0421
-29.2371
-29.4584
-29.7052
-29.9761
-30.2693
-30.5822
-30.9124
-31.2575
-31.6158
-31.9863
-32.3684
-32.7616
-33.1651
-33.5777
-33.9974
-34.4224
-34.8512
-35.2826
-35.7164
-36.153
-36.5924
-37.0348
-37.4792
-37.9246
-38.3695
-38.8129
-39.2544
-39.6947
-40.1349
-40.5762
-41.0194
-41.464
-41.9084
-42.3498
-42.7846
-45.4773
-45.1054
-44.7365
-44.3704
-44.0035
-43.629
-43.2379
-42.8211
-42.371
-41.8829
-41.3567
-40.7958
-40.2066
-39.597
-38.9742
-38.3443
-37.7109
-37.0765
-36.4433
-35.8141
-35.193
-34.5852
-33.9964
-33.4318
-32.8953
-32.3894
-31.9155
-31.4743
-31.0665
-30.6927
-30.3533
-30.0477
-29.7742
-29.5302
-29.3127
-29.1189
-28.9472
-28.7968
-28.668
-28.5607
-28.4743
-28.4071
-28.356
-28.3177
-28.2895
-28.2698
-28.259
-28.2594
-28.2748
-28.3094
-28.3672
-28.4511
-28.5627
-28.7027
-28.8713
-29.0686
-29.2945
-29.5485
-29.8292
-30.1339
-30.4591
-30.801
-31.1564
-31.5232
-31.9008
-32.2897
-32.6902
-33.1021
-33.5239
-33.953
-34.3863
-34.8214
-35.257
-35.6934
-36.1321
-36.5746
-37.0212
-37.4713
-37.9225
-38.3721
-38.8182
-39.2604
-39.7001
-40.1402
-40.5839
-41.0333
-41.4888
-41.9484
-42.4085
-42.864
-45.5487
-45.1686
-44.8026
-44.4514
-44.11
-43.7674
-43.4086
-43.018
-42.5824
-42.0943
-41.5532
-40.9656
-40.3428
-39.6976
-39.0415
-38.382
-37.7222
-37.0623
-36.4019
-35.7426
-35.0891
-34.4488
-33.8299
-33.2399
-32.6836
-32.1632
-31.6787
-31.2298
-30.817
-30.4414
-30.1043
-29.8056
-29.5426
-29.311
-29.1056
-28.922
-28.7578
-28.6133
-28.49
-28.3901
-28.3138
-28.2586
-28.2197
-28.1909
-28.1669
-28.1447
-28.1248
-28.111
-28.1098
-28.1283
-28.1728
-28.2474
-28.3536
-28.4912
-28.6597
-28.8592
-29.0905
-29.3538
-29.648
-29.9694
-30.3123
-30.6706
-31.0391
-31.4152
-31.7995
-32.1943
-32.6024
-33.0249
-33.4597
-33.9025
-34.3476
-34.7907
-35.23
-35.6671
-36.1059
-36.5504
-37.0027
-37.4615
-37.9222
-38.3794
-38.8289
-39.2696
-39.7046
-40.14
-40.5829
-41.0381
-41.507
-41.9872
-42.4732
-42.9576
-45.6075
-45.2113
-44.8471
-44.5183
-44.2182
-43.9289
-43.6252
-43.2796
-42.8695
-42.3819
-41.8167
-41.1864
-40.5113
-39.8142
-39.1139
-38.4204
-37.734
-37.0489
-36.359
-35.6629
-34.9667
-34.2819
-33.6222
-32.9996
-32.4206
-31.8856
-31.3911
-30.934
-30.5142
-30.1351
-29.8007
-29.5123
-29.2663
-29.0546
-28.8677
-28.6976
-28.5409
-28.3994
-28.2791
-28.1862
-28.1234
-28.0874
-28.0693
-28.0577
-28.0423
-28.017
-27.9823
-27.9452
-27.9169
-27.9102
-27.9356
-27.9987
-28.0997
-28.2356
-28.4039
-28.6046
-28.8406
-29.1151
-29.428
-29.7742
-30.1437
-30.5256
-30.9109
-31.2959
-31.683
-32.0798
-32.4941
-32.9299
-33.3843
-33.8486
-34.312
-34.7655
-35.2063
-35.6383
-36.0711
-36.5148
-36.9748
-37.4485
-37.9268
-38.3977
-38.8518
-39.2867
-39.7081
-40.1288
-40.5635
-41.0225
-41.5086
-42.0173
-42.5395
-43.0645
-45.6357
-45.2078
-44.8406
-44.544
-44.3106
-44.1113
-43.902
-43.6343
-43.2682
-42.7811
-42.1742
-41.4716
-40.7115
-39.9356
-39.1765
-38.4487
-37.7443
-37.0428
-36.325
-35.5838
-34.8282
-34.079
-33.3615
-32.697
-32.0948
-31.5499
-31.05
-30.5847
-30.1533
-29.7647
-29.4311
-29.1585
-28.941
-28.7631
-28.606
-28.4545
-28.3024
-28.1556
-28.0291
-27.9394
-27.895
-27.8908
-27.91
-27.9306
-27.9324
-27.9034
-27.844
-27.767
-27.6934
-27.6464
-27.6446
-27.6958
-27.7958
-27.934
-28.1018
-28.2995
-28.5357
-28.8213
-29.1606
-29.5454
-29.9577
-30.3761
-30.7835
-31.1734
-31.553
-31.9402
-32.355
-32.8082
-33.2946
-33.7962
-34.2904
-34.7588
-35.195
-35.6083
-36.0206
-36.4557
-36.9268
-37.4289
-37.9417
-38.4398
-38.9024
-39.3227
-39.7121
-40.0972
-40.5086
-40.9675
-41.4772
-42.0272
-42.6015
-43.1838
-45.6066
-45.1169
-44.7325
-44.4787
-44.3539
-44.3084
-44.2627
-44.1308
-43.8412
-43.3528
-42.6697
-41.8397
-40.9348
-40.0326
-39.1944
-38.4433
-37.7504
-37.0605
-36.3249
-35.5257
-34.6806
-33.8306
-33.0249
-32.3048
-31.6865
-31.15
-30.6593
-30.1869
-29.731
-29.3157
-28.9741
-28.7257
-28.5591
-28.4421
-28.3368
-28.2125
-28.0568
-27.8831
-27.7267
-27.6276
-27.6091
-27.661
-27.7493
-27.8311
-27.8673
-27.8339
-27.7313
-27.5842
-27.432
-27.3181
-27.2775
-27.3231
-27.4375
-27.5899
-27.757
-27.9392
-28.16
-28.4506
-28.8279
-29.2775
-29.7631
-30.2426
-30.6816
-31.0661
-31.412
-31.7611
-32.1608
-32.6388
-33.1831
-33.7546
-34.3059
-34.7983
-35.2165
-35.5797
-35.9371
-36.3444
-36.8342
-37.3935
-37.9778
-38.5326
-39.0136
-39.4028
-39.7219
-40.0274
-40.3851
-40.8389
-41.3872
-42.0018
-42.6514
-43.3142
-45.481
-44.8744
-44.4362
-44.2278
-44.2832
-44.5061
-44.7474
-44.8546
-44.7006
-44.2047
-43.3769
-42.3156
-41.1545
-40.0377
-39.0869
-38.3544
-37.7524
-37.1442
-36.4164
-35.5338
-34.5405
-33.5185
-32.5652
-31.7665
-31.1607
-30.6844
-30.2427
-29.7657
-29.2504
-28.761
-28.3834
-28.1753
-28.106
-28.1047
-28.0951
-28.0162
-27.8377
-27.586
-27.342
-27.2004
-27.2224
-27.3791
-27.5983
-27.7975
-27.903
-27.8647
-27.6831
-27.4091
-27.1159
-26.8847
-26.7865
-26.8516
-27.0249
-27.2249
-27.391
-27.5236
-27.6841
-27.9552
-28.3914
-28.9576
-29.5777
-30.1675
-30.6582
-31.0145
-31.2667
-31.5092
-31.8539
-32.3738
-33.0323
-33.7422
-34.4061
-34.9447
-35.3172
-35.5595
-35.7817
-36.114
-36.6414
-37.3221
-38.056
-38.7315
-39.2567
-39.5837
-39.7512
-39.8819
-40.1228
-40.5738
-41.2015
-41.9257
-42.6821
-43.452
-45.1971
-44.389
-43.8087
-43.5968
-43.9711
-44.6772
-45.4253
-45.9547
-46.0523
-45.5346
-44.4206
-42.9353
-41.3102
-39.8039
-38.6653
-38.0777
-37.7635
-37.4004
-36.7312
-35.7015
-34.4422
-33.1078
-31.883
-30.9508
-30.4488
-30.1692
-29.8775
-29.3997
-28.7331
-28.0458
-27.5488
-27.4257
-27.5555
-27.7796
-27.9537
-27.964
-27.7245
-27.2781
-26.8107
-26.5379
-26.6423
-27.0075
-27.4769
-27.8993
-28.1462
-28.1023
-27.7685
-27.2624
-26.7108
-26.2602
-26.0609
-26.2246
-26.5743
-26.9092
-27.0735
-27.0681
-27.0492
-27.2226
-27.7681
-28.5605
-29.4361
-30.2353
-30.8288
-31.113
-31.1356
-31.1102
-31.2949
-31.9094
-32.8076
-33.7958
-34.687
-35.3301
-35.6052
-35.5681
-35.4676
-35.6027
-36.2275
-37.1738
-38.2183
-39.1465
-39.7847
-39.994
-39.833
-39.5775
-39.5577
-40.0539
-40.8764
-41.8029
-42.6931
-43.5751
-44.621
-43.5753
-42.6502
-42.1211
-43.1806
-44.7878
-46.4179
-47.6766
-48.2899
-47.7234
-45.999
-43.7564
-41.2952
-39.0409
-37.4501
-37.4079
-37.845
-38.0974
-37.5656
-36.2001
-34.4522
-32.5398
-30.7798
-29.5159
-29.4168
-29.6721
-29.7805
-29.3063
-28.2462
-27.057
-26.1763
-26.3123
-26.8699
-27.5272
-28.049
-28.2719
-27.9099
-27.0014
-25.9997
-25.3331
-25.6872
-26.4867
-27.4237
-28.2546
-28.8091
-28.758
-28.103
-27.1818
-26.1614
-25.2746
-24.813
-25.3305
-26.1458
-26.8394
-27.0012
-26.6327
-26.1378
-25.9549
-26.7898
-28.0442
-29.4049
-30.5996
-31.4452
-31.5886
-31.074
-30.409
-30.1171
-31.0368
-32.4533
-33.9893
-35.3252
-36.2455
-36.3427
-35.6678
-34.8143
-34.3858
-35.3507
-36.8837
-38.5476
-39.9789
-40.93
-40.937
-40.0504
-38.933
-38.2488
-39.0639
-40.4006
-41.7321
-42.7152
-43.5647
-43.2373
-42.5879
-40.9219
-38.3582
-41.6018
-44.8656
-47.9452
-50.3281
-52.2264
-51.5797
-48.3238
-44.8923
-40.9822
-37.3226
-34.005
-36.0479
-38.1928
-39.9241
-39.6008
-37.2495
-34.6994
-31.7524
-28.9624
-26.4042
-27.8749
-29.387
-30.523
-30.0567
-27.9456
-25.624
-23.3402
-24.5924
-26.041
-27.4703
-28.5754
-29.4225
-28.8826
-26.8595
-24.7066
-22.6588
-24.0913
-25.7684
-27.5237
-29.0086
-30.3447
-30.284
-28.8211
-27.2445
-25.4199
-23.677
-22.1558
-24.0079
-25.8932
-27.5358
-27.6929
-26.3797
-24.7776
-23.2218
-25.2074
-27.3754
-29.6129
-31.4668
-33.0729
-33.0118
-31.2291
-29.1708
-27.1946
-29.4487
-31.9268
-34.4712
-36.5618
-38.3461
-38.1918
-36.0248
-33.5489
-31.1622
-33.6556
-36.4051
-39.2116
-41.5022
-43.4346
-43.1664
-40.5999
-37.6644
-34.7806
-37.3223
-39.9319
-42.1622
-42.9292
-42.8085
-38.1878
-43.065
-40.4854
-26.2326
-39.9935
-45.2086
-50.4759
-53.6773
-59.8278
-59.1934
-50.9013
-46.7176
-40.3088
-35.1118
-22.8411
-34.5414
-39.1364
-44.7094
-44.5568
-38.5852
-35.5186
-30.7393
-26.8117
-17.491
-26.2736
-29.6439
-33.5731
-33.176
-27.9488
-24.1372
-15.4128
-22.59
-25.2406
-27.8807
-29.4738
-32.5711
-31.992
-26.9049
-23.2629
-14.9735
-22.1439
-24.9382
-28.0136
-29.9779
-33.8924
-33.8301
-29.7037
-27.665
-24.5613
-21.7611
-14.6413
-22.6382
-25.9904
-30.3721
-30.5023
-26.5431
-23.3512
-15.3894
-23.3628
-26.6067
-30.3736
-32.6915
-37.1019
-36.9144
-31.7812
-27.8147
-18.1808
-27.5384
-31.3049
-35.6065
-38.2397
-43.2383
-42.9393
-36.8265
-32.1549
-20.911
-31.5915
-35.8439
-40.6185
-43.5406
-49.1077
-48.7051
-41.6802
-36.3207
-23.4995
-35.4821
-40.009
-44.6987
-44.4204
-38.0617
-43.0483
-43.4942
-43.9161
-44.3106
-44.6752
-45.0077
-45.3067
-45.5717
-45.8022
-45.9986
-46.161
-46.2901
-46.3864
-46.4503
-46.4822
-43.0683
-43.5178
-43.9429
-44.3401
-44.7067
-45.0405
-45.3403
-45.6055
-45.8359
-46.0318
-46.1938
-46.3224
-46.4182
-46.4817
-46.5134
-43.1081
-43.5652
-43.997
-44.3996
-44.7702
-45.1067
-45.4079
-45.6734
-45.9034
-46.0985
-46.2593
-46.3868
-46.4816
-46.5444
-46.5757
-43.1683
-43.6373
-44.0795
-44.4906
-44.8673
-45.2076
-45.5105
-45.7762
-46.0053
-46.1987
-46.3576
-46.4831
-46.5763
-46.638
-46.6687
-43.2494
-43.7356
-44.1927
-44.6154
-45.0002
-45.3451
-45.6498
-45.9151
-46.1422
-46.3328
-46.4886
-46.6113
-46.702
-46.7619
-46.7917
-43.3522
-43.8623
-44.3397
-44.7776
-45.1722
-45.5222
-45.828
-46.0914
-46.3149
-46.501
-46.6522
-46.7706
-46.8579
-46.9153
-46.9438
-43.4783
-44.0213
-44.5255
-44.9825
-45.3884
-45.7427
-46.0478
-46.307
-46.5244
-46.7036
-46.848
-46.9604
-47.0429
-47.097
-47.1238
-43.6306
-44.2185
-44.7579
-45.238
-45.6554
-46.012
-46.3128
-46.5639
-46.7713
-46.9402
-47.0752
-47.1794
-47.2556
-47.3054
-47.33
-43.8137
-44.4638
-45.049
-45.5558
-45.9828
-46.3365
-46.6268
-46.8638
-47.0559
-47.2103
-47.3323
-47.4259
-47.4939
-47.5383
-47.5602
-44.0357
-44.7734
-45.4181
-45.9531
-46.3832
-46.7242
-46.9939
-47.2077
-47.3775
-47.5119
-47.617
-47.6972
-47.7552
-47.793
-47.8116
-44.3088
-45.1759
-45.8964
-46.4546
-46.8725
-47.1831
-47.4167
-47.5953
-47.7339
-47.8421
-47.9261
-47.9899
-48.0361
-48.0661
-48.0809
-44.6501
-45.7242
-46.5364
-47.0951
-47.4681
-47.7191
-47.8945
-48.0228
-48.1202
-48.1957
-48.2545
-48.2995
-48.3323
-48.3537
-48.3644
-45.0845
-46.5331
-47.429
-47.9198
-48.1834
-48.3299
-48.4193
-48.4809
-48.5277
-48.5654
-48.5961
-48.6206
-48.6391
-48.6515
-48.6577
-45.7109
-47.8942
-48.7278
-48.9721
-49.0137
-48.9969
-48.9719
-48.9536
-48.9441
-48.9414
-48.9431
-48.9469
-48.9512
-48.9546
-48.9565
-47.3337
-50.6031
-50.6151
-50.2274
-49.9003
-49.671
-49.5177
-49.4175
-49.3531
-49.3124
-49.2872
-49.272
-49.2633
-49.2585
-49.2565
-51.7588
-51.7647
-51.7771
-51.7975
-51.8282
-51.8732
-51.9384
-52.0333
-52.1741
-52.3891
-52.7343
-53.3375
-54.555
-57.6257
-67.8161
-52.0039
-52.0128
-52.0313
-52.0612
-52.1055
-52.1687
-52.2584
-52.3861
-52.5714
-52.8481
-53.2802
-53.9981
-55.2879
-57.7852
-62.6041
-52.2427
-52.2539
-52.2773
-52.3147
-52.3693
-52.4458
-52.5518
-52.6989
-52.9051
-53.1991
-53.6273
-54.2609
-55.1821
-56.3324
-56.6935
-52.4733
-52.4864
-52.5134
-52.5561
-52.6175
-52.7022
-52.8166
-52.9706
-53.1776
-53.4567
-53.8315
-54.3234
-54.9171
-55.4275
-55.0852
-52.6945
-52.7088
-52.7382
-52.7842
-52.8494
-52.9376
-53.054
-53.2053
-53.4001
-53.6474
-53.9536
-54.3152
-54.7096
-55.1146
-55.8296
-52.9055
-52.9205
-52.9511
-52.9986
-53.0651
-53.1533
-53.2668
-53.4099
-53.5861
-53.7968
-54.0364
-54.2841
-54.4946
-54.5861
-54.4871
-53.1058
-53.121
-53.1519
-53.1995
-53.2653
-53.3511
-53.4592
-53.5914
-53.7481
-53.9258
-54.1125
-54.279
-54.3622
-54.1893
-53.0797
-53.2953
-53.3104
-53.3409
-53.3875
-53.4513
-53.5334
-53.6347
-53.7559
-53.8955
-54.0482
-54.2015
-54.3317
-54.4077
-54.4424
-54.9814
-53.4739
-53.4886
-53.5182
-53.5633
-53.6243
-53.7019
-53.7965
-53.9077
-54.0338
-54.1698
-54.3055
-54.4219
-54.4817
-54.3449
-53.1857
-53.642
-53.6561
-53.6846
-53.7276
-53.7854
-53.8584
-53.9465
-54.0493
-54.1652
-54.2912
-54.4217
-54.5514
-54.6923
-54.9569
-56.1635
-53.7999
-53.8134
-53.8404
-53.8812
-53.9357
-54.0041
-54.0863
-54.1818
-54.2898
-54.409
-54.5372
-54.6731
-54.8168
-54.9143
-54.4091
-53.9481
-53.9608
-53.9864
-54.0248
-54.0761
-54.14
-54.2166
-54.3057
-54.4068
-54.5201
-54.6459
-54.7893
-54.9733
-55.2896
-56.2917
-54.087
-54.099
-54.1231
-54.1592
-54.2072
-54.2669
-54.3383
-54.4212
-54.5156
-54.6219
-54.7412
-54.8773
-55.0379
-55.188
-54.8916
-54.2172
-54.2285
-54.2511
-54.2849
-54.3297
-54.3854
-54.4518
-54.5287
-54.6161
-54.7142
-54.8235
-54.9481
-55.1099
-55.3958
-56.2683
-54.3391
-54.3497
-54.3709
-54.4025
-54.4444
-54.4962
-54.5579
-54.6291
-54.7094
-54.7983
-54.8938
-54.9931
-55.0955
-55.1955
-55.2778
-54.4533
-54.4632
-54.483
-54.5126
-54.5517
-54.6
-54.6572
-54.7231
-54.7969
-54.8773
-54.96
-55.0359
-55.0828
-55.0068
-54.3495
-54.5601
-54.5694
-54.588
-54.6156
-54.6521
-54.6972
-54.7505
-54.8117
-54.88
-54.954
-55.0294
-55.0987
-55.1555
-55.2211
-55.649
-54.66
-54.6688
-54.6862
-54.7121
-54.7462
-54.7884
-54.8382
-54.8954
-54.9594
-55.0292
-55.1015
-55.1702
-55.2222
-55.1831
-54.5716
-54.7535
-54.7617
-54.7781
-54.8024
-54.8344
-54.8739
-54.9206
-54.9744
-55.035
-55.102
-55.1746
-55.2532
-55.352
-55.5419
-56.2879
-54.8408
-54.8485
-54.8639
-54.8868
-54.9169
-54.9541
-54.998
-55.0487
-55.1061
-55.1705
-55.2419
-55.322
-55.4186
-55.5136
-55.3148
-54.9223
-54.9296
-54.9442
-54.9657
-54.9942
-55.0292
-55.0707
-55.1184
-55.1727
-55.2336
-55.3014
-55.3794
-55.4864
-55.6885
-56.3146
-54.9983
-55.0052
-55.019
-55.0395
-55.0664
-55.0995
-55.1387
-55.1838
-55.2347
-55.2913
-55.3522
-55.4165
-55.488
-55.5684
-55.6494
-55.069
-55.0756
-55.0887
-55.1082
-55.1338
-55.1653
-55.2025
-55.2452
-55.2931
-55.3453
-55.399
-55.4486
-55.4834
-55.4469
-55.0463
-55.1346
-55.1409
-55.1535
-55.1722
-55.1967
-55.2269
-55.2624
-55.3031
-55.3486
-55.3976
-55.4469
-55.4909
-55.5283
-55.5775
-55.8709
-55.1954
-55.2015
-55.2136
-55.2315
-55.2552
-55.2843
-55.3186
-55.3579
-55.4018
-55.4491
-55.4965
-55.5378
-55.5651
-55.5376
-55.2052
-55.2514
-55.2573
-55.2691
-55.2865
-55.3094
-55.3377
-55.3711
-55.4096
-55.4528
-55.5
-55.5485
-55.5945
-55.6399
-55.7086
-56.0321
-55.3029
-55.3086
-55.3201
-55.3371
-55.3595
-55.3871
-55.42
-55.458
-55.5012
-55.5493
-55.6004
-55.6514
-55.6987
-55.7018
-55.3724
-55.3498
-55.3555
-55.3667
-55.3833
-55.4054
-55.4326
-55.4651
-55.503
-55.5465
-55.5959
-55.6505
-55.7108
-55.788
-55.925
-56.3929
-55.3924
-55.3979
-55.409
-55.4254
-55.4471
-55.4741
-55.5063
-55.5441
-55.5879
-55.6381
-55.6948
-55.7585
-55.8358
-55.9175
-55.8422
-55.4305
-55.436
-55.4469
-55.4632
-55.4847
-55.5115
-55.5435
-55.5812
-55.6249
-55.6753
-55.7322
-55.7966
-55.8806
-56.018
-56.3773
-55.4644
-55.4698
-55.4807
-55.4968
-55.5182
-55.5448
-55.5767
-55.6142
-55.6576
-55.7073
-55.7622
-55.8212
-55.8882
-55.9634
-56.0369
-55.4939
-55.4993
-55.5101
-55.5262
-55.5475
-55.5741
-55.6059
-55.6431
-55.6862
-55.7349
-55.7875
-55.8403
-55.8901
-55.9091
-55.7544
-55.5191
-55.5246
-55.5353
-55.5514
-55.5728
-55.5993
-55.631
-55.6682
-55.711
-55.7591
-55.8104
-55.8614
-55.9135
-55.9743
-56.1435
-55.54
-55.5455
-55.5563
-55.5724
-55.5938
-55.6204
-55.6522
-55.6895
-55.7323
-55.7804
-55.8314
-55.8819
-55.9308
-55.9633
-55.8846
-55.5566
-55.5621
-55.573
-55.5892
-55.6107
-55.6375
-55.6695
-55.7071
-55.7503
-55.7988
-55.8508
-55.9033
-55.9595
-56.0286
-56.1886
-55.5689
-55.5744
-55.5854
-55.6017
-55.6234
-55.6504
-55.6828
-55.7208
-55.7647
-55.8142
-55.8676
-55.9221
-55.9794
-56.0297
-56.0001
-55.5767
-55.5823
-55.5934
-55.6099
-55.6319
-55.6592
-55.6921
-55.7307
-55.7754
-55.8261
-55.8813
-55.9391
-56.004
-56.0853
-56.2396
-55.5802
-55.5858
-55.597
-55.6138
-55.636
-55.6638
-55.6972
-55.7365
-55.7821
-55.8342
-55.8912
-55.951
-56.0172
-56.089
-56.1521
-55.5791
-55.5848
-55.5962
-55.6132
-55.6358
-55.664
-55.6979
-55.738
-55.7847
-55.838
-55.8967
-55.9586
-56.0264
-56.0979
-56.1636
-55.5735
-55.5793
-55.5909
-55.6081
-55.6311
-55.6597
-55.6943
-55.7351
-55.7828
-55.8374
-55.8979
-55.962
-56.0331
-56.1097
-56.1801
-55.5633
-55.5692
-55.5809
-55.5985
-55.6218
-55.6509
-55.6861
-55.7277
-55.7762
-55.8321
-55.8941
-55.9606
-56.0361
-56.1248
-56.2529
-55.5484
-55.5544
-55.5663
-55.5842
-55.6079
-55.6375
-55.6733
-55.7155
-55.7649
-55.8217
-55.8848
-55.9529
-56.0298
-56.1113
-56.1466
-55.5288
-55.5349
-55.547
-55.5651
-55.5892
-55.6194
-55.6557
-55.6986
-55.7486
-55.806
-55.8698
-55.939
-56.0205
-56.129
-56.3479
-55.5043
-55.5105
-55.5229
-55.5413
-55.5658
-55.5965
-55.6334
-55.6769
-55.7275
-55.7852
-55.8488
-55.9164
-55.9923
-56.0688
-56.0474
-55.475
-55.4813
-55.4938
-55.5126
-55.5376
-55.5688
-55.6063
-55.6505
-55.7016
-55.7596
-55.8225
-55.8882
-55.9638
-56.0756
-56.401
-55.4407
-55.4471
-55.4598
-55.479
-55.5044
-55.5362
-55.5744
-55.6194
-55.6713
-55.7296
-55.7919
-55.8531
-55.9101
-55.9328
-55.7276
-55.4012
-55.4078
-55.4208
-55.4403
-55.4662
-55.4986
-55.5377
-55.5836
-55.6367
-55.6963
-55.7595
-55.821
-55.8803
-55.9471
-56.1803
-55.3567
-55.3633
-55.3766
-55.3964
-55.4229
-55.456
-55.4959
-55.5431
-55.5977
-55.6596
-55.7258
-55.7904
-55.8453
-55.8448
-55.568
-55.3069
-55.3137
-55.3272
-55.3474
-55.3743
-55.4081
-55.449
-55.4975
-55.5541
-55.6191
-55.6908
-55.7666
-55.8487
-55.9333
-56.0061
-55.2518
-55.2586
-55.2724
-55.2929
-55.3204
-55.3548
-55.3966
-55.4464
-55.5049
-55.573
-55.6506
-55.7384
-55.8503
-56.0288
-56.5027
-55.1913
-55.1982
-55.2122
-55.2331
-55.2609
-55.296
-55.3386
-55.3893
-55.4493
-55.5196
-55.6006
-55.6936
-55.8057
-55.918
-55.7979
-55.1253
-55.1323
-55.1465
-55.1676
-55.1959
-55.2314
-55.2746
-55.326
-55.3867
-55.4578
-55.54
-55.6354
-55.761
-55.9675
-56.5562
-55.0537
-55.0609
-55.0752
-55.0966
-55.1252
-55.1611
-55.2047
-55.2565
-55.3172
-55.3877
-55.4674
-55.5564
-55.66
-55.7504
-55.5129
-54.9765
-54.9838
-54.9982
-55.0199
-55.0487
-55.085
-55.1289
-55.1808
-55.2413
-55.3102
-55.386
-55.4673
-55.5682
-55.7599
-56.5312
-54.8937
-54.901
-54.9156
-54.9374
-54.9665
-55.0031
-55.0473
-55.0995
-55.1597
-55.2272
-55.2981
-55.3645
-55.4132
-55.3659
-54.718
-54.8052
-54.8125
-54.8272
-54.8492
-54.8785
-54.9154
-54.96
-55.0126
-55.0733
-55.1409
-55.2107
-55.2739
-55.3251
-55.3876
-55.8384
-54.7109
-54.7183
-54.733
-54.7551
-54.7847
-54.8219
-54.867
-54.9204
-54.9824
-55.0522
-55.1255
-55.1917
-55.2292
-55.1384
-54.4318
-54.6109
-54.6183
-54.633
-54.6552
-54.6849
-54.7223
-54.7679
-54.8223
-54.8863
-54.9603
-55.0424
-55.1294
-55.2225
-55.3155
-55.3912
-54.5051
-54.5124
-54.5272
-54.5493
-54.579
-54.6166
-54.6626
-54.7178
-54.7837
-54.8618
-54.9534
-55.0629
-55.2158
-55.5035
-56.4113
-54.3935
-54.4008
-54.4154
-54.4375
-54.4671
-54.5046
-54.5505
-54.606
-54.6728
-54.7531
-54.8494
-54.9664
-55.1155
-55.2597
-54.9376
-54.2761
-54.2834
-54.2979
-54.3197
-54.349
-54.3861
-54.4316
-54.4866
-54.5528
-54.6324
-54.7283
-54.8475
-55.0186
-55.3384
-56.3812
-54.1531
-54.1602
-54.1745
-54.196
-54.2249
-54.2613
-54.306
-54.3597
-54.4237
-54.4996
-54.5885
-54.6925
-54.8185
-54.9137
-54.3935
-54.0244
-54.0314
-54.0454
-54.0665
-54.0948
-54.1304
-54.1738
-54.2257
-54.2866
-54.357
-54.4354
-54.5222
-54.64
-54.9151
-56.2169
-53.8902
-53.897
-53.9107
-53.9313
-53.9588
-53.9935
-54.0356
-54.0855
-54.1433
-54.2078
-54.2739
-54.3303
-54.3522
-54.2024
-52.9993
-53.7506
-53.7572
-53.7706
-53.7906
-53.8173
-53.851
-53.8918
-53.9401
-53.9956
-54.0566
-54.1165
-54.1624
-54.1836
-54.2198
-54.9082
-53.6057
-53.6121
-53.625
-53.6444
-53.6703
-53.703
-53.7427
-53.7898
-53.8444
-53.9053
-53.9662
-54.0117
-54.0047
-53.7832
-52.5506
-53.4556
-53.4618
-53.4743
-53.4929
-53.518
-53.5496
-53.5881
-53.6344
-53.6892
-53.753
-53.8238
-53.8976
-53.9747
-54.0473
-54.0987
-53.3005
-53.3065
-53.3184
-53.3364
-53.3604
-53.3908
-53.4281
-53.4733
-53.5282
-53.595
-53.6765
-53.7811
-53.9479
-54.325
-55.6909
-53.1406
-53.1463
-53.1578
-53.1749
-53.1977
-53.2267
-53.2622
-53.3057
-53.3591
-53.4258
-53.5104
-53.6215
-53.7751
-53.9147
-53.3289
-52.9761
-52.9815
-52.9924
-53.0086
-53.0302
-53.0574
-53.0907
-53.1313
-53.1811
-53.2434
-53.3233
-53.4324
-53.6121
-54.007
-55.48
-52.8071
-52.8123
-52.8226
-52.8379
-52.8582
-52.8835
-52.914
-52.9506
-52.9946
-53.048
-53.1131
-53.1943
-53.2996
-53.3493
-52.4828
-52.6338
-52.6387
-52.6485
-52.663
-52.682
-52.7053
-52.7329
-52.765
-52.8019
-52.8436
-52.8889
-52.9393
-53.0258
-53.3266
-55.0722
-52.4564
-52.4612
-52.4705
-52.4843
-52.5021
-52.5236
-52.5485
-52.5763
-52.6062
-52.6358
-52.6585
-52.6594
-52.6033
-52.2992
-50.5188
-52.2751
-52.2797
-52.2888
-52.302
-52.319
-52.3391
-52.3619
-52.3863
-52.4109
-52.4319
-52.4404
-52.4191
-52.3529
-52.2957
-53.1012
-52.0898
-52.0944
-52.1034
-52.1164
-52.133
-52.1524
-52.1739
-52.1964
-52.2183
-52.2359
-52.2401
-52.2101
-52.0964
-51.6919
-49.9711
-51.9008
-51.9054
-51.9145
-51.9277
-51.9443
-51.9636
-51.9849
-52.0071
-52.029
-52.0485
-52.0608
-52.0592
-52.0417
-52.0009
-51.935
-51.7078
-51.7126
-51.7221
-51.7358
-51.753
-51.7731
-51.7951
-51.8182
-51.8416
-51.865
-51.8885
-51.9195
-52.0033
-52.326
-53.8617
-51.5108
-51.516
-51.5261
-51.5407
-51.5591
-51.5807
-51.6044
-51.6292
-51.6547
-51.6806
-51.7082
-51.743
-51.799
-51.8075
-50.931
-51.3096
-51.3152
-51.3262
-51.3421
-51.3625
-51.3863
-51.4126
-51.4401
-51.4676
-51.4943
-51.5202
-51.5519
-51.6278
-51.9021
-53.3326
-51.1038
-51.11
-51.1221
-51.1399
-51.1627
-51.1898
-51.2198
-51.2511
-51.2814
-51.3077
-51.3253
-51.3301
-51.3189
-51.1927
-50.028
-50.8931
-50.8999
-50.9134
-50.9334
-50.9594
-50.9906
-51.0259
-51.063
-51.0984
-51.1262
-51.1366
-51.1193
-51.0899
-51.203
-52.631
-50.677
-50.6845
-50.6996
-50.722
-50.7517
-50.7882
-50.8305
-50.8762
-50.9209
-50.9559
-50.9644
-50.9172
-50.7618
-50.2991
-48.3848
-50.4551
-50.4633
-50.4798
-50.5049
-50.5387
-50.5814
-50.6325
-50.6902
-50.7504
-50.8032
-50.8282
-50.7902
-50.6471
-50.402
-50.6668
-50.2268
-50.2356
-50.2535
-50.281
-50.319
-50.3683
-50.4296
-50.5028
-50.5854
-50.669
-50.733
-50.7361
-50.6035
-50.1494
-48.6872
-49.9918
-50.001
-50.0198
-50.0492
-50.0907
-50.1462
-50.2183
-50.3091
-50.42
-50.5475
-50.6776
-50.7762
-50.7831
-50.5958
-50.1541
-49.7498
-49.759
-49.778
-49.8083
-49.852
-49.9123
-49.9937
-50.1018
-50.2432
-50.4234
-50.6412
-50.88
-51.0977
-51.2175
-51.3224
-49.5007
-49.5095
-49.5278
-49.5574
-49.6012
-49.6633
-49.7504
-49.8715
-50.0397
-50.2722
-50.5878
-50.9985
-51.4803
-51.8483
-51.5351
-49.245
-49.2527
-49.2691
-49.2961
-49.3369
-49.3966
-49.4831
-49.6086
-49.7919
-50.0626
-50.4655
-51.0677
-51.9421
-52.9511
-52.5748
-48.9832
-48.9893
-49.0025
-49.0246
-49.0589
-49.1108
-49.1887
-49.3057
-49.4838
-49.7601
-50.2023
-50.9479
-52.3104
-55.0148
-60.6688
-48.7166
-48.7204
-48.7289
-48.7438
-48.7681
-48.8066
-48.8668
-48.9606
-49.1076
-49.3417
-49.7257
-50.3998
-51.747
-55.0289
-65.3891
-66.5822
-56.0711
-52.7116
-51.3224
-50.6212
-50.2181
-49.9692
-49.8099
-49.7061
-49.6378
-49.5928
-49.5635
-49.5449
-49.5339
-49.5289
-62.1833
-56.0744
-53.2495
-51.8399
-51.0675
-50.6075
-50.3175
-50.1283
-50.0021
-49.9169
-49.8592
-49.8203
-49.7949
-49.7796
-49.7724
-53.1204
-53.7959
-52.8051
-51.9146
-51.2949
-50.878
-50.5958
-50.4029
-50.2695
-50.1767
-50.1119
-50.0672
-50.0374
-50.0191
-50.0104
-52.5094
-52.6732
-52.2915
-51.8012
-51.3795
-51.0538
-50.8123
-50.6363
-50.5087
-50.4164
-50.3501
-50.3031
-50.2712
-50.2513
-50.2418
-51.792
-51.9282
-51.8537
-51.64
-51.3951
-51.1703
-50.9835
-50.8362
-50.7231
-50.6377
-50.5742
-50.5281
-50.496
-50.4758
-50.466
-50.8655
-51.3283
-51.5131
-51.5001
-51.3948
-51.2594
-51.1273
-51.0125
-50.9182
-50.8434
-50.7857
-50.7426
-50.712
-50.6924
-50.6828
-49.7471
-50.9203
-51.3101
-51.424
-51.4131
-51.3453
-51.2592
-51.1746
-51.0996
-51.0369
-50.9865
-50.9477
-50.9196
-50.9014
-50.8924
-51.1622
-51.0552
-51.2992
-51.4344
-51.4687
-51.443
-51.3902
-51.3301
-51.2724
-51.2213
-51.1787
-51.1449
-51.1198
-51.1033
-51.0951
-49.3189
-50.945
-51.3642
-51.5148
-51.5636
-51.5585
-51.5265
-51.4842
-51.4403
-51.3995
-51.3641
-51.3352
-51.3134
-51.2988
-51.2914
-52.7964
-51.6716
-51.6163
-51.6655
-51.6937
-51.6917
-51.6702
-51.6395
-51.606
-51.5735
-51.5444
-51.5201
-51.5013
-51.4885
-51.4821
-50.6206
-51.6542
-51.7963
-51.8305
-51.8424
-51.8374
-51.8204
-51.7968
-51.7707
-51.7447
-51.7208
-51.7004
-51.6843
-51.6733
-51.6677
-53.4373
-52.2547
-52.0516
-52.0108
-52.0007
-51.9905
-51.9752
-51.9562
-51.9352
-51.9141
-51.8942
-51.8769
-51.8632
-51.8536
-51.8488
-51.381
-52.1735
-52.1946
-52.1694
-52.1568
-52.1461
-52.1328
-52.117
-52.0997
-52.0821
-52.0652
-52.0504
-52.0384
-52.0301
-52.0258
-53.9409
-52.6268
-52.3701
-52.319
-52.3093
-52.3025
-52.2922
-52.2791
-52.2643
-52.249
-52.2343
-52.2212
-52.2105
-52.203
-52.1992
-52.2631
-52.3443
-52.4034
-52.4394
-52.4575
-52.4603
-52.4537
-52.4425
-52.4291
-52.4151
-52.4016
-52.3895
-52.3797
-52.3728
-52.3693
-50.5369
-52.076
-52.453
-52.5721
-52.6141
-52.6237
-52.6186
-52.6075
-52.5942
-52.5804
-52.5672
-52.5556
-52.5462
-52.5396
-52.5362
-53.3075
-52.6133
-52.6823
-52.7578
-52.7911
-52.7961
-52.7877
-52.7743
-52.7595
-52.7448
-52.7312
-52.7194
-52.7101
-52.7035
-52.7002
-51.0108
-52.6194
-52.9073
-52.9727
-52.9852
-52.9769
-52.9605
-52.9422
-52.9244
-52.9079
-52.8933
-52.8809
-52.8713
-52.8646
-52.8612
-55.0884
-53.5414
-53.2872
-53.2241
-53.1915
-53.1623
-53.1348
-53.11
-53.0883
-53.0693
-53.0532
-53.0399
-53.0296
-53.0227
-53.0191
-52.7653
-53.5644
-53.5348
-53.4539
-53.393
-53.3457
-53.3072
-53.2759
-53.25
-53.2284
-53.2105
-53.1961
-53.1851
-53.1777
-53.1739
-55.4786
-54.1615
-53.8185
-53.6696
-53.5829
-53.5217
-53.4749
-53.4381
-53.4085
-53.3844
-53.3647
-53.3491
-53.3374
-53.3295
-53.3255
-53.5318
-54.0807
-53.9679
-53.8418
-53.7527
-53.6869
-53.6357
-53.5954
-53.563
-53.5368
-53.5156
-53.4988
-53.4862
-53.4778
-53.4737
-55.6936
-54.4581
-54.1269
-53.9879
-53.9042
-53.8407
-53.7892
-53.7474
-53.7132
-53.6853
-53.6627
-53.6448
-53.6315
-53.6227
-53.6182
-54.2401
-54.2061
-54.1529
-54.0954
-54.0393
-53.9852
-53.9362
-53.8941
-53.8588
-53.8296
-53.8058
-53.7871
-53.773
-53.7637
-53.759
-52.8185
-53.966
-54.1825
-54.2015
-54.1707
-54.1252
-54.0785
-54.0363
-54.0001
-53.9697
-53.9449
-53.9252
-53.9106
-53.9008
-53.896
-54.9944
-54.371
-54.3496
-54.3418
-54.3101
-54.265
-54.2177
-54.1745
-54.137
-54.1055
-54.0797
-54.0593
-54.044
-54.0339
-54.0288
-53.2252
-54.3568
-54.5075
-54.4986
-54.4565
-54.4052
-54.3544
-54.3088
-54.2697
-54.237
-54.2102
-54.189
-54.1732
-54.1628
-54.1575
-56.2244
-55.0224
-54.7768
-54.678
-54.6072
-54.544
-54.4875
-54.4388
-54.3978
-54.3638
-54.3361
-54.3143
-54.2981
-54.2873
-54.282
-54.5206
-55.0223
-54.9447
-54.8376
-54.7503
-54.6771
-54.6152
-54.5636
-54.5209
-54.4858
-54.4573
-54.435
-54.4184
-54.4074
-54.402
-56.3943
-55.4234
-55.1333
-54.9833
-54.8814
-54.8014
-54.736
-54.6824
-54.6385
-54.6026
-54.5737
-54.551
-54.5342
-54.5231
-54.5175
-55.0327
-55.3504
-55.225
-55.0952
-54.9951
-54.9147
-54.8486
-54.7946
-54.7503
-54.7142
-54.6851
-54.6623
-54.6454
-54.6341
-54.6286
-56.4397
-55.5838
-55.3202
-55.1861
-55.0929
-55.0169
-54.9531
-54.9001
-54.8563
-54.8205
-54.7915
-54.7687
-54.7518
-54.7406
-54.7351
-55.4679
-55.4046
-55.326
-55.2483
-55.1765
-55.1097
-55.0502
-54.9993
-54.9567
-54.9215
-54.8929
-54.8704
-54.8537
-54.8426
-54.837
-54.5481
-55.2349
-55.3313
-55.3063
-55.2543
-55.1964
-55.1413
-55.093
-55.0518
-55.0175
-54.9895
-54.9674
-54.9509
-54.94
-54.9345
-55.9033
-55.474
-55.4214
-55.3828
-55.334
-55.2801
-55.228
-55.1817
-55.142
-55.1087
-55.0814
-55.0598
-55.0437
-55.0329
-55.0275
-54.8206
-55.4503
-55.5022
-55.4659
-55.4151
-55.3615
-55.3108
-55.266
-55.2276
-55.1953
-55.1688
-55.1477
-55.1319
-55.1214
-55.1162
-56.5781
-55.8265
-55.6445
-55.5589
-55.496
-55.44
-55.3897
-55.346
-55.3088
-55.2775
-55.2517
-55.2313
-55.2159
-55.2056
-55.2005
-55.5959
-55.806
-55.7202
-55.6359
-55.57
-55.5134
-55.464
-55.4216
-55.3856
-55.3554
-55.3304
-55.3106
-55.2956
-55.2857
-55.2807
-56.6181
-55.9898
-55.7952
-55.6999
-55.6352
-55.581
-55.5337
-55.4929
-55.4583
-55.4291
-55.405
-55.3857
-55.3713
-55.3616
-55.3567
-55.942
-55.8711
-55.8015
-55.7424
-55.691
-55.6428
-55.5988
-55.5602
-55.527
-55.4989
-55.4756
-55.4569
-55.4429
-55.4335
-55.4287
-55.323
-55.7502
-55.8011
-55.7793
-55.7424
-55.7008
-55.6603
-55.6238
-55.592
-55.5649
-55.5424
-55.5243
-55.5106
-55.5015
-55.4969
-56.1829
-55.8895
-55.8513
-55.8266
-55.7947
-55.7571
-55.7191
-55.6843
-55.6536
-55.6274
-55.6055
-55.5879
-55.5746
-55.5656
-55.5612
-55.4865
-55.8501
-55.8927
-55.8784
-55.849
-55.8128
-55.7759
-55.7419
-55.712
-55.6864
-55.665
-55.6478
-55.6348
-55.6261
-55.6217
-56.3627
-56.0326
-55.9739
-55.9405
-55.9059
-55.8681
-55.8307
-55.7968
-55.7673
-55.742
-55.721
-55.7042
-55.6915
-55.6829
-55.6786
-55.6583
-56.0253
-56.038
-56.0031
-55.963
-55.922
-55.8833
-55.8489
-55.8194
-55.7943
-55.7736
-55.757
-55.7445
-55.7362
-55.732
-56.7423
-56.2628
-56.1353
-56.0691
-56.0187
-55.9734
-55.9328
-55.8978
-55.8681
-55.8432
-55.8227
-55.8064
-55.7941
-55.7859
-55.7818
-56.1311
-56.2546
-56.1906
-56.1239
-56.0688
-56.0206
-55.9787
-55.9431
-55.9134
-55.8886
-55.8684
-55.8523
-55.8402
-55.8321
-55.8281
-56.723
-56.3753
-56.248
-56.1704
-56.1121
-56.0626
-56.0202
-55.9846
-55.955
-55.9305
-55.9106
-55.8947
-55.8829
-55.875
-55.871
-56.2823
-56.3419
-56.2713
-56.2031
-56.1472
-56.0988
-56.057
-56.022
-55.9929
-55.9689
-55.9493
-55.9338
-55.9222
-55.9145
-55.9106
-56.6652
-56.3979
-56.2933
-56.2271
-56.1751
-56.1294
-56.0894
-56.0555
-56.0272
-56.0038
-55.9847
-55.9695
-55.9582
-55.9507
-55.9469
-56.383
-56.3398
-56.289
-56.2409
-56.1968
-56.1551
-56.1175
-56.0851
-56.0579
-56.0352
-56.0167
-56.002
-55.991
-55.9837
-55.98
-56.1379
-56.2858
-56.2832
-56.2515
-56.2149
-56.1773
-56.1421
-56.1113
-56.0852
-56.0634
-56.0456
-56.0313
-56.0207
-56.0136
-56.01
-56.4609
-56.3352
-56.2979
-56.2654
-56.2317
-56.1968
-56.1637
-56.1344
-56.1095
-56.0885
-56.0713
-56.0576
-56.0473
-56.0404
-56.0369
-56.2145
-56.3221
-56.3097
-56.2798
-56.2476
-56.2142
-56.1826
-56.1547
-56.1308
-56.1107
-56.0941
-56.0808
-56.0709
-56.0642
-56.0609
-56.5594
-56.3913
-56.3338
-56.2957
-56.2623
-56.2296
-56.1991
-56.1722
-56.1493
-56.13
-56.114
-56.1012
-56.0916
-56.0852
-56.082
-56.3687
-56.3825
-56.3449
-56.3079
-56.2747
-56.2427
-56.2131
-56.1872
-56.1651
-56.1465
-56.1312
-56.1189
-56.1096
-56.1034
-56.1002
-56.5171
-56.4085
-56.3559
-56.3173
-56.2844
-56.2532
-56.2246
-56.1997
-56.1784
-56.1605
-56.1457
-56.1338
-56.1248
-56.1188
-56.1158
-56.4056
-56.3946
-56.3574
-56.3224
-56.2911
-56.2612
-56.2337
-56.2097
-56.1892
-56.172
-56.1576
-56.1462
-56.1375
-56.1317
-56.1287
-56.4598
-56.3978
-56.3576
-56.3246
-56.2952
-56.2668
-56.2404
-56.2173
-56.1976
-56.181
-56.1671
-56.156
-56.1476
-56.1419
-56.1391
-56.4121
-56.3848
-56.3533
-56.324
-56.2969
-56.2701
-56.2449
-56.2228
-56.2038
-56.1877
-56.1743
-56.1635
-56.1552
-56.1497
-56.1469
-56.3897
-56.3738
-56.3478
-56.3216
-56.2967
-56.2714
-56.2474
-56.2261
-56.2078
-56.1922
-56.1791
-56.1685
-56.1605
-56.1551
-56.1523
-56.3932
-56.3687
-56.3426
-56.3182
-56.2949
-56.271
-56.2481
-56.2276
-56.2098
-56.1945
-56.1817
-56.1713
-56.1634
-56.158
-56.1553
-56.4115
-56.3637
-56.3366
-56.3138
-56.292
-56.2693
-56.2472
-56.2272
-56.2098
-56.1948
-56.1822
-56.1718
-56.164
-56.1586
-56.1559
-56.331
-56.3435
-56.3278
-56.3083
-56.2881
-56.2663
-56.2448
-56.2253
-56.2081
-56.1932
-56.1805
-56.1702
-56.1622
-56.1569
-56.1541
-56.3858
-56.342
-56.3219
-56.3031
-56.2836
-56.2624
-56.2412
-56.2218
-56.2046
-56.1896
-56.1768
-56.1663
-56.1583
-56.1528
-56.15
-56.2834
-56.3232
-56.3153
-56.2982
-56.2789
-56.2576
-56.2364
-56.2169
-56.1995
-56.1842
-56.1711
-56.1603
-56.152
-56.1463
-56.1434
-56.3529
-56.3365
-56.3155
-56.2946
-56.2739
-56.2521
-56.2305
-56.2106
-56.1927
-56.1769
-56.1633
-56.1521
-56.1433
-56.1374
-56.1344
-56.4394
-56.3522
-56.3157
-56.2905
-56.2683
-56.2457
-56.2235
-56.2029
-56.1844
-56.1678
-56.1535
-56.1416
-56.1323
-56.126
-56.1228
-56.3094
-56.3317
-56.3085
-56.2841
-56.2614
-56.2383
-56.2154
-56.194
-56.1745
-56.1569
-56.1416
-56.1288
-56.1188
-56.1119
-56.1085
-56.4523
-56.3419
-56.3023
-56.2763
-56.2535
-56.2299
-56.2064
-56.1839
-56.1631
-56.1442
-56.1275
-56.1135
-56.1026
-56.0951
-56.0913
-56.2504
-56.3022
-56.2869
-56.266
-56.2446
-56.221
-56.1966
-56.1727
-56.1502
-56.1295
-56.1112
-56.0957
-56.0836
-56.0753
-56.071
-56.4447
-56.3082
-56.2755
-56.2559
-56.2358
-56.2121
-56.1864
-56.1607
-56.1359
-56.113
-56.0925
-56.0752
-56.0615
-56.0522
-56.0474
-56.1096
-56.2413
-56.2552
-56.246
-56.2282
-56.204
-56.1764
-56.148
-56.1203
-56.0944
-56.0712
-56.0515
-56.0361
-56.0254
-56.02
-56.3174
-56.2554
-56.2512
-56.2419
-56.2237
-56.1975
-56.1669
-56.1349
-56.1034
-56.0737
-56.0471
-56.0246
-56.0069
-55.9947
-55.9885
-56.0992
-56.2288
-56.2508
-56.2438
-56.2234
-56.1936
-56.1585
-56.1215
-56.085
-56.0507
-56.0199
-55.9938
-55.9734
-55.9594
-55.9522
-56.2697
-56.276
-56.2709
-56.2548
-56.2284
-56.1927
-56.1513
-56.1079
-56.0651
-56.0249
-55.9889
-55.9586
-55.935
-55.9189
-55.9107
-56.4404
-56.3305
-56.2988
-56.2726
-56.2388
-56.1953
-56.1457
-56.0939
-56.0432
-55.9958
-55.9538
-55.9185
-55.8911
-55.8725
-55.863
-56.2558
-56.3298
-56.323
-56.2957
-56.2546
-56.2016
-56.1415
-56.0793
-56.0188
-55.9628
-55.9135
-55.8725
-55.8408
-55.8193
-55.8084
-56.4605
-56.3847
-56.3617
-56.3282
-56.2776
-56.2123
-56.1389
-56.0636
-55.9912
-55.925
-55.8672
-55.8195
-55.783
-55.7584
-55.7459
-56.2972
-56.4022
-56.4078
-56.3724
-56.3096
-56.2281
-56.1375
-56.046
-55.9593
-55.881
-55.8136
-55.7585
-55.7167
-55.6886
-55.6745
-56.4899
-56.4881
-56.4825
-56.4354
-56.3537
-56.2497
-56.1369
-56.0252
-55.9213
-55.8292
-55.751
-55.6879
-55.6404
-55.6087
-55.5929
-56.4496
-56.5761
-56.5861
-56.5223
-56.4121
-56.2771
-56.1353
-55.999
-55.8752
-55.7676
-55.6777
-55.6062
-55.5529
-55.5175
-55.4999
-56.5635
-56.7444
-56.7413
-56.6412
-56.4867
-56.3088
-56.1301
-55.9641
-55.8177
-55.6933
-55.5914
-55.5114
-55.4525
-55.4137
-55.3945
-57.1129
-57.04
-56.9639
-56.7977
-56.5767
-56.3407
-56.116
-55.9158
-55.7448
-55.6033
-55.4896
-55.4018
-55.3377
-55.296
-55.2754
-57.159
-57.3372
-57.2492
-56.9922
-56.6762
-56.3642
-56.0848
-55.8472
-55.6513
-55.4936
-55.3696
-55.2753
-55.2073
-55.1633
-55.1416
-57.0848
-57.8188
-57.6522
-57.2274
-56.7722
-56.3647
-56.0245
-55.7496
-55.5314
-55.3604
-55.2288
-55.1301
-55.0599
-55.0147
-54.9926
-59.4566
-58.9254
-58.2344
-57.4838
-56.8343
-56.3179
-55.9188
-55.6127
-55.3785
-55.1998
-55.0648
-54.9651
-54.8947
-54.8498
-54.828
-59.2481
-60.1424
-58.8582
-57.6696
-56.8035
-56.1894
-55.7483
-55.4259
-55.1869
-55.0086
-54.8761
-54.7793
-54.7116
-54.6687
-54.6479
-70.3768
-62.8719
-59.4156
-57.6313
-56.5972
-55.9404
-55.4954
-55.181
-54.953
-54.7855
-54.6623
-54.5731
-54.5111
-54.472
-54.453
-74.7648
-62.7898
-58.8118
-57.0716
-56.1287
-55.5441
-55.1518
-54.876
-54.677
-54.5313
-54.4247
-54.3478
-54.2946
-54.261
-54.2448
-48.4198
-48.4205
-48.4225
-48.4272
-48.4368
-48.4549
-48.4867
-48.5403
-48.6276
-48.7657
-48.9771
-49.283
-49.65
-49.6353
-46.4639
-48.0944
-48.0911
-48.0847
-48.076
-48.0661
-48.0567
-48.0499
-48.0482
-48.0532
-48.063
-48.063
-48.0037
-47.7444
-46.9064
-44.7379
-47.7717
-47.7639
-47.7483
-47.7251
-47.6941
-47.6553
-47.6077
-47.5491
-47.4738
-47.369
-47.2058
-46.9246
-46.4167
-45.5062
-44.0418
-47.4559
-47.4436
-47.4188
-47.3811
-47.3293
-47.2619
-47.176
-47.0664
-46.924
-46.7327
-46.4642
-46.0722
-45.4931
-44.6588
-43.5575
-47.1517
-47.1351
-47.1016
-47.0502
-46.9793
-46.8864
-46.7675
-46.6163
-46.423
-46.1729
-45.8437
-45.4053
-44.8241
-44.0773
-43.1786
-46.8632
-46.8428
-46.8014
-46.738
-46.6506
-46.5363
-46.3908
-46.2079
-45.9789
-45.692
-45.3316
-44.8796
-44.3199
-43.6469
-42.8759
-46.5945
-46.5707
-46.5226
-46.449
-46.3479
-46.2165
-46.0507
-45.8451
-45.5926
-45.2845
-44.9107
-44.461
-43.9285
-43.314
-42.6305
-46.3487
-46.3222
-46.2686
-46.1867
-46.0748
-45.9303
-45.7496
-45.5285
-45.2615
-44.9425
-44.5654
-44.1249
-43.6186
-43.0499
-42.4289
-46.1289
-46.1001
-46.0421
-45.9538
-45.8336
-45.6794
-45.4883
-45.2571
-44.9817
-44.6582
-44.283
-43.8539
-43.3708
-42.8375
-42.2622
-45.9371
-45.9066
-45.8452
-45.7521
-45.6258
-45.4647
-45.2666
-45.0289
-44.7492
-44.4249
-44.0541
-43.6362
-43.1724
-42.6666
-42.1251
-45.775
-45.7433
-45.6794
-45.5827
-45.4521
-45.2863
-45.0836
-44.8423
-44.5607
-44.2374
-43.8716
-43.4638
-43.0156
-42.5305
-42.0141
-45.6441
-45.6114
-45.5458
-45.4466
-45.313
-45.144
-44.9385
-44.6952
-44.4131
-44.0916
-43.7306
-43.331
-42.8948
-42.4253
-41.927
-45.5452
-45.5119
-45.4451
-45.3442
-45.2087
-45.0377
-44.8305
-44.5862
-44.3043
-43.9846
-43.6275
-43.2342
-42.8068
-42.3483
-41.8627
-45.479
-45.4453
-45.3777
-45.2758
-45.1391
-44.967
-44.7589
-44.5142
-44.2326
-43.9143
-43.56
-43.1709
-42.7492
-42.2977
-41.8202
-45.4457
-45.4119
-45.3439
-45.2416
-45.1044
-44.9317
-44.7232
-44.4783
-44.197
-43.8795
-43.5266
-43.1396
-42.7207
-42.2727
-41.7991
-37.3074
-43.302
-43.4903
-38.8444
-34.3997
-22.7098
-35.0084
-40.0955
-46.6756
-46.955
-41.4229
-38.4995
-33.719
-29.5729
-19.3621
-29.4147
-33.3742
-38.1611
-37.8635
-32.1188
-27.7831
-17.6286
-25.9122
-28.926
-31.815
-33.5706
-37.0232
-36.287
-30.3314
-26.0679
-16.4464
-23.9825
-26.7123
-29.3178
-30.9338
-34.1605
-33.5302
-28.1502
-24.2825
-15.4837
-22.7476
-25.5174
-28.4445
-30.364
-34.2831
-34.1929
-29.9828
-27.8558
-24.5379
-21.6507
-14.4607
-22.1498
-25.3633
-29.5689
-29.6676
-25.7854
-22.6653
-14.9075
-22.4794
-25.5662
-29.1571
-31.4553
-35.9579
-35.9099
-31.161
-27.3853
-18.0177
-27.3454
-31.1953
-35.7556
-38.6736
-44.3745
-44.3833
-38.6092
-33.9494
-22.2884
-33.988
-38.7966
-44.4618
-48.0325
-54.9559
-54.8384
-47.4292
-41.4898
-26.8349
-40.7534
-45.9646
-51.2387
-50.7374
-42.9159
-41.8256
-41.8358
-41.0011
-38.7506
-36.1394
-33.5857
-36.2726
-38.9995
-41.3443
-41.4786
-39.481
-37.1415
-34.2898
-31.4981
-28.9065
-30.7936
-32.7065
-34.2056
-33.8349
-31.5571
-28.9583
-26.3351
-27.7741
-29.4067
-30.9769
-32.1682
-33.0476
-32.3233
-29.8676
-27.2293
-24.6324
-25.854
-27.3018
-28.7203
-29.8244
-30.6731
-30.0677
-27.8954
-25.5703
-23.3214
-24.6773
-26.2889
-27.9643
-29.3926
-30.6871
-30.5755
-29.0403
-27.3736
-25.4305
-23.5851
-21.9563
-23.6588
-25.4253
-26.9707
-27.0859
-25.7778
-24.1934
-22.6481
-24.5193
-26.5953
-28.7686
-30.6271
-32.3076
-32.3801
-30.8005
-28.9273
-27.1318
-29.5141
-32.1532
-34.9293
-37.3116
-39.4767
-39.6343
-37.7367
-35.4437
-33.2257
-36.2068
-39.476
-42.8802
-45.7486
-48.2904
-48.2992
-45.6925
-42.5409
-39.3589
-42.365
-45.3698
-47.8533
-48.5742
-48.1714
-42.4913
-41.5858
-40.55
-39.1759
-37.7955
-36.915
-37.4785
-38.4534
-39.1958
-39.0718
-38.0309
-36.5207
-34.7739
-33.135
-32.0017
-32.1348
-32.6347
-32.9427
-32.5525
-31.4574
-30.1686
-29.1923
-29.357
-29.9776
-30.6846
-31.2153
-31.3815
-30.8533
-29.6667
-28.3315
-27.3201
-27.4
-27.934
-28.576
-29.083
-29.2803
-28.8618
-27.8613
-26.749
-25.9687
-26.2393
-26.969
-27.8406
-28.6144
-29.1163
-29.0089
-28.2879
-27.2901
-26.1829
-25.2082
-24.6556
-25.0762
-25.8062
-26.4327
-26.5542
-26.1685
-25.6659
-25.4693
-26.2647
-27.485
-28.8339
-30.056
-30.9732
-31.2298
-30.8633
-30.358
-30.2304
-31.3135
-32.9142
-34.6704
-36.2628
-37.4698
-37.8452
-37.4339
-36.8303
-36.6767
-38.0108
-39.9611
-42.0705
-43.9349
-45.2726
-45.5266
-44.7402
-43.6361
-42.9721
-43.9784
-45.5254
-47.0058
-48.0293
-48.8511
-42.4479
-41.5229
-40.5855
-39.6096
-38.7313
-38.1643
-38.0917
-38.2416
-38.2945
-37.9851
-37.2561
-36.2404
-35.1022
-34.0438
-33.2728
-32.9478
-32.8393
-32.6847
-32.2853
-31.6366
-30.929
-30.4063
-30.2837
-30.424
-30.6463
-30.7872
-30.7157
-30.3317
-29.6799
-28.9679
-28.4365
-28.2922
-28.4111
-28.6265
-28.788
-28.7748
-28.4945
-27.9888
-27.4501
-27.1031
-27.1405
-27.4453
-27.8584
-28.2282
-28.4238
-28.3265
-27.9346
-27.3649
-26.7449
-26.224
-25.9538
-26.0484
-26.3367
-26.6226
-26.7533
-26.7282
-26.698
-26.8627
-27.3986
-28.1898
-29.0821
-29.9242
-30.5907
-30.977
-31.1266
-31.2449
-31.5857
-32.3679
-33.4514
-34.6476
-35.7694
-36.6605
-37.1895
-37.4081
-37.569
-37.9855
-38.9279
-40.2171
-41.6137
-42.8797
-43.8155
-44.2522
-44.2456
-44.0975
-44.1801
-44.8134
-45.7771
-46.8167
-47.7748
-48.6931
-42.2862
-41.4769
-40.6758
-39.902
-39.2181
-38.7013
-38.3839
-38.169
-37.9145
-37.5021
-36.894
-36.136
-35.3152
-34.5383
-33.9015
-33.4487
-33.11
-32.7792
-32.3771
-31.9006
-31.4231
-31.0441
-30.8319
-30.7525
-30.7257
-30.665
-30.5003
-30.1959
-29.7803
-29.3445
-28.9957
-28.8061
-28.7497
-28.7554
-28.7449
-28.6547
-28.4523
-28.1645
-27.8756
-27.6846
-27.6574
-27.7664
-27.9395
-28.0935
-28.1538
-28.069
-27.8383
-27.5125
-27.1652
-26.8794
-26.7275
-26.7422
-26.8714
-27.0363
-27.1777
-27.2958
-27.4502
-27.722
-28.1656
-28.7497
-29.4031
-30.0461
-30.6121
-31.0657
-31.4353
-31.8121
-32.3059
-32.9891
-33.8265
-34.7324
-35.6087
-36.3731
-36.9808
-37.4659
-37.9398
-38.5372
-39.3457
-40.3185
-41.3452
-42.3003
-43.0772
-43.6163
-43.9548
-44.2265
-44.595
-45.1723
-45.9191
-46.7443
-47.5776
-48.4037
-42.1189
-41.4184
-40.7265
-40.0647
-39.4636
-38.9509
-38.5281
-38.1529
-37.7617
-37.3002
-36.7477
-36.1216
-35.4649
-34.831
-34.2652
-33.7853
-33.3691
-32.9763
-32.5758
-32.1661
-31.7752
-31.4418
-31.1891
-31.0052
-30.8541
-30.6927
-30.4863
-30.2204
-29.9101
-29.5963
-29.3258
-29.1286
-28.9992
-28.9078
-28.8171
-28.6965
-28.5334
-28.3423
-28.1605
-28.0308
-27.9788
-27.9958
-28.0485
-28.0942
-28.0935
-28.022
-27.8796
-27.6915
-27.4976
-27.3423
-27.2621
-27.2716
-27.3554
-27.4842
-27.6361
-27.8115
-28.0339
-28.3343
-28.7306
-29.2102
-29.7397
-30.2791
-30.7957
-31.2756
-31.734
-32.2112
-32.7537
-33.3884
-34.1036
-34.86
-35.6094
-36.3115
-36.9491
-37.54
-38.1332
-38.785
-39.5271
-40.3425
-41.1801
-41.9773
-42.6816
-43.2691
-43.7605
-44.2164
-44.7091
-45.2871
-45.948
-46.6602
-47.3905
-48.1179
-41.9656
-41.3474
-40.7333
-40.1394
-39.5817
-39.0707
-38.6033
-38.1594
-37.7098
-37.2292
-36.7071
-36.1509
-35.5815
-35.0253
-34.5049
-34.0299
-33.5945
-33.1843
-32.7878
-32.4044
-32.0447
-31.7231
-31.4472
-31.2109
-30.9973
-30.7853
-30.558
-30.3089
-30.0453
-29.7856
-29.5507
-29.3538
-29.1942
-29.0595
-28.9327
-28.7997
-28.6554
-28.5069
-28.3708
-28.2654
-28.2011
-28.174
-28.1682
-28.1621
-28.1357
-28.0773
-27.9874
-27.8793
-27.7747
-27.6976
-27.6678
-27.6946
-27.775
-27.8996
-28.0609
-28.2599
-28.5055
-28.8092
-29.176
-29.5993
-30.0624
-30.5455
-31.0325
-31.517
-32.0059
-32.5168
-33.0688
-33.6722
-34.3214
-34.998
-35.6785
-36.3433
-36.9847
-37.6108
-38.2426
-38.9028
-39.603
-40.3347
-41.0734
-41.7884
-42.4541
-43.0604
-43.6175
-44.1533
-44.7007
-45.2827
-45.9029
-46.55
-47.2074
-47.8593
-41.829
-41.2699
-40.7105
-40.1615
-39.6322
-39.1272
-38.6443
-38.1738
-37.7022
-37.2177
-36.7155
-36.199
-35.6787
-35.1681
-34.679
-34.2175
-33.7835
-33.3725
-32.9808
-32.6085
-32.2594
-31.9386
-31.6481
-31.3842
-31.1383
-30.9001
-30.6612
-30.4184
-30.1751
-29.9395
-29.7209
-29.5256
-29.3537
-29.2002
-29.0576
-28.9195
-28.7838
-28.654
-28.5372
-28.4413
-28.3703
-28.3221
-28.2887
-28.2595
-28.2246
-28.1784
-28.1219
-28.0625
-28.0125
-27.9853
-27.9925
-28.0407
-28.1313
-28.2624
-28.4322
-28.6415
-28.894
-29.1934
-29.5406
-29.9313
-30.3568
-30.8068
-31.2731
-31.7522
-32.2466
-32.7635
-33.3102
-33.8902
-34.5002
-35.1308
-35.7704
-36.409
-37.0425
-37.6738
-38.3112
-38.9633
-39.6336
-40.317
-41.001
-41.6703
-42.3125
-42.9225
-43.5052
-44.0735
-44.6425
-45.2234
-45.8192
-46.4252
-47.0324
-47.6303
-41.7091
-41.1925
-40.672
-40.155
-39.6472
-39.1515
-38.667
-38.1894
-37.7126
-37.2315
-36.744
-36.2522
-35.7617
-35.2798
-34.813
-34.3656
-33.939
-33.5327
-33.146
-32.779
-32.4333
-32.1106
-31.8107
-31.5315
-31.2684
-31.016
-30.7701
-30.529
-30.2941
-30.069
-29.8579
-29.6639
-29.4871
-29.3256
-29.1762
-29.0361
-28.9044
-28.7826
-28.6739
-28.5816
-28.5072
-28.4492
-28.4038
-28.3657
-28.3301
-28.2948
-28.2609
-28.2329
-28.2179
-28.2241
-28.2586
-28.3263
-28.4299
-28.57
-28.7469
-28.9615
-29.2153
-29.5093
-29.8431
-30.2137
-30.6162
-31.0451
-31.4957
-31.9657
-32.4556
-32.9675
-33.5039
-34.0655
-34.6496
-35.2512
-35.8638
-36.4822
-37.1036
-37.7283
-38.3588
-38.9979
-39.6456
-40.2985
-40.9498
-41.5915
-42.2171
-42.8239
-43.4139
-43.9927
-44.5673
-45.1428
-45.7207
-46.2985
-46.8709
-47.4307
-41.6059
-41.1201
-40.628
-40.1347
-39.6443
-39.1591
-38.6793
-38.2034
-37.729
-37.2542
-36.7784
-36.3034
-35.8323
-35.3694
-34.9187
-34.4835
-34.0653
-33.6648
-33.2825
-32.9188
-32.5743
-32.2495
-31.9438
-31.6559
-31.3831
-31.1226
-30.8723
-30.631
-30.3992
-30.1785
-29.9708
-29.7775
-29.5989
-29.4341
-29.2819
-29.141
-29.0111
-28.8929
-28.7876
-28.6968
-28.6208
-28.5588
-28.5089
-28.4686
-28.4358
-28.4099
-28.3919
-28.385
-28.3935
-28.4227
-28.4773
-28.561
-28.6764
-28.825
-29.0078
-29.2257
-29.4792
-29.7685
-30.093
-30.4505
-30.8381
-31.2525
-31.6908
-32.1512
-32.633
-33.1366
-33.6619
-34.2085
-34.7742
-35.3558
-35.9494
-36.5516
-37.1602
-37.7745
-38.3944
-39.02
-39.6503
-40.2826
-40.9127
-41.536
-42.149
-42.7497
-43.3386
-43.918
-44.4906
-45.0587
-45.6223
-46.1797
-46.7273
-47.2602
-41.5196
-41.0563
-40.585
-40.1097
-39.6335
-39.1585
-38.6856
-38.2148
-37.7456
-37.2777
-36.8116
-36.3485
-35.8907
-35.4411
-35.0023
-34.5766
-34.1657
-33.7707
-33.3923
-33.0309
-32.687
-32.3607
-32.0515
-31.7585
-31.4801
-31.2149
-30.9616
-30.7194
-30.4885
-30.2695
-30.0632
-29.8703
-29.691
-29.5249
-29.3715
-29.2304
-29.1014
-28.9848
-28.8812
-28.7911
-28.7146
-28.6515
-28.6007
-28.5612
-28.5323
-28.5141
-28.5076
-28.5153
-28.54
-28.5853
-28.6545
-28.7505
-28.8756
-29.0314
-29.2189
-29.4389
-29.6919
-29.9778
-30.2957
-30.6444
-31.0218
-31.4259
-31.8545
-32.3061
-32.7797
-33.2745
-33.7898
-34.3244
-34.8764
-35.4434
-36.0227
-36.612
-37.2091
-37.8128
-38.422
-39.0357
-39.6525
-40.2699
-40.8853
-41.4957
-42.0986
-42.6925
-43.2771
-43.8529
-44.4207
-44.9808
-45.5329
-46.0751
-46.6047
-47.1183
-41.4504
-41.0033
-40.5473
-40.0854
-39.6204
-39.1543
-38.6884
-38.2234
-37.76
-37.2985
-36.8399
-36.3856
-35.9372
-35.4969
-35.0666
-34.6483
-34.2432
-33.8527
-33.4773
-33.1178
-32.7745
-32.4473
-32.136
-31.84
-31.5584
-31.2903
-31.0349
-30.7919
-30.561
-30.3425
-30.1367
-29.944
-29.7644
-29.5978
-29.444
-29.3028
-29.1743
-29.0585
-28.9557
-28.8662
-28.7899
-28.7269
-28.6767
-28.639
-28.6139
-28.6017
-28.6037
-28.6215
-28.6574
-28.7139
-28.7936
-28.8987
-29.0312
-29.1925
-29.3836
-29.6053
-29.8579
-30.1412
-30.4547
-30.7974
-31.1678
-31.5643
-31.9855
-32.4299
-32.8963
-33.3835
-33.8903
-34.4155
-34.9572
-35.5135
-36.0822
-36.6613
-37.2488
-37.8433
-38.4433
-39.0473
-39.6537
-40.2604
-40.8653
-41.4662
-42.0612
-42.6489
-43.2284
-43.7995
-44.3617
-44.9147
-45.4575
-45.9884
-46.5052
-47.0052
-41.3985
-40.9627
-40.5173
-40.0651
-39.6085
-39.1494
-38.6893
-38.2295
-37.771
-37.3148
-36.8619
-36.4138
-35.972
-35.538
-35.1137
-34.7005
-34.2998
-33.9125
-33.5396
-33.1815
-32.8386
-32.511
-32.1985
-31.9008
-31.6173
-31.3475
-31.0908
-30.847
-30.6158
-30.3974
-30.1918
-29.999
-29.8193
-29.6525
-29.4986
-29.3575
-29.2292
-29.1139
-29.0116
-28.9225
-28.8467
-28.7842
-28.7351
-28.6993
-28.6773
-28.6696
-28.6774
-28.7021
-28.7456
-28.8098
-28.8966
-29.0081
-29.1458
-29.3111
-29.5048
-29.7277
-29.98
-30.2617
-30.5722
-30.9109
-31.2765
-31.6678
-32.0836
-32.5225
-32.9832
-33.4644
-33.9649
-34.4831
-35.0174
-35.566
-36.127
-36.6986
-37.2789
-37.8662
-38.4591
-39.0558
-39.6546
-40.2537
-40.8513
-41.4454
-42.0344
-42.617
-43.192
-43.7587
-44.3161
-44.8633
-45.3992
-45.922
-46.4299
-46.9204
-41.3639
-40.9352
-40.4967
-40.0508
-39.5997
-39.1453
-38.6894
-38.2334
-37.7784
-37.3258
-36.8768
-36.4327
-35.995
-35.5651
-35.1446
-34.7347
-34.3368
-33.9517
-33.5803
-33.2232
-32.8807
-32.5529
-32.2398
-31.9412
-31.6566
-31.3858
-31.1284
-30.884
-30.6526
-30.4341
-30.2284
-30.0357
-29.8559
-29.6891
-29.5351
-29.3941
-29.266
-29.1509
-29.0489
-28.9602
-28.8848
-28.8229
-28.7747
-28.7404
-28.7205
-28.7158
-28.7273
-28.7564
-28.8045
-28.8734
-28.9648
-29.0803
-29.2213
-29.3891
-29.5846
-29.8082
-30.0604
-30.3411
-30.6498
-30.9859
-31.3485
-31.7365
-32.1488
-32.584
-33.0409
-33.5181
-34.0143
-34.5279
-35.0574
-35.601
-36.157
-36.7235
-37.299
-37.8815
-38.4695
-39.0613
-39.6552
-40.2494
-40.8423
-41.432
-42.017
-42.596
-43.1678
-43.7312
-44.2851
-44.8283
-45.3596
-45.8772
-46.3794
-46.864
-41.3465
-40.9213
-40.4861
-40.0433
-39.595
-39.1431
-38.6893
-38.2352
-37.7821
-37.3314
-36.8843
-36.4422
-36.0065
-35.5786
-35.1599
-34.7517
-34.3551
-33.9711
-33.6005
-33.2439
-32.9016
-32.5737
-32.2604
-31.9613
-31.6763
-31.405
-31.1472
-30.9026
-30.6711
-30.4525
-30.2468
-30.0541
-29.8743
-29.7074
-29.5534
-29.4124
-29.2844
-29.1695
-29.0676
-28.9791
-28.9039
-28.8424
-28.7947
-28.7612
-28.7424
-28.7392
-28.7525
-28.7836
-28.834
-28.9051
-28.9987
-29.1161
-29.2588
-29.4279
-29.6241
-29.8482
-30.1003
-30.3805
-30.6883
-31.0233
-31.3844
-31.7708
-32.1813
-32.6147
-33.0697
-33.5449
-34.0389
-34.5502
-35.0773
-35.6185
-36.172
-36.7361
-37.309
-37.8892
-38.4748
-39.0641
-39.6556
-40.2474
-40.8379
-41.4254
-42.0085
-42.5856
-43.1557
-43.7173
-44.2694
-44.8107
-45.3396
-45.8547
-46.3541
-46.8359
-53.0713
-56.5904
-56.4378
-55.8464
-55.3393
-54.961
-54.6846
-54.4819
-54.3324
-54.2218
-54.1404
-54.0817
-54.041
-54.0154
-54.003
-51.2185
-53.4993
-54.2863
-54.4251
-54.3491
-54.2229
-54.1011
-53.9987
-53.9173
-53.8546
-53.8074
-53.773
-53.749
-53.7339
-53.7267
-50.4145
-51.9018
-52.7825
-53.2183
-53.4089
-53.4802
-53.4981
-53.4943
-53.4833
-53.4715
-53.4614
-53.4535
-53.4479
-53.4444
-53.4427
-49.8071
-50.9104
-51.7233
-52.2565
-52.5879
-52.7908
-52.9166
-52.9968
-53.05
-53.0867
-53.1128
-53.1314
-53.1444
-53.1527
-53.1568
-49.3074
-50.2092
-50.9436
-51.4964
-51.8952
-52.1785
-52.3804
-52.5261
-52.6329
-52.7122
-52.7713
-52.8147
-52.8454
-52.8651
-52.8747
-48.8942
-49.6751
-50.3454
-50.8902
-51.3179
-51.6475
-51.9002
-52.094
-52.2431
-52.3577
-52.4452
-52.5106
-52.5572
-52.5872
-52.6019
-48.5504
-49.2517
-49.8725
-50.4011
-50.8383
-51.1934
-51.4787
-51.7065
-51.8875
-52.0302
-52.1411
-52.225
-52.2853
-52.3244
-52.3435
-48.2626
-48.9087
-49.4919
-50.0031
-50.4408
-50.809
-51.1145
-51.3656
-51.57
-51.7341
-51.8637
-51.9627
-52.0345
-52.0812
-52.1042
-48.0218
-48.6284
-49.183
-49.6786
-50.1128
-50.4868
-50.8047
-51.0714
-51.2924
-51.4726
-51.6165
-51.7275
-51.8085
-51.8614
-51.8876
-47.8218
-48.3999
-48.933
-49.4154
-49.8447
-50.2208
-50.5457
-50.8227
-51.0553
-51.2473
-51.402
-51.5222
-51.6104
-51.6683
-51.6969
-47.659
-48.2166
-48.7334
-49.2052
-49.6295
-50.0057
-50.3346
-50.6181
-50.8587
-51.059
-51.2216
-51.3488
-51.4425
-51.5041
-51.5347
-47.5309
-48.0738
-48.5788
-49.0424
-49.4624
-49.8378
-50.1687
-50.4563
-50.7022
-50.9083
-51.0765
-51.2087
-51.3064
-51.3708
-51.4028
-47.436
-47.9688
-48.4655
-48.9232
-49.3398
-49.7141
-50.046
-50.3361
-50.5853
-50.7953
-50.9673
-51.1029
-51.2034
-51.2698
-51.3028
-47.3733
-47.8996
-48.3911
-48.8449
-49.2592
-49.6327
-49.965
-50.2564
-50.5077
-50.7199
-50.8943
-51.0321
-51.1343
-51.2019
-51.2356
-47.342
-47.8653
-48.3542
-48.8062
-49.2192
-49.5923
-49.9247
-50.2167
-50.469
-50.6823
-50.8578
-50.9965
-51.0996
-51.1678
-51.2018
)
;

boundaryField
{
    hot
    {
        type            calculated;
        value           nonuniform List<scalar> 
120
(
-48.7626
-48.7924
-48.8518
-48.9407
-49.0585
-49.2047
-49.3783
-49.578
-49.802
-50.0479
-50.3128
-50.5932
-50.8848
-51.1833
-51.4839
-51.7574
-52.0018
-52.2399
-52.4701
-52.691
-52.9018
-53.1021
-53.2915
-53.4702
-53.6385
-53.7965
-53.9449
-54.084
-54.2143
-54.3364
-54.4508
-54.5578
-54.6578
-54.7514
-54.8389
-54.9205
-54.9965
-55.0673
-55.133
-55.1938
-55.2499
-55.3014
-55.3484
-55.391
-55.4292
-55.463
-55.4925
-55.5178
-55.5387
-55.5553
-55.5675
-55.5754
-55.5788
-55.5777
-55.5721
-55.5618
-55.5469
-55.5273
-55.5028
-55.4734
-55.439
-55.3996
-55.355
-55.3052
-55.2501
-55.1895
-55.1235
-55.0519
-54.9747
-54.8919
-54.8034
-54.7091
-54.609
-54.5032
-54.3916
-54.2743
-54.1513
-54.0227
-53.8885
-53.7489
-53.604
-53.454
-53.299
-53.1392
-52.9747
-52.8058
-52.6326
-52.4552
-52.2739
-52.0887
-51.8996
-51.7066
-51.5095
-51.3082
-51.1023
-50.8914
-50.6752
-50.4531
-50.2246
-49.9895
-49.7475
-49.4986
-49.2431
-48.9817
-48.7157
-48.4196
-48.0953
-47.7736
-47.459
-47.1558
-46.8683
-46.6004
-46.3553
-46.136
-45.9446
-45.783
-45.6523
-45.5535
-45.4874
-45.4542
)
;
    }
    cold
    {
        type            calculated;
        value           nonuniform List<scalar> 
120
(
-46.4902
-46.5213
-46.5835
-46.6763
-46.7991
-46.9509
-47.1305
-47.3361
-47.5656
-47.8162
-48.0846
-48.367
-48.6593
-48.957
-49.256
-49.5277
-49.7707
-50.0083
-50.2395
-50.4636
-50.6805
-50.8902
-51.093
-51.2896
-51.4805
-51.6663
-51.8475
-52.0247
-52.1982
-52.3684
-52.5354
-52.6994
-52.8603
-53.0182
-53.173
-53.3245
-53.4726
-53.6171
-53.7579
-53.8948
-54.0276
-54.1562
-54.2806
-54.4006
-54.5161
-54.6272
-54.7337
-54.8357
-54.9331
-55.0262
-55.1149
-55.1993
-55.2794
-55.3555
-55.4276
-55.4957
-55.5601
-55.6206
-55.6776
-55.7309
-55.7807
-55.8271
-55.87
-55.9097
-55.946
-55.9791
-56.0091
-56.0361
-56.06
-56.0812
-56.0995
-56.1151
-56.128
-56.1384
-56.1462
-56.1516
-56.1546
-56.1552
-56.1535
-56.1493
-56.1427
-56.1336
-56.1219
-56.1076
-56.0903
-56.07
-56.0462
-56.0187
-55.9869
-55.9504
-55.9086
-55.8606
-55.8057
-55.7428
-55.6709
-55.5889
-55.4956
-55.3897
-55.2703
-55.1363
-54.9871
-54.8226
-54.6427
-54.4484
-54.2408
-54
-53.7249
-53.4423
-53.1578
-52.877
-52.6055
-52.3483
-52.1099
-51.8941
-51.704
-51.5423
-51.4108
-51.311
-51.2439
-51.2103
)
;
    }
    interface_left
    {
        type            calculated;
        value           nonuniform List<scalar> 
90
(
-75.7647
-65.763
-56.4469
-54.5486
-56.3406
-54.3851
-52.1532
-55.506
-52.1727
-57.1821
-53.8803
-57.0844
-54.5329
-56.9496
-55.3124
-53.7806
-56.0361
-54.0188
-56.9019
-55.075
-56.8032
-55.6886
-54.6941
-56.1326
-54.9093
-56.3106
-55.0622
-56.7693
-55.7287
-56.6487
-56.0718
-55.6046
-56.279
-55.7978
-56.3097
-55.9502
-56.3483
-56.179
-56.1942
-56.2123
-56.3337
-56.1422
-56.5039
-55.9906
-56.6569
-55.5271
-56.3764
-55.3155
-56.0378
-56.8631
-55.6278
-57.0122
-55.2416
-57.1695
-54.1355
-56.2494
-53.824
-55.4226
-57.1241
-54.5559
-57.2087
-53.8479
-57.3156
-51.944
-55.5641
-51.5162
-54.1174
-56.7868
-52.6934
-56.6737
-51.6265
-56.5765
-48.9937
-53.9184
-48.568
-51.8976
-55.1394
-50.0817
-54.5457
-48.9796
-53.9329
-46.8199
-51.0739
-47.567
-49.871
-51.4039
-51.1058
-51.7029
-64.5087
-73.3806
)
;
    }
    interface_right
    {
        type            calculated;
        value           nonuniform List<scalar> 
90
(
-74.6727
-66.3885
-51.9741
-52.2185
-51.6712
-50.5609
-48.8647
-51.415
-48.0035
-53.8394
-49.7055
-54.4514
-50.627
-55.0424
-52.2184
-49.288
-54.0208
-49.6381
-56.4264
-51.9829
-56.5498
-52.9444
-56.6884
-54.2505
-51.8592
-55.5932
-52.2363
-57.2421
-54.0005
-57.1673
-54.6634
-57.1141
-55.4931
-53.9595
-56.2965
-54.2551
-57.1995
-55.3483
-57.1112
-55.9759
-54.9518
-56.4493
-55.1676
-56.6515
-55.3194
-57.1339
-55.9809
-56.9892
-56.1901
-56.8663
-56.401
-56.0015
-56.5656
-56.1087
-56.6915
-56.3374
-56.5947
-56.3985
-56.4999
-56.4236
-56.3935
-56.4047
-56.4444
-56.3126
-56.4192
-56.244
-56.3592
-56.5045
-56.2771
-56.5377
-56.1941
-56.559
-55.9941
-56.3777
-55.9915
-56.264
-56.5306
-56.1853
-56.5258
-56.2077
-56.4996
-56.3507
-56.4116
-57.1735
-56.9962
-56.3739
-59.6888
-57.7507
-75.5703
-83.912
)
;
    }
    interface_top
    {
        type            calculated;
        value           nonuniform List<scalar> 
90
(
-37.3074
-43.302
-43.4903
-38.8444
-34.3997
-22.7098
-35.0084
-40.0955
-46.6756
-46.955
-41.4229
-38.4995
-33.719
-29.5729
-19.3621
-29.4147
-33.3742
-38.1611
-37.8635
-32.1188
-27.7831
-17.6286
-25.9122
-28.926
-31.815
-33.5706
-37.0232
-36.287
-30.3314
-26.0679
-16.4464
-23.9825
-26.7123
-29.3178
-30.9338
-34.1605
-33.5302
-28.1502
-24.2825
-15.4837
-22.7476
-25.5174
-28.4445
-30.364
-34.2831
-34.1929
-29.9828
-27.8558
-24.5379
-21.6507
-14.4607
-22.1498
-25.3633
-29.5689
-29.6676
-25.7854
-22.6653
-14.9075
-22.4794
-25.5662
-29.1571
-31.4553
-35.9579
-35.9099
-31.161
-27.3853
-18.0177
-27.3454
-31.1953
-35.7556
-38.6736
-44.3745
-44.3833
-38.6092
-33.9494
-22.2884
-33.988
-38.7966
-44.4618
-48.0325
-54.9559
-54.8384
-47.4292
-41.4898
-26.8349
-40.7534
-45.9646
-51.2387
-50.7374
-42.9159
)
;
    }
    interface_bottom
    {
        type            calculated;
        value           nonuniform List<scalar> 
90
(
-38.1878
-43.065
-40.4854
-26.2326
-39.9935
-45.2086
-50.4759
-53.6773
-59.8278
-59.1934
-50.9013
-46.7176
-40.3088
-35.1118
-22.8411
-34.5414
-39.1364
-44.7094
-44.5568
-38.5852
-35.5186
-30.7393
-26.8117
-17.491
-26.2736
-29.6439
-33.5731
-33.176
-27.9488
-24.1372
-15.4128
-22.59
-25.2406
-27.8807
-29.4738
-32.5711
-31.992
-26.9049
-23.2629
-14.9735
-22.1439
-24.9382
-28.0136
-29.9779
-33.8924
-33.8301
-29.7037
-27.665
-24.5613
-21.7611
-14.6413
-22.6382
-25.9904
-30.3721
-30.5023
-26.5431
-23.3512
-15.3894
-23.3628
-26.6067
-30.3736
-32.6915
-37.1019
-36.9144
-31.7812
-27.8147
-18.1808
-27.5384
-31.3049
-35.6065
-38.2397
-43.2383
-42.9393
-36.8265
-32.1549
-20.911
-31.5915
-35.8439
-40.6185
-43.5406
-49.1077
-48.7051
-41.6802
-36.3207
-23.4995
-35.4821
-40.009
-44.6987
-44.4204
-38.0617
)
;
    }
    defaultFaces
    {
        type            empty;
    }
}


// ************************************************************************* //
