/*--------------------------------*- C++ -*----------------------------------*\
| =========                 |                                                 |
| \\      /  F ield         | OpenFOAM: The Open Source CFD Toolbox           |
|  \\    /   O peration     | Version:  5.x                                   |
|   \\  /    A nd           | Web:      www.OpenFOAM.org                      |
|    \\/     M anipulation  |                                                 |
\*---------------------------------------------------------------------------*/
FoamFile
{
    version     2.0;
    format      ascii;
    class       volScalarField;
    location    "2.4";
    object      T;
}
// * * * * * * * * * * * * * * * * * * * * * * * * * * * * * * * * * * * * * //

dimensions      [0 0 0 1 0 0 0];

internalField   nonuniform List<scalar> 
6300
(
322.756
322.269
321.782
321.295
320.81
320.326
319.844
319.364
318.886
318.411
317.938
317.469
317.003
316.541
316.083
322.756
322.268
321.781
321.294
320.809
320.325
319.842
319.362
318.883
318.408
317.935
317.466
317
316.537
316.079
322.756
322.267
321.779
321.292
320.806
320.321
319.838
319.357
318.878
318.402
317.929
317.459
316.992
316.529
316.071
322.755
322.266
321.777
321.289
320.802
320.316
319.832
319.35
318.871
318.393
317.919
317.448
316.981
316.518
316.058
322.755
322.264
321.774
321.285
320.797
320.31
319.824
319.341
318.86
318.382
317.907
317.435
316.966
316.502
316.042
322.754
322.262
321.771
321.28
320.79
320.301
319.815
319.33
318.847
318.367
317.89
317.417
316.948
316.482
316.021
322.753
322.259
321.766
321.274
320.782
320.292
319.803
319.316
318.831
318.35
317.871
317.396
316.925
316.458
315.996
322.752
322.256
321.761
321.267
320.773
320.28
319.789
319.3
318.813
318.329
317.848
317.371
316.898
316.429
315.966
322.751
322.253
321.756
321.259
320.762
320.267
319.774
319.282
318.792
318.305
317.821
317.341
316.866
316.396
315.931
322.75
322.249
321.749
321.25
320.751
320.253
319.756
319.261
318.768
318.278
317.79
317.307
316.829
316.356
315.89
322.748
322.245
321.743
321.24
320.738
320.237
319.737
319.239
318.742
318.247
317.756
317.268
316.786
316.31
315.843
322.747
322.241
321.735
321.23
320.725
320.221
319.717
319.215
318.713
318.214
317.717
317.224
316.736
316.256
315.786
322.746
322.237
321.728
321.22
320.711
320.203
319.696
319.189
318.683
318.178
317.675
317.174
316.679
316.191
315.717
322.744
322.232
321.72
321.209
320.697
320.186
319.674
319.163
318.652
318.141
317.63
317.12
316.613
316.112
315.627
322.743
322.228
321.713
321.198
320.683
320.168
319.652
319.136
318.62
318.103
317.584
317.064
316.542
316.017
315.501
315.667
315.291
314.919
314.55
314.184
313.821
313.462
313.107
312.755
312.408
312.064
311.725
311.39
311.06
310.734
310.413
310.097
309.785
309.478
309.176
308.878
308.585
308.297
308.012
307.732
307.456
307.184
306.915
306.65
306.387
306.128
305.872
305.618
305.366
305.117
304.869
304.623
304.379
304.135
303.893
303.652
303.412
303.173
302.933
302.695
302.456
302.218
301.979
301.74
301.501
301.261
301.02
300.779
300.536
300.292
300.047
299.799
299.55
299.299
299.046
298.79
298.532
298.271
298.008
297.741
297.472
297.199
296.923
296.644
296.362
296.076
295.787
295.494
295.198
294.898
294.595
294.288
293.977
293.663
293.345
293.023
292.698
292.369
292.037
291.701
291.361
291.018
290.671
290.321
289.967
315.662
315.287
314.914
314.545
314.179
313.816
313.457
313.101
312.75
312.402
312.058
311.719
311.384
311.054
310.728
310.407
310.09
309.778
309.472
309.169
308.872
308.579
308.291
308.006
307.727
307.451
307.179
306.91
306.645
306.383
306.124
305.868
305.615
305.363
305.114
304.867
304.621
304.377
304.134
303.892
303.651
303.411
303.172
302.933
302.694
302.456
302.218
301.979
301.741
301.502
301.262
301.022
300.78
300.538
300.294
300.049
299.802
299.553
299.302
299.049
298.794
298.536
298.275
298.012
297.745
297.476
297.204
296.928
296.649
296.367
296.081
295.792
295.499
295.203
294.903
294.6
294.293
293.982
293.668
293.35
293.028
292.703
292.374
292.042
291.706
291.366
291.023
290.676
290.326
289.972
315.654
315.278
314.905
314.535
314.169
313.806
313.446
313.09
312.738
312.39
312.046
311.706
311.371
311.04
310.714
310.393
310.077
309.765
309.458
309.156
308.859
308.566
308.278
307.994
307.715
307.44
307.168
306.9
306.636
306.375
306.116
305.861
305.608
305.357
305.108
304.862
304.617
304.373
304.13
303.889
303.649
303.409
303.17
302.932
302.694
302.456
302.218
301.98
301.742
301.503
301.264
301.024
300.783
300.541
300.298
300.053
299.807
299.559
299.308
299.056
298.801
298.543
298.283
298.02
297.754
297.485
297.213
296.937
296.658
296.376
296.091
295.802
295.509
295.213
294.913
294.61
294.303
293.992
293.678
293.36
293.039
292.713
292.385
292.052
291.716
291.376
291.033
290.686
290.335
289.981
315.641
315.265
314.891
314.521
314.154
313.791
313.431
313.074
312.721
312.372
312.028
311.687
311.352
311.02
310.694
310.373
310.056
309.744
309.438
309.136
308.839
308.547
308.259
307.976
307.698
307.423
307.152
306.886
306.622
306.362
306.105
305.85
305.598
305.348
305.1
304.854
304.61
304.367
304.125
303.885
303.645
303.406
303.168
302.93
302.693
302.455
302.218
301.981
301.743
301.505
301.267
301.028
300.788
300.547
300.304
300.06
299.815
299.567
299.318
299.066
298.811
298.554
298.295
298.032
297.767
297.498
297.226
296.951
296.672
296.391
296.105
295.816
295.524
295.228
294.928
294.625
294.318
294.008
293.693
293.376
293.054
292.729
292.4
292.067
291.731
291.391
291.048
290.701
290.35
289.996
315.624
315.247
314.873
314.503
314.135
313.771
313.41
313.052
312.699
312.349
312.003
311.662
311.325
310.994
310.667
310.345
310.028
309.717
309.41
309.109
308.812
308.521
308.234
307.952
307.674
307.401
307.131
306.866
306.604
306.345
306.089
305.835
305.585
305.336
305.089
304.845
304.601
304.36
304.119
303.879
303.641
303.402
303.165
302.928
302.691
302.455
302.218
301.982
301.745
301.508
301.271
301.033
300.794
300.554
300.313
300.07
299.825
299.579
299.33
299.079
298.826
298.569
298.31
298.049
297.784
297.515
297.244
296.969
296.691
296.41
296.125
295.836
295.544
295.248
294.949
294.645
294.339
294.028
293.714
293.396
293.075
292.749
292.42
292.088
291.751
291.411
291.068
290.72
290.369
290.015
315.602
315.225
314.851
314.479
314.111
313.746
313.384
313.025
312.67
312.319
311.972
311.63
311.292
310.96
310.632
310.31
309.993
309.682
309.375
309.074
308.779
308.488
308.202
307.921
307.645
307.373
307.105
306.841
306.581
306.323
306.069
305.817
305.568
305.321
305.076
304.833
304.591
304.35
304.111
303.872
303.635
303.398
303.161
302.925
302.689
302.454
302.218
301.983
301.747
301.511
301.275
301.039
300.801
300.563
300.323
300.081
299.838
299.593
299.346
299.096
298.844
298.588
298.33
298.069
297.805
297.537
297.267
296.993
296.715
296.434
296.149
295.861
295.569
295.273
294.974
294.671
294.364
294.054
293.74
293.422
293.1
292.775
292.446
292.113
291.777
291.437
291.093
290.745
290.394
290.039
315.577
315.199
314.824
314.452
314.083
313.717
313.353
312.993
312.636
312.284
311.935
311.591
311.252
310.919
310.591
310.268
309.951
309.639
309.333
309.033
308.737
308.448
308.163
307.884
307.609
307.339
307.073
306.811
306.553
306.298
306.045
305.796
305.549
305.303
305.06
304.818
304.578
304.339
304.101
303.864
303.628
303.392
303.157
302.922
302.687
302.453
302.218
301.984
301.75
301.515
301.281
301.046
300.81
300.573
300.335
300.096
299.854
299.611
299.365
299.117
298.865
298.611
298.354
298.094
297.831
297.564
297.294
297.021
296.744
296.463
296.179
295.891
295.599
295.303
295.004
294.702
294.395
294.085
293.771
293.453
293.131
292.806
292.477
292.144
291.808
291.468
291.124
290.776
290.424
290.068
315.546
315.168
314.793
314.42
314.051
313.683
313.318
312.956
312.597
312.242
311.891
311.545
311.204
310.87
310.541
310.218
309.9
309.589
309.283
308.983
308.689
308.4
308.117
307.84
307.567
307.299
307.036
306.776
306.52
306.268
306.018
305.771
305.526
305.283
305.042
304.802
304.564
304.326
304.09
303.855
303.62
303.386
303.152
302.918
302.685
302.451
302.218
301.985
301.752
301.519
301.287
301.054
300.82
300.586
300.35
300.112
299.873
299.631
299.388
299.141
298.891
298.639
298.383
298.123
297.861
297.595
297.326
297.054
296.777
296.497
296.213
295.925
295.634
295.339
295.04
294.738
294.431
294.121
293.807
293.489
293.167
292.842
292.512
292.18
291.844
291.504
291.16
290.812
290.46
290.103
315.511
315.132
314.757
314.385
314.015
313.646
313.28
312.915
312.552
312.194
311.839
311.491
311.148
310.812
310.483
310.159
309.842
309.53
309.224
308.925
308.631
308.344
308.063
307.788
307.518
307.253
306.993
306.736
306.483
306.233
305.987
305.743
305.501
305.26
305.021
304.784
304.547
304.312
304.078
303.845
303.612
303.38
303.147
302.915
302.682
302.449
302.217
301.985
301.754
301.524
301.293
301.063
300.832
300.6
300.366
300.131
299.894
299.656
299.414
299.17
298.922
298.67
298.415
298.157
297.896
297.631
297.364
297.092
296.817
296.537
296.253
295.966
295.674
295.379
295.081
294.779
294.473
294.163
293.849
293.531
293.209
292.883
292.553
292.221
291.885
291.546
291.202
290.854
290.502
290.144
315.47
315.092
314.718
314.347
313.977
313.607
313.238
312.87
312.503
312.139
311.78
311.428
311.083
310.745
310.416
310.092
309.775
309.463
309.157
308.858
308.565
308.28
308.001
307.729
307.463
307.201
306.944
306.69
306.441
306.195
305.952
305.712
305.473
305.236
304.999
304.763
304.529
304.296
304.064
303.834
303.604
303.374
303.143
302.911
302.679
302.447
302.215
301.984
301.755
301.527
301.3
301.073
300.845
300.615
300.385
300.153
299.919
299.683
299.445
299.203
298.957
298.707
298.453
298.196
297.935
297.672
297.406
297.136
296.862
296.583
296.299
296.011
295.719
295.424
295.126
294.825
294.521
294.211
293.897
293.578
293.255
292.928
292.598
292.266
291.931
291.593
291.251
290.903
290.551
290.192
315.423
315.047
314.675
314.306
313.938
313.568
313.196
312.822
312.448
312.077
311.712
311.354
311.006
310.668
310.339
310.017
309.7
309.388
309.081
308.781
308.488
308.205
307.93
307.662
307.4
307.143
306.889
306.639
306.393
306.151
305.914
305.678
305.444
305.21
304.976
304.742
304.509
304.278
304.049
303.822
303.596
303.368
303.139
302.908
302.676
302.443
302.211
301.982
301.755
301.53
301.307
301.083
300.859
300.633
300.405
300.176
299.947
299.715
299.481
299.242
298.998
298.749
298.495
298.238
297.978
297.717
297.453
297.186
296.914
296.635
296.351
296.062
295.769
295.473
295.176
294.877
294.574
294.266
293.952
293.632
293.307
292.978
292.647
292.315
291.982
291.647
291.306
290.96
290.607
290.248
315.367
314.995
314.628
314.265
313.901
313.532
313.156
312.775
312.39
312.007
311.631
311.267
310.916
310.578
310.252
309.934
309.618
309.304
308.994
308.692
308.399
308.118
307.848
307.587
307.332
307.079
306.829
306.581
306.339
306.102
305.872
305.643
305.414
305.184
304.951
304.718
304.485
304.256
304.031
303.809
303.588
303.365
303.138
302.907
302.673
302.438
302.205
301.975
301.751
301.53
301.313
301.096
300.876
300.653
300.427
300.202
299.976
299.751
299.523
299.288
299.047
298.797
298.543
298.284
298.024
297.765
297.506
297.243
296.974
296.696
296.41
296.118
295.822
295.525
295.229
294.934
294.635
294.33
294.016
293.693
293.363
293.03
292.697
292.366
292.037
291.707
291.37
291.025
290.673
290.314
315.3
314.935
314.574
314.224
313.872
313.505
313.126
312.731
312.331
311.926
311.536
311.159
310.806
310.471
310.156
309.847
309.532
309.216
308.897
308.59
308.294
308.016
307.752
307.503
307.26
307.013
306.765
306.516
306.277
306.046
305.826
305.609
305.387
305.161
304.928
304.694
304.457
304.229
304.007
303.795
303.585
303.367
303.144
302.91
302.673
302.43
302.193
301.962
301.74
301.526
301.319
301.112
300.897
300.676
300.45
300.226
300.006
299.791
299.573
299.344
299.106
298.854
298.596
298.33
298.069
297.812
297.562
297.31
297.045
296.769
296.479
296.181
295.875
295.575
295.28
294.995
294.707
294.405
294.092
293.763
293.426
293.081
292.744
292.413
292.095
291.776
291.444
291.103
290.748
290.391
315.215
314.869
314.505
314.187
313.866
313.493
313.118
312.694
312.279
311.824
311.42
311.018
310.672
310.335
310.05
309.769
309.449
309.132
308.783
308.472
308.163
307.894
307.633
307.411
307.193
306.947
306.703
306.438
306.203
305.972
305.775
305.583
305.366
305.149
304.908
304.673
304.417
304.191
303.97
303.78
303.592
303.378
303.163
302.919
302.679
302.414
302.174
301.933
301.72
301.51
301.326
301.14
300.926
300.709
300.467
300.247
300.027
299.834
299.64
299.414
299.184
298.921
298.659
298.369
298.109
297.849
297.623
297.396
297.132
296.864
296.558
296.254
295.918
295.618
295.318
295.059
294.799
294.498
294.192
293.844
293.5
293.12
292.781
292.443
292.153
291.864
291.531
291.198
290.828
290.483
315.09
314.827
314.372
314.153
313.935
313.486
313.181
312.645
312.286
311.648
311.3
310.799
310.521
310.127
309.936
309.747
309.36
309.095
308.615
308.352
307.972
307.76
307.46
307.313
307.168
306.875
306.674
306.316
306.121
305.85
305.719
305.593
305.343
305.172
304.878
304.681
304.335
304.148
303.887
303.76
303.637
303.391
303.221
302.924
302.722
302.359
302.158
301.864
301.697
301.455
301.334
301.211
300.957
300.778
300.451
300.269
300.008
299.88
299.752
299.491
299.308
298.985
298.763
298.366
298.148
297.836
297.685
297.533
297.226
297.012
296.632
296.374
295.912
295.659
295.298
295.123
294.949
294.596
294.352
293.919
293.626
293.101
292.814
292.406
292.209
292.015
291.618
291.348
290.873
290.607
289.575
289.142
288.705
288.264
287.819
287.37
286.919
286.464
286.007
285.548
285.087
284.625
284.161
283.697
283.232
289.579
289.146
288.709
288.268
287.822
287.373
286.921
286.467
286.009
285.55
285.089
284.626
284.162
283.698
283.233
289.588
289.155
288.717
288.275
287.829
287.38
286.927
286.471
286.014
285.553
285.092
284.628
284.164
283.699
283.233
289.602
289.168
288.729
288.286
287.839
287.389
286.935
286.479
286.02
285.559
285.096
284.632
284.166
283.7
283.233
289.62
289.185
288.746
288.301
287.853
287.401
286.946
286.488
286.028
285.566
285.101
284.636
284.169
283.702
283.234
289.644
289.207
288.766
288.321
287.871
287.417
286.96
286.501
286.038
285.574
285.108
284.641
284.173
283.704
283.235
289.672
289.234
288.792
288.344
287.892
287.436
286.977
286.515
286.051
285.585
285.117
284.648
284.178
283.707
283.236
289.706
289.266
288.821
288.371
287.917
287.458
286.996
286.532
286.065
285.597
285.126
284.655
284.183
283.71
283.237
289.746
289.304
288.856
288.403
287.945
287.484
287.019
286.551
286.081
285.61
285.137
284.663
284.189
283.713
283.238
289.792
289.348
288.897
288.44
287.978
287.512
287.043
286.572
286.099
285.625
285.149
284.672
284.195
283.717
283.239
289.847
289.399
288.943
288.481
288.014
287.543
287.07
286.595
286.118
285.64
285.162
284.682
284.202
283.721
283.24
289.91
289.458
288.996
288.527
288.054
287.577
287.099
286.62
286.139
285.657
285.175
284.692
284.209
283.725
283.242
289.985
289.526
289.055
288.577
288.096
287.614
287.13
286.645
286.16
285.675
285.189
284.703
284.216
283.73
283.243
290.078
289.605
289.12
288.631
288.141
287.651
287.161
286.671
286.182
285.692
285.203
284.713
284.224
283.734
283.245
290.202
289.698
289.189
288.685
288.185
287.687
287.191
286.697
286.203
285.71
285.217
284.724
284.231
283.739
283.246
322.741
322.224
321.706
321.188
320.67
320.152
319.633
319.113
318.592
318.069
317.544
317.015
316.477
315.923
315.325
322.74
322.22
321.7
321.179
320.659
320.137
319.615
319.092
318.567
318.041
317.51
316.975
316.43
315.869
315.275
322.739
322.216
321.694
321.171
320.647
320.123
319.599
319.072
318.545
318.014
317.481
316.942
316.395
315.838
315.269
322.738
322.213
321.688
321.163
320.637
320.11
319.583
319.054
318.523
317.99
317.454
316.914
316.368
315.815
315.259
322.737
322.21
321.682
321.155
320.627
320.098
319.568
319.037
318.504
317.969
317.431
316.89
316.345
315.795
315.242
322.735
322.206
321.677
321.147
320.617
320.086
319.554
319.021
318.486
317.949
317.41
316.868
316.324
315.778
315.233
322.734
322.203
321.672
321.14
320.608
320.075
319.541
319.006
318.469
317.931
317.391
316.849
316.305
315.761
315.221
322.734
322.201
321.667
321.134
320.6
320.065
319.529
318.992
318.454
317.914
317.373
316.83
316.286
315.742
315.197
322.733
322.198
321.663
321.128
320.592
320.055
319.518
318.979
318.439
317.898
317.356
316.812
316.268
315.723
315.181
322.732
322.195
321.659
321.122
320.584
320.046
319.507
318.967
318.426
317.884
317.34
316.795
316.249
315.701
315.15
322.731
322.193
321.655
321.116
320.577
320.037
319.497
318.956
318.413
317.87
317.325
316.779
316.232
315.683
315.133
322.73
322.191
321.651
321.111
320.571
320.03
319.488
318.945
318.402
317.857
317.311
316.764
316.215
315.665
315.11
322.73
322.189
321.648
321.106
320.564
320.022
319.479
318.935
318.391
317.845
317.298
316.75
316.201
315.649
315.097
322.729
322.187
321.644
321.102
320.559
320.015
319.471
318.926
318.38
317.834
317.286
316.737
316.187
315.635
315.079
322.728
322.185
321.641
321.097
320.553
320.009
319.463
318.917
318.371
317.823
317.275
316.725
316.175
315.623
315.071
322.728
322.183
321.638
321.094
320.548
320.002
319.456
318.909
318.362
317.813
317.264
316.714
316.164
315.613
315.063
322.727
322.182
321.636
321.09
320.544
319.997
319.45
318.902
318.353
317.804
317.254
316.704
316.152
315.6
315.048
322.727
322.18
321.633
321.086
320.539
319.991
319.443
318.895
318.345
317.795
317.245
316.693
316.141
315.589
315.038
322.726
322.179
321.631
321.083
320.535
319.986
319.437
318.888
318.338
317.787
317.236
316.684
316.131
315.577
315.02
322.726
322.177
321.629
321.08
320.531
319.982
319.432
318.882
318.331
317.78
317.228
316.675
316.121
315.566
315.011
322.725
322.176
321.627
321.077
320.527
319.977
319.427
318.876
318.325
317.773
317.22
316.666
316.112
315.557
314.999
322.725
322.175
321.625
321.075
320.524
319.973
319.422
318.871
318.318
317.766
317.213
316.659
316.104
315.549
314.993
322.725
322.174
321.623
321.072
320.521
319.97
319.418
318.865
318.313
317.76
317.206
316.652
316.097
315.542
314.988
322.724
322.173
321.622
321.07
320.518
319.966
319.414
318.861
318.307
317.754
317.2
316.645
316.09
315.534
314.978
322.724
322.172
321.62
321.068
320.515
319.963
319.41
318.856
318.303
317.748
317.194
316.638
316.083
315.527
314.972
322.724
322.171
321.619
321.066
320.513
319.96
319.406
318.852
318.298
317.743
317.188
316.632
316.076
315.519
314.962
322.723
322.17
321.617
321.064
320.511
319.957
319.403
318.848
318.294
317.738
317.183
316.626
316.07
315.512
314.956
322.723
322.17
321.616
321.062
320.508
319.954
319.4
318.845
318.29
317.734
317.178
316.621
316.064
315.505
314.945
322.723
322.169
321.615
321.061
320.507
319.952
319.397
318.842
318.286
317.73
317.173
316.616
316.058
315.499
314.94
322.723
322.169
321.614
321.06
320.505
319.95
319.395
318.839
318.283
317.727
317.17
316.612
316.054
315.494
314.933
322.723
322.168
321.613
321.058
320.503
319.948
319.392
318.837
318.28
317.723
317.166
316.608
316.05
315.49
314.93
322.723
322.168
321.613
321.057
320.502
319.946
319.391
318.834
318.278
317.721
317.163
316.605
316.046
315.487
314.928
322.722
322.167
321.612
321.056
320.501
319.945
319.389
318.832
318.276
317.718
317.16
316.602
316.043
315.484
314.924
322.722
322.167
321.611
321.056
320.5
319.944
319.388
318.831
318.274
317.716
317.158
316.6
316.041
315.481
314.921
322.722
322.167
321.611
321.055
320.499
319.943
319.386
318.83
318.272
317.715
317.156
316.598
316.038
315.478
314.918
322.722
322.166
321.611
321.055
320.499
319.942
319.386
318.829
318.271
317.713
317.155
316.596
316.036
315.476
314.916
322.722
322.166
321.61
321.054
320.498
319.942
319.385
318.828
318.27
317.712
317.154
316.595
316.035
315.475
314.913
322.722
322.166
321.61
321.054
320.498
319.942
319.385
318.828
318.27
317.712
317.153
316.594
316.034
315.474
314.913
322.722
322.166
321.61
321.054
320.498
319.942
319.385
318.828
318.27
317.712
317.153
316.594
316.034
315.474
314.912
322.722
322.166
321.611
321.055
320.498
319.942
319.385
318.828
318.27
317.712
317.154
316.594
316.035
315.474
314.912
322.722
322.167
321.611
321.055
320.499
319.942
319.386
318.829
318.271
317.713
317.155
316.595
316.035
315.475
314.913
322.722
322.167
321.611
321.055
320.499
319.943
319.387
318.83
318.272
317.715
317.156
316.597
316.037
315.476
314.915
322.722
322.167
321.612
321.056
320.5
319.944
319.388
318.831
318.274
317.716
317.158
316.599
316.039
315.478
314.917
322.722
322.167
321.612
321.057
320.501
319.946
319.39
318.833
318.276
317.718
317.16
316.601
316.042
315.482
314.921
322.723
322.168
321.613
321.058
320.503
319.947
319.391
318.835
318.278
317.721
317.163
316.605
316.045
315.485
314.924
322.723
322.168
321.614
321.059
320.504
319.949
319.394
318.838
318.281
317.724
317.167
316.608
316.05
315.49
314.931
322.723
322.169
321.615
321.061
320.506
319.951
319.396
318.84
318.284
317.728
317.17
316.613
316.054
315.495
314.935
322.723
322.17
321.616
321.062
320.508
319.954
319.399
318.844
318.288
317.732
317.175
316.617
316.059
315.5
314.942
322.723
322.17
321.617
321.064
320.51
319.956
319.402
318.847
318.292
317.736
317.18
316.622
316.064
315.506
314.946
322.724
322.171
321.619
321.066
320.513
319.959
319.406
318.851
318.297
317.741
317.185
316.628
316.07
315.511
314.95
322.724
322.172
321.62
321.068
320.515
319.963
319.41
318.856
318.302
317.747
317.191
316.635
316.077
315.519
314.959
322.724
322.173
321.622
321.07
320.518
319.966
319.414
318.861
318.307
317.753
317.198
316.642
316.085
315.527
314.966
322.725
322.174
321.624
321.073
320.522
319.97
319.418
318.866
318.313
317.76
317.205
316.65
316.094
315.537
314.979
322.725
322.175
321.625
321.075
320.525
319.974
319.423
318.872
318.32
317.767
317.214
316.659
316.104
315.548
314.989
322.726
322.177
321.628
321.078
320.529
319.979
319.429
318.878
318.327
317.775
317.222
316.669
316.115
315.561
315.008
322.726
322.178
321.63
321.081
320.533
319.984
319.434
318.885
318.334
317.783
317.231
316.679
316.126
315.572
315.018
322.726
322.179
321.632
321.085
320.537
319.989
319.441
318.892
318.342
317.792
317.241
316.689
316.137
315.585
315.034
322.727
322.181
321.635
321.088
320.541
319.994
319.447
318.899
318.351
317.801
317.251
316.701
316.149
315.596
315.042
322.727
322.182
321.637
321.092
320.546
320
319.454
318.907
318.36
317.811
317.262
316.712
316.161
315.608
315.051
322.728
322.184
321.64
321.096
320.551
320.006
319.461
318.915
318.369
317.822
317.274
316.725
316.175
315.623
315.069
322.729
322.186
321.643
321.1
320.557
320.013
319.469
318.924
318.379
317.833
317.286
316.739
316.19
315.638
315.083
322.729
322.188
321.646
321.104
320.562
320.02
319.477
318.934
318.39
317.845
317.3
316.753
316.206
315.657
315.108
322.73
322.19
321.649
321.109
320.568
320.027
319.485
318.943
318.401
317.858
317.314
316.769
316.223
315.676
315.125
322.731
322.192
321.653
321.113
320.574
320.034
319.494
318.954
318.412
317.871
317.328
316.785
316.242
315.698
315.158
322.731
322.194
321.656
321.118
320.58
320.042
319.503
318.964
318.424
317.884
317.343
316.802
316.26
315.718
315.176
322.732
322.196
321.66
321.123
320.587
320.05
319.513
318.975
318.437
317.898
317.359
316.819
316.279
315.739
315.203
322.733
322.198
321.663
321.129
320.594
320.058
319.523
318.987
318.45
317.913
317.375
316.836
316.297
315.757
315.216
322.734
322.2
321.667
321.134
320.601
320.067
319.533
318.998
318.463
317.928
317.391
316.854
316.316
315.775
315.229
322.734
322.203
321.671
321.14
320.608
320.076
319.543
319.011
318.477
317.943
317.409
316.873
316.336
315.798
315.258
322.735
322.205
321.675
321.146
320.615
320.085
319.554
319.023
318.492
317.959
317.427
316.893
316.358
315.821
315.278
322.736
322.208
321.68
321.151
320.623
320.094
319.565
319.036
318.506
317.976
317.445
316.914
316.381
315.848
315.314
322.737
322.21
321.684
321.158
320.631
320.104
319.577
319.049
318.521
317.993
317.465
316.935
316.406
315.875
315.339
322.738
322.213
321.689
321.164
320.639
320.114
319.588
319.063
318.537
318.011
317.484
316.957
316.431
315.905
315.385
322.739
322.216
321.693
321.17
320.647
320.124
319.6
319.076
318.552
318.028
317.504
316.979
316.455
315.932
315.41
322.74
322.219
321.698
321.177
320.655
320.134
319.612
319.09
318.568
318.046
317.524
317.001
316.479
315.959
315.446
322.741
322.221
321.702
321.183
320.664
320.144
319.625
319.105
318.584
318.064
317.543
317.023
316.502
315.982
315.462
322.741
322.224
321.707
321.19
320.672
320.155
319.637
319.119
318.601
318.082
317.563
317.044
316.525
316.004
315.478
322.742
322.227
321.712
321.197
320.681
320.166
319.65
319.134
318.617
318.1
317.584
317.066
316.549
316.03
315.512
322.743
322.23
321.717
321.204
320.69
320.177
319.663
319.148
318.634
318.119
317.604
317.089
316.573
316.056
315.535
322.744
322.233
321.722
321.211
320.699
320.188
319.676
319.163
318.651
318.138
317.625
317.111
316.598
316.085
315.574
322.746
322.237
321.728
321.218
320.709
320.199
319.689
319.179
318.668
318.157
317.645
317.134
316.623
316.112
315.599
322.747
322.24
321.733
321.226
320.718
320.211
319.703
319.194
318.685
318.176
317.666
317.156
316.648
316.141
315.642
322.748
322.243
321.738
321.234
320.728
320.223
319.717
319.21
318.703
318.195
317.687
317.179
316.671
316.166
315.663
322.749
322.247
321.744
321.242
320.739
320.235
319.731
319.227
318.721
318.215
317.708
317.2
316.693
316.188
315.69
322.75
322.25
321.75
321.25
320.749
320.248
319.746
319.244
318.74
318.235
317.729
317.222
316.713
316.206
315.702
322.751
322.254
321.756
321.258
320.76
320.261
319.762
319.261
318.76
318.256
317.751
317.244
316.734
316.222
315.709
322.753
322.257
321.762
321.267
320.771
320.275
319.778
319.28
318.78
318.279
317.775
317.267
316.755
316.238
315.718
322.754
322.261
321.769
321.276
320.783
320.289
319.795
319.3
318.803
318.304
317.801
317.294
316.78
316.256
315.721
322.755
322.265
321.775
321.285
320.795
320.304
319.813
319.32
318.826
318.331
317.831
317.327
316.812
316.28
315.712
322.756
322.269
321.782
321.295
320.807
320.319
319.831
319.342
318.852
318.36
317.865
317.365
316.857
316.33
315.756
290.371
289.786
289.249
288.732
288.223
287.719
287.219
286.72
286.222
285.726
285.23
284.734
284.238
283.743
283.248
290.412
289.832
289.291
288.767
288.254
287.746
287.242
286.74
286.239
285.74
285.241
284.742
284.244
283.747
283.249
290.395
289.852
289.319
288.796
288.281
287.77
287.263
286.759
286.255
285.753
285.252
284.751
284.25
283.75
283.25
290.394
289.866
289.34
288.82
288.304
287.792
287.283
286.776
286.271
285.766
285.262
284.759
284.256
283.754
283.251
290.397
289.878
289.358
288.84
288.325
287.813
287.302
286.793
286.285
285.778
285.272
284.767
284.262
283.757
283.252
290.401
289.889
289.374
288.859
288.344
287.831
287.319
286.809
286.299
285.79
285.282
284.774
284.267
283.76
283.253
290.409
289.903
289.391
288.877
288.363
287.849
287.336
286.824
286.312
285.802
285.291
284.782
284.272
283.763
283.254
290.43
289.921
289.409
288.895
288.38
287.866
287.351
286.838
286.325
285.812
285.3
284.789
284.278
283.766
283.255
290.447
289.941
289.428
288.914
288.398
287.882
287.367
286.852
286.337
285.823
285.309
284.796
284.282
283.769
283.256
290.482
289.965
289.449
288.933
288.416
287.899
287.382
286.865
286.349
285.833
285.318
284.802
284.287
283.772
283.257
290.503
289.988
289.47
288.952
288.433
287.915
287.397
286.879
286.361
285.843
285.326
284.809
284.292
283.775
283.258
290.536
290.012
289.491
288.971
288.451
287.931
287.411
286.892
286.372
285.853
285.334
284.815
284.296
283.778
283.259
290.555
290.034
289.512
288.99
288.469
287.947
287.426
286.904
286.383
285.862
285.342
284.821
284.301
283.78
283.26
290.585
290.057
289.532
289.009
288.486
287.963
287.44
286.917
286.394
285.872
285.349
284.827
284.305
283.783
283.261
290.599
290.076
289.552
289.028
288.503
287.979
287.454
286.93
286.405
285.881
285.357
284.833
284.309
283.786
283.262
290.614
290.096
289.572
289.047
288.521
287.995
287.468
286.942
286.416
285.89
285.365
284.839
284.313
283.788
283.263
290.646
290.12
289.593
289.066
288.538
288.01
287.482
286.955
286.427
285.899
285.372
284.845
284.318
283.791
283.263
290.668
290.144
289.615
289.086
288.556
288.026
287.496
286.967
286.437
285.908
285.379
284.85
284.322
283.793
283.264
290.708
290.171
289.638
289.105
288.573
288.041
287.51
286.979
286.448
285.917
285.386
284.856
284.326
283.795
283.265
290.731
290.195
289.659
289.125
288.59
288.057
287.523
286.991
286.458
285.926
285.393
284.861
284.329
283.798
283.266
290.764
290.22
289.68
289.143
288.607
288.072
287.537
287.002
286.468
285.934
285.4
284.867
284.333
283.8
283.267
290.782
290.241
289.7
289.161
288.623
288.086
287.55
287.013
286.478
285.942
285.407
284.872
284.337
283.802
283.267
290.808
290.261
289.719
289.178
288.639
288.1
287.562
287.024
286.487
285.95
285.413
284.877
284.341
283.804
283.268
290.82
290.278
289.736
289.195
288.654
288.114
287.574
287.035
286.496
285.958
285.42
284.882
284.344
283.806
283.269
290.832
290.294
289.753
289.211
288.669
288.127
287.586
287.046
286.505
285.966
285.426
284.887
284.347
283.808
283.269
290.857
290.313
289.77
289.226
288.683
288.14
287.598
287.056
286.514
285.973
285.432
284.891
284.351
283.81
283.27
290.874
290.332
289.787
289.242
288.697
288.153
287.609
287.065
286.523
285.98
285.438
284.896
284.354
283.812
283.271
290.904
290.352
289.804
289.257
288.71
288.165
287.619
287.075
286.531
285.987
285.443
284.9
284.357
283.814
283.271
290.921
290.37
289.82
289.271
288.723
288.176
287.63
287.084
286.539
285.994
285.449
284.904
284.36
283.816
283.272
290.944
290.388
289.835
289.285
288.736
288.187
287.64
287.093
286.546
286
285.454
284.908
284.363
283.818
283.273
290.956
290.402
289.849
289.298
288.748
288.198
287.649
287.101
286.553
286.006
285.459
284.912
284.366
283.819
283.273
290.974
290.416
289.862
289.31
288.759
288.208
287.658
287.109
286.56
286.012
285.464
284.916
284.368
283.821
283.274
290.982
290.428
289.874
289.321
288.769
288.218
287.667
287.117
286.567
286.017
285.468
284.92
284.371
283.823
283.274
290.99
290.438
289.885
289.332
288.779
288.227
287.675
287.124
286.573
286.023
285.473
284.923
284.373
283.824
283.275
291.006
290.45
289.896
289.342
288.788
288.235
287.683
287.131
286.579
286.028
285.477
284.926
284.376
283.825
283.275
291.016
290.462
289.907
289.352
288.797
288.244
287.69
287.137
286.585
286.033
285.481
284.929
284.378
283.827
283.276
291.034
290.474
289.917
289.361
288.806
288.251
287.697
287.144
286.59
286.037
285.485
284.932
284.38
283.828
283.276
291.043
290.485
289.927
289.37
288.814
288.259
287.704
287.149
286.595
286.042
285.488
284.935
284.382
283.829
283.276
291.056
290.494
289.936
289.378
288.822
288.266
287.71
287.155
286.6
286.046
285.492
284.938
284.384
283.83
283.277
291.061
290.502
289.944
289.386
288.829
288.272
287.716
287.16
286.605
286.05
285.495
284.94
284.386
283.831
283.277
291.066
290.509
289.951
289.393
288.836
288.279
287.722
287.165
286.609
286.054
285.498
284.943
284.388
283.832
283.277
291.077
290.517
289.959
289.4
288.842
288.284
287.727
287.17
286.613
286.057
285.501
284.945
284.389
283.833
283.278
291.083
290.525
289.966
289.407
288.848
288.29
287.732
287.175
286.617
286.06
285.504
284.947
284.391
283.834
283.278
291.094
290.533
289.973
289.414
288.854
288.295
287.737
287.179
286.621
286.063
285.506
284.949
284.392
283.835
283.278
291.1
290.54
289.98
289.42
288.86
288.3
287.741
287.183
286.624
286.066
285.509
284.951
284.393
283.836
283.279
291.112
290.548
289.986
289.425
288.865
288.305
287.746
287.186
286.628
286.069
285.511
284.953
284.395
283.837
283.279
291.117
290.555
289.992
289.431
288.87
288.309
287.749
287.19
286.631
286.072
285.513
284.954
284.396
283.837
283.279
291.125
290.561
289.998
289.436
288.874
288.313
287.753
287.193
286.633
286.074
285.515
284.956
284.397
283.838
283.279
291.129
290.565
290.002
289.44
288.878
288.317
287.756
287.196
286.636
286.076
285.517
284.957
284.398
283.839
283.28
291.134
290.57
290.006
289.444
288.882
288.32
287.759
287.199
286.638
286.078
285.518
284.958
284.399
283.839
283.28
291.137
290.573
290.01
289.447
288.885
288.323
287.762
287.201
286.64
286.08
285.52
284.96
284.4
283.84
283.28
291.139
290.576
290.013
289.45
288.888
288.326
287.764
287.203
286.642
286.081
285.521
284.961
284.4
283.84
283.28
291.143
290.579
290.016
289.453
288.891
288.328
287.767
287.205
286.644
286.083
285.522
284.962
284.401
283.841
283.28
291.145
290.582
290.018
289.455
288.893
288.33
287.769
287.207
286.645
286.084
285.523
284.962
284.402
283.841
283.28
291.149
290.584
290.021
289.458
288.895
288.332
287.77
287.208
286.647
286.085
285.524
284.963
284.402
283.841
283.28
291.15
290.586
290.023
289.459
288.896
288.334
287.772
287.21
286.648
286.086
285.525
284.964
284.403
283.842
283.28
291.152
290.588
290.024
289.461
288.898
288.335
287.773
287.211
286.649
286.087
285.526
284.964
284.403
283.842
283.281
291.153
290.589
290.026
289.462
288.899
288.336
287.774
287.212
286.65
286.088
285.526
284.965
284.403
283.842
283.281
291.154
290.59
290.026
289.463
288.9
288.337
287.775
287.212
286.65
286.088
285.527
284.965
284.404
283.842
283.281
291.155
290.591
290.027
289.464
288.901
288.338
287.775
287.213
286.651
286.089
285.527
284.965
284.404
283.842
283.281
291.155
290.591
290.027
289.464
288.901
288.338
287.776
287.213
286.651
286.089
285.527
284.965
284.404
283.842
283.281
291.155
290.591
290.028
289.464
288.901
288.338
287.776
287.213
286.651
286.089
285.527
284.966
284.404
283.842
283.281
291.155
290.591
290.027
289.464
288.901
288.338
287.776
287.213
286.651
286.089
285.527
284.966
284.404
283.842
283.281
291.154
290.591
290.027
289.464
288.901
288.338
287.776
287.213
286.651
286.089
285.527
284.966
284.404
283.842
283.281
291.154
290.59
290.027
289.464
288.901
288.338
287.775
287.213
286.651
286.089
285.527
284.965
284.404
283.842
283.281
291.152
290.589
290.026
289.463
288.9
288.337
287.775
287.213
286.651
286.089
285.527
284.965
284.404
283.842
283.281
291.152
290.588
290.025
289.462
288.899
288.337
287.774
287.212
286.65
286.088
285.526
284.965
284.403
283.842
283.281
291.151
290.587
290.024
289.461
288.898
288.336
287.773
287.211
286.649
286.088
285.526
284.964
284.403
283.842
283.281
291.149
290.586
290.023
289.46
288.897
288.335
287.772
287.21
286.648
286.087
285.525
284.964
284.403
283.842
283.281
291.148
290.584
290.021
289.458
288.896
288.333
287.771
287.209
286.648
286.086
285.525
284.963
284.402
283.841
283.28
291.146
290.583
290.02
289.457
288.894
288.332
287.77
287.208
286.646
286.085
285.524
284.963
284.402
283.841
283.28
291.144
290.58
290.018
289.455
288.892
288.33
287.768
287.207
286.645
286.084
285.523
284.962
284.401
283.841
283.28
291.14
290.578
290.015
289.453
288.891
288.328
287.766
287.205
286.644
286.082
285.522
284.961
284.401
283.84
283.28
291.138
290.576
290.013
289.451
288.888
288.326
287.764
287.203
286.642
286.081
285.52
284.96
284.4
283.84
283.28
291.136
290.574
290.011
289.448
288.886
288.324
287.762
287.201
286.64
286.079
285.519
284.959
284.399
283.839
283.28
291.134
290.571
290.009
289.446
288.884
288.321
287.76
287.198
286.638
286.077
285.517
284.957
284.398
283.839
283.28
291.133
290.569
290.006
289.443
288.881
288.319
287.757
287.196
286.635
286.075
285.515
284.956
284.397
283.838
283.279
291.13
290.567
290.004
289.441
288.878
288.315
287.754
287.193
286.632
286.072
285.513
284.954
284.395
283.837
283.279
291.129
290.565
290.001
289.437
288.874
288.312
287.75
287.189
286.629
286.069
285.51
284.952
284.394
283.836
283.279
291.126
290.562
289.998
289.434
288.87
288.308
287.746
287.185
286.625
286.066
285.507
284.949
284.392
283.835
283.278
291.124
290.56
289.995
289.43
288.866
288.303
287.741
287.18
286.62
286.062
285.504
284.947
284.39
283.834
283.278
291.123
290.557
289.991
289.426
288.861
288.297
287.735
287.175
286.615
286.057
285.5
284.944
284.388
283.833
283.277
291.122
290.555
289.988
289.421
288.855
288.291
287.729
287.168
286.609
286.052
285.495
284.94
284.385
283.831
283.277
291.124
290.554
289.983
289.414
288.848
288.283
287.721
287.161
286.602
286.046
285.49
284.936
284.382
283.829
283.276
291.125
290.552
289.978
289.407
288.839
288.273
287.711
287.152
286.594
286.039
285.484
284.931
284.379
283.827
283.276
291.128
290.55
289.972
289.397
288.827
288.262
287.7
287.141
286.585
286.031
285.478
284.926
284.375
283.825
283.275
291.141
290.549
289.963
289.384
288.813
288.248
287.687
287.129
286.574
286.022
285.47
284.92
284.371
283.822
283.274
291.151
290.543
289.948
289.366
288.795
288.23
287.671
287.115
286.562
286.011
285.462
284.914
284.367
283.82
283.273
291.181
290.53
289.924
289.341
288.771
288.209
287.652
287.099
286.549
286
285.453
284.907
284.362
283.817
283.272
291.14
290.483
289.884
289.307
288.742
288.185
287.632
287.082
286.534
285.988
285.443
284.9
284.356
283.814
283.271
322.758
322.274
321.789
321.305
320.821
320.337
319.852
319.367
318.881
318.394
317.906
317.415
316.92
316.422
315.927
322.76
322.279
321.798
321.317
320.836
320.356
319.875
319.395
318.914
318.434
317.953
317.472
316.993
316.517
316.055
322.761
322.283
321.806
321.328
320.851
320.375
319.898
319.422
318.947
318.473
318
317.529
317.061
316.601
316.151
322.763
322.288
321.814
321.34
320.866
320.393
319.921
319.45
318.98
318.511
318.045
317.582
317.124
316.672
316.23
322.764
322.293
321.822
321.351
320.881
320.411
319.943
319.476
319.01
318.547
318.087
317.63
317.179
316.734
316.297
322.766
322.297
321.829
321.361
320.894
320.428
319.963
319.5
319.039
318.581
318.125
317.674
317.228
316.788
316.355
322.767
322.301
321.836
321.371
320.907
320.444
319.982
319.523
319.065
318.611
318.16
317.713
317.27
316.834
316.404
322.768
322.305
321.842
321.379
320.918
320.458
319.999
319.543
319.089
318.638
318.19
317.746
317.308
316.874
316.447
322.769
322.308
321.847
321.387
320.928
320.471
320.015
319.561
319.11
318.661
318.216
317.776
317.339
316.908
316.483
322.77
322.311
321.852
321.394
320.937
320.482
320.028
319.576
319.127
318.681
318.239
317.8
317.366
316.937
316.513
322.771
322.313
321.856
321.4
320.945
320.491
320.039
319.589
319.142
318.698
318.257
317.82
317.388
316.96
316.537
322.772
322.315
321.86
321.404
320.951
320.498
320.048
319.599
319.154
318.711
318.272
317.837
317.405
316.979
316.557
322.772
322.317
321.862
321.408
320.955
320.504
320.054
319.607
319.163
318.721
318.283
317.849
317.418
316.992
316.571
322.773
322.318
321.864
321.41
320.958
320.508
320.059
319.612
319.169
318.728
318.29
317.856
317.427
317.002
316.581
322.773
322.318
321.864
321.411
320.96
320.509
320.061
319.615
319.171
318.731
318.294
317.86
317.431
317.006
316.586
315.529
315.269
314.807
314.544
314.16
313.971
313.781
313.388
313.113
312.61
312.33
311.919
311.689
311.357
311.196
311.035
310.705
310.478
310.069
309.847
309.534
309.384
309.24
308.952
308.758
308.422
308.199
307.805
307.594
307.3
307.159
307.026
306.76
306.58
306.271
306.065
305.702
305.506
305.233
305.101
304.975
304.722
304.549
304.248
304.043
303.677
303.473
303.177
303.009
302.768
302.648
302.527
302.279
302.104
301.786
301.61
301.356
301.232
301.108
300.857
300.682
300.371
300.158
299.772
299.559
299.253
299.103
298.952
298.647
298.433
298.051
297.788
297.311
297.048
296.668
296.482
296.296
295.916
295.65
295.175
294.849
294.259
293.935
293.469
293.244
293.021
292.565
292.255
291.711
291.41
315.659
315.322
314.961
314.638
314.315
314.036
313.756
313.431
313.106
312.742
312.414
312.084
311.795
311.513
311.27
311.031
310.757
310.486
310.187
309.922
309.661
309.439
309.222
308.976
308.732
308.46
308.196
307.909
307.657
307.412
307.203
307.001
306.773
306.546
306.294
306.049
305.783
305.548
305.318
305.122
304.929
304.71
304.491
304.244
304.001
303.733
303.491
303.249
303.035
302.825
302.642
302.459
302.248
302.035
301.798
301.584
301.369
301.181
300.991
300.772
300.548
300.292
300.037
299.754
299.498
299.241
299.016
298.788
298.524
298.253
297.942
297.631
297.284
296.97
296.655
296.379
296.101
295.776
295.443
295.061
294.681
294.256
293.876
293.495
293.167
292.839
292.46
292.083
291.663
291.273
315.756
315.407
315.063
314.731
314.41
314.101
313.794
313.477
313.153
312.823
312.502
312.19
311.894
311.61
311.341
311.077
310.806
310.533
310.257
309.99
309.732
309.487
309.246
308.998
308.746
308.487
308.226
307.964
307.712
307.469
307.24
307.014
306.783
306.548
306.307
306.064
305.819
305.583
305.354
305.137
304.921
304.699
304.472
304.235
303.995
303.75
303.512
303.279
303.057
302.842
302.637
302.431
302.219
302.001
301.778
301.559
301.342
301.131
300.918
300.693
300.459
300.213
299.959
299.696
299.438
299.182
298.932
298.678
298.41
298.13
297.832
297.525
297.208
296.895
296.584
296.281
295.973
295.647
295.307
294.946
294.574
294.191
293.816
293.446
293.088
292.73
292.355
291.971
291.572
291.17
315.837
315.487
315.145
314.811
314.484
314.165
313.848
313.53
313.211
312.892
312.578
312.271
311.974
311.686
311.407
311.132
310.857
310.584
310.313
310.046
309.785
309.531
309.279
309.026
308.772
308.515
308.258
308.003
307.753
307.509
307.27
307.035
306.799
306.561
306.321
306.081
305.842
305.606
305.375
305.149
304.924
304.697
304.466
304.232
303.996
303.759
303.524
303.293
303.068
302.847
302.631
302.415
302.196
301.976
301.753
301.53
301.307
301.085
300.86
300.628
300.39
300.143
299.891
299.634
299.375
299.115
298.854
298.588
298.314
298.031
297.737
297.435
297.126
296.815
296.503
296.189
295.869
295.54
295.199
294.846
294.485
294.116
293.747
293.379
293.012
292.642
292.265
291.879
291.485
291.083
315.906
315.557
315.215
314.879
314.55
314.225
313.905
313.586
313.268
312.954
312.643
312.339
312.041
311.75
311.466
311.185
310.908
310.633
310.362
310.094
309.83
309.57
309.313
309.056
308.8
308.544
308.289
308.036
307.786
307.539
307.297
307.056
306.817
306.577
306.337
306.098
305.86
305.624
305.39
305.159
304.929
304.698
304.466
304.233
303.998
303.763
303.53
303.299
303.072
302.847
302.624
302.401
302.178
301.953
301.727
301.5
301.272
301.043
300.81
300.573
300.331
300.083
299.83
299.573
299.313
299.049
298.782
298.511
298.233
297.947
297.654
297.354
297.048
296.737
296.423
296.105
295.781
295.449
295.109
294.76
294.404
294.042
293.677
293.309
292.94
292.566
292.187
291.801
291.408
291.008
315.965
315.617
315.275
314.939
314.607
314.281
313.958
313.639
313.322
313.009
312.701
312.397
312.099
311.806
311.518
311.235
310.955
310.679
310.405
310.136
309.869
309.606
309.345
309.086
308.829
308.572
308.317
308.064
307.813
307.565
307.32
307.077
306.835
306.593
306.353
306.113
305.875
305.638
305.402
305.168
304.935
304.702
304.468
304.234
304
303.766
303.533
303.302
303.072
302.843
302.616
302.389
302.161
301.933
301.703
301.472
301.24
301.005
300.768
300.526
300.281
300.031
299.776
299.517
299.255
298.988
298.718
298.443
298.161
297.874
297.58
297.281
296.975
296.665
296.35
296.029
295.703
295.371
295.031
294.684
294.331
293.973
293.61
293.243
292.873
292.498
292.118
291.733
291.341
290.943
316.017
315.67
315.328
314.991
314.659
314.331
314.007
313.688
313.371
313.059
312.751
312.447
312.148
311.854
311.565
311.279
310.997
310.719
310.444
310.173
309.904
309.639
309.376
309.115
308.855
308.598
308.342
308.089
307.837
307.588
307.341
307.095
306.852
306.609
306.367
306.127
305.887
305.649
305.412
305.176
304.941
304.706
304.471
304.237
304.002
303.768
303.534
303.301
303.069
302.838
302.608
302.377
302.146
301.914
301.681
301.447
301.21
300.972
300.73
300.485
300.237
299.984
299.728
299.467
299.202
298.934
298.66
298.382
298.099
297.81
297.516
297.216
296.91
296.599
296.283
295.962
295.635
295.302
294.963
294.617
294.266
293.91
293.549
293.183
292.813
292.438
292.058
291.673
291.282
290.886
316.061
315.714
315.373
315.036
314.703
314.375
314.051
313.731
313.415
313.103
312.795
312.491
312.191
311.896
311.605
311.318
311.035
310.755
310.479
310.206
309.935
309.668
309.403
309.14
308.88
308.621
308.365
308.11
307.858
307.607
307.359
307.112
306.867
306.623
306.38
306.139
305.898
305.659
305.421
305.183
304.947
304.71
304.475
304.239
304.004
303.769
303.534
303.3
303.066
302.833
302.6
302.366
302.132
301.898
301.661
301.424
301.184
300.942
300.697
300.45
300.199
299.944
299.685
299.423
299.156
298.885
298.61
298.33
298.045
297.755
297.46
297.159
296.853
296.541
296.225
295.903
295.575
295.242
294.904
294.559
294.209
293.854
293.494
293.129
292.759
292.385
292.005
291.621
291.232
290.837
316.098
315.752
315.411
315.075
314.742
314.414
314.09
313.769
313.453
313.141
312.833
312.528
312.228
311.932
311.64
311.352
311.068
310.786
310.509
310.234
309.962
309.693
309.427
309.163
308.902
308.642
308.385
308.129
307.876
307.624
307.375
307.127
306.88
306.635
306.392
306.149
305.908
305.667
305.428
305.189
304.952
304.714
304.477
304.241
304.005
303.769
303.533
303.298
303.063
302.827
302.592
302.356
302.12
301.883
301.644
301.403
301.161
300.917
300.669
300.419
300.166
299.909
299.648
299.384
299.116
298.843
298.566
298.285
297.998
297.707
297.411
297.109
296.803
296.491
296.174
295.852
295.524
295.191
294.852
294.508
294.159
293.805
293.446
293.081
292.712
292.339
291.96
291.576
291.188
290.795
316.129
315.784
315.444
315.107
314.775
314.447
314.122
313.802
313.485
313.173
312.865
312.56
312.26
311.963
311.67
311.381
311.095
310.813
310.534
310.258
309.986
309.716
309.448
309.183
308.92
308.66
308.402
308.146
307.891
307.639
307.388
307.139
306.892
306.646
306.401
306.158
305.916
305.674
305.434
305.195
304.956
304.718
304.48
304.243
304.005
303.769
303.532
303.295
303.059
302.822
302.585
302.348
302.109
301.87
301.629
301.386
301.142
300.895
300.645
300.393
300.138
299.879
299.617
299.351
299.081
298.807
298.529
298.246
297.959
297.667
297.37
297.067
296.76
296.448
296.131
295.808
295.48
295.147
294.809
294.466
294.117
293.763
293.404
293.041
292.672
292.299
291.921
291.539
291.152
290.76
316.155
315.811
315.47
315.134
314.802
314.474
314.149
313.829
313.512
313.2
312.891
312.586
312.285
311.988
311.695
311.405
311.118
310.835
310.555
310.279
310.005
309.734
309.466
309.2
308.936
308.675
308.416
308.159
307.904
307.651
307.4
307.15
306.902
306.655
306.41
306.165
305.922
305.68
305.439
305.199
304.96
304.721
304.482
304.244
304.006
303.768
303.531
303.293
303.055
302.818
302.579
302.34
302.1
301.859
301.616
301.372
301.125
300.877
300.626
300.372
300.115
299.855
299.591
299.324
299.053
298.778
298.498
298.214
297.926
297.633
297.335
297.033
296.725
296.413
296.095
295.772
295.444
295.111
294.773
294.43
294.082
293.728
293.37
293.007
292.639
292.267
291.89
291.508
291.122
290.731
316.175
315.831
315.491
315.155
314.823
314.495
314.171
313.85
313.534
313.221
312.912
312.607
312.306
312.008
311.714
311.424
311.137
310.853
310.572
310.295
310.02
309.749
309.48
309.213
308.949
308.687
308.427
308.17
307.914
307.661
307.409
307.158
306.909
306.662
306.416
306.171
305.928
305.685
305.443
305.203
304.962
304.723
304.484
304.245
304.006
303.768
303.53
303.291
303.053
302.814
302.574
302.334
302.092
301.85
301.606
301.36
301.112
300.862
300.61
300.355
300.097
299.835
299.571
299.302
299.03
298.754
298.474
298.189
297.9
297.607
297.308
297.005
296.697
296.384
296.067
295.744
295.416
295.083
294.745
294.402
294.054
293.701
293.343
292.98
292.613
292.241
291.864
291.483
291.098
290.708
316.19
315.847
315.507
315.171
314.839
314.511
314.187
313.866
313.55
313.237
312.928
312.623
312.321
312.023
311.729
311.438
311.15
310.866
310.585
310.307
310.032
309.76
309.49
309.223
308.959
308.696
308.436
308.178
307.922
307.668
307.415
307.165
306.915
306.668
306.421
306.176
305.932
305.689
305.447
305.205
304.965
304.724
304.485
304.246
304.006
303.768
303.529
303.29
303.05
302.811
302.57
302.329
302.087
301.843
301.598
301.351
301.103
300.852
300.598
300.342
300.083
299.821
299.555
299.286
299.013
298.736
298.456
298.17
297.881
297.587
297.288
296.985
296.676
296.363
296.045
295.722
295.394
295.061
294.724
294.381
294.033
293.68
293.322
292.96
292.593
292.222
291.845
291.465
291.08
290.691
316.2
315.857
315.517
315.182
314.85
314.522
314.198
313.877
313.56
313.247
312.938
312.633
312.331
312.033
311.738
311.447
311.159
310.875
310.594
310.315
310.04
309.767
309.497
309.23
308.965
308.702
308.442
308.183
307.927
307.673
307.42
307.169
306.919
306.671
306.424
306.179
305.935
305.691
305.449
305.207
304.966
304.726
304.486
304.246
304.007
303.767
303.528
303.289
303.049
302.808
302.568
302.326
302.083
301.839
301.593
301.346
301.096
300.845
300.591
300.334
300.074
299.811
299.545
299.275
299.002
298.725
298.443
298.158
297.868
297.574
297.275
296.971
296.663
296.349
296.031
295.708
295.38
295.047
294.709
294.367
294.019
293.666
293.309
292.947
292.58
292.209
291.833
291.453
291.068
290.68
316.205
315.862
315.523
315.187
314.855
314.527
314.203
313.882
313.566
313.253
312.943
312.638
312.336
312.038
311.743
311.452
311.164
310.879
310.598
310.319
310.044
309.771
309.501
309.233
308.968
308.705
308.445
308.186
307.93
307.675
307.422
307.171
306.921
306.673
306.426
306.18
305.936
305.692
305.45
305.208
304.967
304.726
304.486
304.246
304.007
303.767
303.528
303.288
303.048
302.807
302.566
302.324
302.081
301.836
301.59
301.343
301.093
300.841
300.587
300.33
300.07
299.806
299.54
299.27
298.996
298.719
298.437
298.152
297.862
297.567
297.268
296.964
296.656
296.342
296.024
295.701
295.373
295.04
294.702
294.36
294.012
293.659
293.302
292.94
292.574
292.202
291.827
291.447
291.062
290.674
290.954
290.39
289.822
289.261
288.705
288.154
287.606
287.06
286.516
285.974
285.432
284.891
284.35
283.81
283.27
290.819
290.29
289.749
289.204
288.66
288.117
287.576
287.035
286.496
285.957
285.419
284.881
284.343
283.806
283.269
290.716
290.203
289.678
289.148
288.614
288.079
287.544
287.009
286.475
285.94
285.405
284.871
284.336
283.802
283.267
290.632
290.128
289.614
289.094
288.569
288.042
287.513
286.983
286.453
285.922
285.391
284.86
284.329
283.797
283.266
290.56
290.062
289.556
289.044
288.526
288.006
287.483
286.958
286.432
285.905
285.378
284.85
284.322
283.793
283.264
290.498
290.005
289.505
288.998
288.487
287.972
287.454
286.934
286.412
285.889
285.365
284.84
284.315
283.789
283.263
290.444
289.955
289.459
288.958
288.451
287.941
287.427
286.911
286.393
285.874
285.353
284.831
284.308
283.785
283.262
290.398
289.912
289.42
288.922
288.42
287.913
287.403
286.891
286.376
285.859
285.341
284.822
284.302
283.782
283.261
290.358
289.875
289.385
288.891
288.392
287.889
287.382
286.873
286.361
285.847
285.331
284.814
284.297
283.778
283.259
290.324
289.843
289.356
288.865
288.368
287.868
287.364
286.857
286.347
285.836
285.322
284.808
284.292
283.775
283.259
290.297
289.817
289.333
288.843
288.348
287.85
287.348
286.843
286.336
285.826
285.315
284.802
284.288
283.773
283.258
290.275
289.797
289.314
288.825
288.333
287.836
287.336
286.833
286.327
285.819
285.309
284.797
284.284
283.771
283.257
290.259
289.782
289.299
288.812
288.321
287.826
287.327
286.825
286.32
285.813
285.304
284.794
284.282
283.77
283.257
290.248
289.772
289.29
288.804
288.313
287.819
287.32
286.819
286.315
285.809
285.301
284.791
284.28
283.768
283.256
290.243
289.766
289.285
288.799
288.309
287.815
287.317
286.817
286.313
285.807
285.299
284.79
284.279
283.768
283.256
)
;

boundaryField
{
    hot
    {
        type            fixedValue;
        value           uniform 323;
    }
    cold
    {
        type            fixedValue;
        value           uniform 283;
    }
    interface_left
    {
        type            fixedValue;
        value           nonuniform List<scalar> 
90
(
314.946
314.946
314.987
314.987
314.961
314.961
314.961
314.92
314.92
314.865
314.865
314.825
314.825
314.795
314.795
314.795
314.768
314.768
314.736
314.736
314.715
314.715
314.715
314.698
314.698
314.681
314.681
314.662
314.662
314.651
314.651
314.651
314.643
314.643
314.637
314.637
314.633
314.633
314.632
314.632
314.632
314.635
314.635
314.642
314.642
314.654
314.654
314.667
314.667
314.667
314.682
314.682
314.704
314.704
314.738
314.738
314.767
314.767
314.767
314.798
314.798
314.84
314.84
314.899
314.899
314.947
314.947
314.947
314.996
314.996
315.058
315.058
315.141
315.141
315.204
315.204
315.204
315.263
315.263
315.33
315.33
315.409
315.409
315.453
315.453
315.453
315.464
315.464
315.391
315.391
)
;
    }
    interface_right
    {
        type            fixedValue;
        value           nonuniform List<scalar> 
90
(
290.743
290.743
290.654
290.654
290.654
290.653
290.653
290.686
290.686
290.75
290.75
290.807
290.807
290.859
290.859
290.859
290.915
290.915
290.989
290.989
291.045
291.045
291.09
291.09
291.09
291.134
291.134
291.189
291.189
291.229
291.229
291.258
291.258
291.258
291.286
291.286
291.318
291.318
291.34
291.34
291.34
291.358
291.358
291.376
291.376
291.396
291.396
291.409
291.409
291.418
291.418
291.418
291.424
291.424
291.431
291.431
291.434
291.434
291.436
291.436
291.436
291.436
291.436
291.435
291.435
291.433
291.433
291.433
291.43
291.43
291.426
291.426
291.42
291.42
291.415
291.415
291.415
291.411
291.411
291.406
291.406
291.404
291.404
291.41
291.41
291.41
291.439
291.439
291.559
291.559
)
;
    }
    interface_top
    {
        type            fixedValue;
        value           nonuniform List<scalar> 
90
(
315.391
315.391
314.587
314.587
313.942
313.942
313.942
313.282
313.282
312.384
312.384
311.709
311.709
311.16
311.16
311.16
310.608
310.608
309.878
309.878
309.355
309.355
309.355
308.875
308.875
308.324
308.324
307.624
307.624
307.135
307.135
307.135
306.693
306.693
306.187
306.187
305.542
305.542
305.089
305.089
305.089
304.672
304.672
304.182
304.182
303.532
303.532
303.049
303.049
302.653
302.653
302.653
302.242
302.242
301.679
301.679
301.258
301.258
301.258
300.846
300.846
300.341
300.341
299.657
299.657
299.146
299.146
299.146
298.643
298.643
298.02
298.02
297.171
297.171
296.534
296.534
296.534
295.903
295.903
295.124
295.124
294.068
294.068
293.281
293.281
293.281
292.51
292.51
291.559
291.559
)
;
    }
    interface_bottom
    {
        type            fixedValue;
        value           nonuniform List<scalar> 
90
(
314.946
314.946
314.135
314.135
314.135
313.38
313.38
312.492
312.492
311.351
311.351
310.53
310.53
309.878
309.878
309.878
309.23
309.23
308.376
308.376
307.757
307.757
307.263
307.263
307.263
306.773
306.773
306.136
306.136
305.687
305.687
305.687
305.273
305.273
304.792
304.792
304.179
304.179
303.748
303.748
303.748
303.342
303.342
302.858
302.858
302.215
302.215
301.738
301.738
301.339
301.339
301.339
300.917
300.917
300.336
300.336
299.902
299.902
299.902
299.471
299.471
298.941
298.941
298.234
298.234
297.713
297.713
297.713
297.203
297.203
296.58
296.58
295.755
295.755
295.152
295.152
295.152
294.566
294.566
293.855
293.855
292.918
292.918
292.234
292.234
292.234
291.569
291.569
290.743
290.743
)
;
    }
    defaultFaces
    {
        type            empty;
    }
}


// ************************************************************************* //
