/*--------------------------------*- C++ -*----------------------------------*\
| =========                 |                                                 |
| \\      /  F ield         | OpenFOAM: The Open Source CFD Toolbox           |
|  \\    /   O peration     | Version:  5.x                                   |
|   \\  /    A nd           | Web:      www.OpenFOAM.org                      |
|    \\/     M anipulation  |                                                 |
\*---------------------------------------------------------------------------*/
FoamFile
{
    version     2.0;
    format      ascii;
    class       volScalarField;
    location    "1.1";
    object      gradTy;
}
// * * * * * * * * * * * * * * * * * * * * * * * * * * * * * * * * * * * * * //

dimensions      [0 -1 0 1 0 0 0];

internalField   nonuniform List<scalar> 
6300
(
32272.1
32216.2
32160.4
32104.8
32049.4
31994.2
31939.3
31884.8
31830.7
31777.1
31724.1
31671.6
31619.8
31568.7
31518.3
-0.040676
-0.122193
-0.204198
-0.286952
-0.370605
-0.45517
-0.540473
-0.626125
-0.711499
-0.795742
-0.877825
-0.956643
-1.03117
-1.10063
-1.16475
-0.0676022
-0.203108
-0.339489
-0.477224
-0.616619
-0.757739
-0.900333
-1.04377
-1.18699
-1.32852
-1.46654
-1.59902
-1.72406
-1.84017
-1.94671
-0.0942173
-0.283127
-0.473405
-0.665813
-0.860882
-1.0588
-1.25931
-1.46158
-1.66413
-1.86478
-2.06074
-2.24881
-2.42583
-2.58924
-2.73777
-0.120359
-0.36176
-0.605154
-0.85169
-1.10223
-1.3572
-1.61645
-1.87903
-2.14306
-2.40562
-2.66271
-2.90954
-3.14109
-3.35304
-3.54295
-0.145813
-0.438382
-0.73373
-1.03352
-1.33908
-1.65126
-1.97016
-2.29492
-2.62338
-2.95181
-3.27482
-3.58544
-3.87586
-4.13879
-4.3695
-0.170306
-0.512186
-0.857812
-1.2095
-1.56923
-1.93847
-2.3179
-2.70699
-3.10357
-3.50329
-3.89915
-4.28136
-4.63793
-4.95658
-5.22804
-0.193523
-0.582212
-0.975786
-1.37736
-1.78977
-2.21541
-2.65585
-3.11142
-3.58047
-4.05847
-4.53696
-5.00272
-5.43773
-5.8213
-6.13535
-0.215088
-0.64732
-1.08571
-1.5343
-1.997
-2.47742
-2.97855
-3.50224
-4.04826
-4.61296
-5.1873
-5.75457
-6.28867
-6.75519
-7.11881
-0.234583
-0.706234
-1.18537
-1.67704
-2.18639
-2.71858
-3.27854
-3.87054
-4.49717
-5.15759
-5.84444
-6.53925
-7.20678
-7.79149
-8.22458
-0.251579
-0.757623
-1.2724
-1.802
-2.35284
-2.93183
-3.54634
-4.20402
-4.91208
-5.67551
-6.49327
-7.35078
-8.20717
-8.97879
-9.53315
-0.26567
-0.800226
-1.34456
-1.90561
-2.491
-3.10939
-3.77078
-4.48692
-5.27136
-6.13877
-7.10191
-8.16289
-9.29173
-10.3827
-11.1923
-0.276529
-0.833005
-1.3999
-1.98476
-2.59605
-3.24379
-3.9403
-4.70128
-5.54736
-6.5059
-7.61224
-8.90656
-10.4136
-12.0674
-13.4967
-0.283952
-0.85531
-1.43722
-2.03736
-2.66451
-3.32928
-4.04515
-4.83029
-5.71057
-6.7248
-7.93405
-9.43695
-11.3881
-13.9761
-17.073
-0.287903
-0.867014
-1.45621
-2.06283
-2.69522
-3.36349
-4.08052
-4.86392
-5.73948
-6.74823
-7.96166
-9.51853
-11.7253
-15.3753
-22.9407
31472.8
31432.1
31392
31352.4
31313.5
31275.3
31237.7
31200.9
31164.7
31129.3
31094.6
31060.7
31027.6
30995.2
30963.7
30932.9
30903
30873.9
30845.5
30818
30791.2
30765.1
30739.8
30715.3
30691.4
30668.2
30645.6
30623.7
30602.3
30581.5
30561.2
30541.4
30522.1
30503.1
30484.6
30466.4
30448.5
30430.9
30413.5
30396.4
30379.4
30362.6
30345.9
30329.3
30312.8
30296.3
30279.7
30263.1
30246.5
30229.7
30212.8
30195.7
30178.4
30160.8
30143
30124.8
30106.3
30087.4
30068
30048.2
30028
30007.2
29985.9
29964
29941.4
29918.3
29894.5
29870.1
29844.9
29819.1
29792.5
29765.1
29737
29708.2
29678.5
29648.1
29616.9
29584.9
29552.1
29518.5
29484.1
29448.9
29412.9
29376.2
29338.7
29300.5
29261.5
29221.9
29181.5
29140.4
-1.21888
-1.26509
-1.309
-1.35138
-1.39293
-1.43412
-1.47507
-1.51547
-1.55463
-1.59151
-1.62494
-1.65375
-1.67692
-1.69369
-1.70356
-1.70628
-1.70181
-1.6902
-1.67159
-1.64613
-1.61405
-1.57566
-1.53134
-1.48159
-1.42699
-1.36816
-1.30575
-1.24039
-1.17268
-1.10317
-1.0324
-0.960827
-0.888851
-0.816787
-0.744865
-0.673228
-0.601954
-0.531079
-0.460618
-0.390578
-0.320952
-0.251704
-0.182754
-0.113958
-0.0451172
0.0240067
0.0936557
0.164036
0.235282
0.307432
0.380419
0.454084
0.528187
0.602433
0.676484
0.749975
0.822522
0.893738
0.963248
1.03072
1.09586
1.15847
1.21835
1.27538
1.32941
1.38025
1.42772
1.47159
1.51166
1.54776
1.57978
1.60769
1.63148
1.65112
1.66656
1.67773
1.68452
1.68686
1.68476
1.67829
1.66761
1.65287
1.63419
1.61152
1.58466
1.55327
1.5169
1.47513
1.42761
1.3742
-2.03601
-2.11191
-2.18384
-2.25335
-2.32184
-2.39031
-2.45904
-2.5275
-2.59436
-2.65769
-2.71527
-2.76492
-2.80477
-2.83351
-2.85034
-2.85498
-2.84744
-2.8279
-2.79661
-2.75383
-2.69989
-2.63527
-2.56063
-2.4768
-2.38481
-2.28575
-2.18075
-2.07086
-1.95711
-1.84045
-1.72177
-1.60185
-1.4814
-1.36094
-1.24085
-1.12135
-1.00251
-0.884374
-0.766944
-0.650236
-0.534264
-0.418999
-0.304324
-0.189997
-0.0756555
0.0391512
0.15489
0.271963
0.390632
0.510971
0.632859
0.755999
0.879962
1.00423
1.12822
1.2513
1.37282
1.49209
1.60846
1.72135
1.83027
1.93487
2.0349
2.13017
2.22047
2.30553
2.38498
2.45842
2.52545
2.58576
2.6392
2.68573
2.72539
2.7582
2.78407
2.80283
2.81426
2.81817
2.81453
2.80351
2.78546
2.76076
2.72968
2.69223
2.64804
2.59643
2.53652
2.46742
2.38847
2.29934
-2.86084
-2.96452
-3.0623
-3.15692
-3.25096
-3.3463
-3.4436
-3.54203
-3.63939
-3.73238
-3.81726
-3.8904
-3.94886
-3.99068
-4.01491
-4.02143
-4.01056
-3.98274
-3.93838
-3.8778
-3.80133
-3.70954
-3.60333
-3.48397
-3.353
-3.2121
-3.06293
-2.90706
-2.7459
-2.5808
-2.41304
-2.24379
-2.07407
-1.90468
-1.73611
-1.56859
-1.40214
-1.23672
-1.07229
-0.908884
-0.746596
-0.58547
-0.425403
-0.266059
-0.106854
0.0529745
0.214237
0.377638
0.543633
0.71235
0.883577
1.05682
1.23141
1.40654
1.58138
1.75502
1.92649
2.09477
2.25887
2.41787
2.57108
2.71803
2.85849
2.99231
3.11929
3.23909
3.35113
3.4547
3.54912
3.63389
3.7088
3.77391
3.82943
3.8755
3.91205
3.93875
3.95508
3.9606
3.95517
3.93911
3.91312
3.87806
3.83459
3.78286
3.72232
3.65175
3.56956
3.47413
3.36419
3.2391
-3.69736
-3.82548
-3.9452
-4.06121
-4.17813
-4.29942
-4.42647
-4.5581
-4.69068
-4.81878
-4.93617
-5.03704
-5.11692
-5.17319
-5.20503
-5.21297
-5.1981
-5.16144
-5.10358
-5.02468
-4.92487
-4.80462
-4.66503
-4.5079
-4.33553
-4.1504
-3.95484
-3.75091
-3.54041
-3.32505
-3.10651
-2.88644
-2.66633
-2.44728
-2.22991
-2.01433
-1.80035
-1.58769
-1.3762
-1.16597
-0.957296
-0.750457
-0.545481
-0.341954
-0.138981
0.0647008
0.270476
0.479549
0.692691
0.910092
1.13137
1.35571
1.58205
1.80927
2.03626
2.26185
2.48474
2.70349
2.91661
3.12274
3.32089
3.51056
3.69165
3.86429
4.02847
4.18383
4.32946
4.46417
4.58671
4.69624
4.79252
4.87591
4.94707
5.00651
5.05425
5.0896
5.11147
5.11879
5.11114
5.08903
5.05387
5.00748
4.95141
4.88621
4.81105
4.72383
4.6217
4.50177
4.36178
4.20055
-4.55148
-4.69852
-4.83341
-4.96419
-5.09902
-5.24427
-5.40278
-5.57288
-5.74856
-5.92071
-6.079
-6.21407
-6.31916
-6.39103
-6.42974
-6.43751
-6.41719
-6.37086
-6.29923
-6.20186
-6.07804
-5.92772
-5.75216
-5.55395
-5.33662
-5.10388
-4.85896
-4.60437
-4.34209
-4.07403
-3.80231
-3.5293
-3.25719
-2.9876
-2.72122
-2.45787
-2.19676
-1.93707
-1.67837
-1.42089
-1.16541
-0.912811
-0.663509
-0.41708
-0.172146
0.0734079
0.321968
0.575613
0.835636
1.10228
1.3748
1.65176
1.93148
2.21243
2.49326
2.77266
3.04905
3.32043
3.58452
3.83921
4.08305
4.31556
4.53712
4.74858
4.95052
5.14269
5.3237
5.4913
5.64318
5.77781
5.89496
5.99569
6.08173
6.15455
6.21442
6.26003
6.28895
6.29871
6.2881
6.25792
6.21095
6.15102
6.08156
6.00406
5.91731
5.81754
5.6996
5.55841
5.39008
5.19256
-5.43193
-5.58883
-5.72736
-5.8611
-6.00464
-6.16979
-6.36216
-6.57938
-6.81132
-7.04242
-7.25514
-7.43411
-7.56909
-7.65653
-7.69889
-7.7024
-7.67364
-7.61664
-7.53187
-7.41705
-7.26929
-7.08714
-6.87186
-6.62749
-6.35988
-6.07489
-5.77701
-5.46889
-5.15209
-4.82825
-4.5
-4.17086
-3.84445
-3.5233
-3.2082
-2.89818
-2.59116
-2.28505
-1.97879
-1.67295
-1.36942
-1.07045
-0.777432
-0.490086
-0.206237
0.0777538
0.366101
0.662457
0.969
1.28597
1.61179
1.94377
2.27911
2.6157
2.95227
3.28777
3.62055
3.94783
4.26592
4.57125
4.86148
5.13625
5.39708
5.64648
5.88657
6.11755
6.33712
6.54094
6.72438
6.88443
7.02091
7.13647
7.23529
7.32111
7.39497
7.45435
7.49386
7.5078
7.49306
7.45081
7.38652
7.30813
7.22311
7.13509
7.04216
6.93727
6.81086
6.654
6.46027
6.22646
-6.35306
-6.50527
-6.6278
-6.7435
-6.87865
-7.05555
-7.28514
-7.564
-7.87463
-8.1899
-8.47925
-8.71684
-8.88688
-8.98632
-9.02338
-9.01316
-8.97017
-8.90187
-8.80725
-8.67915
-8.50957
-8.29379
-8.03298
-7.73407
-7.40772
-7.06409
-6.70941
-6.34555
-5.97185
-5.58852
-5.19862
-4.80818
-4.42384
-4.05003
-3.68763
-3.33393
-2.98405
-2.63304
-2.27846
-1.92153
-1.56672
-1.21941
-0.883104
-0.557993
-0.240489
0.0758547
0.398713
0.734618
1.08732
1.45684
1.83983
2.23085
2.62479
3.01887
3.41265
3.80662
4.19978
4.58824
4.96549
5.32476
5.66189
5.97671
6.27316
6.55745
6.83532
7.10843
7.37278
7.61947
7.83873
8.02444
8.17644
8.30075
8.40698
8.50423
8.59575
8.67662
8.73488
8.75748
8.73694
8.67473
8.58164
8.47408
8.36824
8.27247
8.18353
8.08727
7.96526
7.80199
7.58751
7.31756
-7.3395
-7.46387
-7.53744
-7.59723
-7.69178
-7.86463
-8.13625
-8.50183
-8.93014
-9.3736
-9.77674
-10.0957
-10.3052
-10.4048
-10.4148
-10.37
-10.3021
-10.2239
-10.1298
-9.99995
-9.81539
-9.56431
-9.248
-8.87928
-8.47954
-8.06834
-7.65422
-7.23559
-6.80475
-6.35753
-5.89734
-5.43607
-4.98747
-4.55974
-4.154
-3.76368
-3.37809
-2.98575
-2.58111
-2.16668
-1.75292
-1.35223
-0.972423
-0.614762
-0.272927
0.0646743
0.4126
0.782614
1.1814
1.60827
2.0562
2.51356
2.9701
3.42224
3.87246
4.32632
4.78542
5.24442
5.69052
6.10969
6.49389
6.84306
7.16613
7.47701
7.79021
8.11117
8.43306
8.73665
9.00049
9.21204
9.37081
9.48999
9.59052
9.69444
9.81068
9.93022
10.026
10.068
10.0395
9.94178
9.79627
9.63623
9.49751
9.39868
9.33411
9.27302
9.17779
9.02245
8.79339
8.48769
-8.43506
-8.49489
-8.46613
-8.40015
-8.3915
-8.53086
-8.85144
-9.34866
-9.9631
-10.6146
-11.1946
-11.6314
-11.8808
-11.9516
-11.8844
-11.7593
-11.6478
-11.5683
-11.5029
-11.3988
-11.2163
-10.9281
-10.5379
-10.0685
-9.56729
-9.0762
-8.60498
-8.14273
-7.66072
-7.14478
-6.59718
-6.04529
-5.5206
-5.03742
-4.5978
-4.1863
-3.78158
-3.35591
-2.89763
-2.41063
-1.92007
-1.45483
-1.02969
-0.648627
-0.299199
0.0386625
0.394688
0.789158
1.23501
1.7293
2.25894
2.79738
3.32159
3.82823
4.32685
4.83827
5.37092
5.91892
6.45404
6.94464
7.37598
7.74661
8.07618
8.39275
8.73337
9.11203
9.51908
9.91045
10.2369
10.4749
10.6214
10.7053
10.7683
10.866
11.02
11.2171
11.3937
11.4791
11.4409
11.2767
11.0309
10.7667
10.5684
10.4746
10.4787
10.507
10.476
10.3482
10.1088
9.76928
-9.71932
-9.65284
-9.44775
-9.11994
-8.87764
-8.93591
-9.31226
-10.0269
-10.943
-11.9586
-12.8191
-13.4372
-13.7141
-13.6972
-13.4378
-13.1296
-12.948
-12.8927
-12.9324
-12.9112
-12.77
-12.4392
-11.9421
-11.3042
-10.6409
-10.0559
-9.5433
-9.07876
-8.566
-7.97806
-7.30364
-6.61577
-5.99439
-5.45274
-5.00148
-4.59954
-4.21558
-3.77339
-3.25584
-2.66
-2.05103
-1.49992
-1.0237
-0.63714
-0.309015
-0.013701
0.321226
0.72155
1.2187
1.79935
2.44892
3.10166
3.69839
4.2458
4.76288
5.31971
5.9344
6.61207
7.28179
7.86506
8.34567
8.70947
9.00511
9.27403
9.62191
10.0722
10.6279
11.1779
11.6008
11.8699
11.9625
11.9509
11.8964
11.9569
12.1674
12.5337
12.8931
13.0685
13.024
12.7294
12.2922
11.8028
11.4891
11.4099
11.5889
11.8269
11.9138
11.8352
11.569
11.2099
-11.3425
-11.0101
-10.6057
-9.71619
-8.93031
-8.88206
-9.28504
-10.4139
-11.7787
-13.5249
-14.7918
-15.7336
-15.9694
-15.7912
-15.0606
-14.3166
-14.0653
-14.0796
-14.4486
-14.5954
-14.596
-14.1892
-13.5483
-12.5759
-11.6011
-10.9309
-10.4118
-10.0837
-9.57902
-8.93534
-8.02899
-7.09006
-6.35294
-5.73749
-5.33379
-4.98653
-4.7331
-4.29908
-3.7265
-2.92805
-2.09848
-1.43699
-0.888443
-0.541386
-0.271478
-0.123037
0.15363
0.51452
1.0821
1.77009
2.63425
3.48645
4.14606
4.70686
5.14148
5.71762
6.40695
7.31641
8.23371
8.93299
9.48316
9.77007
9.97209
10.0411
10.3625
10.8799
11.7442
12.6279
13.1854
13.5184
13.4527
13.2575
12.8581
12.8308
13.0895
13.8592
14.6564
14.9736
14.9661
14.3865
13.6275
12.5846
12.071
11.9724
12.6129
13.3633
13.5892
13.5912
13.1619
12.8819
-13.6405
-12.4704
-12.4617
-10.1624
-7.92004
-8.17765
-8.21165
-10.46
-12.0643
-15.7804
-17.2316
-19.0453
-18.8198
-18.6795
-16.7016
-14.7931
-14.799
-14.7548
-16.2838
-16.4894
-17.0076
-16.2755
-15.6313
-13.8501
-12.1217
-11.5878
-11.0044
-11.3422
-10.7916
-10.2703
-8.80069
-7.27318
-6.53572
-5.71682
-5.58434
-5.23799
-5.51028
-5.02398
-4.52211
-3.24061
-1.90358
-1.21117
-0.462789
-0.334359
-0.05888
-0.416949
-0.135208
0.00982118
0.772077
1.48703
2.83673
4.14849
4.7359
5.34946
5.31609
5.95229
6.56226
8.00916
9.49928
10.2153
10.9994
10.9524
11.1301
10.4441
10.8203
11.1874
12.8317
14.5469
15.0923
15.7401
15.1286
14.8569
13.2831
13.2919
13.2745
15.1437
17.1099
17.345
17.7306
16.3006
15.3704
12.6031
12.0542
11.4691
13.4776
15.6538
15.5856
15.967
14.5387
14.9752
-17.8107
-12.257
-17.6149
-10.5257
-3.30894
-7.79453
-3.949
-11.433
-9.30846
-21.2966
-19.149
-25.293
-21.547
-24.2136
-18.2424
-12.5125
-15.6043
-13.1645
-20.0242
-17.9332
-21.2194
-18.2349
-19.3514
-15.0483
-10.9222
-12.3158
-10.2703
-13.8799
-11.9622
-12.9706
-9.65574
-6.31855
-6.83568
-4.7076
-6.1428
-4.59858
-7.37991
-5.77136
-6.44049
-3.63315
-0.780423
-1.06591
0.855669
-0.339077
1.06601
-1.63232
-0.227329
-1.3839
0.529977
0.289761
3.09376
5.85353
5.28803
6.92361
4.52638
6.22462
5.51219
8.63956
11.8795
11.3995
13.7122
11.8113
13.5316
9.3172
11.2908
9.65528
13.8169
18.1499
16.8517
19.7748
16.3147
18.3308
11.4285
13.79
10.742
16.2882
22.0554
19.4993
23.1088
17.4944
19.7581
9.42642
12.089
7.23054
14.1002
21.1755
16.934
20.9483
13.2298
18.5164
-30.9427
3.6704
-40.6913
-11.0715
18.1545
-19.407
16.6294
-26.2412
13.7709
-47.1669
-9.12504
-45.7813
-15.0386
-42.1848
-19.4344
2.47253
-24.374
1.81823
-36.6526
-11.6328
-34.4603
-14.288
-30.8751
-15.9907
-1.77318
-17.9953
-1.39226
-24.3763
-8.91856
-21.8962
-10.5423
0.186991
-10.9442
1.4334
-10.9912
2.27011
-15.5707
-3.23866
-13.3648
-4.09078
4.86217
-4.09849
6.66198
-4.08736
8.10005
-8.75657
3.36913
-7.19931
3.38959
-5.29145
3.41432
12.347
2.67048
14.3049
-2.16117
9.96795
-1.06762
9.10747
19.6162
8.56211
22.4921
7.45509
24.4787
-0.721345
16.9578
-0.225693
14.5544
29.8611
12.5313
33.0006
9.61375
34.6464
-3.76754
22.0767
-4.16754
17.1131
38.9849
12.7736
41.7681
7.34236
42.2816
-12.4634
22.9525
-13.8979
14.4253
42.9918
6.39282
42.8232
-6.80819
30.9299
29094.6
29043.7
28991.9
28939.4
28886.1
28832.2
28777.7
28722.7
28667.3
28611.4
28555.2
28498.8
28442.1
28385.3
28328.5
1.30907
1.23023
1.14472
1.05396
0.959594
0.863199
0.766203
0.669755
0.574673
0.481452
0.390287
0.301127
0.213718
0.127661
0.0424567
2.19023
2.05766
1.91354
1.76051
1.60147
1.43924
1.27631
1.11466
0.955655
0.800075
0.648204
0.499895
0.354672
0.211813
0.0704366
3.08497
2.89666
2.69132
2.4731
2.24653
2.01597
1.78514
1.5569
1.33316
1.11494
0.902511
0.695538
0.493229
0.294464
0.0979057
3.9999
3.75271
3.48198
3.19402
2.89558
2.59296
2.29135
1.99459
1.70507
1.42394
1.15129
0.886459
0.6282
0.37488
0.124617
4.94316
4.6323
4.28988
3.92542
3.54881
3.16894
2.79274
2.42502
2.06856
1.72438
1.39218
1.07074
0.758177
0.452207
0.150283
5.92505
5.54326
5.11969
4.66883
4.20523
3.74119
3.28564
2.84424
2.41977
2.01279
1.62225
1.24606
0.881502
0.525449
0.174572
6.95935
6.4955
5.97635
5.42459
4.86179
4.30471
3.7643
3.24651
2.75351
2.28474
1.83791
1.4097
0.996258
0.593474
0.197111
8.06575
7.50217
6.86486
6.19075
5.51204
4.85102
4.21995
3.62384
3.06298
2.53474
2.0349
1.55851
1.10031
0.655038
0.217491
9.27478
8.582
7.7896
6.96104
6.14417
5.36674
4.64006
3.96558
3.33966
2.75626
2.20841
1.68906
1.19137
0.708847
0.235293
10.6376
9.76178
8.75071
7.7197
6.7371
5.83156
5.00754
4.25839
3.57362
2.9421
2.35335
1.79789
1.26721
0.753648
0.250115
12.2509
11.0761
9.73112
8.42924
7.25294
6.21479
5.2999
4.48656
3.75411
3.08504
2.46491
1.88185
1.32588
0.788375
0.261616
14.3491
12.5596
10.6676
9.0122
7.62999
6.47434
5.49036
4.63355
3.87104
3.17889
2.5393
1.93863
1.366
0.812312
0.269575
17.5536
14.1454
11.3672
9.3217
7.78019
6.56178
5.55321
4.68593
3.91743
3.22003
2.57465
1.96729
1.38712
0.825242
0.273929
23.1147
15.1008
11.3329
9.12678
7.60709
6.43898
5.47434
4.63922
3.89252
3.20905
2.57185
1.96864
1.38985
0.827551
0.274808
-0.288723
-0.86919
-1.45886
-2.06434
-2.69301
-3.35357
-4.05676
-4.81667
-5.65316
-6.59657
-7.69777
-9.05162
-10.8564
-13.5775
-18.4066
-0.287132
-0.864058
-1.44906
-2.0478
-2.6664
-3.31164
-3.99127
-4.7143
-5.49142
-6.33516
-7.25843
-8.26444
-9.29762
-10.0152
-8.72545
-0.283677
-0.853279
-1.42965
-2.0174
-2.62119
-3.24574
-3.89551
-4.57416
-5.2831
-6.01819
-6.76131
-7.45813
-7.95753
-7.84644
-6.03199
-0.278647
-0.837757
-1.4023
-1.97578
-2.5615
-3.16221
-3.77955
-4.41276
-5.05636
-5.69537
-6.29609
-6.78854
-7.0408
-6.8604
-6.22089
-0.272341
-0.818425
-1.36866
-1.92559
-2.4913
-3.06704
-3.6524
-4.24392
-4.83252
-5.39895
-5.90592
-6.28527
-6.42428
-6.1927
-5.71438
-0.265044
-0.796168
-1.33032
-1.86923
-2.41408
-2.9651
-3.52083
-4.07687
-4.62377
-5.14363
-5.60431
-5.94826
-6.06501
-5.69594
-3.92096
-0.257014
-0.771768
-1.28862
-1.80867
-2.33249
-2.8598
-3.38892
-3.91591
-4.43345
-4.92917
-5.38376
-5.76847
-6.0429
-6.17518
-6.34044
-0.248464
-0.74587
-1.24464
-1.74541
-2.24841
-2.75319
-3.25837
-3.76133
-4.25795
-4.74296
-5.21167
-5.66481
-6.11925
-6.63117
-7.28926
-0.239566
-0.718983
-1.1992
-1.68053
-2.16301
-2.64622
-3.12929
-3.61099
-4.09023
-4.56777
-5.05027
-5.55988
-6.15538
-6.98531
-8.4274
-0.230456
-0.691502
-1.15291
-1.61478
-2.07701
-2.53926
-3.00108
-3.46221
-3.92348
-4.38884
-4.86986
-5.395
-6.02841
-6.91396
-8.40151
-0.221237
-0.663729
-1.10625
-1.54871
-1.9909
-2.43251
-2.87325
-3.31322
-3.7537
-4.19879
-4.65862
-5.15466
-5.72606
-6.42422
-7.20719
-0.211993
-0.635903
-1.05957
-1.48274
-1.90511
-2.32627
-2.74586
-3.16375
-3.58054
-3.9983
-4.42203
-4.86174
-5.3354
-5.87527
-6.5618
-0.202789
-0.608215
-1.01317
-1.41727
-1.82007
-2.22103
-2.61954
-3.01494
-3.40655
-3.7935
-4.17417
-4.545
-4.89854
-5.2242
-5.50201
-0.19368
-0.580826
-0.967313
-1.35264
-1.73624
-2.1174
-2.49527
-2.86864
-3.23566
-3.59287
-3.933
-4.24006
-4.48084
-4.60613
-4.69151
-0.184711
-0.553868
-0.922217
-1.28916
-1.65402
-2.01599
-2.37401
-2.72663
-3.07145
-3.40397
-3.71464
-3.98094
-4.14317
-4.01557
-2.871
-0.175917
-0.527448
-0.878055
-1.22707
-1.57375
-1.91722
-2.25642
-2.58992
-2.91563
-3.23009
-3.52698
-3.7939
-4.00661
-4.13108
-4.24303
-0.167326
-0.501647
-0.834961
-1.16655
-1.49564
-1.82136
-2.14271
-2.45853
-2.7675
-3.06828
-3.36001
-3.64434
-3.93117
-4.25513
-4.69928
-0.158958
-0.476524
-0.793029
-1.10773
-1.41983
-1.72847
-2.03276
-2.33179
-2.62496
-2.91261
-3.19809
-3.49289
-3.82983
-4.29554
-5.10412
-0.150827
-0.45212
-0.752319
-1.05067
-1.34636
-1.63855
-1.92638
-2.20906
-2.48614
-2.75835
-3.02959
-3.31206
-3.63894
-4.09772
-4.92888
-0.142941
-0.428457
-0.712867
-0.995407
-1.27527
-1.55161
-1.82353
-2.09013
-2.35061
-2.60465
-2.8532
-3.10026
-3.35633
-3.64116
-3.94587
-0.135303
-0.405545
-0.674688
-0.941971
-1.20659
-1.4677
-1.72433
-1.97537
-2.21947
-2.45468
-2.67775
-2.88212
-3.05366
-3.1707
-3.29089
-0.127914
-0.383383
-0.637776
-0.89035
-1.14032
-1.38685
-1.62894
-1.86539
-2.09443
-2.31307
-2.51524
-2.68668
-2.78874
-2.69797
-1.92613
-0.120767
-0.361957
-0.602106
-0.840506
-1.07641
-1.30903
-1.53744
-1.7605
-1.97656
-2.18282
-2.374
-2.53933
-2.65769
-2.69813
-2.70051
-0.113857
-0.34124
-0.567634
-0.792367
-1.01476
-1.23409
-1.44961
-1.66042
-1.86542
-2.063
-2.25065
-2.42455
-2.58069
-2.72465
-2.91082
-0.107171
-0.321201
-0.534297
-0.745835
-0.955198
-1.16178
-1.365
-1.56434
-1.75939
-1.95002
-2.13681
-2.32205
-2.51209
-2.72182
-2.97676
-0.100699
-0.301803
-0.502026
-0.700792
-0.897545
-1.09178
-1.28307
-1.47121
-1.65638
-1.83967
-2.02401
-2.21616
-2.42979
-2.68755
-3.00396
-0.094429
-0.283008
-0.470755
-0.65713
-0.841623
-1.02379
-1.2033
-1.3801
-1.55465
-1.72855
-1.90576
-2.0953
-2.31681
-2.61252
-3.07288
-0.08835
-0.264784
-0.440426
-0.61476
-0.787301
-0.957619
-1.1254
-1.29053
-1.45335
-1.6151
-1.77893
-1.95221
-2.15229
-2.42312
-2.89518
-0.0824535
-0.247105
-0.410995
-0.573622
-0.734507
-0.893199
-1.04931
-1.20254
-1.35277
-1.50018
-1.64551
-1.79049
-1.93861
-2.09397
-2.23217
-0.0767323
-0.229951
-0.382431
-0.533684
-0.683222
-0.830559
-0.975202
-1.11661
-1.25412
-1.38669
-1.51231
-1.62658
-1.71989
-1.77673
-1.82316
-0.0711808
-0.213304
-0.354713
-0.494926
-0.633453
-0.769779
-0.903327
-1.03338
-1.15889
-1.27801
-1.38698
-1.47722
-1.52649
-1.46672
-1.03634
-0.0657932
-0.197151
-0.327819
-0.457332
-0.585204
-0.710916
-0.833869
-0.953298
-1.06808
-1.17635
-1.27465
-1.35631
-1.4088
-1.41407
-1.39
-0.0605637
-0.181473
-0.301724
-0.42087
-0.538448
-0.65396
-0.766848
-0.87643
-0.981796
-1.08162
-1.17388
-1.25565
-1.32391
-1.3818
-1.46389
-0.055485
-0.166249
-0.276391
-0.385492
-0.493119
-0.598821
-0.702116
-0.802482
-0.89935
-0.992135
-1.0804
-1.16436
-1.24624
-1.33273
-1.43436
-0.0505489
-0.151454
-0.251779
-0.351134
-0.449123
-0.545347
-0.639413
-0.73096
-0.819736
-0.905787
-0.989897
-1.07451
-1.16537
-1.27317
-1.40949
-0.0457462
-0.13706
-0.227838
-0.31772
-0.406347
-0.493368
-0.578456
-0.661358
-0.742012
-0.820788
-0.899052
-0.980329
-1.07274
-1.19383
-1.37882
-0.041067
-0.123037
-0.204516
-0.285174
-0.364684
-0.442727
-0.519012
-0.593317
-0.66559
-0.736147
-0.806116
-0.878421
-0.960213
-1.07014
-1.26672
-0.0365012
-0.109355
-0.181762
-0.253423
-0.324037
-0.393306
-0.460941
-0.526687
-0.59036
-0.651916
-0.711563
-0.769932
-0.828159
-0.886272
-0.925544
-0.0320384
-0.0959821
-0.159526
-0.222398
-0.284323
-0.345015
-0.404179
-0.461496
-0.516603
-0.569013
-0.617899
-0.661547
-0.696195
-0.715508
-0.728752
-0.0276676
-0.0828863
-0.137754
-0.192029
-0.245462
-0.297785
-0.348698
-0.397839
-0.444719
-0.488558
-0.527877
-0.559421
-0.574888
-0.548971
-0.384941
-0.0233777
-0.070034
-0.116391
-0.162243
-0.207371
-0.251532
-0.294445
-0.335752
-0.37495
-0.411244
-0.443257
-0.468466
-0.482325
-0.478355
-0.46187
-0.0191562
-0.0573888
-0.0953793
-0.13296
-0.169949
-0.206144
-0.241306
-0.27513
-0.307197
-0.336904
-0.363363
-0.385397
-0.402151
-0.416438
-0.448934
-0.0149902
-0.044911
-0.0746512
-0.104085
-0.133076
-0.161472
-0.189096
-0.215726
-0.241085
-0.264822
-0.286542
-0.306
-0.323692
-0.341884
-0.362182
-0.0108654
-0.0325581
-0.0541351
-0.0755159
-0.0966143
-0.117335
-0.137572
-0.157204
-0.1761
-0.194139
-0.211291
-0.227831
-0.244891
-0.265871
-0.301713
-0.00676695
-0.0202848
-0.0337542
-0.0471417
-0.0604128
-0.0735322
-0.0864666
-0.0991915
-0.111707
-0.124072
-0.136465
-0.149301
-0.163367
-0.179542
-0.194333
-0.00267939
-0.00804454
-0.013429
-0.0188468
-0.0243145
-0.0298549
-0.0355034
-0.0413213
-0.0474178
-0.0539833
-0.0613289
-0.0699143
-0.0803786
-0.0941734
-0.12064
0.00141284
0.00420994
0.00692066
0.00948472
0.0118366
0.0139006
0.0155809
0.0167459
0.0172008
0.0166507
0.0146728
0.0107798
0.00492668
-2.08202e-06
0.0136112
0.0055252
0.0165253
0.0273736
0.0379656
0.0481905
0.0579256
0.067027
0.0753107
0.0825216
0.0882813
0.0920105
0.0928401
0.0895962
0.0812989
0.0703746
0.00967283
0.0289471
0.0480063
0.0667039
0.0848874
0.102395
0.119045
0.134625
0.148856
0.161328
0.17137
0.177737
0.177783
0.164432
0.11145
0.0138704
0.0415194
0.068892
0.0958016
0.122057
0.147463
0.171812
0.194883
0.216418
0.236072
0.25329
0.267032
0.275285
0.275098
0.270531
0.0181322
0.0542847
0.0901014
0.125356
0.159822
0.193269
0.225472
0.256215
0.285294
0.312516
0.337635
0.36015
0.378663
0.388819
0.373995
0.022472
0.0672847
0.111703
0.155462
0.198297
0.239943
0.280152
0.318709
0.35547
0.390431
0.423801
0.456063
0.487859
0.519907
0.558425
0.0269034
0.0805599
0.133765
0.186214
0.237601
0.287621
0.335987
0.382458
0.426907
0.469462
0.510752
0.552317
0.596899
0.646526
0.68468
0.0314396
0.0941503
0.156354
0.217706
0.277858
0.336454
0.393145
0.447619
0.499672
0.549385
0.597529
0.646493
0.70246
0.781138
0.927866
0.0360933
0.108094
0.179536
0.250036
0.319199
0.386614
0.45185
0.514471
0.574073
0.630412
0.683753
0.735825
0.792274
0.868524
1.00078
0.0408765
0.122429
0.203374
0.283297
0.361759
0.438293
0.512379
0.58343
0.650754
0.713535
0.770876
0.82214
0.868364
0.917051
0.994641
0.0457997
0.137185
0.227925
0.317575
0.405663
0.491676
0.575023
0.654985
0.730601
0.800451
0.862238
0.911976
0.94277
0.945537
0.936185
0.0508717
0.152391
0.253236
0.35294
0.451012
0.546914
0.640025
0.729569
0.814465
0.892983
0.961983
1.01499
1.03666
0.98247
0.683842
0.0560994
0.168068
0.279341
0.389441
0.497871
0.604095
0.707509
0.807391
0.902769
0.992141
1.07285
1.13979
1.18326
1.18918
1.17392
0.0614875
0.184228
0.30626
0.427105
0.546266
0.663229
0.777452
0.888349
0.995256
1.09733
1.19329
1.28091
1.35598
1.41062
1.42417
0.0670389
0.20088
0.334007
0.465939
0.596189
0.724269
0.849708
0.972085
1.09111
1.20677
1.31955
1.43076
1.5429
1.66062
1.80215
0.0727553
0.218027
0.362583
0.505941
0.647619
0.787145
0.924092
1.05815
1.18932
1.31823
1.44691
1.57998
1.72599
1.89412
2.05505
0.0786371
0.235673
0.391991
0.547109
0.700542
0.851812
1.00048
1.14624
1.28909
1.42986
1.57124
1.72023
1.89373
2.13265
2.54754
0.0846845
0.253816
0.422231
0.589446
0.754966
0.918283
1.07889
1.23634
1.39032
1.54108
1.6903
1.84346
2.01608
2.24901
2.64437
0.0908965
0.272454
0.453303
0.632958
0.810915
0.986631
1.1595
1.32884
1.49379
1.65339
1.80661
1.95321
2.09656
2.25259
2.46646
0.0972713
0.291583
0.4852
0.677646
0.868415
1.05695
1.24257
1.42437
1.60098
1.77011
1.92753
2.06522
2.16826
2.21601
2.2464
0.103805
0.311193
0.517907
0.723491
0.92746
1.12928
1.32827
1.52349
1.71338
1.89496
2.06215
2.20131
2.27835
2.19151
1.55113
0.110493
0.331265
0.551394
0.770449
0.987991
1.20355
1.41658
1.62632
1.83152
2.02979
2.21623
2.38052
2.50226
2.55143
2.56549
0.117329
0.35178
0.585618
0.818447
1.04988
1.27957
1.50716
1.73228
1.95445
2.17283
2.38567
2.58929
2.77654
2.93573
3.04218
0.124305
0.372715
0.620535
0.867397
1.11298
1.35703
1.59943
1.84028
2.08
2.31969
2.5615
2.8094
3.07029
3.35665
3.70739
0.131417
0.394054
0.656107
0.917222
1.17711
1.43561
1.69277
1.94902
2.20555
2.46506
2.73307
3.02046
3.34632
3.73285
4.13646
0.138665
0.41579
0.692315
0.967879
1.24219
1.51511
1.7867
2.05752
2.32901
2.60447
2.89114
3.20478
3.58019
4.09715
4.96204
0.146051
0.437935
0.729176
1.01938
1.30822
1.59548
1.88113
2.16552
2.44967
2.73607
3.03043
3.34616
3.71571
4.2198
5.06257
0.153584
0.460515
0.766739
1.07181
1.37532
1.67693
1.9764
2.27363
2.56872
2.86208
3.15482
3.4501
3.75774
4.10719
4.5623
0.161278
0.483573
0.805083
1.12529
1.44371
1.75983
2.07318
2.38318
2.68891
2.98846
3.27738
3.5454
3.77067
3.92113
4.06975
0.16915
0.507162
0.844307
1.18
1.51364
1.84461
2.17224
2.49564
2.81333
3.12214
3.41436
3.67031
3.83547
3.73628
2.68797
0.177217
0.531339
0.884515
1.23609
1.58538
1.93166
2.27416
2.61199
2.94385
3.26724
3.57646
3.85817
4.08375
4.21045
4.31141
0.185495
0.556154
0.925807
1.29373
1.65916
2.02127
2.37926
2.73241
3.08016
3.42208
3.75755
4.08489
4.40058
4.70239
4.99442
0.193996
0.581651
0.968266
1.35307
1.73518
2.11368
2.48765
2.8565
3.22042
3.5813
3.94418
4.31957
4.72692
5.20097
5.8183
0.202725
0.607847
1.01195
1.41422
1.81367
2.20916
2.59951
2.9839
3.36267
3.73899
4.12199
4.53191
5.00677
5.59989
6.29876
0.211672
0.634729
1.05687
1.47727
1.89484
2.30812
2.71543
3.11511
3.5065
3.89192
4.28096
4.69899
5.20431
5.92517
7.15971
0.220808
0.662224
1.10295
1.54224
1.97891
2.41116
2.83654
3.25196
3.65433
4.04218
4.41962
4.80527
5.25196
5.89348
7.07496
0.230075
0.690169
1.14999
1.60897
2.06596
2.51889
2.96445
3.39774
3.8121
4.1995
4.55242
4.86897
5.1641
5.48655
5.88993
0.23937
0.718277
1.19756
1.67702
2.15575
2.63164
3.10078
3.55655
3.98844
4.38059
4.71029
4.94733
5.05704
5.02317
5.01592
0.248539
0.746093
1.24495
1.74552
2.24743
2.74899
3.24628
3.7318
4.19222
4.60488
4.93231
5.11387
5.04944
4.54105
2.95392
0.257367
0.772974
1.29109
1.813
2.33927
2.8692
3.39983
3.92433
4.429
4.88815
5.25543
5.45099
5.34989
4.80782
3.89222
0.265576
0.798077
1.33455
1.87739
2.42849
2.98881
3.55753
4.13049
4.69722
5.235
5.69755
5.99385
5.95629
5.3337
4.05259
0.272837
0.820383
1.37353
1.93597
2.51122
3.10248
3.71214
4.34083
4.98534
5.63388
6.25487
6.76825
6.96865
6.31656
3.40393
0.278785
0.838759
1.40601
1.98556
2.58274
3.20327
3.85343
4.54004
5.27045
6.05163
6.88665
7.75967
8.57268
8.86883
6.55939
0.283049
0.852046
1.42987
2.02283
2.63794
3.2834
3.96928
4.70871
5.52011
6.43169
7.49166
8.79241
10.5355
13.2299
18.3201
17.7536
12.6346
10.0253
8.37438
7.15143
6.15358
5.29178
4.52116
3.81598
3.15968
2.54044
1.94914
1.37832
0.821536
0.272947
5.60742
8.14816
8.02896
7.34183
6.55735
5.78656
5.05421
4.36272
3.70841
3.08607
2.49022
1.91553
1.35697
0.80971
0.269163
2.18412
5.50844
6.42675
6.37657
5.95346
5.39258
4.78805
4.17826
3.5785
2.99395
2.42521
1.87066
1.32769
0.793187
0.263822
2.18488
4.5392
5.49679
5.66999
5.44499
5.02864
4.52532
3.98667
3.43788
2.89075
2.35024
1.81767
1.29248
0.773058
0.257274
3.58504
4.53962
5.11125
5.23965
5.06915
4.72484
4.2869
3.80195
3.29596
2.78285
2.26966
1.75949
1.2532
0.75037
0.249854
4.28039
4.80567
5.03323
5.01659
4.81375
4.48584
4.08091
3.63168
3.15887
2.6749
2.18689
1.69853
1.21146
0.726039
0.241861
5.53481
5.27818
5.12449
4.92255
4.64495
4.30012
3.90549
3.47763
3.02938
2.56967
2.10426
1.63661
1.16853
0.70081
0.233541
6.17477
5.67886
5.24896
4.88079
4.52262
4.14877
3.75295
3.33759
2.90773
2.46828
2.02312
1.5749
1.1253
0.675234
0.225077
7.25522
6.03339
5.33026
4.83182
4.41097
4.01248
3.6138
3.20746
2.79261
2.37077
1.944
1.51408
1.08236
0.649688
0.216601
7.29295
6.02738
5.26915
4.72874
4.28356
3.87615
3.47979
3.08311
2.68223
2.2766
1.86698
1.45446
1.04001
0.624403
0.208196
6.37073
5.66875
5.0565
4.5593
4.12974
3.73197
3.34584
2.96155
2.57503
2.1851
1.79191
1.39611
0.998424
0.599507
0.199908
5.86589
5.24754
4.76374
4.34267
3.95368
3.57953
3.21047
2.84142
2.47009
2.09577
1.71859
1.33902
0.95765
0.575058
0.191762
5.01923
4.73267
4.42723
4.10357
3.76714
3.4234
3.07497
2.72277
2.36713
2.00835
1.64685
1.28312
0.917687
0.551073
0.183767
4.32708
4.23072
4.10319
3.87319
3.58554
3.27038
2.94197
2.6064
2.26626
1.92275
1.5766
1.22835
0.878508
0.527546
0.175922
2.69607
3.75025
3.85018
3.68269
3.4229
3.12646
2.81383
2.4931
2.16764
1.83892
1.50775
1.17465
0.840073
0.504459
0.168222
4.07745
3.93235
3.78273
3.55618
3.28561
2.99367
2.69121
2.38301
2.0712
1.75674
1.44018
1.12192
0.802332
0.481785
0.16066
4.5703
4.11749
3.7686
3.46012
3.16306
2.8681
2.57247
2.27537
1.97653
1.67596
1.37374
1.07008
0.765228
0.459496
0.153226
5.07282
4.23036
3.72629
3.35604
3.03897
2.7429
2.45469
2.16884
1.88302
1.59627
1.30827
1.01903
0.72871
0.437567
0.145913
4.97306
4.10815
3.59098
3.21494
2.90022
2.61218
2.33521
2.06224
1.79009
1.5174
1.24363
0.968703
0.69274
0.415977
0.138716
4.14807
3.74438
3.3576
3.03117
2.74288
2.4737
2.21289
1.95502
1.69751
1.43922
1.17976
0.919067
0.657305
0.394723
0.131632
3.71949
3.3688
3.08225
2.82088
2.5722
2.32936
2.08848
1.8475
1.60541
1.36183
1.1167
0.870152
0.622421
0.373812
0.124665
3.05529
2.94863
2.78936
2.60173
2.39741
2.18361
1.9641
1.7407
1.51432
1.28549
1.05461
0.822037
0.588132
0.353267
0.11782
2.57828
2.56497
2.51613
2.39414
2.22918
2.04179
1.84239
1.63595
1.4249
1.21055
0.993669
0.774827
0.554497
0.333116
0.111108
1.56116
2.20598
2.29367
2.21637
2.07648
1.90829
1.72553
1.53436
1.33776
1.13734
0.934071
0.728635
0.52158
0.313395
0.104539
2.26452
2.23386
2.18578
2.08205
1.94342
1.78488
1.6145
1.43652
1.25325
1.06609
0.875963
0.683554
0.489439
0.294134
0.0981225
2.48887
2.27385
2.11652
1.97196
1.82416
1.66968
1.50874
1.34232
1.17143
0.99689
0.819424
0.639647
0.458118
0.275358
0.0918668
2.67382
2.27378
2.0384
1.86411
1.70954
1.55896
1.40677
1.25124
1.09212
0.929711
0.764479
0.596949
0.427645
0.257086
0.0857783
2.57875
2.15937
1.91786
1.74258
1.59214
1.44935
1.3071
1.16263
1.01509
0.864482
0.711123
0.555475
0.39804
0.239332
0.0798617
2.08506
1.92147
1.75134
1.60381
1.46941
1.33938
1.20898
1.07614
0.940192
0.801155
0.659351
0.515237
0.369315
0.222104
0.0741204
1.83155
1.68814
1.56914
1.45594
1.34366
1.22967
1.11255
0.991806
0.867435
0.739744
0.60918
0.476251
0.341484
0.205411
0.068557
1.4521
1.43787
1.38293
1.30743
1.21912
1.12212
1.01866
0.90999
0.796982
0.680326
0.560649
0.438538
0.31456
0.18926
0.0631739
1.19949
1.21591
1.21101
1.16784
1.10061
1.01908
0.928376
0.831192
0.729062
0.623007
0.513806
0.402122
0.288551
0.173655
0.0579722
0.701621
1.00878
1.06568
1.04498
0.99204
0.922407
0.842608
0.755833
0.66387
0.567873
0.468689
0.367016
0.263464
0.158597
0.0529518
0.964933
0.975464
0.974277
0.944512
0.895079
0.832809
0.761692
0.684083
0.601484
0.514952
0.425303
0.333215
0.23929
0.144081
0.0481108
1.02788
0.95031
0.902738
0.857726
0.807046
0.749368
0.685294
0.615804
0.541834
0.464201
0.383611
0.300691
0.216009
0.130093
0.0434449
1.03906
0.904355
0.829446
0.774895
0.723888
0.67038
0.612668
0.550644
0.484733
0.415505
0.343541
0.269394
0.193587
0.116613
0.0389476
0.964448
0.816909
0.742041
0.689623
0.642481
0.594327
0.543049
0.488192
0.429942
0.368715
0.304989
0.239253
0.171977
0.103616
0.03461
0.709346
0.679027
0.639069
0.600706
0.561794
0.520456
0.475926
0.428105
0.377226
0.323663
0.267838
0.210183
0.151123
0.0910679
0.0304215
0.559495
0.547865
0.535011
0.51219
0.482805
0.448817
0.411099
0.37015
0.326381
0.280187
0.231962
0.182094
0.130961
0.0789322
0.0263699
0.293782
0.417576
0.437895
0.428252
0.407026
0.379782
0.348527
0.314163
0.277226
0.238127
0.197232
0.154886
0.111423
0.0671688
0.022442
0.350147
0.359164
0.361604
0.352373
0.335442
0.313545
0.288125
0.259972
0.229579
0.19732
0.163513
0.128457
0.092438
0.0557351
0.0186237
0.335504
0.305339
0.293434
0.281857
0.267321
0.249765
0.229633
0.207345
0.183237
0.157592
0.130666
0.102701
0.0739302
0.0445868
0.0149004
0.256729
0.238851
0.225054
0.21341
0.201311
0.187785
0.172649
0.155989
0.137968
0.11876
0.0985463
0.0775066
0.0558229
0.0336784
0.0112569
0.199621
0.169546
0.155195
0.145291
0.136304
0.126934
0.116732
0.105589
0.0935293
0.0806328
0.0670044
0.0527634
0.0380383
0.0229638
0.00767812
0.0933308
0.0893377
0.0822635
0.0765487
0.0715742
0.0666704
0.0614774
0.0558323
0.0496787
0.0430192
0.0358924
0.0283599
0.020499
0.0123974
0.00414889
0.0245372
0.0112831
0.00840044
0.00730336
0.00680575
0.00661756
0.00654547
0.00643648
0.00618583
0.00573562
0.00506651
0.00418793
0.00312953
0.0019345
0.000654439
-0.095878
-0.0739616
-0.0666915
-0.0623483
-0.058168
-0.0535071
-0.0483529
-0.0428538
-0.0371622
-0.0313906
-0.0256094
-0.0198556
-0.0141425
-0.00846775
-0.00281947
-0.160461
-0.149026
-0.139742
-0.131878
-0.123467
-0.113967
-0.103483
-0.0922711
-0.0805597
-0.0685181
-0.0562618
-0.0438673
-0.0313853
-0.0188501
-0.00628635
-0.251634
-0.222591
-0.211797
-0.201781
-0.189514
-0.175101
-0.159113
-0.142029
-0.12418
-0.105789
-0.0870057
-0.0679362
-0.0486623
-0.0292506
-0.00975892
-0.27709
-0.283478
-0.283308
-0.273242
-0.257043
-0.237323
-0.215497
-0.19231
-0.168172
-0.143328
-0.117943
-0.0921433
-0.0660324
-0.0397049
-0.0132491
-0.247583
-0.348916
-0.361686
-0.348957
-0.327011
-0.301002
-0.272821
-0.243247
-0.212648
-0.181237
-0.149165
-0.116562
-0.0835502
-0.0502465
-0.0167682
-0.49157
-0.475854
-0.457767
-0.431067
-0.399795
-0.366183
-0.331105
-0.294888
-0.257682
-0.219598
-0.18075
-0.141262
-0.101267
-0.0609076
-0.0203271
-0.635005
-0.60444
-0.559827
-0.516349
-0.474197
-0.432375
-0.390175
-0.34721
-0.303319
-0.258485
-0.212775
-0.166309
-0.119235
-0.0717198
-0.0239365
-0.887418
-0.74278
-0.661098
-0.600706
-0.548365
-0.498824
-0.449768
-0.400167
-0.349605
-0.297973
-0.245318
-0.191772
-0.137506
-0.082716
-0.0276075
-0.973077
-0.837401
-0.747581
-0.679468
-0.620582
-0.564929
-0.509732
-0.453784
-0.396626
-0.338163
-0.278475
-0.21773
-0.156138
-0.0939308
-0.0313518
-1.00473
-0.900177
-0.818988
-0.751815
-0.690549
-0.630707
-0.57021
-0.508232
-0.444546
-0.379196
-0.31236
-0.24427
-0.175192
-0.105401
-0.0351815
-1.02626
-0.946727
-0.880658
-0.820053
-0.759519
-0.69693
-0.631706
-0.563858
-0.49361
-0.421254
-0.347106
-0.271491
-0.194736
-0.117167
-0.0391097
-1.05019
-0.983922
-0.938528
-0.888233
-0.829906
-0.764972
-0.69501
-0.621139
-0.544127
-0.464545
-0.382862
-0.299496
-0.214839
-0.129267
-0.0431496
-0.996641
-1.00661
-0.999793
-0.961979
-0.90487
-0.836492
-0.761015
-0.680588
-0.596417
-0.509284
-0.419777
-0.32839
-0.235571
-0.141743
-0.0473142
-0.738275
-1.04096
-1.08257
-1.04911
-0.987647
-0.912925
-0.830441
-0.74262
-0.650748
-0.555659
-0.457986
-0.358269
-0.256997
-0.154632
-0.0516159
-1.29509
-1.2566
-1.21747
-1.15566
-1.07962
-0.994728
-0.903554
-0.807447
-0.707298
-0.603813
-0.497601
-0.389216
-0.279174
-0.167967
-0.0560656
-1.57626
-1.47266
-1.3681
-1.27209
-1.1777
-1.08087
-0.980071
-0.875059
-0.766146
-0.653843
-0.538709
-0.421301
-0.302152
-0.181778
-0.0606732
-2.01754
-1.68938
-1.51275
-1.38736
-1.27747
-1.16975
-1.05948
-0.945356
-0.827328
-0.70582
-0.581381
-0.45458
-0.325972
-0.196088
-0.0654467
-2.11475
-1.80083
-1.62181
-1.49183
-1.37569
-1.26035
-1.14155
-1.01833
-0.890904
-0.75981
-0.625673
-0.489099
-0.350664
-0.210918
-0.0703924
-1.99304
-1.81856
-1.69676
-1.58664
-1.47333
-1.35332
-1.22665
-1.09421
-0.956996
-0.815889
-0.671636
-0.524892
-0.376254
-0.226281
-0.0755151
-1.82371
-1.79967
-1.76357
-1.68363
-1.57558
-1.45088
-1.3157
-1.17336
-1.02576
-0.874126
-0.719304
-0.561981
-0.402755
-0.242187
-0.0808177
-1.2671
-1.7891
-1.86076
-1.80009
-1.68935
-1.55566
-1.40967
-1.25611
-1.0973
-0.934545
-0.768683
-0.600368
-0.430172
-0.258638
-0.0863018
-2.10782
-2.09122
-2.04979
-1.95126
-1.81901
-1.66892
-1.50884
-1.34246
-1.17154
-0.997085
-0.819736
-0.640038
-0.458499
-0.275634
-0.0919676
-2.50258
-2.41051
-2.27841
-2.12577
-1.96099
-1.78905
-1.61234
-1.43189
-1.2482
-1.06159
-0.872388
-0.680957
-0.487726
-0.293174
-0.0978154
-3.05207
-2.7575
-2.52123
-2.30861
-2.10788
-1.91242
-1.71835
-1.52352
-1.32683
-1.12786
-0.92655
-0.723095
-0.517848
-0.311261
-0.103847
-3.40025
-3.0639
-2.74751
-2.48311
-2.25101
-2.03475
-1.82483
-1.61637
-1.407
-1.1957
-0.982158
-0.766444
-0.548877
-0.329907
-0.110067
-4.05969
-3.35634
-2.93755
-2.63507
-2.38307
-2.15256
-1.9302
-1.70977
-1.48845
-1.26506
-1.03923
-0.811044
-0.580851
-0.349139
-0.116486
-4.13284
-3.45101
-3.04671
-2.75184
-2.5001
-2.26462
-2.03412
-1.8037
-1.57128
-1.33605
-1.09788
-0.857
-0.61385
-0.369006
-0.123119
-3.7063
-3.35278
-3.07972
-2.83853
-2.60572
-2.37311
-2.13788
-1.89895
-1.65598
-1.40903
-1.15837
-0.904489
-0.647993
-0.389577
-0.12999
-3.30139
-3.19853
-3.09043
-2.91927
-2.71106
-2.48331
-2.24408
-1.99689
-1.74338
-1.4845
-1.22104
-0.953747
-0.683435
-0.410939
-0.137127
-2.18166
-3.04775
-3.14479
-3.02556
-2.82985
-2.60133
-2.35569
-2.09912
-1.83441
-1.56309
-1.2863
-1.00505
-0.720354
-0.433194
-0.144561
-3.49045
-3.43087
-3.34914
-3.1848
-2.97128
-2.73109
-2.47473
-2.20689
-1.92994
-1.64541
-1.35459
-1.05871
-0.758942
-0.456445
-0.152327
-4.04002
-3.82917
-3.61067
-3.37799
-3.13109
-2.87193
-2.6016
-2.32087
-2.03062
-1.732
-1.42632
-1.11499
-0.799384
-0.480795
-0.160457
-4.69867
-4.23256
-3.88182
-3.58085
-3.29925
-3.02034
-2.73555
-2.44133
-2.13701
-1.82339
-1.5019
-1.17419
-0.841844
-0.50633
-0.168978
-5.07914
-4.55556
-4.11816
-3.77004
-3.46536
-3.17267
-2.87589
-2.56868
-2.24975
-1.92014
-1.58172
-1.23653
-0.886452
-0.533107
-0.177904
-5.7497
-4.81842
-4.29223
-3.9288
-3.62297
-3.32762
-3.02332
-2.70405
-2.36981
-2.0229
-1.66614
-1.3022
-0.933269
-0.561139
-0.187236
-5.6719
-4.79963
-4.35297
-4.04732
-3.77307
-3.48857
-3.18097
-2.84968
-2.49856
-2.13239
-1.75548
-1.37124
-0.982245
-0.590364
-0.196948
-4.6967
-4.48492
-4.31549
-4.14374
-3.93009
-3.6653
-3.35487
-3.00896
-2.63768
-2.24927
-1.8498
-1.4435
-1.03316
-0.620612
-0.206978
-3.99948
-4.14046
-4.2793
-4.26896
-4.1224
-3.87346
-3.55314
-3.1857
-2.78862
-2.37376
-1.9488
-1.51847
-1.08556
-0.651569
-0.217216
-2.36699
-3.79715
-4.34641
-4.48844
-4.38563
-4.13086
-3.78384
-3.38284
-2.95179
-2.50519
-2.05144
-1.59517
-1.13864
-0.682736
-0.227491
-3.0286
-4.06529
-4.69602
-4.87755
-4.75429
-4.45205
-4.05167
-3.60059
-3.12565
-2.64151
-2.15578
-1.67197
-1.19123
-0.713403
-0.237568
-3.13418
-4.61501
-5.35733
-5.47791
-5.2472
-4.84121
-4.35439
-3.83466
-3.30572
-2.77884
-2.25872
-1.74656
-1.24174
-0.742645
-0.247142
-2.52188
-5.67722
-6.45013
-6.32178
-5.8617
-5.28634
-4.67973
-4.07488
-3.48422
-2.91139
-2.35604
-1.81599
-1.28822
-0.76935
-0.255852
-5.87857
-8.39349
-8.16828
-7.39561
-6.55599
-5.75294
-5.00359
-4.30502
-3.65019
-3.03169
-2.44265
-1.87682
-1.32846
-0.792285
-0.263303
-18.311
-13.0123
-10.266
-8.51563
-7.22457
-6.18193
-5.2919
-4.5046
-3.79078
-3.13143
-2.51308
-1.92544
-1.36018
-0.810186
-0.269089
0.285263
0.859133
1.44322
2.04496
2.67284
3.33714
4.05104
4.83258
5.70838
6.72116
7.94651
9.5333
11.8132
15.65
23.7078
0.28457
0.857383
1.44142
2.04489
2.67723
3.34989
4.0776
4.88031
5.78666
6.84013
8.11
9.70957
11.8183
14.6641
18.152
0.280188
0.844355
1.4201
2.01584
2.64115
3.30745
4.02896
4.82409
5.7174
6.74228
7.94355
9.37602
11.0856
13.0356
14.8883
0.271997
0.819701
1.37871
1.95713
2.56398
3.20967
3.90652
4.66937
5.51612
6.46764
7.54568
8.76495
10.1121
11.5039
12.7252
0.260078
0.783698
1.31783
1.86989
2.44786
3.06059
3.71786
4.43045
5.20966
6.06603
7.00607
8.02497
9.09323
10.1414
11.0521
0.244678
0.737138
1.23897
1.75664
2.29691
2.86683
3.4737
4.12463
4.82575
5.58062
6.38754
7.23481
8.09387
8.91569
9.63526
0.226164
0.681168
1.14422
1.62074
2.1162
2.63601
3.18526
3.76828
4.38765
5.04298
5.72895
6.43288
7.13179
7.79249
8.37685
0.204961
0.617113
1.03595
1.46585
1.9111
2.37566
2.86292
3.37521
3.91303
4.47406
5.05202
5.63559
6.20741
6.74512
7.22515
0.181512
0.546339
0.916539
1.29557
1.68665
2.09258
2.51551
2.95646
3.41481
3.8876
4.36891
4.84941
5.31637
5.75459
6.1489
0.156245
0.470148
0.788245
1.11317
1.44729
1.79251
2.1501
2.52031
2.90204
3.29237
3.68624
4.0764
4.45358
4.80741
5.12785
0.129552
0.389725
0.653062
0.921508
1.19674
1.48004
1.77207
2.07269
2.38069
2.69353
3.00719
3.31621
3.614
3.89342
4.14779
0.101777
0.306106
0.512716
0.722987
0.938069
1.15877
1.38541
1.6177
1.85453
2.0939
2.33279
2.56727
2.79278
3.0045
3.19799
0.0732188
0.220177
0.368666
0.519596
0.673706
0.831478
0.99305
1.15811
1.32583
1.49474
1.66278
1.82733
1.98538
2.13385
2.26991
0.0441328
0.132698
0.222142
0.31298
0.405622
0.500324
0.597129
0.695822
0.795876
0.896422
0.99625
1.09386
1.18755
1.2756
1.35644
-32271.7
-32215.2
-32158.7
-32102.4
-32046.3
-31990.5
-31935
-31879.9
-31825.3
-31771.2
-31717.8
-31665
-31612.9
-31561.7
-31511.4
31.8647
-5.54369
43.2744
7.35282
43.3186
15.2431
-12.5311
23.6081
-10.9845
42.4223
8.45608
41.81
13.8287
38.8998
18.0224
-2.09167
22.5877
-1.31996
33.5703
11.189
31.423
15.1167
-0.214348
17.0282
-0.57061
18.1293
-0.423575
25.3668
8.52523
22.8315
10.6837
-0.696498
11.3319
-1.67928
11.4796
-2.3521
16.3414
3.55979
14.1171
4.58498
-4.56524
4.64821
-6.26225
4.61246
-7.65612
9.27516
-2.86268
7.68685
-2.84061
5.69857
-2.89386
-11.6681
-2.26864
-13.6239
2.31542
-9.47633
1.12576
-8.73707
-18.8961
-8.38418
-21.7969
-7.55294
-23.9327
0.124787
-16.9123
-0.498831
-14.784
-29.5906
-13.1063
-32.9326
-10.5971
-34.9566
2.29712
-23.0098
2.69211
-18.2935
-39.9408
-14.2157
-43.0773
-8.97038
-44.0261
11.1734
-24.6348
13.0975
-15.7017
-44.8271
-7.20567
-44.4733
6.62123
-32.0153
19.2473
14.0288
21.6087
17.6333
21.7907
14.8355
8.09234
12.8567
10.2561
20.3348
18.135
23.5685
20.0692
22.4855
16.951
11.6256
14.3878
12.0358
18.0695
15.8642
18.0504
13.7369
9.3764
10.7505
8.17931
10.7975
9.05778
13.4618
11.6495
12.9847
9.59548
6.16467
6.85122
4.70523
6.30457
4.76277
7.73779
6.13021
6.8865
4.04335
1.15263
1.47919
-0.451783
0.76774
-0.639861
2.07604
0.674806
1.83121
-0.0757817
0.144195
-2.63473
-5.37039
-4.85732
-6.48842
-4.20307
-5.89127
-5.25213
-8.31924
-11.4989
-11.1155
-13.4115
-11.6885
-13.4208
-9.46717
-11.4442
-9.95998
-14.0492
-18.3143
-17.1882
-20.1213
-16.917
-18.9756
-12.3588
-14.7497
-11.832
-17.3621
-23.122
-20.689
-24.3453
-18.8267
-21.118
-10.6949
-13.3535
-8.32053
-15.2534
-22.3974
-17.9524
-21.9732
-13.9475
-19.2834
15.5774
15.171
16.5814
16.2018
16.2638
14.1215
12.1441
12.71
13.2377
15.9273
16.821
18.1895
17.79
17.5198
15.5774
13.6956
13.5517
13.3153
14.4321
14.2151
14.0368
12.4243
10.7085
10.1535
9.45578
9.74077
9.69157
10.5079
10.2413
9.94087
8.5669
7.09643
6.44911
5.69611
5.65258
5.37323
5.73321
5.29669
4.83928
3.57018
2.23748
1.56091
0.821813
0.706046
0.438512
0.805796
0.529498
0.387172
-0.373513
-1.09141
-2.43773
-3.75079
-4.35827
-4.99249
-4.99939
-5.65729
-6.29268
-7.73905
-9.23257
-9.98834
-10.8136
-10.8479
-11.0966
-10.5185
-10.9597
-11.3947
-13.0608
-14.801
-15.4242
-16.1476
-15.6579
-15.4867
-14.0429
-14.1331
-14.1906
-16.0988
-18.1003
-18.3929
-18.8243
-17.436
-16.5178
-13.7247
-13.147
-12.5069
-14.5001
-16.6551
-16.5075
-16.8195
-15.2743
-15.6485
13.3944
13.6961
14.1313
14.1334
13.9106
13.1693
12.5326
12.6178
13.1053
14.1052
14.8223
15.356
15.3237
14.9613
14.1158
13.2624
12.8482
12.6455
12.7146
12.5099
12.0877
11.2599
10.3685
9.76141
9.31666
9.16482
9.0786
9.11328
8.88138
8.4428
7.67704
6.84259
6.1989
5.66511
5.33996
5.06289
4.87553
4.49322
3.96088
3.18854
2.37735
1.73254
1.19768
0.862825
0.6027
0.462382
0.191372
-0.166263
-0.732714
-1.42194
-2.2885
-3.14723
-3.82065
-4.39984
-4.85814
-5.45562
-6.16527
-7.09087
-8.02851
-8.7611
-9.35437
-9.69854
-9.963
-10.1016
-10.4839
-11.0566
-11.9652
-12.8958
-13.5156
-13.9203
-13.9397
-13.8299
-13.5176
-13.5633
-13.8835
-14.7005
-15.5387
-15.8965
-15.9228
-15.3677
-14.6168
-13.5638
-13.0295
-12.9006
-13.513
-14.2278
-14.3995
-14.3393
-13.8363
-13.4893
11.6513
12.0276
12.3034
12.3873
12.3026
12.0647
11.8803
11.9445
12.2335
12.6887
13.0863
13.336
13.3311
13.0971
12.6642
12.1953
11.8388
11.5828
11.3901
11.1167
10.7215
10.1861
9.61776
9.13452
8.75473
8.49343
8.29065
8.10173
7.81837
7.41519
6.88545
6.31341
5.78991
5.33314
4.95769
4.62298
4.2983
3.90557
3.42787
2.86266
2.27747
1.74576
1.28543
0.912003
0.594422
0.307307
-0.0218279
-0.418749
-0.914833
-1.49683
-2.15023
-2.8102
-3.41838
-3.98088
-4.51603
-5.09192
-5.72642
-6.42484
-7.11917
-7.73394
-8.25327
-8.66326
-9.00995
-9.33282
-9.7332
-10.2336
-10.8372
-11.4371
-11.9159
-12.2468
-12.4065
-12.4634
-12.4758
-12.5967
-12.8598
-13.2704
-13.6678
-13.8759
-13.8574
-13.5802
-13.1493
-12.6548
-12.3267
-12.2256
-12.3774
-12.5813
-12.6248
-12.4955
-12.1731
-11.7566
10.1499
10.5031
10.751
10.883
10.9144
10.8824
10.8691
10.9468
11.1214
11.3543
11.5622
11.6817
11.6674
11.5187
11.2634
10.9658
10.6837
10.4283
10.1812
9.89818
9.55671
9.15879
8.74397
8.35811
8.02165
7.73726
7.48228
7.22577
6.92751
6.56944
6.15447
5.71405
5.28454
4.88383
4.51654
4.16847
3.81891
3.44013
3.02079
2.56546
2.10052
1.65616
1.24804
0.880789
0.542325
0.212829
-0.137314
-0.528319
-0.97309
-1.46875
-2.00232
-2.54757
-3.08168
-3.60112
-4.11502
-4.64362
-5.19526
-5.76445
-6.32415
-6.84388
-7.30932
-7.71879
-8.09081
-8.45208
-8.83796
-9.26178
-9.71409
-10.1523
-10.5284
-10.8193
-11.0209
-11.1603
-11.2771
-11.4246
-11.6231
-11.8588
-12.0684
-12.1811
-12.1637
-12.0131
-11.7727
-11.5055
-11.2965
-11.1853
-11.1661
-11.165
-11.0982
-10.9294
-10.6448
-10.2578
8.8142
9.13034
9.36595
9.52394
9.61784
9.67328
9.72719
9.80957
9.92553
10.0563
10.1658
10.2204
10.1974
10.0938
9.92363
9.71407
9.49029
9.26193
9.02427
8.76395
8.47329
8.15599
7.82861
7.51068
7.2137
6.93886
6.67627
6.41003
6.12291
5.80573
5.46023
5.09906
4.73778
4.38647
4.04777
3.71617
3.38164
3.03313
2.66558
2.28208
1.89392
1.51432
1.15176
0.808044
0.47724
0.14801
-0.194033
-0.560547
-0.958166
-1.38621
-1.83771
-2.30113
-2.76627
-3.22949
-3.69306
-4.16237
-4.63903
-5.118
-5.58694
-6.03231
-6.44627
-6.82854
-7.18746
-7.53618
-7.8884
-8.24916
-8.61162
-8.957
-9.26421
-9.52062
-9.72514
-9.88986
-10.0344
-10.1794
-10.3329
-10.4851
-10.6088
-10.6735
-10.6622
-10.5755
-10.4345
-10.2725
-10.1255
-10.0125
-9.92843
-9.84277
-9.71816
-9.52928
-9.2634
-8.91871
7.59509
7.87285
8.09194
8.25637
8.37585
8.46556
8.54346
8.62319
8.70758
8.78791
8.84763
8.86979
8.8428
8.76406
8.6398
8.48206
8.30272
8.10827
7.89921
7.67274
7.4276
7.16707
6.89904
6.63249
6.37331
6.12229
5.87503
5.62393
5.3612
5.08242
4.78822
4.4839
4.17635
3.87068
3.56854
3.26787
2.96433
2.65344
2.33319
2.00534
1.67493
1.34789
1.02828
0.716696
0.409896
0.101683
-0.215439
-0.547879
-0.899312
-1.26973
-1.65579
-2.05207
-2.45346
-2.85714
-3.2626
-3.67029
-4.07924
-4.4857
-4.88338
-5.26569
-5.62853
-5.97157
-6.29841
-6.61483
-6.92611
-7.23363
-7.53328
-7.8162
-8.07258
-8.29612
-8.48615
-8.64797
-8.79032
-8.9214
-9.04374
-9.15184
-9.23332
-9.27478
-9.26839
-9.21532
-9.12612
-9.01716
-8.90475
-8.79753
-8.69256
-8.57605
-8.42997
-8.23932
-7.99483
-7.693
6.45917
6.69868
6.89541
7.0523
7.17548
7.27358
7.35579
7.42881
7.49418
7.54793
7.58224
7.58875
7.56145
7.49862
7.40294
7.27998
7.13575
6.97449
6.79816
6.60734
6.40306
6.188
5.9664
5.74281
5.52031
5.29952
5.07854
4.85388
4.62197
4.38069
4.13024
3.87289
3.61176
3.34939
3.0868
2.82335
2.55732
2.28696
2.01158
1.73213
1.45096
1.17072
0.893209
0.618477
0.344637
0.0682739
-0.214657
-0.507682
-0.8129
-1.1305
-1.45887
-1.79533
-2.13703
-2.48187
-2.82854
-3.17597
-3.52255
-3.86556
-4.20141
-4.52656
-4.83869
-5.13731
-5.42373
-5.70018
-5.96849
-6.22867
-6.47824
-6.71274
-6.9274
-7.11896
-7.28685
-7.43317
-7.56152
-7.67499
-7.77411
-7.85585
-7.91444
-7.94388
-7.94078
-7.90607
-7.84508
-7.76575
-7.67558
-7.57839
-7.47252
-7.35121
-7.20528
-7.02626
-6.80823
-6.54855
5.38385
5.58542
5.75554
5.89601
6.01045
6.10369
6.18059
6.24462
6.29673
6.33513
6.35612
6.35559
6.33047
6.27975
6.20461
6.1078
5.99258
5.86174
5.71728
5.56066
5.39344
5.21772
5.03607
4.85103
4.66434
4.47653
4.28688
4.09385
3.89582
3.69181
3.48186
3.26699
3.04866
2.82814
2.60607
2.38235
2.15637
1.92753
1.69567
1.46132
1.22556
0.989587
0.754111
0.518977
0.283038
0.0443679
-0.199269
-0.44984
-0.708553
-0.975597
-1.25018
-1.53085
-1.81591
-2.10379
-2.39315
-2.68266
-2.97076
-3.25547
-3.53455
-3.80588
-4.06798
-4.32028
-4.56302
-4.79685
-5.02217
-5.23855
-5.44441
-5.63739
-5.81496
-5.97537
-6.11804
-6.24366
-6.35353
-6.44866
-6.52889
-6.59255
-6.63689
-6.65918
-6.65799
-6.63396
-6.58976
-6.52921
-6.45578
-6.37108
-6.27408
-6.16126
-6.02779
-5.86893
-5.6812
-5.463
4.35324
4.51725
4.65818
4.777
4.87575
4.95711
5.0237
5.07739
5.11881
5.14718
5.16078
5.1576
5.13613
5.09583
5.03727
4.96193
4.87169
4.7684
4.65371
4.52905
4.39588
4.25579
4.11047
3.96145
3.80983
3.65607
3.49996
3.3409
3.17818
3.01136
2.84048
2.666
2.48864
2.30906
2.12766
1.94452
1.75949
1.57241
1.38331
1.19249
1.00045
0.807702
0.614498
0.420624
0.225364
0.0276095
-0.1739
-0.380272
-0.592202
-0.809826
-1.03272
-1.26004
-1.4907
-1.72358
-1.95753
-2.19138
-2.42384
-2.65348
-2.8788
-3.09843
-3.31135
-3.51697
-3.71509
-3.90571
-4.08868
-4.26347
-4.42907
-4.5841
-4.72715
-4.85717
-4.97367
-5.07671
-5.16662
-5.2436
-5.30735
-5.3569
-5.39091
-5.40811
-5.40789
-5.39066
-5.35775
-5.31096
-5.25188
-5.18115
-5.09808
-5.00076
-4.88657
-4.75291
-4.59782
-4.42044
3.35548
3.48241
3.59275
3.68699
3.76623
3.83192
3.88548
3.92797
3.95978
3.98063
3.98971
3.98609
3.96904
3.9383
3.89423
3.83765
3.7697
3.69162
3.6046
3.50982
3.40841
3.30152
3.1903
3.07573
2.95854
2.83909
2.71742
2.59333
2.46653
2.33686
2.20436
2.06926
1.93192
1.7927
1.65185
1.50949
1.36563
1.22028
1.07349
0.925451
0.776391
0.626516
0.475879
0.324292
0.171305
0.0162716
-0.141522
-0.302702
-0.467662
-0.636482
-0.808914
-0.984439
-1.16236
-1.34186
-1.52209
-1.70215
-1.88105
-2.05778
-2.23132
-2.40075
-2.56533
-2.72455
-2.87807
-3.02568
-3.16706
-3.30175
-3.42906
-3.54816
-3.65822
-3.75856
-3.84879
-3.92875
-3.99842
-4.05772
-4.10634
-4.14373
-4.16921
-4.18218
-4.18238
-4.17002
-4.14576
-4.11045
-4.06478
-4.00897
-3.94256
-3.86449
-3.77332
-3.66766
-3.54644
-3.40927
2.38125
2.47152
2.5506
2.61867
2.67631
2.72427
2.76332
2.79403
2.81665
2.8311
2.83703
2.83402
2.82173
2.80008
2.76929
2.72983
2.6824
2.62778
2.56678
2.50022
2.4289
2.35359
2.27504
2.19387
2.11056
2.02539
1.93846
1.84972
1.75909
1.66652
1.57205
1.4758
1.37796
1.27874
1.17827
1.07666
0.973973
0.870237
0.76552
0.659916
0.553534
0.446449
0.338647
0.229988
0.120199
0.0089127
-0.104271
-0.219695
-0.337576
-0.457952
-0.580673
-0.705422
-0.831751
-0.959129
-1.08696
-1.21462
-1.34144
-1.46673
-1.58983
-1.71012
-1.82711
-1.94039
-2.04966
-2.15468
-2.25515
-2.35072
-2.44095
-2.52533
-2.60335
-2.6746
-2.73877
-2.79569
-2.84524
-2.88727
-2.92156
-2.94779
-2.96561
-2.97472
-2.975
-2.96658
-2.94975
-2.9249
-2.89232
-2.85205
-2.80382
-2.74702
-2.68091
-2.60473
-2.51796
-2.42043
1.42281
1.47682
1.52434
1.56543
1.60037
1.6295
1.65321
1.67177
1.68534
1.69389
1.69728
1.69535
1.68796
1.67509
1.65687
1.63355
1.6055
1.57317
1.53703
1.49754
1.45517
1.41038
1.36359
1.31514
1.26532
1.21429
1.16214
1.10888
1.05449
0.998967
0.94234
0.884674
0.82606
0.766597
0.70637
0.645442
0.583855
0.521646
0.458855
0.395529
0.331714
0.267434
0.202665
0.137324
0.0712632
0.00429345
-0.0637864
-0.133148
-0.203897
-0.276049
-0.349521
-0.424138
-0.49965
-0.575754
-0.652106
-0.728335
-0.804054
-0.878869
-0.952398
-1.02429
-1.09425
-1.16203
-1.22743
-1.29026
-1.35033
-1.40744
-1.46131
-1.51168
-1.55828
-1.60085
-1.63924
-1.67329
-1.70292
-1.72801
-1.74843
-1.76401
-1.77457
-1.77999
-1.7802
-1.77527
-1.76532
-1.75051
-1.73095
-1.70663
-1.67741
-1.64298
-1.60297
-1.55702
-1.5049
-1.44656
-31466
-31425.5
-31385.7
-31346.5
-31308.2
-31270.5
-31233.7
-31197.6
-31162.3
-31127.8
-31094.1
-31061.2
-31029.2
-30997.9
-30967.4
-30937.6
-30908.7
-30880.5
-30853
-30826.3
-30800.3
-30775
-30750.3
-30726.3
-30702.9
-30680.1
-30657.9
-30636.2
-30615
-30594.4
-30574.2
-30554.5
-30535.2
-30516.3
-30497.7
-30479.5
-30461.6
-30443.9
-30426.6
-30409.4
-30392.4
-30375.6
-30358.9
-30342.3
-30325.8
-30309.3
-30292.8
-30276.2
-30259.7
-30243
-30226.2
-30209.2
-30192.1
-30174.7
-30157
-30139
-30120.7
-30102
-30082.9
-30063.4
-30043.3
-30022.8
-30001.7
-29980.1
-29957.8
-29934.9
-29911.3
-29887.1
-29862.1
-29836.4
-29810
-29782.8
-29754.8
-29726
-29696.4
-29666
-29634.7
-29602.7
-29569.7
-29536
-29501.4
-29466
-29429.8
-29392.7
-29354.9
-29316.2
-29276.8
-29236.6
-29195.7
-29154.1
-23.8629
-15.5783
-11.6517
-9.33778
-7.74255
-6.52152
-5.5205
-4.66108
-3.89885
-3.20618
-2.56437
-1.95985
-1.38206
-0.822297
-0.272961
-18.203
-14.6343
-11.7252
-9.57971
-7.96287
-6.68829
-5.63855
-4.74164
-3.95228
-3.24058
-2.58578
-1.97262
-1.38922
-0.825842
-0.274021
-14.9321
-13.03
-11.0346
-9.29248
-7.84043
-6.6298
-5.60338
-4.71438
-3.92781
-3.21791
-2.56542
-1.95551
-1.37628
-0.81778
-0.271284
-12.7811
-11.5185
-10.0902
-8.71463
-7.47605
-6.38665
-5.43044
-4.58441
-3.82646
-3.13766
-2.50236
-1.9076
-1.34251
-0.797666
-0.2646
-11.1195
-10.1723
-9.09264
-7.99916
-6.96202
-6.00989
-5.14701
-4.36612
-3.65577
-3.00376
-2.3986
-1.82992
-1.28843
-0.765721
-0.25403
-9.70948
-8.95772
-8.10832
-7.22684
-6.36255
-5.54352
-4.78129
-4.07708
-3.42655
-2.82285
-2.25824
-1.72495
-1.21548
-0.72271
-0.239813
-8.45247
-7.84023
-7.15555
-6.43687
-5.71743
-5.02004
-4.35731
-3.73415
-3.15034
-2.6027
-2.08644
-1.59606
-1.12577
-0.669775
-0.222312
-7.29852
-6.79467
-6.23633
-5.6473
-5.04997
-4.46165
-3.89358
-3.35168
-2.83781
-2.35103
-1.88866
-1.44698
-1.02171
-0.608269
-0.201962
-6.21766
-5.80321
-5.34747
-4.86575
-4.37328
-3.8828
-3.40351
-2.94105
-2.49805
-2.07483
-1.67009
-1.28143
-0.905763
-0.539603
-0.179222
-5.18994
-4.85279
-4.48434
-4.09474
-3.69442
-3.29261
-2.89647
-2.51083
-2.1384
-1.78007
-1.43536
-1.10281
-0.780263
-0.465129
-0.154535
-4.20128
-3.93344
-3.64218
-3.33428
-3.01689
-2.69659
-2.37876
-2.06728
-1.76453
-1.47157
-1.18838
-0.914109
-0.647298
-0.386076
-0.128304
-3.24124
-3.03739
-2.81653
-2.58316
-2.34213
-2.09799
-1.85461
-1.6149
-1.38077
-1.15322
-0.932419
-0.717898
-0.508709
-0.303551
-0.100899
-2.30164
-2.15824
-2.00328
-1.83962
-1.67039
-1.49855
-1.3267
-1.15685
-0.990382
-0.828069
-0.670126
-0.516319
-0.366061
-0.218509
-0.0726453
-1.37576
-1.29055
-1.19862
-1.10158
-1.00115
-0.899033
-0.796701
-0.695339
-0.595775
-0.498492
-0.403652
-0.311153
-0.220679
-0.131757
-0.0438105
-29107.6
-29056
-29003.4
-28950.1
-28896
-28841.2
-28785.8
-28729.9
-28673.5
-28616.7
-28559.6
-28502.2
-28444.6
-28386.8
-28328.9
)
;

boundaryField
{
    hot
    {
        type            calculated;
        value           nonuniform List<scalar> 
120
(
32272.1
-0.040676
-0.0676022
-0.0942173
-0.120359
-0.145813
-0.170306
-0.193523
-0.215088
-0.234583
-0.251579
-0.26567
-0.276529
-0.283952
-0.287903
-0.288723
-0.287132
-0.283677
-0.278647
-0.272341
-0.265044
-0.257014
-0.248464
-0.239566
-0.230456
-0.221237
-0.211993
-0.202789
-0.19368
-0.184711
-0.175917
-0.167326
-0.158958
-0.150827
-0.142941
-0.135303
-0.127914
-0.120767
-0.113857
-0.107171
-0.100699
-0.094429
-0.08835
-0.0824535
-0.0767323
-0.0711808
-0.0657932
-0.0605637
-0.055485
-0.0505489
-0.0457462
-0.041067
-0.0365012
-0.0320384
-0.0276676
-0.0233777
-0.0191562
-0.0149902
-0.0108654
-0.00676695
-0.00267939
0.00141284
0.0055252
0.00967283
0.0138704
0.0181322
0.022472
0.0269034
0.0314396
0.0360933
0.0408765
0.0457997
0.0508717
0.0560994
0.0614875
0.0670389
0.0727553
0.0786371
0.0846845
0.0908965
0.0972713
0.103805
0.110493
0.117329
0.124305
0.131417
0.138665
0.146051
0.153584
0.161278
0.16915
0.177217
0.185495
0.193996
0.202725
0.211672
0.220808
0.230075
0.23937
0.248539
0.257367
0.265576
0.272837
0.278785
0.283049
0.285263
0.28457
0.280188
0.271997
0.260078
0.244678
0.226164
0.204961
0.181512
0.156245
0.129552
0.101777
0.0732188
0.0441328
-32271.7
)
;
    }
    cold
    {
        type            calculated;
        value           nonuniform List<scalar> 
120
(
28328.5
0.0424567
0.0704366
0.0979057
0.124617
0.150283
0.174572
0.197111
0.217491
0.235293
0.250115
0.261616
0.269575
0.273929
0.274808
0.272947
0.269163
0.263822
0.257274
0.249854
0.241861
0.233541
0.225077
0.216601
0.208196
0.199908
0.191762
0.183767
0.175922
0.168222
0.16066
0.153226
0.145913
0.138716
0.131632
0.124665
0.11782
0.111108
0.104539
0.0981225
0.0918668
0.0857783
0.0798617
0.0741204
0.068557
0.0631739
0.0579722
0.0529518
0.0481108
0.0434449
0.0389476
0.03461
0.0304215
0.0263699
0.022442
0.0186237
0.0149004
0.0112569
0.00767812
0.00414889
0.000654439
-0.00281947
-0.00628635
-0.00975892
-0.0132491
-0.0167682
-0.0203271
-0.0239365
-0.0276075
-0.0313518
-0.0351815
-0.0391097
-0.0431496
-0.0473142
-0.0516159
-0.0560656
-0.0606732
-0.0654467
-0.0703924
-0.0755151
-0.0808177
-0.0863018
-0.0919676
-0.0978154
-0.103847
-0.110067
-0.116486
-0.123119
-0.12999
-0.137127
-0.144561
-0.152327
-0.160457
-0.168978
-0.177904
-0.187236
-0.196948
-0.206978
-0.217216
-0.227491
-0.237568
-0.247142
-0.255852
-0.263303
-0.269089
-0.272961
-0.274021
-0.271284
-0.2646
-0.25403
-0.239813
-0.222312
-0.201962
-0.179222
-0.154535
-0.128304
-0.100899
-0.0726453
-0.0438105
-28328.9
)
;
    }
    interface_left
    {
        type            calculated;
        value           nonuniform List<scalar> 
90
(
-18.4066
-8.72545
-6.03199
-6.22089
-5.71438
-3.92096
-6.34044
-7.28926
-8.4274
-8.40151
-7.20719
-6.5618
-5.50201
-4.69151
-2.871
-4.24303
-4.69928
-5.10412
-4.92888
-3.94587
-3.29089
-1.92613
-2.70051
-2.91082
-2.97676
-3.00396
-3.07288
-2.89518
-2.23217
-1.82316
-1.03634
-1.39
-1.46389
-1.43436
-1.40949
-1.37882
-1.26672
-0.925544
-0.728752
-0.384941
-0.46187
-0.448934
-0.362182
-0.301713
-0.194333
-0.12064
0.0136112
0.0703746
0.11145
0.270531
0.373995
0.558425
0.68468
0.927866
1.00078
0.994641
0.936185
0.683842
1.17392
1.42417
1.80215
2.05505
2.54754
2.64437
2.46646
2.2464
1.55113
2.56549
3.04218
3.70739
4.13646
4.96204
5.06257
4.5623
4.06975
2.68797
4.31141
4.99442
5.8183
6.29876
7.15971
7.07496
5.88993
5.01592
2.95392
3.89222
4.05259
3.40393
6.55939
18.3201
)
;
    }
    interface_right
    {
        type            calculated;
        value           nonuniform List<scalar> 
90
(
17.7536
5.60742
2.18412
2.18488
3.58504
4.28039
5.53481
6.17477
7.25522
7.29295
6.37073
5.86589
5.01923
4.32708
2.69607
4.07745
4.5703
5.07282
4.97306
4.14807
3.71949
3.05529
2.57828
1.56116
2.26452
2.48887
2.67382
2.57875
2.08506
1.83155
1.4521
1.19949
0.701621
0.964933
1.02788
1.03906
0.964448
0.709346
0.559495
0.293782
0.350147
0.335504
0.256729
0.199621
0.0933308
0.0245372
-0.095878
-0.160461
-0.251634
-0.27709
-0.247583
-0.49157
-0.635005
-0.887418
-0.973077
-1.00473
-1.02626
-1.05019
-0.996641
-0.738275
-1.29509
-1.57626
-2.01754
-2.11475
-1.99304
-1.82371
-1.2671
-2.10782
-2.50258
-3.05207
-3.40025
-4.05969
-4.13284
-3.7063
-3.30139
-2.18166
-3.49045
-4.04002
-4.69867
-5.07914
-5.7497
-5.6719
-4.6967
-3.99948
-2.36699
-3.0286
-3.13418
-2.52188
-5.87857
-18.311
)
;
    }
    interface_top
    {
        type            calculated;
        value           nonuniform List<scalar> 
90
(
42.0513
-23.3631
61.3619
-3.23976
60.7888
15.3642
-29.6865
34.0803
-29.4586
61.1855
-1.47231
56.375
6.67578
51.8798
18.446
-13.7717
30.2053
-13.2195
46.4477
5.81418
41.9754
15.7959
-8.46213
22.8377
-8.12632
24.6723
-9.04195
35.1594
4.76389
30.5555
11.2186
-6.60846
15.4894
-7.1664
16.1437
-8.75874
23.4749
0.624319
19.8674
4.8625
-9.36002
7.76767
-11.0886
8.28935
-13.7456
15.4489
-6.34434
12.4789
-5.67395
10.276
-3.03706
-16.7517
0.506642
-19.6309
8.04547
-12.8773
6.51933
-8.89026
-24.7376
-5.19584
-28.4405
-3.1802
-32.7649
8.59098
-22.0479
7.5435
-15.0638
-38.4708
-8.30207
-43.079
-3.92366
-48.3995
15.2048
-30.8137
14.9794
-18.6443
-53.2724
-6.82937
-58.0333
1.17148
-63.4673
30.217
-35.5888
30.9268
-15.8427
-63.0342
3.84392
-63.2895
25.2833
-42.3352
)
;
    }
    interface_bottom
    {
        type            calculated;
        value           nonuniform List<scalar> 
90
(
-41.2814
18.6619
-59.8228
-11.4383
35.8967
-30.8703
33.8438
-40.02
34.1732
-68.9158
1.47133
-62.0262
-7.39519
-56.3504
-19.9016
15.2171
-32.5826
15.0729
-50.5893
-4.88856
-44.8995
-9.51914
-39.8926
-16.3669
6.08827
-23.2058
6.56497
-33.066
-5.37361
-28.9322
-10.9761
5.75705
-14.7941
6.68365
-15.3882
8.43112
-22.3799
-0.383505
-18.8902
-4.3276
9.5705
-7.11711
11.4643
-7.69889
14.1853
-14.8848
6.88204
-11.9764
6.28749
-9.91033
3.5872
17.5735
-0.158809
20.507
-8.05195
13.5047
-6.64257
9.28444
25.7206
5.24219
29.451
2.86173
33.685
-9.57048
22.2945
-8.61205
14.8373
39.1017
7.49649
43.5049
2.61117
48.4121
-17.1019
29.9666
-16.7339
17.4174
52.451
5.2121
56.7225
-2.98237
61.4637
-31.4565
33.5896
-31.4369
14.5102
60.7289
-4.41294
61.1293
-24.9828
40.9906
)
;
    }
    defaultFaces
    {
        type            empty;
    }
}


// ************************************************************************* //
