/*--------------------------------*- C++ -*----------------------------------*\
| =========                 |                                                 |
| \\      /  F ield         | OpenFOAM: The Open Source CFD Toolbox           |
|  \\    /   O peration     | Version:  5.x                                   |
|   \\  /    A nd           | Web:      www.OpenFOAM.org                      |
|    \\/     M anipulation  |                                                 |
\*---------------------------------------------------------------------------*/
FoamFile
{
    version     2.0;
    format      ascii;
    class       volScalarField;
    location    "1.1";
    object      T;
}
// * * * * * * * * * * * * * * * * * * * * * * * * * * * * * * * * * * * * * //

dimensions      [0 0 0 1 0 0 0];

internalField   nonuniform List<scalar> 
6300
(
322.721
322.162
321.605
321.049
320.495
319.943
319.395
318.85
318.31
317.774
317.244
316.719
316.201
315.69
315.187
322.72
322.162
321.604
321.047
320.492
319.94
319.391
318.846
318.305
317.769
317.238
316.713
316.194
315.683
315.179
322.72
322.16
321.601
321.043
320.488
319.934
319.384
318.838
318.295
317.758
317.226
316.7
316.181
315.668
315.164
322.719
322.158
321.597
321.038
320.48
319.925
319.373
318.825
318.281
317.742
317.208
316.681
316.16
315.646
315.14
322.718
322.154
321.592
321.03
320.47
319.913
319.359
318.808
318.262
317.721
317.185
316.655
316.132
315.616
315.109
322.717
322.15
321.585
321.021
320.458
319.898
319.341
318.787
318.238
317.694
317.155
316.623
316.097
315.579
315.069
322.715
322.146
321.577
321.009
320.444
319.88
319.32
318.762
318.21
317.662
317.119
316.583
316.055
315.534
315.021
322.713
322.14
321.568
320.996
320.427
319.859
319.295
318.733
318.176
317.624
317.077
316.537
316.004
315.48
314.965
322.711
322.134
321.557
320.982
320.408
319.836
319.266
318.7
318.138
317.58
317.029
316.483
315.946
315.417
314.899
322.709
322.127
321.546
320.966
320.387
319.81
319.235
318.663
318.095
317.532
316.973
316.422
315.879
315.345
314.822
322.707
322.12
321.534
320.948
320.364
319.781
319.201
318.623
318.048
317.477
316.912
316.352
315.802
315.261
314.734
322.704
322.112
321.52
320.93
320.34
319.751
319.164
318.579
317.997
317.418
316.843
316.275
315.714
315.165
314.632
322.701
322.104
321.507
320.91
320.314
319.719
319.125
318.533
317.943
317.354
316.77
316.189
315.616
315.054
314.51
322.698
322.095
321.492
320.89
320.288
319.686
319.085
318.485
317.886
317.288
316.691
316.097
315.506
314.924
314.362
322.696
322.087
321.478
320.869
320.261
319.653
319.045
318.436
317.828
317.22
316.611
316
315.388
314.774
314.169
314.733
314.325
313.924
313.529
313.14
312.758
312.382
312.014
311.652
311.298
310.952
310.613
310.281
309.958
309.643
309.335
309.036
308.744
308.461
308.185
307.917
307.657
307.404
307.158
306.919
306.687
306.461
306.241
306.027
305.819
305.616
305.417
305.224
305.034
304.848
304.666
304.487
304.311
304.137
303.965
303.795
303.627
303.46
303.294
303.128
302.963
302.797
302.631
302.464
302.296
302.127
301.955
301.782
301.606
301.427
301.245
301.06
300.871
300.677
300.479
300.276
300.068
299.855
299.635
299.41
299.179
298.941
298.696
298.444
298.185
297.919
297.646
297.365
297.076
296.78
296.475
296.163
295.843
295.515
295.179
294.835
294.483
294.124
293.757
293.382
293
292.61
292.214
291.81
291.4
314.724
314.317
313.915
313.52
313.131
312.748
312.372
312.004
311.642
311.288
310.941
310.602
310.27
309.947
309.631
309.324
309.024
308.733
308.45
308.174
307.906
307.646
307.393
307.148
306.909
306.677
306.452
306.233
306.019
305.812
305.609
305.411
305.218
305.029
304.843
304.662
304.483
304.307
304.134
303.963
303.793
303.625
303.459
303.293
303.128
302.963
302.798
302.632
302.466
302.298
302.129
301.958
301.785
301.61
301.432
301.25
301.065
300.877
300.684
300.486
300.283
300.076
299.863
299.644
299.419
299.188
298.95
298.706
298.454
298.196
297.93
297.657
297.376
297.087
296.791
296.487
296.174
295.854
295.526
295.19
294.846
294.494
294.135
293.768
293.393
293.01
292.62
292.223
291.82
291.409
314.708
314.3
313.898
313.502
313.112
312.729
312.353
311.983
311.621
311.266
310.919
310.58
310.248
309.924
309.608
309.301
309.002
308.71
308.427
308.152
307.885
307.625
307.373
307.128
306.89
306.659
306.435
306.216
306.004
305.797
305.595
305.398
305.206
305.018
304.833
304.653
304.475
304.3
304.128
303.957
303.789
303.622
303.456
303.291
303.127
302.963
302.799
302.634
302.469
302.302
302.134
301.964
301.792
301.618
301.441
301.26
301.076
300.888
300.696
300.5
300.298
300.091
299.879
299.661
299.437
299.206
298.969
298.725
298.474
298.216
297.951
297.678
297.398
297.109
296.813
296.509
296.197
295.877
295.549
295.213
294.869
294.517
294.157
293.789
293.414
293.031
292.641
292.243
291.839
291.427
314.684
314.275
313.872
313.475
313.084
312.7
312.323
311.953
311.59
311.234
310.886
310.546
310.214
309.89
309.574
309.267
308.967
308.676
308.394
308.119
307.852
307.593
307.342
307.098
306.862
306.632
306.408
306.191
305.98
305.775
305.574
305.379
305.188
305.001
304.818
304.639
304.463
304.289
304.118
303.95
303.783
303.617
303.453
303.289
303.126
302.963
302.801
302.637
302.473
302.308
302.142
301.973
301.803
301.63
301.454
301.275
301.093
300.906
300.716
300.52
300.32
300.114
299.903
299.686
299.463
299.234
298.998
298.755
298.505
298.247
297.983
297.71
297.43
297.142
296.846
296.543
296.231
295.911
295.583
295.246
294.902
294.55
294.189
293.821
293.446
293.062
292.671
292.273
291.867
291.455
314.651
314.241
313.837
313.439
313.047
312.662
312.284
311.913
311.548
311.192
310.843
310.502
310.169
309.844
309.528
309.221
308.921
308.631
308.348
308.075
307.809
307.551
307.301
307.058
306.823
306.595
306.373
306.158
305.949
305.745
305.547
305.353
305.164
304.98
304.799
304.621
304.447
304.275
304.106
303.939
303.774
303.61
303.448
303.286
303.125
302.964
302.803
302.642
302.48
302.316
302.152
301.985
301.817
301.646
301.472
301.295
301.115
300.93
300.742
300.548
300.349
300.146
299.936
299.721
299.499
299.271
299.036
298.794
298.545
298.289
298.025
297.754
297.474
297.187
296.891
296.588
296.276
295.956
295.628
295.291
294.947
294.594
294.233
293.865
293.488
293.104
292.712
292.313
291.906
291.492
314.61
314.198
313.793
313.393
313.001
312.614
312.235
311.862
311.496
311.138
310.788
310.446
310.112
309.787
309.47
309.162
308.863
308.573
308.292
308.018
307.754
307.497
307.249
307.008
306.775
306.549
306.329
306.116
305.91
305.708
305.512
305.321
305.135
304.952
304.774
304.599
304.427
304.258
304.091
303.926
303.763
303.602
303.442
303.282
303.123
302.965
302.806
302.647
302.487
302.326
302.164
302.001
301.835
301.666
301.495
301.321
301.143
300.96
300.774
300.583
300.386
300.185
299.977
299.764
299.544
299.317
299.084
298.844
298.596
298.341
298.079
297.808
297.529
297.242
296.948
296.644
296.333
296.013
295.685
295.348
295.003
294.65
294.288
293.919
293.542
293.157
292.764
292.363
291.955
291.539
314.56
314.147
313.74
313.339
312.945
312.557
312.176
311.801
311.433
311.073
310.721
310.377
310.042
309.716
309.4
309.092
308.793
308.503
308.223
307.95
307.687
307.432
307.186
306.947
306.716
306.493
306.276
306.066
305.862
305.664
305.471
305.283
305.099
304.92
304.744
304.572
304.403
304.236
304.073
303.911
303.751
303.592
303.435
303.278
303.122
302.966
302.809
302.653
302.496
302.338
302.179
302.019
301.856
301.69
301.522
301.351
301.176
300.997
300.813
300.625
300.431
300.232
300.027
299.816
299.598
299.374
299.143
298.904
298.658
298.405
298.143
297.873
297.596
297.31
297.016
296.713
296.402
296.082
295.754
295.417
295.071
294.717
294.355
293.985
293.607
293.22
292.826
292.424
292.014
291.596
314.501
314.086
313.678
313.276
312.881
312.491
312.107
311.73
311.36
310.997
310.643
310.297
309.96
309.633
309.316
309.008
308.71
308.421
308.141
307.87
307.608
307.356
307.111
306.876
306.648
306.427
306.214
306.007
305.806
305.612
305.422
305.238
305.058
304.882
304.71
304.541
304.375
304.212
304.051
303.893
303.736
303.581
303.426
303.273
303.119
302.966
302.813
302.66
302.507
302.352
302.197
302.039
301.88
301.719
301.554
301.386
301.215
301.039
300.859
300.674
300.484
300.287
300.085
299.877
299.662
299.44
299.211
298.975
298.731
298.479
298.219
297.951
297.674
297.389
297.095
296.794
296.483
296.163
295.835
295.497
295.151
294.796
294.433
294.062
293.683
293.295
292.9
292.496
292.084
291.663
314.433
314.017
313.607
313.204
312.808
312.416
312.03
311.65
311.276
310.91
310.552
310.203
309.865
309.537
309.219
308.912
308.614
308.325
308.046
307.777
307.517
307.266
307.025
306.793
306.568
306.352
306.142
305.939
305.743
305.552
305.367
305.187
305.011
304.839
304.67
304.505
304.343
304.184
304.027
303.872
303.719
303.568
303.417
303.267
303.117
302.967
302.817
302.668
302.518
302.368
302.216
302.063
301.908
301.751
301.591
301.427
301.26
301.089
300.913
300.731
300.544
300.351
300.152
299.947
299.735
299.516
299.29
299.057
298.815
298.565
298.307
298.039
297.764
297.48
297.187
296.886
296.576
296.257
295.928
295.59
295.243
294.887
294.522
294.15
293.77
293.382
292.985
292.58
292.165
291.742
314.354
313.937
313.527
313.124
312.727
312.334
311.945
311.56
311.181
310.81
310.447
310.095
309.754
309.425
309.108
308.801
308.504
308.216
307.938
307.67
307.412
307.164
306.926
306.698
306.478
306.266
306.061
305.862
305.67
305.485
305.304
305.129
304.958
304.791
304.627
304.466
304.307
304.152
304
303.849
303.701
303.554
303.407
303.26
303.114
302.968
302.822
302.676
302.53
302.384
302.238
302.09
301.94
301.787
301.632
301.473
301.311
301.144
300.973
300.796
300.614
300.424
300.228
300.026
299.817
299.602
299.38
299.15
298.911
298.663
298.406
298.14
297.866
297.583
297.292
296.992
296.683
296.365
296.035
295.696
295.347
294.989
294.623
294.25
293.869
293.481
293.083
292.676
292.26
291.833
314.264
313.847
313.438
313.036
312.64
312.246
311.853
311.463
311.077
310.697
310.328
309.97
309.627
309.298
308.981
308.676
308.381
308.094
307.816
307.549
307.293
307.048
306.814
306.591
306.377
306.17
305.97
305.776
305.589
305.409
305.235
305.066
304.9
304.738
304.579
304.422
304.268
304.117
303.969
303.824
303.681
303.539
303.396
303.254
303.111
302.968
302.825
302.684
302.543
302.402
302.261
302.119
301.975
301.827
301.677
301.524
301.367
301.207
301.042
300.87
300.692
300.506
300.314
300.115
299.909
299.698
299.48
299.255
299.02
298.775
298.519
298.254
297.979
297.697
297.408
297.111
296.804
296.487
296.157
295.816
295.463
295.102
294.734
294.36
293.98
293.592
293.195
292.787
292.368
291.938
314.16
313.744
313.338
312.942
312.549
312.155
311.759
311.36
310.963
310.571
310.191
309.826
309.48
309.151
308.839
308.538
308.245
307.959
307.68
307.412
307.157
306.915
306.688
306.472
306.265
306.065
305.87
305.681
305.499
305.325
305.158
304.997
304.838
304.682
304.527
304.374
304.223
304.077
303.935
303.796
303.66
303.524
303.386
303.248
303.108
302.967
302.828
302.69
302.555
302.42
302.287
302.152
302.014
301.872
301.727
301.579
301.429
301.277
301.119
300.954
300.78
300.598
300.409
300.212
300.01
299.804
299.592
299.373
299.143
298.901
298.646
298.379
298.104
297.822
297.535
297.243
296.941
296.626
296.296
295.951
295.593
295.225
294.853
294.478
294.101
293.717
293.322
292.913
292.491
292.057
314.037
313.626
313.226
312.842
312.461
312.068
311.667
311.255
310.841
310.427
310.032
309.656
309.308
308.982
308.68
308.39
308.099
307.812
307.527
307.257
307.001
306.764
306.543
306.34
306.145
305.951
305.762
305.575
305.398
305.23
305.074
304.924
304.773
304.623
304.472
304.322
304.173
304.031
303.895
303.766
303.639
303.51
303.379
303.243
303.105
302.965
302.828
302.694
302.564
302.438
302.314
302.189
302.058
301.922
301.78
301.638
301.495
301.353
301.206
301.049
300.882
300.702
300.513
300.315
300.117
299.916
299.715
299.507
299.283
299.045
298.788
298.519
298.236
297.954
297.67
297.388
297.097
296.786
296.456
296.103
295.736
295.354
294.975
294.599
294.232
293.859
293.467
293.059
292.631
292.195
313.887
313.495
313.089
312.739
312.391
311.991
311.594
311.151
310.721
310.255
309.846
309.445
309.104
308.778
308.505
308.243
307.949
307.663
307.354
307.082
306.817
306.59
306.375
306.195
306.023
305.833
305.65
305.454
305.283
305.12
304.982
304.851
304.708
304.567
304.415
304.269
304.113
303.976
303.844
303.731
303.622
303.499
303.377
303.241
303.106
302.959
302.825
302.69
302.57
302.45
302.343
302.235
302.108
301.979
301.833
301.698
301.561
301.437
301.309
301.158
301
300.817
300.631
300.42
300.226
300.027
299.849
299.664
299.445
299.215
298.948
298.677
298.369
298.088
297.801
297.546
297.283
296.973
296.651
296.277
295.9
295.477
295.094
294.707
294.371
294.03
293.633
293.232
292.782
292.357
313.681
313.381
312.874
312.632
312.395
311.912
311.588
311.026
310.655
310.001
309.649
309.15
308.877
308.498
308.315
308.14
307.787
307.549
307.127
306.898
306.576
306.399
306.156
306.039
305.927
305.705
305.556
305.297
305.159
304.971
304.881
304.798
304.637
304.529
304.349
304.23
304.025
303.915
303.766
303.693
303.623
303.489
303.396
303.236
303.127
302.933
302.824
302.666
302.575
302.443
302.376
302.306
302.163
302.06
301.87
301.763
301.606
301.526
301.444
301.277
301.156
300.938
300.784
300.502
300.342
300.109
299.992
299.87
299.62
299.44
299.114
298.885
298.465
298.23
297.885
297.714
297.539
297.176
296.919
296.453
296.131
295.542
295.217
294.744
294.514
294.283
293.805
293.478
292.895
292.566
290.941
290.432
289.915
289.39
288.858
288.319
287.775
287.225
286.671
286.112
285.551
284.987
284.421
283.853
283.284
290.95
290.441
289.923
289.397
288.864
288.325
287.78
287.229
286.674
286.116
285.554
284.989
284.422
283.854
283.285
290.968
290.457
289.938
289.411
288.877
288.336
287.79
287.238
286.682
286.122
285.559
284.993
284.425
283.855
283.285
290.994
290.482
289.961
289.432
288.896
288.354
287.805
287.252
286.694
286.132
285.566
284.999
284.429
283.858
283.286
291.029
290.515
289.992
289.461
288.922
288.377
287.826
287.269
286.709
286.144
285.577
285.007
284.435
283.861
283.287
291.074
290.557
290.031
289.496
288.954
288.406
287.851
287.292
286.728
286.16
285.59
285.017
284.442
283.866
283.289
291.128
290.608
290.078
289.539
288.993
288.44
287.882
287.318
286.75
286.179
285.605
285.028
284.45
283.87
283.29
291.192
290.668
290.133
289.59
289.038
288.48
287.917
287.348
286.776
286.2
285.622
285.041
284.459
283.876
283.292
291.267
290.738
290.197
289.648
289.09
288.526
287.957
287.383
286.805
286.225
285.641
285.056
284.47
283.882
283.294
291.354
290.818
290.27
289.713
289.149
288.577
288.001
287.421
286.837
286.251
285.663
285.073
284.481
283.889
283.296
291.453
290.909
290.353
289.787
289.213
288.634
288.05
287.462
286.872
286.28
285.686
285.09
284.494
283.896
283.299
291.566
291.013
290.445
289.868
289.283
288.694
288.101
287.506
286.909
286.31
285.71
285.109
284.507
283.904
283.301
291.698
291.131
290.548
289.955
289.358
288.758
288.156
287.552
286.947
286.341
285.735
285.128
284.52
283.912
283.304
291.853
291.264
290.659
290.048
289.436
288.824
288.211
287.599
286.986
286.373
285.761
285.147
284.534
283.92
283.307
292.049
291.414
290.775
290.142
289.514
288.889
288.267
287.646
287.025
286.406
285.786
285.167
284.548
283.929
283.31
322.693
322.079
321.465
320.85
320.236
319.622
319.007
318.392
317.776
317.159
316.539
315.914
315.281
314.63
313.925
322.691
322.072
321.452
320.833
320.214
319.594
318.974
318.352
317.729
317.104
316.476
315.842
315.197
314.535
313.84
322.688
322.064
321.44
320.816
320.192
319.567
318.941
318.313
317.684
317.053
316.418
315.776
315.126
314.463
313.78
322.686
322.057
321.429
320.8
320.17
319.54
318.909
318.276
317.641
317.004
316.363
315.717
315.065
314.404
313.739
322.683
322.05
321.417
320.783
320.149
319.514
318.878
318.24
317.6
316.958
316.313
315.663
315.009
314.348
313.676
322.681
322.044
321.406
320.768
320.129
319.489
318.848
318.205
317.561
316.914
316.265
315.613
314.958
314.301
313.644
322.679
322.037
321.395
320.752
320.109
319.464
318.819
318.172
317.523
316.872
316.219
315.564
314.908
314.253
313.611
322.677
322.031
321.384
320.737
320.09
319.441
318.791
318.14
317.487
316.832
316.175
315.517
314.857
314.198
313.538
322.675
322.025
321.374
320.723
320.071
319.419
318.765
318.109
317.452
316.793
316.132
315.47
314.806
314.143
313.489
322.673
322.019
321.364
320.709
320.054
319.397
318.739
318.08
317.419
316.756
316.091
315.424
314.754
314.082
313.398
322.671
322.013
321.355
320.696
320.037
319.376
318.715
318.052
317.387
316.72
316.051
315.38
314.705
314.028
313.349
322.669
322.008
321.346
320.684
320.02
319.356
318.691
318.025
317.356
316.686
316.013
315.338
314.659
313.974
313.278
322.668
322.003
321.337
320.671
320.005
319.337
318.669
317.999
317.327
316.653
315.978
315.299
314.617
313.93
313.24
322.666
321.998
321.329
320.66
319.99
319.319
318.648
317.974
317.299
316.623
315.944
315.262
314.577
313.887
313.186
322.664
321.993
321.321
320.649
319.976
319.302
318.627
317.951
317.273
316.594
315.912
315.228
314.542
313.853
313.162
322.663
321.988
321.314
320.638
319.963
319.286
318.608
317.929
317.248
316.566
315.882
315.196
314.508
313.82
313.138
322.661
321.984
321.307
320.628
319.95
319.27
318.59
317.908
317.225
316.54
315.853
315.165
314.475
313.784
313.091
322.66
321.98
321.3
320.619
319.938
319.255
318.572
317.888
317.202
316.515
315.826
315.135
314.443
313.75
313.06
322.659
321.976
321.293
320.61
319.926
319.241
318.556
317.869
317.181
316.491
315.8
315.107
314.411
313.712
313.006
322.658
321.972
321.287
320.601
319.915
319.228
318.54
317.851
317.161
316.469
315.775
315.08
314.382
313.681
312.978
322.656
321.969
321.281
320.593
319.905
319.216
318.525
317.834
317.142
316.448
315.752
315.055
314.355
313.652
312.94
322.655
321.966
321.276
320.586
319.895
319.204
318.511
317.818
317.124
316.428
315.731
315.032
314.331
313.628
312.923
322.654
321.963
321.271
320.579
319.886
319.192
318.498
317.803
317.107
316.409
315.71
315.01
314.309
313.607
312.908
322.653
321.96
321.266
320.572
319.877
319.182
318.486
317.789
317.091
316.392
315.691
314.99
314.287
313.583
312.878
322.652
321.957
321.261
320.565
319.869
319.172
318.474
317.775
317.076
316.375
315.673
314.97
314.266
313.561
312.859
322.651
321.954
321.257
320.559
319.861
319.162
318.463
317.763
317.061
316.359
315.656
314.951
314.245
313.538
312.828
322.651
321.952
321.253
320.554
319.854
319.154
318.453
317.751
317.048
316.344
315.639
314.933
314.225
313.517
312.809
322.65
321.95
321.249
320.548
319.847
319.145
318.443
317.74
317.036
316.33
315.624
314.916
314.206
313.495
312.777
322.649
321.947
321.246
320.543
319.841
319.138
318.434
317.729
317.024
316.317
315.61
314.9
314.189
313.476
312.761
322.649
321.946
321.242
320.539
319.835
319.131
318.425
317.72
317.013
316.305
315.596
314.886
314.174
313.46
312.74
322.648
321.944
321.239
320.535
319.829
319.124
318.418
317.711
317.003
316.294
315.584
314.873
314.161
313.447
312.731
322.647
321.942
321.236
320.531
319.824
319.118
318.41
317.702
316.994
316.284
315.573
314.862
314.149
313.435
312.723
322.647
321.94
321.234
320.527
319.82
319.112
318.404
317.695
316.985
316.275
315.563
314.851
314.137
313.423
312.708
322.646
321.939
321.231
320.524
319.815
319.107
318.398
317.688
316.977
316.266
315.554
314.841
314.127
313.412
312.698
322.646
321.938
321.229
320.521
319.812
319.102
318.392
317.681
316.97
316.258
315.545
314.831
314.117
313.401
312.684
322.645
321.936
321.227
320.518
319.808
319.098
318.387
317.676
316.964
316.251
315.537
314.823
314.107
313.391
312.675
322.645
321.935
321.225
320.515
319.805
319.094
318.382
317.67
316.958
316.244
315.53
314.815
314.099
313.381
312.661
322.645
321.934
321.224
320.513
319.802
319.09
318.378
317.666
316.953
316.239
315.524
314.808
314.091
313.373
312.654
322.645
321.933
321.222
320.511
319.799
319.087
318.375
317.662
316.948
316.233
315.518
314.802
314.085
313.366
312.645
322.644
321.933
321.221
320.509
319.797
319.085
318.372
317.658
316.944
316.229
315.513
314.797
314.08
313.361
312.642
322.644
321.932
321.22
320.508
319.795
319.082
318.369
317.655
316.941
316.225
315.509
314.793
314.075
313.357
312.639
322.644
321.932
321.219
320.507
319.794
319.08
318.367
317.652
316.938
316.222
315.506
314.789
314.072
313.353
312.634
322.644
321.931
321.218
320.506
319.792
319.079
318.365
317.65
316.935
316.22
315.503
314.786
314.069
313.35
312.631
322.644
321.931
321.218
320.505
319.791
319.078
318.364
317.649
316.934
316.218
315.501
314.784
314.066
313.347
312.628
322.644
321.931
321.218
320.504
319.791
319.077
318.363
317.648
316.932
316.216
315.5
314.783
314.064
313.346
312.626
322.644
321.93
321.217
320.504
319.79
319.076
318.362
317.647
316.932
316.216
315.499
314.782
314.063
313.344
312.625
322.644
321.93
321.217
320.504
319.79
319.076
318.362
317.647
316.932
316.216
315.499
314.781
314.063
313.344
312.624
322.644
321.931
321.217
320.504
319.791
319.077
318.362
317.648
316.932
316.216
315.499
314.782
314.064
313.344
312.625
322.644
321.931
321.218
320.505
319.791
319.077
318.363
317.648
316.933
316.217
315.5
314.783
314.065
313.345
312.625
322.644
321.931
321.218
320.505
319.792
319.078
318.364
317.65
316.935
316.219
315.502
314.785
314.066
313.347
312.627
322.644
321.931
321.219
320.506
319.793
319.08
318.366
317.652
316.937
316.221
315.505
314.787
314.069
313.35
312.63
322.644
321.932
321.22
320.507
319.795
319.082
318.368
317.654
316.939
316.224
315.508
314.791
314.073
313.354
312.633
322.644
321.933
321.221
320.509
319.797
319.084
318.371
317.657
316.943
316.227
315.512
314.795
314.077
313.359
312.639
322.644
321.933
321.222
320.511
319.799
319.086
318.374
317.66
316.946
316.232
315.516
314.8
314.083
313.364
312.644
322.645
321.934
321.223
320.512
319.801
319.089
318.377
317.664
316.951
316.237
315.522
314.806
314.089
313.372
312.655
322.645
321.935
321.225
320.515
319.804
319.093
318.381
317.669
316.956
316.242
315.528
314.812
314.096
313.379
312.661
322.645
321.936
321.227
320.517
319.807
319.097
318.386
317.674
316.962
316.249
315.534
314.819
314.104
313.387
312.671
322.646
321.937
321.229
320.52
319.811
319.101
318.391
317.68
316.968
316.256
315.542
314.827
314.112
313.395
312.677
322.646
321.939
321.231
320.523
319.815
319.106
318.396
317.686
316.975
316.263
315.55
314.836
314.121
313.403
312.683
322.647
321.94
321.233
320.526
319.819
319.111
318.403
317.693
316.983
316.272
315.56
314.846
314.131
313.415
312.696
322.647
321.942
321.236
320.53
319.824
319.117
318.409
317.701
316.992
316.282
315.57
314.858
314.143
313.427
312.706
322.648
321.944
321.239
320.534
319.829
319.123
318.417
317.71
317.001
316.292
315.582
314.87
314.157
313.442
312.726
322.648
321.945
321.242
320.539
319.835
319.13
318.425
317.719
317.012
316.304
315.595
314.884
314.172
313.458
312.741
322.649
321.947
321.246
320.543
319.841
319.137
318.433
317.729
317.023
316.316
315.608
314.899
314.189
313.478
312.769
322.65
321.95
321.249
320.548
319.847
319.145
318.443
317.739
317.035
316.329
315.623
314.915
314.206
313.496
312.785
322.651
321.952
321.253
320.554
319.854
319.154
318.453
317.751
317.048
316.344
315.638
314.931
314.224
313.515
312.81
322.652
321.955
321.257
320.56
319.862
319.163
318.463
317.763
317.062
316.359
315.655
314.949
314.242
313.533
312.822
322.652
321.957
321.262
320.566
319.87
319.173
318.475
317.776
317.076
316.375
315.673
314.968
314.262
313.552
312.836
322.653
321.96
321.266
320.573
319.878
319.183
318.487
317.79
317.092
316.393
315.692
314.989
314.284
313.575
312.865
322.654
321.963
321.272
320.58
319.887
319.194
318.5
317.805
317.109
316.411
315.712
315.011
314.308
313.601
312.886
322.655
321.966
321.277
320.587
319.897
319.206
318.514
317.821
317.127
316.431
315.734
315.036
314.335
313.631
312.927
322.657
321.97
321.282
320.595
319.907
319.218
318.528
317.838
317.146
316.453
315.758
315.062
314.364
313.663
312.955
322.658
321.973
321.288
320.603
319.917
319.231
318.544
317.855
317.166
316.475
315.783
315.089
314.394
313.7
313.009
322.659
321.977
321.295
320.612
319.929
319.245
318.56
317.874
317.186
316.498
315.808
315.117
314.426
313.733
313.04
322.66
321.981
321.301
320.621
319.94
319.259
318.576
317.893
317.208
316.522
315.835
315.147
314.457
313.768
313.085
322.662
321.985
321.308
320.631
319.953
319.274
318.594
317.913
317.231
316.548
315.863
315.177
314.488
313.799
313.107
322.663
321.989
321.315
320.641
319.966
319.29
318.613
317.935
317.255
316.575
315.892
315.208
314.521
313.83
313.13
322.665
321.994
321.323
320.651
319.979
319.306
318.632
317.957
317.28
316.602
315.923
315.241
314.556
313.869
313.179
322.666
321.999
321.331
320.662
319.993
319.323
318.652
317.98
317.307
316.632
315.955
315.276
314.594
313.909
313.214
322.668
322.004
321.339
320.674
320.008
319.341
318.674
318.004
317.334
316.662
315.988
315.313
314.635
313.956
313.276
322.67
322.009
321.348
320.686
320.023
319.36
318.696
318.03
317.363
316.694
316.023
315.351
314.678
314.002
313.318
322.671
322.014
321.357
320.698
320.04
319.38
318.719
318.056
317.392
316.727
316.06
315.391
314.722
314.054
313.396
322.673
322.02
321.366
320.712
320.056
319.4
318.743
318.084
317.424
316.761
316.097
315.431
314.765
314.1
313.436
322.675
322.026
321.376
320.725
320.074
319.422
318.768
318.113
317.456
316.797
316.136
315.472
314.808
314.146
313.494
322.677
322.032
321.386
320.739
320.092
319.444
318.795
318.143
317.49
316.834
316.176
315.514
314.85
314.184
313.52
322.679
322.038
321.396
320.754
320.111
319.468
318.822
318.175
317.526
316.874
316.218
315.558
314.892
314.221
313.543
322.682
322.045
321.407
320.77
320.131
319.492
318.851
318.209
317.564
316.916
316.263
315.605
314.939
314.264
313.585
322.684
322.051
321.419
320.786
320.152
319.517
318.882
318.244
317.604
316.961
316.313
315.657
314.991
314.31
313.611
322.686
322.058
321.43
320.802
320.173
319.544
318.913
318.281
317.647
317.01
316.367
315.718
315.055
314.369
313.642
322.688
322.065
321.442
320.819
320.195
319.571
318.946
318.32
317.692
317.062
316.428
315.787
315.134
314.458
313.72
292.293
291.553
290.876
290.223
289.582
288.947
288.316
287.688
287.061
286.435
285.81
285.185
284.561
283.936
283.312
292.367
291.637
290.951
290.289
289.639
288.997
288.359
287.725
287.092
286.461
285.831
285.201
284.572
283.943
283.314
292.387
291.689
291.01
290.346
289.691
289.044
288.4
287.76
287.123
286.486
285.851
285.217
284.583
283.95
283.317
292.403
291.729
291.058
290.395
289.738
289.087
288.439
287.794
287.152
286.511
285.871
285.232
284.594
283.956
283.319
292.423
291.765
291.102
290.44
289.782
289.127
288.476
287.827
287.18
286.535
285.89
285.247
284.605
283.963
283.321
292.463
291.804
291.144
290.482
289.823
289.166
288.511
287.858
287.207
286.557
285.909
285.262
284.615
283.969
283.323
292.495
291.845
291.185
290.524
289.862
289.202
288.544
287.887
287.233
286.579
285.927
285.276
284.625
283.975
283.325
292.555
291.892
291.229
290.564
289.9
289.237
288.576
287.916
287.257
286.6
285.944
285.289
284.635
283.981
283.327
292.598
291.94
291.273
290.605
289.938
289.271
288.606
287.943
287.281
286.62
285.961
285.302
284.644
283.986
283.329
292.676
291.993
291.318
290.645
289.974
289.304
288.636
287.969
287.304
286.64
285.977
285.314
284.653
283.991
283.33
292.719
292.04
291.361
290.684
290.009
289.336
288.664
287.994
287.326
286.658
285.992
285.326
284.661
283.996
283.332
292.783
292.087
291.402
290.721
290.043
289.366
288.692
288.019
287.347
286.676
286.006
285.337
284.669
284.001
283.334
292.817
292.128
291.44
290.756
290.075
289.396
288.718
288.042
287.367
286.693
286.02
285.348
284.677
284.006
283.335
292.866
292.166
291.476
290.789
290.105
289.423
288.743
288.064
287.386
286.71
286.034
285.359
284.684
284.011
283.337
292.889
292.198
291.509
290.821
290.135
289.45
288.767
288.085
287.405
286.725
286.047
285.369
284.692
284.015
283.338
292.911
292.229
291.54
290.851
290.162
289.475
288.79
288.106
287.422
286.74
286.059
285.378
284.698
284.019
283.34
292.957
292.264
291.572
290.88
290.189
289.5
288.812
288.125
287.439
286.755
286.071
285.388
284.705
284.023
283.341
292.987
292.297
291.603
290.908
290.215
289.523
288.833
288.143
287.455
286.768
286.082
285.396
284.711
284.027
283.342
293.042
292.334
291.634
290.936
290.24
289.546
288.853
288.161
287.471
286.781
286.092
285.405
284.717
284.03
283.343
293.07
292.366
291.663
290.962
290.264
289.567
288.872
288.178
287.485
286.793
286.103
285.412
284.723
284.034
283.344
293.111
292.397
291.69
290.986
290.286
289.587
288.89
288.194
287.499
286.805
286.112
285.42
284.728
284.037
283.346
293.132
292.422
291.714
291.009
290.306
289.606
288.906
288.209
287.512
286.816
286.121
285.427
284.733
284.04
283.347
293.162
292.446
291.736
291.03
290.326
289.623
288.922
288.223
287.524
286.827
286.13
285.434
284.738
284.043
283.348
293.175
292.465
291.756
291.049
290.344
289.64
288.937
288.236
287.536
286.836
286.138
285.44
284.742
284.045
283.348
293.188
292.482
291.774
291.067
290.36
289.655
288.951
288.248
287.546
286.845
286.145
285.446
284.747
284.048
283.349
293.213
292.502
291.792
291.084
290.376
289.669
288.964
288.26
287.557
286.854
286.152
285.451
284.751
284.05
283.35
293.229
292.52
291.81
291.1
290.391
289.683
288.976
288.271
287.566
286.862
286.159
285.456
284.754
284.052
283.351
293.257
292.54
291.826
291.115
290.404
289.695
288.988
288.281
287.575
286.87
286.165
285.461
284.758
284.054
283.351
293.272
292.556
291.842
291.129
290.417
289.707
288.998
288.29
287.583
286.877
286.171
285.466
284.761
284.056
283.352
293.292
292.572
291.856
291.141
290.429
289.718
289.008
288.299
287.59
286.883
286.176
285.47
284.764
284.058
283.353
293.303
292.584
291.868
291.153
290.44
289.728
289.017
288.307
287.597
286.889
286.181
285.474
284.767
284.06
283.353
293.316
292.596
291.879
291.163
290.449
289.736
289.025
288.314
287.604
286.894
286.185
285.477
284.769
284.061
283.354
293.323
292.605
291.888
291.172
290.458
289.745
289.032
288.32
287.609
286.899
286.19
285.48
284.771
284.063
283.354
293.328
292.613
291.896
291.181
290.466
289.752
289.039
288.326
287.615
286.904
286.193
285.483
284.773
284.064
283.355
293.339
292.621
291.904
291.188
290.473
289.758
289.045
288.332
287.62
286.908
286.197
285.486
284.775
284.065
283.355
293.345
292.628
291.911
291.195
290.479
289.764
289.05
288.337
287.624
286.911
286.2
285.488
284.777
284.066
283.355
293.356
292.636
291.918
291.201
290.485
289.77
289.055
288.341
287.628
286.915
286.202
285.49
284.779
284.067
283.356
293.361
292.642
291.924
291.206
290.49
289.774
289.059
288.345
287.631
286.918
286.205
285.492
284.78
284.068
283.356
293.368
292.647
291.929
291.211
290.494
289.778
289.063
288.348
287.634
286.92
286.207
285.494
284.781
284.069
283.356
293.371
292.651
291.933
291.215
290.498
289.782
289.066
288.351
287.636
286.922
286.209
285.495
284.782
284.069
283.356
293.373
292.654
291.936
291.218
290.501
289.785
289.069
288.353
287.638
286.924
286.21
285.496
284.783
284.07
283.357
293.376
292.657
291.939
291.221
290.504
289.787
289.071
288.355
287.64
286.926
286.211
285.497
284.784
284.07
283.357
293.378
292.659
291.941
291.223
290.506
289.789
289.073
288.357
287.642
286.927
286.212
285.498
284.784
284.07
283.357
293.381
292.661
291.942
291.224
290.507
289.79
289.074
288.358
287.643
286.928
286.213
285.499
284.785
284.071
283.357
293.382
292.662
291.943
291.225
290.508
289.791
289.074
288.359
287.643
286.928
286.213
285.499
284.785
284.071
283.357
293.382
292.663
291.944
291.226
290.508
289.791
289.075
288.359
287.643
286.928
286.214
285.499
284.785
284.071
283.357
293.382
292.662
291.944
291.225
290.508
289.791
289.075
288.359
287.643
286.928
286.213
285.499
284.785
284.071
283.357
293.381
292.661
291.943
291.225
290.507
289.79
289.074
288.358
287.643
286.928
286.213
285.499
284.785
284.071
283.357
293.379
292.66
291.941
291.223
290.506
289.789
289.073
288.357
287.642
286.927
286.213
285.498
284.784
284.071
283.357
293.376
292.658
291.939
291.221
290.504
289.787
289.071
288.356
287.641
286.926
286.212
285.498
284.784
284.07
283.357
293.375
292.655
291.937
291.219
290.502
289.785
289.069
288.354
287.639
286.925
286.211
285.497
284.783
284.07
283.357
293.372
292.652
291.933
291.215
290.499
289.782
289.067
288.352
287.637
286.923
286.209
285.496
284.782
284.069
283.356
293.367
292.647
291.929
291.212
290.495
289.779
289.064
288.349
287.635
286.921
286.208
285.494
284.782
284.069
283.356
293.362
292.642
291.924
291.207
290.491
289.775
289.06
288.346
287.632
286.919
286.206
285.493
284.781
284.068
283.356
293.352
292.635
291.918
291.201
290.486
289.771
289.056
288.342
287.629
286.916
286.203
285.491
284.779
284.068
283.356
293.346
292.628
291.911
291.196
290.48
289.766
289.052
288.338
287.625
286.913
286.201
285.489
284.778
284.067
283.356
293.335
292.62
291.904
291.189
290.474
289.76
289.047
288.334
287.622
286.91
286.198
285.487
284.776
284.066
283.355
293.328
292.612
291.897
291.182
290.468
289.754
289.041
288.329
287.617
286.906
286.195
285.485
284.775
284.065
283.355
293.318
292.604
291.889
291.174
290.46
289.747
289.035
288.324
287.612
286.902
286.192
285.482
284.773
284.064
283.355
293.312
292.595
291.88
291.166
290.453
289.74
289.029
288.318
287.607
286.898
286.188
285.479
284.771
284.062
283.354
293.305
292.586
291.871
291.157
290.444
289.732
289.021
288.311
287.602
286.893
286.184
285.476
284.769
284.061
283.354
293.29
292.574
291.86
291.147
290.435
289.724
289.013
288.304
287.595
286.887
286.18
285.473
284.766
284.06
283.353
293.279
292.562
291.848
291.135
290.424
289.714
289.005
288.297
287.589
286.882
286.175
285.469
284.763
284.058
283.353
293.257
292.546
291.835
291.123
290.413
289.704
288.996
288.288
287.582
286.876
286.17
285.465
284.761
284.056
283.352
293.244
292.532
291.821
291.111
290.401
289.693
288.986
288.28
287.574
286.869
286.165
285.461
284.758
284.054
283.351
293.223
292.516
291.806
291.097
290.389
289.682
288.975
288.27
287.566
286.862
286.159
285.457
284.754
284.053
283.351
293.213
292.502
291.791
291.083
290.375
289.669
288.964
288.26
287.557
286.855
286.153
285.452
284.751
284.05
283.35
293.202
292.486
291.775
291.067
290.361
289.656
288.952
288.249
287.547
286.847
286.146
285.447
284.747
284.048
283.349
293.178
292.467
291.757
291.05
290.345
289.641
288.939
288.238
287.537
286.838
286.139
285.441
284.743
284.046
283.349
293.161
292.446
291.737
291.032
290.328
289.626
288.925
288.225
287.527
286.829
286.132
285.435
284.739
284.043
283.348
293.127
292.421
291.715
291.012
290.31
289.609
288.91
288.212
287.515
286.819
286.124
285.429
284.735
284.041
283.347
293.104
292.395
291.691
290.99
290.29
289.592
288.895
288.198
287.503
286.809
286.115
285.422
284.73
284.038
283.346
293.06
292.365
291.666
290.968
290.27
289.573
288.878
288.184
287.49
286.798
286.106
285.415
284.725
284.035
283.345
293.035
292.337
291.641
290.944
290.249
289.554
288.861
288.168
287.477
286.787
286.097
285.408
284.72
284.032
283.344
292.998
292.309
291.615
290.92
290.227
289.534
288.842
288.152
287.463
286.775
286.087
285.4
284.714
284.028
283.343
292.98
292.284
291.589
290.896
290.204
289.513
288.823
288.135
287.448
286.762
286.077
285.392
284.708
284.025
283.342
292.962
292.258
291.562
290.87
290.179
289.491
288.803
288.117
287.432
286.749
286.066
285.384
284.702
284.021
283.34
292.922
292.227
291.533
290.843
290.154
289.467
288.782
288.098
287.416
286.734
286.054
285.375
284.696
284.017
283.339
292.894
292.194
291.502
290.814
290.127
289.443
288.76
288.078
287.398
286.72
286.042
285.365
284.689
284.013
283.338
292.844
292.156
291.469
290.783
290.099
289.417
288.736
288.058
287.38
286.704
286.029
285.355
284.682
284.009
283.336
292.81
292.118
291.434
290.751
290.069
289.39
288.712
288.036
287.361
286.688
286.016
285.344
284.674
284.004
283.335
292.748
292.076
291.397
290.717
290.039
289.361
288.686
288.013
287.341
286.67
286.001
285.333
284.666
283.999
283.333
292.715
292.038
291.361
290.683
290.007
289.332
288.659
287.988
287.319
286.652
285.986
285.322
284.658
283.994
283.331
292.669
292.001
291.325
290.648
289.973
289.3
288.63
287.962
287.297
286.633
285.97
285.309
284.649
283.989
283.33
292.648
291.969
291.29
290.612
289.938
289.267
288.6
287.935
287.273
286.613
285.954
285.296
284.64
283.984
283.328
292.63
291.938
291.253
290.574
289.9
289.231
288.567
287.906
287.248
286.591
285.936
285.283
284.63
283.978
283.326
292.598
291.902
291.212
290.531
289.859
289.193
288.532
287.875
287.221
286.569
285.918
285.268
284.62
283.972
283.324
292.578
291.861
291.163
290.482
289.813
289.151
288.494
287.842
287.192
286.545
285.899
285.254
284.609
283.965
283.322
292.556
291.807
291.104
290.426
289.761
289.105
288.454
287.807
287.163
286.52
285.879
285.238
284.598
283.959
283.32
292.48
291.721
291.027
290.359
289.703
289.055
288.411
287.77
287.132
286.494
285.858
285.222
284.587
283.952
283.317
322.691
322.073
321.455
320.837
320.219
319.601
318.983
318.364
317.744
317.122
316.499
315.872
315.24
314.603
313.97
322.694
322.082
321.47
320.858
320.246
319.635
319.023
318.412
317.801
317.191
316.58
315.97
315.361
314.758
314.171
322.697
322.09
321.484
320.878
320.273
319.668
319.064
318.461
317.859
317.259
316.661
316.066
315.476
314.896
314.333
322.7
322.099
321.498
320.898
320.299
319.701
319.104
318.509
317.916
317.326
316.739
316.157
315.583
315.019
314.469
322.702
322.107
321.512
320.917
320.324
319.732
319.142
318.555
317.97
317.388
316.812
316.241
315.679
315.126
314.587
322.705
322.114
321.525
320.936
320.348
319.762
319.178
318.597
318.02
317.447
316.879
316.318
315.765
315.221
314.69
322.707
322.121
321.536
320.953
320.37
319.79
319.212
318.637
318.066
317.5
316.94
316.386
315.841
315.305
314.78
322.709
322.128
321.547
320.968
320.39
319.815
319.242
318.673
318.108
317.548
316.994
316.446
315.907
315.377
314.858
322.711
322.134
321.557
320.982
320.408
319.837
319.269
318.705
318.144
317.59
317.041
316.499
315.965
315.44
314.924
322.713
322.139
321.566
320.994
320.424
319.857
319.292
318.732
318.176
317.625
317.081
316.543
316.014
315.492
314.981
322.714
322.143
321.573
321.004
320.437
319.873
319.312
318.755
318.203
317.655
317.114
316.58
316.054
315.536
315.027
322.715
322.147
321.579
321.012
320.448
319.886
319.328
318.773
318.224
317.679
317.141
316.61
316.086
315.57
315.064
322.716
322.149
321.583
321.019
320.456
319.896
319.34
318.787
318.24
317.697
317.161
316.632
316.11
315.596
315.091
322.717
322.151
321.586
321.023
320.461
319.903
319.348
318.797
318.25
317.709
317.174
316.646
316.126
315.613
315.109
322.717
322.152
321.588
321.025
320.464
319.906
319.352
318.801
318.256
317.715
317.181
316.653
316.133
315.621
315.118
313.454
313.127
312.553
312.23
311.76
311.533
311.307
310.844
310.526
309.952
309.639
309.188
308.939
308.592
308.425
308.263
307.94
307.723
307.341
307.138
306.86
306.729
306.608
306.372
306.218
305.958
305.789
305.501
305.349
305.145
305.048
304.959
304.788
304.675
304.486
304.361
304.148
304.033
303.878
303.803
303.732
303.595
303.5
303.339
303.229
303.034
302.925
302.768
302.677
302.547
302.48
302.412
302.273
302.172
301.988
301.883
301.731
301.654
301.575
301.415
301.298
301.09
300.942
300.671
300.518
300.293
300.18
300.063
299.823
299.649
299.334
299.112
298.702
298.472
298.134
297.966
297.792
297.434
297.178
296.714
296.391
295.798
295.468
294.987
294.753
294.517
294.028
293.693
293.096
292.757
313.671
313.25
312.804
312.409
312.018
311.684
311.353
310.975
310.601
310.189
309.823
309.46
309.149
308.851
308.601
308.359
308.09
307.829
307.548
307.303
307.069
306.874
306.688
306.485
306.287
306.074
305.871
305.657
305.472
305.296
305.15
305.012
304.86
304.713
304.554
304.402
304.24
304.098
303.962
303.846
303.735
303.61
303.486
303.348
303.213
303.065
302.931
302.797
302.677
302.558
302.453
302.346
302.222
302.096
301.954
301.822
301.689
301.568
301.444
301.299
301.147
300.971
300.791
300.588
300.4
300.208
300.035
299.856
299.644
299.421
299.161
298.896
298.596
298.32
298.038
297.786
297.526
297.218
296.897
296.523
296.145
295.719
295.332
294.94
294.598
294.251
293.846
293.436
292.975
292.54
313.839
313.408
312.985
312.582
312.195
311.829
311.469
311.101
310.731
310.359
310.002
309.659
309.341
309.041
308.764
308.496
308.228
307.964
307.702
307.455
307.221
307.004
306.796
306.587
306.381
306.174
305.971
305.77
305.582
305.405
305.24
305.083
304.925
304.769
304.612
304.456
304.302
304.156
304.016
303.884
303.755
303.624
303.491
303.354
303.216
303.076
302.939
302.805
302.676
302.55
302.428
302.304
302.176
302.042
301.904
301.765
301.626
301.488
301.345
301.192
301.03
300.856
300.673
300.482
300.289
300.094
299.899
299.697
299.479
299.247
298.996
298.732
298.455
298.177
297.897
297.618
297.33
297.02
296.691
296.338
295.969
295.584
295.201
294.821
294.448
294.069
293.669
293.253
292.817
292.372
313.982
313.553
313.136
312.733
312.343
311.966
311.596
311.229
310.866
310.507
310.159
309.824
309.505
309.201
308.912
308.633
308.361
308.095
307.837
307.588
307.35
307.122
306.903
306.688
306.477
306.269
306.065
305.867
305.677
305.495
305.321
305.153
304.989
304.827
304.667
304.509
304.354
304.204
304.059
303.918
303.779
303.641
303.502
303.363
303.222
303.081
302.942
302.805
302.67
302.536
302.404
302.271
302.135
301.996
301.854
301.709
301.563
301.414
301.26
301.099
300.931
300.754
300.569
300.377
300.181
299.98
299.774
299.56
299.335
299.098
298.848
298.587
298.315
298.038
297.754
297.464
297.164
296.85
296.52
296.174
295.815
295.444
295.069
294.69
294.308
293.918
293.516
293.1
292.67
292.228
314.107
313.681
313.267
312.865
312.474
312.093
311.72
311.353
310.993
310.641
310.298
309.966
309.647
309.341
309.046
308.761
308.485
308.217
307.957
307.705
307.463
307.229
307.003
306.783
306.567
306.357
306.152
305.953
305.76
305.574
305.394
305.22
305.049
304.882
304.718
304.558
304.4
304.246
304.095
303.948
303.803
303.659
303.515
303.372
303.228
303.085
302.943
302.801
302.661
302.521
302.382
302.242
302.099
301.954
301.807
301.656
301.503
301.346
301.184
301.017
300.843
300.662
300.474
300.28
300.079
299.873
299.66
299.439
299.209
298.968
298.717
298.456
298.185
297.906
297.619
297.324
297.019
296.702
296.373
296.03
295.676
295.312
294.941
294.563
294.178
293.785
293.381
292.966
292.54
292.102
314.215
313.794
313.382
312.981
312.589
312.207
311.834
311.468
311.111
310.761
310.421
310.091
309.772
309.463
309.165
308.877
308.598
308.327
308.064
307.81
307.564
307.326
307.095
306.87
306.652
306.438
306.231
306.029
305.833
305.643
305.459
305.28
305.105
304.934
304.766
304.602
304.44
304.282
304.127
303.975
303.825
303.676
303.528
303.381
303.234
303.087
302.942
302.796
302.651
302.506
302.361
302.215
302.067
301.916
301.763
301.607
301.448
301.285
301.117
300.944
300.766
300.58
300.389
300.191
299.986
299.775
299.557
299.331
299.097
298.853
298.6
298.337
298.066
297.786
297.497
297.199
296.891
296.573
296.243
295.903
295.552
295.191
294.822
294.445
294.06
293.666
293.263
292.85
292.426
291.992
314.31
313.892
313.482
313.083
312.692
312.31
311.937
311.572
311.216
310.868
310.529
310.2
309.881
309.571
309.271
308.981
308.699
308.425
308.16
307.903
307.654
307.412
307.178
306.95
306.728
306.512
306.302
306.097
305.898
305.705
305.517
305.334
305.155
304.98
304.809
304.641
304.476
304.315
304.156
303.999
303.845
303.692
303.54
303.389
303.239
303.089
302.94
302.791
302.642
302.492
302.342
302.191
302.037
301.882
301.724
301.563
301.399
301.231
301.058
300.88
300.697
300.508
300.312
300.111
299.903
299.688
299.466
299.236
298.998
298.752
298.496
298.232
297.959
297.678
297.387
297.087
296.778
296.459
296.129
295.79
295.441
295.082
294.715
294.339
293.955
293.562
293.159
292.748
292.327
291.897
314.392
313.976
313.569
313.171
312.782
312.401
312.029
311.665
311.309
310.962
310.624
310.295
309.976
309.665
309.364
309.071
308.788
308.512
308.245
307.985
307.734
307.489
307.251
307.021
306.796
306.577
306.364
306.157
305.956
305.759
305.568
305.382
305.2
305.021
304.847
304.676
304.508
304.343
304.181
304.021
303.863
303.706
303.551
303.397
303.243
303.09
302.938
302.785
302.632
302.479
302.324
302.169
302.011
301.852
301.69
301.524
301.355
301.183
301.006
300.824
300.637
300.444
300.245
300.04
299.829
299.61
299.385
299.152
298.912
298.663
298.406
298.14
297.865
297.582
297.29
296.989
296.679
296.359
296.03
295.691
295.343
294.986
294.62
294.245
293.862
293.47
293.069
292.659
292.241
291.814
314.462
314.049
313.644
313.248
312.859
312.48
312.108
311.745
311.39
311.044
310.706
310.377
310.057
309.746
309.444
309.15
308.865
308.588
308.318
308.057
307.803
307.556
307.316
307.082
306.855
306.634
306.419
306.21
306.006
305.807
305.613
305.423
305.238
305.057
304.88
304.706
304.536
304.368
304.202
304.039
303.878
303.719
303.561
303.404
303.247
303.091
302.935
302.78
302.624
302.467
302.309
302.15
301.988
301.825
301.659
301.49
301.317
301.141
300.96
300.775
300.584
300.388
300.186
299.978
299.764
299.543
299.315
299.08
298.837
298.586
298.327
298.059
297.784
297.499
297.206
296.904
296.593
296.273
295.944
295.606
295.258
294.902
294.537
294.163
293.781
293.39
292.991
292.583
292.167
291.743
314.521
314.11
313.707
313.312
312.925
312.546
312.176
311.813
311.459
311.113
310.776
310.447
310.127
309.815
309.512
309.217
308.93
308.652
308.381
308.118
307.862
307.613
307.371
307.135
306.906
306.683
306.466
306.254
306.048
305.847
305.651
305.459
305.272
305.088
304.909
304.732
304.559
304.389
304.221
304.055
303.892
303.73
303.569
303.409
303.25
303.092
302.933
302.775
302.616
302.456
302.295
302.133
301.969
301.802
301.633
301.461
301.285
301.105
300.922
300.733
300.54
300.341
300.137
299.926
299.709
299.486
299.256
299.018
298.773
298.52
298.26
297.991
297.714
297.429
297.135
296.832
296.521
296.2
295.871
295.533
295.186
294.83
294.466
294.093
293.712
293.323
292.925
292.519
292.105
291.683
314.569
314.161
313.759
313.366
312.98
312.602
312.232
311.87
311.516
311.17
310.833
310.505
310.184
309.872
309.568
309.272
308.985
308.705
308.433
308.168
307.911
307.66
307.417
307.179
306.949
306.724
306.505
306.292
306.084
305.881
305.682
305.489
305.299
305.114
304.932
304.754
304.579
304.406
304.236
304.069
303.903
303.739
303.576
303.414
303.253
303.092
302.932
302.771
302.609
302.447
302.284
302.119
301.952
301.783
301.611
301.436
301.258
301.076
300.89
300.699
300.503
300.302
300.095
299.883
299.664
299.438
299.206
298.967
298.72
298.466
298.204
297.934
297.656
297.37
297.075
296.772
296.46
296.14
295.811
295.473
295.126
294.771
294.408
294.036
293.655
293.267
292.87
292.466
292.053
291.634
314.608
314.201
313.801
313.408
313.023
312.646
312.276
311.915
311.561
311.216
310.879
310.55
310.23
309.917
309.613
309.316
309.028
308.747
308.474
308.208
307.95
307.698
307.453
307.215
306.982
306.756
306.536
306.321
306.112
305.907
305.708
305.512
305.322
305.135
304.951
304.771
304.594
304.42
304.249
304.079
303.912
303.746
303.581
303.418
303.255
303.092
302.93
302.767
302.604
302.44
302.275
302.108
301.939
301.768
301.594
301.417
301.237
301.052
300.864
300.671
300.474
300.271
300.062
299.848
299.627
299.401
299.167
298.926
298.679
298.423
298.16
297.89
297.611
297.324
297.028
296.725
296.413
296.092
295.763
295.425
295.079
294.724
294.361
293.99
293.61
293.223
292.827
292.424
292.013
291.595
314.637
314.23
313.831
313.439
313.055
312.678
312.309
311.948
311.595
311.25
310.913
310.584
310.263
309.951
309.646
309.349
309.06
308.779
308.505
308.238
307.979
307.726
307.48
307.241
307.008
306.781
306.559
306.343
306.133
305.927
305.727
305.53
305.338
305.15
304.965
304.784
304.606
304.431
304.258
304.087
303.918
303.751
303.585
303.421
303.256
303.092
302.929
302.765
302.6
302.434
302.268
302.099
301.929
301.756
301.581
301.402
301.22
301.035
300.845
300.651
300.452
300.247
300.038
299.822
299.6
299.372
299.138
298.896
298.647
298.391
298.127
297.856
297.576
297.289
296.993
296.689
296.377
296.056
295.727
295.39
295.043
294.689
294.326
293.955
293.576
293.19
292.795
292.392
291.983
291.566
314.656
314.25
313.852
313.46
313.076
312.7
312.331
311.971
311.618
311.273
310.936
310.607
310.286
309.973
309.668
309.371
309.081
308.8
308.525
308.258
307.998
307.745
307.499
307.258
307.025
306.797
306.575
306.358
306.147
305.941
305.739
305.542
305.349
305.16
304.975
304.793
304.614
304.438
304.264
304.092
303.923
303.755
303.588
303.422
303.257
303.093
302.928
302.763
302.597
302.431
302.263
302.094
301.922
301.748
301.572
301.393
301.21
301.023
300.832
300.637
300.437
300.232
300.021
299.805
299.582
299.354
299.118
298.876
298.626
298.37
298.106
297.834
297.554
297.266
296.97
296.666
296.353
296.033
295.703
295.366
295.02
294.666
294.303
293.933
293.554
293.168
292.773
292.372
291.962
291.546
314.665
314.26
313.862
313.471
313.087
312.711
312.342
311.982
311.629
311.284
310.947
310.618
310.297
309.984
309.679
309.382
309.092
308.81
308.535
308.268
308.008
307.754
307.508
307.267
307.033
306.805
306.583
306.366
306.154
305.947
305.745
305.548
305.355
305.165
304.979
304.797
304.618
304.441
304.267
304.095
303.925
303.757
303.589
303.423
303.258
303.093
302.927
302.762
302.596
302.429
302.261
302.091
301.919
301.745
301.568
301.388
301.204
301.017
300.826
300.63
300.43
300.224
300.013
299.796
299.573
299.344
299.108
298.866
298.616
298.359
298.095
297.822
297.542
297.254
296.958
296.654
296.342
296.021
295.692
295.354
295.008
294.654
294.292
293.921
293.543
293.157
292.763
292.361
291.952
291.537
292.228
291.577
290.923
290.276
289.634
288.996
288.361
287.728
287.096
286.465
285.835
285.204
284.574
283.945
283.315
292.025
291.423
290.804
290.18
289.555
288.93
288.305
287.681
287.057
286.433
285.809
285.185
284.561
283.936
283.312
291.864
291.284
290.689
290.084
289.475
288.863
288.249
287.633
287.017
286.4
285.783
285.165
284.547
283.928
283.309
291.727
291.162
290.583
289.994
289.398
288.797
288.193
287.587
286.978
286.368
285.757
285.146
284.533
283.92
283.307
291.608
291.054
290.487
289.91
289.325
288.735
288.14
287.542
286.941
286.338
285.733
285.127
284.52
283.912
283.304
291.504
290.959
290.401
289.834
289.259
288.677
288.09
287.499
286.905
286.308
285.709
285.109
284.507
283.905
283.302
291.414
290.875
290.325
289.766
289.198
288.624
288.044
287.46
286.872
286.281
285.688
285.092
284.496
283.898
283.299
291.335
290.802
290.258
289.705
289.144
288.577
288.003
287.425
286.842
286.256
285.668
285.077
284.485
283.891
283.297
291.268
290.739
290.2
289.653
289.097
288.535
287.967
287.393
286.815
286.234
285.65
285.063
284.475
283.886
283.295
291.211
290.686
290.151
289.608
289.057
288.499
287.935
287.366
286.792
286.215
285.634
285.051
284.467
283.88
283.294
291.164
290.642
290.111
289.571
289.023
288.469
287.909
287.343
286.773
286.199
285.621
285.041
284.459
283.876
283.292
291.127
290.607
290.078
289.541
288.997
288.445
287.887
287.324
286.757
286.185
285.611
285.033
284.454
283.873
283.291
291.099
290.581
290.054
289.519
288.976
288.427
287.872
287.311
286.745
286.175
285.603
285.027
284.449
283.87
283.29
291.081
290.564
290.038
289.504
288.963
288.415
287.861
287.301
286.737
286.169
285.597
285.023
284.446
283.868
283.29
291.072
290.555
290.03
289.497
288.956
288.409
287.856
287.297
286.733
286.165
285.594
285.021
284.445
283.868
283.289
)
;

boundaryField
{
    hot
    {
        type            fixedValue;
        value           uniform 323;
    }
    cold
    {
        type            fixedValue;
        value           uniform 283;
    }
    interface_left
    {
        type            fixedValue;
        value           nonuniform List<scalar> 
90
(
313.477
313.477
313.426
313.426
313.319
313.319
313.319
313.195
313.195
313.029
313.029
312.909
312.909
312.818
312.818
312.818
312.735
312.735
312.636
312.636
312.572
312.572
312.572
312.52
312.52
312.468
312.468
312.41
312.41
312.375
312.375
312.375
312.348
312.348
312.324
312.324
312.298
312.298
312.284
312.284
312.284
312.275
312.275
312.27
312.27
312.267
312.267
312.268
312.268
312.268
312.273
312.273
312.283
312.283
312.302
312.302
312.32
312.32
312.32
312.342
312.342
312.375
312.375
312.426
312.426
312.469
312.469
312.469
312.518
312.518
312.586
312.586
312.685
312.685
312.764
312.764
312.764
312.848
312.848
312.954
312.954
313.095
313.095
313.193
313.193
313.193
313.26
313.26
313.246
313.246
)
;
    }
    interface_right
    {
        type            fixedValue;
        value           nonuniform List<scalar> 
90
(
292.768
292.768
292.736
292.736
292.736
292.796
292.796
292.898
292.898
293.041
293.041
293.148
293.148
293.232
293.232
293.232
293.312
293.312
293.411
293.411
293.478
293.478
293.528
293.528
293.528
293.572
293.572
293.623
293.623
293.656
293.656
293.679
293.679
293.679
293.698
293.698
293.717
293.717
293.728
293.728
293.728
293.734
293.734
293.739
293.739
293.74
293.74
293.737
293.737
293.732
293.732
293.732
293.723
293.723
293.705
293.705
293.687
293.687
293.668
293.668
293.668
293.643
293.643
293.602
293.602
293.567
293.567
293.567
293.526
293.526
293.471
293.471
293.39
293.39
293.326
293.326
293.326
293.258
293.258
293.173
293.173
293.06
293.06
292.983
292.983
292.983
292.935
292.935
292.967
292.967
)
;
    }
    interface_top
    {
        type            fixedValue;
        value           nonuniform List<scalar> 
90
(
313.246
313.246
312.248
312.248
311.458
311.458
311.458
310.676
310.676
309.649
309.649
308.909
308.909
308.335
308.335
308.335
307.792
307.792
307.111
307.111
306.653
306.653
306.653
306.261
306.261
305.837
305.837
305.327
305.327
304.994
304.994
304.994
304.712
304.712
304.406
304.406
304.031
304.031
303.78
303.78
303.78
303.556
303.556
303.298
303.298
302.957
302.957
302.705
302.705
302.495
302.495
302.495
302.27
302.27
301.947
301.947
301.698
301.698
301.698
301.44
301.44
301.104
301.104
300.627
300.627
300.254
300.254
300.254
299.863
299.863
299.352
299.352
298.624
298.624
298.057
298.057
298.057
297.466
297.466
296.706
296.706
295.644
295.644
294.83
294.83
294.83
294.007
294.007
292.967
292.967
)
;
    }
    interface_bottom
    {
        type            fixedValue;
        value           nonuniform List<scalar> 
90
(
313.477
313.477
312.577
312.577
312.577
311.76
311.76
310.828
310.828
309.659
309.659
308.842
308.842
308.218
308.218
308.218
307.627
307.627
306.876
306.876
306.354
306.354
305.959
305.959
305.959
305.591
305.591
305.133
305.133
304.828
304.828
304.828
304.564
304.564
304.273
304.273
303.914
303.914
303.672
303.672
303.672
303.453
303.453
303.198
303.198
302.858
302.858
302.606
302.606
302.393
302.393
302.393
302.162
302.162
301.829
301.829
301.571
301.571
301.571
301.302
301.302
300.951
300.951
300.452
300.452
300.064
300.064
300.064
299.656
299.656
299.125
299.125
298.377
298.377
297.798
297.798
297.798
297.2
297.2
296.436
296.436
295.382
295.382
294.584
294.584
294.584
293.781
293.781
292.768
292.768
)
;
    }
    defaultFaces
    {
        type            empty;
    }
}


// ************************************************************************* //
