/*--------------------------------*- C++ -*----------------------------------*\
| =========                 |                                                 |
| \\      /  F ield         | OpenFOAM: The Open Source CFD Toolbox           |
|  \\    /   O peration     | Version:  5.x                                   |
|   \\  /    A nd           | Web:      www.OpenFOAM.org                      |
|    \\/     M anipulation  |                                                 |
\*---------------------------------------------------------------------------*/
FoamFile
{
    version     2.0;
    format      ascii;
    class       volScalarField;
    location    "4.8";
    object      gradTy;
}
// * * * * * * * * * * * * * * * * * * * * * * * * * * * * * * * * * * * * * //

dimensions      [0 -1 0 1 0 0 0];

internalField   nonuniform List<scalar> 
6300
(
32274.1
32222.2
32170.4
32118.6
32066.9
32015.2
31963.7
31912.3
31861
31809.9
31758.9
31708.2
31657.6
31607.3
31557.2
-0.013965
-0.0419583
-0.0701284
-0.0985552
-0.127249
-0.156124
-0.184982
-0.2135
-0.241237
-0.267667
-0.292243
-0.314508
-0.334239
-0.3516
-0.36727
-0.0231951
-0.0697193
-0.116595
-0.163972
-0.211893
-0.260241
-0.308701
-0.356728
-0.40355
-0.448214
-0.489691
-0.52706
-0.55977
-0.587953
-0.612707
-0.0323097
-0.097136
-0.162547
-0.228823
-0.296084
-0.364221
-0.432822
-0.501124
-0.567981
-0.631907
-0.691202
-0.74422
-0.789779
-0.827692
-0.859318
-0.0412243
-0.123984
-0.207654
-0.292712
-0.379428
-0.467767
-0.55728
-0.647006
-0.735392
-0.820283
-0.899046
-0.968898
-1.0275
-1.07381
-1.10911
-0.049811
-0.1499
-0.25135
-0.354921
-0.461127
-0.570114
-0.6815
-0.794203
-0.90627
-1.01476
-1.11578
-1.2048
-1.27746
-1.33089
-1.36549
-0.0579303
-0.174456
-0.292931
-0.4145
-0.540055
-0.670074
-0.804416
-0.942051
-1.08074
-1.21673
-1.34452
-1.45708
-1.54667
-1.60679
-1.63529
-0.0653896
-0.197073
-0.331429
-0.470112
-0.61454
-0.765736
-0.924066
-1.08887
-1.25795
-1.42691
-1.58852
-1.73234
-1.84533
-1.91426
-1.93092
-0.071948
-0.217023
-0.365613
-0.519989
-0.682273
-0.854282
-1.03726
-1.23144
-1.43528
-1.64444
-1.85028
-2.0384
-2.18798
-2.2739
-2.27464
-0.0773294
-0.23346
-0.394016
-0.56197
-0.740293
-0.93187
-1.13928
-1.36435
-1.60731
-1.86526
-2.1297
-2.38292
-2.59416
-2.71853
-2.7065
-0.08124
-0.245476
-0.415027
-0.593589
-0.785072
-0.993638
-1.22364
-1.47938
-1.76433
-2.07956
-2.42025
-2.76931
-3.08703
-3.29935
-3.2993
-0.0833956
-0.25218
-0.427033
-0.612296
-0.812781
-1.03398
-1.28229
-1.56517
-1.89104
-2.26831
-2.70231
-3.18688
-3.68515
-4.09243
-4.19156
-0.083559
-0.25282
-0.428634
-0.615793
-0.819788
-1.04722
-1.30636
-1.60796
-1.96629
-2.40026
-2.93365
-3.59062
-4.37418
-5.19371
-5.67348
-0.0815805
-0.246913
-0.418898
-0.602466
-0.803373
-1.02876
-1.28797
-1.59401
-1.96583
-2.43267
-3.0413
-3.8677
-5.0273
-6.635
-8.42434
-0.0774324
-0.234356
-0.39759
-0.571812
-0.762499
-0.976472
-1.22278
-1.51422
-1.87028
-2.32315
-2.93109
-3.81161
-5.23263
-7.89508
-13.923
31511.5
31470.1
31428.9
31387.8
31347
31306.4
31266
31225.8
31185.9
31146.2
31106.8
31067.7
31029
30990.5
30952.5
30914.8
30877.4
30840.5
30804
30767.8
30732.1
30696.8
30661.8
30627.3
30593.2
30559.4
30526
30493
30460.3
30427.9
30395.9
30364.2
30332.7
30301.6
30270.7
30240.1
30209.8
30179.7
30149.9
30120.4
30091
30061.9
30033.1
30004.5
29976.1
29948
29920.1
29892.5
29865.1
29837.9
29811
29784.2
29757.7
29731.4
29705.3
29679.3
29653.5
29627.9
29602.4
29577.1
29551.8
29526.7
29501.6
29476.7
29451.8
29426.9
29402.1
29377.4
29352.6
29327.9
29303.2
29278.5
29253.7
29228.9
29204.1
29179.2
29154.3
29129.3
29104.1
29078.9
29053.6
29028.1
29002.6
28976.9
28951
28925
28898.8
28872.4
28845.9
28819.2
-0.381215
-0.394697
-0.410113
-0.428573
-0.450997
-0.477956
-0.509542
-0.545324
-0.584384
-0.625434
-0.66699
-0.707567
-0.74584
-0.780751
-0.811533
-0.837679
-0.858867
-0.87488
-0.885569
-0.890842
-0.890701
-0.885287
-0.874913
-0.860067
-0.841388
-0.819617
-0.795541
-0.76996
-0.743657
-0.717386
-0.691855
-0.667694
-0.645419
-0.625397
-0.607828
-0.592755
-0.580107
-0.569747
-0.561515
-0.555246
-0.550755
-0.547788
-0.545976
-0.544798
-0.54359
-0.541591
-0.538024
-0.532193
-0.523571
-0.511852
-0.496966
-0.479052
-0.45841
-0.435443
-0.410613
-0.384404
-0.357299
-0.329756
-0.302181
-0.274889
-0.248081
-0.22183
-0.196096
-0.170766
-0.145699
-0.120779
-0.0959333
-0.0711397
-0.0463997
-0.0217108
0.00295482
0.0276516
0.0524404
0.0773556
0.102376
0.12741
0.152309
0.176893
0.200988
0.224441
0.247128
0.268919
0.28964
0.309037
0.326753
0.342341
0.355298
0.365125
0.371386
0.373759
-0.634243
-0.654955
-0.678917
-0.708249
-0.744745
-0.789547
-0.842892
-0.904005
-0.971168
-1.04196
-1.1136
-1.18335
-1.24885
-1.30828
-1.36041
-1.40452
-1.44019
-1.46714
-1.48511
-1.49391
-1.49346
-1.48395
-1.46588
-1.44013
-1.40783
-1.3703
-1.32891
-1.28503
-1.23999
-1.19509
-1.15154
-1.11045
-1.07275
-1.03907
-1.00972
-0.984713
-0.963854
-0.946845
-0.933392
-0.923249
-0.916175
-0.911826
-0.909637
-0.908735
-0.907935
-0.905838
-0.900997
-0.892118
-0.878233
-0.858813
-0.83378
-0.803443
-0.768391
-0.729374
-0.687212
-0.642752
-0.596837
-0.55028
-0.503809
-0.457994
-0.413187
-0.369486
-0.326766
-0.284757
-0.243156
-0.201723
-0.160342
-0.119006
-0.0777653
-0.0366494
0.00438686
0.0454659
0.0867402
0.128314
0.170172
0.212147
0.253943
0.295209
0.33562
0.374927
0.412962
0.449574
0.484535
0.517453
0.547717
0.574517
0.596926
0.61401
0.624962
0.629204
-0.885508
-0.9104
-0.939854
-0.977472
-1.02639
-1.08869
-1.16491
-1.25383
-1.35259
-1.45711
-1.56278
-1.66513
-1.76046
-1.84615
-1.92069
-1.98337
-2.03394
-2.07217
-2.09771
-2.11013
-2.10911
-2.09476
-2.06778
-2.02948
-1.98166
-1.92638
-1.8657
-1.80161
-1.73599
-1.67068
-1.60751
-1.54818
-1.49414
-1.44634
-1.40519
-1.37054
-1.3419
-1.31867
-1.30035
-1.28668
-1.27752
-1.2726
-1.27129
-1.27237
-1.274
-1.27389
-1.26964
-1.2591
-1.24072
-1.21371
-1.17809
-1.13448
-1.08394
-1.02769
-0.966982
-0.903057
-0.837165
-0.770548
-0.704358
-0.639518
-0.57657
-0.515601
-0.456284
-0.398036
-0.340245
-0.282472
-0.224563
-0.166614
-0.108833
-0.0513556
0.00587306
0.063113
0.120721
0.178975
0.23791
0.297247
0.356444
0.41486
0.47194
0.527341
0.580938
0.632694
0.68246
0.729773
0.773746
0.813095
0.846295
0.871802
0.888281
0.894788
-1.13537
-1.15944
-1.18921
-1.2306
-1.28897
-1.36801
-1.46887
-1.58973
-1.72595
-1.87088
-2.01701
-2.1573
-2.28625
-2.40042
-2.49837
-2.58002
-2.64581
-2.69584
-2.7296
-2.74609
-2.74436
-2.72418
-2.68639
-2.63295
-2.56668
-2.49067
-2.40786
-2.32085
-2.232
-2.14368
-2.05843
-1.9788
-1.90702
-1.84454
-1.7918
-1.74823
-1.71268
-1.68392
-1.66113
-1.64414
-1.63326
-1.6287
-1.63004
-1.63575
-1.64308
-1.64842
-1.64786
-1.63791
-1.61615
-1.58155
-1.53439
-1.47601
-1.40823
-1.33293
-1.25188
-1.16668
-1.07902
-0.990677
-0.903433
-0.818777
-0.737555
-0.659782
-0.584699
-0.511085
-0.437724
-0.363824
-0.289237
-0.214368
-0.139838
-0.0660685
0.00698962
0.0798874
0.153439
0.228333
0.30476
0.382249
0.459782
0.536157
0.61041
0.682099
0.75132
0.818445
0.883693
0.946689
1.00623
1.06033
1.10655
1.14242
1.16582
1.17529
-1.38488
-1.40019
-1.42175
-1.45922
-1.52171
-1.61583
-1.74396
-1.90344
-2.08673
-2.28286
-2.47959
-2.66576
-2.83328
-2.978
-3.09946
-3.19949
-3.28032
-3.34292
-3.38634
-3.40823
-3.40617
-3.37895
-3.32749
-3.2549
-3.16572
-3.06475
-2.95607
-2.84273
-2.72723
-2.61226
-2.50124
-2.39811
-2.3065
-2.22874
-2.1652
-2.11439
-2.07371
-2.04058
-2.01356
-1.99285
-1.97991
-1.97633
-1.98254
-1.9968
-2.01507
-2.03149
-2.03961
-2.03375
-2.01012
-1.96747
-1.9069
-1.83112
-1.74336
-1.64651
-1.54275
-1.43389
-1.32189
-1.20925
-1.09881
-0.993117
-0.8936
-0.800116
-0.71102
-0.623794
-0.536
-0.446185
-0.354336
-0.261652
-0.16976
-0.0797698
0.00832695
0.0957117
0.184218
0.275475
0.370076
0.467184
0.564786
0.660509
0.752573
0.840412
0.924719
1.0069
1.08817
1.16858
1.24655
1.31893
1.38173
1.43098
1.4634
1.47682
-1.6377
-1.63189
-1.63131
-1.65172
-1.70879
-1.81453
-1.97382
-2.18274
-2.42889
-2.69388
-2.95724
-3.20096
-3.413
-3.58895
-3.73125
-3.84646
-3.94096
-4.01748
-4.07391
-4.10475
-4.10406
-4.06846
-3.99888
-3.90058
-3.78157
-3.64977
-3.51082
-3.36758
-3.22154
-3.07501
-2.93254
-2.80067
-2.68589
-2.59229
-2.5201
-2.4658
-2.42369
-2.38826
-2.35674
-2.3302
-2.3129
-2.30971
-2.32325
-2.35193
-2.38954
-2.42634
-2.45134
-2.45499
-2.43132
-2.37904
-2.30114
-2.20329
-2.09143
-1.96986
-1.84082
-1.70545
-1.56553
-1.42449
-1.2872
-1.1584
-1.0408
-0.93397
-0.834486
-0.737163
-0.637027
-0.531323
-0.420483
-0.307647
-0.196791
-0.0905949
0.0108394
0.11007
0.21118
0.317944
0.431921
0.551542
0.672627
0.79026
0.900951
1.00394
1.1013
1.1968
1.29398
1.39411
1.49502
1.59143
1.67653
1.74386
1.78845
1.80719
-1.90194
-1.85587
-1.81044
-1.79115
-1.82549
-1.93576
-2.13182
-2.40803
-2.74352
-3.10685
-3.46274
-3.78134
-4.04425
-4.24785
-4.40159
-4.52273
-4.62699
-4.72042
-4.79782
-4.84609
-4.85167
-4.80634
-4.71101
-4.57549
-4.41519
-4.24448
-4.07111
-3.89582
-3.71589
-3.53124
-3.34792
-3.17791
-3.0341
-2.9243
-2.84852
-2.79897
-2.76333
-2.72961
-2.69201
-2.65353
-2.62481
-2.61826
-2.64141
-2.69347
-2.76441
-2.83745
-2.89307
-2.91481
-2.89297
-2.82677
-2.72339
-2.59489
-2.45274
-2.30324
-2.14726
-1.98286
-1.81007
-1.63361
-1.46265
-1.30688
-1.17179
-1.05658
-0.954176
-0.853924
-0.745426
-0.62322
-0.488887
-0.350179
-0.216519
-0.0939784
0.0170993
0.122288
0.230552
0.350565
0.486162
0.634299
0.785929
0.930481
1.06088
1.17602
1.281
1.3847
1.49597
1.61888
1.75033
1.88057
1.99725
2.08981
2.151
2.17691
-2.19431
-2.07864
-1.95152
-1.85291
-1.83227
-1.93282
-2.17367
-2.54718
-3.01726
-3.52967
-4.02108
-4.44101
-4.75998
-4.97759
-5.11784
-5.22226
-5.32753
-5.44533
-5.56252
-5.64773
-5.67139
-5.61497
-5.47977
-5.28479
-5.06247
-4.84168
-4.63276
-4.42934
-4.21563
-3.98412
-3.74265
-3.51597
-3.33184
-3.20578
-3.13766
-3.11054
-3.09864
-3.07498
-3.02697
-2.96122
-2.9032
-2.8824
-2.91632
-3.00619
-3.13464
-3.27198
-3.38199
-3.43575
-3.41686
-3.32642
-3.18019
-3.00456
-2.82301
-2.64437
-2.46425
-2.27076
-2.05835
-1.83325
-1.61472
-1.42407
-1.27266
-1.15928
-1.06931
-0.981127
-0.872149
-0.731195
-0.562229
-0.384114
-0.218936
-0.0795872
0.0330821
0.131295
0.234197
0.36191
0.523476
0.713123
0.910482
1.0921
1.24379
1.36368
1.46348
1.56259
1.68209
1.83221
2.00819
2.18998
2.35342
2.48157
2.56501
2.60048
-2.54776
-2.31751
-2.05119
-1.802
-1.66405
-1.72728
-2.02377
-2.54647
-3.22921
-3.98183
-4.68141
-5.2451
-5.62067
-5.81768
-5.8846
-5.91943
-6.00881
-6.1699
-6.37197
-6.5367
-6.60511
-6.53568
-6.3332
-6.03204
-5.70607
-5.42027
-5.18497
-4.97608
-4.73939
-4.44973
-4.11447
-3.79106
-3.54428
-3.40211
-3.36602
-3.39845
-3.44912
-3.45362
-3.38569
-3.25596
-3.12617
-3.06592
-3.10881
-3.2615
-3.49019
-3.74401
-3.95
-4.05945
-4.04192
-3.90452
-3.67744
-3.42087
-3.18724
-2.9858
-2.79863
-2.5841
-2.32307
-2.02164
-1.72484
-1.483
-1.31701
-1.22653
-1.18019
-1.13658
-1.04325
-0.877862
-0.647122
-0.397831
-0.182605
-0.0252639
0.0713602
0.135002
0.203541
0.325907
0.52172
0.78218
1.059
1.29807
1.47371
1.58142
1.64808
1.71222
1.82517
2.0093
2.25869
2.52674
2.76128
2.93856
3.04883
3.09778
-3.02471
-2.60815
-2.12612
-1.59101
-1.20637
-1.18616
-1.54842
-2.31559
-3.34078
-4.51066
-5.53773
-6.32044
-6.73886
-6.84551
-6.698
-6.5385
-6.5873
-6.83592
-7.23567
-7.56489
-7.73781
-7.64857
-7.32932
-6.8156
-6.29246
-5.92674
-5.69976
-5.56348
-5.34005
-4.98166
-4.46989
-3.95651
-3.60677
-3.44639
-3.49639
-3.66082
-3.86678
-3.93729
-3.83416
-3.55155
-3.24975
-3.10168
-3.14397
-3.40815
-3.81029
-4.2857
-4.6578
-4.86675
-4.84035
-4.61253
-4.21791
-3.80491
-3.50583
-3.30741
-3.17315
-2.96511
-2.6467
-2.20403
-1.75648
-1.43337
-1.25329
-1.23089
-1.28775
-1.36427
-1.31869
-1.11921
-0.759262
-0.363015
-0.0634148
0.115996
0.156639
0.131184
0.0949204
0.183721
0.426481
0.827326
1.26152
1.59505
1.80114
1.85793
1.83601
1.79125
1.86549
2.09217
2.48208
2.91151
3.25136
3.49178
3.62068
3.69508
-3.74218
-2.99327
-2.27793
-1.16405
-0.225018
-0.0957255
-0.491674
-1.71494
-3.24592
-5.24716
-6.74809
-7.92263
-8.30843
-8.24189
-7.53141
-6.86044
-6.881
-7.28738
-8.20406
-8.82137
-9.25138
-9.0961
-8.60906
-7.61642
-6.65595
-6.23731
-6.08788
-6.2804
-6.13914
-5.73856
-4.83184
-3.8906
-3.40096
-3.19212
-3.46646
-3.86791
-4.48408
-4.6756
-4.54575
-3.8795
-3.15673
-2.86811
-2.86447
-3.36097
-4.02977
-4.98102
-5.60542
-6.01785
-5.93369
-5.56559
-4.78973
-4.02972
-3.68427
-3.54141
-3.65865
-3.50977
-3.15393
-2.39808
-1.6135
-1.18229
-0.966963
-1.12552
-1.37133
-1.77205
-1.81991
-1.59574
-0.927673
-0.192937
0.225051
0.453376
0.333458
0.139389
-0.197251
-0.183507
0.100345
0.821331
1.60598
2.07264
2.34076
2.24508
2.05416
1.69638
1.68385
1.93763
2.64629
3.4231
3.88257
4.20359
4.26909
4.43058
-4.95048
-3.33063
-3.00403
-0.485147
1.92288
1.75165
1.75697
-0.670667
-2.4734
-6.70363
-8.42793
-10.66
-10.5288
-10.5649
-8.3072
-6.18582
-6.61834
-7.00331
-9.60282
-10.3469
-11.607
-11.0205
-10.616
-8.37
-6.23821
-6.15925
-5.98267
-7.47702
-7.31068
-7.22333
-5.24243
-3.17333
-2.78969
-2.24101
-3.25241
-3.76475
-5.71176
-5.87559
-6.02865
-4.28766
-2.43736
-2.22301
-1.86359
-3.06452
-3.84131
-6.14581
-6.85706
-7.88283
-7.43466
-7.10462
-5.33752
-3.65634
-3.5698
-3.39966
-4.52612
-4.35123
-4.23597
-2.63232
-0.960531
-0.61917
-0.141073
-0.893309
-1.23065
-2.68677
-2.71167
-2.71036
-1.191
0.434294
0.787663
1.2933
0.618133
0.353982
-0.992908
-0.938639
-0.854278
0.724591
2.40919
2.83699
3.40514
2.77024
2.5135
1.10521
1.11955
1.1288
2.7131
4.39228
4.71377
5.284
4.77998
5.4018
-7.54559
-1.80552
-6.88693
0.353493
7.78519
3.34527
7.50962
-0.52572
1.79528
-11.7681
-9.37597
-16.8002
-12.5075
-16.1902
-8.88604
-1.83288
-6.42339
-3.52951
-13.6727
-11.1283
-16.6209
-12.6823
-15.2737
-8.95823
-2.86349
-6.22082
-3.4703
-11.0641
-8.36748
-11.4338
-5.779
-0.0279297
-2.41499
0.957715
-3.75594
-1.59452
-9.50613
-7.08996
-10.2379
-4.85209
0.638952
-1.78563
1.38538
-3.37762
-1.45176
-9.60369
-7.65456
-11.8691
-8.76432
-10.7118
-5.76037
-0.985461
-3.57447
-1.38959
-7.26628
-5.1056
-7.46006
-2.96349
1.60946
-0.251763
2.45766
-1.25735
0.522253
-5.66121
-3.64
-6.00976
-1.60573
2.89421
1.13211
3.83461
0.312052
2.12878
-3.80512
-1.73607
-3.95992
0.47658
5.02315
3.40018
6.20277
2.75177
4.63193
-1.53364
0.563402
-1.94725
2.64401
7.31729
5.18748
7.91201
3.6704
7.13945
-17.255
15.3028
-28.5129
0.916691
30.7424
-7.45165
30.8295
-15.2944
28.9371
-39.8092
3.81097
-39.8133
-3.00232
-37.6377
-9.10419
19.2861
-17.0069
18.7169
-36.0139
-0.337535
-35.2171
-4.94166
-32.7587
-9.22979
14.121
-15.079
13.9366
-29.4706
-1.12695
-28.2042
-6.45557
14.835
-10.3358
15.7994
-14.1611
15.0794
-28.1741
-0.293586
-26.7372
-5.56972
15.1121
-9.40754
16.0577
-13.3243
15.4482
-27.6088
0.421883
-26.3967
-2.82049
-24.2549
-5.93071
12.2878
-10.4552
12.2275
-21.5818
0.640166
-20.5512
-3.40621
13.4431
-6.46762
14.306
-9.53511
13.7404
-20.4518
1.75324
-19.0648
-2.15988
14.3701
-4.95372
15.3387
-7.68379
15.0632
-18.1427
3.64715
-16.6574
0.0690703
16.5203
-2.41034
18.0046
-4.94443
18.3353
-16.0714
6.64153
-15.2507
2.45617
20.038
-1.32963
20.5706
-8.5432
13.6754
28789.6
28757.1
28724.3
28691.3
28658.1
28624.6
28591
28557.2
28523.2
28489.1
28454.8
28420.5
28386.1
28351.7
28317.2
0.371906
0.364087
0.350821
0.332737
0.310638
0.285392
0.257835
0.228712
0.198632
0.168058
0.137311
0.106586
0.0759821
0.0455173
0.0151589
0.626151
0.612756
0.589974
0.558965
0.521185
0.478183
0.431435
0.382224
0.331581
0.280272
0.228812
0.177504
0.126482
0.0757485
0.0252241
0.890468
0.870826
0.837365
0.79197
0.736955
0.674725
0.607504
0.537175
0.465206
0.392646
0.32017
0.248144
0.176695
0.105774
0.0352152
1.16963
1.14264
1.09662
1.03453
0.95988
0.876201
0.786635
0.693733
0.599398
0.504921
0.411071
0.318206
0.226382
0.13544
0.0450791
1.46962
1.43347
1.37194
1.28963
1.19181
1.08353
0.969072
0.851701
0.733716
0.616556
0.500975
0.38722
0.275185
0.164524
0.0547409
1.79797
1.74972
1.66807
1.56026
1.43418
1.29701
1.15437
1.01025
0.86719
0.726598
0.589041
0.454508
0.32261
0.192728
0.0641009
2.16471
2.09956
1.99051
1.84924
1.68772
1.51596
1.34111
1.16769
0.998161
0.833584
0.674071
0.519151
0.368016
0.219673
0.0730342
2.58371
2.49365
2.34548
2.15873
1.95171
1.73809
1.52643
1.32118
1.12414
0.935475
0.754486
0.579996
0.410622
0.244912
0.0813944
3.07499
2.94631
2.73943
2.48892
2.22272
1.95859
1.70546
1.46649
1.24169
1.02966
0.828377
0.635706
0.449555
0.26795
0.0890227
3.66988
3.47703
3.17697
2.83483
2.49201
2.1685
1.8706
1.59771
1.34651
1.11307
0.893633
0.684874
0.483929
0.288303
0.0957641
4.42877
4.11386
3.65568
3.1805
2.74176
2.35298
2.01095
1.70735
1.43362
1.18249
0.948193
0.726211
0.512972
0.305562
0.101491
5.50112
4.89445
4.15186
3.48909
2.94113
2.49069
2.11297
1.78721
1.49816
1.23508
0.99043
0.758795
0.53618
0.319478
0.10613
7.2892
5.81102
4.56932
3.683
3.04288
2.55571
2.16314
1.83043
1.53677
1.26926
1.01964
0.782351
0.553467
0.330038
0.109682
10.7182
6.4904
4.6312
3.63063
2.99169
2.52627
2.15354
1.83469
1.54924
1.28554
1.0365
0.797491
0.565294
0.337519
0.112238
-0.0718954
-0.217531
-0.368803
-0.529841
-0.705401
-0.901264
-1.12488
-1.38643
-1.70084
-2.09188
-2.60131
-3.31215
-4.41537
-6.42755
-10.9819
-0.0654481
-0.197911
-0.335139
-0.480538
-0.637887
-0.811521
-1.00658
-1.22927
-1.48712
-1.78887
-2.14224
-2.54267
-2.92131
-2.90769
-0.701956
-0.0579155
-0.174988
-0.295809
-0.422952
-0.55908
-0.706914
-0.869078
-1.04763
-1.24284
-1.44997
-1.65061
-1.78852
-1.6995
-0.909723
1.89864
-0.0495208
-0.149464
-0.252096
-0.35914
-0.472163
-0.592369
-0.720184
-0.854371
-0.990184
-1.1155
-1.20271
-1.19232
-0.963847
-0.314026
0.850982
-0.0405
-0.122075
-0.205325
-0.291189
-0.380273
-0.472553
-0.566858
-0.659923
-0.744688
-0.807361
-0.822716
-0.748007
-0.520202
-0.0763696
0.552982
-0.0310818
-0.0935266
-0.156746
-0.221015
-0.286181
-0.351352
-0.414404
-0.471203
-0.51442
-0.531926
-0.50528
-0.410395
-0.22631
0.0323691
0.218735
-0.0214695
-0.0644431
-0.107444
-0.150227
-0.1921
-0.231642
-0.26631
-0.291906
-0.301925
-0.286993
-0.235158
-0.134909
0.0158826
0.191318
0.317712
-0.0118336
-0.0353406
-0.0582945
-0.080073
-0.0996419
-0.115326
-0.124531
-0.123434
-0.106717
-0.0675706
0.00143185
0.10543
0.241013
0.384339
0.463735
-0.00230795
-0.00662026
-0.00995819
-0.0114511
-0.00987995
-0.00350958
0.0100877
0.0341807
0.0729297
0.131192
0.213788
0.323844
0.4608
0.621781
0.826975
0.00700854
0.0214272
0.0371019
0.0550488
0.0765557
0.103295
0.137421
0.181612
0.239027
0.313099
0.407122
0.523602
0.663935
0.828544
1.01029
0.0160484
0.0486073
0.0825912
0.119084
0.159367
0.204983
0.257774
0.319865
0.393559
0.481178
0.584891
0.706822
0.850242
1.02344
1.25199
0.0247701
0.0748041
0.126347
0.180498
0.238486
0.301702
0.371686
0.45007
0.53843
0.638097
0.750036
0.875146
1.0159
1.17991
1.37651
0.0331517
0.0999599
0.168301
0.239258
0.313989
0.393736
0.479784
0.573364
0.675461
0.786514
0.906061
1.03263
1.16545
1.31379
1.53458
0.0411852
0.124058
0.208451
0.29541
0.386026
0.481414
0.582672
0.690764
0.806289
0.929053
1.05724
1.18583
1.30423
1.39741
1.49326
0.0488722
0.147109
0.246829
0.34904
0.454766
0.565037
0.680838
0.803024
0.932113
1.06785
1.20816
1.34614
1.46056
1.47922
1.10842
0.0562198
0.169137
0.28349
0.400244
0.520372
0.644842
0.774598
0.910518
1.05334
1.20351
1.36072
1.52286
1.68344
1.83152
2.00559
0.0632383
0.190176
0.318497
0.449125
0.582986
0.721004
0.864105
1.01325
1.1695
1.33429
1.50992
1.70072
1.91503
2.16585
2.44272
0.0699395
0.210262
0.351914
0.49578
0.642738
0.793664
0.94945
1.11107
1.27976
1.45757
1.64862
1.86232
2.12132
2.48216
3.09832
0.0763356
0.229434
0.38381
0.540308
0.699759
0.862981
1.03078
1.20401
1.38373
1.5717
1.77163
1.99252
2.25695
2.62125
3.22093
0.0824384
0.247727
0.414247
0.582806
0.754192
0.929151
1.10837
1.29248
1.48201
1.67755
1.88013
2.09255
2.32331
2.59694
2.96939
0.0882585
0.265175
0.443284
0.623366
0.806173
0.992396
1.18262
1.37722
1.57615
1.77855
1.98186
2.17994
2.35993
2.50412
2.66828
0.0938048
0.281804
0.470968
0.662059
0.855813
1.0529
1.25387
1.45899
1.66792
1.87897
2.08728
2.27999
2.42146
2.39751
1.75476
0.0990843
0.297635
0.497332
0.69893
0.90317
1.11075
1.32228
1.53815
1.75825
1.98133
2.2036
2.41573
2.5979
2.72072
2.83208
0.104102
0.312683
0.522394
0.733994
0.948243
1.1659
1.38773
1.61442
1.84655
2.0843
2.32702
2.57236
2.81562
3.052
3.28285
0.108862
0.326957
0.546166
0.767247
0.990984
1.21821
1.44984
1.68697
1.93098
2.18387
2.44869
2.73056
3.0382
3.38721
3.81612
0.113369
0.340469
0.568659
0.798687
1.03134
1.2675
1.50819
1.75478
2.00931
2.27518
2.55858
2.87096
3.23216
3.66704
4.14864
0.11763
0.353238
0.589898
0.828334
1.06931
1.31369
1.5625
1.81714
2.0798
2.35438
2.64843
2.97757
3.37503
3.91457
4.77883
0.121653
0.36529
0.609927
0.856248
1.10497
1.35685
1.61281
1.87398
2.14208
2.42009
2.71399
3.03686
3.41933
3.93674
4.78598
0.12545
0.376661
0.628812
0.882532
1.13846
1.39725
1.65955
1.92606
2.19752
2.47484
2.75952
3.05491
3.37001
3.72861
4.16959
0.129035
0.387395
0.646631
0.907318
1.17002
1.43525
1.70343
1.97477
2.24893
2.52452
2.79769
3.05941
3.29055
3.46343
3.64652
0.132422
0.397537
0.663468
0.930743
1.19986
1.47126
1.74519
2.02156
2.29942
2.57594
2.84391
3.08529
3.25162
3.19129
2.31118
0.135625
0.407129
0.679397
0.952924
1.22818
1.50556
1.78533
2.06738
2.35088
2.63334
2.9087
3.16343
3.37015
3.48857
3.57468
0.138656
0.416207
0.694478
0.973943
1.25506
1.53827
1.82393
2.11226
2.40313
2.69573
2.98789
3.27506
3.55008
3.80846
4.0679
0.141525
0.424802
0.708758
0.993853
1.28055
1.56934
1.86076
2.15544
2.45423
2.75848
3.07061
3.39529
3.74167
4.12774
4.59628
0.144243
0.432941
0.722277
1.01269
1.30464
1.59865
1.89539
2.19582
2.50159
2.81582
3.14471
3.50058
3.90581
4.38991
4.92841
0.14682
0.440654
0.735077
1.0305
1.32735
1.62613
1.92753
2.23257
2.54315
2.86303
3.20016
3.57175
4.01528
4.61446
5.57417
0.149266
0.447975
0.747216
1.04735
1.34876
1.65187
1.9572
2.26555
2.57832
2.89832
3.23179
3.59311
4.01679
4.58883
5.53833
0.151596
0.454944
0.758764
1.06336
1.36905
1.67612
1.98485
2.29554
2.60853
2.92434
3.24417
3.57134
3.91537
4.30124
4.76403
0.153822
0.461604
0.769799
1.07867
1.38844
1.69928
2.01121
2.32401
2.63683
2.94762
3.25157
3.53804
3.78498
3.9604
4.14029
0.155957
0.467995
0.780398
1.09339
1.40714
1.72174
2.03705
2.35252
2.66662
2.97571
3.27121
3.53236
3.70434
3.61662
2.60432
0.158012
0.47415
0.790621
1.10762
1.42532
1.74377
2.06286
2.38205
2.69995
3.0133
3.3148
3.58879
3.80411
3.91505
3.98257
0.159996
0.480093
0.800504
1.12143
1.44303
1.76543
2.08866
2.41255
2.73651
3.05918
3.37758
3.68615
3.97647
4.24379
4.51152
0.161912
0.485836
0.810065
1.1348
1.46024
1.78659
2.11409
2.44307
2.77405
3.10807
3.44729
3.79636
4.1649
4.57241
5.06487
0.163763
0.491387
0.819307
1.14773
1.47687
1.80702
2.13858
2.47227
2.80953
3.1534
3.51026
3.8932
4.32641
4.8422
5.415
0.165552
0.496751
0.828234
1.1602
1.49287
1.82654
2.16166
2.49907
2.84051
3.18977
3.55521
3.95529
4.4307
5.07259
6.10398
0.167282
0.501936
0.836858
1.17223
1.50824
1.84513
2.18323
2.52315
2.86613
3.21499
3.57622
3.96525
4.41949
5.03269
6.05575
0.168957
0.506955
0.845202
1.18386
1.52306
1.86295
2.20362
2.54518
2.88775
3.23168
3.57802
3.93012
4.29801
4.70835
5.19752
0.170579
0.511819
0.853296
1.19515
1.53747
1.88029
2.22347
2.56657
2.90849
3.24677
3.57595
3.88419
4.14714
4.32945
4.51295
0.172152
0.516537
0.861162
1.20616
1.5516
1.89746
2.24346
2.58885
2.93183
3.26824
3.58854
3.86991
4.05235
3.94991
2.83896
0.173673
0.521109
0.868803
1.2169
1.5655
1.91459
2.26395
2.6129
2.9598
3.30096
3.62828
3.92452
4.15545
4.2709
4.33653
0.17514
0.52552
0.876196
1.22735
1.57913
1.93162
2.2848
2.63843
2.99181
3.34334
3.6897
4.02466
4.33884
4.62667
4.91252
0.176543
0.529745
0.883291
1.23741
1.59231
1.94824
2.30543
2.66422
3.02518
3.38938
3.75914
4.13942
4.54065
4.98398
5.51985
0.177873
0.53375
0.890023
1.24696
1.60486
1.96405
2.32502
2.6886
3.05636
3.43162
3.82135
4.2398
4.71334
5.27719
5.90326
0.179117
0.537499
0.896326
1.2559
1.61656
1.9787
2.34289
2.71014
3.08241
3.46388
3.86372
4.3021
4.82345
5.5274
6.65794
0.180266
0.540959
0.90214
1.26414
1.62729
1.99199
2.35872
2.72828
3.10214
3.48346
3.87944
4.30696
4.80687
5.48155
6.60506
0.181307
0.5441
0.907421
1.27162
1.63702
2.00394
2.37267
2.7435
3.11675
3.49294
3.87336
4.26174
4.66905
5.12421
5.66631
0.182233
0.546892
0.912127
1.2783
1.64574
2.0147
2.38524
2.75713
3.12939
3.49955
3.86187
4.20355
4.49808
4.70668
4.91783
0.183029
0.549302
0.916212
1.28416
1.65348
2.02442
2.39696
2.77056
3.14355
3.51168
3.86482
4.17831
4.38686
4.28757
3.09022
0.183683
0.55129
0.91961
1.2891
1.66016
2.03311
2.40802
2.78451
3.16114
3.53426
3.89541
4.22613
4.48948
4.63114
4.72318
0.184177
0.5528
0.922228
1.29299
1.66559
2.0405
2.41806
2.79842
3.18124
3.56523
3.94722
4.32092
4.6767
5.00935
5.34684
0.184489
0.553769
0.923952
1.29565
1.66948
2.04611
2.42624
2.81069
3.20059
3.59763
4.00488
4.42835
4.88011
5.38436
5.99783
0.184599
0.554128
0.924655
1.29687
1.6715
2.04936
2.43148
2.81927
3.21504
3.62299
4.05135
4.51627
5.04718
5.6837
6.39967
0.184486
0.553813
0.924219
1.29645
1.67131
2.04973
2.43286
2.82239
3.2211
3.63425
4.07253
4.55854
5.14102
5.92804
7.18163
0.18413
0.552767
0.922544
1.29425
1.66872
2.04689
2.42988
2.81919
3.21719
3.62812
4.06067
4.53399
5.09294
5.84855
7.09907
0.183518
0.550947
0.919561
1.29017
1.66361
2.04077
2.42257
2.81004
3.20436
3.60705
4.0206
4.45016
4.90838
5.42556
6.03517
0.182639
0.548321
0.915222
1.28416
1.65598
2.03148
2.4114
2.7962
3.18577
3.5785
3.96951
4.34659
4.68297
4.93856
5.20692
0.181484
0.544865
0.909492
1.27621
1.64584
2.01919
2.39689
2.77913
3.16503
3.5512
3.92819
4.27144
4.51374
4.44284
3.22697
0.180046
0.54056
0.902342
1.26626
1.63318
2.00395
2.3793
2.75957
3.14417
3.53032
3.91039
4.26658
4.56207
4.74236
4.88464
0.178322
0.535389
0.893738
1.25426
1.61788
1.98559
2.35836
2.73707
3.12229
3.5137
3.90927
4.30404
4.69046
5.06845
5.48292
0.176308
0.529343
0.883652
1.24014
1.59981
1.96377
2.33335
2.71013
3.09615
3.49424
3.90877
4.34744
4.82481
5.36933
6.04181
0.174008
0.522427
0.872078
1.22386
1.57879
1.93811
2.30339
2.67683
3.06169
3.46339
3.89159
4.36411
4.91261
5.58149
6.36314
0.171433
0.514671
0.85905
1.20542
1.55477
1.90836
2.26785
2.63565
3.01558
3.4142
3.8437
4.32814
4.9169
5.7155
6.96902
0.168604
0.506135
0.844664
1.18494
1.52786
1.87457
2.22658
2.58611
2.95654
3.3436
3.75774
4.21987
4.77555
5.53374
6.79123
0.165553
0.49692
0.829086
1.16266
1.49837
1.83714
2.18016
2.52904
2.88602
3.25425
3.63853
4.04678
4.49363
5.00539
5.58561
0.162327
0.487162
0.812552
1.13893
1.4668
1.7968
2.12971
2.46641
2.80771
3.1538
3.50275
3.84701
4.1667
4.42962
4.72213
0.15898
0.47703
0.795357
1.11418
1.43378
1.75449
2.07667
2.40062
2.72613
3.05141
3.37029
3.66444
3.87923
3.83343
2.80169
0.155575
0.466717
0.777835
1.08893
1.40003
1.71119
2.02247
2.33381
2.64473
2.95349
3.25508
3.53712
3.77275
3.92203
4.05603
0.15218
0.456431
0.760347
1.06371
1.36628
1.66786
1.96826
2.26732
2.56488
2.86056
3.15351
3.44213
3.72627
4.02135
4.41327
0.148866
0.446386
0.743265
1.03905
1.33325
1.62539
1.91503
2.20193
2.48635
2.76957
3.05499
3.35037
3.67226
4.05352
4.54868
0.145701
0.436798
0.726961
1.01551
1.30169
1.58469
1.86373
2.13831
2.4087
2.67707
2.94959
3.24028
3.57707
4.00666
4.5753
0.14275
0.427866
0.711795
0.99364
1.27237
1.54677
1.81558
2.07762
2.33248
2.58173
2.83161
3.09825
3.41749
3.86335
4.58114
0.14007
0.419767
0.698088
0.973958
1.24606
1.51278
1.77215
2.02197
2.26019
2.48597
2.70206
2.91978
3.17003
3.53127
4.23101
0.137699
0.412631
0.686098
0.956908
1.22353
1.48393
1.73539
1.97439
2.19655
2.39698
2.57141
2.71879
2.84555
2.96422
3.0261
0.135655
0.406519
0.675964
0.942782
1.20533
1.46129
1.70731
1.93853
2.14803
2.32608
2.45958
2.53221
2.52673
2.43667
2.34353
0.133924
0.401397
0.667663
0.931632
1.19173
1.44559
1.68952
1.91778
2.12137
2.28612
2.39007
2.39996
2.26667
1.91132
1.12762
0.132455
0.397118
0.660963
0.923178
1.18248
1.43678
1.68262
1.91419
2.12169
2.2884
2.38592
2.36722
2.16084
1.6835
0.933643
0.131159
0.39341
0.655401
0.916751
1.17671
1.43387
1.68564
1.92733
2.15034
2.33875
2.46251
2.46489
2.24321
1.64498
0.645075
0.129911
0.389885
0.650287
0.911295
1.1729
1.43471
1.69568
1.95345
2.20306
2.43403
2.62345
2.71824
2.58711
1.88542
-0.312519
0.128558
0.386065
0.644754
0.905431
1.16893
1.43613
1.70794
1.98525
2.26873
2.55821
2.85016
3.12854
3.32722
3.16491
1.37865
0.126933
0.381425
0.63784
0.897604
1.1624
1.43436
1.71639
2.01277
2.33029
2.68073
3.08637
3.5943
4.31792
5.57192
8.35361
8.18653
5.25989
3.98933
3.28134
2.79847
2.42078
2.09904
1.81018
1.54213
1.28797
1.04339
0.805545
0.572361
0.342251
0.113894
0.739175
2.70287
2.93444
2.77977
2.53823
2.28041
2.02355
1.77154
1.52477
1.28264
1.04439
0.809215
0.576382
0.345184
0.114955
-1.05374
1.3488
2.14776
2.33854
2.28931
2.13939
1.94471
1.7293
1.50419
1.27464
1.04324
0.811266
0.579269
0.347446
0.115793
0.0130333
1.10833
1.7834
2.064
2.11035
2.0295
1.88029
1.69383
1.48671
1.26793
1.04252
0.813335
0.582037
0.349592
0.116586
0.337303
1.1597
1.69298
1.95218
2.01977
1.96712
1.84176
1.67274
1.47733
1.26583
1.04441
0.81688
0.585607
0.352129
0.117496
0.709685
1.41186
1.79292
1.97348
2.01275
1.95526
1.83358
1.66999
1.47916
1.27063
1.05057
0.823032
0.590714
0.355472
0.118656
1.73087
1.88707
2.03212
2.093
2.07298
1.98801
1.85453
1.68617
1.49331
1.28346
1.06194
0.832515
0.597859
0.359914
0.120163
2.33602
2.37008
2.32984
2.26877
2.17835
2.05449
1.89971
1.7194
1.51928
1.3044
1.07881
0.845647
0.6073
0.365617
0.122071
3.45044
2.90476
2.64208
2.46502
2.30702
2.14246
1.96266
1.7664
1.55554
1.33282
1.10097
0.862396
0.619072
0.37262
0.124397
3.80763
3.243
2.89493
2.64812
2.4403
2.24107
2.03705
1.82359
1.60007
1.36759
1.12783
0.882463
0.633029
0.380861
0.127124
3.91683
3.43094
3.07754
2.80423
2.56769
2.34302
2.11805
1.88779
1.65085
1.40747
1.15861
0.905379
0.648902
0.3902
0.130208
3.95048
3.52696
3.2046
2.93489
2.6869
2.44521
2.20276
1.95668
1.70613
1.4512
1.19244
0.930575
0.666336
0.400447
0.133589
3.91198
3.55283
3.29517
3.05055
2.8018
2.54795
2.29002
2.02873
1.76449
1.49763
1.22848
0.957444
0.684934
0.411377
0.137195
3.6284
3.50828
3.37678
3.16918
2.92029
2.65355
2.37965
2.10288
1.82473
1.54568
1.26586
0.985363
0.704279
0.422752
0.140949
2.5399
3.47174
3.51129
3.31659
3.05126
2.76415
2.47132
2.17802
1.88564
1.59431
1.30376
1.01372
0.723953
0.434332
0.144772
4.33197
4.05495
3.80854
3.51316
3.19743
2.87876
2.56336
2.25256
1.94588
1.64244
1.34135
1.0419
0.74355
0.445881
0.148587
5.15196
4.61699
4.13985
3.72399
3.34574
2.99113
2.65226
2.32427
2.00393
1.68898
1.37785
1.06936
0.762692
0.457184
0.152325
6.31787
5.13899
4.42869
3.90883
3.47772
3.09262
2.73366
2.39074
2.05828
1.73293
1.41254
1.0956
0.78105
0.468048
0.155922
6.50872
5.33572
4.58538
4.03217
3.57782
3.17601
2.80396
2.44999
2.10775
1.7735
1.44487
1.12022
0.798355
0.478319
0.159327
5.98548
5.23906
4.60528
4.08701
3.64154
3.23879
2.86176
2.50116
2.15172
1.81022
1.47448
1.14295
0.814413
0.48788
0.162501
5.70651
5.06431
4.54508
4.09141
3.67568
3.28377
2.9082
2.54464
2.19025
1.84299
1.50122
1.16364
0.829103
0.496656
0.165419
5.21195
4.80428
4.43946
4.06959
3.69335
3.31745
2.94636
2.58181
2.22391
1.872
1.52511
1.18224
0.842374
0.504606
0.168067
4.65781
4.51462
4.33747
4.05236
3.71086
3.34785
2.98003
2.61442
2.25347
1.89758
1.54627
1.19878
0.854219
0.511719
0.170438
3.09081
4.24867
4.31056
4.07442
3.74342
3.38163
3.01221
2.64386
2.27959
1.92003
1.56484
1.21333
0.86466
0.518002
0.172536
5.01261
4.74392
4.49069
4.16252
3.79747
3.42078
3.0437
2.67053
2.3025
1.9395
1.58092
1.22594
0.873735
0.523474
0.174364
5.82271
5.22859
4.72296
4.2764
3.85971
3.46025
3.07252
2.69371
2.32198
1.95598
1.59454
1.23667
0.881488
0.528163
0.175934
6.87227
5.65193
4.91431
4.36969
3.9101
3.49163
3.09522
2.71203
2.33757
1.96934
1.60574
1.24559
0.887979
0.532109
0.177258
6.96239
5.74019
4.97177
4.4041
3.93204
3.50777
3.10882
2.72434
2.3489
1.97957
1.61458
1.25279
0.893293
0.535366
0.178355
6.2195
5.51349
4.88996
4.37229
3.92089
3.5064
3.11242
2.73046
2.35607
1.98683
1.62128
1.25843
0.897548
0.538006
0.179249
5.83546
5.22967
4.73479
4.2946
3.88423
3.49085
3.10775
2.73138
2.35974
1.9916
1.62615
1.26276
0.900903
0.540119
0.179969
5.20727
4.86898
4.54176
4.19635
3.83587
3.46822
3.09848
2.7291
2.36105
1.99458
1.62966
1.26606
0.903545
0.54181
0.18055
4.59941
4.50073
4.3615
4.10873
3.79259
3.44711
3.08903
2.72597
2.36133
1.99657
1.63229
1.26867
0.905675
0.54319
0.181027
3.0012
4.1608
4.26021
4.06528
3.76979
3.43482
3.08309
2.72401
2.36176
1.9983
1.63453
1.27088
0.907487
0.544366
0.181433
4.76615
4.55723
4.36343
4.09183
3.77451
3.43424
3.08233
2.72432
2.36312
2.0003
1.63675
1.27295
0.909147
0.54543
0.181799
5.47205
4.94331
4.52078
4.15031
3.7953
3.44183
3.08586
2.72693
2.36568
2.00289
1.6392
1.27507
0.910779
0.546455
0.182148
6.32145
5.25578
4.6421
4.19821
3.81513
3.45123
3.09152
2.73124
2.36939
2.00617
1.64202
1.27736
0.912466
0.547487
0.182495
6.3139
5.25453
4.64564
4.20405
3.82175
3.45781
3.09764
2.73671
2.37413
2.01016
1.64526
1.27987
0.914243
0.548549
0.182848
5.43456
4.94059
4.53314
4.16888
3.81571
3.46185
3.10437
2.74341
2.37993
2.01486
1.64892
1.28257
0.916103
0.549636
0.183206
4.73466
4.5667
4.39079
4.12618
3.81026
3.46847
3.11357
2.75195
2.38691
2.02024
1.65291
1.28542
0.917996
0.550717
0.183557
3.01569
4.19852
4.31017
4.1193
3.82288
3.48424
3.12752
2.76294
2.39511
2.02617
1.65708
1.28826
0.919824
0.551737
0.183885
4.66388
4.57434
4.43973
4.1859
3.86493
3.51265
3.14699
2.77626
2.40416
2.03226
1.66113
1.29089
0.921445
0.552614
0.184162
5.30958
4.98163
4.65218
4.2993
3.92885
3.55042
3.17005
2.79061
2.41316
2.0379
1.66463
1.29301
0.922677
0.553247
0.184356
6.01522
5.3901
4.88104
4.4251
3.99844
3.58961
3.19252
2.80364
2.42073
2.04224
1.66704
1.2943
0.923314
0.553528
0.184433
6.43746
5.71814
5.07315
4.53076
4.05577
3.62072
3.20937
2.81262
2.42531
2.04435
1.66782
1.2944
0.923157
0.553348
0.18436
7.22814
5.99474
5.19415
4.5898
4.08551
3.63545
3.21614
2.81512
2.42555
2.04348
1.6665
1.29305
0.922038
0.552619
0.184108
7.19707
5.97096
5.17903
4.57957
4.07773
3.6289
3.21028
2.80976
2.42067
2.03914
1.66279
1.29006
0.919846
0.551281
0.183658
6.29603
5.64585
5.0304
4.50172
4.03327
3.60145
3.19192
2.79655
2.41062
2.03128
1.65663
1.28538
0.916541
0.549308
0.183002
5.85143
5.29681
4.82168
4.38222
3.96349
3.55859
3.16381
2.77686
2.39609
2.02022
1.64818
1.27908
0.912153
0.546713
0.182142
5.17945
4.89273
4.58835
4.24847
3.88421
3.50877
3.13033
2.75295
2.37825
2.00658
1.63775
1.27132
0.906765
0.543533
0.18109
4.5614
4.50106
4.37983
4.13183
3.81282
3.4611
3.0962
2.72728
2.35837
1.99104
1.62572
1.26232
0.900491
0.539826
0.179864
2.98168
4.15183
4.25945
4.06469
3.76424
3.42264
3.06492
2.70167
2.33747
1.97418
1.61243
1.25226
0.893446
0.535652
0.178481
4.73066
4.5406
4.34917
4.07111
3.74436
3.39545
3.03755
2.67681
2.31601
1.95632
1.59809
1.2413
0.885728
0.531065
0.176959
5.44395
4.93048
4.49914
4.11152
3.73999
3.37457
3.01221
2.65205
2.29387
1.93752
1.58282
1.22955
0.877412
0.52611
0.175313
6.33683
5.26345
4.61889
4.14091
3.73148
3.35165
2.98541
2.626
2.27053
1.91764
1.56662
1.21704
0.86855
0.520824
0.173557
6.38358
5.2988
4.62308
4.12287
3.70254
3.31938
2.95392
2.5973
2.24547
1.89652
1.54949
1.20383
0.859187
0.515237
0.1717
5.65707
5.05024
4.50553
4.04952
3.64789
3.27488
2.91636
2.56535
2.21849
1.87413
1.53145
1.18997
0.849372
0.509382
0.169754
5.28441
4.7587
4.3265
3.93855
3.57349
3.22037
2.87366
2.5306
2.18983
1.85064
1.51263
1.17554
0.839164
0.503293
0.16773
4.69164
4.40235
4.11688
3.81183
3.49087
3.16148
2.82848
2.49434
2.16015
1.82639
1.49323
1.16067
0.828632
0.497008
0.16564
4.12992
4.04348
3.92098
3.6963
3.4142
3.10515
2.78417
2.45816
2.13024
1.8018
1.47346
1.14546
0.817847
0.490562
0.163495
2.67821
3.70977
3.79615
3.62079
3.35635
3.05717
2.74341
2.42338
2.10075
1.7772
1.45352
1.13003
0.80686
0.483981
0.161303
4.22993
4.03257
3.85316
3.60728
3.32271
3.01937
2.70705
2.39047
2.07196
1.75276
1.43348
1.11442
0.795697
0.477277
0.159067
4.83461
4.343
3.95643
3.62077
3.30221
2.98787
2.67372
2.35895
2.04373
1.72842
1.41333
1.09863
0.784348
0.470442
0.156785
5.53638
4.58062
4.02443
3.62252
3.27888
2.9563
2.64089
2.32781
2.01561
1.70399
1.39297
1.08257
0.772768
0.463449
0.154446
5.50028
4.54086
3.9854
3.58391
3.241
2.91981
2.60648
2.29611
1.98715
1.67921
1.37222
1.06614
0.760875
0.456252
0.152037
4.67869
4.22069
3.83956
3.50474
3.18812
2.87792
2.57008
2.2635
1.95804
1.65382
1.35088
1.04918
0.748562
0.448785
0.149535
4.04108
3.84725
3.66167
3.41307
3.13085
2.83443
2.53285
2.23015
1.92814
1.62758
1.32872
1.0315
0.735692
0.440966
0.146912
2.51841
3.46819
3.52762
3.34485
3.08351
2.79457
2.49645
2.19639
1.89729
1.60022
1.30546
1.01286
0.722094
0.432693
0.144136
3.83401
3.70754
3.56183
3.33131
3.05542
2.76113
2.46144
2.16201
1.86507
1.57131
1.28074
0.992997
0.707569
0.423847
0.141165
4.30508
3.96033
3.65501
3.34939
3.04019
2.73149
2.4263
2.12594
1.83068
1.54024
1.25409
0.971551
0.691881
0.41429
0.137956
4.73749
4.18582
3.74848
3.37007
3.02469
2.69944
2.38783
2.08638
1.79299
1.50624
1.22497
0.948142
0.674771
0.403871
0.134458
4.96626
4.332
3.80108
3.36793
2.99527
2.65798
2.34237
2.04126
1.75074
1.46847
1.19279
0.922361
0.655963
0.392432
0.13062
5.3665
4.40652
3.78588
3.32389
2.94134
2.60151
2.28687
1.98882
1.70281
1.42617
1.15701
0.893806
0.635182
0.379811
0.126387
5.20371
4.24547
3.66059
3.22475
2.85783
2.52758
2.21989
1.92805
1.64842
1.3787
1.11712
0.862097
0.61216
0.365848
0.121708
4.25057
3.82522
3.43187
3.07783
2.74891
2.43802
2.14195
1.85883
1.58719
1.32563
1.07269
0.826882
0.586638
0.350385
0.116528
3.58956
3.38284
3.17592
2.91355
2.6275
2.33822
2.05506
1.78168
1.519
1.2666
1.02336
0.787821
0.558361
0.333267
0.110797
2.15079
2.94065
2.95854
2.76579
2.50839
2.23419
1.9614
1.69713
1.44371
1.20123
0.968693
0.744564
0.527068
0.314335
0.10446
3.15075
3.03462
2.88747
2.66299
2.40097
2.12922
1.86185
1.60507
1.36085
1.12899
0.908217
0.696719
0.492483
0.293426
0.0974652
3.46893
3.15018
2.87016
2.5863
2.30037
2.02122
1.75499
1.50432
1.26943
1.04908
0.84132
0.643852
0.454316
0.270375
0.0897578
3.68797
3.23889
2.85555
2.5111
2.19508
1.90429
1.63734
1.39264
1.16793
0.960464
0.767294
0.585494
0.412276
0.245026
0.0812889
3.81148
3.28197
2.81399
2.41618
2.07232
1.77081
1.50426
1.2671
1.05448
0.861935
0.685391
0.521192
0.366103
0.217247
0.0720184
4.06684
3.28237
2.72374
2.28383
1.92018
1.61307
1.35077
1.12453
0.927108
0.752314
0.594928
0.450577
0.315614
0.186956
0.0619242
3.9506
3.12597
2.55108
2.09855
1.72882
1.42424
1.17224
0.961969
0.784032
0.630618
0.495424
0.373453
0.260753
0.154154
0.0510113
3.32918
2.79617
2.29347
1.85582
1.49227
1.19891
0.964736
0.776944
0.623929
0.496277
0.386746
0.289897
0.201663
0.118955
0.0393227
2.87866
2.44537
1.99073
1.56167
1.20704
0.932541
0.725026
0.56775
0.446203
0.349352
0.269263
0.200359
0.138737
0.0816211
0.0269496
1.90408
2.10941
1.67028
1.21585
0.866273
0.619766
0.450457
0.333726
0.251302
0.190771
0.144004
0.105761
0.0726798
0.0425895
0.0140392
3.43146
2.22102
1.3605
0.797159
0.45404
0.253558
0.139464
0.0758827
0.0411712
0.0226055
0.012809
0.00756794
0.00453966
0.00248515
0.00079891
4.15375
2.08963
0.844424
0.225282
-0.0572038
-0.172434
-0.206459
-0.201963
-0.180182
-0.151674
-0.121571
-0.0921763
-0.0642847
-0.0378787
-0.0125045
5.66697
1.38944
-0.106229
-0.580864
-0.684763
-0.654681
-0.578975
-0.491735
-0.406193
-0.327078
-0.255481
-0.190891
-0.132085
-0.0775288
-0.0255543
2.29706
-1.2428
-1.7655
-1.64484
-1.40562
-1.16857
-0.959381
-0.780254
-0.627723
-0.497273
-0.384545
-0.285606
-0.196946
-0.115391
-0.0380047
-11.1486
-5.97007
-3.87118
-2.79127
-2.12508
-1.66308
-1.31881
-1.05023
-0.833902
-0.655175
-0.504056
-0.373205
-0.256888
-0.150366
-0.0495039
0.124609
0.374675
0.62736
0.884665
1.14904
1.42372
1.71331
2.02479
2.36952
2.76736
3.25582
3.91255
4.91779
6.74857
10.8594
0.121285
0.364877
0.61163
0.86397
1.12487
1.39826
1.68962
2.00707
2.36318
2.7782
3.28585
3.94268
4.83929
6.08409
7.57323
0.116937
0.351918
0.590312
0.834705
1.08821
1.35482
1.63986
1.95075
2.298
2.69652
3.16666
3.73282
4.41258
5.1745
5.81421
0.111481
0.335545
0.562989
0.796318
1.03845
1.29295
1.56427
1.85812
2.18165
2.54329
2.95136
3.40936
3.90477
4.38699
4.7347
0.104922
0.315789
0.529772
0.749117
0.976324
1.21425
1.46621
1.73591
2.02729
2.34366
2.6858
3.04786
3.41072
3.73455
3.95614
0.0973392
0.292909
0.491181
0.694035
0.903455
1.12154
1.35042
1.59213
1.84811
2.11843
2.40011
2.68464
2.95483
3.18347
3.33669
0.0888611
0.26732
0.447995
0.632366
0.821902
1.01799
1.22183
1.43416
1.65485
1.8822
2.11192
2.33574
2.5403
2.70762
2.81831
0.0796438
0.23951
0.4011
0.565516
0.733765
0.906672
1.08473
1.26785
1.45505
1.64391
1.83006
2.0065
2.16337
2.28879
2.37102
0.0698463
0.209971
0.35137
0.494816
0.640945
0.790161
0.9425
1.09742
1.25357
1.40844
1.55813
1.69709
1.8182
1.91352
1.97567
0.0596153
0.179153
0.299586
0.421422
0.545019
0.670503
0.797643
0.925712
1.0533
1.17814
1.297
1.40562
1.49894
1.5716
1.61883
0.0490762
0.147436
0.246391
0.346253
0.447192
0.549167
0.651833
0.754441
0.855718
0.953777
1.04608
1.12946
1.20037
1.25517
1.29074
0.0383295
0.115121
0.192285
0.269998
0.348316
0.427124
0.506066
0.584479
0.661324
0.73514
0.80404
0.865776
0.91789
0.957969
0.983968
0.0274515
0.0824326
0.137631
0.193134
0.248944
0.304934
0.360808
0.416058
0.469924
0.521376
0.56912
0.611657
0.64739
0.674781
0.692546
0.0164966
0.0495301
0.0826736
0.115965
0.149389
0.182854
0.216166
0.249009
0.280923
0.311297
0.339379
0.364311
0.385193
0.401171
0.411542
-32283.5
-32250.4
-32217.3
-32184.3
-32151.4
-32118.6
-32085.9
-32053.4
-32021
-31988.8
-31956.8
-31925.1
-31893.6
-31862.4
-31831.4
13.9839
-7.29422
20.4497
-0.406122
19.9448
3.28227
-13.4404
7.31295
-14.0098
18.2774
-3.4151
17.8927
-0.922037
16.3383
1.40774
-13.5795
4.52911
-14.4879
13.8902
-5.2024
13.4604
-1.61391
-16.5745
0.689634
-18.0776
2.83998
-18.8189
13.5502
-7.83239
13.2617
-3.49133
-20.0913
-0.688537
-21.5422
1.92414
-22.1897
14.0725
-9.78529
13.9002
-4.86536
-23.5479
-1.597
-25.3364
1.66169
-26.2598
16.5006
-11.8902
16.9299
-7.91064
15.7177
-4.1709
-24.2931
0.67975
-25.2161
14.1615
-12.0836
14.0394
-6.86994
-27.7846
-3.28787
-29.8846
0.302514
-30.7227
16.2059
-14.635
16.0585
-8.29448
-32.6091
-3.82438
-34.7643
0.798681
-35.3245
19.8727
-16.0148
20.171
-8.08607
-36.2809
-2.13184
-37.9948
4.16584
-37.5034
27.0578
-13.9321
27.9824
-3.68102
-34.8477
5.05853
-33.2148
18.859
-18.7977
7.53794
4.25109
8.30932
5.73166
7.78306
3.37649
-0.94532
1.45809
-0.491363
5.30891
3.57177
6.78094
4.19181
5.65157
1.50007
-2.55409
-0.671179
-2.64626
2.18102
0.236538
2.26019
-1.7647
-5.91441
-4.46202
-7.07701
-3.9684
-5.72664
0.0896816
-1.84274
0.636312
-3.69581
-8.18779
-6.43417
-9.2355
-5.65436
-7.5206
-0.930771
-3.01461
-0.168001
-4.96681
-9.94859
-7.8782
-10.9488
-6.66707
-8.57992
-0.466401
-2.35311
2.31779
-0.793092
1.50656
-3.81585
-9.04545
-6.21691
-8.69361
-1.82134
-4.33191
-1.35979
-6.84431
-12.5254
-10.3295
-13.8982
-9.27236
-11.6465
-3.10214
-5.78671
-2.09991
-8.33389
-14.8023
-12.0598
-16.0463
-10.4259
-12.9958
-2.76727
-5.68212
-1.12321
-8.16288
-15.4489
-11.8974
-16.2107
-9.23438
-11.8422
0.439204
-2.5093
3.14868
-4.38732
-12.1052
-7.43331
-11.6289
-3.59985
-9.26188
5.77826
5.21879
5.72389
5.20295
4.92003
3.34798
1.86481
1.87057
1.86675
3.19335
3.43507
4.01771
3.47431
3.04406
1.45123
-0.0790406
-0.317072
-0.601086
0.221933
-0.0398205
-0.231381
-1.73699
-3.32256
-3.758
-4.31972
-3.77
-3.5431
-2.21427
-2.20715
-2.18257
-3.67171
-5.27952
-5.62238
-6.12118
-5.39039
-5.02991
-3.44585
-3.34558
-3.22861
-4.80664
-6.50619
-6.75827
-7.1503
-6.07756
-5.33987
-3.03501
-2.26089
-1.09049
-1.46859
-1.73067
-3.59632
-5.40333
-5.47586
-5.63547
-4.29469
-4.4771
-4.58312
-6.53732
-8.61103
-9.07172
-9.71381
-8.76878
-8.29481
-6.24196
-6.11474
-5.97389
-8.03716
-10.2609
-10.6068
-11.1636
-9.85769
-9.09804
-6.48198
-6.11283
-5.71652
-7.8861
-10.2238
-10.3388
-10.6846
-8.83438
-7.62215
-4.24907
-3.48057
-2.68632
-4.83241
-7.20446
-7.15657
-7.64667
-6.3435
-7.1672
4.77793
4.6545
4.61694
4.33253
3.91441
3.19259
2.53205
2.29804
2.31032
2.64129
2.80878
2.87728
2.59525
2.11209
1.31374
0.536712
0.104775
-0.14843
-0.173492
-0.415606
-0.829042
-1.59245
-2.38514
-2.87032
-3.16103
-3.10487
-2.94444
-2.61307
-2.59475
-2.81976
-3.47473
-4.19078
-4.58399
-4.77541
-4.59108
-4.29907
-3.82218
-3.6985
-3.8463
-4.46937
-5.14602
-5.43466
-5.45891
-5.00343
-4.35438
-3.3972
-2.73718
-2.26679
-2.30903
-2.65666
-3.4591
-4.25677
-4.60733
-4.73582
-4.57259
-4.73023
-5.14304
-6.05623
-7.01738
-7.55077
-7.81296
-7.58495
-7.21482
-6.60701
-6.46059
-6.67219
-7.50756
-8.42198
-8.84824
-8.96169
-8.50133
-7.872
-6.95964
-6.58116
-6.61351
-7.36575
-8.1983
-8.4467
-8.31936
-7.51454
-6.51267
-5.18558
-4.48784
-4.28621
-4.9511
-5.78767
-6.10448
-6.24646
-6.02407
-6.07649
4.01234
3.96699
3.86583
3.65504
3.34648
2.94934
2.5855
2.37131
2.29546
2.32513
2.32552
2.24206
2.00626
1.63444
1.14603
0.656056
0.269806
-0.023739
-0.255814
-0.544169
-0.922233
-1.40519
-1.89
-2.26208
-2.50125
-2.58923
-2.59133
-2.56049
-2.6314
-2.83726
-3.18925
-3.56638
-3.83557
-3.97014
-3.94624
-3.83386
-3.6893
-3.65993
-3.77907
-4.05439
-4.34402
-4.49124
-4.45776
-4.20751
-3.81208
-3.33093
-2.93989
-2.70439
-2.70919
-2.9272
-3.32825
-3.75354
-4.05814
-4.25575
-4.38796
-4.61542
-4.98195
-5.5056
-6.03925
-6.41991
-6.61758
-6.60539
-6.47669
-6.30728
-6.29047
-6.47183
-6.86373
-7.28563
-7.53982
-7.58574
-7.38802
-7.05326
-6.66816
-6.45757
-6.47349
-6.72943
-7.01363
-7.09535
-6.9295
-6.47824
-5.87129
-5.21559
-4.7804
-4.63801
-4.82224
-5.119
-5.30394
-5.37108
-5.30949
-5.22784
3.38418
3.35836
3.27104
3.11666
2.90436
2.65634
2.42155
2.24341
2.12663
2.04901
1.96082
1.82399
1.61084
1.32228
0.978077
0.623485
0.298725
0.00975074
-0.259829
-0.546367
-0.867277
-1.21826
-1.56024
-1.84835
-2.06244
-2.20057
-2.28901
-2.36483
-2.47721
-2.6479
-2.87118
-3.10111
-3.28477
-3.39688
-3.43266
-3.41893
-3.39448
-3.41148
-3.49099
-3.62284
-3.75118
-3.81212
-3.77289
-3.62476
-3.39736
-3.13902
-2.92273
-2.80009
-2.80644
-2.93825
-3.16655
-3.42816
-3.667
-3.87387
-4.07011
-4.30429
-4.5985
-4.9444
-5.28521
-5.55627
-5.72806
-5.79719
-5.80075
-5.79128
-5.83843
-5.97163
-6.17998
-6.39395
-6.53442
-6.56362
-6.47495
-6.30981
-6.12818
-6.01048
-5.99041
-6.05491
-6.12286
-6.10281
-5.95274
-5.66823
-5.30208
-4.92997
-4.65313
-4.52113
-4.53287
-4.6126
-4.67391
-4.68155
-4.62415
-4.51527
2.85503
2.83789
2.7724
2.66131
2.51324
2.34388
2.17557
2.02668
1.90089
1.78758
1.66564
1.51524
1.32344
1.08964
0.824488
0.547313
0.27545
0.0146234
-0.240123
-0.499776
-0.769749
-1.04502
-1.30883
-1.54204
-1.73384
-1.88432
-2.00578
-2.11745
-2.24001
-2.38375
-2.54454
-2.70345
-2.83801
-2.93458
-2.99147
-3.0205
-3.0411
-3.07414
-3.12868
-3.19745
-3.25656
-3.2784
-3.24599
-3.15734
-3.02835
-2.88774
-2.77191
-2.71121
-2.7242
-2.81152
-2.95806
-3.13671
-3.32305
-3.50845
-3.69875
-3.90785
-4.14171
-4.39167
-4.63269
-4.83667
-4.98743
-5.08442
-5.14459
-5.19473
-5.26348
-5.36418
-5.48909
-5.60905
-5.69016
-5.71209
-5.6728
-5.59093
-5.49689
-5.42357
-5.3863
-5.37611
-5.3595
-5.29811
-5.1702
-4.9763
-4.74201
-4.50769
-4.31782
-4.19781
-4.14616
-4.13324
-4.12154
-4.08578
-4.01288
-3.89889
2.39921
2.38763
2.34007
2.25987
2.15354
2.03066
1.90244
1.7775
1.65807
1.53947
1.41233
1.26707
1.09751
0.903175
0.689247
0.464551
0.237363
0.0118434
-0.212221
-0.437161
-0.663395
-0.887079
-1.10021
-1.29408
-1.46346
-1.60857
-1.73533
-1.85304
-1.97093
-2.09367
-2.2192
-2.33943
-2.44454
-2.52797
-2.58895
-2.63275
-2.66832
-2.70435
-2.74439
-2.78448
-2.8141
-2.82127
-2.79857
-2.74651
-2.67457
-2.59924
-2.54021
-2.5147
-2.53342
-2.59804
-2.70184
-2.8327
-2.979
-3.13452
-3.29886
-3.47431
-3.66034
-3.8504
-4.03214
-4.19236
-4.32287
-4.42335
-4.50156
-4.57009
-4.64124
-4.72064
-4.80413
-4.8789
-4.92997
-4.94757
-4.93087
-4.88848
-4.8347
-4.78374
-4.7422
-4.7056
-4.65973
-4.58833
-4.48182
-4.34171
-4.18115
-4.02065
-3.88121
-3.77546
-3.70315
-3.65175
-3.60353
-3.54322
-3.46048
-3.34946
1.99752
1.98979
1.95534
1.89674
1.81835
1.72589
1.62535
1.5212
1.41489
1.30453
1.18599
1.05484
0.908201
0.745905
0.570532
0.386422
0.197945
0.00805863
-0.181941
-0.37154
-0.559539
-0.74313
-0.918087
-1.08015
-1.22673
-1.35794
-1.47657
-1.58702
-1.69351
-1.79816
-1.90008
-1.99574
-2.08081
-2.15225
-2.20965
-2.25537
-2.29335
-2.32728
-2.35849
-2.38506
-2.40242
-2.40559
-2.39189
-2.36273
-2.32413
-2.28572
-2.25868
-2.25293
-2.27499
-2.32661
-2.40511
-2.50494
-2.62012
-2.74637
-2.88146
-3.02405
-3.1717
-3.31964
-3.46112
-3.5894
-3.70016
-3.79294
-3.87111
-3.9403
-4.00581
-4.0699
-4.13044
-4.18165
-4.21676
-4.23126
-4.22478
-4.20128
-4.16734
-4.12926
-4.08995
-4.04743
-3.99574
-3.92814
-3.84093
-3.73565
-3.61935
-3.50245
-3.39528
-3.3042
-3.22938
-3.16511
-3.10247
-3.03262
-2.94851
-2.8455
1.63582
1.63072
1.60567
1.56244
1.50378
1.43311
1.35382
1.26843
1.17796
1.08181
0.978253
0.865364
0.74191
0.607948
0.464897
0.315096
0.161082
0.00497459
-0.151692
-0.307665
-0.461458
-0.611033
-0.753936
-0.88789
-1.01152
-1.12478
-1.22895
-1.32606
-1.41805
-1.50593
-1.5893
-1.66663
-1.73599
-1.79601
-1.84648
-1.8884
-1.92351
-1.95337
-1.97854
-1.99817
-2.01041
-2.01345
-2.00671
-1.99179
-1.97264
-1.95509
-1.94571
-1.9504
-1.97322
-2.01571
-2.07695
-2.15431
-2.24456
-2.34475
-2.45254
-2.56578
-2.6819
-2.79746
-2.90841
-3.01098
-3.10266
-3.18288
-3.25292
-3.31516
-3.37178
-3.42362
-3.46957
-3.50694
-3.53264
-3.54459
-3.54262
-3.52855
-3.5054
-3.47603
-3.4418
-3.40196
-3.35414
-3.29575
-3.2256
-3.14504
-3.05797
-2.96981
-2.88578
-2.80913
-2.74005
-2.67576
-2.61156
-2.54233
-2.46363
-2.37224
1.30379
1.30045
1.28228
1.25043
1.20661
1.15287
1.09118
1.02308
0.949331
0.869873
0.784093
0.691241
0.590888
0.483225
0.369129
0.249988
0.12739
0.00285234
-0.122282
-0.246767
-0.36929
-0.48838
-0.602505
-0.710336
-0.811053
-0.904531
-0.991304
-1.07229
-1.14836
-1.21999
-1.28703
-1.3488
-1.40445
-1.45336
-1.49541
-1.53105
-1.56103
-1.58605
-1.60637
-1.62172
-1.63148
-1.6352
-1.63314
-1.62674
-1.61865
-1.61251
-1.61228
-1.62157
-1.64295
-1.67762
-1.72538
-1.78495
-1.85449
-1.93201
-2.01556
-2.10319
-2.19273
-2.28173
-2.36761
-2.44805
-2.52148
-2.58729
-2.64582
-2.69794
-2.74447
-2.78566
-2.82089
-2.84887
-2.86816
-2.87781
-2.87771
-2.86873
-2.85226
-2.82964
-2.80156
-2.76784
-2.72765
-2.68012
-2.62512
-2.56369
-2.49804
-2.43108
-2.36551
-2.30301
-2.24371
-2.18614
-2.12776
-2.06561
-1.99695
-1.91973
0.993663
0.991503
0.97861
0.955676
0.923748
0.884053
0.837785
0.78589
0.728928
0.667052
0.600124
0.52793
0.450401
0.367773
0.280636
0.189866
0.0964982
0.00159887
-0.0937991
-0.18869
-0.282059
-0.372871
-0.460135
-0.543024
-0.621011
-0.693942
-0.762002
-0.825581
-0.88507
-0.940682
-0.992356
-1.0398
-1.08264
-1.12059
-1.15359
-1.18186
-1.20572
-1.2255
-1.24138
-1.25333
-1.26128
-1.26528
-1.26585
-1.26413
-1.26189
-1.26143
-1.26517
-1.27533
-1.29355
-1.32069
-1.3568
-1.40125
-1.45295
-1.51059
-1.57273
-1.63786
-1.70435
-1.7705
-1.83462
-1.89523
-1.95126
-2.00218
-2.04793
-2.08874
-2.12485
-2.15626
-2.18262
-2.20328
-2.21756
-2.22501
-2.22558
-2.21968
-2.20795
-2.19106
-2.1694
-2.143
-2.11166
-2.07522
-2.03386
-1.98834
-1.93996
-1.89029
-1.84076
-1.79224
-1.74479
-1.69763
-1.64932
-1.59817
-1.54255
-1.48118
0.699238
0.697888
0.689249
0.673723
0.651918
0.62455
0.592323
0.555818
0.515421
0.471317
0.423545
0.372101
0.317047
0.258598
0.197147
0.133252
0.0675716
0.000814854
-0.0663026
-0.13307
-0.198782
-0.262753
-0.324353
-0.383069
-0.438558
-0.49068
-0.539476
-0.585094
-0.627699
-0.667384
-0.704124
-0.737793
-0.768225
-0.795299
-0.818991
-0.83939
-0.856659
-0.870965
-0.882431
-0.891129
-0.897149
-0.900706
-0.902273
-0.902659
-0.903008
-0.904713
-0.909235
-0.917902
-0.931723
-0.951269
-0.97664
-1.00752
-1.04328
-1.0831
-1.126
-1.17096
-1.21687
-1.2626
-1.30708
-1.34938
-1.38879
-1.4249
-1.45753
-1.48667
-1.51236
-1.5345
-1.55289
-1.56722
-1.57714
-1.58244
-1.5831
-1.57931
-1.57139
-1.55965
-1.54434
-1.52555
-1.5033
-1.47764
-1.44882
-1.41735
-1.38396
-1.34951
-1.31474
-1.28012
-1.24565
-1.21091
-1.17511
-1.13731
-1.09655
-1.0521
0.415483
0.414745
0.409767
0.400761
0.388044
0.371987
0.352963
0.331286
0.307185
0.280795
0.252183
0.221395
0.188508
0.153665
0.117099
0.079123
0.040108
0.000459416
-0.0394047
-0.0790658
-0.118113
-0.156153
-0.192835
-0.227872
-0.261068
-0.292329
-0.321647
-0.349071
-0.374664
-0.398461
-0.420452
-0.440586
-0.458794
-0.475027
-0.489277
-0.501585
-0.512023
-0.520679
-0.527628
-0.532944
-0.53673
-0.539165
-0.540564
-0.541408
-0.542337
-0.544106
-0.547496
-0.553219
-0.561821
-0.573625
-0.588708
-0.606925
-0.627946
-0.651313
-0.676482
-0.702851
-0.729787
-0.756653
-0.782845
-0.80784
-0.831234
-0.852763
-0.872285
-0.889739
-0.905088
-0.918268
-0.929163
-0.937618
-0.943483
-0.946661
-0.947142
-0.94501
-0.940409
-0.933494
-0.924391
-0.91318
-0.899919
-0.884697
-0.867687
-0.849175
-0.829549
-0.809229
-0.788581
-0.767817
-0.746941
-0.725738
-0.703816
-0.680692
-0.655885
-0.629005
-31803.3
-31777.9
-31752.7
-31727.8
-31703
-31678.4
-31653.9
-31629.7
-31605.6
-31581.7
-31557.8
-31534.2
-31510.6
-31487.1
-31463.7
-31440.4
-31417.1
-31393.8
-31370.5
-31347.3
-31324
-31300.6
-31277.2
-31253.7
-31230.1
-31206.4
-31182.6
-31158.6
-31134.5
-31110.2
-31085.8
-31061.2
-31036.3
-31011.3
-30986
-30960.6
-30934.9
-30909
-30882.9
-30856.5
-30829.9
-30803.1
-30776
-30748.7
-30721.1
-30693.3
-30665.3
-30637
-30608.5
-30579.7
-30550.7
-30521.4
-30491.8
-30462
-30431.9
-30401.5
-30370.7
-30339.7
-30308.3
-30276.5
-30244.4
-30211.9
-30179
-30145.8
-30112.1
-30078
-30043.5
-30008.6
-29973.3
-29937.5
-29901.3
-29864.7
-29827.7
-29790.2
-29752.3
-29714
-29675.2
-29636.1
-29596.5
-29556.6
-29516.3
-29475.6
-29434.5
-29393.1
-29351.3
-29309.2
-29266.7
-29224
-29180.9
-29137.5
-15.2321
-8.28535
-5.25752
-3.68309
-2.73711
-2.10464
-1.64876
-1.3023
-1.02853
-0.805334
-0.618287
-0.457228
-0.314518
-0.184041
-0.0605832
-9.8059
-7.47227
-5.48233
-4.08583
-3.11665
-2.42303
-1.9073
-1.50992
-1.19399
-0.935702
-0.718885
-0.531942
-0.366092
-0.214295
-0.0705556
-7.30641
-6.31576
-5.11404
-4.06141
-3.22057
-2.56345
-2.04741
-1.63602
-1.30179
-1.02461
-0.789619
-0.585574
-0.403624
-0.236496
-0.0779026
-5.94973
-5.37059
-4.59685
-3.82518
-3.14071
-2.56266
-2.0828
-1.68493
-1.35254
-1.07132
-0.829422
-0.617123
-0.426342
-0.250167
-0.0824636
-5.03429
-4.62019
-4.0776
-3.50166
-2.95431
-2.46356
-2.03616
-1.66831
-1.35212
-1.07873
-0.839637
-0.627165
-0.434462
-0.255372
-0.0842499
-4.32192
-3.99825
-3.59159
-3.1494
-2.71119
-2.30106
-1.92991
-1.60002
-1.30891
-1.05184
-0.823247
-0.617451
-0.428975
-0.252615
-0.0834152
-3.72216
-3.45914
-3.14097
-2.79304
-2.43991
-2.09952
-1.78237
-1.49295
-1.23168
-0.996499
-0.784074
-0.590431
-0.411381
-0.242702
-0.0802143
-3.19243
-2.97502
-2.71999
-2.44181
-2.15583
-1.87472
-1.60712
-1.35777
-1.12836
-0.918432
-0.72614
-0.548837
-0.383431
-0.226608
-0.074959
-2.70867
-2.52841
-2.3221
-2.09834
-1.86687
-1.63643
-1.41364
-1.20269
-1.00562
-0.822763
-0.653248
-0.495372
-0.346916
-0.205353
-0.0679817
-2.25585
-2.10783
-1.94166
-1.76261
-1.57691
-1.39055
-1.20837
-1.03378
-0.868695
-0.713795
-0.568751
-0.432514
-0.303532
-0.179923
-0.0596059
-1.82406
-1.70538
-1.57413
-1.43354
-1.28765
-1.1405
-0.995541
-0.855371
-0.721612
-0.594987
-0.475462
-0.362413
-0.254779
-0.1512
-0.0501217
-1.40652
-1.31548
-1.21588
-1.10974
-0.999628
-0.888218
-0.777895
-0.670528
-0.567369
-0.469054
-0.375673
-0.286871
-0.201947
-0.119952
-0.0397775
-0.998628
-0.934182
-0.864221
-0.789947
-0.712941
-0.634883
-0.55732
-0.481501
-0.408301
-0.338202
-0.27132
-0.207464
-0.146195
-0.0868934
-0.0288211
-0.596888
-0.558434
-0.51689
-0.472899
-0.427316
-0.381063
-0.335006
-0.289859
-0.246137
-0.204136
-0.163945
-0.125472
-0.088478
-0.0526158
-0.0174592
-29089.5
-29036.7
-28983.6
-28930.1
-28876.3
-28822.2
-28767.9
-28713.3
-28658.6
-28603.7
-28548.6
-28493.5
-28438.3
-28383
-28327.7
)
;

boundaryField
{
    hot
    {
        type            calculated;
        value           nonuniform List<scalar> 
120
(
32274.1
-0.013965
-0.0231951
-0.0323097
-0.0412243
-0.049811
-0.0579303
-0.0653896
-0.071948
-0.0773294
-0.08124
-0.0833956
-0.083559
-0.0815805
-0.0774324
-0.0718954
-0.0654481
-0.0579155
-0.0495208
-0.0405
-0.0310818
-0.0214695
-0.0118336
-0.00230795
0.00700854
0.0160484
0.0247701
0.0331517
0.0411852
0.0488722
0.0562198
0.0632383
0.0699395
0.0763356
0.0824384
0.0882585
0.0938048
0.0990843
0.104102
0.108862
0.113369
0.11763
0.121653
0.12545
0.129035
0.132422
0.135625
0.138656
0.141525
0.144243
0.14682
0.149266
0.151596
0.153822
0.155957
0.158012
0.159996
0.161912
0.163763
0.165552
0.167282
0.168957
0.170579
0.172152
0.173673
0.17514
0.176543
0.177873
0.179117
0.180266
0.181307
0.182233
0.183029
0.183683
0.184177
0.184489
0.184599
0.184486
0.18413
0.183518
0.182639
0.181484
0.180046
0.178322
0.176308
0.174008
0.171433
0.168604
0.165553
0.162327
0.15898
0.155575
0.15218
0.148866
0.145701
0.14275
0.14007
0.137699
0.135655
0.133924
0.132455
0.131159
0.129911
0.128558
0.126933
0.124609
0.121285
0.116937
0.111481
0.104922
0.0973392
0.0888611
0.0796438
0.0698463
0.0596153
0.0490762
0.0383295
0.0274515
0.0164966
-32283.5
)
;
    }
    cold
    {
        type            calculated;
        value           nonuniform List<scalar> 
120
(
28317.2
0.0151589
0.0252241
0.0352152
0.0450791
0.0547409
0.0641009
0.0730342
0.0813944
0.0890227
0.0957641
0.101491
0.10613
0.109682
0.112238
0.113894
0.114955
0.115793
0.116586
0.117496
0.118656
0.120163
0.122071
0.124397
0.127124
0.130208
0.133589
0.137195
0.140949
0.144772
0.148587
0.152325
0.155922
0.159327
0.162501
0.165419
0.168067
0.170438
0.172536
0.174364
0.175934
0.177258
0.178355
0.179249
0.179969
0.18055
0.181027
0.181433
0.181799
0.182148
0.182495
0.182848
0.183206
0.183557
0.183885
0.184162
0.184356
0.184433
0.18436
0.184108
0.183658
0.183002
0.182142
0.18109
0.179864
0.178481
0.176959
0.175313
0.173557
0.1717
0.169754
0.16773
0.16564
0.163495
0.161303
0.159067
0.156785
0.154446
0.152037
0.149535
0.146912
0.144136
0.141165
0.137956
0.134458
0.13062
0.126387
0.121708
0.116528
0.110797
0.10446
0.0974652
0.0897578
0.0812889
0.0720184
0.0619242
0.0510113
0.0393227
0.0269496
0.0140392
0.00079891
-0.0125045
-0.0255543
-0.0380047
-0.0495039
-0.0605832
-0.0705556
-0.0779026
-0.0824636
-0.0842499
-0.0834152
-0.0802143
-0.074959
-0.0679817
-0.0596059
-0.0501217
-0.0397775
-0.0288211
-0.0174592
-28327.7
)
;
    }
    interface_left
    {
        type            calculated;
        value           nonuniform List<scalar> 
90
(
-10.9819
-0.701956
1.89864
0.850982
0.552982
0.218735
0.317712
0.463735
0.826975
1.01029
1.25199
1.37651
1.53458
1.49326
1.10842
2.00559
2.44272
3.09832
3.22093
2.96939
2.66828
1.75476
2.83208
3.28285
3.81612
4.14864
4.77883
4.78598
4.16959
3.64652
2.31118
3.57468
4.0679
4.59628
4.92841
5.57417
5.53833
4.76403
4.14029
2.60432
3.98257
4.51152
5.06487
5.415
6.10398
6.05575
5.19752
4.51295
2.83896
4.33653
4.91252
5.51985
5.90326
6.65794
6.60506
5.66631
4.91783
3.09022
4.72318
5.34684
5.99783
6.39967
7.18163
7.09907
6.03517
5.20692
3.22697
4.88464
5.48292
6.04181
6.36314
6.96902
6.79123
5.58561
4.72213
2.80169
4.05603
4.41327
4.54868
4.5753
4.58114
4.23101
3.0261
2.34353
1.12762
0.933643
0.645075
-0.312519
1.37865
8.35361
)
;
    }
    interface_right
    {
        type            calculated;
        value           nonuniform List<scalar> 
90
(
8.18653
0.739175
-1.05374
0.0130333
0.337303
0.709685
1.73087
2.33602
3.45044
3.80763
3.91683
3.95048
3.91198
3.6284
2.5399
4.33197
5.15196
6.31787
6.50872
5.98548
5.70651
5.21195
4.65781
3.09081
5.01261
5.82271
6.87227
6.96239
6.2195
5.83546
5.20727
4.59941
3.0012
4.76615
5.47205
6.32145
6.3139
5.43456
4.73466
3.01569
4.66388
5.30958
6.01522
6.43746
7.22814
7.19707
6.29603
5.85143
5.17945
4.5614
2.98168
4.73066
5.44395
6.33683
6.38358
5.65707
5.28441
4.69164
4.12992
2.67821
4.22993
4.83461
5.53638
5.50028
4.67869
4.04108
2.51841
3.83401
4.30508
4.73749
4.96626
5.3665
5.20371
4.25057
3.58956
2.15079
3.15075
3.46893
3.68797
3.81148
4.06684
3.9506
3.32918
2.87866
1.90408
3.43146
4.15375
5.66697
2.29706
-11.1486
)
;
    }
    interface_top
    {
        type            calculated;
        value           nonuniform List<scalar> 
90
(
19.2475
-17.6667
30.6866
-6.58496
29.9188
3.21024
-23.6874
13.2582
-25.5654
29.5084
-10.1914
26.991
-6.23098
25.0534
1.32286
-22.6279
9.7924
-24.6402
23.9642
-10.6513
22.6629
-1.48913
-25.2756
6.02398
-27.0756
9.47945
-30.1305
25.0793
-13.8831
23.6205
-3.32946
-29.8065
5.26887
-31.599
9.33151
-34.8468
26.944
-16.5877
25.4765
-4.7421
-34.592
5.03669
-37.0109
9.97186
-41.3671
31.2501
-21.0283
28.979
-15.1586
27.3953
-4.38281
-36.7223
7.78198
-39.3
27.9925
-19.7383
26.7718
-6.80099
-40.1559
4.14215
-42.8865
9.74139
-47.1334
32.8102
-23.4777
31.031
-8.1819
-47.0588
4.85799
-49.9936
11.8556
-54.5425
39.3306
-26.3599
37.7122
-7.95038
-53.2173
8.09272
-55.7821
17.2377
-59.7019
49.7983
-25.6051
48.2408
-3.28632
-53.7039
17.2334
-51.7183
38.6069
-26.8654
)
;
    }
    interface_bottom
    {
        type            calculated;
        value           nonuniform List<scalar> 
90
(
-25.1397
30.7697
-46.8657
1.04545
49.3235
-18.7099
49.9292
-29.5772
52.4637
-63.7978
16.984
-58.4481
7.18904
-54.9603
-9.10301
36.7727
-27.4779
37.917
-55.1627
10.4083
-50.2717
3.366
-46.8568
-9.26606
28.2431
-23.7126
29.0815
-45.0789
6.4687
-41.7847
-6.81945
27.1564
-18.2091
28.1661
-23.9133
29.7688
-43.893
6.97477
-40.0573
-5.95384
27.1059
-17.0253
28.2365
-22.7467
30.2188
-42.9194
8.59303
-38.1149
3.59104
-35.172
-5.93526
23.3118
-17.1791
24.058
-33.7409
6.62837
-31.1777
-3.649
23.2267
-12.6787
24.1626
-17.3041
25.3769
-32.9146
7.51007
-29.6128
-2.45984
23.8779
-11.0222
24.9043
-15.2072
26.4252
-30.2529
9.33209
-26.9585
-0.167061
25.9823
-8.31825
27.7302
-12.3264
30.2566
-28.4521
12.8774
-26.1247
2.34166
30.4997
-7.84983
31.2752
-19.4748
19.0368
)
;
    }
    defaultFaces
    {
        type            empty;
    }
}


// ************************************************************************* //
