/*--------------------------------*- C++ -*----------------------------------*\
| =========                 |                                                 |
| \\      /  F ield         | OpenFOAM: The Open Source CFD Toolbox           |
|  \\    /   O peration     | Version:  5.x                                   |
|   \\  /    A nd           | Web:      www.OpenFOAM.org                      |
|    \\/     M anipulation  |                                                 |
\*---------------------------------------------------------------------------*/
FoamFile
{
    version     2.0;
    format      ascii;
    class       volScalarField;
    location    "3.1";
    object      gradTy;
}
// * * * * * * * * * * * * * * * * * * * * * * * * * * * * * * * * * * * * * //

dimensions      [0 -1 0 1 0 0 0];

internalField   nonuniform List<scalar> 
6300
(
32276
32227.9
32179.9
32131.9
32084.1
32036.3
31988.7
31941.2
31893.9
31846.8
31800
31753.4
31707
31661
31615.2
-0.0178447
-0.0536078
-0.0895783
-0.125849
-0.162446
-0.199299
-0.236221
-0.272893
-0.308861
-0.343565
-0.376389
-0.406762
-0.434289
-0.458895
-0.48096
-0.0296591
-0.0891154
-0.148963
-0.209387
-0.270459
-0.332087
-0.393978
-0.455599
-0.516168
-0.574686
-0.630023
-0.681081
-0.727035
-0.76762
-0.803406
-0.0413351
-0.12423
-0.207767
-0.292271
-0.377905
-0.464603
-0.551994
-0.639342
-0.725509
-0.808969
-0.887913
-0.960479
-1.02512
-1.08112
-1.12906
-0.0527855
-0.158698
-0.265599
-0.374017
-0.48428
-0.596415
-0.710039
-0.824251
-0.937539
-1.04775
-1.15216
-1.24778
-1.33184
-1.40264
-1.46044
-0.0638924
-0.192174
-0.321905
-0.453906
-0.588768
-0.726718
-0.867474
-1.01006
-1.15262
-1.29229
-1.42517
-1.54658
-1.65177
-1.7371
-1.80173
-0.0745008
-0.224196
-0.375931
-0.530924
-0.690151
-0.854197
-1.02306
-1.19586
-1.37056
-1.54358
-1.7096
-1.86157
-1.99153
-2.09222
-2.16006
-0.0844135
-0.254172
-0.42669
-0.603693
-0.786694
-0.97684
-1.17467
-1.37974
-1.59014
-1.80185
-2.00801
-2.19855
-2.36049
-2.48014
-2.5478
-0.093393
-0.281379
-0.472953
-0.670447
-0.876071
-1.09178
-1.319
-1.55824
-1.80838
-2.06561
-2.32202
-2.56406
-2.77168
-2.92001
-2.98642
-0.101169
-0.304992
-0.51328
-0.729049
-0.955343
-1.19516
-1.45127
-1.72581
-2.01949
-2.33013
-2.65033
-2.96394
-3.24209
-3.44173
-3.51363
-0.107459
-0.32413
-0.54611
-0.777106
-1.02106
-1.28222
-1.56508
-1.8742
-2.21357
-2.58504
-2.98519
-3.39921
-3.79094
-4.09112
-4.19701
-0.111993
-0.337949
-0.569908
-0.812178
-1.06955
-1.34753
-1.65257
-1.99231
-2.37549
-2.81121
-3.30611
-3.8567
-4.43128
-4.9347
-5.16391
-0.114551
-0.345753
-0.583375
-0.832122
-1.0974
-1.38573
-1.70532
-2.06691
-2.48481
-2.97813
-3.57128
-4.29013
-5.14269
-6.05238
-6.67837
-0.115007
-0.347126
-0.585698
-0.835507
-1.10216
-1.39261
-1.71603
-2.08515
-2.51863
-3.04517
-3.71069
-4.58976
-5.79685
-7.45362
-9.34728
-0.113353
-0.342033
-0.576761
-0.822021
-1.08307
-1.36648
-1.68099
-2.03898
-2.45934
-2.97318
-3.63647
-4.56127
-6.00119
-8.61778
-14.4256
31573.6
31536
31498.6
31461.5
31424.6
31388
31351.6
31315.6
31279.8
31244.4
31209.3
31174.6
31140.2
31106.1
31072.5
31039.2
31006.4
30973.9
30941.8
30910.2
30878.9
30848
30817.5
30787.4
30757.6
30728.2
30699
30670.2
30641.7
30613.4
30585.4
30557.7
30530.1
30502.7
30475.5
30448.5
30421.6
30394.9
30368.2
30341.7
30315.3
30289
30262.7
30236.5
30210.4
30184.3
30158.3
30132.3
30106.4
30080.5
30054.6
30028.6
30002.7
29976.7
29950.7
29924.7
29898.6
29872.4
29846.1
29819.6
29793.1
29766.5
29739.6
29712.7
29685.6
29658.3
29630.8
29603.2
29575.4
29547.3
29519.1
29490.7
29462
29433.2
29404.1
29374.8
29345.3
29315.5
29285.5
29255.3
29224.8
29194.1
29163.2
29131.9
29100.5
29068.7
29036.8
29004.5
28972
28939.3
-0.499677
-0.51641
-0.533771
-0.552675
-0.573895
-0.597911
-0.624806
-0.65421
-0.685339
-0.717087
-0.748188
-0.777374
-0.803529
-0.825769
-0.843479
-0.85627
-0.86392
-0.866305
-0.863356
-0.855054
-0.841455
-0.822729
-0.799186
-0.771284
-0.739606
-0.704817
-0.667625
-0.628745
-0.588882
-0.548717
-0.508897
-0.470006
-0.432536
-0.396859
-0.363211
-0.331704
-0.302352
-0.275118
-0.249943
-0.226761
-0.205479
-0.185939
-0.167872
-0.150872
-0.134397
-0.117818
-0.100488
-0.0818321
-0.0614219
-0.0390275
-0.0146285
0.0116073
0.0393681
0.0682465
0.0977811
0.127486
0.156872
0.185474
0.212878
0.238764
0.262932
0.285315
0.305968
0.325024
0.342643
0.358968
0.374097
0.388092
0.401003
0.412906
0.423928
0.434242
0.444041
0.453498
0.462724
0.471754
0.480557
0.489071
0.497242
0.505048
0.512492
0.519562
0.526179
0.532141
0.537095
0.54055
0.54192
0.540603
0.536051
0.527841
-0.833237
-0.859681
-0.887164
-0.917451
-0.952058
-0.991963
-1.03738
-1.08764
-1.14128
-1.19622
-1.25008
-1.30051
-1.34552
-1.38358
-1.41373
-1.43542
-1.44838
-1.45248
-1.4476
-1.43368
-1.41075
-1.37905
-1.3391
-1.29168
-1.23783
-1.17873
-1.11561
-1.0497
-0.982182
-0.914225
-0.846938
-0.781346
-0.718316
-0.658489
-0.602244
-0.549718
-0.500872
-0.455588
-0.413752
-0.37528
-0.34008
-0.307959
-0.278512
-0.251054
-0.224613
-0.198023
-0.170069
-0.139668
-0.106031
-0.0687519
-0.0278324
0.0163794
0.0632862
0.112144
0.162136
0.212416
0.26213
0.31045
0.356632
0.400089
0.44047
0.47769
0.5119
0.543404
0.572543
0.599593
0.624711
0.647954
0.669351
0.688993
0.707092
0.72398
0.740046
0.755638
0.770967
0.786074
0.800852
0.815136
0.828802
0.841823
0.854263
0.866195
0.877568
0.88809
0.897157
0.903872
0.907143
0.905833
0.898926
0.885659
-1.16773
-1.2014
-1.23647
-1.27595
-1.32253
-1.37802
-1.4429
-1.51614
-1.59529
-1.67684
-1.75681
-1.83138
-1.89741
-1.95271
-1.99608
-2.02704
-2.04551
-2.05147
-2.04477
-2.02518
-1.99258
-1.94717
-1.88965
-1.82122
-1.7435
-1.65832
-1.56751
-1.47284
-1.376
-1.27864
-1.18241
-1.08887
-0.999355
-0.914829
-0.835791
-0.762301
-0.694128
-0.63096
-0.572582
-0.518953
-0.470115
-0.425995
-0.386158
-0.349638
-0.314914
-0.280063
-0.243043
-0.20204
-0.155758
-0.103596
-0.0456559
0.0173905
0.0845134
0.154523
0.22619
0.298272
0.369506
0.438617
0.504414
0.565947
0.622665
0.674501
0.721828
0.765286
0.805547
0.843093
0.878116
0.910563
0.940313
0.967386
0.992081
1.01498
1.03681
1.05823
1.0796
1.10094
1.12193
1.14216
1.16136
1.1795
1.19683
1.21369
1.23024
1.24619
1.26066
1.2722
1.27901
1.27918
1.27102
1.25329
-1.50431
-1.54111
-1.57939
-1.6242
-1.68016
-1.75052
-1.83635
-1.93611
-2.04582
-2.15971
-2.27131
-2.37456
-2.46476
-2.53904
-2.5963
-2.63666
-2.6607
-2.66873
-2.66054
-2.63547
-2.59291
-2.5328
-2.45597
-2.36422
-2.26003
-2.14611
-2.02508
-1.89923
-1.77069
-1.64158
-1.51417
-1.39076
-1.27338
-1.16345
-1.06155
-0.967435
-0.880398
-0.799664
-0.72482
-0.655981
-0.593624
-0.538145
-0.489322
-0.445942
-0.405716
-0.365553
-0.322095
-0.272365
-0.214315
-0.147134
-0.0712165
0.0121378
0.101181
0.194106
0.289227
0.384927
0.479506
0.571116
0.657895
0.738292
0.811439
0.877352
0.936869
0.991315
1.042
1.08977
1.13477
1.1766
1.21468
1.24875
1.27921
1.30707
1.33374
1.36045
1.38788
1.41588
1.44367
1.47028
1.49504
1.51795
1.5397
1.56127
1.58342
1.60608
1.62805
1.64705
1.66014
1.66424
1.65666
1.63548
-1.84529
-1.87862
-1.91286
-1.95632
-2.01697
-2.10069
-2.20968
-2.34169
-2.49024
-2.6458
-2.79775
-2.93645
-3.05495
-3.1498
-3.22077
-3.26972
-3.29884
-3.30927
-3.30052
-3.27086
-3.21844
-3.14241
-3.04371
-2.92507
-2.79047
-2.64408
-2.48949
-2.32942
-2.16612
-2.00201
-1.8401
-1.68389
-1.53662
-1.40046
-1.27601
-1.16233
-1.05754
-0.959836
-0.868363
-0.783631
-0.707194
-0.640676
-0.584622
-0.537682
-0.496411
-0.455776
-0.410173
-0.354666
-0.286025
-0.203258
-0.1075
-0.00132574
0.112233
0.230498
0.351397
0.473155
0.59374
0.710528
0.820513
0.921025
1.01057
1.08935
1.15915
1.22269
1.28259
1.34035
1.39592
1.44795
1.49472
1.53525
1.56998
1.60082
1.63051
1.66156
1.69523
1.73103
1.76705
1.80098
1.83129
1.85801
1.88274
1.90795
1.9358
1.96689
1.99964
2.03035
2.05414
2.06603
2.06184
2.03866
-2.19525
-2.21476
-2.233
-2.26364
-2.32053
-2.41441
-2.54979
-2.7234
-2.92449
-3.13704
-3.34321
-3.52736
-3.67913
-3.79485
-3.8769
-3.93125
-3.96381
-3.97737
-3.97053
-3.93896
-3.87788
-3.78459
-3.66005
-3.50882
-3.33778
-3.15378
-2.96171
-2.76418
-2.56262
-2.35915
-2.15774
-1.96405
-1.78374
-1.62051
-1.47488
-1.3443
-1.22437
-1.11093
-1.00209
-0.899228
-0.806369
-0.728029
-0.666694
-0.621152
-0.586086
-0.553049
-0.512405
-0.455774
-0.377968
-0.277983
-0.158676
-0.0253185
0.116611
0.263199
0.412427
0.563173
0.713538
0.859834
0.996872
1.11964
1.22531
1.31437
1.39053
1.45941
1.52634
1.59418
1.66227
1.72697
1.78385
1.83019
1.86644
1.8963
1.92541
1.959
1.99961
2.04595
2.09352
2.13697
2.17281
2.20101
2.22516
2.25091
2.28357
2.32541
2.37423
2.42369
2.46535
2.49105
2.4944
2.47127
-2.56312
-2.55269
-2.53523
-2.53311
-2.57079
-2.66834
-2.8348
-3.06549
-3.34219
-3.6374
-3.92028
-4.16483
-4.35514
-4.48829
-4.5728
-4.62402
-4.65605
-4.67468
-4.67604
-4.64939
-4.58352
-4.47163
-4.31463
-4.1209
-3.90356
-3.67487
-3.44156
-3.2045
-2.96164
-2.71306
-2.464
-2.22465
-2.00599
-1.81489
-1.65178
-1.5106
-1.38153
-1.25505
-1.12684
-1.00005
-0.884246
-0.790495
-0.725608
-0.689114
-0.67241
-0.660837
-0.637206
-0.586908
-0.501368
-0.380034
-0.229581
-0.0611404
0.114803
0.292623
0.471802
0.654274
0.839737
1.02302
1.19433
1.34345
1.46454
1.55851
1.63298
1.69951
1.76934
1.84824
1.93407
2.01781
2.08874
2.14024
2.17264
2.19346
2.2144
2.24686
2.29629
2.35964
2.42646
2.48445
2.52583
2.55037
2.56576
2.5844
2.61858
2.67431
2.74833
2.82869
2.89993
2.94863
2.96546
2.94511
-2.96603
-2.90068
-2.81531
-2.74522
-2.73477
-2.82299
-3.02728
-3.34125
-3.73319
-4.15543
-4.55248
-4.88028
-5.11334
-5.25164
-5.31646
-5.34425
-5.36736
-5.39666
-5.42162
-5.41606
-5.35514
-5.22333
-5.02179
-4.76665
-4.4853
-4.20221
-3.92638
-3.65275
-3.3684
-3.06719
-2.75577
-2.45489
-2.18798
-1.96836
-1.79649
-1.6588
-1.53429
-1.40094
-1.24883
-1.08426
-0.929569
-0.810555
-0.742767
-0.72768
-0.750426
-0.785043
-0.799438
-0.767787
-0.67528
-0.522952
-0.325292
-0.106642
0.111443
0.321258
0.527621
0.742266
0.970292
1.20466
1.42501
1.60886
1.74412
1.832
1.88817
1.93614
2.0006
2.0936
2.21018
2.32843
2.42291
2.47909
2.49681
2.49173
2.4881
2.51156
2.57416
2.66959
2.77332
2.85706
2.90427
2.91406
2.90282
2.89663
2.92364
2.99794
3.11432
3.24778
3.36787
3.45299
3.49086
3.47692
-3.43631
-3.27741
-3.07332
-2.87137
-2.75659
-2.81039
-3.06177
-3.50467
-4.08045
-4.70966
-5.28429
-5.73205
-6.00785
-6.12068
-6.11328
-6.07105
-6.06957
-6.12465
-6.21091
-6.26218
-6.22859
-6.07511
-5.80582
-5.44977
-5.06914
-4.71869
-4.40755
-4.11597
-3.79893
-3.4355
-3.0318
-2.63566
-2.30122
-2.05243
-1.89127
-1.78729
-1.69904
-1.57309
-1.38796
-1.1534
-0.922656
-0.755939
-0.683081
-0.710773
-0.810332
-0.937324
-1.02691
-1.03521
-0.934211
-0.72999
-0.450035
-0.150094
0.121259
0.35617
0.572844
0.812339
1.09308
1.40787
1.70963
1.94565
2.09338
2.15261
2.15662
2.15049
2.19222
2.30651
2.48538
2.67476
2.81374
2.87483
2.85531
2.78939
2.72428
2.7214
2.80623
2.96903
3.15042
3.28367
3.33799
3.30939
3.23393
3.1624
3.16189
3.26223
3.45692
3.68731
3.88728
4.02642
4.09186
4.09005
-4.03407
-3.71912
-3.3281
-2.87184
-2.53549
-2.51309
-2.82027
-3.47654
-4.35062
-5.34231
-6.19866
-6.83132
-7.13694
-7.16273
-6.96015
-6.73909
-6.69025
-6.80766
-7.0505
-7.23043
-7.27462
-7.09363
-6.71476
-6.16831
-5.60956
-5.17857
-4.8606
-4.61588
-4.29632
-3.86185
-3.29703
-2.72768
-2.29127
-2.01042
-1.90388
-1.89328
-1.91826
-1.83067
-1.59854
-1.21734
-0.823862
-0.566508
-0.478954
-0.590731
-0.831117
-1.14388
-1.3719
-1.4605
-1.34233
-1.04665
-0.604146
-0.152976
0.182938
0.41673
0.584589
0.822388
1.16617
1.62918
2.08823
2.40886
2.5694
2.55201
2.43896
2.2952
2.27863
2.42567
2.74472
3.09288
3.31599
3.38591
3.27988
3.08513
2.87011
2.80421
2.92531
3.24104
3.59617
3.8233
3.89045
3.77157
3.55878
3.32529
3.25435
3.39011
3.74761
4.17016
4.49377
4.70544
4.78918
4.8156
-4.87192
-4.27022
-3.67661
-2.69937
-1.86203
-1.74084
-2.07577
-3.13446
-4.45111
-6.1696
-7.43491
-8.40132
-8.66884
-8.53353
-7.83361
-7.15915
-7.0716
-7.3102
-7.98083
-8.3944
-8.64522
-8.39747
-7.86549
-6.9051
-5.96659
-5.4764
-5.20891
-5.22437
-4.96007
-4.47685
-3.56984
-2.62939
-2.05856
-1.71873
-1.77974
-1.94955
-2.30118
-2.29813
-2.02556
-1.30093
-0.531108
-0.134771
0.00989658
-0.287888
-0.75019
-1.47506
-1.92043
-2.18639
-2.00907
-1.57788
-0.773995
0.00675567
0.388214
0.568693
0.492023
0.67615
1.06386
1.85239
2.66227
3.09865
3.29761
3.08511
2.76145
2.25262
2.1253
2.29296
2.95791
3.68687
4.03458
4.14611
3.82799
3.40587
2.79703
2.6136
2.76
3.45224
4.22226
4.58937
4.70696
4.36517
3.90973
3.25049
3.0456
3.19526
3.9413
4.79226
5.25835
5.56571
5.56611
5.69933
-6.19376
-4.80943
-4.57734
-2.32534
-0.157177
-0.311697
-0.288971
-2.42083
-3.97284
-7.6494
-9.10147
-10.9776
-10.7807
-10.7172
-8.67021
-6.73388
-6.9831
-7.19045
-9.28119
-9.79256
-10.7336
-10.1104
-9.63286
-7.61009
-5.6777
-5.4532
-5.14947
-6.23541
-5.93875
-5.70173
-3.8904
-1.99836
-1.49274
-0.849417
-1.49847
-1.74358
-3.19439
-3.15322
-3.10305
-1.44901
0.300104
0.660011
1.13647
0.252444
-0.290593
-2.20816
-2.72671
-3.54995
-3.04068
-2.64504
-0.909757
0.742282
0.883715
1.09173
0.024693
0.237556
0.385185
2.04573
3.77505
4.13123
4.61924
3.77918
3.3515
1.66155
1.54814
1.44508
3.07987
4.83078
5.09423
5.52597
4.52682
3.99646
2.11235
1.94902
1.80965
3.55239
5.42945
5.71564
6.18592
5.12339
4.55514
2.52238
2.32727
2.14249
3.98472
5.96934
6.25226
6.86881
6.15269
6.8616
-8.87438
-3.68926
-8.38657
-1.8304
4.89249
0.862353
4.60058
-2.54208
-0.435108
-12.3323
-10.1572
-16.5392
-12.7
-15.7572
-9.34721
-3.16124
-6.95471
-4.35837
-12.8557
-10.5718
-15.0742
-11.6132
-13.6252
-8.18464
-2.92914
-5.54378
-3.08855
-9.23709
-6.8312
-9.19327
-4.32675
0.629507
-1.12475
1.88141
-1.79846
0.199083
-6.23564
-4.02077
-6.48965
-1.73347
3.13233
1.28753
4.22279
0.302313
2.14893
-4.95529
-3.09362
-6.83177
-3.90801
-5.64063
-0.924934
3.65381
1.28408
3.45165
-2.28495
-0.106315
-2.47131
2.14084
6.86595
4.97485
7.85415
3.88026
5.76009
-1.19885
0.956925
-1.90441
3.0355
8.11753
5.91246
8.96718
4.55154
6.53736
-1.0493
1.25088
-1.84998
3.46001
8.92841
6.57773
9.87299
5.17079
7.31033
-0.850991
1.59493
-1.82823
3.82393
9.59772
6.76657
10.0917
4.6881
8.96268
-18.4025
11.6618
-28.4006
-1.57533
25.4268
-9.14977
25.1589
-15.9825
23.269
-37.2792
1.10951
-36.8189
-4.68841
-34.4299
-9.70142
14.782
-16.1275
14.4487
-31.955
-1.57871
-30.8822
-5.2347
-28.3493
-8.49275
11.1524
-12.9351
11.3618
-24.5573
-0.857879
-23.0942
-4.89255
12.9203
-7.61205
14.2399
-10.2743
14.2839
-21.7328
1.85584
-20.2809
-2.17634
15.6272
-4.96889
17.1808
-7.95319
17.477
-20.6142
4.60234
-19.7078
1.92885
-17.923
-0.744018
16.57
-4.85048
17.1924
-15.9938
6.09139
-15.3763
2.07193
19.4829
-1.05234
20.9562
-4.44947
20.8951
-17.186
7.58884
-16.4892
2.78492
21.8961
-0.84496
23.1641
-4.64344
22.8611
-18.4495
8.32867
-17.6227
3.13804
23.6853
-0.691754
25.0749
-4.63529
24.8973
-19.5
9.31274
-18.8685
3.48684
25.6161
-1.58525
25.8829
-10.7142
17.0379
28903
28863
28822.7
28782.1
28741.2
28700
28658.6
28616.9
28575
28533
28490.8
28448.6
28406.2
28363.7
28321.2
0.514514
0.494336
0.468862
0.438766
0.404937
0.368342
0.329909
0.29045
0.250613
0.21086
0.171482
0.132615
0.0942703
0.0563657
0.0187538
0.863577
0.829608
0.786434
0.735319
0.677886
0.615875
0.550928
0.484454
0.41755
0.350983
0.28521
0.220429
0.156624
0.0936225
0.0311462
1.2225
1.17407
1.11194
1.03817
0.955398
0.866327
0.773464
0.678883
0.584151
0.490313
0.397953
0.307271
0.218176
0.130356
0.0433574
1.59611
1.5321
1.44893
1.34992
1.23909
1.12047
0.997632
0.873401
0.74981
0.628132
0.508994
0.392517
0.278448
0.166268
0.0552858
1.99073
1.90923
1.80171
1.67342
1.53049
1.37876
1.22312
1.06722
0.913512
0.763374
0.617345
0.475336
0.33682
0.200976
0.0668032
2.4146
2.31241
2.17525
2.01155
1.83063
1.64087
1.44876
1.25878
1.07359
0.894466
0.721644
0.554638
0.392503
0.234007
0.0777508
2.87902
2.75075
2.57547
2.36701
2.13965
1.90526
1.67218
1.44543
1.22752
1.0192
0.820088
0.629043
0.44453
0.264787
0.0879398
3.40014
3.23657
3.00925
2.74169
2.45595
2.16847
1.88922
1.62312
1.37174
1.13467
0.910409
0.696879
0.491764
0.29266
0.0971549
4.00174
3.78673
3.4838
3.13506
2.77459
2.42385
2.09328
1.78608
1.50157
1.23725
0.989929
0.756254
0.532955
0.316916
0.105167
4.72161
4.42453
4.00395
3.54016
3.08393
2.65959
2.27427
1.92644
1.61118
1.32277
1.05574
0.805201
0.56685
0.336861
0.111753
5.6339
5.1841
4.56591
3.93625
3.36101
2.8565
2.41802
2.03437
1.69396
1.38686
1.105
0.841912
0.592349
0.351904
0.116727
6.92532
6.11267
5.13997
4.27685
3.56666
2.98728
2.50705
2.09911
1.74346
1.42569
1.13544
0.865057
0.608697
0.361665
0.119975
9.09977
7.20127
5.60598
4.46466
3.64127
3.01891
2.52385
2.11162
1.75505
1.43696
1.14596
0.874137
0.615688
0.366065
0.121477
13.3212
7.98548
5.61761
4.33427
3.51476
2.92337
2.45791
2.06849
1.72815
1.42107
1.13723
0.869798
0.613818
0.365412
0.121335
-0.110168
-0.332246
-0.559654
-0.796292
-1.04665
-1.31622
-1.61205
-1.94387
-2.32597
-2.78106
-3.34885
-4.1074
-5.23316
-7.19156
-11.4038
-0.105928
-0.319239
-0.536979
-0.762308
-0.998716
-1.25021
-1.52152
-1.81842
-2.1479
-2.51815
-2.9365
-3.39919
-3.84443
-3.93693
-2.04348
-0.100673
-0.303145
-0.509017
-0.720603
-0.94027
-1.17039
-1.41319
-1.67028
-1.94149
-2.2218
-2.49329
-2.70301
-2.70057
-2.0614
0.380974
-0.0946307
-0.28468
-0.477068
-0.67326
-0.874529
-1.08173
-1.2949
-1.51231
-1.72872
-1.93153
-2.09289
-2.15403
-1.99885
-1.43795
-0.38207
-0.0880384
-0.264579
-0.442457
-0.622364
-0.804628
-0.988897
-1.1736
-1.35499
-1.52536
-1.66999
-1.76202
-1.75514
-1.57889
-1.15812
-0.521918
-0.0811199
-0.243537
-0.406416
-0.569804
-0.733297
-0.895713
-1.05457
-1.20527
-1.33983
-1.44496
-1.49975
-1.47373
-1.32871
-1.02777
-0.52425
-0.0740738
-0.222163
-0.37
-0.51714
-0.662677
-0.804954
-0.941151
-1.06673
-1.17469
-1.25486
-1.29353
-1.27482
-1.18677
-1.03802
-0.904991
-0.0670641
-0.200952
-0.334047
-0.465559
-0.594283
-0.71837
-0.835057
-0.940358
-1.02882
-1.09356
-1.12709
-1.12397
-1.08691
-1.03723
-1.02092
-0.0602167
-0.180281
-0.299171
-0.415883
-0.529069
-0.63688
-0.736817
-0.825631
-0.899381
-0.953891
-0.986032
-0.996563
-0.995722
-1.01316
-1.1141
-0.0536216
-0.160411
-0.265786
-0.368626
-0.467548
-0.56081
-0.64625
-0.721312
-0.783254
-0.829716
-0.859927
-0.876953
-0.89175
-0.930994
-1.05891
-0.0473375
-0.141511
-0.234139
-0.32406
-0.409919
-0.490124
-0.562836
-0.62605
-0.677827
-0.71678
-0.742906
-0.75878
-0.770713
-0.787124
-0.797432
-0.0413974
-0.123671
-0.204351
-0.282281
-0.356175
-0.424593
-0.485966
-0.538677
-0.581255
-0.6127
-0.632928
-0.643225
-0.646491
-0.647358
-0.657681
-0.035815
-0.106924
-0.17645
-0.243274
-0.306192
-0.363907
-0.415058
-0.458287
-0.492366
-0.51636
-0.529764
-0.532423
-0.523868
-0.500891
-0.445568
-0.0305899
-0.0912632
-0.150404
-0.206948
-0.259779
-0.307728
-0.349596
-0.384199
-0.410433
-0.427325
-0.433981
-0.429273
-0.411198
-0.376759
-0.330085
-0.0257121
-0.0766532
-0.126137
-0.173166
-0.216713
-0.255722
-0.289125
-0.31587
-0.334941
-0.345353
-0.346012
-0.335277
-0.309831
-0.261002
-0.156849
-0.0211652
-0.0630417
-0.103552
-0.14177
-0.176755
-0.207557
-0.233222
-0.252813
-0.265415
-0.270112
-0.265881
-0.251368
-0.224645
-0.183554
-0.129073
-0.0169291
-0.0503654
-0.0825341
-0.112584
-0.13966
-0.162906
-0.181478
-0.194553
-0.201331
-0.201026
-0.192817
-0.17581
-0.149364
-0.11527
-0.087171
-0.0129813
-0.0385555
-0.0629641
-0.08543
-0.105179
-0.121449
-0.133495
-0.140607
-0.142113
-0.137382
-0.125793
-0.106673
-0.0792956
-0.042705
0.00873909
-0.00929863
-0.0275408
-0.0447191
-0.0601281
-0.0730717
-0.0828713
-0.0888791
-0.0904931
-0.0871736
-0.0784551
-0.0639286
-0.0431544
-0.0155274
0.0196789
0.0607315
-0.0058578
-0.0172509
-0.0276786
-0.0365038
-0.0431026
-0.046874
-0.0472559
-0.0437456
-0.0359277
-0.0235075
-0.00632417
0.015728
0.0430668
0.0781382
0.133802
-0.00263619
-0.00761717
-0.0117264
-0.0143908
-0.0150519
-0.0131773
-0.00827719
6.99514e-05
0.0121774
0.0281876
0.0479839
0.0710678
0.0963631
0.122432
0.153653
0.000387811
0.00142551
0.00324689
0.00636622
0.011283
0.0184719
0.0283662
0.0413324
0.0576253
0.0773077
0.100097
0.125008
0.149181
0.163281
0.130877
0.00323458
0.00993835
0.0173435
0.0259102
0.0360858
0.0482965
0.0629353
0.0803425
0.100771
0.12432
0.150821
0.179603
0.209049
0.236546
0.26743
0.00592324
0.0179785
0.0306582
0.0443724
0.0595212
0.0764896
0.0956418
0.117313
0.141799
0.16933
0.200039
0.233878
0.27034
0.307595
0.339182
0.00847172
0.0255997
0.0432793
0.0618738
0.0817389
0.103221
0.12666
0.15239
0.180763
0.212178
0.247159
0.28647
0.331176
0.382703
0.446283
0.0108969
0.0328521
0.05529
0.0785284
0.102879
0.12865
0.156147
0.185693
0.217667
0.252597
0.291342
0.335436
0.387374
0.449577
0.51473
0.0132149
0.0397841
0.0667698
0.0944458
0.12308
0.152935
0.184272
0.217371
0.252577
0.290419
0.33189
0.379083
0.436541
0.514546
0.640684
0.015441
0.0464413
0.0777951
0.109733
0.142479
0.176245
0.211234
0.247646
0.285712
0.325777
0.368551
0.415739
0.471535
0.546243
0.665503
0.0175896
0.0528676
0.0884397
0.124496
0.161215
0.19876
0.237266
0.276833
0.317513
0.359309
0.402236
0.446559
0.493486
0.547148
0.61888
0.0196746
0.0591042
0.098773
0.138833
0.179424
0.220662
0.262621
0.305306
0.34859
0.392108
0.43504
0.475712
0.51083
0.535645
0.560799
0.0217084
0.0651891
0.108859
0.152838
0.19723
0.242117
0.287531
0.333419
0.379556
0.425362
0.469501
0.508865
0.535386
0.524043
0.378244
0.0237026
0.0711568
0.118756
0.16659
0.214739
0.26326
0.312171
0.361418
0.410801
0.459819
0.507361
0.551082
0.586291
0.605932
0.619834
0.0256675
0.0770381
0.128514
0.18016
0.232035
0.284186
0.336637
0.389381
0.442348
0.495345
0.547951
0.599349
0.64807
0.691941
0.728058
0.0276126
0.0828607
0.138177
0.193605
0.249186
0.304957
0.360959
0.417249
0.473924
0.531183
0.589451
0.649612
0.713309
0.783452
0.868657
0.0295462
0.08865
0.147787
0.206979
0.266248
0.325621
0.385142
0.444909
0.505146
0.566365
0.629702
0.697535
0.774164
0.864629
0.95999
0.0314767
0.0944301
0.157383
0.220334
0.283283
0.346234
0.409212
0.472303
0.53574
0.600125
0.666906
0.739473
0.825501
0.942542
1.13596
0.0334118
0.100224
0.167003
0.233724
0.300359
0.36688
0.433263
0.499513
0.565731
0.632273
0.700172
0.772191
0.855389
0.967558
1.15466
0.0353589
0.106056
0.176688
0.247207
0.317559
0.387673
0.45746
0.526802
0.595549
0.663531
0.730658
0.797279
0.86524
0.940676
1.03765
0.0373251
0.111945
0.186473
0.26084
0.334966
0.408743
0.482021
0.554559
0.625946
0.69543
0.761576
0.821568
0.869962
0.898964
0.925301
0.0393166
0.117912
0.196393
0.274674
0.352657
0.430211
0.50715
0.583168
0.657711
0.729694
0.796846
0.854043
0.888201
0.859226
0.612485
0.0413385
0.123972
0.206473
0.288747
0.370686
0.452156
0.532974
0.612854
0.691298
0.767354
0.839105
0.902648
0.950329
0.970822
0.979046
0.0433948
0.130137
0.216734
0.303085
0.389083
0.474603
0.559502
0.643589
0.726588
0.808041
0.887131
0.962394
1.03139
1.09106
1.13887
0.0454886
0.136415
0.227187
0.3177
0.40785
0.497531
0.586648
0.675134
0.762997
0.850407
0.937877
1.02661
1.11902
1.21963
1.34143
0.0476219
0.142812
0.23784
0.332599
0.426983
0.520898
0.614284
0.707165
0.799767
0.892768
0.987802
1.08839
1.20102
1.3336
1.4734
0.0497967
0.149334
0.248702
0.347788
0.44648
0.54468
0.642323
0.739442
0.836309
0.933762
1.03394
1.1419
1.26926
1.44266
1.73057
0.0520146
0.155985
0.25978
0.363279
0.466358
0.568894
0.670776
0.771944
0.872491
0.972911
1.07473
1.18207
1.30558
1.47233
1.7526
0.0542768
0.162771
0.271085
0.379091
0.486651
0.593606
0.699772
0.804927
0.908807
1.01113
1.11175
1.21113
1.31196
1.42327
1.56475
0.0565842
0.169694
0.282623
0.395242
0.5074
0.61891
0.729518
0.838841
0.946244
1.05059
1.1497
1.23929
1.31111
1.35337
1.39078
0.0589362
0.176752
0.294396
0.411741
0.528635
0.644884
0.760204
0.874134
0.985846
1.09371
1.19432
1.27992
1.33081
1.28694
0.916774
0.061331
0.183942
0.306396
0.428579
0.550354
0.671545
0.7919
0.911013
1.02816
1.14192
1.24942
1.34477
1.41637
1.4472
1.45905
0.0637649
0.191251
0.318604
0.445728
0.572513
0.698828
0.824504
0.949304
1.07285
1.1945
1.31303
1.42621
1.5303
1.62074
1.69404
0.0662326
0.198663
0.330989
0.463138
0.595032
0.726596
0.857763
0.988508
1.11891
1.24927
1.3804
1.51406
1.65376
1.80627
1.99083
0.0687276
0.206158
0.343516
0.48075
0.617814
0.754678
0.891358
1.028
1.16503
1.30355
1.44606
1.5978
1.76839
1.96964
2.1831
0.0712429
0.213715
0.356145
0.498505
0.640768
0.782927
0.925026
1.06725
1.21015
1.35509
1.50536
1.66854
1.8618
2.12463
2.55799
0.0737711
0.22131
0.36884
0.51635
0.663826
0.811255
0.958645
1.10609
1.25389
1.40297
1.55576
1.71849
1.90696
2.16129
2.58574
0.0763042
0.228922
0.381566
0.534243
0.686947
0.839645
0.99227
1.1447
1.29678
1.44832
1.59931
1.75066
1.90644
2.07992
2.29868
0.0788339
0.236525
0.394284
0.552141
0.710102
0.868122
1.02606
1.18361
1.34008
1.49407
1.64267
1.77984
1.89367
1.96718
2.03661
0.0813501
0.244091
0.406949
0.569989
0.733244
0.896687
1.06017
1.2233
1.38514
1.54361
1.69402
1.82532
1.90894
1.85737
1.33183
0.0838409
0.251583
0.419504
0.587709
0.756283
0.925257
1.09456
1.26391
1.43256
1.59877
1.75868
1.90399
2.01813
2.07676
2.11189
0.0862925
0.25896
0.431875
0.605195
0.779071
0.95363
1.12896
1.30505
1.4817
1.65834
1.83353
2.00438
2.16592
2.31256
2.44231
0.0886894
0.266174
0.443978
0.622316
0.801411
0.981501
1.16286
1.34582
1.53089
1.71892
1.91143
2.11133
2.32409
2.56016
2.84772
0.0910152
0.273174
0.455723
0.63893
0.823085
1.00852
1.19567
1.38516
1.57806
1.77642
1.98424
2.20943
2.46613
2.77208
3.10455
0.093254
0.279912
0.467023
0.654903
0.843893
1.03439
1.22689
1.42216
1.62148
1.82736
2.04502
2.2857
2.57401
2.96565
3.60073
0.095391
0.286342
0.477802
0.670123
0.863679
1.05888
1.25623
1.45637
1.66036
1.87016
2.08987
2.32897
2.61017
2.99024
3.61735
0.0974132
0.292425
0.487994
0.684502
0.882342
1.08192
1.28364
1.48794
1.69525
1.90608
2.1213
2.34306
2.57773
2.84334
3.17192
0.099309
0.298126
0.497545
0.697973
0.899819
1.10348
1.3093
1.51745
1.72771
1.93898
2.14823
2.34825
2.52385
2.65277
2.7852
0.101068
0.303417
0.506406
0.710472
0.916055
1.12358
1.33336
1.54551
1.75948
1.97331
2.1816
2.37047
2.50239
2.45984
1.78386
0.102682
0.308268
0.514529
0.721932
0.930965
1.14211
1.35582
1.57232
1.79137
2.01149
2.22848
2.43231
2.6021
2.70686
2.7907
0.104142
0.312655
0.521867
0.732275
0.944421
1.1589
1.37634
1.59739
1.82254
2.05187
2.28453
2.51785
2.74699
2.96844
3.19147
0.105444
0.316562
0.528382
0.741422
0.956273
1.17364
1.39439
1.61963
1.85081
2.08996
2.34014
2.60634
2.89726
3.22898
3.63945
0.106589
0.319986
0.534059
0.749322
0.966391
1.18605
1.40935
1.63776
1.87356
2.1204
2.38464
2.6777
3.01921
3.43487
3.90813
0.107582
0.322943
0.538915
0.755976
0.974723
1.19595
1.42076
1.65079
1.88866
2.13876
2.40914
2.71547
3.0897
3.60081
4.41427
0.10844
0.32548
0.543022
0.761469
0.981346
1.20337
1.42855
1.6584
1.89527
2.14304
2.40871
2.70611
3.06516
3.55682
4.36775
0.109188
0.327672
0.546503
0.765976
0.986489
1.2086
1.43312
1.66115
1.89432
2.13489
2.38626
2.65398
2.94855
3.29114
3.70219
0.10986
0.329626
0.549544
0.769766
0.990529
1.21218
1.43524
1.66035
1.88823
2.11926
2.35248
2.58323
2.7986
2.97796
3.18215
0.110501
0.331475
0.552375
0.773187
0.993953
1.2148
1.43594
1.65764
1.87996
2.1021
2.32044
2.52318
2.67366
2.64757
1.94169
0.111162
0.333378
0.555271
0.776642
0.997328
1.21722
1.43627
1.6545
1.87183
2.08758
2.29922
2.49946
2.67134
2.78927
2.90784
0.1119
0.335506
0.558529
0.780577
1.00126
1.22021
1.43717
1.65199
1.86479
2.07592
2.28592
2.49546
2.70648
2.93053
3.21851
0.112771
0.338038
0.562466
0.78546
1.00639
1.22461
1.43955
1.65089
1.8589
2.06503
2.27295
2.49043
2.73258
3.02739
3.42285
0.113834
0.341152
0.567399
0.791779
1.0134
1.23128
1.44443
1.6521
1.85432
2.05289
2.25335
2.46827
2.72211
3.05436
3.49902
0.115138
0.34501
0.573625
0.800012
1.02301
1.24123
1.4531
1.6571
1.85226
2.03943
2.22369
2.41907
2.65718
3.00327
3.58698
0.116723
0.349738
0.581397
0.810596
1.03593
1.25557
1.46724
1.66823
1.85575
2.02798
2.18631
2.3402
2.51725
2.78715
3.34196
0.118608
0.355406
0.590874
0.823859
1.05278
1.27545
1.48879
1.68868
1.86985
2.02618
2.152
2.24522
2.31283
2.37317
2.40359
0.120781
0.361994
0.602069
0.83993
1.07398
1.30178
1.51967
1.72213
1.90118
2.04554
2.14032
2.16803
2.11346
1.97995
1.86026
0.123195
0.369368
0.614793
0.858637
1.09949
1.33499
1.56122
1.77182
1.95657
2.09932
2.17521
2.14796
1.96891
1.57712
0.853079
0.125758
0.377254
0.628604
0.879402
1.1287
1.3746
1.6136
1.83943
2.04111
2.1995
2.28173
2.23329
1.97209
1.40499
0.527906
0.128332
0.385234
0.642786
0.901191
1.16024
1.41898
1.67508
1.92379
2.1557
2.35258
2.47899
2.46635
2.18771
1.44808
0.187952
0.130739
0.392755
0.656359
0.922509
1.19197
1.46514
1.74168
2.01978
2.2946
2.55461
2.77282
2.88413
2.72344
1.85257
-0.904956
0.132769
0.399165
0.668149
0.941503
1.2211
1.50893
1.80715
2.11803
2.44378
2.78567
3.14093
3.49079
3.75225
3.56715
1.32065
0.134201
0.403767
0.676885
0.956134
1.24447
1.54546
1.86379
2.20594
2.58176
3.0075
3.51286
4.15889
5.091
6.71278
10.3112
10.1097
6.38181
4.74561
3.82817
3.2065
2.72923
2.33303
1.98726
1.67518
1.3867
1.11522
0.856045
0.605641
0.361125
0.120005
0.703779
3.11036
3.35193
3.12705
2.81066
2.48865
2.17993
1.88706
1.60857
1.34217
1.08558
0.836698
0.593619
0.354582
0.117931
-1.57545
1.34244
2.28205
2.48938
2.41868
2.23882
2.01583
1.77686
1.53354
1.2908
1.05056
0.813301
0.578772
0.346371
0.115306
-0.248411
0.948248
1.72059
2.04473
2.10248
2.01898
1.86281
1.66968
1.45808
1.23767
1.01345
0.787981
0.562431
0.337224
0.112363
-0.0974131
0.848636
1.47032
1.78505
1.88435
1.8496
1.73547
1.57531
1.38873
1.18714
0.97719
0.762693
0.545836
0.327828
0.109322
0.186074
0.974214
1.43317
1.67494
1.75933
1.73533
1.64008
1.49926
1.32976
1.14241
0.944057
0.739025
0.530026
0.31877
0.106373
1.10544
1.32835
1.54682
1.6741
1.70956
1.67055
1.57632
1.4431
1.28316
1.10528
0.915543
0.718098
0.515771
0.310499
0.103663
1.6016
1.68555
1.72379
1.73701
1.71149
1.64412
1.53963
1.40549
1.24901
1.07638
0.892362
0.700548
0.503553
0.303309
0.101291
2.46017
2.07447
1.91814
1.8268
1.74248
1.64345
1.52353
1.38336
1.22607
1.05535
0.874588
0.686585
0.493583
0.297349
0.0993095
2.72064
2.3041
2.06734
1.91171
1.78369
1.65728
1.5215
1.3731
1.21244
1.0413
0.861831
0.676087
0.485854
0.292639
0.0977296
2.76621
2.40887
2.16019
1.97743
1.82378
1.6776
1.52821
1.37136
1.20608
1.03302
0.853426
0.668703
0.480192
0.289105
0.0965304
2.7582
2.43819
2.20724
2.02293
1.85868
1.70013
1.54012
1.37545
1.20512
1.02927
0.848578
0.663945
0.476315
0.286603
0.0956683
2.65955
2.40566
2.2219
2.05449
1.8896
1.72368
1.55525
1.38347
1.208
1.02888
0.846466
0.661267
0.473884
0.284948
0.0950852
2.42975
2.32442
2.22521
2.08429
1.92125
1.74897
1.57269
1.39405
1.2134
1.03079
0.846287
0.660103
0.472532
0.283937
0.0947156
1.64647
2.23893
2.25748
2.12947
1.95932
1.77704
1.59178
1.40603
1.22017
1.034
0.847279
0.659905
0.471892
0.28336
0.0944919
2.73852
2.55201
2.39153
2.20393
2.00581
1.80718
1.6112
1.4181
1.22716
1.03759
0.848729
0.660152
0.471615
0.283017
0.0943488
3.20668
2.84702
2.54442
2.28572
2.05267
1.83547
1.62863
1.42866
1.23322
1.04069
0.849988
0.660373
0.471382
0.282725
0.0942263
3.82141
3.10241
2.66685
2.34973
2.08853
1.85658
1.64128
1.43608
1.23726
1.04254
0.850495
0.660167
0.470921
0.282325
0.0940725
3.88014
3.16101
2.70704
2.37492
2.10409
1.86614
1.64694
1.43909
1.23845
1.04255
0.849818
0.659215
0.470012
0.281688
0.093845
3.46457
3.03548
2.66264
2.35759
2.09684
1.86268
1.64472
1.43709
1.23636
1.04036
0.847673
0.657297
0.468499
0.28072
0.0935121
3.24276
2.87095
2.57117
2.30953
2.07115
1.84798
1.63534
1.43033
1.23099
1.03589
0.843936
0.654292
0.466284
0.279359
0.0930528
2.86692
2.65641
2.45324
2.24536
2.03493
1.82597
1.62067
1.41966
1.2227
1.02924
0.838608
0.650162
0.463322
0.277573
0.0924554
2.51767
2.43682
2.33862
2.18299
1.9977
1.80143
1.60304
1.40617
1.212
1.02065
0.831776
0.644928
0.45961
0.275352
0.091716
1.6199
2.22933
2.2639
2.14128
1.96814
1.77837
1.58438
1.39083
1.19937
1.01034
0.823556
0.638643
0.455169
0.272705
0.0908363
2.54879
2.42108
2.29837
2.13471
1.95014
1.75828
1.56541
1.37407
1.18508
0.998495
0.814053
0.63137
0.450037
0.26965
0.0898219
2.91372
2.60941
2.36132
2.1427
1.93725
1.7389
1.54539
1.35569
1.16914
0.985184
0.803346
0.623175
0.444258
0.266213
0.0886812
3.3442
2.75875
2.40384
2.14162
1.91947
1.71618
1.52275
1.33516
1.15141
0.970427
0.791501
0.614123
0.437884
0.262426
0.0874249
3.33945
2.74806
2.38203
2.11276
1.88864
1.68663
1.49609
1.31197
1.1318
0.954265
0.7786
0.604297
0.430977
0.258327
0.0860662
2.897
2.58093
2.29307
2.05263
1.84249
1.64914
1.46498
1.28607
1.11038
0.936829
0.764774
0.593805
0.423619
0.253964
0.0846207
2.6673
2.39429
2.17124
1.97151
1.78471
1.6053
1.43026
1.25797
1.08752
0.918379
0.750216
0.582787
0.415902
0.249393
0.0831066
2.30141
2.173
2.03326
1.88148
1.72184
1.55844
1.39366
1.22862
1.06377
0.89928
0.735171
0.571411
0.407938
0.244676
0.0815441
1.99603
1.95963
1.90369
1.79699
1.66162
1.51258
1.35727
1.19916
1.03981
0.879945
0.71991
0.559855
0.399839
0.239876
0.0799539
1.26308
1.7599
1.80942
1.73248
1.61095
1.47108
1.32287
1.17059
1.01623
0.860761
0.704689
0.548291
0.391718
0.235057
0.0783562
1.93945
1.87086
1.80301
1.69901
1.57307
1.43541
1.29131
1.1435
0.993459
0.842027
0.689722
0.536868
0.383673
0.230275
0.0767692
2.18973
1.98136
1.82175
1.68087
1.54338
1.40424
1.26237
1.11801
0.971687
0.823932
0.675165
0.525705
0.375784
0.225575
0.0752084
2.45861
2.05808
1.82753
1.66044
1.51489
1.37499
1.2352
1.09391
0.950949
0.806574
0.661119
0.514883
0.368111
0.220994
0.0736853
2.42001
2.01683
1.7893
1.62514
1.48254
1.34572
1.20909
1.07101
0.931234
0.790004
0.647644
0.504457
0.360695
0.216557
0.0722082
2.02217
1.85369
1.70714
1.57495
1.44621
1.31634
1.18404
1.04932
0.912571
0.774255
0.634775
0.494456
0.353556
0.212276
0.0707815
1.73268
1.67538
1.61507
1.52246
1.41072
1.28867
1.16071
1.02908
0.895041
0.759354
0.62252
0.484884
0.346698
0.208153
0.0694062
1.07227
1.49924
1.54551
1.48334
1.38245
1.26515
1.13997
1.01056
0.878697
0.745289
0.610855
0.475721
0.340108
0.204182
0.0680799
1.60467
1.58756
1.5513
1.4712
1.36562
1.24715
1.12218
0.993791
0.863472
0.731977
0.599712
0.466917
0.333753
0.200346
0.0667971
1.79671
1.68925
1.58759
1.47685
1.35782
1.23371
1.10681
0.978402
0.849108
0.719244
0.588973
0.458396
0.327588
0.196618
0.0655501
1.97785
1.78702
1.63023
1.48839
1.3536
1.22223
1.09254
0.963671
0.835187
0.706836
0.578483
0.450063
0.321556
0.19297
0.0643295
2.08576
1.86124
1.66258
1.49515
1.3471
1.20963
1.07772
0.948722
0.821222
0.694474
0.568077
0.44182
0.315599
0.189371
0.0631259
2.29373
1.91761
1.67331
1.48857
1.33333
1.1932
1.06093
0.932778
0.806783
0.681913
0.557612
0.433582
0.309669
0.185796
0.0619315
2.25962
1.88254
1.64277
1.46163
1.30914
1.17138
1.04133
0.915382
0.791613
0.669004
0.546998
0.425295
0.303732
0.182227
0.0607407
1.93672
1.75222
1.57161
1.41491
1.2748
1.14424
1.01894
0.896523
0.77569
0.655722
0.536214
0.416941
0.297777
0.178657
0.0595512
1.77653
1.61932
1.48395
1.35678
1.2339
1.1135
0.994594
0.876617
0.75922
0.642168
0.525309
0.408543
0.291813
0.17509
0.0583641
1.5376
1.47136
1.39068
1.29577
1.19135
1.08177
0.969649
0.856364
0.742564
0.628531
0.514379
0.400152
0.285867
0.171539
0.0571829
1.33872
1.33353
1.3074
1.24147
1.15246
1.05184
0.94556
0.836523
0.726125
0.615027
0.503545
0.391834
0.279975
0.168021
0.056013
0.861267
1.21036
1.25184
1.20333
1.1217
1.02589
0.923431
0.817681
0.710226
0.601841
0.492914
0.383651
0.274172
0.164555
0.05486
1.33765
1.30092
1.25882
1.18831
1.10088
1.00461
0.903633
0.800076
0.69503
0.589082
0.482558
0.375652
0.268489
0.161157
0.0537292
1.52702
1.39531
1.28561
1.18515
1.0863
0.986631
0.885678
0.783559
0.680517
0.576775
0.472513
0.367867
0.262946
0.157839
0.0526246
1.75837
1.47452
1.30608
1.18101
1.07236
0.969605
0.868583
0.767738
0.666545
0.564882
0.462777
0.360306
0.257556
0.15461
0.0515492
1.76266
1.4737
1.29653
1.16559
1.05443
0.951428
0.851418
0.752215
0.652956
0.553348
0.453341
0.352975
0.252326
0.151475
0.0505049
1.54938
1.39536
1.25498
1.13654
1.03093
0.931229
0.833746
0.736789
0.639666
0.542145
0.444197
0.345876
0.247261
0.148438
0.0494928
1.44049
1.30768
1.19828
1.09872
1.00341
0.909541
0.815763
0.721539
0.626712
0.531292
0.435359
0.339016
0.242364
0.145501
0.0485137
1.26998
1.20386
1.13485
1.05806
0.974974
0.887836
0.798142
0.706768
0.614229
0.520849
0.426851
0.332405
0.23764
0.142664
0.0475676
1.11491
1.10214
1.07694
1.0219
0.949426
0.867955
0.781739
0.692865
0.60239
0.510889
0.418702
0.32605
0.233087
0.139925
0.0466535
0.722807
1.00917
1.03984
0.997968
0.930213
0.851418
0.767233
0.680131
0.591324
0.50146
0.410922
0.319948
0.228697
0.137278
0.0457687
1.13581
1.09386
1.05319
0.992145
0.918755
0.83868
0.754804
0.668641
0.58105
0.492555
0.40349
0.314075
0.22445
0.134708
0.0449085
1.29923
1.17777
1.08077
0.995024
0.912034
0.828641
0.744018
0.6582
0.571463
0.4841
0.39635
0.308383
0.22031
0.132194
0.0440652
1.49525
1.24481
1.10061
0.996117
0.905683
0.819515
0.73412
0.648458
0.562372
0.47597
0.389406
0.302801
0.216225
0.129703
0.0432284
1.49024
1.23821
1.09298
0.987572
0.896455
0.809911
0.724465
0.639074
0.55356
0.468009
0.382539
0.297235
0.212127
0.127195
0.0423842
1.27839
1.15754
1.05781
0.969222
0.88413
0.799596
0.714829
0.629837
0.544838
0.460046
0.375604
0.291571
0.207933
0.124619
0.0415154
1.10992
1.06231
1.01502
0.948578
0.871499
0.789494
0.705404
0.620666
0.536034
0.451899
0.368433
0.285669
0.203541
0.121912
0.0406011
0.699974
0.966995
0.985606
0.935457
0.862374
0.780891
0.696482
0.611482
0.526948
0.443343
0.360823
0.279364
0.198828
0.119
0.0396163
1.07685
1.04429
1.00403
0.938398
0.859169
0.774369
0.688022
0.602035
0.517279
0.434091
0.352524
0.272455
0.193649
0.115795
0.0385317
1.21902
1.12705
1.04014
0.950923
0.859925
0.768976
0.679362
0.591794
0.506581
0.423771
0.343233
0.264706
0.187836
0.112196
0.0373134
1.36521
1.20641
1.07796
0.964829
0.860744
0.762711
0.669335
0.579976
0.494276
0.411931
0.332593
0.255845
0.181194
0.108087
0.0359228
1.44859
1.26483
1.10524
0.972595
0.857463
0.753275
0.656573
0.565676
0.479703
0.398059
0.320204
0.245565
0.173507
0.103337
0.0343167
1.60232
1.3066
1.11392
0.968338
0.84668
0.738702
0.639837
0.548019
0.462185
0.381611
0.305629
0.233531
0.164536
0.0978039
0.0324474
1.57356
1.27693
1.09001
0.9476
0.826488
0.71786
0.618267
0.526269
0.441077
0.36203
0.288406
0.219378
0.15402
0.0913311
0.0302626
1.32303
1.17121
1.03532
0.912197
0.797709
0.690798
0.59148
0.499854
0.415764
0.338741
0.26804
0.202714
0.141675
0.0837487
0.0277059
1.1354
1.05455
0.971883
0.870934
0.763752
0.658518
0.559405
0.468266
0.385607
0.311117
0.243988
0.183109
0.127196
0.0748732
0.0247164
0.700798
0.939286
0.921234
0.834131
0.728527
0.622039
0.521845
0.430849
0.349837
0.278438
0.215643
0.160092
0.11025
0.0645085
0.0212291
1.07397
1.00228
0.91862
0.810306
0.694
0.581241
0.47795
0.386559
0.30745
0.23984
0.182314
0.133146
0.0904832
0.0524486
0.0171768
1.21432
1.07369
0.933213
0.792159
0.657099
0.533919
0.425842
0.333795
0.257137
0.194295
0.143228
0.101717
0.0675274
0.038485
0.0124918
1.36462
1.1451
0.948294
0.769985
0.612041
0.476164
0.362653
0.270402
0.197286
0.140625
0.0975512
0.0652395
0.0410222
0.0224185
0.00711071
1.46225
1.20087
0.950618
0.733798
0.551751
0.402934
0.284753
0.193776
0.126064
0.0775721
0.044445
0.0231755
0.010643
0.00407772
0.000980161
1.67186
1.24904
0.929821
0.673584
0.468472
0.308486
0.188014
0.101049
0.0415509
0.00390026
-0.016852
-0.0249219
-0.023856
-0.0166571
-0.00593522
1.68904
1.22536
0.865394
0.577984
0.353937
0.186652
0.0680602
-0.0106972
-0.0580787
-0.0814562
-0.0869135
-0.0793302
-0.0625904
-0.0398244
-0.0136434
1.56597
1.12978
0.750687
0.438492
0.200056
0.0310542
-0.0795075
-0.144178
-0.174324
-0.179208
-0.165989
-0.140065
-0.105487
-0.0653496
-0.0221147
1.41236
0.994658
0.589624
0.247893
-0.00196905
-0.165078
-0.258897
-0.301582
-0.308058
-0.289483
-0.253848
-0.206776
-0.152221
-0.0930127
-0.0312719
1.00202
0.850848
0.384681
-0.00639277
-0.264162
-0.409281
-0.473748
-0.484082
-0.459138
-0.411558
-0.34961
-0.278654
-0.202165
-0.122421
-0.0409822
2.0884
0.925873
0.127663
-0.353146
-0.604506
-0.709438
-0.726146
-0.691032
-0.625889
-0.543564
-0.451588
-0.354345
-0.254346
-0.152995
-0.0510528
2.61187
0.747992
-0.349702
-0.85914
-1.04646
-1.07081
-1.01448
-0.918788
-0.804525
-0.68223
-0.557188
-0.43192
-0.307447
-0.183968
-0.0612325
3.78656
0.0381207
-1.2355
-1.58874
-1.60152
-1.48815
-1.33011
-1.15939
-0.988693
-0.822761
-0.66291
-0.508914
-0.359837
-0.214412
-0.0712207
0.690948
-2.39029
-2.76037
-2.55467
-2.2441
-1.93646
-1.65449
-1.39994
-1.16951
-0.959029
-0.764532
-0.582467
-0.409673
-0.243295
-0.080684
-11.4378
-6.70137
-4.68501
-3.59334
-2.88459
-2.3669
-1.95978
-1.62368
-1.33642
-1.08416
-0.857489
-0.649556
-0.455036
-0.269549
-0.0892807
0.134781
0.405789
0.681236
0.964428
1.25928
1.57075
1.9056
2.27369
2.69052
3.18244
3.79813
4.63705
5.92834
8.2769
13.5206
0.13407
0.403872
0.678782
0.962629
1.25997
1.5766
1.92035
2.30244
2.73978
3.25906
3.90395
4.74689
5.90305
7.50949
9.4314
0.131691
0.396831
0.667365
0.947296
1.24132
1.55528
1.89674
2.27596
2.70718
3.21017
3.81158
4.54305
5.42734
6.4253
7.27812
0.12755
0.384384
0.64652
0.917825
1.20271
1.5064
1.83534
2.19754
2.60287
3.06291
3.58898
4.18625
4.83955
5.48592
5.97299
0.121669
0.366619
0.616477
0.874735
1.14523
1.43225
1.74071
2.07604
2.44399
2.84957
3.29457
3.77236
4.25948
4.70663
5.03518
0.114167
0.343925
0.577996
0.819362
1.07115
1.33664
1.61919
1.92203
2.24771
2.59702
2.96701
3.34764
3.71794
4.04448
4.28557
0.105231
0.316898
0.532184
0.753515
0.983307
1.22389
1.47737
1.74528
2.02809
2.32432
2.62925
2.93314
3.21981
3.46737
3.65227
0.0950858
0.286233
0.480295
0.679159
0.884601
1.09818
1.32103
1.55361
1.7952
2.04335
2.29314
2.53638
2.76126
2.95347
3.09893
0.0839596
0.25264
0.423578
0.598184
0.777702
0.963096
1.15487
1.35281
1.55568
1.76085
1.96389
2.15834
2.33579
2.4868
2.60262
0.0720682
0.216777
0.36317
0.512261
0.664882
0.821571
0.982434
1.14695
1.31375
1.4804
1.64325
1.79741
1.93692
2.05551
2.14763
0.0596013
0.179218
0.300044
0.42278
0.547953
0.675824
0.806284
0.938714
1.07185
1.20364
1.33126
1.45108
1.55896
1.65073
1.72278
0.0467184
0.140441
0.234994
0.330839
0.428291
0.527449
0.628118
0.729717
0.8312
0.930989
1.02698
1.11661
1.19707
1.2656
1.31987
0.0335493
0.100832
0.168647
0.237278
0.306899
0.37753
0.448976
0.520781
0.592173
0.662042
0.728952
0.791211
0.847
0.894576
0.932504
0.0201968
0.0606931
0.101484
0.14272
0.184488
0.226777
0.269453
0.312225
0.354626
0.396001
0.435516
0.472208
0.505057
0.533102
0.555566
-32279.4
-32238.2
-32197
-32155.8
-32114.8
-32073.9
-32033.2
-31992.6
-31952.3
-31912.2
-31872.3
-31832.8
-31793.6
-31754.7
-31716.2
17.4366
-9.46143
25.907
-0.587532
25.6487
4.40256
-16.99
10.0585
-17.3611
24.8607
-3.05405
24.9273
0.813618
23.3973
4.43484
-14.4999
9.0609
-14.7729
21.2952
-2.29743
20.8379
2.58196
-15.3243
5.81717
-16.2564
8.738
-16.1844
21.0361
-2.98007
20.2468
1.9366
-15.9123
5.02541
-16.8487
7.7299
-16.9219
19.6911
-4.10396
18.7679
0.508455
-17.398
3.38782
-18.8396
6.10865
-19.4703
19.0113
-6.50244
18.5195
-3.41428
16.6781
-0.677535
-18.1096
3.02345
-19.1416
13.9783
-8.30832
13.2562
-4.42708
-22.0744
-1.85872
-24.2023
0.792205
-25.2221
13.7114
-12.1343
13.1656
-7.29726
-27.767
-3.92029
-30.0232
-0.299631
-30.8884
15.6044
-14.913
15.6546
-8.53479
-32.7766
-3.71653
-34.7448
1.55033
-34.7753
21.4963
-14.5185
22.4658
-5.62039
-33.4439
2.18029
-32.328
14.7708
-19.6012
9.41786
5.31878
10.5661
7.38329
10.1422
4.6251
-0.768649
2.5404
0.231993
8.0068
5.99821
10.4291
7.33494
9.48725
4.40983
-0.525645
2.1719
-0.0694376
6.27593
4.09157
6.7962
2.0948
-2.73022
-0.743279
-3.63413
0.251235
-1.615
5.19502
3.13872
5.94433
1.28883
-3.5083
-1.54988
-4.43696
-0.649868
-2.54316
4.10973
2.01179
4.71079
0.0149276
-4.82782
-2.93176
-5.877
-2.00043
-3.86082
3.33349
1.49278
5.393
2.46698
4.22674
-0.55681
-5.23784
-3.01253
-5.29994
0.330434
-1.96992
0.306215
-4.47077
-9.40068
-7.75444
-10.9008
-7.20946
-9.34892
-2.39235
-4.79567
-1.91357
-7.28236
-12.8454
-10.721
-14.2164
-9.63898
-11.9423
-3.43786
-6.04539
-2.31993
-8.45701
-14.8111
-11.9055
-15.7411
-9.82212
-12.181
-1.54322
-4.20341
0.734933
-5.99812
-12.8969
-8.74
-12.5208
-5.23225
-10.3077
7.28308
6.63902
7.3632
6.79688
6.55193
4.66877
2.9195
3.11008
3.30393
5.23939
5.77605
6.76553
6.29973
5.98639
4.17878
2.45542
2.39319
2.2675
3.53769
3.43869
3.41744
1.7839
0.0529308
-0.281464
-0.771392
0.0450175
0.45885
2.11966
2.25465
2.38417
0.843337
-0.833968
-1.14928
-1.63772
-0.851453
-0.472467
1.12807
1.21846
1.30093
-0.268497
-1.9629
-2.2812
-2.73916
-1.84943
-1.29135
0.66521
1.22002
2.09547
1.59978
1.19693
-0.584538
-2.31206
-2.55092
-2.86064
-1.89772
-2.22229
-2.48778
-4.29479
-6.19726
-6.7493
-7.44606
-6.81514
-6.57438
-5.01812
-5.06835
-5.1116
-6.98791
-8.99412
-9.42925
-10.0346
-9.07017
-8.55943
-6.47882
-6.29726
-6.09232
-8.06677
-10.1793
-10.3871
-10.7838
-9.27428
-8.30196
-5.43339
-4.82997
-4.18891
-6.13703
-8.26974
-8.22977
-8.65353
-7.43088
-8.09554
6.08325
5.99034
6.01997
5.74911
5.3221
4.52107
3.81578
3.67655
3.86955
4.4878
4.90346
5.19912
5.0466
4.63894
3.82807
3.04617
2.70759
2.59612
2.77283
2.6756
2.36216
1.61505
0.826794
0.406093
0.211992
0.420282
0.738806
1.24327
1.38018
1.23107
0.596081
-0.119214
-0.497705
-0.672445
-0.464905
-0.159214
0.322617
0.438114
0.271352
-0.370432
-1.07812
-1.42808
-1.54065
-1.21949
-0.734426
0.0167588
0.486814
0.773669
0.600101
0.15355
-0.688783
-1.52886
-1.98616
-2.25295
-2.27087
-2.55875
-3.06105
-3.98041
-4.93763
-5.53493
-5.90244
-5.85822
-5.69349
-5.32981
-5.35046
-5.66936
-6.50581
-7.40463
-7.89188
-8.11271
-7.84764
-7.43676
-6.7847
-6.58242
-6.72603
-7.47729
-8.29021
-8.59631
-8.57127
-7.95259
-7.1533
-6.06148
-5.51056
-5.38412
-6.00994
-6.7711
-7.05159
-7.15686
-6.91165
-6.88955
5.16205
5.16573
5.10993
4.92659
4.63123
4.2359
3.8974
3.76508
3.8233
4.0284
4.20415
4.2785
4.16128
3.87249
3.43607
2.99898
2.69542
2.51019
2.40289
2.22429
1.93174
1.50588
1.07178
0.767756
0.616339
0.637207
0.751399
0.896537
0.917966
0.77802
0.46484
0.110906
-0.13918
-0.25732
-0.219383
-0.0992903
0.0450114
0.0645677
-0.0738389
-0.377127
-0.708148
-0.916503
-0.966437
-0.825306
-0.56047
-0.22661
0.017691
0.115179
-0.00613594
-0.319561
-0.795964
-1.29658
-1.69549
-2.00337
-2.25501
-2.58615
-3.03343
-3.61125
-4.19604
-4.65122
-4.95151
-5.07465
-5.0989
-5.08785
-5.20285
-5.48162
-5.93364
-6.40761
-6.73799
-6.89037
-6.83491
-6.66126
-6.44274
-6.3693
-6.48451
-6.79884
-7.13073
-7.28221
-7.21346
-6.89087
-6.42574
-5.91054
-5.57975
-5.4959
-5.68782
-5.96449
-6.12557
-6.16477
-6.07099
-5.94179
4.39938
4.42438
4.38105
4.26277
4.08156
3.86609
3.67917
3.57622
3.56246
3.60812
3.64762
3.63047
3.51967
3.31523
3.04159
2.75599
2.5093
2.30845
2.13204
1.93341
1.68967
1.40491
1.12581
0.906
0.768936
0.716097
0.715789
0.724319
0.684532
0.570858
0.388754
0.188006
0.0259152
-0.0703044
-0.0954799
-0.0774793
-0.0561644
-0.0846451
-0.184647
-0.34686
-0.517686
-0.63583
-0.670019
-0.611825
-0.48836
-0.343377
-0.242289
-0.230432
-0.337836
-0.559982
-0.87019
-1.21257
-1.53766
-1.83646
-2.1263
-2.44781
-2.8193
-3.23342
-3.64234
-3.99174
-4.25676
-4.43453
-4.55609
-4.6653
-4.82022
-5.04514
-5.33054
-5.61795
-5.84097
-5.96778
-5.99276
-5.95074
-5.89218
-5.88478
-5.95646
-6.09524
-6.23114
-6.28531
-6.22116
-6.03437
-5.77021
-5.49395
-5.29322
-5.21045
-5.24349
-5.32415
-5.37493
-5.36402
-5.2812
-5.13929
3.74903
3.78071
3.75934
3.68882
3.58044
3.45436
3.33918
3.25808
3.21515
3.19577
3.17171
3.11635
3.0119
2.85663
2.6633
2.45595
2.25611
2.07047
1.89212
1.70642
1.50557
1.29469
1.09334
0.923999
0.799149
0.718243
0.666359
0.620585
0.556402
0.461149
0.338442
0.20838
0.0951163
0.0133967
-0.0347392
-0.0614067
-0.0865907
-0.131812
-0.206796
-0.305092
-0.403957
-0.476888
-0.507416
-0.493076
-0.447928
-0.397588
-0.374398
-0.404907
-0.504894
-0.674144
-0.898613
-1.15393
-1.41813
-1.68287
-1.95238
-2.23791
-2.54412
-2.86345
-3.17468
-3.45406
-3.68789
-3.87559
-4.03124
-4.1771
-4.33695
-4.52173
-4.72466
-4.92114
-5.08259
-5.19186
-5.24714
-5.26402
-5.26795
-5.28638
-5.33174
-5.39575
-5.44919
-5.45874
-5.40536
-5.28918
-5.132
-4.96846
-4.83669
-4.75811
-4.73044
-4.72667
-4.71298
-4.66669
-4.57639
-4.43931
3.18054
3.2142
3.20926
3.17028
3.10574
3.02795
2.95114
2.88604
2.83499
2.79127
2.742
2.67403
2.5785
2.45399
2.30639
2.14629
1.98366
1.8232
1.66402
1.50246
1.33716
1.172
1.01602
0.879174
0.767327
0.679837
0.609366
0.54459
0.474233
0.392183
0.299913
0.205742
0.12006
0.049894
-0.00376677
-0.0463354
-0.0870478
-0.135033
-0.194311
-0.261474
-0.326563
-0.378026
-0.408459
-0.417749
-0.414041
-0.411791
-0.428281
-0.478465
-0.571377
-0.707981
-0.881825
-1.08176
-1.29706
-1.52169
-1.7547
-1.99755
-2.24943
-2.50454
-2.75229
-2.98143
-3.1849
-3.3623
-3.51996
-3.66828
-3.81736
-3.97173
-4.1277
-4.27437
-4.39902
-4.49334
-4.55651
-4.59563
-4.62255
-4.64893
-4.67994
-4.71124
-4.73023
-4.72261
-4.67981
-4.60285
-4.5028
-4.39706
-4.30343
-4.23233
-4.18285
-4.14337
-4.09785
-4.03265
-3.93883
-3.81185
2.67117
2.7041
2.70903
2.68946
2.65105
2.60114
2.54724
2.49485
2.44537
2.39586
2.34037
2.27255
2.188
2.08583
1.96869
1.84153
1.70935
1.57536
1.44063
1.30517
1.16983
1.03739
0.912442
0.799651
0.701733
0.618224
0.545473
0.477928
0.410192
0.339213
0.265391
0.192137
0.123901
0.0638518
0.012448
-0.032734
-0.075845
-0.120824
-0.169325
-0.219723
-0.267701
-0.308387
-0.338915
-0.360129
-0.377071
-0.398046
-0.432706
-0.489578
-0.574057
-0.687334
-0.826641
-0.986666
-1.16175
-1.3477
-1.54213
-1.74349
-1.94939
-2.15556
-2.3561
-2.54515
-2.71892
-2.87686
-3.02165
-3.15784
-3.28971
-3.41898
-3.54371
-3.65891
-3.75876
-3.83934
-3.9002
-3.94451
-3.97763
-4.00457
-4.02745
-4.04422
-4.04941
-4.03693
-4.0033
-3.9496
-3.88163
-3.80811
-3.73763
-3.67528
-3.62077
-3.56869
-3.51096
-3.43971
-3.34896
-3.23506
2.20446
2.23468
2.24445
2.23615
2.21339
2.18049
2.14167
2.09995
2.05632
2.00957
1.95703
1.8957
1.82343
1.73977
1.64599
1.54456
1.43823
1.32918
1.21886
1.10833
0.998912
0.892612
0.791961
0.699318
0.615998
0.54173
0.474694
0.412148
0.35143
0.290941
0.230653
0.1719
0.116542
0.0659413
0.0202788
-0.0215439
-0.0613871
-0.100983
-0.141053
-0.180916
-0.218806
-0.252859
-0.282275
-0.308174
-0.333814
-0.364125
-0.404689
-0.460487
-0.534831
-0.628778
-0.741208
-0.869484
-1.01042
-1.16112
-1.3192
-1.48252
-1.64862
-1.81436
-1.97614
-2.13058
-2.27545
-2.41009
-2.53545
-2.65337
-2.76554
-2.87252
-2.97324
-3.06533
-3.14605
-3.21354
-3.26752
-3.30936
-3.34143
-3.36589
-3.38364
-3.39375
-3.39389
-3.38159
-3.35558
-3.3168
-3.26836
-3.21468
-3.16002
-3.10688
-3.05514
-3.00208
-2.94348
-2.87482
-2.79237
-2.69366
1.76866
1.79479
1.80597
1.80376
1.79039
1.76844
1.74036
1.70791
1.67183
1.63174
1.58647
1.53468
1.47538
1.40839
1.33441
1.25479
1.17112
1.08493
0.997507
0.909996
0.823624
0.73981
0.660065
0.585678
0.517345
0.454943
0.397569
0.343858
0.29246
0.242503
0.193827
0.1469
0.102456
0.0610431
0.0227033
-0.0130809
-0.047161
-0.0803307
-0.112954
-0.144818
-0.175309
-0.203877
-0.230575
-0.256464
-0.283707
-0.315315
-0.35461
-0.404568
-0.467251
-0.54348
-0.632834
-0.733943
-0.844927
-0.963792
-1.0886
-1.21744
-1.34825
-1.47875
-1.60661
-1.7297
-1.84657
-1.95658
-2.05987
-2.15707
-2.24874
-2.33496
-2.41511
-2.488
-2.55231
-2.60712
-2.65222
-2.6882
-2.71608
-2.7368
-2.75074
-2.75753
-2.75623
-2.74589
-2.7262
-2.69784
-2.66255
-2.62261
-2.58015
-2.53642
-2.49132
-2.44342
-2.39041
-2.32973
-2.25914
-2.17706
1.35525
1.37633
1.38672
1.38739
1.37969
1.36517
1.34526
1.32105
1.29307
1.26128
1.22525
1.1844
1.13834
1.08703
1.0309
0.970754
0.907577
0.842402
0.776214
0.709957
0.644588
0.581087
0.520393
0.46326
0.410093
0.360857
0.315116
0.272184
0.231367
0.192174
0.154439
0.118284
0.0839689
0.0516863
0.0214177
-0.00709755
-0.0342678
-0.0604826
-0.0859608
-0.110702
-0.134584
-0.157584
-0.180031
-0.20279
-0.227299
-0.255419
-0.289151
-0.330295
-0.380131
-0.439244
-0.507493
-0.584135
-0.668033
-0.757847
-0.852153
-0.949472
-1.04826
-1.14691
-1.24385
-1.33773
-1.42752
-1.51266
-1.593
-1.66865
-1.7397
-1.80607
-1.86736
-1.92296
-1.97219
-2.01457
-2.04998
-2.07864
-2.10097
-2.11738
-2.12807
-2.13289
-2.1315
-2.1236
-2.1092
-2.0888
-2.06336
-2.03408
-2.00205
-1.96787
-1.93146
-1.89204
-1.84833
-1.79888
-1.74237
-1.67787
0.957616
0.973012
0.981229
0.982816
0.978566
0.969369
0.956069
0.939315
0.919476
0.896631
0.870647
0.841315
0.808499
0.772245
0.73283
0.690728
0.64655
0.600963
0.554645
0.508264
0.462481
0.417937
0.375209
0.334745
0.29679
0.261353
0.228229
0.19708
0.167549
0.139363
0.112394
0.0866437
0.0621828
0.0390619
0.0172449
-0.00340728
-0.0231002
-0.0420378
-0.0603639
-0.0781499
-0.0954482
-0.112397
-0.129335
-0.146889
-0.165972
-0.18771
-0.213284
-0.243755
-0.279896
-0.322085
-0.370286
-0.424092
-0.482824
-0.545628
-0.611547
-0.679565
-0.748625
-0.817665
-0.885674
-0.95177
-1.01528
-1.07577
-1.13302
-1.18695
-1.23751
-1.28458
-1.3279
-1.36715
-1.40198
-1.43213
-1.45752
-1.47822
-1.49441
-1.50626
-1.51387
-1.5172
-1.51615
-1.51067
-1.50085
-1.48701
-1.46969
-1.44951
-1.42702
-1.40251
-1.37592
-1.34681
-1.31449
-1.27816
-1.23708
-1.19072
0.570596
0.579964
0.585178
0.586533
0.584438
0.579353
0.571719
0.561886
0.55007
0.536352
0.520713
0.503092
0.483457
0.461863
0.438467
0.413529
0.387386
0.360413
0.333001
0.305543
0.278422
0.252
0.226595
0.202448
0.179693
0.158349
0.138329
0.119478
0.101627
0.084639
0.0684334
0.0529882
0.0383118
0.0244079
0.0112468
-0.00124276
-0.0131605
-0.0246094
-0.0356753
-0.0464258
-0.0569366
-0.0673376
-0.0778642
-0.0888893
-0.100922
-0.114568
-0.130452
-0.149134
-0.171027
-0.196342
-0.225073
-0.257016
-0.291808
-0.328973
-0.367967
-0.408199
-0.44906
-0.489943
-0.530278
-0.569566
-0.607415
-0.643553
-0.677816
-0.71011
-0.740361
-0.768475
-0.794314
-0.817709
-0.838491
-0.856537
-0.871793
-0.884281
-0.894067
-0.901224
-0.905795
-0.907783
-0.907171
-0.903965
-0.898249
-0.890205
-0.880101
-0.868238
-0.85487
-0.840127
-0.823968
-0.806177
-0.786408
-0.76426
-0.739361
-0.711449
-31681.3
-31649.8
-31618.5
-31587.6
-31556.9
-31526.5
-31496.4
-31466.5
-31437
-31407.6
-31378.6
-31349.8
-31321.2
-31292.9
-31264.7
-31236.8
-31209.1
-31181.6
-31154.3
-31127.1
-31100.1
-31073.2
-31046.5
-31019.8
-30993.3
-30966.8
-30940.5
-30914.2
-30888
-30861.8
-30835.7
-30809.6
-30783.6
-30757.6
-30731.6
-30705.6
-30679.6
-30653.7
-30627.7
-30601.7
-30575.8
-30549.8
-30523.7
-30497.7
-30471.6
-30445.5
-30419.3
-30393.1
-30366.8
-30340.4
-30314
-30287.5
-30260.8
-30234.1
-30207.2
-30180.1
-30152.8
-30125.4
-30097.7
-30069.7
-30041.6
-30013.1
-29984.3
-29955.3
-29925.9
-29896.2
-29866.1
-29835.7
-29804.8
-29773.6
-29742
-29710
-29677.6
-29644.8
-29611.6
-29578
-29543.9
-29509.4
-29474.5
-29439.2
-29403.5
-29367.4
-29330.8
-29293.9
-29256.6
-29218.9
-29180.8
-29142.4
-29103.6
-29064.5
-15.4549
-8.87449
-5.95566
-4.39379
-3.42127
-2.74426
-2.23427
-1.82781
-1.49003
-1.19991
-0.943733
-0.711903
-0.49723
-0.29398
-0.0972813
-10.481
-8.11925
-6.13745
-4.73158
-3.73496
-3.00149
-2.43775
-1.98682
-1.6134
-1.29469
-1.01524
-0.764013
-0.532671
-0.314559
-0.10403
-8.05797
-6.98388
-5.74319
-4.66003
-3.7854
-3.08891
-2.52836
-2.06826
-1.682
-1.35017
-1.0585
-0.796206
-0.554859
-0.327545
-0.108303
-6.66785
-6.015
-5.19128
-4.37985
-3.65764
-3.0403
-2.51846
-2.07581
-1.69612
-1.36544
-1.07233
-0.807426
-0.562996
-0.332445
-0.109937
-5.6886
-5.21686
-4.62699
-4.01037
-3.42494
-2.8961
-2.42932
-2.02033
-1.66117
-1.34312
-1.05792
-0.798148
-0.557235
-0.329291
-0.108932
-4.90478
-4.53674
-4.08934
-3.60963
-3.13555
-2.6898
-2.28234
-1.91498
-1.58507
-1.2879
-1.01804
-0.769991
-0.538486
-0.318544
-0.105429
-4.23306
-3.93589
-3.58394
-3.20317
-2.81779
-2.44514
-2.0952
-1.77213
-1.4762
-1.20535
-0.956321
-0.725267
-0.508162
-0.30096
-0.0996657
-3.63342
-3.38976
-3.10729
-2.80127
-2.48723
-2.17772
-1.88114
-1.6021
-1.3422
-1.10096
-0.8766
-0.666577
-0.467921
-0.27746
-0.0919373
-3.08271
-2.88237
-2.65412
-2.40733
-2.15211
-1.8973
-1.64952
-1.41291
-1.18951
-0.979653
-0.782527
-0.596506
-0.419474
-0.249018
-0.0825589
-2.56608
-2.40286
-2.21945
-2.02179
-1.81653
-1.60984
-1.40669
-1.2105
-1.02324
-0.845605
-0.677332
-0.517435
-0.364444
-0.216572
-0.0718386
-2.07345
-1.94348
-1.799
-1.64382
-1.48234
-1.31881
-1.15685
-0.999129
-0.847313
-0.70218
-0.563747
-0.431446
-0.304287
-0.180983
-0.0600598
-1.59772
-1.49855
-1.3892
-1.27211
-1.15014
-1.02619
-0.902761
-0.781823
-0.664686
-0.552036
-0.444011
-0.340304
-0.240265
-0.143006
-0.0474733
-1.13368
-1.06377
-0.987125
-0.905242
-0.819924
-0.733012
-0.646161
-0.5607
-0.477558
-0.397256
-0.31995
-0.245485
-0.17346
-0.103298
-0.0343006
-0.677314
-0.635712
-0.590266
-0.541793
-0.491283
-0.439759
-0.388159
-0.337248
-0.287578
-0.239472
-0.193042
-0.14822
-0.104789
-0.0624262
-0.0207329
-29021.1
-28973.3
-28925.1
-28876.5
-28827.5
-28778.2
-28728.7
-28678.8
-28628.7
-28578.5
-28528.1
-28477.5
-28426.9
-28376.1
-28325.4
)
;

boundaryField
{
    hot
    {
        type            calculated;
        value           nonuniform List<scalar> 
120
(
32276
-0.0178447
-0.0296591
-0.0413351
-0.0527855
-0.0638924
-0.0745008
-0.0844135
-0.093393
-0.101169
-0.107459
-0.111993
-0.114551
-0.115007
-0.113353
-0.110168
-0.105928
-0.100673
-0.0946307
-0.0880384
-0.0811199
-0.0740738
-0.0670641
-0.0602167
-0.0536216
-0.0473375
-0.0413974
-0.035815
-0.0305899
-0.0257121
-0.0211652
-0.0169291
-0.0129813
-0.00929863
-0.0058578
-0.00263619
0.000387811
0.00323458
0.00592324
0.00847172
0.0108969
0.0132149
0.015441
0.0175896
0.0196746
0.0217084
0.0237026
0.0256675
0.0276126
0.0295462
0.0314767
0.0334118
0.0353589
0.0373251
0.0393166
0.0413385
0.0433948
0.0454886
0.0476219
0.0497967
0.0520146
0.0542768
0.0565842
0.0589362
0.061331
0.0637649
0.0662326
0.0687276
0.0712429
0.0737711
0.0763042
0.0788339
0.0813501
0.0838409
0.0862925
0.0886894
0.0910152
0.093254
0.095391
0.0974132
0.099309
0.101068
0.102682
0.104142
0.105444
0.106589
0.107582
0.10844
0.109188
0.10986
0.110501
0.111162
0.1119
0.112771
0.113834
0.115138
0.116723
0.118608
0.120781
0.123195
0.125758
0.128332
0.130739
0.132769
0.134201
0.134781
0.13407
0.131691
0.12755
0.121669
0.114167
0.105231
0.0950858
0.0839596
0.0720682
0.0596013
0.0467184
0.0335493
0.0201968
-32279.4
)
;
    }
    cold
    {
        type            calculated;
        value           nonuniform List<scalar> 
120
(
28321.2
0.0187538
0.0311462
0.0433574
0.0552858
0.0668032
0.0777508
0.0879398
0.0971549
0.105167
0.111753
0.116727
0.119975
0.121477
0.121335
0.120005
0.117931
0.115306
0.112363
0.109322
0.106373
0.103663
0.101291
0.0993095
0.0977296
0.0965304
0.0956683
0.0950852
0.0947156
0.0944919
0.0943488
0.0942263
0.0940725
0.093845
0.0935121
0.0930528
0.0924554
0.091716
0.0908363
0.0898219
0.0886812
0.0874249
0.0860662
0.0846207
0.0831066
0.0815441
0.0799539
0.0783562
0.0767692
0.0752084
0.0736853
0.0722082
0.0707815
0.0694062
0.0680799
0.0667971
0.0655501
0.0643295
0.0631259
0.0619315
0.0607407
0.0595512
0.0583641
0.0571829
0.056013
0.05486
0.0537292
0.0526246
0.0515492
0.0505049
0.0494928
0.0485137
0.0475676
0.0466535
0.0457687
0.0449085
0.0440652
0.0432284
0.0423842
0.0415154
0.0406011
0.0396163
0.0385317
0.0373134
0.0359228
0.0343167
0.0324474
0.0302626
0.0277059
0.0247164
0.0212291
0.0171768
0.0124918
0.00711071
0.000980161
-0.00593522
-0.0136434
-0.0221147
-0.0312719
-0.0409822
-0.0510528
-0.0612325
-0.0712207
-0.080684
-0.0892807
-0.0972813
-0.10403
-0.108303
-0.109937
-0.108932
-0.105429
-0.0996657
-0.0919373
-0.0825589
-0.0718386
-0.0600598
-0.0474733
-0.0343006
-0.0207329
-28325.4
)
;
    }
    interface_left
    {
        type            calculated;
        value           nonuniform List<scalar> 
90
(
-11.4038
-2.04348
0.380974
-0.38207
-0.521918
-0.52425
-0.904991
-1.02092
-1.1141
-1.05891
-0.797432
-0.657681
-0.445568
-0.330085
-0.156849
-0.129073
-0.087171
0.00873909
0.0607315
0.133802
0.153653
0.130877
0.26743
0.339182
0.446283
0.51473
0.640684
0.665503
0.61888
0.560799
0.378244
0.619834
0.728058
0.868657
0.95999
1.13596
1.15466
1.03765
0.925301
0.612485
0.979046
1.13887
1.34143
1.4734
1.73057
1.7526
1.56475
1.39078
0.916774
1.45905
1.69404
1.99083
2.1831
2.55799
2.58574
2.29868
2.03661
1.33183
2.11189
2.44231
2.84772
3.10455
3.60073
3.61735
3.17192
2.7852
1.78386
2.7907
3.19147
3.63945
3.90813
4.41427
4.36775
3.70219
3.18215
1.94169
2.90784
3.21851
3.42285
3.49902
3.58698
3.34196
2.40359
1.86026
0.853079
0.527906
0.187952
-0.904956
1.32065
10.3112
)
;
    }
    interface_right
    {
        type            calculated;
        value           nonuniform List<scalar> 
90
(
10.1097
0.703779
-1.57545
-0.248411
-0.0974131
0.186074
1.10544
1.6016
2.46017
2.72064
2.76621
2.7582
2.65955
2.42975
1.64647
2.73852
3.20668
3.82141
3.88014
3.46457
3.24276
2.86692
2.51767
1.6199
2.54879
2.91372
3.3442
3.33945
2.897
2.6673
2.30141
1.99603
1.26308
1.93945
2.18973
2.45861
2.42001
2.02217
1.73268
1.07227
1.60467
1.79671
1.97785
2.08576
2.29373
2.25962
1.93672
1.77653
1.5376
1.33872
0.861267
1.33765
1.52702
1.75837
1.76266
1.54938
1.44049
1.26998
1.11491
0.722807
1.13581
1.29923
1.49525
1.49024
1.27839
1.10992
0.699974
1.07685
1.21902
1.36521
1.44859
1.60232
1.57356
1.32303
1.1354
0.700798
1.07397
1.21432
1.36462
1.46225
1.67186
1.68904
1.56597
1.41236
1.00202
2.0884
2.61187
3.78656
0.690948
-11.4378
)
;
    }
    interface_top
    {
        type            calculated;
        value           nonuniform List<scalar> 
90
(
24.0129
-22.7
38.8751
-8.55937
38.3952
4.25625
-30.2721
17.7176
-32.3947
39.4519
-11.8511
36.7755
-6.01109
34.698
4.38747
-26.0327
15.9123
-27.4672
34.1179
-8.85887
32.2691
2.86684
-25.7201
12.4047
-26.7121
16.7955
-28.9343
34.4419
-9.41755
31.827
2.30162
-26.1856
11.5929
-27.1403
15.6836
-29.4968
32.8941
-10.4962
30.1867
0.803265
-27.7396
9.83542
-29.482
13.9941
-32.9417
32.5036
-14.3365
29.2387
-9.55205
26.8293
-0.780877
-28.6625
9.1511
-30.9929
25.7378
-14.634
23.929
-4.34267
-32.368
4.34189
-35.0307
8.66857
-38.884
27.5562
-19.4708
25.6065
-7.22639
-39.8553
3.29482
-42.8575
8.94658
-47.1612
32.0059
-23.7351
30.5047
-8.48409
-47.3288
4.95982
-50.2009
12.7458
-54.2455
41.2545
-24.9338
40.2714
-5.3862
-50.3927
12.9539
-49.2051
32.4788
-27.3721
)
;
    }
    interface_bottom
    {
        type            calculated;
        value           nonuniform List<scalar> 
90
(
-26.0744
25.6616
-45.2885
-1.57673
42.1305
-19.4406
42.0788
-28.8557
43.9039
-58.539
12.4854
-53.1733
4.02361
-49.4509
-9.77655
29.6907
-25.136
30.725
-48.2835
7.43781
-43.6454
1.67565
-40.1915
-8.56184
22.8806
-20.1223
23.944
-37.5416
5.41976
-34.3495
-5.20084
23.0989
-14.0895
24.5073
-18.2735
26.6415
-34.8298
8.05185
-31.4691
-2.43187
25.9075
-11.3516
27.8395
-15.9276
30.7472
-34.0493
12.1971
-30.2036
8.01637
-27.939
-0.597894
27.1665
-11.0444
28.9846
-27.7747
12.3229
-25.9849
1.99215
29.7671
-7.30819
31.696
-12.4948
34.0338
-30.8147
14.3936
-28.4146
2.61048
33.1713
-7.79146
34.8338
-13.4784
37.0611
-33.2587
15.6278
-30.5016
2.92353
35.7713
-8.15519
37.5689
-14.0705
40.1847
-35.3831
17.2496
-32.7796
3.28803
38.8178
-9.89107
39.2657
-24.4673
23.6858
)
;
    }
    defaultFaces
    {
        type            empty;
    }
}


// ************************************************************************* //
