/*--------------------------------*- C++ -*----------------------------------*\
| =========                 |                                                 |
| \\      /  F ield         | OpenFOAM: The Open Source CFD Toolbox           |
|  \\    /   O peration     | Version:  5.x                                   |
|   \\  /    A nd           | Web:      www.OpenFOAM.org                      |
|    \\/     M anipulation  |                                                 |
\*---------------------------------------------------------------------------*/
FoamFile
{
    version     2.0;
    format      ascii;
    class       volScalarField;
    location    "3.1";
    object      gradTx;
}
// * * * * * * * * * * * * * * * * * * * * * * * * * * * * * * * * * * * * * //

dimensions      [0 -1 0 1 0 0 0];

internalField   nonuniform List<scalar> 
6300
(
-48.0458
-48.022
-47.9742
-47.9024
-47.8062
-47.6857
-47.5406
-47.3711
-47.1775
-46.9606
-46.7213
-46.461
-46.1816
-45.8848
-45.5724
-48.0697
-48.0459
-47.9983
-47.9266
-47.8307
-47.7102
-47.5651
-47.3952
-47.201
-46.983
-46.7422
-46.4803
-46.199
-45.9005
-45.5868
-48.1173
-48.0937
-48.0464
-47.9752
-47.8797
-47.7595
-47.6142
-47.4438
-47.2482
-47.0281
-46.7845
-46.5189
-46.2337
-45.9315
-45.6149
-48.1884
-48.1652
-48.1186
-48.0481
-47.9534
-47.8337
-47.6886
-47.5174
-47.3201
-47.0968
-46.8486
-46.5773
-46.2855
-45.9769
-45.6551
-48.2828
-48.2601
-48.2145
-48.1454
-48.052
-47.9335
-47.7889
-47.6173
-47.4178
-47.1905
-46.936
-46.6561
-46.3543
-46.0354
-45.705
-48.3999
-48.378
-48.3339
-48.2668
-48.1758
-48.0595
-47.9164
-47.7449
-47.5436
-47.3114
-47.0486
-46.757
-46.4404
-46.1055
-45.7608
-48.5389
-48.5181
-48.4762
-48.4122
-48.3248
-48.2123
-48.0723
-47.9024
-47.7001
-47.463
-47.1903
-46.8827
-46.5449
-46.1853
-45.8171
-48.6986
-48.6794
-48.6406
-48.581
-48.4991
-48.3924
-48.2581
-48.0924
-47.8913
-47.6505
-47.3666
-47.0389
-46.671
-46.274
-45.867
-48.8775
-48.8604
-48.8257
-48.7722
-48.698
-48.6002
-48.4752
-48.3179
-48.1222
-47.8809
-47.587
-47.2352
-46.8265
-46.3727
-45.9015
-49.0734
-49.059
-49.0297
-48.9842
-48.9204
-48.8353
-48.7245
-48.5818
-48.3986
-48.1641
-47.8651
-47.4886
-47.027
-46.4887
-45.9112
-49.2836
-49.2725
-49.2498
-49.2143
-49.1641
-49.0962
-49.0058
-48.8861
-48.7265
-48.5118
-48.2208
-47.827
-47.3043
-46.6442
-45.8891
-49.505
-49.4977
-49.4827
-49.4591
-49.4255
-49.3793
-49.3165
-49.2303
-49.1095
-48.9357
-48.6793
-48.2943
-47.7189
-46.8948
-45.8393
-49.7336
-49.7304
-49.724
-49.7139
-49.6994
-49.6792
-49.6506
-49.609
-49.5454
-49.4424
-49.2663
-48.9521
-48.3823
-47.3768
-45.7997
-49.9653
-49.9665
-49.969
-49.9731
-49.9791
-49.9873
-49.9977
-50.0098
-50.0207
-50.0222
-49.9913
-49.8657
-49.4812
-48.4305
-45.9366
-50.1957
-50.2011
-50.2124
-50.2304
-50.2565
-50.293
-50.3432
-50.4116
-50.5054
-50.6345
-50.8108
-51.0383
-51.2461
-50.9273
-47.1775
-45.2739
-44.9921
-44.7007
-44.3991
-44.0863
-43.7609
-43.4215
-43.0668
-42.6956
-42.3073
-41.9021
-41.4805
-41.044
-40.5943
-40.1339
-39.6653
-39.1912
-38.7145
-38.2382
-37.7652
-37.2985
-36.8408
-36.395
-35.9636
-35.5488
-35.1525
-34.7763
-34.4212
-34.088
-33.7772
-33.4886
-33.222
-32.9768
-32.7521
-32.5468
-32.3598
-32.19
-32.0362
-31.8972
-31.7719
-31.6593
-31.5583
-31.468
-31.3879
-31.3175
-31.2566
-31.2055
-31.1648
-31.1351
-31.1177
-31.1133
-31.1232
-31.1481
-31.1889
-31.2458
-31.3193
-31.4091
-31.515
-31.6365
-31.7728
-31.9231
-32.0863
-32.2615
-32.4479
-32.6444
-32.8504
-33.0652
-33.288
-33.5183
-33.7554
-33.9988
-34.2481
-34.5029
-34.763
-35.0282
-35.2982
-35.5731
-35.8525
-36.1364
-36.4245
-36.7166
-37.0125
-37.3119
-37.6144
-37.9196
-38.2267
-38.5346
-38.8422
-39.1476
-39.449
-45.2877
-45.0061
-44.7155
-44.4154
-44.1045
-43.7812
-43.4438
-43.0907
-42.7203
-42.332
-41.9257
-41.5023
-41.063
-40.6101
-40.146
-39.6734
-39.1952
-38.7143
-38.2337
-37.7565
-37.2856
-36.8241
-36.3746
-35.94
-35.5225
-35.124
-34.7461
-34.3899
-34.0563
-33.7454
-33.4573
-33.1916
-32.9476
-32.7244
-32.5207
-32.3354
-32.1673
-32.0152
-31.8778
-31.7541
-31.6428
-31.5431
-31.4538
-31.3743
-31.304
-31.2428
-31.1909
-31.149
-31.118
-31.099
-31.0932
-31.1017
-31.1256
-31.1657
-31.2223
-31.2958
-31.3861
-31.4928
-31.6153
-31.7529
-31.9045
-32.0691
-32.2456
-32.4331
-32.6308
-32.8378
-33.0535
-33.2772
-33.5083
-33.7462
-33.9902
-34.24
-34.4952
-34.7555
-35.0209
-35.2911
-35.5662
-35.8459
-36.13
-36.4184
-36.7108
-37.0071
-37.307
-37.6102
-37.9164
-38.225
-38.5348
-38.8447
-39.1529
-39.4573
-45.3144
-45.0331
-44.7442
-44.4473
-44.1406
-43.822
-43.4891
-43.1394
-42.771
-42.3827
-41.9744
-41.5469
-41.102
-40.6423
-40.1705
-39.6898
-39.2032
-38.7139
-38.2247
-37.7389
-37.2597
-36.7901
-36.3333
-35.8921
-35.4691
-35.0661
-34.685
-34.3267
-33.992
-33.6812
-33.3942
-33.1304
-32.889
-32.6689
-32.4686
-32.2868
-32.1221
-31.9733
-31.8392
-31.7186
-31.6103
-31.5131
-31.426
-31.3477
-31.2778
-31.2159
-31.1623
-31.1179
-31.0838
-31.0615
-31.0526
-31.0584
-31.0802
-31.1188
-31.1747
-31.2483
-31.3395
-31.4478
-31.5726
-31.7128
-31.8672
-32.0347
-32.2139
-32.4039
-32.6037
-32.8127
-33.0302
-33.2557
-33.4885
-33.7279
-33.9732
-34.224
-34.4798
-34.7406
-35.0063
-35.2768
-35.5523
-35.8325
-36.1172
-36.4062
-36.6992
-36.996
-37.2968
-37.6013
-37.9095
-38.2209
-38.5346
-38.8492
-39.1629
-39.4734
-45.352
-45.0708
-44.7848
-44.4932
-44.1939
-43.8836
-43.5587
-43.2153
-42.8506
-42.4625
-42.0509
-41.6168
-41.1627
-40.692
-40.2082
-39.715
-39.2156
-38.7133
-38.2112
-37.7123
-37.2201
-36.7381
-36.2698
-35.8185
-35.3869
-34.9773
-34.5913
-34.2298
-33.8937
-33.5831
-33.2979
-33.0373
-32.8002
-32.5851
-32.3902
-32.2138
-32.0544
-31.9106
-31.7814
-31.6657
-31.562
-31.4692
-31.3855
-31.3096
-31.2404
-31.1773
-31.1209
-31.0722
-31.0329
-31.0051
-30.991
-30.9924
-31.0107
-31.047
-31.102
-31.1758
-31.2684
-31.3794
-31.5077
-31.6523
-31.8113
-31.9833
-32.1668
-32.3604
-32.5634
-32.7752
-32.9955
-33.2237
-33.4591
-33.7009
-33.9482
-34.2005
-34.4572
-34.7184
-34.9844
-35.2553
-35.5313
-35.8123
-36.098
-36.3879
-36.6816
-36.9791
-37.2807
-37.5867
-37.8975
-38.213
-38.5325
-38.8546
-39.1771
-39.4973
-45.397
-45.1155
-44.8337
-44.5505
-44.263
-43.9664
-43.6548
-43.3223
-42.9639
-42.5766
-42.1599
-41.7156
-41.2476
-40.7607
-40.2597
-39.7491
-39.2326
-38.713
-38.1932
-37.6763
-37.1661
-36.6666
-36.1822
-35.7168
-35.2736
-34.855
-34.4624
-34.0969
-33.759
-33.4489
-33.1664
-32.9107
-32.6802
-32.4726
-32.2855
-32.1168
-31.9645
-31.8274
-31.7048
-31.5956
-31.4987
-31.4124
-31.3343
-31.2622
-31.1943
-31.1297
-31.0687
-31.0131
-30.9656
-30.9294
-30.9074
-30.9022
-30.9156
-30.9488
-31.0022
-31.0764
-31.1711
-31.2859
-31.4198
-31.5709
-31.737
-31.9157
-32.105
-32.3034
-32.5103
-32.7256
-32.9493
-33.1811
-33.4203
-33.6657
-33.9161
-34.1703
-34.4279
-34.6893
-34.955
-35.2261
-35.5028
-35.7852
-36.0724
-36.3636
-36.6581
-36.956
-37.2578
-37.5648
-37.8783
-38.1989
-38.5262
-38.8588
-39.194
-39.5283
-45.444
-45.1609
-44.8846
-44.6142
-44.3455
-44.071
-43.7814
-43.4667
-43.1189
-42.7331
-42.3087
-41.8489
-41.3601
-40.8498
-40.3253
-39.7922
-39.2541
-38.7132
-38.1713
-37.6311
-37.0969
-36.5737
-36.0675
-35.5834
-35.1252
-34.6954
-34.295
-33.9246
-33.5845
-33.2753
-32.9969
-32.7483
-32.5274
-32.3309
-32.155
-31.9964
-31.8531
-31.7239
-31.609
-31.5082
-31.4206
-31.344
-31.2749
-31.2093
-31.1439
-31.077
-31.0091
-30.9428
-30.8826
-30.8334
-30.7999
-30.7855
-30.7924
-30.8214
-30.873
-30.9475
-31.045
-31.1653
-31.3071
-31.468
-31.6445
-31.8328
-32.03
-32.2342
-32.4452
-32.6639
-32.8913
-33.1278
-33.3725
-33.6234
-33.8783
-34.135
-34.3932
-34.6535
-34.9178
-35.1883
-35.466
-35.7507
-36.0408
-36.3343
-36.6296
-36.9266
-37.2269
-37.5332
-37.8483
-38.1745
-38.5119
-38.8587
-39.2116
-39.5657
-45.4845
-45.1966
-44.9269
-44.6755
-44.4363
-44.1977
-43.944
-43.659
-43.3288
-42.9456
-42.5086
-42.0243
-41.5036
-40.9597
-40.4036
-39.8428
-39.28
-38.715
-38.1471
-37.5778
-37.0119
-36.4569
-35.9214
-35.4129
-34.9364
-34.4938
-34.0848
-33.7088
-33.3661
-33.0577
-32.7847
-32.5466
-32.3401
-32.1599
-31.9998
-31.8546
-31.7215
-31.6004
-31.4933
-31.4022
-31.3272
-31.2653
-31.2107
-31.1564
-31.096
-31.0262
-30.9474
-30.8642
-30.784
-30.7152
-30.6651
-30.6385
-30.6374
-30.6618
-30.7111
-30.7856
-30.8862
-31.0138
-31.1672
-31.3428
-31.535
-31.7374
-31.9449
-32.1553
-32.3691
-32.5896
-32.8202
-33.0625
-33.3155
-33.5754
-33.8374
-34.0977
-34.355
-34.6116
-34.8717
-35.1399
-35.4189
-35.7081
-36.004
-36.3019
-36.5982
-36.8923
-37.187
-37.4882
-37.8021
-38.1335
-38.4834
-38.8495
-39.2268
-39.6084
-45.5058
-45.2062
-44.9432
-44.7192
-44.5264
-44.3461
-44.1521
-43.9163
-43.6153
-43.2356
-42.7771
-42.252
-41.6811
-41.0871
-40.489
-39.8965
-39.3095
-38.7212
-38.1252
-37.5199
-36.9116
-36.3123
-35.7366
-35.1966
-34.6992
-34.2441
-33.8275
-33.4457
-33.0985
-32.7894
-32.5228
-32.2995
-32.1152
-31.9603
-31.8235
-31.6958
-31.573
-31.4572
-31.355
-31.2734
-31.2152
-31.1764
-31.1466
-31.1126
-31.0622
-30.9886
-30.8923
-30.7815
-30.6692
-30.5702
-30.4967
-30.4552
-30.4461
-30.4664
-30.513
-30.5861
-30.689
-30.8253
-30.9954
-31.1939
-31.4108
-31.6346
-31.8559
-32.0713
-32.2835
-32.5008
-32.7319
-32.9819
-33.2486
-33.5243
-33.7989
-34.0643
-34.3179
-34.5644
-34.8135
-35.0756
-35.3568
-35.6556
-35.964
-36.2715
-36.5697
-36.8566
-37.1375
-37.4244
-37.7304
-38.0651
-38.431
-38.8239
-39.2353
-39.6552
-45.4887
-45.1632
-44.9034
-44.7181
-44.5986
-44.5145
-44.4206
-44.2678
-44.0151
-43.6393
-43.1416
-42.5461
-41.8918
-41.2209
-40.5665
-39.9427
-39.3408
-38.739
-38.1167
-37.4668
-36.7986
-36.1342
-35.5005
-34.9196
-34.4012
-33.9394
-33.5204
-33.1329
-32.7763
-32.4605
-32.1986
-31.9969
-31.8484
-31.7348
-31.6346
-31.5303
-31.4148
-31.2948
-31.1873
-31.1111
-31.0757
-31.0749
-31.0891
-31.0926
-31.0621
-30.9839
-30.8586
-30.7012
-30.5357
-30.389
-30.2824
-30.2253
-30.2129
-30.2334
-30.2771
-30.344
-30.4438
-30.5883
-30.7827
-31.0185
-31.2769
-31.5353
-31.7757
-31.9916
-32.1907
-32.3919
-32.6167
-32.8769
-33.1686
-33.4748
-33.7736
-34.0476
-34.291
-34.5133
-34.7363
-34.9837
-35.2691
-35.5889
-35.9249
-36.254
-36.5574
-36.8289
-37.0791
-37.3325
-37.6169
-37.9515
-38.3395
-38.7709
-39.231
-39.7049
-45.4052
-45.0253
-44.7567
-44.6226
-44.6197
-44.6972
-44.7741
-44.7634
-44.5923
-44.2187
-43.6469
-42.9251
-42.1267
-41.3309
-40.6001
-39.9576
-39.3723
-38.7863
-38.1484
-37.4402
-36.6803
-35.9123
-35.1886
-34.5528
-34.0218
-33.5734
-33.1681
-32.7761
-32.3958
-32.0543
-31.788
-31.6182
-31.5314
-31.4905
-31.452
-31.3812
-31.2636
-31.1147
-30.9749
-30.8902
-30.8868
-30.9523
-31.0472
-31.1217
-31.131
-31.0474
-30.8716
-30.6325
-30.3754
-30.1503
-29.9971
-29.9311
-29.9327
-29.967
-30.0078
-30.0549
-30.1341
-30.2796
-30.5103
-30.8109
-31.143
-31.4617
-31.731
-31.9363
-32.0945
-32.2493
-32.4502
-32.7266
-33.0678
-33.4357
-33.7838
-34.0747
-34.2941
-34.4612
-34.6239
-34.8366
-35.1318
-35.4984
-35.8956
-36.2732
-36.5906
-36.8316
-37.016
-37.1955
-37.4306
-37.7609
-38.1848
-38.6763
-39.2066
-39.7557
-45.2137
-44.7276
-44.4162
-44.3381
-44.5254
-44.8807
-45.2538
-45.4903
-45.4611
-45.0839
-44.3684
-43.4144
-42.3582
-41.3474
-40.5069
-39.8903
-39.4051
-38.9086
-38.2818
-37.488
-36.5741
-35.6269
-34.7501
-34.0356
-33.5238
-33.1455
-32.7971
-32.4026
-31.9598
-31.54
-31.2388
-31.1202
-31.1485
-31.2429
-31.3165
-31.2996
-31.1578
-30.9215
-30.6837
-30.5527
-30.5988
-30.7874
-31.0349
-31.2453
-31.334
-31.2438
-30.9761
-30.5899
-30.1695
-29.808
-29.5865
-29.5397
-29.6054
-29.6915
-29.7297
-29.7198
-29.7291
-29.8484
-30.1373
-30.558
-31.0285
-31.4594
-31.7783
-31.9489
-32.0034
-32.0401
-32.1748
-32.4829
-32.9285
-33.4249
-33.8761
-34.2048
-34.3726
-34.415
-34.4392
-34.5706
-34.8916
-35.3638
-35.894
-36.3788
-36.7338
-36.9154
-36.9593
-36.9784
-37.1068
-37.4351
-37.9325
-38.5254
-39.1547
-39.8034
-44.8495
-44.1782
-43.7399
-43.6714
-44.1892
-45.0389
-45.9302
-46.5998
-46.8312
-46.4364
-45.4337
-44.051
-42.5244
-41.1187
-40.0918
-39.6337
-39.4546
-39.2186
-38.6558
-37.7091
-36.5162
-35.2405
-34.0782
-33.2266
-32.8341
-32.6746
-32.4929
-32.099
-31.491
-30.8551
-30.427
-30.4113
-30.6706
-31.0256
-31.3115
-31.3984
-31.1885
-30.731
-30.239
-29.9606
-30.1058
-30.5384
-31.0762
-31.5443
-31.7948
-31.6963
-31.2516
-30.597
-29.8788
-29.2644
-28.9247
-28.9866
-29.249
-29.485
-29.521
-29.357
-29.166
-29.1732
-29.5747
-30.2335
-30.9713
-31.6182
-32.0392
-32.1287
-31.938
-31.69
-31.6495
-32.0411
-32.7162
-33.479
-34.1447
-34.5664
-34.6312
-34.3949
-34.0997
-34.0316
-34.4331
-35.1453
-35.9576
-36.6712
-37.1262
-37.1969
-36.9382
-36.6036
-36.4945
-36.8655
-37.5425
-38.3218
-39.0744
-39.8266
-44.1731
-43.2932
-42.5312
-42.1606
-43.3751
-45.1372
-46.9261
-48.3407
-49.1033
-48.6645
-47.0465
-44.8951
-42.5168
-40.3451
-38.8577
-38.9759
-39.5864
-39.9997
-39.5828
-38.2853
-36.5778
-34.6912
-32.9593
-31.7569
-31.8094
-32.2363
-32.4947
-32.104
-31.0627
-29.8717
-29.0218
-29.3067
-30.0557
-30.9083
-31.5934
-31.9254
-31.5761
-30.5908
-29.487
-28.7594
-29.1994
-30.1382
-31.2186
-32.1574
-32.7586
-32.6481
-31.8297
-30.6963
-29.4392
-28.3259
-27.685
-28.1451
-28.9311
-29.5669
-29.6007
-29.0336
-28.3176
-27.9303
-28.6418
-29.7956
-31.0448
-32.1028
-32.7773
-32.7123
-31.955
-31.041
-30.5021
-31.1909
-32.3774
-33.6728
-34.7644
-35.4419
-35.3233
-34.4594
-33.4328
-32.8159
-33.527
-34.7821
-36.1631
-37.3355
-38.0714
-37.9523
-37.0256
-35.9036
-35.1904
-35.8547
-37.0044
-38.1561
-38.9943
-39.7149
-42.6596
-42.2385
-40.759
-38.3672
-41.7728
-45.197
-48.4612
-51.0205
-53.1055
-52.5907
-49.4276
-46.066
-42.2119
-38.5862
-35.3117
-37.6092
-40.0025
-41.9763
-41.7783
-39.452
-36.8975
-33.9196
-31.0779
-28.4804
-30.2459
-32.0408
-33.4316
-33.0461
-30.8505
-28.3971
-25.983
-27.5341
-29.2919
-31.0325
-32.3845
-33.4335
-32.88
-30.6214
-28.1939
-25.8768
-27.5749
-29.5347
-31.5653
-33.2568
-34.7475
-34.6197
-32.8617
-30.9738
-28.7929
-26.7073
-24.8599
-26.8344
-28.8297
-30.5158
-30.546
-28.9244
-26.9962
-25.1053
-27.0721
-29.2205
-31.3937
-33.1395
-34.5803
-34.2928
-32.1977
-29.8519
-27.5867
-29.6238
-31.882
-34.1599
-35.9801
-37.4638
-37.0882
-34.7582
-32.1756
-29.6878
-31.8372
-34.2375
-36.6683
-38.6281
-40.2474
-39.8703
-37.394
-34.6147
-31.9023
-34.1444
-36.4631
-38.4413
-39.083
-38.9064
-37.4351
-42.7078
-40.3006
-26.2257
-40.1438
-45.4875
-51.0114
-54.3835
-60.8516
-60.331
-52.0947
-47.9465
-41.5785
-36.3217
-23.7425
-36.1049
-41.023
-47.0808
-47.0389
-40.9475
-37.8274
-32.9524
-28.845
-18.9216
-28.6404
-32.4275
-36.9266
-36.5952
-31.0102
-26.8663
-17.2345
-25.4643
-28.5534
-31.7167
-33.6122
-37.25
-36.6399
-30.8956
-26.7423
-17.213
-25.5742
-28.8297
-32.4009
-34.646
-39.0677
-38.9392
-34.0815
-31.6735
-28.0099
-24.7462
-16.5316
-25.4942
-29.1737
-33.8497
-33.8703
-29.2572
-25.621
-16.7256
-25.241
-28.6098
-32.3583
-34.6156
-38.8722
-38.4761
-32.8017
-28.5467
-18.4758
-27.7385
-31.3579
-35.3059
-37.6802
-42.163
-41.6671
-35.4202
-30.7818
-19.8818
-29.7857
-33.6486
-37.8514
-40.4107
-45.2975
-44.8108
-38.1983
-33.2288
-21.4792
-32.3235
-36.4116
-40.6502
-40.3492
-34.4359
-39.7732
-40.1157
-40.4426
-40.7506
-41.0369
-41.2995
-41.5367
-41.7476
-41.9316
-42.0887
-42.2189
-42.3225
-42.3998
-42.4512
-42.4768
-39.7848
-40.1308
-40.4609
-40.7717
-41.0602
-41.3243
-41.5625
-41.7739
-41.958
-42.115
-42.2449
-42.3482
-42.4253
-42.4764
-42.5019
-39.8079
-40.1613
-40.4981
-40.8145
-41.1074
-41.3745
-41.6146
-41.8269
-42.0112
-42.1678
-42.2971
-42.3997
-42.4761
-42.5267
-42.5519
-39.8429
-40.208
-40.5552
-40.8802
-41.1797
-41.4513
-41.6939
-41.9073
-42.0915
-42.2473
-42.3755
-42.4768
-42.5521
-42.6019
-42.6267
-39.8899
-40.2719
-40.634
-40.971
-41.2792
-41.5565
-41.802
-42.0162
-42.1997
-42.354
-42.4801
-42.5795
-42.653
-42.7015
-42.7257
-39.9498
-40.3552
-40.7374
-41.0901
-41.4091
-41.6927
-41.941
-42.1551
-42.3368
-42.4881
-42.6111
-42.7074
-42.7783
-42.825
-42.8482
-40.0237
-40.4609
-40.8698
-41.2422
-41.5739
-41.8638
-42.1136
-42.3258
-42.5036
-42.6501
-42.7682
-42.86
-42.9273
-42.9715
-42.9934
-40.1138
-40.5945
-41.0383
-41.4347
-41.7798
-42.0746
-42.3231
-42.5302
-42.7011
-42.8401
-42.9509
-43.0365
-43.099
-43.1398
-43.16
-40.2241
-40.7645
-41.2536
-41.6781
-42.0356
-42.3313
-42.5734
-42.7704
-42.9298
-43.0576
-43.1583
-43.2356
-43.2916
-43.3281
-43.3462
-40.3612
-40.9854
-41.5332
-41.988
-42.353
-42.6413
-42.8684
-43.0477
-43.1895
-43.3014
-43.3887
-43.4551
-43.5032
-43.5344
-43.5498
-40.5354
-41.2824
-41.9053
-42.3873
-42.7468
-43.0126
-43.2112
-43.3621
-43.4786
-43.5692
-43.6393
-43.6925
-43.7309
-43.7559
-43.7682
-40.7608
-41.7031
-42.4175
-42.908
-43.2336
-43.451
-43.6016
-43.7108
-43.7932
-43.8569
-43.9063
-43.944
-43.9715
-43.9895
-43.9984
-41.0566
-42.3504
-43.1531
-43.5922
-43.8266
-43.9556
-44.0333
-44.0862
-44.1261
-44.1582
-44.1843
-44.2052
-44.221
-44.2315
-44.2369
-41.5039
-43.4884
-44.2533
-44.4813
-44.5232
-44.5106
-44.4897
-44.4744
-44.4666
-44.4649
-44.4669
-44.4708
-44.4749
-44.4782
-44.4801
-42.8056
-45.8442
-45.8897
-45.5569
-45.2723
-45.073
-44.9406
-44.855
-44.8008
-44.7673
-44.7471
-44.7354
-44.729
-44.7258
-44.7244
-50.4019
-50.4108
-50.4293
-50.4587
-50.5013
-50.5608
-50.6429
-50.7568
-50.9174
-51.1523
-51.5153
-52.1311
-53.3467
-56.3609
-66.1967
-50.5831
-50.5948
-50.6188
-50.657
-50.7121
-50.7886
-50.8935
-51.0379
-51.2405
-51.5339
-51.9802
-52.7079
-54.0072
-56.5635
-61.8641
-50.7562
-50.77
-50.7985
-50.8435
-50.9079
-50.9965
-51.1165
-51.2787
-51.5006
-51.8094
-52.2495
-52.8877
-53.7948
-54.8601
-54.7177
-50.9196
-50.9351
-50.9667
-51.0164
-51.0869
-51.1827
-51.31
-51.4782
-51.7001
-51.9938
-52.3812
-52.8806
-53.4725
-53.9955
-53.9684
-51.0723
-51.0887
-51.1223
-51.1747
-51.2483
-51.3468
-51.4753
-51.6403
-51.8499
-52.1129
-52.4349
-52.8093
-53.1981
-53.5128
-53.7056
-51.2135
-51.2304
-51.2649
-51.3182
-51.3923
-51.4901
-51.6151
-51.7713
-51.9626
-52.191
-52.4521
-52.728
-52.975
-53.1147
-53.073
-51.3429
-51.3598
-51.3942
-51.4471
-51.5199
-51.6145
-51.7332
-51.878
-52.0496
-52.2462
-52.4589
-52.6668
-52.8265
-52.8424
-52.4123
-51.4604
-51.477
-51.5107
-51.5621
-51.6322
-51.7222
-51.8333
-51.9659
-52.1194
-52.29
-52.4688
-52.6391
-52.7777
-52.8799
-53.1689
-51.5662
-51.5823
-51.6147
-51.6639
-51.7306
-51.8152
-51.9182
-52.0394
-52.1773
-52.3281
-52.4842
-52.6333
-52.7542
-52.7874
-52.4123
-51.6608
-51.6761
-51.707
-51.7536
-51.8163
-51.8953
-51.9905
-52.1014
-52.2263
-52.3622
-52.5043
-52.6471
-52.7915
-52.9785
-53.5151
-51.7446
-51.7591
-51.7882
-51.8321
-51.8907
-51.9641
-52.052
-52.1536
-52.2676
-52.3919
-52.5236
-52.6598
-52.7992
-52.9267
-52.8729
-51.8181
-51.8318
-51.8591
-51.9001
-51.9547
-52.0228
-52.1038
-52.1972
-52.3019
-52.4164
-52.5393
-52.6703
-52.8151
-53.0008
-53.386
-51.8821
-51.8949
-51.9204
-51.9586
-52.0093
-52.0723
-52.147
-52.233
-52.3293
-52.435
-52.549
-52.6711
-52.8027
-52.9361
-52.9768
-51.9371
-51.949
-51.9728
-52.0082
-52.0553
-52.1135
-52.1825
-52.2616
-52.3503
-52.4476
-52.5527
-52.6654
-52.7889
-52.9355
-53.1777
-51.9837
-51.9947
-52.0168
-52.0497
-52.0933
-52.1471
-52.2108
-52.2837
-52.3653
-52.4546
-52.5507
-52.6522
-52.7589
-52.8685
-52.9681
-52.0224
-52.0327
-52.0532
-52.0837
-52.1241
-52.1738
-52.2326
-52.2998
-52.3749
-52.4568
-52.5443
-52.6352
-52.727
-52.8081
-52.8295
-52.0538
-52.0634
-52.0824
-52.1108
-52.1481
-52.1942
-52.2485
-52.3105
-52.3797
-52.455
-52.535
-52.6178
-52.7024
-52.7888
-52.8942
-52.0785
-52.0874
-52.105
-52.1313
-52.166
-52.2087
-52.259
-52.3164
-52.3803
-52.4497
-52.5233
-52.599
-52.6765
-52.7562
-52.8474
-52.0968
-52.105
-52.1215
-52.1459
-52.1781
-52.2178
-52.2645
-52.3177
-52.377
-52.4414
-52.5094
-52.579
-52.6491
-52.7155
-52.7555
-52.1092
-52.1169
-52.1322
-52.155
-52.1849
-52.2218
-52.2653
-52.3149
-52.3702
-52.4304
-52.4939
-52.5587
-52.6242
-52.6927
-52.8041
-52.116
-52.1232
-52.1375
-52.1588
-52.1868
-52.2212
-52.2618
-52.3083
-52.3601
-52.4167
-52.4767
-52.5379
-52.5971
-52.6399
-52.5988
-52.1177
-52.1245
-52.1378
-52.1577
-52.1839
-52.2162
-52.2543
-52.2979
-52.3468
-52.4005
-52.4581
-52.5184
-52.5814
-52.6449
-52.7007
-52.1145
-52.1209
-52.1334
-52.1521
-52.1767
-52.207
-52.2428
-52.2839
-52.3302
-52.3814
-52.437
-52.497
-52.5652
-52.6551
-52.8439
-52.1067
-52.1127
-52.1245
-52.1421
-52.1653
-52.1938
-52.2276
-52.2664
-52.3101
-52.3588
-52.4121
-52.4699
-52.5339
-52.5963
-52.5714
-52.0946
-52.1002
-52.1114
-52.128
-52.1499
-52.1769
-52.2088
-52.2454
-52.2868
-52.3328
-52.3832
-52.4384
-52.5037
-52.5977
-52.8335
-52.0784
-52.0837
-52.0943
-52.1101
-52.1308
-52.1564
-52.1866
-52.2213
-52.2603
-52.3035
-52.3502
-52.3998
-52.4537
-52.5004
-52.4189
-52.0582
-52.0632
-52.0734
-52.0884
-52.1082
-52.1325
-52.1612
-52.1942
-52.2311
-52.2714
-52.3142
-52.3584
-52.4086
-52.4916
-52.7938
-52.0342
-52.0391
-52.0487
-52.0631
-52.0821
-52.1054
-52.1329
-52.1644
-52.1995
-52.2374
-52.2763
-52.3126
-52.3408
-52.3302
-52.0871
-52.0066
-52.0113
-52.0206
-52.0345
-52.0527
-52.0752
-52.1017
-52.1321
-52.1659
-52.2024
-52.2392
-52.2725
-52.2999
-52.33
-52.5091
-51.9755
-51.98
-51.9891
-52.0025
-52.0202
-52.042
-52.0678
-52.0975
-52.1307
-52.1668
-52.2036
-52.2366
-52.257
-52.2257
-51.9536
-51.9409
-51.9454
-51.9542
-51.9673
-51.9845
-52.0059
-52.0312
-52.0605
-52.0936
-52.1303
-52.1695
-52.2094
-52.2499
-52.2883
-52.3177
-51.9031
-51.9074
-51.916
-51.9288
-51.9458
-51.9668
-51.9918
-52.0208
-52.0541
-52.0918
-52.134
-52.1817
-52.2443
-52.3567
-52.7055
-51.8619
-51.8662
-51.8746
-51.8873
-51.904
-51.9247
-51.9494
-51.9783
-52.0116
-52.0499
-52.0935
-52.1436
-52.2042
-52.2604
-52.1343
-51.8175
-51.8217
-51.8301
-51.8426
-51.8591
-51.8796
-51.9041
-51.9327
-51.9658
-52.0038
-52.0473
-52.0983
-52.1672
-52.29
-52.6841
-51.7698
-51.774
-51.7824
-51.7948
-51.8112
-51.8315
-51.8558
-51.8841
-51.9167
-51.9536
-51.9948
-52.0404
-52.0927
-52.1309
-51.9331
-51.719
-51.7232
-51.7315
-51.7439
-51.7602
-51.7805
-51.8047
-51.8327
-51.8646
-51.9
-51.938
-51.9779
-52.0279
-52.1352
-52.6265
-51.6649
-51.6691
-51.6774
-51.6899
-51.7063
-51.7266
-51.7508
-51.7787
-51.8101
-51.8443
-51.8787
-51.9082
-51.9235
-51.8722
-51.4218
-51.6076
-51.6118
-51.6202
-51.6327
-51.6493
-51.6698
-51.6942
-51.7223
-51.754
-51.788
-51.8214
-51.8485
-51.8651
-51.8858
-52.1517
-51.5471
-51.5513
-51.5598
-51.5725
-51.5892
-51.61
-51.6348
-51.6636
-51.6962
-51.7317
-51.7672
-51.7961
-51.804
-51.7285
-51.2656
-51.4832
-51.4875
-51.4961
-51.509
-51.526
-51.5472
-51.5726
-51.6024
-51.6366
-51.675
-51.7163
-51.7582
-51.8006
-51.8397
-51.8671
-51.416
-51.4204
-51.4292
-51.4422
-51.4596
-51.4813
-51.5074
-51.5382
-51.5741
-51.6158
-51.6636
-51.72
-51.7997
-51.9583
-52.492
-51.3455
-51.3499
-51.3588
-51.3721
-51.3898
-51.412
-51.4387
-51.4704
-51.5078
-51.5518
-51.6035
-51.6655
-51.7438
-51.8158
-51.6052
-51.2714
-51.276
-51.2851
-51.2986
-51.3167
-51.3393
-51.3665
-51.3989
-51.4371
-51.482
-51.535
-51.5997
-51.6924
-51.8687
-52.4635
-51.1939
-51.1985
-51.2078
-51.2216
-51.24
-51.263
-51.2907
-51.3235
-51.3617
-51.4061
-51.4567
-51.5146
-51.583
-51.6304
-51.3174
-51.1127
-51.1175
-51.1269
-51.141
-51.1598
-51.1832
-51.2113
-51.2443
-51.2824
-51.3253
-51.3719
-51.4221
-51.4881
-51.6417
-52.3806
-51.0279
-51.0328
-51.0424
-51.0568
-51.0759
-51.0998
-51.1284
-51.1618
-51.1998
-51.2414
-51.2833
-51.3185
-51.3324
-51.246
-50.5552
-50.9394
-50.9443
-50.9542
-50.9689
-50.9884
-51.0128
-51.0421
-51.0762
-51.1149
-51.1568
-51.1976
-51.2297
-51.2462
-51.2692
-51.6615
-50.8471
-50.8521
-50.8621
-50.8771
-50.8971
-50.9222
-50.9523
-50.9876
-51.028
-51.0723
-51.1166
-51.1516
-51.1556
-51.0353
-50.3359
-50.7508
-50.756
-50.7662
-50.7815
-50.802
-50.8277
-50.8588
-50.8956
-50.9385
-50.9872
-51.0404
-51.0952
-51.1512
-51.2028
-51.239
-50.6507
-50.6559
-50.6663
-50.6819
-50.7029
-50.7292
-50.7613
-50.7996
-50.845
-50.8985
-50.9614
-51.0379
-51.1497
-51.3804
-52.1724
-50.5464
-50.5517
-50.5623
-50.5782
-50.5995
-50.6264
-50.6593
-50.6988
-50.746
-50.8028
-50.8713
-50.956
-51.0658
-51.1673
-50.8504
-50.4381
-50.4435
-50.4542
-50.4703
-50.4919
-50.5192
-50.5526
-50.5926
-50.6407
-50.6984
-50.7683
-50.8568
-50.9876
-51.2439
-52.1242
-50.3257
-50.3311
-50.3419
-50.3582
-50.38
-50.4075
-50.441
-50.4811
-50.5287
-50.5849
-50.6507
-50.7282
-50.8223
-50.8864
-50.4173
-50.2091
-50.2145
-50.2254
-50.2418
-50.2637
-50.2913
-50.3248
-50.3646
-50.411
-50.4642
-50.5231
-50.5882
-50.6777
-50.8983
-51.9875
-50.0882
-50.0937
-50.1046
-50.121
-50.143
-50.1706
-50.2041
-50.2435
-50.2889
-50.3389
-50.3895
-50.4312
-50.4422
-50.3062
-49.2784
-49.9632
-49.9686
-49.9795
-49.9959
-50.0179
-50.0456
-50.0791
-50.1185
-50.1636
-50.2126
-50.2602
-50.2955
-50.3087
-50.3327
-50.9022
-49.8339
-49.8393
-49.8502
-49.8665
-49.8885
-49.9162
-49.9499
-49.9898
-50.0359
-50.0868
-50.1375
-50.1753
-50.1678
-49.9794
-48.9436
-49.7004
-49.7057
-49.7165
-49.7328
-49.7546
-49.7823
-49.8162
-49.8569
-49.9049
-49.9605
-50.0221
-50.0864
-50.1526
-50.2135
-50.2551
-49.5627
-49.568
-49.5786
-49.5946
-49.6162
-49.6437
-49.6777
-49.719
-49.7689
-49.8294
-49.9028
-49.9962
-50.1411
-50.4603
-51.6013
-49.4208
-49.426
-49.4364
-49.4521
-49.4733
-49.5004
-49.534
-49.5752
-49.6259
-49.6887
-49.7677
-49.8702
-50.0086
-50.1354
-49.657
-49.275
-49.28
-49.2901
-49.3053
-49.3259
-49.3522
-49.3848
-49.425
-49.4745
-49.5362
-49.6144
-49.7192
-49.8843
-50.23
-51.475
-49.1251
-49.13
-49.1396
-49.1543
-49.174
-49.1992
-49.2304
-49.2685
-49.3149
-49.3716
-49.4407
-49.5263
-49.6346
-49.6991
-48.9993
-48.9715
-48.9761
-48.9853
-48.9992
-49.0179
-49.0417
-49.071
-49.1064
-49.1485
-49.1977
-49.2536
-49.3176
-49.4154
-49.6979
-51.208
-48.8142
-48.8185
-48.8271
-48.8402
-48.8578
-48.88
-48.9072
-48.9397
-48.9773
-49.0187
-49.0587
-49.0855
-49.068
-48.8435
-47.3653
-48.6534
-48.6574
-48.6655
-48.6776
-48.6939
-48.7146
-48.7397
-48.7696
-48.8037
-48.8398
-48.8712
-48.884
-48.8644
-48.8586
-49.6083
-48.4893
-48.493
-48.5004
-48.5116
-48.5266
-48.5456
-48.5689
-48.5967
-48.6288
-48.6636
-48.6946
-48.7051
-48.6511
-48.3483
-46.888
-48.3222
-48.3255
-48.3322
-48.3424
-48.356
-48.3733
-48.3948
-48.4209
-48.4524
-48.4894
-48.5302
-48.571
-48.6106
-48.6408
-48.6499
-48.1522
-48.1552
-48.1612
-48.1702
-48.1823
-48.1978
-48.2173
-48.2416
-48.2723
-48.3118
-48.3636
-48.4378
-48.5766
-48.9471
-50.4245
-47.9797
-47.9823
-47.9875
-47.9953
-48.0058
-48.0193
-48.0363
-48.0579
-48.0864
-48.1251
-48.1795
-48.2596
-48.3818
-48.4837
-47.7829
-47.8049
-47.8071
-47.8115
-47.8181
-47.8268
-47.8379
-47.8519
-47.8697
-47.8936
-47.9269
-47.9753
-48.0524
-48.2011
-48.5767
-50.1093
-47.628
-47.6299
-47.6335
-47.6388
-47.6456
-47.6542
-47.6646
-47.6776
-47.6945
-47.7173
-47.7492
-47.7954
-47.8629
-47.8652
-46.8835
-47.4494
-47.4509
-47.4537
-47.4578
-47.4629
-47.4688
-47.4754
-47.4829
-47.4914
-47.501
-47.5109
-47.5236
-47.5701
-47.8359
-49.6055
-47.2693
-47.2704
-47.2726
-47.2756
-47.279
-47.2825
-47.2856
-47.2877
-47.2878
-47.2836
-47.2686
-47.2282
-47.1252
-46.7614
-44.8645
-47.0878
-47.0887
-47.0904
-47.0925
-47.0946
-47.0961
-47.0962
-47.094
-47.0875
-47.0731
-47.0417
-46.9765
-46.8612
-46.7504
-47.5111
-46.9052
-46.906
-46.9074
-46.9089
-46.9101
-46.9103
-46.9084
-46.9033
-46.893
-46.8737
-46.836
-46.7597
-46.5942
-46.1333
-44.3541
-46.7216
-46.7223
-46.7236
-46.725
-46.7259
-46.7255
-46.7228
-46.7165
-46.7051
-46.6862
-46.655
-46.6048
-46.5323
-46.4308
-46.3062
-46.5369
-46.5378
-46.5393
-46.5409
-46.5421
-46.542
-46.5394
-46.5333
-46.5227
-46.5066
-46.4851
-46.4653
-46.4905
-46.7433
-48.1784
-46.3511
-46.3522
-46.3542
-46.3567
-46.3588
-46.3597
-46.3584
-46.3535
-46.3442
-46.3301
-46.3118
-46.2947
-46.2908
-46.2337
-45.322
-46.1641
-46.1656
-46.1684
-46.172
-46.1758
-46.1787
-46.1796
-46.177
-46.1694
-46.1557
-46.1355
-46.1149
-46.128
-46.3166
-47.5709
-45.9754
-45.9775
-45.9814
-45.9867
-45.9928
-45.9988
-46.0031
-46.004
-45.9991
-45.985
-45.9573
-45.9116
-45.8433
-45.6585
-44.5091
-45.7849
-45.7876
-45.7929
-45.8003
-45.8095
-45.8195
-45.8289
-45.8354
-45.8354
-45.8231
-45.7893
-45.7242
-45.6396
-45.6692
-46.8439
-45.592
-45.5954
-45.6022
-45.6122
-45.6252
-45.6403
-45.6566
-45.6714
-45.6805
-45.6755
-45.6409
-45.5504
-45.3565
-44.8837
-43.1367
-45.3962
-45.4004
-45.4088
-45.4216
-45.4387
-45.4601
-45.485
-45.5116
-45.5356
-45.5477
-45.5292
-45.4484
-45.2671
-44.9819
-45.0872
-45.197
-45.2019
-45.2118
-45.2273
-45.2488
-45.277
-45.3122
-45.3539
-45.3992
-45.4404
-45.4584
-45.4164
-45.2499
-44.808
-43.5601
-44.9939
-44.9993
-45.0105
-45.0283
-45.0538
-45.0887
-45.1347
-45.1937
-45.2661
-45.3484
-45.4271
-45.4708
-45.4238
-45.1929
-44.7301
-44.7865
-44.7922
-44.8041
-44.8234
-44.8519
-44.8922
-44.9482
-45.0244
-45.1263
-45.2582
-45.4179
-45.5883
-45.7256
-45.7379
-45.5853
-44.5747
-44.5803
-44.5921
-44.6116
-44.6412
-44.6846
-44.7474
-44.8374
-44.966
-45.1479
-45.3989
-45.7288
-46.1141
-46.3964
-46.1742
-44.3585
-44.3635
-44.3742
-44.3922
-44.4204
-44.4632
-44.5275
-44.6239
-44.769
-44.9887
-45.323
-45.831
-46.5741
-47.4044
-46.782
-44.1385
-44.1422
-44.1506
-44.1652
-44.189
-44.2265
-44.2852
-44.3767
-44.5203
-44.7493
-45.1243
-45.77
-46.9737
-49.4201
-54.7523
-43.9153
-43.9173
-43.9222
-43.9314
-43.9475
-43.9748
-44.0199
-44.0934
-44.2126
-44.4078
-44.7354
-45.3216
-46.5105
-49.4307
-58.6435
-60.1523
-50.7463
-47.7366
-46.4986
-45.8789
-45.5263
-45.311
-45.1751
-45.088
-45.0318
-44.9956
-44.9726
-44.9584
-44.9503
-44.9466
-56.5498
-50.76
-48.1857
-46.9251
-46.2433
-45.8421
-45.5926
-45.4323
-45.3274
-45.258
-45.2119
-45.1817
-45.1623
-45.1509
-45.1456
-47.589
-48.5395
-47.7227
-46.9496
-46.4109
-46.0519
-45.8123
-45.6512
-45.542
-45.4676
-45.4168
-45.3826
-45.3602
-45.3467
-45.3404
-47.3591
-47.5454
-47.2299
-46.8112
-46.4521
-46.1778
-45.9775
-45.8342
-45.7324
-45.6604
-45.6098
-45.5748
-45.5514
-45.5371
-45.5303
-47.0058
-46.8987
-46.809
-46.6314
-46.4324
-46.2516
-46.1034
-45.9885
-45.902
-45.8381
-45.7916
-45.7584
-45.7358
-45.7218
-45.715
-45.6233
-46.2389
-46.4495
-46.4662
-46.3983
-46.3019
-46.2061
-46.1232
-46.0559
-46.0034
-45.9635
-45.9343
-45.9138
-45.9009
-45.8946
-44.9291
-45.8595
-46.2251
-46.3596
-46.3821
-46.351
-46.3001
-46.2471
-46.1994
-46.1595
-46.1277
-46.1035
-46.086
-46.0748
-46.0693
-45.7596
-45.8711
-46.1614
-46.3306
-46.4012
-46.4129
-46.3957
-46.3675
-46.3374
-46.3097
-46.2862
-46.2674
-46.2535
-46.2443
-46.2397
-44.3543
-45.7576
-46.1822
-46.3698
-46.4595
-46.4942
-46.4989
-46.4893
-46.4737
-46.4567
-46.4409
-46.4275
-46.4171
-46.41
-46.4065
-47.1201
-46.3228
-46.3678
-46.477
-46.554
-46.5954
-46.6124
-46.6153
-46.6107
-46.6026
-46.5935
-46.5849
-46.5778
-46.5728
-46.5703
-45.3064
-46.302
-46.5092
-46.6062
-46.6715
-46.7127
-46.7358
-46.7468
-46.7502
-46.7489
-46.7453
-46.7408
-46.7366
-46.7335
-46.7318
-47.7799
-46.8278
-46.7273
-46.7573
-46.8039
-46.8417
-46.8676
-46.8838
-46.8927
-46.8965
-46.8971
-46.896
-46.8942
-46.8926
-46.8916
-45.9485
-46.7612
-46.8552
-46.8967
-46.9405
-46.9781
-47.0063
-47.026
-47.0387
-47.046
-47.0497
-47.051
-47.0511
-47.0507
-47.0503
-48.3605
-47.1925
-47.02
-47.0342
-47.0795
-47.1203
-47.1511
-47.1732
-47.1882
-47.1978
-47.2035
-47.2064
-47.2078
-47.2082
-47.2083
-46.7882
-46.9316
-47.0553
-47.15
-47.2199
-47.2686
-47.3021
-47.3254
-47.3414
-47.352
-47.3586
-47.3625
-47.3645
-47.3655
-47.3659
-45.1226
-46.6834
-47.1112
-47.2827
-47.3732
-47.4266
-47.4603
-47.4828
-47.4982
-47.5085
-47.5152
-47.5193
-47.5216
-47.5227
-47.5232
-47.8478
-47.2208
-47.3454
-47.4714
-47.5506
-47.5974
-47.6263
-47.6454
-47.6585
-47.6673
-47.6731
-47.6767
-47.6788
-47.6799
-47.6804
-45.5462
-47.2352
-47.5789
-47.6925
-47.7484
-47.78
-47.7993
-47.8123
-47.8215
-47.8279
-47.8321
-47.8348
-47.8363
-47.837
-47.8373
-49.7133
-48.1829
-47.9726
-47.9534
-47.9615
-47.9701
-47.9767
-47.9821
-47.9864
-47.9896
-47.9918
-47.9931
-47.9937
-47.9939
-47.994
-47.314
-48.2128
-48.234
-48.195
-48.1724
-48.1609
-48.1552
-48.1528
-48.152
-48.1518
-48.1516
-48.1513
-48.1509
-48.1505
-48.1503
-50.196
-48.8512
-48.5375
-48.4249
-48.3739
-48.3469
-48.3314
-48.3224
-48.317
-48.3135
-48.311
-48.309
-48.3075
-48.3064
-48.3059
-48.1186
-48.7725
-48.7019
-48.6116
-48.5571
-48.5241
-48.5032
-48.4897
-48.4807
-48.4743
-48.4696
-48.466
-48.4633
-48.4615
-48.4606
-50.5149
-49.1959
-48.8801
-48.7734
-48.7234
-48.6921
-48.67
-48.654
-48.6424
-48.6336
-48.6269
-48.6218
-48.618
-48.6155
-48.6142
-48.9116
-48.9217
-48.9134
-48.8957
-48.875
-48.853
-48.8326
-48.8156
-48.8019
-48.7912
-48.7827
-48.7761
-48.7713
-48.7681
-48.7665
-47.3073
-48.6592
-48.9535
-49.0199
-49.0258
-49.0119
-48.9929
-48.9749
-48.9595
-48.9468
-48.9366
-48.9288
-48.9229
-48.9191
-48.9172
-49.8013
-49.1304
-49.152
-49.1859
-49.1887
-49.1736
-49.1528
-49.1325
-49.1149
-49.1003
-49.0886
-49.0795
-49.0727
-49.0683
-49.0661
-47.7359
-49.1196
-49.3424
-49.3733
-49.3623
-49.3385
-49.3123
-49.2884
-49.2682
-49.2516
-49.2383
-49.228
-49.2204
-49.2154
-49.2129
-51.2994
-49.914
-49.6663
-49.5896
-49.5433
-49.5042
-49.4703
-49.442
-49.4189
-49.4003
-49.3855
-49.3741
-49.3658
-49.3603
-49.3576
-49.2469
-49.9174
-49.8718
-49.7845
-49.7175
-49.6656
-49.6245
-49.592
-49.5663
-49.5459
-49.53
-49.5177
-49.5087
-49.5028
-49.4999
-51.5709
-50.4173
-50.1066
-49.9651
-49.8795
-49.8188
-49.7728
-49.7375
-49.7099
-49.6883
-49.6714
-49.6584
-49.649
-49.6428
-49.6398
-49.8654
-50.3308
-50.2241
-50.1066
-50.0226
-49.961
-49.9139
-49.8776
-49.8493
-49.827
-49.8096
-49.7963
-49.7865
-49.7802
-49.777
-51.7125
-50.6407
-50.3495
-50.2246
-50.1487
-50.0923
-50.0477
-50.0124
-49.9844
-49.9621
-49.9446
-49.9311
-49.9213
-49.9148
-49.9116
-50.4392
-50.4078
-50.3596
-50.3083
-50.2596
-50.2146
-50.1751
-50.1422
-50.1153
-50.0936
-50.0764
-50.063
-50.0532
-50.0467
-50.0435
-49.1933
-50.1855
-50.3723
-50.39
-50.3665
-50.3323
-50.2981
-50.2679
-50.2425
-50.2217
-50.205
-50.1919
-50.1823
-50.176
-50.1728
-51.0649
-50.5215
-50.5028
-50.4999
-50.4793
-50.4494
-50.4184
-50.3904
-50.3665
-50.3467
-50.3307
-50.318
-50.3087
-50.3025
-50.2994
-49.5184
-50.4921
-50.6228
-50.6219
-50.5971
-50.5665
-50.5366
-50.5101
-50.4876
-50.4688
-50.4535
-50.4414
-50.4324
-50.4264
-50.4234
-52.1015
-51.0474
-50.8342
-50.7604
-50.7172
-50.6825
-50.6526
-50.6273
-50.606
-50.5882
-50.5737
-50.5622
-50.5536
-50.5478
-50.545
-50.6215
-51.0177
-50.9492
-50.8776
-50.8299
-50.7944
-50.7656
-50.7417
-50.7218
-50.7052
-50.6915
-50.6806
-50.6723
-50.6668
-50.6641
-52.2524
-51.3099
-51.0665
-50.9779
-50.9327
-50.9009
-50.8751
-50.8535
-50.8352
-50.8197
-50.8069
-50.7966
-50.7887
-50.7835
-50.7809
-51.1623
-51.1157
-51.0766
-51.0479
-51.0247
-51.0027
-50.9819
-50.9631
-50.9465
-50.9323
-50.9202
-50.9104
-50.9029
-50.8979
-50.8954
-50.1095
-50.9155
-51.0798
-51.1138
-51.1145
-51.103
-51.0873
-51.0712
-51.0563
-51.0429
-51.0315
-51.0222
-51.015
-51.0102
-51.0077
-51.5993
-51.1602
-51.1736
-51.2026
-51.2114
-51.2056
-51.193
-51.1787
-51.1647
-51.1521
-51.1411
-51.132
-51.1251
-51.1204
-51.118
-50.3018
-51.0898
-51.2567
-51.3052
-51.3171
-51.3122
-51.3
-51.286
-51.2722
-51.2597
-51.2489
-51.24
-51.2332
-51.2285
-51.2262
-52.0054
-51.4499
-51.4224
-51.4331
-51.4332
-51.4231
-51.4085
-51.3931
-51.3788
-51.366
-51.3551
-51.3461
-51.3393
-51.3347
-51.3324
-50.5561
-51.4424
-51.5618
-51.5681
-51.5551
-51.5367
-51.5175
-51.4997
-51.4841
-51.4707
-51.4595
-51.4504
-51.4436
-51.4389
-51.4366
-52.923
-51.9669
-51.7799
-51.7164
-51.6794
-51.6501
-51.6255
-51.6049
-51.5878
-51.5736
-51.562
-51.5528
-51.5458
-51.5412
-51.5389
-51.5313
-51.9565
-51.9126
-51.8462
-51.797
-51.7598
-51.7308
-51.7078
-51.6894
-51.6745
-51.6625
-51.6531
-51.6461
-51.6414
-51.6391
-53.0354
-52.2711
-52.061
-51.9638
-51.9049
-51.8634
-51.8319
-51.8076
-51.7885
-51.7732
-51.761
-51.7515
-51.7444
-51.7397
-51.7374
-51.888
-52.2003
-52.1314
-52.0545
-51.9997
-51.9593
-51.9282
-51.904
-51.8848
-51.8695
-51.8572
-51.8477
-51.8407
-51.836
-51.8336
-53.0978
-52.3936
-52.2074
-52.1299
-52.0833
-52.0481
-52.0198
-51.9969
-51.9783
-51.9633
-51.9513
-51.9419
-51.9349
-51.9303
-51.928
-52.231
-52.2264
-52.2081
-52.1837
-52.1577
-52.1317
-52.1076
-52.0868
-52.0694
-52.0549
-52.0432
-52.034
-52.0272
-52.0226
-52.0203
-51.3715
-52.0681
-52.2132
-52.2383
-52.2311
-52.2133
-52.1933
-52.1745
-52.1582
-52.1444
-52.1331
-52.1242
-52.1175
-52.113
-52.1108
-52.6368
-52.2921
-52.3019
-52.3153
-52.3108
-52.296
-52.2781
-52.2607
-52.2452
-52.232
-52.2211
-52.2124
-52.2059
-52.2016
-52.1994
-51.5408
-52.2693
-52.3884
-52.4044
-52.3966
-52.3805
-52.3625
-52.3455
-52.3305
-52.3178
-52.3072
-52.2988
-52.2925
-52.2883
-52.2862
-53.3826
-52.669
-52.5465
-52.51
-52.487
-52.4659
-52.4463
-52.429
-52.4142
-52.4018
-52.3916
-52.3834
-52.3773
-52.3732
-52.3712
-52.2837
-52.6577
-52.6451
-52.6062
-52.575
-52.5497
-52.5285
-52.5109
-52.4962
-52.4841
-52.4742
-52.4663
-52.4604
-52.4565
-52.4545
-53.5142
-52.9143
-52.7622
-52.6967
-52.6581
-52.6302
-52.6083
-52.5908
-52.5764
-52.5647
-52.5551
-52.5475
-52.5419
-52.5381
-52.5362
-52.5791
-52.8595
-52.8193
-52.7686
-52.7327
-52.7061
-52.6852
-52.6684
-52.6548
-52.6436
-52.6344
-52.6271
-52.6217
-52.618
-52.6162
-53.606
-53.0269
-52.8837
-52.83
-52.7999
-52.7775
-52.7592
-52.744
-52.7314
-52.7208
-52.7122
-52.7052
-52.7
-52.6964
-52.6947
-52.885
-52.8912
-52.8861
-52.8748
-52.861
-52.8458
-52.8311
-52.8179
-52.8064
-52.7966
-52.7885
-52.7818
-52.7768
-52.7734
-52.7717
-52.1627
-52.7627
-52.893
-52.9213
-52.922
-52.9134
-52.902
-52.8906
-52.8803
-52.8712
-52.8634
-52.8571
-52.8522
-52.8489
-52.8472
-53.2545
-52.96
-52.9709
-52.9869
-52.9888
-52.9824
-52.9728
-52.9627
-52.9532
-52.9446
-52.9372
-52.931
-52.9263
-52.923
-52.9214
-52.3262
-52.9448
-53.0453
-53.0619
-53.0607
-53.0534
-53.044
-53.0344
-53.0253
-53.0171
-53.0099
-53.0038
-52.999
-52.9958
-52.9941
-53.9134
-53.2889
-53.1781
-53.1493
-53.136
-53.1254
-53.1153
-53.1058
-53.0969
-53.0888
-53.0815
-53.0753
-53.0705
-53.0672
-53.0655
-52.9947
-53.2759
-53.2542
-53.2257
-53.2088
-53.1967
-53.1863
-53.1768
-53.1679
-53.1596
-53.1522
-53.1458
-53.1407
-53.1372
-53.1354
-54.0629
-53.4727
-53.3351
-53.294
-53.2774
-53.2665
-53.2568
-53.2475
-53.2384
-53.2298
-53.2219
-53.2151
-53.2096
-53.2058
-53.2039
-53.364
-53.3549
-53.349
-53.3453
-53.3413
-53.3351
-53.327
-53.318
-53.3085
-53.2993
-53.2907
-53.2832
-53.2772
-53.273
-53.2708
-52.6737
-53.2347
-53.3613
-53.3967
-53.4062
-53.4047
-53.398
-53.3887
-53.3785
-53.3682
-53.3585
-53.3501
-53.3433
-53.3385
-53.3361
-53.7
-53.4156
-53.4372
-53.466
-53.478
-53.4777
-53.4707
-53.4603
-53.4485
-53.4366
-53.4254
-53.4156
-53.4077
-53.4023
-53.3995
-52.8224
-53.3837
-53.5081
-53.5469
-53.5578
-53.5552
-53.5456
-53.5327
-53.5185
-53.5043
-53.4911
-53.4796
-53.4704
-53.464
-53.4607
-54.0403
-53.655
-53.6385
-53.647
-53.6464
-53.6372
-53.6229
-53.6061
-53.5885
-53.5713
-53.5555
-53.5418
-53.5309
-53.5233
-53.5195
-53.0444
-53.6699
-53.7516
-53.7534
-53.7406
-53.7226
-53.702
-53.6801
-53.6582
-53.6373
-53.6182
-53.6018
-53.5889
-53.58
-53.5754
-54.7523
-54.062
-53.9204
-53.8697
-53.8378
-53.8096
-53.7818
-53.7542
-53.7272
-53.7018
-53.6789
-53.6593
-53.644
-53.6334
-53.628
-53.8052
-54.0728
-54.0261
-53.973
-53.932
-53.8961
-53.8616
-53.8278
-53.7951
-53.7645
-53.7371
-53.7138
-53.6956
-53.6831
-53.6767
-54.9301
-54.3018
-54.1363
-54.0678
-54.0223
-53.9815
-53.941
-53.9006
-53.8615
-53.8249
-53.7922
-53.7646
-53.7431
-53.7284
-53.7209
-54.2365
-54.2091
-54.1791
-54.1464
-54.109
-54.0664
-54.0202
-53.9726
-53.926
-53.8825
-53.8437
-53.8111
-53.7858
-53.7685
-53.7597
-53.5633
-54.1181
-54.2239
-54.2283
-54.1991
-54.1537
-54.1003
-54.0439
-53.9885
-53.9367
-53.8908
-53.8525
-53.8228
-53.8026
-53.7923
-54.6355
-54.3386
-54.3391
-54.3336
-54.2999
-54.2465
-54.1824
-54.1147
-54.0483
-53.9868
-53.9326
-53.8877
-53.853
-53.8296
-53.8177
-53.7859
-54.3523
-54.4585
-54.4584
-54.4143
-54.3464
-54.267
-54.1845
-54.1047
-54.0316
-53.968
-53.9155
-53.8755
-53.8484
-53.8348
-55.0648
-54.6855
-54.6517
-54.6138
-54.5448
-54.4543
-54.3539
-54.2525
-54.1565
-54.0699
-53.9955
-53.9348
-53.8887
-53.8578
-53.8423
-54.0873
-54.7787
-54.8477
-54.7908
-54.69
-54.5689
-54.4413
-54.3168
-54.2016
-54.0997
-54.0133
-53.9437
-53.8914
-53.8565
-53.839
-56.0006
-55.3039
-55.1312
-54.9983
-54.849
-54.688
-54.5267
-54.3746
-54.2374
-54.1186
-54.0195
-53.9406
-53.8818
-53.8429
-53.8235
-55.0286
-55.465
-55.3872
-55.217
-55.0161
-54.8071
-54.6058
-54.4219
-54.2605
-54.1237
-54.0115
-53.9234
-53.8585
-53.8157
-53.7945
-56.7644
-55.9833
-55.7073
-55.4571
-55.1886
-54.921
-54.6728
-54.4536
-54.2666
-54.1116
-53.9869
-53.8902
-53.8196
-53.7734
-53.7506
-56.033
-56.1506
-56.0095
-55.71
-55.3602
-55.0213
-54.7196
-54.4629
-54.2504
-54.0785
-53.9426
-53.8388
-53.7636
-53.7149
-53.6909
-55.2203
-56.4977
-56.4217
-55.9979
-55.5243
-55.0956
-54.7351
-54.4414
-54.2062
-54.0203
-53.8761
-53.7673
-53.6894
-53.6391
-53.6145
-58.6461
-57.7846
-57.0754
-56.3202
-55.6571
-55.1226
-54.7042
-54.3793
-54.1276
-53.9333
-53.7849
-53.6744
-53.5959
-53.5455
-53.5209
-57.5455
-58.9657
-57.7609
-56.5785
-55.7007
-55.069
-54.6084
-54.2664
-54.009
-53.8142
-53.6675
-53.5592
-53.4828
-53.4339
-53.4101
-70.018
-61.9696
-58.4311
-56.6252
-55.5733
-54.8964
-54.4303
-54.0948
-53.847
-53.6618
-53.5234
-53.4218
-53.3504
-53.305
-53.2828
-73.5207
-61.8418
-57.8979
-56.1483
-55.1855
-54.5776
-54.1613
-53.8623
-53.6416
-53.4767
-53.3537
-53.2635
-53.2001
-53.1598
-53.1401
-43.6676
-43.6673
-43.6671
-43.6683
-43.6729
-43.684
-43.7063
-43.7469
-43.8163
-43.93
-44.1078
-44.3682
-44.679
-44.6338
-41.7135
-43.3972
-43.3936
-43.3868
-43.3773
-43.3662
-43.3549
-43.3455
-43.3399
-43.3399
-43.3436
-43.3379
-43.2781
-43.0371
-42.2746
-40.3201
-43.1297
-43.1226
-43.1084
-43.0871
-43.0589
-43.0236
-42.9804
-42.9274
-42.8597
-42.7658
-42.6199
-42.3691
-41.9164
-41.1055
-39.8064
-42.8687
-42.8579
-42.8363
-42.8033
-42.7582
-42.6995
-42.6248
-42.5295
-42.4057
-42.2392
-42.005
-41.6623
-41.1549
-40.4238
-39.4618
-42.6178
-42.6036
-42.5749
-42.5309
-42.4703
-42.391
-42.2893
-42.1599
-41.9944
-41.7797
-41.4966
-41.1185
-40.6167
-39.972
-39.199
-42.3804
-42.3631
-42.3282
-42.2746
-42.2007
-42.104
-41.981
-41.8262
-41.6322
-41.3886
-41.0822
-40.6974
-40.2206
-39.6481
-38.9949
-42.1597
-42.1398
-42.0995
-42.0378
-41.9531
-41.8429
-41.7039
-41.5314
-41.3194
-41.0604
-40.746
-40.3676
-39.9199
-39.4044
-38.8338
-41.9583
-41.9362
-41.8916
-41.8234
-41.7303
-41.61
-41.4596
-41.2755
-41.0531
-40.7875
-40.4734
-40.1068
-39.6864
-39.2156
-38.7044
-41.7784
-41.7546
-41.7066
-41.6335
-41.5341
-41.4065
-41.2485
-41.0572
-40.8296
-40.5625
-40.2529
-39.8995
-39.5028
-39.0668
-38.5993
-41.6217
-41.5966
-41.546
-41.4693
-41.3654
-41.2328
-41.0699
-40.8747
-40.6451
-40.3793
-40.0759
-39.7349
-39.3579
-38.9488
-38.5138
-41.4895
-41.4635
-41.4111
-41.3318
-41.2247
-41.0889
-40.9231
-40.7259
-40.4962
-40.233
-39.9359
-39.6058
-39.2447
-38.856
-38.4452
-41.3828
-41.3561
-41.3025
-41.2214
-41.1123
-40.9745
-40.807
-40.6091
-40.3802
-40.1198
-39.8285
-39.5072
-39.1583
-38.785
-38.3917
-41.3023
-41.2752
-41.2207
-41.1385
-41.0281
-40.8891
-40.7208
-40.5228
-40.2949
-40.0372
-39.7503
-39.4357
-39.0957
-38.7332
-38.3523
-41.2485
-41.221
-41.166
-41.0831
-40.9721
-40.8324
-40.6638
-40.4659
-40.2389
-39.9831
-39.6993
-39.3892
-39.0549
-38.6995
-38.3264
-41.2215
-41.1939
-41.1386
-41.0555
-40.9441
-40.8041
-40.6354
-40.4377
-40.2111
-39.9563
-39.6741
-39.3662
-39.0348
-38.6827
-38.3135
-33.5121
-39.0556
-39.272
-35.0991
-31.1105
-20.6002
-31.7802
-36.4554
-42.5897
-42.947
-38.1067
-35.5518
-31.3529
-27.6101
-18.2192
-27.8561
-31.7439
-36.5994
-36.4786
-31.2468
-27.1745
-17.3967
-25.808
-28.967
-32.1759
-34.1598
-38.0555
-37.4944
-31.6729
-27.3727
-17.4038
-25.6462
-28.72
-31.8092
-33.7434
-37.5804
-37.0434
-31.3543
-27.1522
-17.3779
-25.7373
-28.9697
-32.453
-34.7385
-39.3819
-39.3532
-34.6271
-32.2123
-28.3843
-25.0301
-16.6475
-25.5184
-29.1971
-33.9583
-34.0266
-29.4906
-25.8606
-16.8891
-25.3898
-28.794
-32.6441
-35.0981
-39.9137
-39.756
-34.3276
-30.0694
-19.6385
-29.6488
-33.7058
-38.3848
-41.3714
-47.2238
-47.1138
-40.795
-35.7694
-23.35
-35.4327
-40.3275
-45.9758
-49.5249
-56.4194
-56.1785
-48.392
-42.2328
-27.1992
-41.1277
-46.2735
-51.3596
-50.6672
-42.3863
-37.7333
-37.8083
-37.1077
-35.1212
-32.8117
-30.5663
-33.0699
-35.6271
-37.8676
-38.1046
-36.421
-34.4146
-31.9424
-29.5037
-27.2574
-29.2197
-31.2109
-32.8416
-32.673
-30.6863
-28.3546
-25.9979
-27.6485
-29.4902
-31.3053
-32.7401
-33.8856
-33.3593
-31.0512
-28.5042
-25.9872
-27.5143
-29.2707
-31.0182
-32.4174
-33.5532
-33.0622
-30.8378
-28.397
-26.0212
-27.7014
-29.6541
-31.6832
-33.4196
-35.0045
-34.9549
-33.2583
-31.3772
-29.1482
-27.0087
-25.0978
-27.0364
-29.0372
-30.7645
-30.842
-29.2718
-27.3779
-25.5076
-27.5185
-29.7499
-32.059
-34.01
-35.7431
-35.6984
-33.8129
-31.6117
-29.4805
-31.9092
-34.612
-37.431
-39.8274
-41.9746
-41.999
-39.834
-37.2661
-34.7674
-37.7171
-40.9661
-44.3271
-47.1347
-49.5895
-49.4575
-46.6388
-43.2836
-39.8924
-42.7709
-45.6469
-47.966
-48.4949
-47.8511
-38.4457
-37.6777
-36.7946
-35.6078
-34.4203
-33.6932
-34.2819
-35.2546
-36.0301
-36.0275
-35.1999
-33.9477
-32.4832
-31.1202
-30.2347
-30.5417
-31.1965
-31.6746
-31.4854
-30.6225
-29.5706
-28.8284
-29.2137
-30.0517
-30.9825
-31.7368
-32.123
-31.7899
-30.7737
-29.5926
-28.7469
-29.0526
-29.8343
-30.7292
-31.4708
-31.8689
-31.5774
-30.633
-29.5485
-28.8242
-29.2734
-30.2287
-31.3354
-32.3191
-32.9812
-32.9288
-32.1557
-31.0432
-29.7838
-28.6586
-28.005
-28.4653
-29.2717
-29.9467
-30.0306
-29.5197
-28.8616
-28.5374
-29.3302
-30.5941
-31.9901
-33.2359
-34.1331
-34.2921
-33.7531
-33.0534
-32.7567
-33.7752
-35.351
-37.0864
-38.6425
-39.7825
-40.0375
-39.4535
-38.6633
-38.3394
-39.5709
-41.4435
-43.4757
-45.2529
-46.4847
-46.6054
-45.6582
-44.3865
-43.5574
-44.418
-45.8222
-47.1503
-48.0114
-48.6659
-38.5008
-37.7122
-36.9183
-36.0947
-35.3655
-34.9252
-34.9403
-35.1658
-35.3125
-35.1381
-34.5897
-33.7862
-32.8773
-32.0489
-31.4945
-31.3624
-31.4364
-31.4682
-31.2676
-30.8306
-30.3404
-30.0353
-30.127
-30.4794
-30.9136
-31.2638
-31.396
-31.2043
-30.7338
-30.1978
-29.8489
-29.9055
-30.2352
-30.6608
-31.0191
-31.1778
-31.0331
-30.6303
-30.1813
-29.9378
-30.1166
-30.5856
-31.1651
-31.6822
-31.9869
-31.9413
-31.542
-30.9214
-30.2265
-29.6299
-29.3086
-29.3961
-29.6955
-29.9807
-30.076
-29.9799
-29.8649
-29.9589
-30.4639
-31.2484
-32.138
-32.964
-33.5867
-33.8912
-33.925
-33.9151
-34.1396
-34.8388
-35.8605
-37.0002
-38.0572
-38.865
-39.2844
-39.3702
-39.3895
-39.6718
-40.5015
-41.6915
-42.9918
-44.1565
-44.9804
-45.2911
-45.1454
-44.8521
-44.7894
-45.2822
-46.1074
-47.0073
-47.8253
-48.6077
-38.4369
-37.7536
-37.0841
-36.4452
-35.894
-35.5008
-35.2953
-35.1901
-35.0566
-34.7868
-34.3463
-33.7759
-33.1554
-32.5824
-32.146
-31.8862
-31.7365
-31.5963
-31.39
-31.1153
-30.8433
-30.6709
-30.6645
-30.7894
-30.9654
-31.1047
-31.1354
-31.0203
-30.7884
-30.5335
-30.3673
-30.3652
-30.4982
-30.6898
-30.8549
-30.9239
-30.8606
-30.6945
-30.5187
-30.4436
-30.5425
-30.7837
-31.0851
-31.3517
-31.4977
-31.4634
-31.2474
-30.9073
-30.528
-30.2053
-30.0239
-30.0221
-30.1406
-30.2884
-30.3975
-30.4679
-30.5676
-30.7893
-31.1956
-31.7519
-32.3781
-32.9851
-33.499
-33.8804
-34.1605
-34.4398
-34.8391
-35.4385
-36.2007
-37.0333
-37.8314
-38.5069
-39.0123
-39.3831
-39.7372
-40.2164
-40.9137
-41.7808
-42.7033
-43.5513
-44.2154
-44.6341
-44.8454
-44.9857
-45.2218
-45.6679
-46.2852
-46.9824
-47.6906
-48.3975
-38.358
-37.7747
-37.2053
-36.6692
-36.1943
-35.8058
-35.5053
-35.2547
-34.9965
-34.6811
-34.2895
-33.8376
-33.3645
-32.9191
-32.5427
-32.2512
-32.0229
-31.8192
-31.6107
-31.396
-31.2025
-31.0673
-31.0127
-31.0259
-31.0702
-31.1017
-31.0848
-31.0044
-30.876
-30.7415
-30.6495
-30.6303
-30.6771
-30.7571
-30.8294
-30.8605
-30.8364
-30.7729
-30.7114
-30.699
-30.7639
-30.8955
-31.0557
-31.195
-31.2685
-31.2475
-31.1318
-30.95
-30.7482
-30.5777
-30.481
-30.4755
-30.5437
-30.6521
-30.7753
-30.914
-31.095
-31.3541
-31.7119
-32.155
-32.6461
-33.1408
-33.6025
-34.0159
-34.3976
-34.7921
-35.2507
-35.804
-36.4398
-37.1165
-37.7823
-38.3944
-38.9341
-39.4203
-39.9049
-40.4473
-41.0816
-41.7907
-42.5221
-43.2113
-43.804
-44.2759
-44.6478
-44.9818
-45.3517
-45.8075
-46.3478
-46.9418
-47.5577
-48.1765
-38.2828
-37.7756
-37.278
-36.8046
-36.37
-35.9837
-35.6431
-35.3301
-35.0183
-34.6846
-34.3195
-33.9295
-33.5337
-33.1561
-32.8171
-32.525
-32.2736
-32.049
-31.8401
-31.6462
-31.4775
-31.3475
-31.2632
-31.2177
-31.1933
-31.1684
-31.1255
-31.0578
-30.9725
-30.8884
-30.8267
-30.8006
-30.8082
-30.8355
-30.8635
-30.8767
-30.8692
-30.8487
-30.8334
-30.8432
-30.8893
-30.9665
-31.0563
-31.1337
-31.1755
-31.1681
-31.1118
-31.022
-30.9234
-30.8441
-30.807
-30.8231
-30.8892
-30.9947
-31.1312
-31.2995
-31.5103
-31.7769
-32.1056
-32.4892
-32.9094
-33.3443
-33.776
-34.1974
-34.6164
-35.0522
-35.5264
-36.051
-36.6205
-37.2154
-37.8109
-38.3862
-38.9331
-39.4602
-39.9897
-40.546
-41.1418
-41.7688
-42.4021
-43.0102
-43.5669
-44.0617
-44.5052
-44.9261
-45.3582
-45.8257
-46.333
-46.8699
-47.4209
-47.9714
-38.2144
-37.7624
-37.3155
-36.8839
-36.4757
-36.0953
-35.7408
-35.4036
-35.0712
-34.7332
-34.3848
-34.0294
-33.6762
-33.3374
-33.0236
-32.7399
-32.4855
-32.256
-32.0476
-31.8599
-31.6965
-31.562
-31.4575
-31.379
-31.3171
-31.2611
-31.202
-31.1364
-31.0674
-31.0031
-30.9528
-30.9223
-30.9111
-30.9129
-30.9192
-30.9227
-30.9209
-30.9172
-30.9193
-30.9356
-30.97
-31.0197
-31.0751
-31.1237
-31.1539
-31.1592
-31.1406
-31.1066
-31.0712
-31.0502
-31.0567
-31.0989
-31.1784
-31.2932
-31.4414
-31.6241
-31.8457
-32.1107
-32.4206
-32.7708
-33.152
-33.5528
-33.9644
-34.3828
-34.8111
-35.2573
-35.73
-36.2335
-36.7647
-37.3139
-37.8689
-38.4193
-38.9609
-39.4969
-40.0362
-40.5882
-41.1572
-41.7381
-42.3187
-42.8832
-43.4192
-43.9215
-44.3954
-44.8543
-45.314
-45.7866
-46.2758
-46.7779
-47.2849
-47.787
-38.1534
-37.7412
-37.3307
-36.9288
-36.5408
-36.1692
-35.8134
-35.4695
-35.132
-34.7962
-34.4601
-34.1257
-33.7977
-33.4827
-33.1863
-32.9122
-32.6613
-32.4326
-32.2249
-32.0384
-31.874
-31.7329
-31.6146
-31.5161
-31.4325
-31.358
-31.2878
-31.2199
-31.1554
-31.0976
-31.0504
-31.0164
-30.9952
-30.9841
-30.979
-30.9766
-30.9757
-30.9774
-30.9851
-31.0019
-31.0292
-31.0648
-31.104
-31.1404
-31.1684
-31.1852
-31.1919
-31.1937
-31.1988
-31.2167
-31.2556
-31.3214
-31.4171
-31.5439
-31.7022
-31.8932
-32.1187
-32.3804
-32.6779
-33.0083
-33.3665
-33.7464
-34.1431
-34.5543
-34.9805
-35.4246
-35.8896
-36.3766
-36.8832
-37.4044
-37.9337
-38.4655
-38.9971
-39.5291
-40.0645
-40.6064
-41.1554
-41.7083
-42.2584
-42.7978
-43.32
-43.8225
-44.3075
-44.7814
-45.2515
-45.7237
-46.2001
-46.6791
-47.1559
-47.6244
-38.1001
-37.7169
-37.3331
-36.9534
-36.5816
-36.2199
-35.8684
-35.5258
-35.19
-34.8592
-34.5328
-34.2122
-33.9003
-33.6006
-33.3167
-33.0511
-32.8049
-32.5785
-32.3718
-32.1848
-32.0179
-31.8708
-31.7428
-31.6318
-31.5348
-31.4486
-31.3703
-31.2987
-31.2338
-31.1768
-31.1293
-31.0921
-31.065
-31.0467
-31.0351
-31.0287
-31.0266
-31.0294
-31.038
-31.0536
-31.0764
-31.1051
-31.1372
-31.1694
-31.1994
-31.226
-31.2505
-31.2763
-31.3086
-31.3533
-31.4159
-31.5011
-31.6117
-31.7496
-31.9163
-32.1128
-32.3402
-32.5988
-32.8881
-33.2062
-33.55
-33.9161
-34.3015
-34.7045
-35.1245
-35.5621
-36.0179
-36.4916
-36.9812
-37.4836
-37.9951
-38.5122
-39.033
-39.5567
-40.0838
-40.6146
-41.1484
-41.6828
-42.2139
-42.7372
-43.2494
-43.7487
-44.236
-44.7141
-45.1861
-45.6548
-46.121
-46.5835
-47.0393
-47.4841
-38.0551
-37.6932
-37.329
-36.9661
-36.6076
-36.2553
-35.91
-35.5719
-35.2405
-34.9153
-34.5968
-34.286
-33.9848
-33.6956
-33.4206
-33.1616
-32.9198
-32.6958
-32.49
-32.3023
-32.1329
-31.9812
-31.8465
-31.7273
-31.6216
-31.5275
-31.4433
-31.3679
-31.3009
-31.2425
-31.1933
-31.1533
-31.1224
-31.0996
-31.084
-31.0746
-31.071
-31.073
-31.081
-31.0952
-31.1155
-31.141
-31.1704
-31.2022
-31.2355
-31.2702
-31.3075
-31.3498
-31.4008
-31.4643
-31.5444
-31.6444
-31.7671
-31.9144
-32.0879
-32.2885
-32.5169
-32.7734
-33.0573
-33.3675
-33.7019
-34.0584
-34.4351
-34.8304
-35.2435
-35.6738
-36.121
-36.5839
-37.0611
-37.5502
-38.0487
-38.5542
-39.0649
-39.5798
-40.0979
-40.6187
-41.1408
-41.6624
-42.1807
-42.6931
-43.1974
-43.6925
-44.1782
-44.6555
-45.1257
-45.5897
-46.0474
-46.4978
-46.9386
-47.3667
-38.0187
-37.6722
-37.3223
-36.9721
-36.624
-36.2799
-35.941
-35.608
-35.2814
-34.9616
-34.6493
-34.3455
-34.0518
-33.7698
-33.5011
-33.247
-33.0087
-32.7868
-32.5817
-32.3935
-32.2221
-32.0671
-31.9278
-31.8031
-31.6917
-31.5923
-31.5036
-31.4249
-31.3554
-31.2952
-31.244
-31.2017
-31.168
-31.1424
-31.1241
-31.1125
-31.1073
-31.1083
-31.1154
-31.1285
-31.1473
-31.1715
-31.2003
-31.2332
-31.27
-31.3111
-31.3576
-31.4114
-31.4753
-31.552
-31.6445
-31.7556
-31.8875
-32.0421
-32.2207
-32.4244
-32.6537
-32.9088
-33.1893
-33.4942
-33.8223
-34.1721
-34.5421
-34.9311
-35.338
-35.7618
-36.2016
-36.6562
-37.1241
-37.6035
-38.0924
-38.5889
-39.0913
-39.5983
-40.1086
-40.6212
-41.1344
-41.6468
-42.1562
-42.6608
-43.1591
-43.6498
-44.1326
-44.6074
-45.0745
-45.5337
-45.9846
-46.426
-46.8561
-47.2726
-37.9912
-37.6554
-37.3157
-36.9746
-36.6342
-36.2966
-35.963
-35.6346
-35.3122
-34.9967
-34.6891
-34.3903
-34.1017
-33.8245
-33.5601
-33.3095
-33.0738
-32.8534
-32.6489
-32.4603
-32.2875
-32.1303
-31.9879
-31.8596
-31.7445
-31.6415
-31.5497
-31.4684
-31.3969
-31.3348
-31.282
-31.2379
-31.2023
-31.1747
-31.1545
-31.1415
-31.135
-31.1351
-31.1413
-31.1536
-31.1718
-31.1955
-31.2246
-31.2589
-31.2987
-31.3444
-31.3973
-31.459
-31.5315
-31.6172
-31.7183
-31.8371
-31.9756
-32.1354
-32.3178
-32.5238
-32.7538
-33.0081
-33.2863
-33.5879
-33.9118
-34.257
-34.6223
-35.0064
-35.4084
-35.827
-36.2613
-36.7097
-37.171
-37.6435
-38.1255
-38.6154
-39.1114
-39.6123
-40.1165
-40.6228
-41.1297
-41.6356
-42.1389
-42.6381
-43.1318
-43.6189
-44.0987
-44.5708
-45.0347
-45.4899
-45.9356
-46.3706
-46.7933
-47.2019
-37.9728
-37.6438
-37.3106
-36.9753
-36.6402
-36.3069
-35.9771
-35.652
-35.3327
-35.0202
-34.7157
-34.4201
-34.1347
-33.8606
-33.5989
-33.3506
-33.1164
-32.8971
-32.6929
-32.5041
-32.3305
-32.1718
-32.0276
-31.8972
-31.7798
-31.6746
-31.5808
-31.4977
-31.4247
-31.3614
-31.3073
-31.262
-31.2251
-31.1963
-31.175
-31.1609
-31.1537
-31.153
-31.1587
-31.1706
-31.1884
-31.2121
-31.2417
-31.2772
-31.319
-31.3678
-31.4248
-31.4914
-31.5692
-31.6604
-31.7669
-31.8906
-32.0333
-32.1965
-32.3814
-32.5889
-32.8194
-33.0733
-33.3502
-33.6497
-33.9711
-34.3134
-34.6755
-35.0565
-35.4551
-35.8703
-36.3007
-36.7451
-37.2021
-37.6702
-38.1477
-38.6331
-39.125
-39.6216
-40.1218
-40.6239
-41.1266
-41.6284
-42.1278
-42.6235
-43.1141
-43.5986
-44.0762
-44.5461
-45.0076
-45.46
-45.9022
-46.3331
-46.7512
-47.1547
-37.9636
-37.6379
-37.3078
-36.9754
-36.6429
-36.3118
-35.9839
-35.6605
-35.3428
-35.032
-34.729
-34.435
-34.1511
-33.8785
-33.6181
-33.3708
-33.1375
-32.9187
-32.7147
-32.5258
-32.3518
-32.1924
-32.0474
-31.9159
-31.7974
-31.6912
-31.5964
-31.5124
-31.4387
-31.3747
-31.3199
-31.274
-31.2366
-31.2071
-31.1853
-31.1707
-31.1631
-31.1621
-31.1675
-31.1791
-31.1968
-31.2206
-31.2505
-31.2866
-31.3295
-31.3799
-31.4388
-31.5077
-31.5882
-31.682
-31.7911
-31.9172
-32.0619
-32.2268
-32.4129
-32.6211
-32.8519
-33.1056
-33.3819
-33.6804
-34.0006
-34.3415
-34.7021
-35.0815
-35.4784
-35.8918
-36.3203
-36.7627
-37.2176
-37.6835
-38.1588
-38.6421
-39.1318
-39.6263
-40.1244
-40.6245
-41.1251
-41.6249
-42.1224
-42.6163
-43.1054
-43.5886
-44.065
-44.5337
-44.994
-45.4449
-45.8853
-46.3142
-46.73
-47.1312
-52.2501
-55.7924
-55.6354
-55.0225
-54.4879
-54.0806
-53.7759
-53.5466
-53.373
-53.2413
-53.142
-53.0687
-53.0171
-52.9842
-52.9682
-50.7058
-52.8925
-53.6229
-53.7162
-53.5994
-53.4358
-53.2799
-53.1467
-53.0381
-52.9519
-52.885
-52.8347
-52.7988
-52.7758
-52.7645
-50.0774
-51.4488
-52.2477
-52.62
-52.7578
-52.7834
-52.7612
-52.7223
-52.6809
-52.6431
-52.6113
-52.5862
-52.5677
-52.5556
-52.5496
-49.5907
-50.5777
-51.2991
-51.7584
-52.0283
-52.1788
-52.2593
-52.3004
-52.32
-52.3284
-52.331
-52.331
-52.3302
-52.3292
-52.3287
-49.1827
-49.9722
-50.6125
-51.0864
-51.4182
-51.6442
-51.7967
-51.8999
-51.9705
-52.0193
-52.0533
-52.0768
-52.0927
-52.1025
-52.1072
-48.8427
-49.5161
-50.0926
-50.5564
-50.914
-51.1832
-51.3835
-51.5322
-51.6428
-51.7251
-51.786
-51.8304
-51.8613
-51.8809
-51.8904
-48.5588
-49.1568
-49.6854
-50.1326
-50.4984
-50.791
-51.0219
-51.2027
-51.3434
-51.4523
-51.5354
-51.5973
-51.6413
-51.6694
-51.6832
-48.3206
-48.867
-49.3599
-49.7902
-50.156
-50.4606
-50.7105
-50.9132
-51.076
-51.2052
-51.3059
-51.3822
-51.437
-51.4724
-51.4898
-48.1205
-48.6307
-49.0969
-49.5125
-49.8748
-50.1849
-50.4463
-50.6637
-50.8423
-50.9867
-51.101
-51.1886
-51.2521
-51.2935
-51.3138
-47.954
-48.4384
-48.8848
-49.2882
-49.6459
-49.958
-50.2261
-50.4532
-50.6428
-50.7982
-50.9228
-51.0191
-51.0895
-51.1355
-51.1582
-47.8181
-48.284
-48.7159
-49.1096
-49.4629
-49.775
-50.0469
-50.2803
-50.4774
-50.6408
-50.7728
-50.8757
-50.9513
-51.0009
-51.0254
-47.711
-48.1639
-48.5852
-48.9715
-49.3209
-49.6325
-49.9064
-50.1437
-50.3458
-50.5147
-50.6521
-50.7597
-50.839
-50.8913
-50.9172
-47.6315
-48.0755
-48.4894
-48.8705
-49.2169
-49.5277
-49.8026
-50.0422
-50.2476
-50.4201
-50.5611
-50.672
-50.754
-50.8081
-50.8349
-47.5789
-48.0174
-48.4266
-48.8043
-49.1487
-49.4587
-49.7341
-49.9751
-50.1824
-50.3571
-50.5003
-50.6132
-50.6969
-50.7521
-50.7796
-47.5527
-47.9885
-48.3955
-48.7716
-49.1149
-49.4245
-49.7001
-49.9416
-50.1498
-50.3256
-50.4698
-50.5837
-50.6682
-50.724
-50.7518
)
;

boundaryField
{
    hot
    {
        type            calculated;
        value           nonuniform List<scalar> 
120
(
-48.0518
-48.0756
-48.1231
-48.1942
-48.2885
-48.4054
-48.544
-48.7034
-48.8817
-49.0769
-49.2864
-49.5068
-49.7343
-49.965
-50.1944
-50.3997
-50.5803
-50.7528
-50.9158
-51.0683
-51.2093
-51.3387
-51.4562
-51.5622
-51.6569
-51.7409
-51.8147
-51.8789
-51.9341
-51.9809
-52.0198
-52.0514
-52.0763
-52.0947
-52.1073
-52.1142
-52.116
-52.1129
-52.1053
-52.0932
-52.077
-52.0569
-52.033
-52.0054
-51.9743
-51.9398
-51.902
-51.8608
-51.8164
-51.7688
-51.7179
-51.6639
-51.6066
-51.546
-51.4821
-51.4149
-51.3443
-51.2703
-51.1927
-51.1116
-51.0267
-50.9382
-50.8458
-50.7496
-50.6493
-50.5451
-50.4368
-50.3243
-50.2077
-50.0869
-49.9618
-49.8325
-49.699
-49.5614
-49.4196
-49.2737
-49.1239
-48.9703
-48.8131
-48.6524
-48.4884
-48.3213
-48.1515
-47.9791
-47.8043
-47.6276
-47.449
-47.269
-47.0876
-46.905
-46.7214
-46.5367
-46.3508
-46.1637
-45.9749
-45.7842
-45.5911
-45.3951
-45.1958
-44.9925
-44.7851
-44.5734
-44.3573
-44.1376
-43.9148
-43.6678
-43.3981
-43.1315
-42.8714
-42.6213
-42.3847
-42.1646
-41.9638
-41.7843
-41.6279
-41.496
-41.3895
-41.3091
-41.2553
-41.2283
)
;
    }
    cold
    {
        type            calculated;
        value           nonuniform List<scalar> 
120
(
-42.4832
-42.5083
-42.5582
-42.6329
-42.7317
-42.854
-42.9989
-43.165
-43.3506
-43.5536
-43.7713
-44.0006
-44.2382
-44.4805
-44.7241
-44.9457
-45.1443
-45.3388
-45.5286
-45.7134
-45.893
-46.068
-46.2386
-46.4056
-46.5696
-46.7314
-46.8914
-47.0502
-47.2083
-47.366
-47.5233
-47.6805
-47.8374
-47.994
-48.1502
-48.3057
-48.4604
-48.6139
-48.7661
-48.9167
-49.0655
-49.2123
-49.3569
-49.4992
-49.639
-49.7762
-49.9108
-50.0427
-50.172
-50.2986
-50.4227
-50.5443
-50.6634
-50.7802
-50.8947
-51.0071
-51.1174
-51.2256
-51.3318
-51.4361
-51.5383
-51.6385
-51.7368
-51.8331
-51.9274
-52.0198
-52.1103
-52.1989
-52.2857
-52.3707
-52.454
-52.5357
-52.6157
-52.6942
-52.7712
-52.8468
-52.9209
-52.9937
-53.065
-53.135
-53.2034
-53.2703
-53.3355
-53.3987
-53.4599
-53.5185
-53.5742
-53.6266
-53.6751
-53.719
-53.7575
-53.7898
-53.8148
-53.8314
-53.8385
-53.8347
-53.8187
-53.7892
-53.745
-53.6849
-53.6084
-53.5148
-53.4042
-53.2774
-53.1353
-52.9642
-52.7617
-52.5481
-52.3285
-52.1083
-51.8928
-51.6866
-51.4941
-51.3189
-51.1639
-51.0315
-50.9237
-50.8416
-50.7864
-50.7587
)
;
    }
    interface_left
    {
        type            calculated;
        value           nonuniform List<scalar> 
90
(
-73.8409
-65.4517
-54.0386
-53.7309
-53.7742
-53.0004
-52.0267
-53.414
-52.0539
-53.938
-52.7619
-53.6628
-52.9524
-53.3384
-53.013
-52.8156
-52.9558
-52.8981
-52.7644
-52.8799
-52.5436
-52.7253
-52.9798
-52.518
-53.0117
-52.319
-53.0408
-51.8656
-52.6703
-51.7183
-52.3293
-52.9791
-51.9858
-52.9963
-51.7252
-53.0402
-51.0251
-52.4024
-50.8743
-51.8771
-52.916
-51.367
-52.9386
-50.9944
-53.0058
-49.9499
-52.0347
-49.7471
-51.2521
-52.803
-50.4947
-52.829
-49.9361
-52.9112
-48.3804
-51.4481
-48.0756
-50.2697
-52.515
-49.1319
-52.4786
-48.2959
-52.4987
-46.0862
-50.3445
-45.6794
-48.6485
-51.6256
-47.0541
-51.3671
-45.9396
-51.1481
-43.2573
-48.3108
-42.9214
-46.2414
-49.3938
-44.4707
-48.6586
-43.504
-47.9458
-41.732
-45.3571
-42.6294
-44.4434
-45.473
-45.8698
-45.7663
-58.43
-65.7452
)
;
    }
    interface_right
    {
        type            calculated;
        value           nonuniform List<scalar> 
90
(
-67.3874
-60.5927
-46.2717
-47.0744
-47.0997
-45.1796
-44.2599
-45.8237
-43.2502
-47.9019
-44.4601
-48.626
-45.2109
-49.3639
-46.7149
-43.8757
-48.5231
-44.1234
-51.0559
-46.4604
-51.3061
-47.4499
-51.5932
-48.9012
-46.1935
-50.4677
-46.5436
-52.4882
-48.5799
-52.5045
-49.3619
-52.5736
-50.4489
-48.3633
-51.586
-48.6661
-52.9917
-50.2005
-53.0127
-51.1864
-49.4385
-52.0321
-49.644
-52.5262
-49.7783
-53.7344
-51.1003
-53.6517
-51.5516
-53.6663
-52.2291
-50.7954
-52.9794
-50.9145
-53.9978
-51.9186
-54.0044
-52.2882
-54.0779
-52.8786
-51.6685
-53.5478
-51.7931
-54.4481
-52.71
-54.5457
-53.3692
-52.2125
-53.9871
-52.3565
-54.4029
-52.4943
-55.3341
-53.5214
-55.4366
-54.2493
-53.1006
-54.9279
-53.3114
-55.4205
-53.4786
-56.5875
-54.5883
-57.3881
-55.9009
-54.048
-59.1897
-55.5918
-75.6861
-82.4069
)
;
    }
    interface_top
    {
        type            calculated;
        value           nonuniform List<scalar> 
90
(
-33.5121
-39.0556
-39.272
-35.0991
-31.1105
-20.6002
-31.7802
-36.4554
-42.5897
-42.947
-38.1067
-35.5518
-31.3529
-27.6101
-18.2192
-27.8561
-31.7439
-36.5994
-36.4786
-31.2468
-27.1745
-17.3967
-25.808
-28.967
-32.1759
-34.1598
-38.0555
-37.4944
-31.6729
-27.3727
-17.4038
-25.6462
-28.72
-31.8092
-33.7434
-37.5804
-37.0434
-31.3543
-27.1522
-17.3779
-25.7373
-28.9697
-32.453
-34.7385
-39.3819
-39.3532
-34.6271
-32.2123
-28.3843
-25.0301
-16.6475
-25.5184
-29.1971
-33.9583
-34.0266
-29.4906
-25.8606
-16.8891
-25.3898
-28.794
-32.6441
-35.0981
-39.9137
-39.756
-34.3276
-30.0694
-19.6385
-29.6488
-33.7058
-38.3848
-41.3714
-47.2238
-47.1138
-40.795
-35.7694
-23.35
-35.4327
-40.3275
-45.9758
-49.5249
-56.4194
-56.1785
-48.392
-42.2328
-27.1992
-41.1277
-46.2735
-51.3596
-50.6672
-42.3863
)
;
    }
    interface_bottom
    {
        type            calculated;
        value           nonuniform List<scalar> 
90
(
-37.4351
-42.7078
-40.3006
-26.2257
-40.1438
-45.4875
-51.0114
-54.3835
-60.8516
-60.331
-52.0947
-47.9465
-41.5785
-36.3217
-23.7425
-36.1049
-41.023
-47.0808
-47.0389
-40.9475
-37.8274
-32.9524
-28.845
-18.9216
-28.6404
-32.4275
-36.9266
-36.5952
-31.0102
-26.8663
-17.2345
-25.4643
-28.5534
-31.7167
-33.6122
-37.25
-36.6399
-30.8956
-26.7423
-17.213
-25.5742
-28.8297
-32.4009
-34.646
-39.0677
-38.9392
-34.0815
-31.6735
-28.0099
-24.7462
-16.5316
-25.4942
-29.1737
-33.8497
-33.8703
-29.2572
-25.621
-16.7256
-25.241
-28.6098
-32.3583
-34.6156
-38.8722
-38.4761
-32.8017
-28.5467
-18.4758
-27.7385
-31.3579
-35.3059
-37.6802
-42.163
-41.6671
-35.4202
-30.7818
-19.8818
-29.7857
-33.6486
-37.8514
-40.4107
-45.2975
-44.8108
-38.1983
-33.2288
-21.4792
-32.3235
-36.4116
-40.6502
-40.3492
-34.4359
)
;
    }
    defaultFaces
    {
        type            empty;
    }
}


// ************************************************************************* //
