/*--------------------------------*- C++ -*----------------------------------*\
| =========                 |                                                 |
| \\      /  F ield         | OpenFOAM: The Open Source CFD Toolbox           |
|  \\    /   O peration     | Version:  5.x                                   |
|   \\  /    A nd           | Web:      www.OpenFOAM.org                      |
|    \\/     M anipulation  |                                                 |
\*---------------------------------------------------------------------------*/
FoamFile
{
    version     2.0;
    format      ascii;
    class       volScalarField;
    location    "0.2";
    object      gradTy;
}
// * * * * * * * * * * * * * * * * * * * * * * * * * * * * * * * * * * * * * //

dimensions      [0 -1 0 1 0 0 0];

internalField   nonuniform List<scalar> 
6300
(
32262.4
32187.3
32112.5
32037.9
31963.9
31890.4
31817.7
31746
31675.3
31605.8
31537.6
31471
31405.9
31342.7
31281.4
-0.0980183
-0.294619
-0.492876
-0.69375
-0.897948
-1.10583
-1.31727
-1.53161
-1.74746
-1.96272
-2.17457
-2.37951
-2.57368
-2.7531
-2.91415
-0.162706
-0.489123
-0.818458
-1.15241
-1.4923
-1.83884
-2.19198
-2.55068
-2.91273
-3.27462
-3.63149
-3.97734
-4.30533
-4.60838
-4.88
-0.226366
-0.680606
-1.13926
-1.60495
-2.07975
-2.56496
-3.06076
-3.56598
-4.07768
-4.59095
-5.0988
-5.5923
-6.06106
-6.49419
-6.88156
-0.288483
-0.867554
-1.45284
-2.0481
-2.65644
-3.28001
-3.91959
-4.57415
-5.2403
-5.91185
-6.57951
-7.23092
-7.85121
-8.42439
-8.93536
-0.348435
-1.04814
-1.75621
-2.47781
-3.21744
-3.97848
-4.76278
-5.56993
-6.39656
-7.23554
-8.07523
-8.89925
-9.68693
-10.4151
-11.0614
-0.405497
-1.22017
-2.04573
-2.88908
-3.75645
-4.65301
-5.58226
-6.5452
-7.53929
-8.5571
-9.585
-10.6021
-11.5801
-12.4856
-13.2847
-0.458831
-1.38111
-2.31714
-3.27585
-4.26565
-5.29406
-6.36706
-7.48814
-8.65687
-9.86693
-11.1037
-12.3418
-13.5434
-14.66
-15.6387
-0.507474
-1.52805
-2.56549
-3.63098
-4.73551
-5.88957
-7.10261
-8.38202
-9.73143
-11.1481
-12.6189
-14.1154
-15.5891
-16.9693
-18.1712
-0.550404
-1.65787
-2.78536
-3.94646
-5.15501
-6.42505
-7.77049
-9.2043
-10.7369
-12.3729
-14.1058
-15.9092
-17.7253
-19.4536
-20.9539
-0.586594
-1.76739
-2.97116
-4.21383
-5.51215
-6.884
-8.34857
-9.92608
-11.6368
-13.4983
-15.5194
-17.6875
-19.946
-22.1623
-24.1019
-0.61509
-1.85365
-3.11761
-4.42486
-5.7948
-7.24903
-8.81218
-10.5128
-12.3837
-14.4618
-16.7834
-19.372
-22.2052
-25.1434
-27.8118
-0.635121
-1.91422
-3.22027
-4.57251
-5.9922
-7.50385
-9.13676
-10.9272
-12.9213
-15.179
-17.7773
-20.8084
-24.3554
-28.389
-32.4448
-0.646198
-1.94757
-3.27627
-4.65196
-6.09664
-7.63612
-9.30219
-11.1359
-13.193
-15.5532
-18.3354
-21.7252
-26.0141
-31.607
-38.6409
-0.648211
-1.95331
-3.28482
-4.66172
-6.10528
-7.6405
-9.29835
-11.1193
-13.1596
-15.5026
-18.2826
-21.739
-26.3634
-33.3782
-46.6441
31227
31179
31132.5
31087.5
31044.1
31002.4
30962.2
30923.6
30886.7
30851.4
30817.7
30785.5
30755
30725.9
30698.4
30672.3
30647.6
30624.2
30602.1
30581.3
30561.7
30543.2
30525.8
30509.4
30493.9
30479.3
30465.6
30452.6
30440.4
30428.8
30417.9
30407.5
30397.6
30388.3
30379.3
30370.8
30362.6
30354.7
30347.1
30339.7
30332.5
30325.5
30318.6
30311.8
30305.1
30298.3
30291.6
30284.8
30278
30271
30263.9
30256.6
30249.1
30241.3
30233.3
30224.9
30216.1
30206.9
30197.2
30187.1
30176.3
30165
30153
30140.3
30126.9
30112.6
30097.5
30081.4
30064.3
30046.2
30026.9
30006.5
29984.9
29962
29937.7
29912
29884.9
29856.2
29826
29794.2
29760.8
29725.7
29688.9
29650.5
29610.4
29568.5
29525
29479.9
29433.1
29384.8
-3.04228
-3.14273
-3.22653
-3.29353
-3.34395
-3.37824
-3.39689
-3.4004
-3.38918
-3.3636
-3.32407
-3.27108
-3.20535
-3.1278
-3.03958
-2.94203
-2.8366
-2.72477
-2.60798
-2.48758
-2.36484
-2.24087
-2.11667
-1.99314
-1.87104
-1.75103
-1.63362
-1.51923
-1.40816
-1.30061
-1.1967
-1.09646
-0.999845
-0.906769
-0.817075
-0.730562
-0.646991
-0.566098
-0.487599
-0.411199
-0.336597
-0.263481
-0.191529
-0.120408
-0.049773
0.0207294
0.091453
0.162746
0.234945
0.308367
0.383312
0.460059
0.53887
0.619992
0.703655
0.790071
0.879434
0.971917
1.06767
1.16681
1.26943
1.3756
1.48533
1.59854
1.71512
1.83481
1.95728
2.08206
2.20857
2.33612
2.46389
2.59091
2.7161
2.83822
2.95587
3.06757
3.17171
3.2667
3.35092
3.42283
3.48094
3.52381
3.55008
3.55844
3.54772
3.51692
3.4654
3.39293
3.29985
3.18705
-5.09544
-5.26375
-5.4036
-5.5149
-5.59824
-5.65456
-5.68489
-5.69009
-5.67083
-5.62761
-5.56096
-5.47159
-5.36061
-5.22957
-5.08046
-4.91563
-4.7376
-4.54895
-4.35216
-4.14955
-3.9432
-3.73499
-3.52661
-3.31952
-3.115
-2.91415
-2.71782
-2.5267
-2.34128
-2.16186
-1.98862
-1.82161
-1.66075
-1.50587
-1.35671
-1.2129
-1.07404
-0.939674
-0.809314
-0.682467
-0.558629
-0.437285
-0.3179
-0.199917
-0.0827558
0.0341819
0.151498
0.269783
0.389604
0.511496
0.635955
0.763445
0.894402
1.02924
1.16833
1.31205
1.46071
1.6146
1.77398
1.93906
2.11001
2.28693
2.46988
2.65879
2.85344
3.05346
3.25829
3.46716
3.67911
3.89298
4.10742
4.32085
4.53145
4.73716
4.93562
5.12427
5.30039
5.46122
5.60403
5.72622
5.82531
5.89892
5.94475
5.96056
5.94422
5.89393
5.80837
5.68704
5.5304
5.34
-7.18737
-7.42493
-7.6209
-7.77563
-7.8905
-7.96739
-8.00813
-8.01409
-7.98609
-7.92455
-7.82982
-7.7026
-7.54427
-7.35698
-7.14373
-6.90804
-6.65379
-6.38483
-6.10479
-5.81698
-5.52437
-5.22955
-4.93487
-4.6424
-4.35393
-4.07099
-3.79479
-3.52624
-3.26599
-3.01445
-2.77181
-2.53812
-2.31325
-2.09695
-1.8888
-1.68829
-1.49478
-1.30762
-1.12609
-0.949507
-0.777159
-0.608339
-0.442308
-0.278283
-0.115439
0.0470848
0.210159
0.374638
0.541331
0.710993
0.884316
1.06194
1.24447
1.43247
1.6265
1.82706
2.03462
2.24958
2.4723
2.70308
2.94218
3.18981
3.44608
3.71097
3.98423
4.2654
4.55368
4.848
5.14702
5.44913
5.75247
6.05487
6.35383
6.64643
6.92933
7.19878
7.45078
7.6813
7.88637
8.06233
8.20573
8.31333
8.38187
8.4081
8.38873
8.32077
8.20192
8.03103
7.80855
7.53666
-9.33584
-9.6442
-9.89575
-10.0918
-10.2355
-10.3304
-10.3795
-10.3851
-10.3478
-10.2674
-10.1437
-9.97683
-9.76813
-9.5205
-9.23813
-8.92621
-8.59033
-8.23594
-7.868
-7.49087
-7.1083
-6.7236
-6.33972
-5.95933
-5.58477
-5.21804
-4.86067
-4.51381
-4.17818
-3.85423
-3.54215
-3.24195
-2.95347
-2.67633
-2.40996
-2.15363
-1.90645
-1.66749
-1.4358
-1.21048
-0.99064
-0.775403
-0.563845
-0.354964
-0.147671
0.0591903
0.266801
0.476312
0.6888
0.905242
1.12651
1.35341
1.58669
1.82709
2.07532
2.33206
2.59792
2.87344
3.15905
3.45515
3.76211
4.08026
4.40988
4.75105
5.1036
5.46698
5.84021
6.22189
6.61023
7.0032
7.39846
7.79336
8.18479
8.56902
8.94162
9.2975
9.63112
9.93685
10.2094
10.4439
10.6362
10.7823
10.8782
10.9194
10.9013
10.8189
10.6683
10.4473
10.1558
9.79682
-11.5626
-11.9433
-12.2484
-12.4815
-12.6488
-12.7571
-12.8118
-12.8159
-12.7695
-12.671
-12.5181
-12.3096
-12.0466
-11.7327
-11.3739
-10.9779
-10.5527
-10.1058
-9.64389
-9.17214
-8.69499
-8.21624
-7.7394
-7.26776
-6.80431
-6.35158
-5.91148
-5.48527
-5.07367
-4.67704
-4.29551
-3.92906
-3.57748
-3.24031
-2.91679
-2.60589
-2.30637
-2.01697
-1.73642
-1.46362
-1.19754
-0.937196
-0.681537
-0.429352
-0.17926
0.0702538
0.320758
0.573769
0.830666
1.09265
1.36073
1.63584
1.91882
2.21059
2.51206
2.82412
3.14755
3.48298
3.83092
4.19182
4.56615
4.95445
5.35725
5.77494
6.20754
6.65453
7.11469
7.5862
8.06678
8.55388
9.0448
9.53658
10.0257
10.5078
10.9774
11.4275
11.8507
12.2391
12.5858
12.8849
13.1316
13.3218
13.4513
13.5144
13.5042
13.413
13.234
12.9626
12.5981
12.144
-13.8948
-14.3486
-14.7022
-14.9633
-15.1445
-15.2586
-15.315
-15.3176
-15.2648
-15.1513
-14.971
-14.7197
-14.3972
-14.0084
-13.5624
-13.0708
-12.5455
-11.997
-11.4336
-10.861
-10.2839
-9.70612
-9.13167
-8.56453
-8.00859
-7.46715
-6.94251
-6.43593
-5.94786
-5.47837
-5.02743
-4.59503
-4.18102
-3.7849
-3.40569
-3.04196
-2.69196
-2.35387
-2.02606
-1.70722
-1.3963
-1.09235
-0.794309
-0.500781
-0.21005
0.0798793
0.371113
0.66566
0.965268
1.27134
1.58496
1.90704
2.23847
2.58032
2.93377
3.30003
3.68012
4.07476
4.4844
4.90942
5.35035
5.80801
6.28342
6.77758
7.29098
7.82327
8.37295
8.93752
9.51392
10.099
10.6897
11.2833
11.8763
12.4642
13.0403
13.5955
14.1192
14.6004
15.0296
15.3998
15.7066
15.9472
16.1179
16.2127
16.2215
16.1315
15.9304
15.6099
15.1674
14.6071
-16.3695
-16.8955
-17.2863
-17.5578
-17.7345
-17.841
-17.8936
-17.8974
-17.8462
-17.7271
-17.5257
-17.2317
-16.843
-16.3665
-15.8167
-15.2124
-14.572
-13.9103
-13.2368
-12.5569
-11.8742
-11.1919
-10.5141
-9.8459
-9.19275
-8.55927
-7.94826
-7.36063
-6.79599
-6.25365
-5.73329
-5.23512
-4.75936
-4.30567
-3.87282
-3.45874
-3.06081
-2.67635
-2.30314
-1.93972
-1.58527
-1.23925
-0.900754
-0.568323
-0.239782
0.0875736
0.416685
0.75029
1.09063
1.43926
1.79716
2.16496
2.54337
2.93361
3.33735
3.75637
4.19213
4.64536
5.11618
5.60456
6.11093
6.63649
7.18312
7.75299
8.34772
8.96742
9.61017
10.2722
10.9489
11.6361
12.3308
13.0309
13.7343
14.4374
15.1329
15.8084
16.4482
17.0357
17.5573
18.0047
18.3757
18.6714
18.8925
19.0332
19.0792
19.008
18.7972
18.4311
17.9045
17.223
-19.0404
-19.634
-20.0394
-20.286
-20.4227
-20.4981
-20.54
-20.5537
-20.5229
-20.4197
-20.2121
-19.879
-19.4144
-18.8296
-18.1492
-17.4056
-16.6294
-15.8407
-15.0495
-14.2575
-13.4646
-12.6718
-11.8834
-11.1063
-10.3493
-9.6198
-8.92111
-8.25299
-7.61272
-6.99795
-6.40786
-5.84357
-5.30654
-4.79698
-4.31344
-3.85273
-3.41072
-2.98303
-2.56649
-2.15959
-1.76241
-1.37552
-0.998663
-0.63041
-0.267909
0.0926823
0.45577
0.825257
1.20411
1.59395
1.99528
2.40778
2.83149
3.26778
3.71923
4.18901
4.67939
5.19108
5.72314
6.27429
6.84443
7.43513
8.04988
8.69312
9.36902
10.0789
10.8201
11.5861
12.369
13.1627
13.9642
14.7736
15.5926
16.4215
17.2535
18.0721
18.8518
19.5647
20.1902
20.7182
21.1514
21.5011
21.7803
21.988
22.1029
22.0832
21.8849
21.4807
20.8621
20.0388
-21.9908
-22.6396
-23.0176
-23.1687
-23.1952
-23.1996
-23.2229
-23.2702
-23.3
-23.2586
-23.0754
-22.7124
-22.1557
-21.4279
-20.5705
-19.644
-18.703
-17.7735
-16.8624
-15.9586
-15.0543
-14.1451
-13.2361
-12.3377
-11.4663
-10.636
-9.85009
-9.10542
-8.39295
-7.70693
-7.04554
-6.41296
-5.81438
-5.25104
-4.72138
-4.21999
-3.74016
-3.27379
-2.8161
-2.36553
-1.92478
-1.49736
-1.0842
-0.684202
-0.293249
0.0942598
0.485738
0.886862
1.30192
1.7323
2.17753
2.63473
3.10177
3.58042
4.07507
4.59237
5.13635
5.70791
6.3031
6.91715
7.54879
8.19962
8.87609
9.58668
10.3418
11.1455
11.9946
12.8759
13.7736
14.6783
15.5859
16.502
17.4359
18.4003
19.3922
20.3908
21.3497
22.2176
22.9614
23.5654
24.0443
24.429
24.7676
25.0721
25.3161
25.4113
25.2644
24.8344
24.1096
23.118
-25.3603
-26.0305
-26.3171
-26.2254
-25.9944
-25.8693
-25.867
-26.0085
-26.1763
-26.2991
-26.1956
-25.8229
-25.1423
-24.212
-23.0905
-21.903
-20.7596
-19.68
-18.6648
-17.6608
-16.6517
-15.6187
-14.5744
-13.5309
-12.5252
-11.5889
-10.7206
-9.9123
-9.1359
-8.38123
-7.64249
-6.9341
-6.27214
-5.6572
-5.08915
-4.55674
-4.05072
-3.5525
-3.05584
-2.55769
-2.06824
-1.59891
-1.15093
-0.725091
-0.313709
0.0900779
0.501812
0.928441
1.37776
1.84941
2.34277
2.84777
3.35567
3.87041
4.39874
4.95781
5.55416
6.19127
6.85652
7.53537
8.22622
8.92793
9.65388
10.4168
11.2454
12.1473
13.1236
14.1427
15.1686
16.1901
17.1958
18.2049
19.2351
20.3392
21.5207
22.7655
23.9774
25.0475
25.9322
26.5903
27.0701
27.4202
27.8003
28.2397
28.7394
29.0838
29.0471
28.6083
27.7372
26.5579
-29.4063
-29.9683
-30.1555
-29.4769
-28.6353
-28.3567
-28.2989
-28.7045
-29.1138
-29.6621
-29.7012
-29.3751
-28.4868
-27.2706
-25.7048
-24.0984
-22.7243
-21.4941
-20.4516
-19.3712
-18.2843
-17.1096
-15.9126
-14.6709
-13.4851
-12.4449
-11.5057
-10.6743
-9.84854
-9.03353
-8.19662
-7.38922
-6.66295
-5.99655
-5.40628
-4.85611
-4.35059
-3.82947
-3.2982
-2.7377
-2.18306
-1.66996
-1.186
-0.74531
-0.323336
0.0743851
0.49642
0.937377
1.42153
1.93539
2.49149
3.05693
3.60007
4.14129
4.67859
5.27015
5.91386
6.63482
7.39111
8.13711
8.88884
9.62215
10.3793
11.153
12.0442
13.043
14.1915
15.4003
16.5708
17.725
18.8009
19.8779
20.9274
22.1666
23.557
25.187
26.808
28.1425
29.2273
29.8695
30.2797
30.3643
30.7435
31.3158
32.3816
33.3001
33.4038
32.9996
31.8034
30.5204
-34.7236
-34.4393
-35.235
-32.9566
-30.4594
-30.52
-30.0574
-31.3897
-31.846
-33.7542
-33.7289
-33.7337
-32.3013
-30.8305
-28.3761
-25.9578
-24.4812
-23.0375
-22.2928
-21.0913
-20.0437
-18.6332
-17.3157
-15.7313
-14.2361
-13.1564
-12.1362
-11.4292
-10.5465
-9.71814
-8.70899
-7.72813
-6.96813
-6.22681
-5.66617
-5.09168
-4.6734
-4.12147
-3.58301
-2.90955
-2.23829
-1.69916
-1.15887
-0.738629
-0.298069
0.0236705
0.463811
0.88418
1.42265
1.96075
2.62706
3.29857
3.84768
4.41827
4.88086
5.50796
6.16296
7.02823
7.94134
8.73146
9.5789
10.2829
11.0819
11.721
12.6891
13.724
15.1735
16.7142
17.9969
19.3735
20.4051
21.5904
22.3466
23.7757
25.2476
27.6202
30.0499
31.5951
33.1574
33.4794
33.9542
32.8798
33.4033
33.6752
36.23
38.683
38.4852
38.5248
35.988
35.4132
-43.4264
-37.3474
-44.7331
-36.7435
-28.5921
-33.4293
-29.2244
-35.3303
-32.4827
-40.6267
-37.7106
-40.16
-36.1701
-35.8064
-30.9947
-26.4611
-26.1905
-23.5749
-24.7926
-22.5911
-22.3273
-20.0244
-19.1049
-16.6647
-14.3901
-13.7835
-12.3167
-12.4386
-11.1674
-10.6643
-9.18175
-7.74992
-7.24728
-6.19765
-5.94675
-5.103
-5.18936
-4.39474
-4.06281
-3.07872
-2.10355
-1.73026
-0.959037
-0.761314
-0.101782
-0.197635
0.459606
0.6609
1.42434
1.80162
2.75541
3.7169
4.06482
4.85137
4.8468
5.70622
6.11001
7.35362
8.66969
9.24439
10.4766
10.8082
12.0156
11.8164
13.2386
13.8091
16.0254
18.4007
19.2893
21.5201
21.7889
23.9213
22.7969
25.3229
25.6406
29.9703
34.5644
35.0218
38.8715
36.8664
39.8556
33.0893
36.4197
32.7411
40.2181
47.8763
43.2178
47.7532
37.3411
43.1026
-67.1385
-20.857
-76.3619
-40.7537
-8.01206
-49.3502
-13.5347
-52.1568
-17.2844
-63.4215
-33.9624
-55.857
-34.8156
-47.187
-33.212
-20.8243
-31.2763
-18.5923
-32.2173
-21.3018
-27.5492
-19.425
-23.0859
-17.3612
-12.1432
-15.6505
-10.2108
-15.4553
-10.6837
-13.0224
-9.58253
-6.4344
-8.3149
-5.01887
-7.08176
-3.77553
-6.97476
-4.00243
-5.48242
-3.23547
-1.10227
-2.33454
0.0666448
-1.44909
1.18232
-1.50358
1.11192
-0.372003
1.98213
0.812379
2.873
5.01932
3.6509
6.42438
3.56907
6.56128
4.84834
7.57558
10.4669
8.81166
12.6728
10.0734
14.9764
9.57805
15.0155
11.5252
16.6499
22.2298
18.6504
26.4938
20.4904
30.943
17.9903
30.05
20.2549
31.9391
45.0353
33.5621
53.0147
33.0581
59.8011
18.7531
49.522
15.7344
43.9369
74.7972
34.7019
78.4965
15.3951
65.4504
29330
29268
29204.2
29138.5
29071.1
29002.1
28931.8
28860.3
28787.7
28714.2
28639.9
28565
28489.6
28413.9
28338
3.04296
2.86291
2.66437
2.45211
2.23086
2.00493
1.77795
1.55271
1.33114
1.11435
0.902756
0.696158
0.493889
0.29494
0.0980747
5.09633
4.79148
4.45534
4.09637
3.72288
3.34236
2.96101
2.58354
2.21307
1.85136
1.49895
1.15538
0.819412
0.489231
0.162665
7.18761
6.75024
6.26815
5.75426
5.22114
4.67993
4.13966
3.60693
3.08596
2.57891
2.08622
1.60696
1.1391
0.679877
0.226015
9.33375
8.75208
8.11125
7.42999
6.72624
6.01548
5.30982
4.61776
3.94433
3.29171
2.65986
2.04701
1.45009
0.865118
0.287534
11.5543
10.8111
9.99297
9.12655
8.23684
7.34457
6.46517
5.60884
4.78094
3.98305
3.21407
2.47089
1.749
1.04292
0.346542
13.873
12.9434
11.9213
10.8448
9.74854
8.65943
7.59624
6.57027
5.58633
4.64452
3.7418
2.87308
2.0319
1.21092
0.402257
16.3188
15.1667
13.9024
12.5816
11.2518
9.9472
8.6892
7.48869
6.34848
5.26584
4.2347
3.24717
2.29428
1.36646
0.453796
18.9279
17.4997
15.9378
14.3256
12.7279
11.1868
9.72364
8.34601
7.05217
5.83466
4.68313
3.58599
2.53121
1.50665
0.500205
21.7486
19.9619
18.0198
16.0515
14.1447
12.3456
10.6705
9.11823
7.67845
6.33651
5.07631
3.88179
2.73747
1.62849
0.540509
24.8585
22.5758
20.1248
17.7131
15.4513
13.378
11.4923
9.77619
8.20548
6.75544
5.40285
4.1267
2.90793
1.72909
0.57377
28.3933
25.355
22.1876
19.2223
16.5671
14.2205
12.1428
10.2871
8.61041
7.07564
5.65196
4.31348
3.038
1.80589
0.599172
32.6397
28.2576
24.0436
20.4178
17.371
14.7914
12.5691
10.6176
8.87193
7.28346
5.81482
4.4365
3.12421
1.85701
0.616121
38.2363
30.9873
25.3063
21.031
17.7044
15.0021
12.7225
10.7404
8.97476
7.37012
5.88632
4.49276
3.16482
1.88158
0.624339
45.7666
32.1441
25.1589
20.6919
17.4105
14.7874
12.5761
10.6449
8.91509
7.33461
5.86652
4.48267
3.16029
1.87988
0.62394
-0.642688
-1.93613
-3.25406
-4.61394
-6.03515
-7.54007
-9.15593
-10.9175
-12.8718
-15.0858
-17.6624
-20.7711
-24.7122
-30.0234
-37.4147
-0.631444
-1.90157
-3.19361
-4.52298
-5.9064
-7.36258
-8.91324
-10.5844
-12.4081
-14.4242
-16.6806
-19.2254
-22.0532
-24.8372
-25.7129
-0.615135
-1.85164
-3.10696
-4.39405
-5.72648
-7.11865
-8.58592
-10.1444
-11.8098
-13.594
-15.4962
-17.481
-19.4225
-20.973
-21.3815
-0.594457
-1.78852
-2.998
-4.23324
-5.5045
-6.82182
-8.1944
-9.62924
-11.128
-12.6805
-14.2527
-15.7649
-17.061
-17.8993
-18.0802
-0.570175
-1.71456
-2.87094
-4.04703
-5.25
-6.48594
-7.7589
-9.06889
-10.4078
-11.7521
-13.0495
-14.1974
-15.0154
-15.2803
-15.2989
-0.543071
-1.63217
-2.72999
-3.84184
-4.97214
-6.12379
-7.29708
-8.48774
-9.68312
-10.8553
-11.9491
-12.858
-13.3527
-12.8312
-9.06239
-0.513895
-1.54366
-2.57914
-3.62353
-4.67902
-5.74611
-6.82275
-7.90286
-8.97375
-10.0118
-10.9767
-11.8049
-12.3951
-12.6362
-12.7949
-0.483342
-1.45112
-2.42195
-3.39727
-4.37747
-5.36137
-6.34565
-7.32412
-8.28665
-9.21805
-10.0993
-10.9162
-11.6796
-12.4983
-13.7442
-0.452031
-1.35642
-2.26157
-3.16744
-4.07301
-4.97595
-5.8723
-6.75633
-7.62084
-8.45839
-9.26659
-10.0644
-10.9256
-12.0637
-13.9844
-0.420499
-1.26116
-2.10066
-2.93768
-3.77012
-4.59478
-5.40721
-6.202
-6.97365
-7.71863
-8.44117
-9.16832
-9.97944
-11.086
-13.1013
-0.389204
-1.16673
-1.94145
-2.71104
-3.47248
-4.22182
-4.95411
-5.66367
-6.34497
-6.99418
-7.61268
-8.21408
-8.82849
-9.47775
-9.93405
-0.358526
-1.07424
-1.7858
-2.49005
-3.18317
-3.86055
-4.5166
-5.14492
-5.73862
-6.29098
-6.79622
-7.25108
-7.6538
-8.00431
-8.36789
-0.32878
-0.984634
-1.63526
-2.27678
-2.90478
-3.51402
-4.09827
-4.65017
-5.16107
-5.62056
-6.015
-6.32465
-6.51592
-6.5226
-6.1632
-0.300218
-0.898664
-1.49104
-2.07295
-2.63946
-3.18486
-3.7024
-4.18393
-4.61937
-4.99547
-5.29294
-5.48085
-5.5068
-5.29591
-4.8896
-0.273037
-0.816912
-1.35411
-1.87984
-2.38885
-2.87512
-3.3316
-3.74979
-4.11906
-4.42523
-4.6473
-4.74998
-4.66276
-4.20568
-2.74553
-0.247379
-0.739803
-1.22515
-1.69841
-2.15412
-2.58617
-2.9875
-3.34976
-3.6628
-3.91367
-4.08494
-4.15147
-4.07615
-3.81271
-3.40125
-0.223342
-0.667619
-1.10461
-1.5292
-1.93591
-2.31867
-2.67067
-2.98411
-3.24994
-3.45773
-3.59569
-3.65198
-3.62079
-3.52325
-3.47023
-0.200977
-0.600507
-0.992706
-1.37248
-1.73442
-2.07267
-2.3808
-2.6517
-2.87764
-3.05062
-3.16356
-3.21376
-3.21214
-3.20362
-3.29728
-0.1803
-0.538502
-0.889468
-1.22821
-1.54948
-1.84772
-2.11694
-2.35073
-2.54241
-2.68555
-2.77539
-2.81204
-2.80887
-2.81382
-2.98051
-0.161291
-0.481542
-0.794761
-1.09613
-1.38065
-1.64308
-1.87787
-2.07922
-2.24113
-2.35785
-2.42454
-2.43846
-2.40056
-2.3124
-2.13064
-0.143909
-0.429488
-0.708324
-0.975828
-1.22728
-1.45778
-1.66222
-1.83529
-1.9715
-2.06524
-2.11073
-2.10131
-2.02769
-1.8766
-1.66711
-0.128088
-0.382141
-0.629802
-0.866747
-1.08856
-1.29071
-1.46853
-1.61718
-1.73161
-1.80645
-1.83539
-1.80917
-1.70906
-1.48187
-0.926741
-0.113751
-0.339258
-0.558769
-0.768249
-0.963609
-1.1407
-1.29528
-1.42303
-1.51946
-1.57983
-1.59868
-1.56872
-1.47911
-1.31528
-1.08831
-0.100808
-0.300567
-0.494752
-0.67963
-0.851451
-1.00645
-1.14084
-1.25082
-1.33259
-1.38234
-1.39616
-1.37006
-1.30105
-1.19292
-1.08133
-0.0891633
-0.265775
-0.437247
-0.600153
-0.751081
-0.886645
-1.0035
-1.09839
-1.16819
-1.21005
-1.22163
-1.20152
-1.1505
-1.07335
-0.976223
-0.0787175
-0.234581
-0.385737
-0.529065
-0.661481
-0.77996
-0.881575
-0.963552
-1.02338
-1.05904
-1.06937
-1.05475
-1.01841
-0.967997
-0.915642
-0.0693714
-0.206683
-0.33971
-0.465626
-0.581656
-0.685111
-0.77343
-0.844254
-0.895544
-0.925838
-0.934678
-0.923328
-0.896378
-0.864318
-0.846523
-0.0610274
-0.181785
-0.298665
-0.409117
-0.510655
-0.600889
-0.677572
-0.738668
-0.782459
-0.80775
-0.814218
-0.802988
-0.778166
-0.751029
-0.75717
-0.0535915
-0.159606
-0.262125
-0.358861
-0.447588
-0.526185
-0.592667
-0.645241
-0.682378
-0.702925
-0.706244
-0.69231
-0.661801
-0.614893
-0.540072
-0.0469749
-0.139875
-0.229641
-0.314222
-0.391636
-0.459994
-0.517536
-0.562664
-0.593963
-0.610235
-0.610428
-0.593339
-0.55703
-0.498359
-0.422026
-0.041094
-0.122344
-0.200793
-0.274614
-0.342042
-0.401403
-0.451135
-0.489806
-0.516117
-0.528866
-0.526771
-0.507889
-0.467965
-0.394266
-0.237983
-0.0358711
-0.106778
-0.175194
-0.239495
-0.298117
-0.349582
-0.39251
-0.425638
-0.447808
-0.457942
-0.454909
-0.437201
-0.402502
-0.347664
-0.276037
-0.0312339
-0.0929622
-0.152483
-0.208363
-0.259223
-0.303763
-0.340779
-0.369173
-0.387966
-0.396287
-0.393359
-0.378447
-0.351157
-0.312844
-0.272805
-0.0271158
-0.0806956
-0.132331
-0.18076
-0.224774
-0.263238
-0.295112
-0.319463
-0.335489
-0.342555
-0.340236
-0.328409
-0.307582
-0.279339
-0.245734
-0.0234555
-0.0697951
-0.114431
-0.156259
-0.194227
-0.227351
-0.254739
-0.275608
-0.289322
-0.295438
-0.29381
-0.284727
-0.269263
-0.249663
-0.229417
-0.0201964
-0.0600918
-0.0985039
-0.134474
-0.16709
-0.195504
-0.218955
-0.236792
-0.248504
-0.253786
-0.252646
-0.245569
-0.233912
-0.22053
-0.210461
-0.0172869
-0.0514309
-0.0842937
-0.115048
-0.142909
-0.167151
-0.187127
-0.202289
-0.212217
-0.216672
-0.215681
-0.209671
-0.199842
-0.189185
-0.186779
-0.0146796
-0.0436709
-0.071566
-0.097658
-0.121277
-0.141805
-0.158693
-0.171474
-0.179788
-0.183405
-0.182267
-0.176498
-0.166419
-0.152185
-0.130791
-0.012331
-0.036682
-0.0601067
-0.0820082
-0.101821
-0.119025
-0.133153
-0.143809
-0.150671
-0.153499
-0.152126
-0.146379
-0.135942
-0.120217
-0.100396
-0.010201
-0.0303448
-0.0497193
-0.0678288
-0.0842038
-0.0984112
-0.110062
-0.11882
-0.124399
-0.126559
-0.12507
-0.119568
-0.109187
-0.0911422
-0.0544581
-0.00825283
-0.0245493
-0.0402225
-0.0548708
-0.068114
-0.0796001
-0.0890123
-0.0960717
-0.100537
-0.102196
-0.100841
-0.0961881
-0.0877955
-0.0750478
-0.0587048
-0.00645195
-0.0191927
-0.0314475
-0.0429032
-0.0532629
-0.0622519
-0.0696219
-0.0751529
-0.078654
-0.0799616
-0.0789332
-0.0754408
-0.0694613
-0.0614808
-0.0542722
-0.00476599
-0.0141787
-0.0232358
-0.0317084
-0.0393791
-0.0460467
-0.0515294
-0.0556663
-0.0583192
-0.059377
-0.0587628
-0.0564491
-0.0525432
-0.0474036
-0.0413459
-0.00316417
-0.00941532
-0.0154365
-0.0210795
-0.0262037
-0.030679
-0.0343879
-0.0372273
-0.0391109
-0.0399755
-0.0397926
-0.0385853
-0.036503
-0.0339844
-0.032423
-0.00161684
-0.00481443
-0.0079045
-0.0108176
-0.0134879
-0.0158543
-0.0178623
-0.0194646
-0.0206237
-0.0213176
-0.0215482
-0.0213452
-0.0207814
-0.0199161
-0.0182293
-9.51189e-05
-0.000289908
-0.000498207
-0.000728468
-0.000988492
-0.00128549
-0.00162626
-0.00201758
-0.00246786
-0.00299165
-0.00361414
-0.00436554
-0.00527914
-0.00642847
-0.00862954
0.00142955
0.00424335
0.00692223
0.00937969
0.0115342
0.0133105
0.0146413
0.0154671
0.0157357
0.0153981
0.0144056
0.0127221
0.0103822
0.00778464
0.00701332
0.00298582
0.00887067
0.014497
0.019699
0.0243202
0.0282167
0.0312603
0.03334
0.0343617
0.0342436
0.0329068
0.0302665
0.0262235
0.0207301
0.0142709
0.00460284
0.0136789
0.0223688
0.0304249
0.0376132
0.0437196
0.0485537
0.0519535
0.0537858
0.0539416
0.0523204
0.0487917
0.0430785
0.0343519
0.0192765
0.00631068
0.0187576
0.0306848
0.0417588
0.0516646
0.0601141
0.0668528
0.0716665
0.0743859
0.0748857
0.0730715
0.0688464
0.0620383
0.0523933
0.0405929
0.00814084
0.0242006
0.0395992
0.0539118
0.0667374
0.0777088
0.0865026
0.0928494
0.0965445
0.0974543
0.0955159
0.0907136
0.0829869
0.0719489
0.0556751
0.0101266
0.0301072
0.0492752
0.0671079
0.0831112
0.0968318
0.10787
0.115895
0.12066
0.122025
0.119975
0.114637
0.106261
0.0951653
0.0823702
0.0123037
0.0365837
0.0598879
0.0815875
0.101087
0.117837
0.131353
0.141229
0.147165
0.148996
0.146748
0.140704
0.131456
0.119595
0.102939
0.0147105
0.0437447
0.0716262
0.0976107
0.120991
0.141113
0.157392
0.169332
0.176555
0.178838
0.176196
0.169036
0.158508
0.147397
0.143277
0.0173884
0.0517143
0.0846951
0.115461
0.143182
0.167087
0.186477
0.200749
0.209415
0.212143
0.208828
0.199757
0.186013
0.170397
0.158932
0.0203827
0.060627
0.0993174
0.135447
0.168051
0.196229
0.219155
0.236101
0.246446
0.249697
0.245512
0.233777
0.214875
0.190572
0.166557
0.0237421
0.0706295
0.115736
0.157904
0.196026
0.229055
0.256031
0.276086
0.288459
0.292474
0.287501
0.272841
0.247552
0.21061
0.16516
0.0275199
0.0818805
0.134214
0.1832
0.227572
0.266129
0.297762
0.321465
0.336338
0.341561
0.336289
0.319357
0.288396
0.236628
0.137911
0.0317736
0.0945526
0.155037
0.211732
0.263195
0.30806
0.345057
0.373039
0.39099
0.398013
0.393257
0.375701
0.343771
0.295325
0.233701
0.0365656
0.108832
0.178516
0.243931
0.303445
0.355507
0.398676
0.431652
0.45331
0.462734
0.459208
0.442126
0.410716
0.363267
0.293739
0.041963
0.124921
0.204987
0.280265
0.348919
0.409191
0.459445
0.498204
0.524217
0.536548
0.534678
0.518614
0.488917
0.446661
0.395945
0.0480381
0.143036
0.234809
0.321241
0.400265
0.469898
0.528273
0.573695
0.604728
0.620337
0.620127
0.604701
0.575978
0.536073
0.475869
0.0548678
0.163408
0.268372
0.367403
0.458191
0.538494
0.606181
0.659277
0.69606
0.715235
0.716281
0.700171
0.670965
0.639754
0.63796
0.0625337
0.186284
0.306088
0.419338
0.523458
0.61593
0.694315
0.756295
0.799743
0.822863
0.824503
0.804904
0.767528
0.723207
0.697264
0.0711211
0.211919
0.34839
0.477661
0.59688
0.703231
0.79394
0.866299
0.917677
0.945559
0.947644
0.92217
0.869117
0.794121
0.7194
0.0807179
0.240581
0.395727
0.543015
0.679308
0.801481
0.906416
0.990999
1.05207
1.08634
1.09011
1.05879
0.986163
0.865079
0.706349
0.0914137
0.27254
0.448559
0.616058
0.771615
0.911793
1.03314
1.13216
1.20524
1.24848
1.25714
1.22433
1.1371
0.962426
0.581636
0.103298
0.308066
0.507344
0.697449
0.874675
1.03528
1.17549
1.29147
1.3793
1.43483
1.4532
1.4279
1.34902
1.20317
1.0005
0.116459
0.347426
0.572534
0.78784
0.989353
1.17303
1.33478
1.47047
1.57599
1.64719
1.67982
1.66897
1.60775
1.48369
1.263
0.13098
0.390876
0.644567
0.887861
1.11649
1.32611
1.51229
1.67059
1.79668
1.88656
1.9369
1.94533
1.91046
1.83171
1.72131
0.146939
0.438652
0.723853
0.998116
1.25691
1.49556
1.70928
1.89323
2.04271
2.15364
2.22337
2.25209
2.24405
2.20219
2.07582
0.164405
0.490969
0.810763
1.11916
1.41138
1.68242
1.92707
2.13996
2.31571
2.44957
2.53861
2.58475
2.60158
2.63188
2.80789
0.183434
0.547999
0.90561
1.25148
1.58061
1.88769
2.16705
2.41261
2.618
2.77686
2.88395
2.93815
2.95024
2.96101
3.07043
0.204064
0.609865
1.00863
1.39546
1.76521
2.11229
2.43059
2.71331
2.95279
3.14035
3.26634
3.32117
3.30032
3.22226
3.18187
0.226312
0.676623
1.11993
1.55133
1.96559
2.35693
2.71892
3.04414
3.32379
3.54682
3.69843
3.75714
3.69061
3.45796
3.09634
0.250163
0.748241
1.2395
1.71912
2.18189
2.62199
3.03284
3.40673
3.73424
4.00309
4.1953
4.28044
4.19671
3.78381
2.4719
0.275569
0.824583
1.36713
1.8986
2.41392
2.90739
3.37247
3.80157
4.18554
4.51275
4.76677
4.92133
4.93184
4.73446
4.37003
0.302443
0.905394
1.50243
2.08927
2.66111
3.21247
3.73709
4.22776
4.67631
5.07336
5.40748
5.66255
5.81173
5.80166
5.48262
0.330651
0.990279
1.64477
2.29029
2.92245
3.53609
4.12523
4.68316
5.20284
5.67775
6.10319
6.47755
6.80258
7.08398
7.38653
0.360005
1.07869
1.79326
2.50051
3.19656
3.87661
4.53494
5.16503
5.76039
6.31648
6.83443
7.32698
7.82403
8.35214
8.72819
0.390261
1.16991
1.94676
2.71841
3.48164
4.23209
4.96411
5.67083
6.34504
6.9816
7.58325
8.17333
8.82412
9.72633
11.422
0.421101
1.26299
2.10375
2.94202
3.77542
4.60016
5.4106
6.19896
6.95558
7.67074
8.33991
8.97743
9.64968
10.5498
12.1398
0.45213
1.35677
2.26236
3.16882
4.07498
4.97791
5.87213
6.74876
7.59454
8.39146
9.11821
9.75716
10.3169
10.8941
11.8051
0.482861
1.4498
2.42019
3.39563
4.37653
5.36135
6.34548
7.31953
8.26693
9.1604
9.95695
10.5914
10.9716
11.0063
10.9491
0.512712
1.54032
2.57433
3.61838
4.67502
5.74488
6.82533
7.90822
8.97613
9.99596
10.9075
11.6016
11.8654
11.1818
7.71052
0.541001
1.62628
2.72129
3.83209
4.96395
6.12058
7.30289
8.5066
9.71793
10.9058
12.0082
12.9095
13.4163
13.2921
12.7698
0.566967
1.70535
2.85706
4.03087
5.23523
6.47789
7.76491
9.09886
10.4751
11.8741
13.2473
14.4902
15.4039
15.6776
15.0588
0.589793
1.77502
2.97723
4.20805
5.47945
6.80376
8.19355
9.66084
11.2152
12.859
14.5754
16.2979
17.834
18.6806
17.6894
0.608653
1.83272
3.07728
4.35668
5.68638
7.08348
8.56749
10.1613
11.892
13.7922
15.8977
18.2332
20.7409
22.9567
22.5375
0.622763
1.87604
3.15286
4.46999
5.84595
7.30207
8.8642
10.5653
12.4499
14.5815
17.0584
20.0462
23.8483
29.0593
36.7326
35.6093
27.9217
22.9474
19.3841
16.5826
14.24
12.2032
10.3857
8.73279
7.20597
5.7764
4.42102
3.12041
1.85753
0.616745
20.509
21.4615
19.74
17.5786
15.466
13.5017
11.6924
10.0216
8.46863
7.01321
5.63674
4.32241
3.05491
1.82009
0.604568
14.6594
16.855
16.8357
15.7371
14.2444
12.6544
11.084
9.5745
8.13581
6.76487
5.45333
4.19083
2.96642
1.76908
0.5879
9.07305
13.7842
14.6789
14.1673
13.0886
11.792
10.4322
9.07721
7.75508
6.47458
5.23531
4.03239
2.85885
1.70668
0.567448
12.8152
13.3619
13.4967
12.9899
12.0827
10.9723
9.77585
8.55619
7.34465
6.15502
4.99153
3.85319
2.73617
1.63513
0.543938
13.7835
13.224
12.7588
12.089
11.2169
10.2114
9.13471
8.0287
6.9183
5.81674
4.72985
3.65883
2.60215
1.55661
0.518077
14.0916
13.0194
12.1619
11.3277
10.4426
9.49908
8.51313
7.50356
6.48519
5.46778
4.45673
3.45422
2.46019
1.47311
0.490519
14.0948
12.6649
11.5479
10.601
9.70812
8.81551
7.9073
6.98392
6.05091
5.11397
4.17734
3.24346
2.31322
1.38637
0.461848
14.0463
12.0926
10.8152
9.83635
8.97287
8.14224
7.31147
6.47049
5.61893
4.7596
3.89576
3.02994
2.16374
1.29791
0.432571
13.0751
11.0507
9.87498
8.99123
8.21443
7.46869
6.72232
5.96405
5.192
4.4081
3.61532
2.81649
2.01386
1.20904
0.403124
9.88183
9.41965
8.73199
8.07171
7.4342
6.79532
6.14114
5.46689
4.77307
4.06255
3.3389
2.60554
1.8654
1.12086
0.373883
8.31472
7.94559
7.57016
7.1364
6.65484
6.13244
5.57373
4.98314
4.36555
3.72596
3.0691
2.39919
1.7199
1.03433
0.345166
6.13275
6.4764
6.44912
6.23443
5.90386
5.49475
5.02836
4.51804
3.97321
3.40126
2.80825
2.19928
1.5787
0.950246
0.317245
4.87182
5.26537
5.45859
5.41315
5.20753
4.89688
4.51351
4.07684
3.59964
3.09112
2.55842
2.00738
1.44291
0.869289
0.290345
2.74594
4.19399
4.63422
4.7034
4.58433
4.34963
4.03571
3.66381
3.24783
2.79776
2.32131
1.82478
1.31346
0.792008
0.26465
3.42871
3.82302
4.06796
4.12471
4.04167
3.85757
3.59829
3.28145
2.91971
2.52272
2.09816
1.65243
1.19102
0.718818
0.2403
3.51874
3.55638
3.63287
3.64345
3.56948
3.41792
3.20097
2.93036
2.61615
2.26687
1.88973
1.49097
1.07607
0.650013
0.217393
3.38885
3.26343
3.24406
3.22133
3.15147
3.02392
2.84111
2.60966
2.33704
2.03043
1.69637
1.34074
0.968893
0.585767
0.195989
3.09623
2.89752
2.8581
2.83235
2.77385
2.66856
2.51521
2.31769
2.08165
1.81314
1.51803
1.2018
0.869568
0.526151
0.176114
2.28534
2.42163
2.46318
2.46653
2.42907
2.34682
2.2202
2.05263
1.84893
1.61443
1.35442
1.07401
0.77804
0.471145
0.157765
1.89316
2.01213
2.09527
2.12943
2.11572
2.05616
1.95384
1.81281
1.63774
1.43353
1.20506
0.957068
0.694134
0.420659
0.140913
1.38691
1.62803
1.76182
1.82594
1.8345
1.79546
1.71456
1.59679
1.44692
1.26958
1.06932
0.850564
0.617585
0.374547
0.125513
1.09763
1.31889
1.47711
1.56138
1.58664
1.56406
1.50108
1.40324
1.2753
1.12165
0.94652
0.753994
0.548061
0.33262
0.111503
0.637242
1.05386
1.2441
1.3381
1.37224
1.36095
1.312
1.23076
1.12167
0.988753
0.835877
0.666793
0.485179
0.294657
0.0988101
0.772795
0.946337
1.07819
1.15664
1.18965
1.18421
1.14553
1.07778
0.984701
0.869819
0.736572
0.588353
0.428522
0.260417
0.0873559
0.786507
0.868027
0.949645
1.00699
1.03398
1.03076
0.999401
0.942532
0.862999
0.763739
0.647743
0.518034
0.37765
0.229641
0.0770555
0.761343
0.789907
0.838194
0.878637
0.89948
0.897038
0.871149
0.82316
0.755111
0.669376
0.568513
0.455184
0.332114
0.202065
0.0678215
0.696169
0.698335
0.732411
0.764099
0.781338
0.779765
0.758388
0.717847
0.659613
0.585608
0.498011
0.399152
0.291461
0.177424
0.0595665
0.518779
0.584825
0.628489
0.659778
0.67643
0.676395
0.65907
0.624936
0.575167
0.511364
0.435396
0.349306
0.255249
0.155456
0.0522041
0.431377
0.487049
0.533335
0.565787
0.583259
0.58517
0.571546
0.542991
0.50056
0.445645
0.379874
0.30504
0.223055
0.135911
0.0456508
0.319748
0.395947
0.447941
0.482342
0.501028
0.504855
0.494503
0.470778
0.434707
0.387537
0.330702
0.265784
0.194475
0.118547
0.039827
0.254264
0.321786
0.374893
0.409936
0.429233
0.434496
0.426845
0.407227
0.376639
0.336206
0.287198
0.231008
0.169131
0.103139
0.0346574
0.149976
0.25774
0.314498
0.348572
0.367287
0.373202
0.367587
0.351374
0.325476
0.29089
0.24873
0.200218
0.146671
0.0894757
0.0300718
0.179207
0.229198
0.269947
0.297968
0.31432
0.32
0.315767
0.302319
0.280409
0.250887
0.214716
0.172959
0.126768
0.0773607
0.0260045
0.180413
0.207152
0.234316
0.255548
0.268843
0.273758
0.270415
0.259204
0.240683
0.21555
0.184621
0.148811
0.109121
0.0666121
0.022395
0.171419
0.184882
0.202875
0.218711
0.229257
0.233315
0.230589
0.22122
0.205598
0.184281
0.157949
0.127385
0.0934493
0.057062
0.0191869
0.15386
0.159529
0.172995
0.185609
0.194236
0.197642
0.195429
0.187627
0.174513
0.156531
0.134248
0.108326
0.0794977
0.0485553
0.0163287
0.10875
0.12882
0.143761
0.155331
0.162893
0.165921
0.164198
0.157765
0.146845
0.131801
0.113102
0.0913047
0.0670297
0.0409498
0.0137726
0.0836805
0.101718
0.116916
0.12788
0.134745
0.13754
0.136278
0.131056
0.122074
0.109637
0.0941319
0.0760226
0.0558286
0.034114
0.0114748
0.0452331
0.0766244
0.0930485
0.103313
0.10946
0.112011
0.111142
0.106988
0.0997318
0.089626
0.0769904
0.0622041
0.0456946
0.0279273
0.00939476
0.0478277
0.0619517
0.0734885
0.0816374
0.0867017
0.0888882
0.0883161
0.0851
0.079391
0.0713922
0.0613592
0.0495953
0.0364435
0.0222779
0.00749504
0.0431297
0.0490982
0.0563051
0.0621283
0.0659668
0.0677041
0.0673485
0.0649638
0.0606591
0.0545873
0.0469437
0.0379612
0.0279042
0.0170617
0.00574079
0.0302761
0.0354026
0.0401013
0.0440161
0.0467101
0.0479916
0.0478072
0.0461771
0.0431686
0.0388864
0.0334685
0.0270817
0.0199163
0.0121814
0.00409933
0.0210267
0.0220172
0.0244553
0.0267651
0.0284477
0.0293099
0.0292823
0.0283592
0.0265728
0.0239831
0.0206739
0.016749
0.0123285
0.00754485
0.00253975
0.00540364
0.0076349
0.00890675
0.00995795
0.0107634
0.0112538
0.0113869
0.0111481
0.0105412
0.00958495
0.00831156
0.00676441
0.00499562
0.00306385
0.00103245
-0.00462278
-0.00607804
-0.00648549
-0.00667539
-0.00669861
-0.00655153
-0.00624701
-0.00580442
-0.00524549
-0.00459095
-0.00385878
-0.00306459
-0.00222276
-0.00134713
-0.000451301
-0.0204222
-0.0205206
-0.0220308
-0.0234263
-0.0242805
-0.0244684
-0.0239781
-0.0228388
-0.0211
-0.0188222
-0.0160731
-0.0129272
-0.00946487
-0.00577227
-0.00193975
-0.0298119
-0.0339901
-0.037663
-0.0405604
-0.0423318
-0.0428635
-0.0421656
-0.0402949
-0.037334
-0.0333853
-0.0285669
-0.0230122
-0.0168687
-0.0102956
-0.00346114
-0.0430038
-0.0478229
-0.053846
-0.0584891
-0.0612555
-0.0621249
-0.0611782
-0.0585173
-0.0542631
-0.0485604
-0.0415785
-0.0335111
-0.0245743
-0.0150025
-0.0050441
-0.047874
-0.0608367
-0.071005
-0.077739
-0.0815134
-0.0826649
-0.0813968
-0.0778601
-0.072211
-0.0646352
-0.0553533
-0.044621
-0.0327257
-0.0199807
-0.00671818
-0.0455327
-0.0758125
-0.0905723
-0.0990678
-0.103615
-0.104908
-0.103211
-0.0986881
-0.091514
-0.0819097
-0.0701474
-0.0565478
-0.0414738
-0.0253222
-0.00851423
-0.0854212
-0.101593
-0.114519
-0.123168
-0.128006
-0.129257
-0.127014
-0.12138
-0.112526
-0.100701
-0.0862327
-0.0695102
-0.0509784
-0.0311244
-0.010465
-0.111875
-0.129664
-0.141474
-0.14995
-0.154925
-0.156065
-0.153202
-0.146337
-0.135626
-0.121352
-0.103901
-0.0837429
-0.0614112
-0.0374917
-0.0126054
-0.160525
-0.161933
-0.170789
-0.17921
-0.184548
-0.185695
-0.182207
-0.173999
-0.161231
-0.144235
-0.123472
-0.0995013
-0.0729581
-0.0445371
-0.0149736
-0.180971
-0.189088
-0.200461
-0.210662
-0.21713
-0.218593
-0.214532
-0.204866
-0.189807
-0.169766
-0.145296
-0.117065
-0.0858222
-0.052384
-0.0176107
-0.19696
-0.214048
-0.23101
-0.244765
-0.253246
-0.255383
-0.250796
-0.239523
-0.221884
-0.198406
-0.169762
-0.136742
-0.100226
-0.0611669
-0.0205618
-0.210508
-0.239169
-0.263856
-0.282602
-0.293831
-0.296905
-0.291759
-0.278648
-0.258062
-0.230674
-0.197299
-0.15887
-0.116415
-0.0710333
-0.0238763
-0.232398
-0.267132
-0.300909
-0.325736
-0.340151
-0.344209
-0.338316
-0.323021
-0.299016
-0.267143
-0.228381
-0.183821
-0.134654
-0.0821442
-0.0276078
-0.234311
-0.295849
-0.344264
-0.376187
-0.393746
-0.398502
-0.391474
-0.373505
-0.345489
-0.308446
-0.263528
-0.212002
-0.155236
-0.0946747
-0.0318149
-0.200288
-0.333773
-0.399171
-0.436711
-0.456324
-0.46107
-0.452309
-0.431036
-0.398294
-0.355273
-0.303307
-0.243854
-0.178477
-0.108815
-0.0365608
-0.351817
-0.419085
-0.473535
-0.509795
-0.52933
-0.53312
-0.521922
-0.49661
-0.458309
-0.408373
-0.348332
-0.279855
-0.204717
-0.124768
-0.0419137
-0.446573
-0.513428
-0.560664
-0.594619
-0.613387
-0.615693
-0.601432
-0.571292
-0.526484
-0.468556
-0.399267
-0.320521
-0.234324
-0.142756
-0.0479466
-0.616485
-0.621556
-0.65717
-0.690131
-0.709008
-0.709897
-0.692077
-0.656253
-0.603854
-0.536701
-0.456828
-0.366403
-0.267688
-0.16301
-0.0547371
-0.679961
-0.708667
-0.755693
-0.795587
-0.817267
-0.817234
-0.795341
-0.752825
-0.691564
-0.613759
-0.521777
-0.418086
-0.305223
-0.185776
-0.0623667
-0.708772
-0.783269
-0.859366
-0.913874
-0.940766
-0.939908
-0.913055
-0.862523
-0.790861
-0.700747
-0.594924
-0.476185
-0.347361
-0.211312
-0.0709205
-0.698788
-0.85699
-0.978245
-1.05154
-1.08371
-1.0808
-1.04735
-0.98701
-0.903078
-0.798732
-0.67711
-0.541338
-0.394547
-0.239881
-0.0804862
-0.578003
-0.956605
-1.13067
-1.21798
-1.25121
-1.2431
-1.20047
-1.128
-1.02958
-0.908809
-0.769195
-0.614192
-0.447237
-0.271751
-0.0911523
-0.997263
-1.19852
-1.34359
-1.42222
-1.44762
-1.42956
-1.37448
-1.28715
-1.17171
-1.03207
-0.872039
-0.6954
-0.505882
-0.307191
-0.103007
-1.26024
-1.47977
-1.60295
-1.66371
-1.67445
-1.64195
-1.57106
-1.46597
-1.33077
-1.16958
-0.986493
-0.7856
-0.57093
-0.346463
-0.116138
-1.71959
-1.82831
-1.906
-1.94025
-1.93155
-1.88122
-1.79156
-1.66584
-1.50801
-1.32239
-1.11339
-0.885418
-0.642811
-0.389819
-0.130628
-2.07421
-2.19888
-2.23961
-2.24694
-2.21785
-2.14805
-2.03729
-1.88815
-1.70468
-1.49153
-1.25353
-0.995447
-0.72193
-0.437494
-0.146552
-2.80565
-2.62828
-2.59686
-2.57927
-2.53272
-2.44356
-2.30986
-2.13445
-1.92207
-1.67802
-1.40768
-1.11624
-0.808653
-0.489697
-0.163981
-3.06779
-2.95692
-2.94499
-2.9321
-2.87747
-2.77027
-2.61158
-2.40657
-2.16155
-1.88287
-1.57656
-1.24827
-0.903292
-0.5466
-0.182968
-3.17854
-3.21748
-3.29429
-3.31429
-3.25903
-3.13297
-2.94563
-2.70661
-2.42451
-2.10697
-1.76074
-1.39193
-1.00607
-0.608326
-0.203551
-3.09273
-3.45237
-3.68351
-3.74914
-3.69003
-3.53845
-3.31575
-3.03667
-2.71218
-2.35105
-1.96066
-1.54744
-1.11712
-0.674927
-0.225746
-2.46841
-3.77703
-4.18813
-4.27095
-4.18553
-3.9935
-3.72514
-3.39836
-3.02536
-2.61549
-2.17645
-1.71483
-1.2364
-0.746373
-0.24954
-4.36409
-4.72548
-4.92113
-4.9099
-4.7553
-4.50171
-4.17522
-3.79219
-3.36416
-2.90022
-2.40795
-1.89389
-1.36373
-0.82253
-0.274884
-5.47409
-5.78957
-5.79818
-5.64869
-5.39398
-5.06066
-4.66462
-4.21727
-3.7279
-3.2046
-2.65457
-2.08411
-1.49871
-0.903147
-0.301692
-7.37204
-7.06731
-6.78537
-6.46077
-6.08736
-5.66318
-5.18964
-4.67148
-4.11512
-3.5275
-2.91535
-2.2847
-1.64073
-0.987836
-0.329831
-8.70748
-8.32973
-7.80247
-7.30689
-6.81603
-6.2999
-5.74557
-5.15207
-4.52387
-3.86732
-3.18892
-2.49451
-1.78892
-1.07606
-0.35912
-11.3859
-9.69638
-8.79775
-8.14976
-7.56218
-6.96296
-6.32858
-5.65657
-4.95205
-4.22207
-3.47348
-2.71202
-1.94214
-1.1671
-0.389315
-12.0972
-10.5141
-9.61899
-8.95057
-8.31627
-7.65012
-6.93752
-6.18339
-5.39755
-4.58944
-3.76676
-2.93527
-2.09889
-1.26003
-0.420103
-11.7554
-10.854
-10.2826
-9.7274
-9.09223
-8.36903
-7.57503
-6.73199
-5.85813
-4.96648
-4.06585
-3.16175
-2.25727
-1.35369
-0.45109
-10.9008
-10.9645
-10.9347
-10.5592
-9.92894
-9.1364
-8.2462
-7.30174
-6.33064
-5.34929
-4.36694
-3.38826
-2.41492
-1.44661
-0.481787
-7.67613
-11.1393
-11.8261
-11.5672
-10.8778
-9.97065
-8.95443
-7.88967
-6.80985
-5.73231
-4.66506
-3.61076
-2.56891
-1.53706
-0.511612
-12.7071
-13.2411
-13.3732
-12.8729
-11.9771
-10.8795
-9.69548
-8.48752
-7.28699
-6.10765
-4.95371
-3.82429
-2.71575
-1.62296
-0.539884
-14.9856
-15.6204
-15.3579
-14.452
-13.2153
-11.8471
-10.4521
-9.07943
-7.74875
-6.46475
-5.22483
-4.02295
-2.85146
-1.70199
-0.565843
-17.6057
-18.6208
-17.7875
-16.2596
-14.5434
-12.8319
-11.1921
-9.64129
-8.1773
-6.79055
-5.46898
-4.20009
-2.97161
-1.77166
-0.588671
-22.4617
-22.9021
-20.697
-18.1962
-15.8665
-13.7657
-11.8692
-10.1419
-8.55134
-7.07031
-5.67594
-4.34875
-3.0717
-1.8294
-0.607543
-36.6965
-29.0172
-23.8093
-20.0116
-17.0286
-14.5558
-12.4277
-10.5465
-8.84836
-7.28905
-5.83559
-4.46214
-3.14737
-1.87279
-0.621682
0.631707
1.90368
3.20169
4.54443
5.95288
7.45168
9.07148
10.8526
12.8516
15.1524
17.8921
21.3197
25.953
33.0905
46.7929
0.633551
1.90971
3.21343
4.56455
5.98538
7.50218
9.14751
10.9639
13.0096
15.3682
18.1661
21.6035
25.9963
31.7868
39.13
0.626261
1.8879
3.17728
4.51425
5.92089
7.4228
9.05092
10.8441
12.8525
15.1417
17.7978
20.928
24.6373
28.9256
33.3633
0.609764
1.83808
3.09305
4.39353
5.76009
7.21588
8.78775
10.5074
12.4123
14.5455
16.9524
19.6699
22.6942
25.91
28.9774
0.584396
1.76131
2.96281
4.20598
5.50901
6.8916
8.37534
9.98381
11.7418
13.6728
15.7933
18.1017
20.555
23.0374
25.3351
0.55082
1.6597
2.79041
3.95785
5.17737
6.4649
7.83676
9.30914
10.8965
12.6083
14.4441
16.3858
18.3837
20.3465
22.1411
0.509919
1.536
2.58083
3.65693
4.77679
5.95268
7.19629
8.51787
9.9245
11.4172
12.9869
14.6106
16.2442
17.82
19.2523
0.462695
1.39331
2.33955
3.31161
4.31929
5.37171
6.47673
7.64022
8.86452
10.1461
11.473
12.8225
14.1587
15.4326
16.5869
0.410184
1.2348
2.07206
2.93004
3.81623
4.73713
5.69776
6.70094
7.74618
8.82809
9.9345
11.0457
12.1334
13.1622
14.0929
0.353382
1.0635
1.78354
2.51974
3.27765
4.06178
4.87514
5.71864
6.59032
7.48437
8.38996
9.29087
10.1656
10.9885
11.7322
0.293206
0.882172
1.47867
2.08733
2.71217
3.35624
4.02121
4.70693
5.41094
6.12783
6.84864
7.56072
8.24804
8.89216
9.47399
0.230467
0.693255
1.16149
1.63849
2.12704
2.62911
3.14557
3.67581
4.21745
4.76602
5.31456
5.85368
6.37187
6.85623
7.2936
0.165865
0.498842
0.835485
1.17799
1.52815
1.8872
2.25551
2.63245
3.01611
3.40314
3.78866
4.1662
4.52804
4.86564
5.17044
0.100004
0.30073
0.503562
0.709743
0.92028
1.13582
1.35652
1.58191
1.81077
2.04108
2.26991
2.4935
2.7074
2.90676
3.08672
-32261.9
-32185.7
-32109.8
-32034.2
-31959.1
-31884.6
-31810.9
-31738.2
-31666.5
-31596.1
-31527.1
-31459.6
-31393.9
-31330
-31268.1
66.9439
17.169
78.6826
35.4444
74.5988
44.1594
16.3481
49.4642
19.1531
59.4861
33.1553
52.7452
33.6206
44.8297
32.0013
20.6075
30.0874
18.4834
30.6852
20.8786
26.1691
19.446
13.4659
17.4686
11.4481
15.4527
9.68622
15.3632
10.426
12.903
9.40379
6.22362
8.17084
4.8626
6.95468
3.65286
6.85804
3.89936
5.37808
3.14725
1.0314
2.25895
-0.121166
1.38457
-1.22325
1.44198
-1.15042
0.323408
-2.01062
-0.848162
-2.89191
-5.02128
-3.66157
-6.41469
-3.57725
-6.54859
-4.84497
-7.55375
-10.4258
-8.77966
-12.6158
-10.0314
-14.9026
-9.5366
-14.9381
-11.4702
-16.5589
-22.0981
-18.5457
-26.3269
-20.3775
-30.7398
-17.9138
-29.8603
-20.1868
-31.7519
-44.7051
-33.408
-52.6228
-33.0057
-59.399
-19.0384
-49.3961
-16.2675
-44.1143
-74.5902
-35.4059
-78.6942
-17.071
-66.8904
44.117
38.3185
48.3369
43.7061
48.1254
40.4826
33.0409
36.5779
33.243
39.8515
36.8739
38.8127
35.0029
34.5231
30.0004
25.7395
25.3775
22.8693
23.8129
21.6411
21.0527
18.4155
15.8774
15.1869
13.4319
13.1647
11.8116
12.0955
10.8724
10.4292
8.9638
7.5445
7.06916
6.03482
5.80204
4.97102
5.06841
4.28486
3.96146
2.98856
2.02421
1.65755
0.895472
0.701999
0.0501897
0.147241
-0.502747
-0.70063
-1.4564
-1.82921
-2.77442
-3.7275
-4.07169
-4.85153
-4.84574
-5.69831
-6.09822
-7.33281
-8.63952
-9.20957
-10.4332
-10.7617
-11.9607
-11.7618
-13.174
-13.7403
-15.9413
-18.3001
-19.1834
-21.399
-21.6696
-23.7884
-22.6817
-25.1921
-25.52
-29.8167
-34.3775
-34.8583
-38.6912
-36.7609
-39.7578
-33.1556
-36.5063
-32.9777
-40.435
-48.0913
-43.6719
-48.3071
-38.2686
-44.0724
36.1597
36.6833
39.077
38.9272
39.0133
36.5082
33.9167
33.5804
33.0084
34.0172
33.5095
33.1569
31.5887
30.0383
27.6218
25.2562
23.7578
22.2847
21.428
20.1246
18.8881
17.2433
15.6292
14.4389
13.2742
12.4413
11.5808
10.9992
10.1971
9.42866
8.45856
7.50679
6.77324
6.05335
5.51159
4.95284
4.54814
4.00841
3.48084
2.81799
2.15652
1.62574
1.0933
0.679519
0.245214
-0.0715789
-0.506063
-0.921177
-1.45369
-1.98607
-2.64591
-3.31113
-3.85502
-4.42042
-4.87868
-5.50051
-6.15019
-7.00892
-7.91532
-8.6996
-9.54095
-10.2399
-11.0332
-11.6678
-12.6293
-13.6575
-15.0976
-16.6287
-17.9042
-19.2736
-20.3016
-21.483
-22.2406
-23.6665
-25.137
-27.5008
-29.9248
-31.48
-33.0572
-33.4179
-33.9354
-32.9345
-33.5159
-33.8605
-36.4611
-38.9735
-38.8905
-39.0414
-36.6443
-36.1219
31.1023
32.3477
33.4723
33.8011
33.6253
32.6513
31.5381
30.9167
30.4919
30.3629
29.9185
29.2494
28.1472
26.7997
25.1689
23.5233
22.1013
20.8123
19.6868
18.5125
17.3122
16.0276
14.7716
13.6548
12.6393
11.7587
10.9491
10.2216
9.47449
8.71953
7.92779
7.15559
6.45833
5.81602
5.24619
4.71342
4.22293
3.71502
3.19554
2.64579
2.10089
1.59648
1.12037
0.68666
0.271069
-0.120856
-0.537229
-0.972667
-1.45123
-1.95952
-2.50996
-3.06987
-3.60785
-4.1441
-4.67664
-5.26322
-5.90178
-6.61723
-7.36792
-8.10851
-8.85492
-9.58316
-10.3353
-11.104
-11.9896
-12.9824
-14.1242
-15.3264
-16.4912
-17.6407
-18.7134
-19.7883
-20.8374
-22.0761
-23.4668
-25.0971
-26.7223
-28.0685
-29.1729
-29.8457
-30.2953
-30.4299
-30.8606
-31.488
-32.607
-33.5857
-33.7646
-33.4374
-32.3132
-31.069
27.0271
28.1797
29.0073
29.3953
29.3805
28.9889
28.4457
27.9646
27.5453
27.159
26.648
25.9635
25.057
23.9676
22.7364
21.4675
20.2531
19.1042
18.0161
16.9383
15.8581
14.7714
13.7143
12.7253
11.8108
10.9748
10.1999
9.47296
8.76401
8.0642
7.36966
6.69718
6.06494
5.47491
4.92799
4.41367
3.9233
3.43879
2.95426
2.46696
1.98726
1.52666
1.08656
0.667821
0.262926
-0.134865
-0.540914
-0.962067
-1.40602
-1.8724
-2.36058
-2.86051
-3.36354
-3.87355
-4.39723
-4.95163
-5.54321
-6.17546
-6.83581
-7.50982
-8.19591
-8.89295
-9.61428
-10.3725
-11.1964
-12.0934
-13.0646
-14.0789
-15.1007
-16.1189
-17.1224
-18.1306
-19.1609
-20.2664
-21.4504
-22.6998
-23.9197
-25.0031
-25.9073
-26.592
-27.105
-27.4942
-27.9171
-28.402
-28.949
-29.3439
-29.3613
-28.9752
-28.1489
-26.9977
23.5028
24.4753
25.1707
25.5649
25.6736
25.5404
25.2598
24.92
24.5479
24.132
23.6249
22.9955
22.2287
21.3389
20.3573
19.333
18.3102
17.3084
16.331
15.3677
14.414
13.4731
12.5595
11.6894
10.8701
10.1033
9.38265
8.69919
8.04116
7.40209
6.78051
6.18153
5.61141
5.07231
4.56342
4.07996
3.61572
3.163
2.71736
2.27752
1.84635
1.42752
1.0221
0.62912
0.244581
-0.136998
-0.52291
-0.918737
-1.3287
-1.75414
-2.19457
-2.6471
-3.10961
-3.58385
-4.07416
-4.58715
-5.1268
-5.69401
-6.28488
-6.89465
-7.52208
-8.16877
-8.84115
-9.54769
-10.2988
-11.0985
-11.9439
-12.8217
-13.7165
-14.6191
-15.5256
-16.4416
-17.3766
-18.3436
-19.3396
-20.3446
-21.3131
-22.1945
-22.9565
-23.5835
-24.0903
-24.5069
-24.8806
-25.2226
-25.5055
-25.6409
-25.5341
-25.1415
-24.4474
-23.4761
20.3565
21.1657
21.7632
22.1413
22.3106
22.3001
22.1551
21.918
21.6104
21.2337
20.7752
20.2236
19.5757
18.8409
18.0387
17.1956
16.3364
15.4772
14.6256
13.7832
12.9518
12.1356
11.3425
10.5805
9.85446
9.16587
8.51236
7.8894
7.29163
6.71537
6.15937
5.62487
5.11375
4.62668
4.16269
3.71903
3.29193
2.87737
2.47244
2.07584
1.68788
1.30925
0.939847
0.57835
0.222024
-0.132871
-0.490645
-0.855118
-1.22919
-1.61445
-2.01136
-2.41958
-2.83913
-3.27137
-3.71886
-4.18474
-4.67123
-5.17908
-5.70734
-6.25473
-6.82117
-7.40827
-8.0195
-8.65931
-9.3319
-10.0386
-10.777
-11.5405
-12.3215
-13.114
-13.9151
-14.7252
-15.5461
-16.3784
-17.2154
-18.0412
-18.8305
-19.5563
-20.1981
-20.7459
-21.2025
-21.5785
-21.8863
-22.1241
-22.2702
-22.2819
-22.1138
-21.737
-21.1406
-20.3324
17.4856
18.1563
18.6672
19.0136
19.2021
19.2494
19.1791
19.0139
18.769
18.4501
18.057
17.5883
17.0461
16.4382
15.7776
15.0803
14.3619
13.6345
12.9064
12.1826
11.4674
10.7651
10.0809
9.41984
8.78515
8.17822
7.59841
7.04369
6.51152
5.99987
5.5077
5.03494
4.58183
4.14818
3.73304
3.33457
2.95043
2.57817
2.21578
1.86199
1.51617
1.17788
0.846369
0.520268
0.197508
-0.124523
-0.448686
-0.777649
-1.11359
-1.45804
-1.81193
-2.17585
-2.55052
-2.93713
-3.3373
-3.75284
-4.18517
-4.63502
-5.10251
-5.58763
-6.09082
-6.61327
-7.15691
-7.72392
-8.31596
-8.93319
-9.57378
-10.234
-10.9095
-11.5962
-12.2911
-12.9924
-13.6982
-14.405
-15.1056
-15.7882
-16.4372
-17.0363
-17.5722
-18.0366
-18.427
-18.7444
-18.9888
-19.154
-19.2247
-19.1781
-18.9904
-18.6449
-18.1351
-17.4653
14.8225
15.3745
15.8051
16.1106
16.2943
16.3655
16.3371
16.2225
16.0318
15.7718
15.4459
15.0572
14.6098
14.1106
13.5686
12.9948
12.3998
11.7927
11.1809
10.5699
9.9644
9.36859
8.78647
8.22151
7.67623
7.15194
6.64876
6.16594
5.70231
5.25677
4.82852
4.41714
4.02228
3.64344
3.27972
2.92981
2.59212
2.265
1.94698
1.63687
1.33379
1.03688
0.74519
0.457427
0.171959
-0.11313
-0.399877
-0.690231
-0.98589
-1.28822
-1.59827
-1.91692
-2.24505
-2.58369
-2.93402
-3.29723
-3.67433
-4.06606
-4.47284
-4.89508
-5.33331
-5.78837
-6.2613
-6.75311
-7.26436
-7.79473
-8.34281
-8.90618
-9.48187
-10.0668
-10.6582
-11.2533
-11.8488
-12.4403
-13.0214
-13.5832
-14.1151
-14.6065
-15.0479
-15.4322
-15.755
-16.0132
-16.2028
-16.3171
-16.3455
-16.2747
-16.0915
-15.7867
-15.3569
-14.8058
12.3181
12.7659
13.1212
13.3811
13.5467
13.6232
13.6178
13.5388
13.3932
13.1869
12.9243
12.6096
12.2475
11.8436
11.4051
10.9396
10.4547
9.95757
9.4541
8.94938
8.44765
7.95264
7.46759
6.9952
6.53749
6.09567
5.67021
5.26098
4.86751
4.48919
4.12549
3.77594
3.44007
3.11731
2.80687
2.50777
2.21888
1.93899
1.66698
1.40184
1.14264
0.888489
0.638426
0.39132
0.145866
-0.0993878
-0.34595
-0.595288
-0.848741
-1.10747
-1.37246
-1.64461
-1.92475
-2.21378
-2.51258
-2.82204
-3.14294
-3.47591
-3.82147
-4.18005
-4.55216
-4.93833
-5.33913
-5.75496
-6.18589
-6.63143
-7.09045
-7.56118
-8.04143
-8.52874
-9.02052
-9.51388
-10.0055
-10.491
-10.9651
-11.421
-11.8513
-12.2484
-12.6052
-12.9157
-13.1752
-13.3795
-13.5237
-13.6021
-13.6072
-13.5308
-13.3654
-13.1059
-12.7511
-12.304
9.93417
10.2883
10.5728
10.7851
10.9255
10.9967
11.0028
10.949
10.8403
10.6814
10.4763
10.2291
9.94396
9.62575
9.27974
8.91159
8.52695
8.13113
7.72889
7.32437
6.92115
6.52232
6.13051
5.74786
5.37601
5.01603
4.6685
4.33357
4.01111
3.70081
3.40234
3.11529
2.83923
2.57364
2.3179
2.07125
1.83285
1.60181
1.37727
1.15837
0.944316
0.734301
0.527468
0.322879
0.119503
-0.083762
-0.288051
-0.494474
-0.704073
-0.917792
-1.13648
-1.36092
-1.59184
-1.82997
-2.076
-2.33062
-2.59442
-2.86793
-3.15161
-3.44585
-3.75104
-4.06751
-4.39556
-4.7353
-5.0866
-5.44893
-5.82138
-6.20258
-6.59085
-6.98419
-7.38036
-7.77679
-8.17045
-8.55772
-8.93424
-9.29502
-9.63457
-9.94731
-10.2279
-10.4715
-10.6738
-10.8307
-10.9379
-10.9908
-10.9841
-10.9128
-10.7724
-10.5602
-10.276
-9.92223
7.64046
7.90875
8.12614
8.29063
8.402
8.46161
8.472
8.43636
8.35814
8.24075
8.08753
7.90179
7.68699
7.44686
7.18535
6.90658
6.61464
6.31344
6.00656
5.69719
5.38812
5.08175
4.78014
4.48494
4.19744
3.91852
3.64873
3.38832
3.13731
2.89557
2.66288
2.43896
2.22346
2.01597
1.81601
1.62301
1.43637
1.25543
1.07953
0.908036
0.740283
0.575618
0.413351
0.252748
0.093028
-0.0666302
-0.227061
-0.389084
-0.553484
-0.720989
-0.892271
-1.06795
-1.24863
-1.43485
-1.62716
-1.82606
-2.03202
-2.24543
-2.46665
-2.696
-2.93375
-3.18011
-3.43521
-3.69903
-3.97139
-4.25182
-4.53957
-4.83363
-5.1327
-5.43522
-5.73939
-6.04312
-6.34396
-6.63905
-6.92512
-7.19846
-7.45513
-7.69107
-7.90235
-8.0852
-8.23612
-8.35172
-8.4286
-8.46329
-8.45229
-8.39232
-8.28078
-8.11628
-7.89899
-7.63091
5.4126
5.60056
5.75375
5.87072
5.95114
5.99568
6.00579
5.98344
5.93084
5.85034
5.74432
5.6152
5.4655
5.29786
5.11503
4.91985
4.7151
4.50346
4.28744
4.06927
3.85093
3.63416
3.42041
3.21086
3.00645
2.80784
2.61547
2.42957
2.25022
2.07736
1.91088
1.75059
1.59624
1.44755
1.30417
1.16571
1.03176
0.901858
0.775556
0.652384
0.531872
0.413539
0.296886
0.181388
0.066494
-0.0483642
-0.163763
-0.28027
-0.398432
-0.518764
-0.641751
-0.767843
-0.897465
-1.03102
-1.16889
-1.31142
-1.45894
-1.61173
-1.77006
-1.93413
-2.10412
-2.28016
-2.46229
-2.65047
-2.84451
-3.04405
-3.24856
-3.4573
-3.66934
-3.88356
-4.09866
-4.3131
-4.52512
-4.73267
-4.93345
-5.12492
-5.30439
-5.4691
-5.6163
-5.74333
-5.84767
-5.92682
-5.97838
-5.99997
-5.98932
-5.94442
-5.8638
-5.74676
-5.59359
-5.40574
3.22986
3.3412
3.43228
3.5022
3.55073
3.57816
3.58523
3.573
3.54272
3.49576
3.43354
3.3575
3.26917
3.17013
3.062
2.94644
2.82508
2.69949
2.57114
2.44136
2.31134
2.18211
2.05453
1.92934
1.80708
1.68818
1.5729
1.46142
1.3538
1.25003
1.15004
1.05372
0.96095
0.871541
0.785294
0.701984
0.621361
0.543162
0.467116
0.392942
0.320357
0.249071
0.17878
0.10917
0.0399148
-0.0293219
-0.0988787
-0.16909
-0.240279
-0.312754
-0.386804
-0.462702
-0.540703
-0.62105
-0.703969
-0.78967
-0.878344
-0.970164
-1.06528
-1.16381
-1.26587
-1.37151
-1.48074
-1.59353
-1.70974
-1.82916
-1.95144
-2.07616
-2.20274
-2.33052
-2.4587
-2.58635
-2.7124
-2.83564
-2.9547
-3.0681
-3.17426
-3.27156
-3.35839
-3.43317
-3.49438
-3.54052
-3.57015
-3.5819
-3.57447
-3.54681
-3.49814
-3.42814
-3.33706
-3.22577
-31213.3
-31165
-31118.3
-31073.3
-31029.9
-30988.2
-30948.2
-30909.9
-30873.3
-30838.4
-30805.1
-30773.5
-30743.5
-30715
-30688.1
-30662.6
-30638.5
-30615.8
-30594.3
-30574
-30555
-30537
-30520.1
-30504.1
-30489.1
-30474.9
-30461.5
-30448.9
-30437
-30425.7
-30415
-30404.9
-30395.2
-30386.1
-30377.3
-30368.9
-30360.9
-30353.2
-30345.7
-30338.4
-30331.4
-30324.4
-30317.7
-30310.9
-30304.3
-30297.7
-30291
-30284.3
-30277.5
-30270.6
-30263.6
-30256.4
-30248.9
-30241.2
-30233.2
-30224.9
-30216.2
-30207
-30197.4
-30187.3
-30176.7
-30165.4
-30153.5
-30140.9
-30127.5
-30113.3
-30098.3
-30082.3
-30065.3
-30047.3
-30028.1
-30007.8
-29986.3
-29963.5
-29939.3
-29913.7
-29886.7
-29858.2
-29828.1
-29796.4
-29763
-29728.1
-29691.4
-29653
-29613
-29571.2
-29527.7
-29482.6
-29435.9
-29387.5
-46.7589
-33.0537
-25.9181
-21.2879
-17.8641
-15.1278
-12.8304
-10.8346
-9.05619
-7.43901
-5.94274
-4.53673
-3.1963
-1.9005
-0.630655
-39.0931
-31.7527
-25.9645
-21.5745
-18.1402
-15.3451
-12.9896
-10.9468
-9.13297
-7.49007
-5.97564
-4.55711
-3.20819
-1.9066
-0.632523
-33.3288
-28.8939
-24.608
-20.9014
-17.7738
-15.1203
-12.8338
-10.8281
-9.03727
-7.41137
-5.91163
-4.50713
-3.17226
-1.88491
-0.625269
-28.9462
-25.881
-22.6675
-19.6456
-16.9304
-14.5258
-12.3951
-10.4926
-8.77507
-7.20519
-5.75138
-4.3868
-3.08829
-1.83524
-0.608822
-25.3075
-23.0117
-20.5311
-18.0798
-15.7735
-13.655
-11.7262
-9.97025
-8.36366
-6.8817
-5.50091
-4.19971
-2.95836
-1.75866
-0.583515
-22.1159
-20.3229
-18.3619
-16.3659
-14.4262
-12.5921
-10.8822
-9.29678
-7.82611
-6.45585
-5.16994
-3.95208
-2.78632
-1.65726
-0.550011
-19.2296
-17.7987
-16.2246
-14.5928
-12.9708
-11.4026
-9.91179
-8.50689
-7.18677
-5.94452
-4.77005
-3.65169
-2.57712
-1.5338
-0.50919
-16.5678
-15.4147
-14.1422
-12.8074
-11.4592
-10.1337
-8.85362
-7.63065
-6.46828
-5.36438
-4.31323
-3.30691
-2.33625
-1.39137
-0.462052
-14.0771
-13.1474
-12.1197
-11.0329
-9.92283
-8.81749
-7.73672
-6.69245
-5.69018
-4.73057
-3.81086
-2.92594
-2.06921
-1.23313
-0.409633
-11.7187
-10.9758
-10.1538
-9.2799
-8.37983
-7.47512
-6.58195
-5.71108
-4.86844
-4.05608
-3.27307
-2.5163
-1.78119
-1.06213
-0.352936
-9.46256
-8.88136
-8.23791
-7.55129
-6.83993
-6.11986
-5.40373
-4.70048
-4.0156
-3.35158
-2.7085
-2.08461
-1.47682
-0.881106
-0.292864
-7.2844
-6.84749
-6.36365
-5.84602
-5.3075
-4.75959
-4.21167
-3.67071
-3.14122
-2.62557
-2.12429
-1.63647
-1.16012
-0.692458
-0.230208
-5.16378
-4.8593
-4.52206
-4.16063
-3.78354
-3.3985
-3.01197
-2.62885
-2.25249
-1.88476
-1.52627
-1.1766
-0.834541
-0.498296
-0.165684
-3.08274
-2.90296
-2.70383
-2.49018
-2.26686
-2.03832
-1.80832
-1.57979
-1.35475
-1.1344
-0.919174
-0.708923
-0.503
-0.300407
-0.0998997
-29332.7
-29270.7
-29206.8
-29141
-29073.4
-29004.4
-28933.9
-28862.2
-28789.4
-28715.6
-28641.1
-28566
-28490.3
-28414.3
-28338.1
)
;

boundaryField
{
    hot
    {
        type            calculated;
        value           nonuniform List<scalar> 
120
(
32262.4
-0.0980183
-0.162706
-0.226366
-0.288483
-0.348435
-0.405497
-0.458831
-0.507474
-0.550404
-0.586594
-0.61509
-0.635121
-0.646198
-0.648211
-0.642688
-0.631444
-0.615135
-0.594457
-0.570175
-0.543071
-0.513895
-0.483342
-0.452031
-0.420499
-0.389204
-0.358526
-0.32878
-0.300218
-0.273037
-0.247379
-0.223342
-0.200977
-0.1803
-0.161291
-0.143909
-0.128088
-0.113751
-0.100808
-0.0891633
-0.0787175
-0.0693714
-0.0610274
-0.0535915
-0.0469749
-0.041094
-0.0358711
-0.0312339
-0.0271158
-0.0234555
-0.0201964
-0.0172869
-0.0146796
-0.012331
-0.010201
-0.00825283
-0.00645195
-0.00476599
-0.00316417
-0.00161684
-9.51189e-05
0.00142955
0.00298582
0.00460284
0.00631068
0.00814084
0.0101266
0.0123037
0.0147105
0.0173884
0.0203827
0.0237421
0.0275199
0.0317736
0.0365656
0.041963
0.0480381
0.0548678
0.0625337
0.0711211
0.0807179
0.0914137
0.103298
0.116459
0.13098
0.146939
0.164405
0.183434
0.204064
0.226312
0.250163
0.275569
0.302443
0.330651
0.360005
0.390261
0.421101
0.45213
0.482861
0.512712
0.541001
0.566967
0.589793
0.608653
0.622763
0.631707
0.633551
0.626261
0.609764
0.584396
0.55082
0.509919
0.462695
0.410184
0.353382
0.293206
0.230467
0.165865
0.100004
-32261.9
)
;
    }
    cold
    {
        type            calculated;
        value           nonuniform List<scalar> 
120
(
28338
0.0980747
0.162665
0.226015
0.287534
0.346542
0.402257
0.453796
0.500205
0.540509
0.57377
0.599172
0.616121
0.624339
0.62394
0.616745
0.604568
0.5879
0.567448
0.543938
0.518077
0.490519
0.461848
0.432571
0.403124
0.373883
0.345166
0.317245
0.290345
0.26465
0.2403
0.217393
0.195989
0.176114
0.157765
0.140913
0.125513
0.111503
0.0988101
0.0873559
0.0770555
0.0678215
0.0595665
0.0522041
0.0456508
0.039827
0.0346574
0.0300718
0.0260045
0.022395
0.0191869
0.0163287
0.0137726
0.0114748
0.00939476
0.00749504
0.00574079
0.00409933
0.00253975
0.00103245
-0.000451301
-0.00193975
-0.00346114
-0.0050441
-0.00671818
-0.00851423
-0.010465
-0.0126054
-0.0149736
-0.0176107
-0.0205618
-0.0238763
-0.0276078
-0.0318149
-0.0365608
-0.0419137
-0.0479466
-0.0547371
-0.0623667
-0.0709205
-0.0804862
-0.0911523
-0.103007
-0.116138
-0.130628
-0.146552
-0.163981
-0.182968
-0.203551
-0.225746
-0.24954
-0.274884
-0.301692
-0.329831
-0.35912
-0.389315
-0.420103
-0.45109
-0.481787
-0.511612
-0.539884
-0.565843
-0.588671
-0.607543
-0.621682
-0.630655
-0.632523
-0.625269
-0.608822
-0.583515
-0.550011
-0.50919
-0.462052
-0.409633
-0.352936
-0.292864
-0.230208
-0.165684
-0.0998997
-28338.1
)
;
    }
    interface_left
    {
        type            calculated;
        value           nonuniform List<scalar> 
90
(
-37.4147
-25.7129
-21.3815
-18.0802
-15.2989
-9.06239
-12.7949
-13.7442
-13.9844
-13.1013
-9.93405
-8.36789
-6.1632
-4.8896
-2.74553
-3.40125
-3.47023
-3.29728
-2.98051
-2.13064
-1.66711
-0.926741
-1.08831
-1.08133
-0.976223
-0.915642
-0.846523
-0.75717
-0.540072
-0.422026
-0.237983
-0.276037
-0.272805
-0.245734
-0.229417
-0.210461
-0.186779
-0.130791
-0.100396
-0.0544581
-0.0587048
-0.0542722
-0.0413459
-0.032423
-0.0182293
-0.00862954
0.00701332
0.0142709
0.0192765
0.0405929
0.0556751
0.0823702
0.102939
0.143277
0.158932
0.166557
0.16516
0.137911
0.233701
0.293739
0.395945
0.475869
0.63796
0.697264
0.7194
0.706349
0.581636
1.0005
1.263
1.72131
2.07582
2.80789
3.07043
3.18187
3.09634
2.4719
4.37003
5.48262
7.38653
8.72819
11.422
12.1398
11.8051
10.9491
7.71052
12.7698
15.0588
17.6894
22.5375
36.7326
)
;
    }
    interface_right
    {
        type            calculated;
        value           nonuniform List<scalar> 
90
(
35.6093
20.509
14.6594
9.07305
12.8152
13.7835
14.0916
14.0948
14.0463
13.0751
9.88183
8.31472
6.13275
4.87182
2.74594
3.42871
3.51874
3.38885
3.09623
2.28534
1.89316
1.38691
1.09763
0.637242
0.772795
0.786507
0.761343
0.696169
0.518779
0.431377
0.319748
0.254264
0.149976
0.179207
0.180413
0.171419
0.15386
0.10875
0.0836805
0.0452331
0.0478277
0.0431297
0.0302761
0.0210267
0.00540364
-0.00462278
-0.0204222
-0.0298119
-0.0430038
-0.047874
-0.0455327
-0.0854212
-0.111875
-0.160525
-0.180971
-0.19696
-0.210508
-0.232398
-0.234311
-0.200288
-0.351817
-0.446573
-0.616485
-0.679961
-0.708772
-0.698788
-0.578003
-0.997263
-1.26024
-1.71959
-2.07421
-2.80565
-3.06779
-3.17854
-3.09273
-2.46841
-4.36409
-5.47409
-7.37204
-8.70748
-11.3859
-12.0972
-11.7554
-10.9008
-7.67613
-12.7071
-14.9856
-17.6057
-22.4617
-36.6965
)
;
    }
    interface_top
    {
        type            calculated;
        value           nonuniform List<scalar> 
90
(
84.668
-3.48422
102.952
25.158
95.0572
45.8346
1.42074
60.5875
5.90512
75.2849
27.9546
63.1862
30.6418
52.4109
32.8487
15.7313
33.9444
14.1621
36.08
19.4201
29.9615
19.9026
11.1656
19.3537
9.56129
17.3329
7.60663
17.9418
9.67221
14.756
9.59771
5.00422
9.11234
3.79412
7.93624
2.41573
8.30316
3.39076
6.47531
3.22047
0.178255
2.8318
-0.974158
2.03423
-2.32794
2.55612
-1.77866
1.1734
-2.55159
-0.0164771
-2.94615
-6.03431
-3.16092
-7.69169
-2.41696
-7.29826
-3.7306
-7.63254
-11.7723
-8.13425
-14.264
-9.09872
-17.2676
-7.44394
-16.4323
-9.38141
-16.7943
-24.9028
-17.3423
-29.991
-18.5101
-36.2593
-13.3077
-33.7287
-15.1714
-32.568
-52.3202
-30.3812
-63.0729
-27.7798
-75.2091
-5.77072
-60.5259
-1.32676
-45.7914
-95.069
-25.1134
-102.999
3.62172
-84.6099
)
;
    }
    interface_bottom
    {
        type            calculated;
        value           nonuniform List<scalar> 
90
(
-85.2306
-3.80169
-101.479
-42.7795
10.1226
-63.3512
0.696123
-66.4
-2.70659
-81.6527
-28.3919
-67.5736
-31.6288
-55.5398
-34.1537
-15.4786
-35.4634
-13.7436
-38.0941
-19.3745
-31.417
-18.2058
-26.0091
-17.6306
-10.0455
-17.2037
-8.18824
-17.8471
-9.92686
-14.7957
-9.75681
-5.22813
-9.23259
-3.94975
-8.05181
-2.53324
-8.41817
-3.48905
-6.58295
-3.3077
-0.242521
-2.9107
0.92702
-2.1038
2.29634
-2.62718
1.745
-1.22907
2.52701
-0.0259066
2.92735
6.03944
3.14629
7.70972
2.40067
7.31543
3.72672
7.65473
11.8217
8.16217
14.3314
9.13502
17.3564
7.47256
16.5202
9.42305
16.888
25.0567
17.4396
30.1911
18.6093
36.517
13.3439
33.9652
15.1869
32.7707
52.755
30.5011
63.6242
27.7576
75.8589
5.28324
60.8422
0.540509
45.6403
95.6288
24.1878
103.155
-5.86423
82.8643
)
;
    }
    defaultFaces
    {
        type            empty;
    }
}


// ************************************************************************* //
