/*--------------------------------*- C++ -*----------------------------------*\
| =========                 |                                                 |
| \\      /  F ield         | OpenFOAM: The Open Source CFD Toolbox           |
|  \\    /   O peration     | Version:  5.x                                   |
|   \\  /    A nd           | Web:      www.OpenFOAM.org                      |
|    \\/     M anipulation  |                                                 |
\*---------------------------------------------------------------------------*/
FoamFile
{
    version     2.0;
    format      ascii;
    class       volScalarField;
    location    "0.2";
    object      gradTx;
}
// * * * * * * * * * * * * * * * * * * * * * * * * * * * * * * * * * * * * * //

dimensions      [0 -1 0 1 0 0 0];

internalField   nonuniform List<scalar> 
6300
(
-75.0547
-74.9185
-74.6453
-74.2338
-73.6823
-72.9885
-72.1504
-71.166
-70.0342
-68.7552
-67.3307
-65.7644
-64.0627
-62.2343
-60.2906
-75.1858
-75.0503
-74.7785
-74.369
-73.8197
-73.1282
-72.2921
-71.309
-70.1774
-68.8969
-67.4688
-65.8966
-64.1864
-62.3472
-60.3904
-75.4474
-75.3133
-75.0444
-74.6389
-74.0944
-73.4079
-72.5762
-71.5962
-70.4654
-69.1823
-67.7475
-66.1635
-64.4363
-62.5748
-60.5914
-75.8377
-75.7061
-75.4418
-75.0428
-74.5061
-73.8279
-73.0039
-72.0298
-70.9013
-69.6157
-68.1715
-66.5704
-64.8175
-62.9219
-60.8971
-76.3543
-76.2262
-75.9688
-75.5794
-75.0544
-74.3889
-73.5772
-72.6131
-71.4903
-70.2035
-68.7488
-67.1258
-65.3382
-63.3953
-61.3124
-76.9937
-76.8704
-76.6224
-76.2464
-75.738
-75.0911
-74.2981
-73.3505
-72.239
-70.9549
-69.4906
-67.8421
-66.0109
-64.006
-61.8449
-77.7509
-77.634
-77.3985
-77.0406
-76.5551
-75.9342
-75.1686
-74.2469
-73.1559
-71.8821
-70.4125
-68.7375
-66.8541
-64.7698
-62.5054
-78.6194
-78.5107
-78.2913
-77.9572
-77.502
-76.9169
-76.1903
-75.3075
-74.2509
-73.0006
-71.5356
-69.8372
-67.8945
-65.7106
-63.3096
-79.5908
-79.4923
-79.2932
-78.9891
-78.5733
-78.0356
-77.3627
-76.5367
-75.5347
-74.329
-72.8874
-71.1772
-69.1723
-66.8651
-64.2814
-80.6549
-80.5687
-80.3942
-80.1272
-79.7606
-79.284
-78.6827
-77.9363
-77.017
-75.888
-74.5029
-72.8075
-70.7483
-68.2926
-65.4597
-81.7991
-81.7273
-81.5818
-81.3588
-81.0519
-80.6511
-80.142
-79.503
-78.7033
-77.6979
-76.4238
-74.7967
-72.7166
-70.0937
-66.9129
-83.0089
-82.9533
-82.8407
-82.6682
-82.4307
-82.1204
-81.7248
-81.2245
-80.5893
-79.7707
-78.692
-77.234
-75.2231
-72.4486
-68.7721
-84.2678
-84.2298
-84.153
-84.036
-83.876
-83.6685
-83.4057
-83.0746
-82.6523
-82.0975
-81.334
-80.2186
-78.488
-75.7004
-71.3207
-85.5582
-85.5384
-85.4989
-85.4401
-85.3621
-85.265
-85.1481
-85.0091
-84.8411
-84.6267
-84.3214
-83.8121
-82.8038
-80.538
-75.3138
-86.8616
-86.8599
-86.8574
-86.8564
-86.8602
-86.874
-86.9055
-86.9654
-87.0695
-87.2398
-87.506
-87.8973
-88.3698
-88.3272
-83.5751
-58.4227
-56.6568
-54.8388
-52.9782
-51.0844
-49.1666
-47.2339
-45.2951
-43.3586
-41.4328
-39.5257
-37.645
-35.7981
-33.9918
-32.2325
-30.5258
-28.8765
-27.2888
-25.7657
-24.3099
-22.9229
-21.6059
-20.3594
-19.1831
-18.0766
-17.0389
-16.0688
-15.1647
-14.3247
-13.5472
-12.8299
-12.171
-11.5683
-11.0199
-10.5239
-10.0783
-9.68156
-9.33201
-9.02825
-8.76901
-8.5532
-8.37989
-8.24834
-8.15799
-8.10846
-8.09959
-8.1314
-8.20409
-8.31809
-8.47398
-8.67252
-8.91466
-9.20146
-9.53416
-9.91411
-10.3428
-10.8218
-11.3529
-11.9378
-12.5784
-13.2766
-14.0344
-14.8538
-15.7366
-16.6849
-17.7005
-18.7848
-19.9393
-21.1652
-22.4631
-23.8333
-25.2757
-26.7894
-28.373
-30.0243
-31.7403
-33.5172
-35.3502
-37.2337
-39.1611
-41.125
-43.1173
-45.1289
-47.1501
-49.1705
-51.179
-53.1642
-55.1145
-57.0182
-58.864
-58.5092
-56.7304
-54.8992
-53.0253
-51.1184
-49.1879
-47.2429
-45.2921
-43.344
-41.407
-39.4889
-37.5978
-35.7411
-33.9259
-32.1587
-30.4451
-28.7902
-27.1978
-25.6713
-24.2131
-22.8246
-21.507
-20.2606
-19.0851
-17.98
-16.9441
-15.9762
-15.0746
-14.2373
-13.4626
-12.7482
-12.0922
-11.4924
-10.9467
-10.4533
-10.0102
-9.61566
-9.26813
-8.96616
-8.70848
-8.49398
-8.32172
-8.19097
-8.10114
-8.05186
-8.04296
-8.07444
-8.14656
-8.25971
-8.4145
-8.61173
-8.85232
-9.13738
-9.46815
-9.84599
-10.2724
-10.749
-11.2775
-11.8598
-12.4976
-13.1931
-13.948
-14.7646
-15.6448
-16.5905
-17.6037
-18.6861
-19.8391
-21.0638
-22.3613
-23.7318
-25.1752
-26.691
-28.2776
-29.9332
-31.6546
-33.4382
-35.2791
-37.1718
-39.1096
-41.0852
-43.0901
-45.1155
-47.1515
-49.1874
-51.2121
-53.2138
-55.1805
-57.1001
-58.9609
-58.683
-56.8779
-55.0198
-53.1191
-51.186
-49.2301
-47.2605
-45.2858
-43.3145
-41.3547
-39.4147
-37.5025
-35.6261
-33.7929
-32.0096
-30.2822
-28.6158
-27.0144
-25.4811
-24.0181
-22.6269
-21.3081
-20.0621
-18.8884
-17.7861
-16.754
-15.7907
-14.8941
-14.0624
-13.2934
-12.5849
-11.9347
-11.3407
-10.8006
-10.3124
-9.87422
-9.4842
-9.14074
-8.84237
-8.58781
-8.37594
-8.20581
-8.07665
-7.98788
-7.9391
-7.93012
-7.96098
-8.0319
-8.14334
-8.29593
-8.49049
-8.72799
-9.00954
-9.33642
-9.71002
-10.1319
-10.6036
-11.127
-11.7039
-12.3363
-13.0261
-13.7753
-14.5862
-15.4609
-16.4014
-17.4099
-18.4881
-19.6378
-20.8603
-22.1567
-23.5276
-24.973
-26.4926
-28.0853
-29.7491
-31.4813
-33.2783
-35.1352
-37.0463
-39.0051
-41.0038
-43.0343
-45.0873
-47.1529
-49.2203
-51.2778
-53.313
-55.3132
-57.2652
-59.1565
-58.9462
-57.1002
-55.2005
-53.2588
-51.286
-49.2919
-47.2855
-45.2753
-43.2691
-41.2751
-39.3017
-37.3574
-35.4507
-33.5897
-31.7819
-30.0337
-28.3501
-26.7353
-25.1921
-23.7223
-22.3272
-21.0071
-19.762
-18.5912
-17.4935
-16.4675
-15.5113
-14.6227
-13.7995
-13.0394
-12.3399
-11.6987
-11.1135
-10.5819
-10.1017
-9.67098
-9.28779
-8.95046
-8.65751
-8.40766
-8.19976
-8.03285
-7.90613
-7.81897
-7.77094
-7.76185
-7.79172
-7.86083
-7.96965
-8.11888
-8.30939
-8.54219
-8.81843
-9.13943
-9.50662
-9.92156
-10.386
-10.9016
-11.4704
-12.0944
-12.7756
-13.5162
-14.3184
-15.1845
-16.1169
-17.1179
-18.1896
-19.3341
-20.5529
-21.8473
-23.2184
-24.6664
-26.1914
-27.7926
-29.4686
-31.2169
-33.0338
-34.9148
-36.8538
-38.8441
-40.8779
-42.9468
-45.0416
-47.1521
-49.2673
-51.3751
-53.4621
-55.5141
-57.5166
-59.4552
-59.3017
-57.3981
-55.4406
-53.4426
-51.4161
-49.3713
-47.3165
-45.2594
-43.207
-41.1672
-39.1484
-37.1599
-35.2114
-33.3122
-31.4708
-29.6943
-27.988
-26.3556
-24.7997
-23.3216
-21.922
-20.6008
-19.3575
-18.1912
-17.1004
-16.0831
-15.137
-14.2596
-13.4482
-12.7004
-12.0133
-11.3845
-10.8113
-10.2913
-9.82203
-9.4014
-9.0274
-8.69831
-8.41264
-8.16909
-7.96653
-7.80399
-7.68058
-7.59564
-7.54866
-7.5394
-7.56791
-7.63449
-7.73971
-7.88435
-8.06936
-8.2958
-8.5649
-8.87798
-9.23651
-9.64213
-10.0966
-10.6018
-11.1597
-11.7724
-12.442
-13.1707
-13.9609
-14.8151
-15.7361
-16.7265
-17.789
-18.9258
-20.139
-21.4302
-22.8007
-24.2514
-25.7828
-27.3947
-29.0863
-30.8556
-32.6992
-34.6125
-36.5891
-38.6218
-40.7027
-42.823
-44.9736
-47.1447
-49.3251
-51.502
-53.6607
-55.7852
-57.8585
-59.8636
-59.7531
-57.7721
-55.7377
-53.6666
-51.5722
-49.4647
-47.3512
-45.2371
-43.1279
-41.0302
-38.953
-36.9067
-34.9031
-32.9537
-31.0688
-29.2563
-27.5218
-25.8685
-24.298
-22.8107
-21.4065
-20.0848
-18.8449
-17.6852
-16.604
-15.5986
-14.6662
-13.8037
-13.008
-12.2761
-11.6052
-10.9923
-10.4347
-9.92967
-9.47448
-9.06676
-8.70442
-8.38568
-8.1091
-7.87346
-7.67767
-7.52069
-7.4016
-7.31956
-7.27396
-7.26449
-7.29118
-7.35443
-7.45493
-7.59363
-7.77159
-7.98997
-8.25002
-8.55308
-8.90065
-9.29443
-9.7363
-10.2283
-10.7724
-11.3707
-12.0255
-12.7389
-13.5135
-14.3521
-15.2578
-16.234
-17.2838
-18.41
-19.6153
-20.9015
-22.2702
-23.7228
-25.2606
-26.8844
-28.5944
-30.3895
-32.2666
-34.2209
-36.2453
-38.3319
-40.4719
-42.6564
-44.877
-47.1244
-49.388
-51.6546
-53.908
-56.1291
-58.2971
-60.3912
-60.3052
-58.221
-56.0865
-53.9231
-51.7468
-49.5669
-47.3871
-45.2086
-43.0331
-40.8654
-38.7147
-36.5941
-34.519
-32.505
-30.5651
-28.7088
-26.9415
-25.2651
-23.6793
-22.1829
-20.7749
-19.4541
-18.2193
-17.0691
-16.001
-15.0117
-14.0974
-13.2542
-12.4784
-11.7666
-11.1157
-10.5228
-9.98479
-9.49843
-9.06072
-8.6689
-8.3207
-8.01436
-7.74862
-7.52243
-7.33483
-7.18479
-7.07117
-6.99291
-6.94913
-6.93938
-6.96369
-7.0226
-7.11706
-7.24827
-7.41753
-7.62609
-7.87519
-8.16609
-8.50028
-8.87955
-9.30597
-9.78176
-10.3091
-10.8901
-11.5268
-12.2213
-12.9763
-13.7948
-14.6806
-15.638
-16.671
-17.7833
-18.9777
-20.2566
-21.6215
-23.0743
-24.6173
-26.2527
-27.9827
-29.8076
-31.7253
-33.7303
-35.8142
-37.9669
-40.1783
-42.4393
-44.7426
-47.0813
-49.4467
-51.8262
-54.2012
-56.5483
-58.8408
-61.0518
-60.9633
-58.7409
-56.4754
-54.1974
-51.9266
-49.6693
-47.422
-45.1769
-42.9284
-40.6777
-38.4349
-36.2181
-34.0496
-31.952
-29.9436
-28.036
-26.2333
-24.5342
-22.9347
-21.431
-20.0206
-18.7022
-17.475
-16.3376
-15.2871
-14.3193
-13.4287
-12.6101
-11.859
-11.1716
-10.5452
-9.97663
-9.46258
-8.99928
-8.58296
-8.21029
-7.87871
-7.5866
-7.33312
-7.11774
-6.93983
-6.79831
-6.69171
-6.61845
-6.57716
-6.56709
-6.58824
-6.64144
-6.72812
-6.85
-7.00875
-7.20576
-7.44209
-7.71873
-8.037
-8.39881
-8.80662
-9.26313
-9.77079
-10.3316
-10.9472
-11.6192
-12.35
-13.143
-14.003
-14.9356
-15.9467
-17.0409
-18.2215
-19.4905
-20.849
-22.2989
-23.8435
-25.4877
-27.2369
-29.0948
-31.0608
-33.1284
-35.2861
-37.5195
-39.815
-42.1628
-44.5583
-47.0002
-49.4855
-52.0039
-54.5339
-57.0448
-59.5005
-61.8643
-61.7336
-59.3212
-56.8812
-54.4609
-52.0866
-49.7579
-47.4548
-45.1516
-42.8288
-40.4808
-38.1202
-35.7749
-33.4808
-31.2734
-29.1801
-27.2152
-25.379
-23.6628
-22.0553
-20.5479
-19.1368
-17.8219
-16.6041
-15.4835
-14.457
-13.5183
-12.659
-11.8715
-11.15
-10.4913
-9.89352
-9.35413
-8.86944
-8.43457
-8.0444
-7.6945
-7.38184
-7.10516
-6.86465
-6.66098
-6.49427
-6.36336
-6.26606
-6.19974
-6.16206
-6.15162
-6.16843
-6.21387
-6.2903
-6.40043
-6.54669
-6.73064
-6.9528
-7.21332
-7.51297
-7.85381
-8.23919
-8.6729
-9.15808
-9.69643
-10.2885
-10.9347
-11.6365
-12.3972
-13.2233
-14.123
-15.1052
-16.1768
-17.341
-18.5983
-19.9478
-21.3901
-22.9294
-24.5745
-26.3375
-28.2291
-30.2526
-32.3994
-34.6513
-36.9848
-39.3783
-41.8193
-44.3084
-46.8572
-49.4769
-52.1645
-54.8936
-57.6195
-60.2905
-62.8559
-62.6238
-59.9398
-57.2578
-54.6573
-52.181
-49.8101
-47.4888
-45.1564
-42.7675
-40.3047
-37.7861
-35.2609
-32.7904
-30.4339
-28.2348
-26.2122
-24.3554
-22.6384
-21.0349
-19.5292
-18.1178
-16.8047
-15.5964
-14.4967
-13.5033
-12.6054
-11.7886
-11.0401
-10.3529
-9.72581
-9.15992
-8.65504
-8.20668
-7.80756
-7.44986
-7.12702
-6.83506
-6.57353
-6.34499
-6.15284
-5.99895
-5.88182
-5.79759
-5.74154
-5.70945
-5.69867
-5.70915
-5.74344
-5.80569
-5.90059
-6.03215
-6.20231
-6.41009
-6.65344
-6.93152
-7.24662
-7.60414
-8.01062
-8.47094
-8.98606
-9.55416
-10.1726
-10.8404
-11.56
-12.3401
-13.1943
-14.138
-15.1822
-16.3296
-17.5763
-18.916
-20.3448
-21.866
-23.4946
-25.2561
-27.1768
-29.2697
-31.5222
-33.9019
-36.3661
-38.8755
-41.4081
-43.9741
-46.6131
-49.3711
-52.2654
-55.257
-58.2722
-61.2308
-64.0642
-63.6433
-60.5533
-57.5161
-54.674
-52.1238
-49.7911
-47.5395
-45.2441
-42.8148
-40.2114
-37.4648
-34.6713
-31.9395
-29.3711
-27.0394
-24.9741
-23.1344
-21.4541
-19.8773
-18.3782
-16.9606
-15.6401
-14.4353
-13.3598
-12.4149
-11.5788
-10.8224
-10.1229
-9.47179
-8.87446
-8.34075
-7.87674
-7.47514
-7.12297
-6.80715
-6.51704
-6.24639
-5.99628
-5.77474
-5.5914
-5.45246
-5.35466
-5.29027
-5.2506
-5.2279
-5.21684
-5.21731
-5.23446
-5.27577
-5.34969
-5.46378
-5.62156
-5.81797
-6.04536
-6.29863
-6.58027
-6.90055
-7.27281
-7.70699
-8.2016
-8.74954
-9.34196
-9.972
-10.6384
-11.3527
-12.1396
-13.0288
-14.0421
-15.1782
-16.4235
-17.7593
-19.1701
-20.6514
-22.2269
-23.949
-25.8802
-28.0604
-30.4653
-33.0339
-35.6853
-38.342
-40.9513
-43.5367
-46.199
-49.0699
-52.2266
-55.5858
-59.0052
-62.3502
-65.5397
-64.8009
-61.088
-57.4917
-54.2699
-51.7537
-49.6572
-47.6559
-45.5277
-43.1161
-40.3278
-37.2147
-33.9968
-30.8573
-27.9717
-25.4641
-23.4151
-21.6878
-20.1246
-18.6118
-17.1134
-15.6672
-14.312
-13.0911
-12.0376
-11.1728
-10.4399
-9.77669
-9.13845
-8.51562
-7.93372
-7.42337
-7.01062
-6.6744
-6.38798
-6.12932
-5.8809
-5.62997
-5.37969
-5.15122
-4.96772
-4.84841
-4.78105
-4.749
-4.73687
-4.73125
-4.72005
-4.70312
-4.6923
-4.70053
-4.74257
-4.83412
-4.98684
-5.18292
-5.40176
-5.62664
-5.86012
-6.12399
-6.44778
-6.85802
-7.34243
-7.8831
-8.45944
-9.05376
-9.65019
-10.2634
-10.9405
-11.7436
-12.7282
-13.8727
-15.1437
-16.4981
-17.8977
-19.3048
-20.7519
-22.3445
-24.2287
-26.5314
-29.1764
-32.0504
-35.0006
-37.8797
-40.532
-42.9907
-45.4862
-48.3582
-51.8962
-55.8276
-59.8441
-63.6913
-67.3333
-66.0571
-61.4525
-56.9265
-52.8498
-50.7795
-49.3874
-47.9569
-46.2221
-43.9639
-40.9162
-37.1203
-33.2141
-29.4141
-26.0327
-23.2327
-21.3976
-20.0093
-18.7268
-17.3298
-15.7774
-14.2466
-12.794
-11.5089
-10.4468
-9.74373
-9.20344
-8.69766
-8.13433
-7.50283
-6.89215
-6.36758
-6.03633
-5.80394
-5.61497
-5.43863
-5.25021
-5.01442
-4.73341
-4.46462
-4.25324
-4.17117
-4.15819
-4.1807
-4.2154
-4.24427
-4.23313
-4.18172
-4.12433
-4.07815
-4.06573
-4.11793
-4.29127
-4.51675
-4.75114
-4.944
-5.09796
-5.26295
-5.50011
-5.90424
-6.40432
-6.96749
-7.55338
-8.13493
-8.64045
-9.0847
-9.5629
-10.2
-11.187
-12.3885
-13.7472
-15.1759
-16.6184
-17.9049
-19.0714
-20.3245
-21.979
-24.5138
-27.5622
-30.9616
-34.4225
-37.7481
-40.3948
-42.395
-44.2332
-46.6887
-51
-55.9464
-60.9257
-65.3253
-69.3999
-66.9457
-61.7017
-55.7125
-48.5392
-48.8298
-49.1748
-48.6995
-47.674
-45.9536
-42.5873
-37.1901
-32.2837
-27.3735
-23.2614
-19.6168
-18.7413
-18.1834
-17.4985
-16.2764
-14.4145
-12.7175
-11.0384
-9.60881
-8.34208
-8.08293
-7.91997
-7.70408
-7.23086
-6.46232
-5.72872
-5.03536
-4.92159
-4.87282
-4.82563
-4.76716
-4.68957
-4.46572
-4.07122
-3.69691
-3.35405
-3.39593
-3.48575
-3.59637
-3.70391
-3.81649
-3.80579
-3.6705
-3.5417
-3.40865
-3.29727
-3.22873
-3.5221
-3.83928
-4.16194
-4.31902
-4.32159
-4.29966
-4.31372
-4.81415
-5.37736
-6.02135
-6.65589
-7.32806
-7.72155
-7.85978
-7.95918
-8.1554
-9.34004
-10.6814
-12.2539
-13.838
-15.5679
-16.6824
-17.2706
-17.7312
-18.466
-21.7615
-25.4474
-29.7893
-34.0445
-38.5993
-41.193
-42.0362
-42.0941
-42.3488
-49.1899
-56.0174
-62.8408
-67.4253
-71.0488
-63.9827
-63.0206
-56.2018
-33.4806
-46.8025
-50.146
-50.2382
-50.132
-50.3195
-47.1897
-36.5602
-31.3654
-24.1898
-19.8222
-12.0184
-15.6325
-16.5459
-17.0493
-16.1493
-12.8191
-11.1666
-8.92713
-7.47733
-4.7891
-6.28628
-6.71539
-7.08372
-6.75516
-5.37375
-4.50934
-2.87028
-3.71496
-3.94121
-4.05434
-4.12506
-4.34134
-4.16451
-3.38155
-2.88538
-1.90213
-2.55302
-2.78478
-3.01797
-3.18669
-3.56785
-3.55946
-3.15148
-2.96665
-2.70928
-2.46844
-1.8196
-2.71998
-3.15538
-3.81277
-3.91817
-3.5821
-3.28607
-2.4285
-3.63532
-4.23598
-5.09093
-5.70658
-6.92504
-7.17293
-6.69347
-6.21866
-4.69011
-7.27037
-8.64519
-10.7477
-12.2945
-15.4088
-16.2229
-15.6589
-14.7477
-11.2704
-18.452
-22.3937
-28.748
-33.2415
-42.2806
-44.5179
-42.8129
-39.6751
-28.5265
-47.4004
-56.0941
-67.9777
-70.906
-67.7947
-60.8111
-62.8305
-64.7223
-66.4755
-68.0821
-69.5371
-70.8383
-71.9854
-72.9798
-73.8241
-74.5213
-75.0745
-75.4865
-75.7598
-75.896
-60.9227
-62.9557
-64.8582
-66.619
-68.2303
-69.6874
-70.9885
-72.134
-73.1258
-73.9669
-74.6608
-75.2109
-75.6205
-75.892
-76.0273
-61.1483
-63.2091
-65.1331
-66.909
-68.5292
-69.99
-71.2905
-72.4322
-73.4182
-74.2525
-74.9395
-75.4833
-75.8877
-76.1556
-76.289
-61.4934
-63.5967
-65.5533
-67.3515
-68.9843
-70.4492
-71.7473
-72.8819
-73.858
-74.681
-75.3568
-75.8905
-76.2866
-76.5488
-76.6792
-61.9665
-64.1285
-66.1291
-67.956
-69.6036
-71.0715
-72.3635
-73.4859
-74.4462
-75.2522
-75.9114
-76.4304
-76.8148
-77.0687
-77.1949
-62.5802
-64.8192
-66.8754
-68.7365
-70.3988
-71.8656
-73.145
-74.2474
-75.184
-75.9655
-76.6015
-77.1002
-77.4685
-77.7113
-77.8319
-63.3529
-65.6899
-67.8137
-69.7121
-71.3855
-72.8432
-74.0992
-75.1701
-76.072
-76.8191
-77.4236
-77.8955
-78.2428
-78.4712
-78.5844
-64.3107
-66.771
-68.974
-70.9092
-72.5842
-74.0179
-75.2342
-76.2573
-77.1098
-77.81
-78.3729
-78.8101
-79.1307
-79.341
-79.4451
-65.4915
-68.1064
-70.3987
-72.3628
-74.02
-75.4057
-76.5577
-77.5108
-78.2948
-78.9329
-79.4423
-79.8359
-80.1235
-80.3116
-80.4047
-66.9508
-69.761
-72.1481
-74.1191
-75.7229
-77.0222
-78.075
-78.9288
-79.6211
-80.1791
-80.6216
-80.9621
-81.21
-81.372
-81.4519
-68.7721
-71.8352
-74.3091
-76.2379
-77.7259
-78.8799
-79.7851
-80.5029
-81.0766
-81.535
-81.897
-82.1748
-82.3768
-82.5086
-82.5737
-71.0874
-74.4947
-77.0107
-78.7926
-80.0581
-80.9812
-81.6767
-82.2156
-82.6418
-82.9817
-83.2503
-83.457
-83.6076
-83.7061
-83.7548
-74.1309
-78.0408
-80.4418
-81.8585
-82.7276
-83.3042
-83.7185
-84.0353
-84.2881
-84.4935
-84.6592
-84.7887
-84.8844
-84.9474
-84.9787
-78.4952
-83.0907
-84.8505
-85.4653
-85.6845
-85.783
-85.8506
-85.9128
-85.976
-86.0388
-86.0973
-86.1476
-86.1871
-86.2142
-86.2279
-86.6885
-90.9708
-90.398
-89.4604
-88.7565
-88.2861
-87.9803
-87.783
-87.6583
-87.5819
-87.5365
-87.5102
-87.4955
-87.4879
-87.4846
-88.0516
-88.0654
-88.0949
-88.1435
-88.2175
-88.326
-88.4834
-88.7116
-89.0449
-89.5406
-90.3035
-91.5599
-93.9368
-99.7777
-120.345
-89.1188
-89.1456
-89.2014
-89.291
-89.422
-89.6067
-89.8635
-90.2207
-90.7227
-91.4412
-92.4981
-94.1051
-96.5862
-99.9536
-99.4258
-90.1624
-90.2006
-90.2794
-90.4042
-90.5838
-90.8317
-91.1683
-91.624
-92.2447
-93.101
-94.3046
-96.037
-98.6133
-102.827
-112.956
-91.1744
-91.2221
-91.3201
-91.4739
-91.6925
-91.9896
-92.3849
-92.9073
-93.5973
-94.5132
-95.7373
-97.377
-99.4961
-101.586
-98.8665
-92.1482
-92.2035
-92.3166
-92.4929
-92.741
-93.0733
-93.5078
-94.0686
-94.7874
-95.7049
-96.8749
-98.3773
-100.392
-103.677
-112.631
-93.0784
-93.1394
-93.2638
-93.4564
-93.7249
-94.0803
-94.5374
-95.1147
-95.8334
-96.7146
-97.7751
-99.0153
-100.399
-101.822
-103.042
-93.9609
-94.0259
-94.158
-94.3614
-94.6426
-95.0108
-95.4778
-96.057
-96.7603
-97.5932
-98.5438
-99.547
-100.37
-100.102
-94.3866
-94.793
-94.8605
-94.997
-95.2063
-95.4937
-95.8667
-96.3347
-96.9072
-97.5908
-98.3837
-99.2694
-100.197
-101.091
-102.155
-106.646
-95.573
-95.6415
-95.7798
-95.991
-96.2793
-96.6509
-97.1134
-97.6745
-98.3386
-99.1037
-99.959
-100.864
-101.688
-101.822
-97.3145
-96.3001
-96.3684
-96.5062
-96.7159
-97.0008
-97.3661
-97.8183
-98.3644
-99.0092
-99.7552
-100.608
-101.58
-102.757
-104.704
-111.196
-96.9744
-97.0416
-97.1769
-97.3822
-97.6602
-98.0152
-98.4528
-98.9799
-99.6024
-100.327
-101.167
-102.146
-103.286
-104.424
-103.416
-97.5967
-97.662
-97.7932
-97.9917
-98.2598
-98.6008
-99.0199
-99.5234
-100.118
-100.812
-101.624
-102.593
-103.81
-105.626
-110.037
-98.1683
-98.231
-98.3568
-98.5467
-98.8023
-99.1264
-99.5231
-99.9982
-100.557
-101.208
-101.967
-102.861
-103.914
-105.019
-104.789
-98.6912
-98.7507
-98.87
-99.0497
-99.2909
-99.5954
-99.9667
-100.409
-100.927
-101.523
-102.211
-103.01
-103.975
-105.332
-108.322
-99.1674
-99.2233
-99.3353
-99.5037
-99.7289
-100.012
-100.356
-100.762
-101.234
-101.769
-102.372
-103.039
-103.76
-104.504
-105.158
-99.5995
-99.6516
-99.7557
-99.912
-100.12
-100.381
-100.696
-101.065
-101.489
-101.963
-102.482
-103.023
-103.522
-103.734
-102.529
-99.9901
-100.038
-100.134
-100.278
-100.469
-100.707
-100.992
-101.325
-101.704
-102.121
-102.57
-103.031
-103.477
-103.942
-105.177
-100.342
-100.386
-100.474
-100.605
-100.778
-100.993
-101.25
-101.548
-101.884
-102.252
-102.643
-103.044
-103.415
-103.609
-102.732
-100.658
-100.698
-100.777
-100.896
-101.052
-101.245
-101.475
-101.739
-102.036
-102.359
-102.706
-103.072
-103.469
-104.013
-105.507
-100.941
-100.977
-101.048
-101.155
-101.294
-101.466
-101.669
-101.903
-102.163
-102.446
-102.749
-103.072
-103.416
-103.752
-103.651
-101.194
-101.226
-101.29
-101.384
-101.508
-101.66
-101.838
-102.042
-102.268
-102.512
-102.773
-103.052
-103.364
-103.788
-104.741
-101.419
-101.447
-101.504
-101.587
-101.696
-101.829
-101.984
-102.16
-102.355
-102.562
-102.779
-103.003
-103.229
-103.451
-103.635
-101.619
-101.644
-101.693
-101.766
-101.861
-101.976
-102.11
-102.261
-102.426
-102.599
-102.775
-102.947
-103.091
-103.136
-102.734
-101.796
-101.818
-101.861
-101.925
-102.006
-102.105
-102.219
-102.347
-102.485
-102.628
-102.77
-102.903
-103.018
-103.126
-103.459
-101.953
-101.972
-102.009
-102.064
-102.134
-102.217
-102.314
-102.421
-102.536
-102.652
-102.765
-102.867
-102.944
-102.953
-102.666
-102.092
-102.108
-102.14
-102.186
-102.245
-102.315
-102.396
-102.484
-102.578
-102.672
-102.763
-102.844
-102.911
-102.98
-103.244
-102.214
-102.228
-102.255
-102.294
-102.343
-102.401
-102.467
-102.539
-102.615
-102.69
-102.761
-102.825
-102.871
-102.867
-102.59
-102.322
-102.333
-102.356
-102.388
-102.428
-102.475
-102.528
-102.586
-102.646
-102.705
-102.761
-102.812
-102.862
-102.939
-103.239
-102.417
-102.426
-102.444
-102.47
-102.503
-102.54
-102.581
-102.626
-102.673
-102.716
-102.757
-102.795
-102.828
-102.85
-102.754
-102.5
-102.507
-102.522
-102.542
-102.567
-102.596
-102.627
-102.661
-102.695
-102.725
-102.752
-102.775
-102.797
-102.837
-102.996
-102.572
-102.578
-102.589
-102.605
-102.624
-102.645
-102.667
-102.69
-102.712
-102.73
-102.743
-102.75
-102.749
-102.737
-102.706
-102.636
-102.64
-102.649
-102.66
-102.673
-102.687
-102.701
-102.715
-102.727
-102.734
-102.734
-102.726
-102.702
-102.646
-102.469
-102.691
-102.694
-102.7
-102.708
-102.716
-102.724
-102.73
-102.736
-102.739
-102.736
-102.726
-102.707
-102.674
-102.632
-102.636
-102.739
-102.741
-102.745
-102.749
-102.753
-102.755
-102.756
-102.754
-102.75
-102.738
-102.719
-102.691
-102.648
-102.58
-102.431
-102.781
-102.782
-102.783
-102.785
-102.784
-102.782
-102.777
-102.77
-102.759
-102.74
-102.714
-102.679
-102.633
-102.58
-102.567
-102.817
-102.817
-102.817
-102.815
-102.812
-102.805
-102.796
-102.783
-102.766
-102.742
-102.71
-102.67
-102.619
-102.547
-102.401
-102.848
-102.847
-102.845
-102.842
-102.835
-102.825
-102.812
-102.795
-102.773
-102.743
-102.707
-102.664
-102.612
-102.561
-102.556
-102.874
-102.873
-102.87
-102.864
-102.855
-102.842
-102.825
-102.804
-102.778
-102.745
-102.705
-102.657
-102.601
-102.536
-102.436
-102.897
-102.895
-102.89
-102.883
-102.872
-102.857
-102.836
-102.812
-102.783
-102.746
-102.702
-102.651
-102.592
-102.531
-102.49
-102.915
-102.913
-102.908
-102.899
-102.886
-102.868
-102.846
-102.819
-102.786
-102.746
-102.699
-102.644
-102.58
-102.507
-102.421
-102.93
-102.928
-102.922
-102.912
-102.898
-102.878
-102.853
-102.824
-102.789
-102.746
-102.696
-102.637
-102.568
-102.485
-102.369
-102.943
-102.939
-102.933
-102.922
-102.907
-102.886
-102.859
-102.828
-102.791
-102.746
-102.694
-102.633
-102.562
-102.482
-102.405
-102.952
-102.949
-102.941
-102.93
-102.914
-102.892
-102.864
-102.832
-102.793
-102.746
-102.692
-102.63
-102.557
-102.473
-102.367
-102.958
-102.955
-102.947
-102.936
-102.919
-102.896
-102.867
-102.834
-102.794
-102.747
-102.691
-102.628
-102.555
-102.473
-102.39
-102.962
-102.959
-102.951
-102.939
-102.922
-102.899
-102.87
-102.835
-102.795
-102.747
-102.691
-102.627
-102.553
-102.469
-102.371
-102.964
-102.96
-102.953
-102.94
-102.923
-102.9
-102.871
-102.836
-102.796
-102.747
-102.691
-102.627
-102.553
-102.471
-102.381
-102.963
-102.959
-102.952
-102.94
-102.922
-102.899
-102.87
-102.836
-102.796
-102.748
-102.692
-102.628
-102.555
-102.472
-102.381
-102.959
-102.956
-102.948
-102.937
-102.92
-102.897
-102.869
-102.835
-102.796
-102.748
-102.693
-102.63
-102.557
-102.474
-102.373
-102.953
-102.949
-102.943
-102.931
-102.915
-102.893
-102.866
-102.834
-102.795
-102.749
-102.695
-102.634
-102.563
-102.482
-102.39
-102.944
-102.941
-102.934
-102.924
-102.909
-102.888
-102.862
-102.831
-102.794
-102.75
-102.698
-102.638
-102.569
-102.494
-102.417
-102.932
-102.929
-102.923
-102.914
-102.9
-102.881
-102.856
-102.827
-102.793
-102.75
-102.7
-102.643
-102.576
-102.5
-102.402
-102.917
-102.915
-102.91
-102.901
-102.889
-102.871
-102.849
-102.823
-102.791
-102.751
-102.703
-102.648
-102.585
-102.516
-102.458
-102.898
-102.897
-102.893
-102.886
-102.875
-102.86
-102.84
-102.817
-102.788
-102.751
-102.707
-102.654
-102.593
-102.52
-102.416
-102.876
-102.875
-102.872
-102.867
-102.859
-102.846
-102.83
-102.809
-102.784
-102.751
-102.71
-102.661
-102.603
-102.54
-102.51
-102.85
-102.849
-102.848
-102.845
-102.839
-102.83
-102.817
-102.801
-102.78
-102.751
-102.715
-102.669
-102.611
-102.533
-102.393
-102.819
-102.819
-102.819
-102.818
-102.815
-102.81
-102.802
-102.79
-102.775
-102.751
-102.721
-102.68
-102.627
-102.563
-102.519
-102.782
-102.783
-102.785
-102.787
-102.788
-102.787
-102.784
-102.778
-102.768
-102.752
-102.728
-102.695
-102.647
-102.573
-102.422
-102.74
-102.742
-102.746
-102.751
-102.756
-102.76
-102.762
-102.763
-102.761
-102.752
-102.737
-102.714
-102.679
-102.631
-102.564
-102.691
-102.694
-102.701
-102.709
-102.719
-102.729
-102.738
-102.746
-102.752
-102.752
-102.746
-102.735
-102.716
-102.698
-102.734
-102.635
-102.639
-102.649
-102.661
-102.676
-102.692
-102.708
-102.725
-102.74
-102.75
-102.756
-102.755
-102.746
-102.723
-102.623
-102.57
-102.576
-102.588
-102.605
-102.626
-102.649
-102.674
-102.7
-102.726
-102.747
-102.764
-102.775
-102.781
-102.796
-102.9
-102.496
-102.504
-102.519
-102.541
-102.568
-102.6
-102.634
-102.671
-102.708
-102.742
-102.77
-102.793
-102.806
-102.801
-102.681
-102.411
-102.42
-102.44
-102.467
-102.502
-102.543
-102.588
-102.637
-102.687
-102.734
-102.777
-102.812
-102.838
-102.879
-103.099
-102.314
-102.326
-102.349
-102.383
-102.426
-102.476
-102.534
-102.596
-102.662
-102.725
-102.783
-102.831
-102.856
-102.828
-102.56
-102.203
-102.218
-102.246
-102.286
-102.338
-102.4
-102.471
-102.549
-102.631
-102.713
-102.792
-102.859
-102.907
-102.938
-103.097
-102.078
-102.095
-102.128
-102.176
-102.238
-102.312
-102.398
-102.493
-102.595
-102.7
-102.803
-102.896
-102.963
-102.953
-102.642
-101.935
-101.955
-101.994
-102.05
-102.123
-102.211
-102.313
-102.427
-102.552
-102.682
-102.815
-102.946
-103.068
-103.171
-103.228
-101.774
-101.797
-101.841
-101.907
-101.991
-102.094
-102.214
-102.35
-102.499
-102.657
-102.823
-102.996
-103.181
-103.416
-103.929
-101.593
-101.618
-101.669
-101.744
-101.841
-101.96
-102.099
-102.257
-102.433
-102.62
-102.82
-103.033
-103.255
-103.461
-103.377
-101.388
-101.417
-101.474
-101.559
-101.67
-101.806
-101.966
-102.149
-102.351
-102.57
-102.804
-103.056
-103.336
-103.703
-104.531
-101.158
-101.19
-101.255
-101.351
-101.476
-101.63
-101.812
-102.02
-102.253
-102.503
-102.771
-103.055
-103.35
-103.619
-103.436
-100.9
-100.936
-101.008
-101.115
-101.256
-101.429
-101.635
-101.871
-102.134
-102.419
-102.722
-103.039
-103.377
-103.843
-105.194
-100.612
-100.652
-100.731
-100.85
-101.007
-101.201
-101.431
-101.697
-101.995
-102.318
-102.659
-103.002
-103.311
-103.447
-102.579
-100.29
-100.334
-100.422
-100.553
-100.726
-100.941
-101.197
-101.495
-101.831
-102.198
-102.588
-102.984
-103.358
-103.743
-104.83
-99.9334
-99.9812
-100.077
-100.22
-100.409
-100.646
-100.93
-101.261
-101.639
-102.056
-102.508
-102.974
-103.393
-103.546
-102.409
-99.5379
-99.5896
-99.6929
-99.8479
-100.054
-100.313
-100.625
-100.991
-101.412
-101.886
-102.413
-102.99
-103.608
-104.238
-104.785
-99.1014
-99.1568
-99.2676
-99.4343
-99.6571
-99.937
-100.276
-100.677
-101.142
-101.672
-102.277
-102.973
-103.807
-104.983
-107.622
-98.6212
-98.68
-98.7979
-98.9756
-99.2138
-99.5142
-99.8795
-100.313
-100.819
-101.401
-102.072
-102.853
-103.763
-104.706
-104.449
-98.0949
-98.1568
-98.2811
-98.4687
-98.7211
-99.0404
-99.43
-99.8943
-100.437
-101.063
-101.786
-102.636
-103.691
-105.257
-109.102
-97.5204
-97.5849
-97.7146
-97.9108
-98.1756
-98.5119
-98.9236
-99.4153
-99.9904
-100.651
-101.406
-102.27
-103.258
-104.22
-103.269
-96.8959
-96.9624
-97.0962
-97.2993
-97.5743
-97.9251
-98.3563
-98.8731
-99.4775
-100.168
-100.944
-101.811
-102.837
-104.504
-110.097
-96.2202
-96.2878
-96.4242
-96.6318
-96.9142
-97.2765
-97.7246
-98.2645
-98.8981
-99.6191
-100.413
-101.236
-101.964
-102.055
-98.0708
-95.4925
-95.5602
-95.697
-95.9063
-96.1926
-96.5624
-97.024
-97.5856
-98.251
-99.0142
-99.855
-100.72
-101.526
-102.429
-106.183
-94.7128
-94.7793
-94.9141
-95.1213
-95.4067
-95.7789
-96.2489
-96.8292
-97.5292
-98.3494
-99.2746
-100.237
-101.016
-100.815
-95.9271
-93.882
-93.9457
-94.0755
-94.276
-94.5545
-94.9216
-95.3922
-95.9844
-96.7169
-97.6058
-98.6625
-99.8742
-101.181
-102.447
-103.42
-93.002
-93.0613
-93.1824
-93.3707
-93.6346
-93.9869
-94.4461
-95.0369
-95.7894
-96.7399
-97.9366
-99.4387
-101.366
-104.277
-111.671
-92.0759
-92.1288
-92.2373
-92.4071
-92.6474
-92.9725
-93.4038
-93.9719
-94.7176
-95.6973
-96.9927
-98.7008
-100.862
-102.986
-100.968
-91.1084
-91.1529
-91.2445
-91.3889
-91.5954
-91.8789
-92.262
-92.7784
-93.4767
-94.4297
-95.7565
-97.6415
-100.377
-104.565
-113.114
-90.1052
-90.1393
-90.2098
-90.3219
-90.4843
-90.7107
-91.023
-91.4538
-92.0524
-92.8971
-94.127
-95.9853
-98.8763
-103.107
-105.284
-89.0739
-89.0957
-89.1412
-89.2146
-89.3231
-89.4779
-89.6972
-90.008
-90.4509
-91.0917
-92.0557
-93.6055
-96.4404
-103.068
-125.034
-124.808
-102.638
-95.8106
-92.9009
-91.353
-90.4231
-89.8254
-89.4246
-89.1506
-88.9619
-88.8315
-88.7419
-88.682
-88.6453
-88.6278
-106.071
-102.583
-98.0047
-95.0771
-93.2794
-92.1299
-91.3599
-90.8242
-90.4438
-90.171
-89.975
-89.8355
-89.7396
-89.6795
-89.6505
-112.116
-103.279
-99.0463
-96.4626
-94.7504
-93.5678
-92.7255
-92.111
-91.6576
-91.3218
-91.0738
-90.8934
-90.7673
-90.6873
-90.6484
-102.092
-100.769
-98.9363
-97.2366
-95.8483
-94.7636
-93.9264
-93.281
-92.7851
-92.4065
-92.1201
-91.9079
-91.7578
-91.6616
-91.6146
-93.0679
-98.6071
-98.727
-97.7879
-96.7298
-95.7815
-94.9878
-94.3419
-93.8265
-93.4216
-93.109
-92.8738
-92.7054
-92.5968
-92.5435
-104.508
-100.201
-99.2463
-98.415
-97.5296
-96.686
-95.9399
-95.307
-94.7861
-94.3674
-94.0383
-93.7874
-93.6061
-93.4885
-93.4305
-94.7912
-99.461
-99.6728
-99.0728
-98.2945
-97.5166
-96.8067
-96.1889
-95.6698
-95.2454
-94.9073
-94.6468
-94.4573
-94.3335
-94.2724
-106.66
-101.809
-100.656
-99.8477
-99.0534
-98.2938
-97.6028
-96.997
-96.4826
-96.0578
-95.7162
-95.4512
-95.2571
-95.1299
-95.0669
-97.236
-101.583
-101.393
-100.606
-99.7825
-99.0173
-98.333
-97.7359
-97.2281
-96.8067
-96.466
-96.2003
-96.0048
-95.8763
-95.8126
-111.023
-104.502
-102.536
-101.383
-100.465
-99.6784
-98.9959
-98.4074
-97.9083
-97.4937
-97.1576
-96.8945
-96.7004
-96.5725
-96.5089
-103.277
-104.25
-103.109
-101.99
-101.051
-100.261
-99.5869
-99.0112
-98.5247
-98.1206
-97.7924
-97.5348
-97.3444
-97.2186
-97.156
-109.843
-105.46
-103.66
-102.464
-101.529
-100.756
-100.103
-99.5475
-99.0786
-98.6889
-98.3718
-98.1225
-97.9377
-97.8154
-97.7545
-104.631
-104.871
-103.783
-102.752
-101.888
-101.162
-100.545
-100.018
-99.5723
-99.2009
-98.898
-98.6592
-98.4818
-98.3642
-98.3056
-108.166
-105.197
-103.861
-102.919
-102.145
-101.485
-100.917
-100.427
-100.009
-99.6597
-99.3734
-99.1471
-98.9785
-98.8667
-98.8108
-105.014
-104.382
-103.66
-102.962
-102.318
-101.74
-101.228
-100.78
-100.394
-100.069
-99.8011
-99.5887
-99.4302
-99.3247
-99.272
-102.383
-103.623
-103.437
-102.96
-102.44
-101.943
-101.488
-101.083
-100.731
-100.432
-100.184
-99.987
-99.8392
-99.7407
-99.6913
-105.069
-103.849
-103.409
-102.984
-102.541
-102.109
-101.708
-101.345
-101.026
-100.753
-100.526
-100.345
-100.208
-100.117
-100.071
-102.585
-103.528
-103.364
-103.013
-102.628
-102.25
-101.895
-101.571
-101.284
-101.037
-100.831
-100.665
-100.54
-100.456
-100.414
-105.475
-103.97
-103.444
-103.061
-102.705
-102.368
-102.053
-101.765
-101.509
-101.287
-101.101
-100.951
-100.837
-100.761
-100.723
-103.539
-103.726
-103.418
-103.083
-102.765
-102.465
-102.187
-101.932
-101.704
-101.507
-101.34
-101.205
-101.103
-101.034
-100.999
-104.746
-103.822
-103.406
-103.089
-102.805
-102.542
-102.298
-102.074
-101.874
-101.699
-101.551
-101.431
-101.34
-101.278
-101.247
-103.478
-103.558
-103.321
-103.066
-102.826
-102.6
-102.39
-102.195
-102.02
-101.867
-101.737
-101.631
-101.55
-101.495
-101.467
-104.084
-103.509
-103.241
-103.029
-102.83
-102.642
-102.464
-102.298
-102.147
-102.014
-101.901
-101.808
-101.736
-101.688
-101.664
-103.315
-103.242
-103.119
-102.975
-102.823
-102.671
-102.524
-102.384
-102.255
-102.141
-102.044
-101.963
-101.901
-101.859
-101.837
-102.675
-103.003
-103.005
-102.922
-102.811
-102.692
-102.573
-102.456
-102.348
-102.252
-102.169
-102.1
-102.046
-102.01
-101.991
-103.173
-102.987
-102.943
-102.882
-102.8
-102.708
-102.613
-102.518
-102.428
-102.348
-102.278
-102.22
-102.174
-102.143
-102.127
-102.586
-102.867
-102.889
-102.852
-102.792
-102.721
-102.646
-102.57
-102.497
-102.431
-102.374
-102.325
-102.287
-102.26
-102.247
-103.173
-102.923
-102.869
-102.831
-102.785
-102.732
-102.674
-102.614
-102.556
-102.504
-102.457
-102.417
-102.385
-102.363
-102.352
-102.717
-102.837
-102.834
-102.811
-102.778
-102.74
-102.698
-102.652
-102.607
-102.566
-102.529
-102.497
-102.472
-102.454
-102.444
-102.956
-102.832
-102.807
-102.791
-102.771
-102.746
-102.717
-102.684
-102.651
-102.62
-102.592
-102.567
-102.547
-102.533
-102.525
-102.654
-102.752
-102.768
-102.769
-102.762
-102.75
-102.733
-102.711
-102.689
-102.667
-102.646
-102.628
-102.613
-102.602
-102.596
-102.773
-102.725
-102.735
-102.747
-102.752
-102.752
-102.745
-102.734
-102.721
-102.707
-102.693
-102.681
-102.67
-102.662
-102.657
-102.588
-102.652
-102.695
-102.724
-102.742
-102.752
-102.756
-102.753
-102.748
-102.741
-102.734
-102.726
-102.719
-102.714
-102.711
-102.434
-102.588
-102.659
-102.703
-102.732
-102.752
-102.764
-102.769
-102.771
-102.771
-102.769
-102.766
-102.762
-102.759
-102.757
-102.538
-102.576
-102.638
-102.687
-102.723
-102.751
-102.77
-102.783
-102.791
-102.796
-102.799
-102.8
-102.799
-102.798
-102.797
-102.401
-102.543
-102.619
-102.674
-102.717
-102.75
-102.776
-102.794
-102.807
-102.817
-102.824
-102.829
-102.83
-102.831
-102.831
-102.526
-102.55
-102.609
-102.665
-102.711
-102.75
-102.78
-102.803
-102.821
-102.836
-102.846
-102.853
-102.857
-102.859
-102.86
-102.425
-102.527
-102.597
-102.657
-102.707
-102.749
-102.784
-102.811
-102.833
-102.851
-102.865
-102.874
-102.88
-102.884
-102.885
-102.469
-102.521
-102.587
-102.649
-102.703
-102.749
-102.787
-102.818
-102.843
-102.864
-102.88
-102.892
-102.899
-102.904
-102.906
-102.411
-102.499
-102.575
-102.642
-102.699
-102.748
-102.79
-102.823
-102.851
-102.874
-102.893
-102.906
-102.915
-102.921
-102.923
-102.367
-102.481
-102.565
-102.635
-102.695
-102.747
-102.791
-102.827
-102.857
-102.883
-102.903
-102.918
-102.928
-102.934
-102.937
-102.396
-102.478
-102.559
-102.631
-102.693
-102.747
-102.793
-102.831
-102.862
-102.889
-102.911
-102.927
-102.938
-102.945
-102.948
-102.367
-102.47
-102.554
-102.627
-102.691
-102.746
-102.794
-102.833
-102.866
-102.894
-102.917
-102.934
-102.945
-102.953
-102.956
-102.384
-102.47
-102.552
-102.625
-102.689
-102.746
-102.794
-102.834
-102.869
-102.897
-102.921
-102.938
-102.95
-102.958
-102.961
-102.373
-102.467
-102.55
-102.624
-102.688
-102.745
-102.794
-102.835
-102.87
-102.899
-102.923
-102.941
-102.953
-102.961
-102.964
-102.373
-102.467
-102.55
-102.624
-102.688
-102.745
-102.794
-102.835
-102.87
-102.899
-102.923
-102.941
-102.953
-102.961
-102.965
-102.383
-102.469
-102.551
-102.624
-102.688
-102.745
-102.794
-102.834
-102.869
-102.898
-102.921
-102.939
-102.952
-102.959
-102.963
-102.366
-102.468
-102.552
-102.625
-102.689
-102.745
-102.793
-102.833
-102.867
-102.895
-102.918
-102.935
-102.947
-102.955
-102.958
-102.394
-102.475
-102.556
-102.628
-102.69
-102.745
-102.792
-102.83
-102.863
-102.891
-102.913
-102.929
-102.941
-102.948
-102.951
-102.364
-102.477
-102.561
-102.632
-102.692
-102.745
-102.79
-102.827
-102.858
-102.884
-102.906
-102.921
-102.932
-102.939
-102.942
-102.407
-102.494
-102.57
-102.637
-102.694
-102.745
-102.788
-102.823
-102.852
-102.877
-102.896
-102.911
-102.92
-102.926
-102.929
-102.465
-102.515
-102.581
-102.643
-102.697
-102.744
-102.785
-102.817
-102.844
-102.867
-102.884
-102.897
-102.906
-102.911
-102.914
-102.418
-102.519
-102.588
-102.648
-102.699
-102.744
-102.781
-102.811
-102.835
-102.855
-102.87
-102.881
-102.888
-102.893
-102.895
-102.521
-102.539
-102.597
-102.654
-102.702
-102.743
-102.777
-102.803
-102.823
-102.84
-102.853
-102.862
-102.867
-102.871
-102.872
-102.386
-102.527
-102.603
-102.659
-102.705
-102.742
-102.771
-102.793
-102.81
-102.823
-102.833
-102.839
-102.843
-102.844
-102.845
-102.529
-102.556
-102.615
-102.668
-102.709
-102.741
-102.765
-102.782
-102.794
-102.803
-102.809
-102.812
-102.814
-102.814
-102.813
-102.412
-102.556
-102.628
-102.678
-102.714
-102.74
-102.758
-102.769
-102.776
-102.78
-102.781
-102.781
-102.78
-102.778
-102.777
-102.587
-102.6
-102.652
-102.693
-102.721
-102.739
-102.75
-102.754
-102.754
-102.753
-102.749
-102.745
-102.74
-102.737
-102.734
-102.445
-102.613
-102.677
-102.711
-102.729
-102.738
-102.74
-102.736
-102.729
-102.721
-102.712
-102.703
-102.695
-102.689
-102.685
-102.646
-102.692
-102.719
-102.734
-102.739
-102.737
-102.729
-102.716
-102.7
-102.684
-102.669
-102.655
-102.643
-102.634
-102.629
-102.891
-102.778
-102.763
-102.758
-102.749
-102.735
-102.715
-102.691
-102.666
-102.642
-102.619
-102.599
-102.582
-102.57
-102.564
-102.69
-102.793
-102.794
-102.78
-102.759
-102.731
-102.699
-102.663
-102.626
-102.593
-102.562
-102.535
-102.513
-102.498
-102.49
-103.092
-102.874
-102.831
-102.802
-102.767
-102.725
-102.678
-102.629
-102.58
-102.536
-102.496
-102.462
-102.434
-102.415
-102.405
-102.57
-102.827
-102.851
-102.824
-102.775
-102.717
-102.654
-102.589
-102.527
-102.47
-102.42
-102.377
-102.344
-102.321
-102.309
-103.098
-102.937
-102.903
-102.854
-102.785
-102.707
-102.625
-102.542
-102.464
-102.394
-102.333
-102.281
-102.241
-102.213
-102.199
-102.648
-102.952
-102.96
-102.891
-102.797
-102.694
-102.59
-102.487
-102.392
-102.307
-102.233
-102.171
-102.123
-102.09
-102.073
-103.228
-103.169
-103.065
-102.941
-102.809
-102.677
-102.547
-102.422
-102.308
-102.206
-102.118
-102.046
-101.989
-101.951
-101.932
-103.926
-103.413
-103.178
-102.992
-102.818
-102.652
-102.494
-102.345
-102.209
-102.09
-101.987
-101.903
-101.838
-101.793
-101.771
-103.376
-103.458
-103.252
-103.028
-102.816
-102.616
-102.428
-102.253
-102.095
-101.956
-101.838
-101.741
-101.666
-101.615
-101.59
-104.527
-103.699
-103.331
-103.051
-102.8
-102.565
-102.347
-102.145
-101.962
-101.803
-101.667
-101.557
-101.472
-101.414
-101.385
-103.431
-103.613
-103.345
-103.049
-102.766
-102.499
-102.248
-102.017
-101.809
-101.627
-101.474
-101.348
-101.253
-101.189
-101.156
-105.187
-103.836
-103.371
-103.033
-102.717
-102.415
-102.13
-101.867
-101.632
-101.427
-101.254
-101.114
-101.007
-100.935
-100.899
-102.571
-103.439
-103.304
-102.996
-102.653
-102.313
-101.991
-101.694
-101.428
-101.199
-101.005
-100.849
-100.731
-100.651
-100.611
-104.819
-103.734
-103.351
-102.977
-102.582
-102.193
-101.827
-101.492
-101.195
-100.939
-100.725
-100.552
-100.422
-100.335
-100.291
-102.399
-103.536
-103.385
-102.967
-102.502
-102.052
-101.636
-101.259
-100.929
-100.646
-100.41
-100.22
-100.078
-99.9825
-99.9347
-104.772
-104.226
-103.598
-102.982
-102.407
-101.882
-101.409
-100.989
-100.624
-100.313
-100.055
-99.8495
-99.695
-99.5919
-99.5403
-107.604
-104.969
-103.796
-102.964
-102.271
-101.668
-101.14
-100.676
-100.276
-99.9381
-99.659
-99.4369
-99.2708
-99.1601
-99.1048
-104.43
-104.691
-103.752
-102.844
-102.067
-101.398
-100.818
-100.314
-99.8807
-99.5163
-99.2168
-98.9793
-98.8022
-98.6845
-98.6257
-109.074
-105.239
-103.679
-102.628
-101.781
-101.061
-100.437
-99.8957
-99.4325
-99.0437
-98.7253
-98.4737
-98.2866
-98.1626
-98.1007
-103.246
-104.202
-103.246
-102.263
-101.402
-100.65
-99.9915
-99.4181
-98.9274
-98.5165
-98.1811
-97.9171
-97.7215
-97.5921
-97.5277
-110.055
-104.485
-102.826
-101.806
-100.942
-100.169
-99.4802
-98.8776
-98.3618
-97.9312
-97.5813
-97.307
-97.1046
-96.9711
-96.9048
-98.0695
-102.045
-101.957
-101.233
-100.413
-99.622
-98.9028
-98.271
-97.732
-97.2844
-96.9227
-96.641
-96.4341
-96.2981
-96.2307
-106.152
-102.42
-101.524
-100.72
-99.8581
-99.0196
-98.258
-97.5943
-97.0335
-96.5722
-96.2028
-95.9171
-95.7085
-95.5721
-95.5047
-95.9521
-100.818
-101.018
-100.241
-99.281
-98.3577
-97.5386
-96.8403
-96.2607
-95.7908
-95.4188
-95.1339
-94.9273
-94.793
-94.7267
-103.415
-102.448
-101.186
-99.8819
-98.6724
-97.6173
-96.7291
-95.998
-95.4065
-94.9358
-94.5686
-94.2904
-94.0905
-93.9612
-93.8977
-111.632
-104.276
-101.375
-99.4507
-97.9505
-96.7549
-95.8045
-95.0531
-94.4629
-94.0035
-93.6508
-93.3871
-93.1992
-93.0786
-93.0195
-101.004
-103.003
-100.879
-98.7185
-97.0112
-95.716
-94.7358
-93.9909
-93.4233
-92.9914
-92.6658
-92.4255
-92.2561
-92.148
-92.0953
-113.102
-104.586
-100.401
-97.6652
-95.7797
-94.4522
-93.4981
-92.8003
-92.284
-91.9002
-91.616
-91.4093
-91.2651
-91.1739
-91.1296
-105.382
-103.154
-98.9114
-96.0151
-94.1548
-92.9232
-92.0769
-91.4785
-91.0477
-90.7345
-90.5071
-90.3443
-90.2324
-90.1622
-90.1283
-125.095
-103.116
-96.4798
-93.6397
-92.0876
-91.1211
-90.4783
-90.0354
-89.7244
-89.504
-89.348
-89.2391
-89.1657
-89.1204
-89.0988
-87.9178
-87.9244
-87.9389
-87.964
-88.0043
-88.0673
-88.1642
-88.3115
-88.531
-88.8532
-89.3248
-89.9992
-90.8579
-91.3
-86.9001
-86.6436
-86.6322
-86.6097
-86.5771
-86.5357
-86.4876
-86.4356
-86.3821
-86.3256
-86.2546
-86.1367
-85.8724
-85.1771
-83.2974
-78.5408
-85.3745
-85.3445
-85.284
-85.192
-85.0667
-84.9052
-84.7025
-84.4495
-84.1268
-83.6966
-83.0895
-82.169
-80.6746
-78.1663
-74.1166
-84.1294
-84.0812
-83.9834
-83.8335
-83.6272
-83.3575
-83.0143
-82.5806
-82.028
-81.3093
-80.3504
-79.0328
-77.1795
-74.5714
-71.0525
-82.9267
-82.8613
-82.7286
-82.525
-82.2444
-81.8775
-81.411
-80.8249
-80.0886
-79.1565
-77.9651
-76.4272
-74.4345
-71.8831
-68.7311
-81.7837
-81.7027
-81.5387
-81.2873
-80.9415
-80.4912
-79.922
-79.2141
-78.339
-77.2578
-75.9215
-74.2712
-72.2438
-69.7913
-66.909
-80.7162
-80.6217
-80.4304
-80.138
-79.7373
-79.2181
-78.5668
-77.7652
-76.7895
-75.6088
-74.1875
-72.4876
-70.4738
-68.1256
-65.451
-79.7378
-79.6318
-79.4178
-79.0914
-78.6458
-78.0717
-77.3569
-76.4859
-75.4397
-74.1954
-72.728
-71.0139
-69.0345
-66.7832
-64.2721
-78.8602
-78.7448
-78.5121
-78.1583
-77.6772
-77.0607
-76.2982
-75.3774
-74.2836
-73.0004
-71.5112
-69.8019
-67.8638
-65.6974
-63.3163
-78.0928
-77.97
-77.7225
-77.3472
-76.8387
-76.1902
-75.3931
-74.4375
-73.3126
-72.0071
-70.5104
-68.815
-66.9179
-64.8237
-62.5455
-77.4433
-77.3146
-77.0559
-76.6642
-76.1352
-75.4632
-74.6414
-73.6622
-72.5178
-71.2007
-69.7047
-68.0262
-66.1662
-64.1309
-61.9334
-76.9174
-76.7845
-76.5174
-76.1137
-75.5698
-74.8811
-74.0424
-73.0477
-71.8917
-70.5693
-69.0775
-67.4156
-65.5865
-63.5977
-61.4617
-76.5196
-76.3836
-76.1107
-75.6986
-75.1445
-74.4446
-73.5947
-72.5903
-71.4276
-70.1036
-68.617
-66.9689
-65.1636
-63.2092
-61.1176
-76.2527
-76.1149
-75.8382
-75.421
-74.8606
-74.1538
-73.2971
-72.2871
-71.121
-69.7968
-68.3145
-66.6762
-64.8871
-62.9553
-60.8927
-76.1188
-75.9801
-75.7017
-75.2819
-74.7185
-74.0084
-73.1486
-72.1361
-70.9685
-69.6445
-68.1646
-66.5314
-64.7504
-62.8298
-60.7815
-67.7071
-70.0556
-66.9481
-55.2006
-46.6293
-28.0909
-39.0419
-42.1225
-43.8076
-41.6019
-32.696
-28.2603
-21.978
-18.0833
-11.0039
-14.3079
-15.1074
-15.4481
-14.5114
-11.1928
-9.2125
-5.63879
-7.14378
-7.46036
-7.43445
-7.41461
-7.55753
-7.12055
-5.58079
-4.64737
-2.92552
-3.76482
-3.98224
-4.07508
-4.13577
-4.33827
-4.15583
-3.3676
-2.87033
-1.88912
-2.53379
-2.76291
-2.99281
-3.15967
-3.53734
-3.52912
-3.12503
-2.94209
-2.68738
-2.44878
-1.80535
-2.69972
-3.1325
-3.78621
-3.89137
-3.55825
-3.26444
-2.41251
-3.61199
-4.20899
-5.05863
-5.67035
-6.88094
-7.12679
-6.64904
-6.1764
-4.6564
-7.21546
-8.57753
-10.6581
-12.1882
-15.2679
-16.0694
-15.4993
-14.592
-11.1447
-18.2251
-22.107
-28.3557
-32.7769
-41.6704
-43.8681
-42.1711
-39.0839
-28.1227
-46.6789
-55.2614
-67.0329
-70.1366
-67.7505
-70.8625
-66.9395
-62.2029
-55.3644
-48.5772
-41.8099
-41.5279
-41.447
-40.5997
-38.029
-33.5259
-29.3142
-25.0114
-21.3507
-18.0627
-17.262
-16.7149
-16.012
-14.7919
-12.9411
-11.2211
-9.60509
-9.18725
-8.91912
-8.64117
-8.35607
-8.03031
-7.47215
-6.6215
-5.82933
-5.08968
-4.95314
-4.88941
-4.82882
-4.76042
-4.67437
-4.44505
-4.04685
-3.67069
-3.32689
-3.36654
-3.45455
-3.56353
-3.6699
-3.78158
-3.77129
-3.63768
-3.51058
-3.37933
-3.26959
-3.20239
-3.49445
-3.81016
-4.1314
-4.28811
-4.29133
-4.27006
-4.28446
-4.78206
-5.34195
-5.98198
-6.61246
-7.2801
-7.67052
-7.80683
-7.90422
-8.09711
-9.27074
-10.5992
-12.1556
-13.7227
-15.4329
-16.5324
-17.1087
-17.5583
-18.2773
-21.5246
-25.1567
-29.4337
-33.6266
-38.1151
-40.6746
-41.5123
-41.5864
-41.8647
-48.6358
-55.4281
-62.272
-67.0057
-70.9175
-69.225
-64.9918
-60.483
-55.4544
-50.4975
-46.1922
-43.7275
-41.8799
-39.8792
-37.2449
-33.9426
-30.5054
-27.1255
-24.0864
-21.5442
-19.8554
-18.5516
-17.3255
-15.9852
-14.5051
-13.0833
-11.8491
-11.0181
-10.395
-9.86112
-9.35899
-8.84056
-8.24759
-7.58036
-6.9377
-6.38712
-6.03839
-5.79386
-5.59562
-5.41232
-5.21863
-4.97923
-4.69594
-4.42589
-4.21381
-4.13099
-4.1174
-4.13947
-4.17401
-4.20305
-4.19264
-4.14247
-4.08648
-4.04168
-4.03041
-4.0833
-4.25644
-4.48133
-4.71506
-4.90749
-5.06123
-5.22584
-5.46207
-5.86412
-6.36138
-6.92118
-7.50337
-8.08101
-8.5828
-9.02331
-9.4971
-10.1281
-11.106
-12.2962
-13.6416
-15.0556
-16.4824
-17.7538
-18.9053
-20.1416
-21.7736
-24.275
-27.2835
-30.6389
-34.0568
-37.344
-39.9664
-41.9576
-43.7984
-46.259
-50.5632
-55.5203
-60.5489
-65.0551
-69.2832
-67.1836
-63.4387
-59.5102
-55.4409
-51.48
-47.9259
-45.0412
-42.537
-40.0755
-37.4277
-34.5583
-31.6192
-28.7537
-26.111
-23.8013
-21.8988
-20.2807
-18.8077
-17.384
-15.989
-14.6787
-13.5157
-12.5525
-11.7452
-11.0383
-10.3882
-9.76084
-9.13253
-8.50618
-7.91563
-7.39593
-6.97552
-6.63353
-6.3428
-6.08103
-5.83051
-5.57837
-5.32761
-5.0992
-4.91608
-4.79724
-4.73041
-4.69899
-4.6876
-4.6829
-4.67283
-4.6572
-4.64773
-4.6572
-4.70026
-4.79246
-4.94537
-5.14131
-5.35979
-5.58422
-5.81713
-6.08015
-6.40262
-6.81088
-7.29271
-7.83028
-8.40312
-8.99359
-9.58588
-10.1945
-10.8662
-11.6626
-12.6387
-13.7731
-15.0324
-16.374
-17.7598
-19.1526
-20.5842
-22.1595
-24.0227
-26.2997
-28.9156
-31.7591
-34.6803
-37.5351
-40.1713
-42.6234
-45.1206
-48.0003
-51.5511
-55.5095
-59.5766
-63.5023
-67.2436
-65.4125
-62.1478
-58.7389
-55.2709
-51.8773
-48.6969
-45.809
-43.1353
-40.5437
-37.9331
-35.2787
-32.631
-30.0652
-27.6603
-25.4759
-23.5365
-21.8048
-20.2229
-18.7449
-17.3547
-16.0651
-14.8977
-13.8655
-12.9538
-12.1364
-11.3872
-10.6852
-10.0171
-9.38282
-8.79374
-8.26386
-7.80174
-7.40134
-7.05019
-6.73543
-6.44654
-6.17731
-5.9288
-5.70897
-5.52738
-5.39016
-5.29403
-5.23125
-5.19318
-5.17207
-5.1626
-5.16465
-5.18327
-5.2259
-5.30089
-5.41573
-5.57391
-5.7704
-5.99761
-6.25045
-6.5314
-6.85065
-7.22144
-7.65365
-8.14578
-8.69076
-9.27977
-9.90596
-10.568
-11.2774
-12.0586
-12.941
-13.9464
-15.0733
-16.3082
-17.6327
-19.0312
-20.4993
-22.0605
-23.7668
-25.6802
-27.8406
-30.2242
-32.7716
-35.4037
-38.045
-40.6447
-43.2274
-45.894
-48.7763
-51.9523
-55.3424
-58.8073
-62.213
-65.4744
-63.9546
-61.0624
-58.0515
-54.9931
-51.9677
-49.0476
-46.2703
-43.6174
-41.0423
-38.5045
-35.993
-33.5284
-31.1488
-28.8957
-26.8014
-24.8787
-23.1167
-21.4921
-19.9831
-18.5787
-17.2789
-16.0883
-15.0078
-14.0293
-13.139
-12.3212
-11.563
-10.8556
-10.1967
-9.58885
-9.03636
-8.54119
-8.10026
-7.70713
-7.35451
-7.03614
-6.74824
-6.49045
-6.26539
-6.07648
-5.9256
-5.81125
-5.7296
-5.67596
-5.64612
-5.63743
-5.64984
-5.68586
-5.74961
-5.84573
-5.97819
-6.14892
-6.35695
-6.60022
-6.87792
-7.19231
-7.54875
-7.95373
-8.41211
-8.92482
-9.49004
-10.1052
-10.7691
-11.4844
-12.2595
-13.1081
-14.0452
-15.082
-16.221
-17.4584
-18.7881
-20.206
-21.7155
-23.3316
-25.0796
-26.9859
-29.0636
-31.3007
-33.6658
-36.1175
-38.6178
-41.1459
-43.7129
-46.3589
-49.1305
-52.0458
-55.0671
-58.1218
-61.1293
-64.0182
-62.76
-60.1463
-57.4314
-54.6674
-51.9066
-49.1935
-46.5536
-43.9895
-41.4892
-39.0407
-36.6425
-34.3064
-32.0533
-29.906
-27.8829
-25.993
-24.2343
-22.5979
-21.0738
-19.6551
-18.3387
-17.1231
-16.0059
-14.981
-14.0396
-13.1722
-12.3701
-11.6269
-10.9393
-10.3065
-9.72853
-9.20466
-8.73241
-8.30778
-7.92625
-7.58379
-7.27767
-7.00683
-6.77155
-6.5726
-6.41016
-6.28312
-6.18934
-6.1262
-6.09141
-6.08359
-6.10273
-6.15022
-6.22838
-6.33993
-6.48728
-6.67196
-6.89451
-7.15507
-7.4544
-7.79457
-8.17889
-8.61113
-9.09442
-9.63042
-10.2197
-10.8627
-11.5607
-12.3172
-13.1384
-14.0327
-15.0088
-16.0735
-17.2302
-18.4791
-19.8197
-21.2525
-22.7816
-24.4161
-26.1681
-28.0483
-30.0604
-32.1963
-34.4385
-36.7642
-39.1531
-41.5932
-44.0861
-46.6439
-49.2783
-51.9866
-54.743
-57.5032
-60.2146
-62.825
-61.7791
-59.3743
-56.8809
-54.3362
-51.777
-49.2342
-46.7289
-44.2711
-41.8634
-39.5067
-37.205
-34.9677
-32.8081
-30.7402
-28.7757
-26.9214
-25.1788
-23.5451
-22.0159
-20.5872
-19.256
-18.0193
-16.874
-15.815
-14.8365
-13.9318
-13.0948
-12.3205
-11.6055
-10.9476
-10.345
-9.79594
-9.29809
-8.8484
-8.44369
-8.08104
-7.75823
-7.47385
-7.22722
-7.01796
-6.84551
-6.70889
-6.60668
-6.53735
-6.49959
-6.49264
-6.51654
-6.57212
-6.66081
-6.78432
-6.94434
-7.14225
-7.37911
-7.6559
-7.97395
-8.33516
-8.74196
-9.19705
-9.70289
-10.2614
-10.8743
-11.5432
-12.2703
-13.0593
-13.9147
-14.8422
-15.8475
-16.9354
-18.1092
-19.3708
-20.7215
-22.1632
-23.6993
-25.3347
-27.075
-28.9241
-30.8817
-32.9418
-35.0934
-37.3227
-39.6168
-41.9665
-44.3677
-46.8196
-49.3198
-51.8581
-54.4131
-56.9539
-59.4438
-61.8453
-60.9748
-58.7284
-56.4027
-54.0254
-51.6237
-49.2211
-46.8362
-44.4817
-42.1658
-39.8951
-37.6768
-35.5195
-33.4333
-31.4281
-29.5124
-27.6919
-25.9692
-24.3445
-22.8161
-21.3819
-20.0397
-18.7868
-17.6202
-16.536
-15.5296
-14.5963
-13.7315
-12.9312
-12.1919
-11.5111
-10.8864
-10.3157
-9.79652
-9.32633
-8.90258
-8.52292
-8.18536
-7.8884
-7.63095
-7.41213
-7.23109
-7.08689
-6.97847
-6.90483
-6.86516
-6.85902
-6.88649
-6.94811
-7.04485
-7.17793
-7.34865
-7.55828
-7.80803
-8.0992
-8.43327
-8.81201
-9.2375
-9.71195
-10.2376
-10.8164
-11.4505
-12.142
-12.8934
-13.708
-14.5895
-15.5421
-16.5698
-17.6764
-18.8647
-20.137
-21.4951
-22.9409
-24.4767
-26.105
-27.828
-29.6463
-31.5581
-33.5582
-35.6388
-37.7901
-40.0024
-42.2673
-44.5776
-46.927
-49.3072
-51.7054
-54.1032
-56.4768
-58.7991
-61.0422
-60.3207
-58.1953
-55.9976
-53.7492
-51.4711
-49.1828
-46.9005
-44.6375
-42.4042
-40.2097
-38.0625
-35.9711
-33.9441
-31.9896
-30.1146
-28.3241
-26.6214
-25.0077
-23.4832
-22.047
-20.6975
-19.4328
-18.2505
-17.1473
-16.12
-15.1647
-14.278
-13.4562
-12.6965
-11.9961
-11.3525
-10.7634
-10.2265
-9.73948
-9.30005
-8.90617
-8.556
-8.24802
-7.98097
-7.75379
-7.5655
-7.4152
-7.30203
-7.22523
-7.18426
-7.17884
-7.20906
-7.27534
-7.37839
-7.51918
-7.69879
-7.91839
-8.17923
-8.48267
-8.8302
-9.22354
-9.66456
-10.1553
-10.6977
-11.294
-11.9462
-12.6567
-13.428
-14.2629
-15.1646
-16.1363
-17.1812
-18.3023
-19.502
-20.7825
-22.1453
-23.5919
-25.1237
-26.7418
-28.4464
-30.2366
-32.1097
-34.0611
-36.0842
-38.1713
-40.314
-42.5038
-44.7324
-46.9909
-49.2689
-51.5533
-53.8275
-56.0724
-58.2668
-60.389
-59.7982
-57.7647
-55.6645
-53.5148
-51.3331
-49.1358
-46.9375
-44.7512
-42.588
-40.4578
-38.3695
-36.3318
-34.3525
-32.4389
-30.5973
-28.8324
-27.1477
-25.5452
-24.0259
-22.5897
-21.2358
-19.9629
-18.7691
-17.6521
-16.609
-15.637
-14.7332
-13.8944
-13.1181
-12.4015
-11.7423
-11.1382
-10.5869
-10.0862
-9.63402
-9.22851
-8.86789
-8.55068
-8.27554
-8.04135
-7.84711
-7.69194
-7.57508
-7.4959
-7.45401
-7.4492
-7.48157
-7.55146
-7.65947
-7.8064
-7.99322
-8.22103
-8.49104
-8.80459
-9.16318
-9.56844
-10.0221
-10.5262
-11.0825
-11.6932
-12.3604
-13.0863
-13.8734
-14.7242
-15.6413
-16.6276
-17.6855
-18.8176
-20.0258
-21.3119
-22.6773
-24.1229
-25.6493
-27.2566
-28.944
-30.7098
-32.5509
-34.4628
-36.4395
-38.4742
-40.5589
-42.6854
-44.8448
-47.0272
-49.2216
-51.4153
-53.5934
-55.7397
-57.8367
-59.8671
-59.3938
-57.4289
-55.4014
-53.3259
-51.2173
-49.0901
-46.9577
-44.8324
-42.7254
-40.6466
-38.6053
-36.6099
-34.6681
-32.7867
-30.9716
-29.2275
-27.5579
-25.9654
-24.4514
-23.0163
-21.66
-20.3816
-19.1798
-18.0527
-16.9982
-16.0137
-15.0969
-14.2451
-13.4558
-12.7266
-12.0551
-11.4392
-10.8765
-10.3651
-9.90292
-9.48823
-9.11933
-8.79472
-8.51311
-8.27333
-8.07438
-7.91542
-7.79573
-7.71479
-7.67222
-7.66791
-7.70191
-7.77456
-7.88637
-8.03807
-8.23054
-8.46482
-8.74209
-9.06366
-9.43098
-9.84564
-10.3093
-10.8239
-11.3912
-12.0133
-12.6922
-13.4302
-14.2294
-15.0922
-16.021
-17.018
-18.0856
-19.2257
-20.44
-21.7299
-23.0964
-24.54
-26.0609
-27.6583
-29.3311
-31.077
-32.8924
-34.7731
-36.7133
-38.7064
-40.745
-42.8207
-44.9245
-47.0464
-49.1754
-51.2992
-53.4044
-55.4767
-57.5012
-59.4631
-59.0979
-57.1819
-55.2062
-53.1838
-51.1279
-49.0518
-46.9678
-44.8879
-42.8228
-40.7825
-38.7763
-36.8124
-34.8984
-33.0409
-31.2456
-29.5172
-27.8594
-26.2749
-24.7654
-23.3318
-21.9743
-20.6925
-19.4853
-18.3513
-17.2887
-16.2955
-15.3694
-14.5081
-13.7094
-12.9708
-12.2903
-11.6655
-11.0945
-10.5751
-10.1056
-9.68407
-9.30899
-8.97887
-8.69241
-8.44845
-8.24601
-8.08426
-7.96252
-7.88029
-7.83726
-7.83331
-7.86851
-7.94317
-8.05775
-8.21294
-8.40958
-8.64865
-8.93131
-9.25884
-9.63264
-10.0543
-10.5254
-11.0477
-11.6232
-12.2537
-12.9413
-13.6881
-14.4961
-15.3676
-16.3046
-17.3094
-18.3837
-19.5293
-20.7477
-22.04
-23.4068
-24.8484
-26.3644
-27.954
-29.6153
-31.3458
-33.1421
-34.9995
-36.9125
-38.8747
-40.8787
-42.9164
-44.9787
-47.0556
-49.1364
-51.2095
-53.2622
-55.2815
-57.2543
-59.1674
-58.904
-57.0196
-55.0772
-53.089
-51.0674
-49.0245
-46.9724
-44.9224
-42.8851
-40.8704
-38.8875
-36.9445
-35.0489
-33.2072
-31.4252
-29.7074
-28.0576
-26.4786
-24.9724
-23.5401
-22.1821
-20.8982
-19.6878
-18.5495
-17.4818
-16.4829
-15.5508
-14.6834
-13.8785
-13.1338
-12.4473
-11.8167
-11.2401
-10.7156
-10.2411
-9.81512
-9.43595
-9.10216
-8.81248
-8.56575
-8.36099
-8.1974
-8.07432
-7.99126
-7.94793
-7.94421
-7.9802
-8.05616
-8.17257
-8.33005
-8.52943
-8.77168
-9.0579
-9.38936
-9.76746
-10.1937
-10.6697
-11.1972
-11.7781
-12.4142
-13.1075
-13.86
-14.6738
-15.5508
-16.4933
-17.5029
-18.5815
-19.7306
-20.9515
-22.2451
-23.6118
-25.0518
-26.5643
-28.1483
-29.8018
-31.5221
-33.3055
-35.1474
-37.0424
-38.9841
-40.9652
-42.9776
-45.0123
-47.0595
-49.1087
-51.1486
-53.1672
-55.1525
-57.092
-58.9737
-58.8081
-56.939
-55.013
-53.0416
-51.0368
-49.0104
-46.974
-44.9389
-42.9154
-40.9135
-38.9422
-37.0096
-35.1232
-33.2895
-31.514
-29.8015
-28.1558
-26.5797
-25.0752
-23.6436
-22.2854
-21.0007
-19.7886
-18.6483
-17.5781
-16.5765
-15.6415
-14.771
-13.963
-13.2154
-12.5258
-11.8924
-11.3131
-10.7859
-10.309
-9.88079
-9.49958
-9.16397
-8.87267
-8.62456
-8.41866
-8.25415
-8.1304
-8.04693
-8.00345
-7.99986
-8.03623
-8.11285
-8.23015
-8.38877
-8.58951
-8.83333
-9.12133
-9.45475
-9.83498
-10.2635
-10.742
-11.2721
-11.8556
-12.4944
-13.1906
-13.9459
-14.7625
-15.6424
-16.5874
-17.5994
-18.6801
-19.8309
-21.053
-22.3471
-23.7138
-25.1528
-26.6636
-28.2447
-29.8942
-31.6093
-33.3862
-35.2204
-37.1064
-39.0379
-41.0076
-43.0073
-45.0283
-47.0608
-49.0943
-51.1179
-53.1198
-55.0883
-57.0114
-58.8778
-86.9428
-91.3451
-90.8994
-90.037
-89.3603
-88.886
-88.5616
-88.3418
-88.194
-88.0958
-88.0317
-87.9907
-87.9655
-87.9512
-87.9447
-78.5906
-83.3449
-85.2213
-85.9133
-86.1754
-86.2906
-86.3593
-86.4152
-86.468
-86.5186
-86.5654
-86.6061
-86.6385
-86.6611
-86.6726
-74.1704
-78.2165
-80.7213
-82.2126
-83.1309
-83.7353
-84.1633
-84.4852
-84.7373
-84.9385
-85.0987
-85.2232
-85.315
-85.3755
-85.4056
-71.1087
-74.6241
-77.2288
-79.0791
-80.3943
-81.3506
-82.0671
-82.6186
-83.0512
-83.393
-83.6612
-83.8667
-84.0163
-84.1141
-84.1624
-68.7894
-71.9378
-74.4859
-76.4756
-78.0111
-79.2
-80.13
-80.8651
-81.4499
-81.9148
-82.2803
-82.5601
-82.7634
-82.896
-82.9615
-66.9691
-69.8478
-72.297
-74.3215
-75.9694
-77.3032
-78.3823
-79.2561
-79.9627
-80.5302
-80.9792
-81.3242
-81.5753
-81.7392
-81.8202
-65.5126
-68.1838
-70.5288
-72.5399
-74.2372
-75.656
-76.8347
-77.809
-78.609
-79.2586
-79.7765
-80.1765
-80.4686
-80.6597
-80.7542
-64.3351
-66.8428
-69.0911
-71.0677
-72.7792
-74.2442
-75.4866
-76.5311
-77.4003
-78.1135
-78.6864
-79.1313
-79.4574
-79.6713
-79.7772
-63.3804
-65.7582
-67.9215
-69.8568
-71.5636
-73.0504
-74.3317
-75.4237
-76.3427
-77.1036
-77.7191
-78.1995
-78.553
-78.7855
-78.9008
-62.6105
-64.8854
-66.9766
-68.8709
-70.5638
-72.0581
-73.3616
-74.4846
-75.4384
-76.2342
-76.8818
-77.3896
-77.7646
-78.0117
-78.1345
-61.9991
-64.1933
-66.2256
-68.0829
-69.7588
-71.2526
-72.5676
-73.7102
-74.6877
-75.5082
-76.1793
-76.7076
-77.0989
-77.3573
-77.4858
-61.5278
-63.6607
-65.6465
-67.4729
-69.1323
-70.6219
-71.9422
-73.0964
-74.0895
-74.9271
-75.6148
-76.1579
-76.5611
-76.8278
-76.9605
-61.1841
-63.2726
-65.2241
-67.0267
-68.6723
-70.1567
-71.4788
-72.6397
-73.6426
-74.4913
-75.1902
-75.7435
-76.1549
-76.4274
-76.5631
-60.9594
-63.019
-64.9479
-66.7344
-68.3702
-69.8503
-71.1725
-72.337
-73.3455
-74.2009
-74.9066
-75.4662
-75.8828
-76.1589
-76.2965
-60.8483
-62.8937
-64.8113
-66.5897
-68.2205
-69.6982
-71.0202
-72.1861
-73.1972
-74.0557
-74.7647
-75.3273
-75.7463
-76.0243
-76.1628
)
;

boundaryField
{
    hot
    {
        type            calculated;
        value           nonuniform List<scalar> 
120
(
-75.0887
-75.2197
-75.4808
-75.8705
-76.3863
-77.0244
-77.78
-78.6464
-79.6153
-80.6763
-81.8169
-83.0227
-84.2773
-85.5632
-86.8621
-88.0482
-89.1122
-90.153
-91.1627
-92.1345
-93.0633
-93.9448
-94.7762
-95.5559
-96.283
-96.9576
-97.5804
-98.1527
-98.6763
-99.1534
-99.5864
-99.978
-100.331
-100.648
-100.932
-101.186
-101.412
-101.613
-101.791
-101.949
-102.088
-102.211
-102.319
-102.414
-102.498
-102.571
-102.635
-102.691
-102.739
-102.781
-102.817
-102.848
-102.875
-102.897
-102.916
-102.931
-102.943
-102.953
-102.959
-102.963
-102.965
-102.964
-102.96
-102.954
-102.945
-102.933
-102.917
-102.899
-102.876
-102.85
-102.818
-102.782
-102.739
-102.69
-102.633
-102.568
-102.493
-102.408
-102.311
-102.2
-102.074
-101.931
-101.769
-101.586
-101.381
-101.15
-100.891
-100.602
-100.279
-99.9214
-99.525
-99.0875
-98.6064
-98.0794
-97.5043
-96.8794
-96.2034
-95.4757
-94.6963
-93.8662
-92.9873
-92.0628
-91.0974
-90.0968
-89.0685
-87.9162
-86.6465
-85.382
-84.1414
-82.9429
-81.8038
-80.7397
-79.7642
-78.8889
-78.1234
-77.4754
-76.9506
-76.5535
-76.2871
-76.1535
)
;
    }
    cold
    {
        type            calculated;
        value           nonuniform List<scalar> 
120
(
-75.93
-76.0611
-76.3223
-76.7118
-77.2264
-77.8619
-78.6126
-79.4709
-80.4278
-81.4718
-82.5898
-83.7668
-84.9865
-86.2313
-87.4838
-88.6235
-89.6433
-90.6387
-91.6029
-92.5302
-93.416
-94.2571
-95.0511
-95.7966
-96.493
-97.1404
-97.7393
-98.2909
-98.7968
-99.2587
-99.6789
-100.06
-100.404
-100.713
-100.991
-101.239
-101.46
-101.657
-101.832
-101.987
-102.123
-102.244
-102.349
-102.442
-102.523
-102.594
-102.656
-102.71
-102.756
-102.796
-102.831
-102.86
-102.885
-102.906
-102.924
-102.938
-102.949
-102.957
-102.962
-102.965
-102.966
-102.964
-102.959
-102.952
-102.942
-102.93
-102.914
-102.895
-102.872
-102.845
-102.813
-102.776
-102.734
-102.684
-102.628
-102.563
-102.488
-102.403
-102.306
-102.195
-102.069
-101.927
-101.765
-101.583
-101.378
-101.148
-100.89
-100.601
-100.28
-99.9227
-99.5273
-99.0909
-98.611
-98.0852
-97.5115
-96.8882
-96.2138
-95.4878
-94.7102
-93.8819
-93.0048
-92.0823
-91.1187
-90.12
-89.0935
-87.9432
-86.6755
-85.4131
-84.1744
-82.9778
-81.8404
-80.7777
-79.8036
-78.9295
-78.1651
-77.5178
-76.9936
-76.597
-76.3309
-76.1974
)
;
    }
    interface_left
    {
        type            calculated;
        value           nonuniform List<scalar> 
90
(
-136.657
-97.0371
-120.42
-95.2377
-119.469
-103.558
-89.2611
-110.502
-93.0403
-116.401
-101.883
-113.322
-104.025
-110.491
-105.439
-101.339
-106.163
-101.833
-106.667
-103.393
-105.439
-103.71
-102.349
-103.737
-102.4
-103.469
-102.334
-103.489
-102.652
-103.127
-102.683
-102.333
-102.663
-102.324
-102.582
-102.297
-102.576
-102.371
-102.479
-102.375
-102.298
-102.369
-102.306
-102.349
-102.316
-102.335
-102.335
-102.316
-102.34
-102.381
-102.345
-102.436
-102.351
-102.511
-102.299
-102.51
-102.317
-102.524
-102.777
-102.541
-102.993
-102.571
-103.29
-102.327
-103.244
-102.367
-103.24
-104.305
-103.202
-105.142
-103.135
-106.257
-101.713
-105.71
-101.306
-105.018
-109.545
-103.738
-111.974
-101.883
-114.591
-94.3128
-109.414
-91.5439
-103.792
-117.246
-98.0172
-119.101
-104.998
-142.242
)
;
    }
    interface_right
    {
        type            calculated;
        value           nonuniform List<scalar> 
90
(
-142.083
-106.804
-118.286
-102.506
-88.0423
-108.248
-90.5565
-110.765
-93.0629
-116.236
-101.771
-113.105
-103.864
-110.324
-105.286
-101.171
-106.053
-101.638
-106.655
-103.215
-105.424
-103.292
-104.503
-103.335
-102.379
-103.339
-102.337
-103.388
-102.603
-103.062
-102.569
-102.825
-102.55
-102.325
-102.534
-102.305
-102.532
-102.362
-102.451
-102.364
-102.3
-102.358
-102.31
-102.341
-102.323
-102.323
-102.34
-102.308
-102.356
-102.296
-102.36
-102.448
-102.355
-102.531
-102.289
-102.533
-102.311
-102.601
-102.321
-102.617
-102.989
-102.593
-103.28
-102.345
-103.244
-102.376
-103.241
-104.302
-103.201
-105.138
-103.13
-106.249
-101.706
-105.699
-101.297
-105.004
-109.525
-103.719
-111.94
-101.859
-114.532
-94.3215
-109.365
-91.5889
-103.784
-117.176
-98.0716
-119.059
-105.137
-142.311
)
;
    }
    interface_top
    {
        type            calculated;
        value           nonuniform List<scalar> 
90
(
-67.7071
-70.0556
-66.9481
-55.2006
-46.6293
-28.0909
-39.0419
-42.1225
-43.8076
-41.6019
-32.696
-28.2603
-21.978
-18.0833
-11.0039
-14.3079
-15.1074
-15.4481
-14.5114
-11.1928
-9.2125
-5.63879
-7.14378
-7.46036
-7.43445
-7.41461
-7.55753
-7.12055
-5.58079
-4.64737
-2.92552
-3.76482
-3.98224
-4.07508
-4.13577
-4.33827
-4.15583
-3.3676
-2.87033
-1.88912
-2.53379
-2.76291
-2.99281
-3.15967
-3.53734
-3.52912
-3.12503
-2.94209
-2.68738
-2.44878
-1.80535
-2.69972
-3.1325
-3.78621
-3.89137
-3.55825
-3.26444
-2.41251
-3.61199
-4.20899
-5.05863
-5.67035
-6.88094
-7.12679
-6.64904
-6.1764
-4.6564
-7.21546
-8.57753
-10.6581
-12.1882
-15.2679
-16.0694
-15.4993
-14.592
-11.1447
-18.2251
-22.107
-28.3557
-32.7769
-41.6704
-43.8681
-42.1711
-39.0839
-28.1227
-46.6789
-55.2614
-67.0329
-70.1366
-67.7505
)
;
    }
    interface_bottom
    {
        type            calculated;
        value           nonuniform List<scalar> 
90
(
-63.9827
-63.0206
-56.2018
-33.4806
-46.8025
-50.146
-50.2382
-50.132
-50.3195
-47.1897
-36.5602
-31.3654
-24.1898
-19.8222
-12.0184
-15.6325
-16.5459
-17.0493
-16.1493
-12.8191
-11.1666
-8.92713
-7.47733
-4.7891
-6.28628
-6.71539
-7.08372
-6.75516
-5.37375
-4.50934
-2.87028
-3.71496
-3.94121
-4.05434
-4.12506
-4.34134
-4.16451
-3.38155
-2.88538
-1.90213
-2.55302
-2.78478
-3.01797
-3.18669
-3.56785
-3.55946
-3.15148
-2.96665
-2.70928
-2.46844
-1.8196
-2.71998
-3.15538
-3.81277
-3.91817
-3.5821
-3.28607
-2.4285
-3.63532
-4.23598
-5.09093
-5.70658
-6.92504
-7.17293
-6.69347
-6.21866
-4.69011
-7.27037
-8.64519
-10.7477
-12.2945
-15.4088
-16.2229
-15.6589
-14.7477
-11.2704
-18.452
-22.3937
-28.748
-33.2415
-42.2806
-44.5179
-42.8129
-39.6751
-28.5265
-47.4004
-56.0941
-67.9777
-70.906
-67.7947
)
;
    }
    defaultFaces
    {
        type            empty;
    }
}


// ************************************************************************* //
