/*--------------------------------*- C++ -*----------------------------------*\
| =========                 |                                                 |
| \\      /  F ield         | OpenFOAM: The Open Source CFD Toolbox           |
|  \\    /   O peration     | Version:  5.x                                   |
|   \\  /    A nd           | Web:      www.OpenFOAM.org                      |
|    \\/     M anipulation  |                                                 |
\*---------------------------------------------------------------------------*/
FoamFile
{
    version     2.0;
    format      ascii;
    class       volScalarField;
    location    "2.1";
    object      T;
}
// * * * * * * * * * * * * * * * * * * * * * * * * * * * * * * * * * * * * * //

dimensions      [0 0 0 1 0 0 0];

internalField   nonuniform List<scalar> 
6300
(
322.752
322.256
321.761
321.266
320.773
320.281
319.791
319.304
318.819
318.337
317.858
317.382
316.911
316.444
315.981
322.752
322.256
321.76
321.265
320.772
320.279
319.789
319.301
318.816
318.333
317.854
317.379
316.907
316.439
315.976
322.752
322.255
321.758
321.263
320.769
320.276
319.785
319.296
318.81
318.327
317.847
317.371
316.899
316.43
315.967
322.751
322.253
321.756
321.259
320.764
320.27
319.778
319.289
318.801
318.317
317.836
317.359
316.886
316.417
315.953
322.75
322.251
321.753
321.255
320.758
320.263
319.769
319.278
318.79
318.304
317.822
317.344
316.869
316.399
315.934
322.75
322.249
321.748
321.249
320.75
320.254
319.758
319.265
318.775
318.288
317.804
317.324
316.848
316.377
315.911
322.749
322.246
321.744
321.242
320.742
320.242
319.745
319.25
318.758
318.268
317.782
317.3
316.823
316.35
315.882
322.747
322.242
321.738
321.234
320.731
320.23
319.73
319.232
318.737
318.245
317.756
317.272
316.792
316.318
315.849
322.746
322.239
321.732
321.225
320.719
320.215
319.712
319.212
318.713
318.218
317.726
317.239
316.756
316.28
315.809
322.745
322.235
321.725
321.215
320.707
320.199
319.693
319.189
318.687
318.188
317.692
317.201
316.715
316.236
315.763
322.743
322.23
321.717
321.204
320.693
320.182
319.672
319.164
318.658
318.154
317.653
317.157
316.667
316.184
315.71
322.742
322.225
321.709
321.193
320.678
320.163
319.649
319.137
318.626
318.117
317.611
317.108
316.612
316.124
315.647
322.74
322.22
321.701
321.181
320.662
320.144
319.625
319.108
318.592
318.077
317.564
317.054
316.549
316.052
315.57
322.738
322.215
321.692
321.169
320.646
320.123
319.601
319.079
318.557
318.035
317.514
316.994
316.477
315.966
315.472
322.737
322.21
321.683
321.157
320.63
320.103
319.576
319.049
318.521
317.993
317.463
316.932
316.399
315.864
315.337
315.561
315.182
314.807
314.436
314.068
313.704
313.345
312.989
312.638
312.291
311.948
311.611
311.278
310.951
310.628
310.311
309.998
309.691
309.389
309.093
308.801
308.514
308.233
307.956
307.684
307.416
307.152
306.892
306.636
306.384
306.135
305.889
305.646
305.406
305.167
304.931
304.697
304.465
304.234
304.004
303.776
303.548
303.321
303.095
302.868
302.642
302.416
302.19
301.963
301.736
301.507
301.278
301.048
300.816
300.582
300.346
300.109
299.869
299.626
299.381
299.133
298.882
298.628
298.37
298.108
297.843
297.575
297.302
297.026
296.745
296.46
296.171
295.878
295.581
295.279
294.973
294.663
294.348
294.029
293.706
293.378
293.046
292.71
292.369
292.024
291.675
291.322
290.965
290.603
290.238
315.556
315.177
314.802
314.43
314.063
313.699
313.339
312.983
312.631
312.284
311.942
311.604
311.271
310.943
310.621
310.303
309.991
309.684
309.382
309.085
308.794
308.507
308.226
307.949
307.677
307.41
307.146
306.887
306.631
306.379
306.131
305.885
305.642
305.402
305.164
304.929
304.695
304.463
304.232
304.003
303.775
303.547
303.32
303.094
302.868
302.642
302.416
302.19
301.964
301.737
301.509
301.28
301.05
300.818
300.585
300.349
300.112
299.872
299.63
299.385
299.137
298.886
298.632
298.375
298.114
297.849
297.58
297.308
297.031
296.751
296.466
296.177
295.884
295.587
295.285
294.979
294.669
294.354
294.035
293.712
293.384
293.052
292.716
292.375
292.03
291.681
291.328
290.97
290.609
290.244
315.546
315.167
314.792
314.42
314.052
313.687
313.327
312.971
312.619
312.271
311.928
311.59
311.257
310.929
310.606
310.288
309.976
309.669
309.367
309.071
308.779
308.493
308.212
307.936
307.665
307.398
307.135
306.876
306.621
306.37
306.122
305.877
305.635
305.395
305.158
304.923
304.69
304.459
304.228
304
303.772
303.545
303.319
303.093
302.868
302.642
302.417
302.191
301.966
301.739
301.512
301.283
301.054
300.823
300.59
300.355
300.119
299.879
299.638
299.393
299.146
298.896
298.642
298.385
298.124
297.859
297.591
297.319
297.043
296.762
296.478
296.189
295.896
295.599
295.297
294.991
294.681
294.366
294.047
293.724
293.396
293.064
292.728
292.387
292.042
291.693
291.339
290.982
290.62
290.254
315.532
315.152
314.776
314.404
314.035
313.67
313.309
312.952
312.6
312.251
311.908
311.569
311.235
310.907
310.584
310.266
309.953
309.646
309.345
309.049
308.758
308.472
308.192
307.916
307.645
307.379
307.117
306.86
306.606
306.356
306.109
305.865
305.624
305.385
305.149
304.915
304.683
304.452
304.223
303.995
303.768
303.542
303.317
303.092
302.867
302.642
302.418
302.193
301.968
301.742
301.516
301.288
301.06
300.83
300.598
300.364
300.128
299.89
299.649
299.406
299.159
298.909
298.656
298.4
298.139
297.875
297.607
297.336
297.06
296.78
296.496
296.207
295.914
295.617
295.316
295.01
294.7
294.385
294.066
293.742
293.415
293.082
292.746
292.405
292.06
291.71
291.357
290.999
290.637
290.271
315.512
315.132
314.756
314.383
314.013
313.648
313.286
312.928
312.574
312.225
311.88
311.541
311.206
310.877
310.554
310.235
309.923
309.616
309.315
309.019
308.728
308.444
308.164
307.889
307.62
307.355
307.094
306.838
306.585
306.336
306.091
305.848
305.609
305.372
305.137
304.904
304.673
304.444
304.216
303.989
303.763
303.538
303.314
303.09
302.866
302.642
302.419
302.195
301.971
301.747
301.521
301.295
301.068
300.839
300.608
300.376
300.141
299.904
299.665
299.422
299.177
298.928
298.675
298.42
298.16
297.897
297.629
297.358
297.083
296.803
296.519
296.231
295.938
295.642
295.34
295.034
294.724
294.41
294.091
293.767
293.439
293.107
292.77
292.429
292.083
291.734
291.38
291.022
290.659
290.292
315.488
315.107
314.73
314.356
313.986
313.619
313.256
312.897
312.542
312.192
311.846
311.505
311.17
310.84
310.516
310.197
309.884
309.578
309.276
308.981
308.691
308.407
308.129
307.856
307.587
307.324
307.065
306.81
306.56
306.313
306.069
305.828
305.59
305.355
305.122
304.89
304.661
304.433
304.207
303.981
303.757
303.533
303.31
303.087
302.865
302.642
302.42
302.198
301.975
301.752
301.528
301.303
301.078
300.85
300.622
300.391
300.158
299.922
299.684
299.443
299.199
298.951
298.7
298.445
298.186
297.924
297.657
297.386
297.112
296.833
296.549
296.261
295.969
295.672
295.371
295.065
294.755
294.441
294.121
293.798
293.47
293.137
292.8
292.459
292.113
291.763
291.409
291.05
290.687
290.32
315.459
315.077
314.699
314.325
313.954
313.586
313.222
312.861
312.504
312.152
311.804
311.462
311.125
310.794
310.469
310.151
309.838
309.531
309.23
308.935
308.646
308.364
308.086
307.815
307.548
307.287
307.03
306.777
306.529
306.284
306.042
305.804
305.568
305.335
305.104
304.874
304.647
304.421
304.196
303.972
303.749
303.527
303.306
303.084
302.863
302.642
302.421
302.2
301.979
301.758
301.536
301.313
301.09
300.864
300.637
300.409
300.178
299.944
299.708
299.468
299.225
298.979
298.729
298.475
298.218
297.956
297.691
297.421
297.147
296.868
296.585
296.297
296.005
295.709
295.408
295.102
294.793
294.478
294.159
293.835
293.507
293.174
292.837
292.495
292.149
291.799
291.445
291.085
290.722
290.353
315.424
315.042
314.664
314.289
313.917
313.548
313.182
312.819
312.46
312.105
311.755
311.411
311.072
310.74
310.415
310.095
309.782
309.476
309.175
308.881
308.593
308.311
308.036
307.766
307.502
307.243
306.988
306.738
306.492
306.25
306.012
305.776
305.543
305.312
305.083
304.856
304.63
304.406
304.184
303.962
303.741
303.521
303.301
303.081
302.862
302.642
302.423
302.203
301.984
301.765
301.545
301.325
301.103
300.881
300.656
300.43
300.201
299.97
299.736
299.498
299.257
299.012
298.764
298.511
298.255
297.994
297.73
297.461
297.188
296.91
296.627
296.34
296.048
295.752
295.451
295.146
294.836
294.522
294.202
293.878
293.55
293.216
292.879
292.537
292.192
291.841
291.487
291.127
290.763
290.393
315.384
315.002
314.623
314.248
313.876
313.506
313.138
312.772
312.41
312.051
311.698
311.351
311.01
310.677
310.351
310.031
309.718
309.412
309.111
308.817
308.531
308.25
307.977
307.71
307.448
307.192
306.941
306.694
306.451
306.212
305.976
305.744
305.514
305.286
305.059
304.835
304.612
304.39
304.17
303.95
303.732
303.514
303.296
303.078
302.86
302.641
302.423
302.206
301.989
301.772
301.555
301.338
301.119
300.899
300.678
300.454
300.228
300
299.768
299.533
299.294
299.051
298.804
298.552
298.297
298.038
297.775
297.508
297.236
296.958
296.676
296.389
296.097
295.801
295.501
295.196
294.887
294.572
294.253
293.928
293.599
293.265
292.927
292.586
292.24
291.89
291.535
291.176
290.811
290.44
315.338
314.956
314.578
314.204
313.831
313.46
313.09
312.72
312.353
311.99
311.632
311.281
310.939
310.604
310.277
309.958
309.645
309.338
309.038
308.744
308.458
308.18
307.909
307.645
307.387
307.134
306.886
306.643
306.404
306.169
305.937
305.709
305.482
305.257
305.034
304.811
304.591
304.372
304.154
303.938
303.722
303.507
303.291
303.075
302.858
302.64
302.424
302.208
301.993
301.779
301.566
301.352
301.137
300.92
300.702
300.481
300.259
300.034
299.806
299.574
299.337
299.095
298.849
298.599
298.345
298.088
297.827
297.561
297.29
297.014
296.732
296.445
296.153
295.857
295.557
295.253
294.944
294.63
294.311
293.985
293.655
293.32
292.981
292.639
292.294
291.945
291.591
291.232
290.866
290.495
315.284
314.904
314.528
314.156
313.785
313.414
313.04
312.666
312.292
311.921
311.556
311.2
310.855
310.519
310.193
309.875
309.563
309.256
308.954
308.661
308.375
308.099
307.831
307.572
307.319
307.07
306.826
306.586
306.351
306.12
305.894
305.67
305.448
305.227
305.006
304.786
304.567
304.351
304.137
303.924
303.713
303.501
303.287
303.072
302.856
302.639
302.423
302.208
301.996
301.786
301.577
301.367
301.156
300.943
300.728
300.512
300.293
300.073
299.849
299.62
299.386
299.146
298.901
298.651
298.399
298.143
297.885
297.622
297.353
297.078
296.795
296.507
296.214
295.917
295.618
295.316
295.009
294.697
294.377
294.05
293.717
293.379
293.039
292.698
292.354
292.008
291.655
291.297
290.931
290.558
315.222
314.845
314.474
314.107
313.741
313.37
312.993
312.61
312.226
311.843
311.468
311.105
310.756
310.421
310.099
309.784
309.473
309.165
308.861
308.565
308.279
308.005
307.742
307.489
307.243
307
306.759
306.522
306.291
306.065
305.846
305.63
305.413
305.196
304.978
304.759
304.541
304.326
304.116
303.91
303.704
303.496
303.286
303.071
302.854
302.636
302.419
302.206
301.997
301.791
301.588
301.385
301.179
300.969
300.757
300.544
300.331
300.117
299.899
299.675
299.444
299.204
298.958
298.708
298.455
298.203
297.949
297.691
297.425
297.151
296.867
296.576
296.279
295.981
295.683
295.385
295.083
294.773
294.453
294.122
293.785
293.442
293.1
292.759
292.419
292.077
291.728
291.371
291.005
290.632
315.147
314.777
314.412
314.058
313.704
313.334
312.953
312.558
312.157
311.753
311.363
310.989
310.638
310.305
309.993
309.688
309.378
309.068
308.755
308.455
308.166
307.895
307.639
307.398
307.163
306.926
306.688
306.45
306.222
306.002
305.794
305.589
305.38
305.168
304.949
304.73
304.509
304.296
304.09
303.894
303.698
303.497
303.29
303.074
302.854
302.63
302.411
302.197
301.992
301.792
301.6
301.407
301.206
301
300.787
300.577
300.369
300.165
299.959
299.741
299.513
299.271
299.023
298.766
298.513
298.263
298.019
297.772
297.51
297.238
296.949
296.652
296.346
296.046
295.749
295.461
295.169
294.862
294.543
294.206
293.86
293.505
293.158
292.817
292.488
292.157
291.813
291.458
291.09
290.717
315.053
314.701
314.333
314.011
313.688
313.313
312.936
312.511
312.096
311.641
311.237
310.838
310.493
310.16
309.877
309.6
309.285
308.974
308.632
308.328
308.026
307.765
307.512
307.297
307.088
306.851
306.618
306.365
306.141
305.922
305.736
305.555
305.351
305.148
304.923
304.704
304.466
304.257
304.051
303.875
303.702
303.504
303.306
303.082
302.861
302.617
302.397
302.175
301.978
301.783
301.613
301.441
301.241
301.039
300.813
300.607
300.4
300.219
300.034
299.82
299.6
299.349
299.098
298.819
298.567
298.314
298.094
297.871
297.612
297.347
297.043
296.741
296.406
296.104
295.802
295.54
295.277
294.97
294.658
294.302
293.948
293.557
293.207
292.858
292.558
292.258
291.912
291.566
291.18
290.82
314.916
314.649
314.188
313.967
313.747
313.295
312.989
312.451
312.092
311.454
311.107
310.608
310.332
309.942
309.752
309.566
309.186
308.925
308.455
308.198
307.828
307.622
307.332
307.19
307.051
306.77
306.578
306.237
306.052
305.796
305.672
305.554
305.319
305.16
304.887
304.704
304.383
304.21
303.97
303.853
303.74
303.514
303.359
303.087
302.901
302.569
302.385
302.115
301.962
301.739
301.628
301.514
301.279
301.113
300.809
300.639
300.395
300.275
300.154
299.907
299.734
299.426
299.214
298.832
298.622
298.32
298.172
298.024
297.722
297.511
297.135
296.878
296.416
296.162
295.799
295.622
295.446
295.086
294.837
294.393
294.092
293.549
293.254
292.83
292.626
292.424
292.011
291.729
291.234
290.957
289.833
289.385
288.932
288.475
288.013
287.547
287.078
286.605
286.13
285.653
285.173
284.692
284.209
283.726
283.242
289.838
289.39
288.937
288.479
288.017
287.551
287.081
286.608
286.133
285.655
285.175
284.693
284.21
283.727
283.242
289.848
289.399
288.946
288.487
288.024
287.558
287.087
286.614
286.137
285.659
285.178
284.696
284.212
283.728
283.243
289.864
289.414
288.959
288.5
288.036
287.568
287.097
286.622
286.144
285.665
285.183
284.699
284.215
283.729
283.243
289.884
289.434
288.978
288.517
288.052
287.582
287.109
286.633
286.154
285.672
285.189
284.704
284.218
283.731
283.244
289.911
289.459
289.001
288.539
288.071
287.6
287.125
286.646
286.165
285.682
285.197
284.71
284.222
283.734
283.245
289.943
289.489
289.03
288.565
288.095
287.621
287.143
286.663
286.179
285.694
285.206
284.717
284.227
283.737
283.246
289.982
289.526
289.064
288.596
288.123
287.646
287.165
286.682
286.195
285.707
285.217
284.726
284.233
283.74
283.247
290.027
289.568
289.103
288.632
288.155
287.674
287.19
286.703
286.213
285.722
285.229
284.735
284.24
283.744
283.248
290.079
289.618
289.148
288.672
288.191
287.706
287.218
286.726
286.233
285.738
285.242
284.745
284.247
283.748
283.249
290.14
289.674
289.2
288.718
288.232
287.741
287.248
286.752
286.255
285.756
285.256
284.756
284.254
283.753
283.251
290.211
289.74
289.258
288.77
288.276
287.779
287.28
286.779
286.278
285.775
285.271
284.767
284.262
283.758
283.253
290.295
289.815
289.324
288.825
288.323
287.819
287.314
286.808
286.301
285.794
285.287
284.779
284.271
283.763
283.254
290.397
289.903
289.396
288.885
288.373
287.861
287.349
286.837
286.325
285.814
285.302
284.791
284.279
283.768
283.256
290.531
290.004
289.472
288.945
288.422
287.901
287.383
286.866
286.35
285.834
285.318
284.803
284.288
283.773
283.258
322.735
322.205
321.675
321.145
320.615
320.085
319.554
319.022
318.489
317.955
317.418
316.877
316.328
315.763
315.151
322.734
322.201
321.668
321.135
320.602
320.068
319.534
318.999
318.462
317.923
317.38
316.833
316.276
315.703
315.096
322.732
322.197
321.661
321.126
320.589
320.052
319.515
318.976
318.435
317.893
317.346
316.795
316.236
315.665
315.082
322.731
322.193
321.655
321.116
320.577
320.037
319.497
318.955
318.411
317.865
317.316
316.762
316.203
315.637
315.068
322.73
322.189
321.648
321.107
320.565
320.023
319.479
318.934
318.388
317.839
317.288
316.733
316.175
315.612
315.044
322.728
322.185
321.642
321.098
320.554
320.009
319.463
318.915
318.366
317.816
317.263
316.707
316.149
315.59
315.031
322.727
322.182
321.636
321.09
320.543
319.995
319.447
318.897
318.346
317.794
317.239
316.683
316.125
315.568
315.016
322.726
322.178
321.63
321.082
320.533
319.983
319.432
318.881
318.328
317.773
317.217
316.66
316.101
315.543
314.984
322.725
322.175
321.625
321.074
320.523
319.971
319.418
318.865
318.31
317.753
317.196
316.637
316.077
315.517
314.962
322.724
322.172
321.62
321.067
320.514
319.96
319.405
318.85
318.293
317.735
317.175
316.615
316.053
315.489
314.921
322.723
322.169
321.615
321.06
320.505
319.949
319.393
318.835
318.277
317.717
317.156
316.594
316.03
315.464
314.899
322.722
322.166
321.61
321.054
320.497
319.939
319.381
318.822
318.262
317.7
317.138
316.574
316.008
315.44
314.866
322.721
322.163
321.606
321.047
320.489
319.929
319.37
318.809
318.247
317.685
317.121
316.555
315.988
315.419
314.849
322.72
322.161
321.601
321.042
320.481
319.92
319.359
318.797
318.234
317.67
317.104
316.538
315.97
315.399
314.824
322.72
322.159
321.597
321.036
320.474
319.912
319.349
318.785
318.221
317.655
317.089
316.522
315.953
315.383
314.813
322.719
322.156
321.594
321.031
320.467
319.904
319.339
318.774
318.209
317.642
317.075
316.506
315.937
315.368
314.802
322.718
322.154
321.59
321.026
320.461
319.896
319.33
318.764
318.197
317.629
317.061
316.491
315.921
315.351
314.779
322.717
322.152
321.587
321.021
320.455
319.889
319.322
318.754
318.186
317.617
317.047
316.477
315.906
315.334
314.765
322.717
322.15
321.583
321.017
320.449
319.882
319.314
318.745
318.176
317.606
317.035
316.463
315.89
315.316
314.739
322.716
322.148
321.58
321.012
320.444
319.875
319.306
318.736
318.166
317.595
317.023
316.45
315.876
315.301
314.725
322.716
322.147
321.578
321.008
320.439
319.869
319.299
318.728
318.156
317.584
317.011
316.438
315.863
315.287
314.706
322.715
322.145
321.575
321.005
320.434
319.863
319.292
318.72
318.147
317.574
317.001
316.426
315.851
315.275
314.698
322.714
322.143
321.572
321.001
320.429
319.857
319.285
318.712
318.139
317.565
316.991
316.416
315.84
315.264
314.69
322.714
322.142
321.57
320.998
320.425
319.852
319.279
318.705
318.131
317.556
316.981
316.405
315.829
315.252
314.675
322.714
322.141
321.568
320.994
320.421
319.847
319.273
318.698
318.123
317.548
316.972
316.395
315.818
315.241
314.665
322.713
322.139
321.565
320.991
320.417
319.842
319.267
318.692
318.116
317.54
316.963
316.385
315.807
315.229
314.649
322.713
322.138
321.563
320.988
320.413
319.838
319.262
318.686
318.109
317.532
316.954
316.376
315.797
315.218
314.639
322.712
322.137
321.561
320.986
320.41
319.834
319.257
318.68
318.103
317.525
316.946
316.367
315.787
315.206
314.622
322.712
322.136
321.56
320.983
320.407
319.83
319.253
318.675
318.097
317.518
316.939
316.359
315.778
315.196
314.613
322.712
322.135
321.558
320.981
320.404
319.826
319.249
318.67
318.092
317.512
316.932
316.352
315.77
315.187
314.601
322.711
322.134
321.557
320.979
320.401
319.823
319.245
318.666
318.086
317.507
316.926
316.345
315.763
315.18
314.596
322.711
322.133
321.555
320.977
320.399
319.82
319.241
318.662
318.082
317.501
316.92
316.339
315.756
315.174
314.592
322.711
322.132
321.554
320.975
320.396
319.817
319.238
318.658
318.077
317.497
316.915
316.333
315.75
315.167
314.583
322.711
322.132
321.553
320.974
320.394
319.815
319.235
318.655
318.074
317.492
316.91
316.328
315.745
315.161
314.578
322.71
322.131
321.552
320.972
320.393
319.813
319.232
318.651
318.07
317.488
316.906
316.323
315.74
315.155
314.57
322.71
322.131
321.551
320.971
320.391
319.811
319.23
318.649
318.067
317.485
316.902
316.319
315.735
315.15
314.565
322.71
322.13
321.55
320.97
320.39
319.809
319.228
318.647
318.065
317.482
316.899
316.315
315.731
315.145
314.558
322.71
322.13
321.55
320.969
320.389
319.808
319.226
318.645
318.062
317.48
316.896
316.312
315.727
315.141
314.555
322.71
322.13
321.549
320.969
320.388
319.807
319.225
318.643
318.061
317.478
316.894
316.31
315.725
315.138
314.551
322.71
322.129
321.549
320.968
320.387
319.806
319.224
318.642
318.059
317.476
316.892
316.308
315.723
315.136
314.549
322.71
322.129
321.549
320.968
320.387
319.805
319.224
318.641
318.059
317.475
316.891
316.307
315.721
315.135
314.548
322.71
322.129
321.548
320.968
320.386
319.805
319.223
318.641
318.058
317.475
316.891
316.306
315.721
315.134
314.547
322.71
322.129
321.548
320.968
320.387
319.805
319.223
318.641
318.058
317.475
316.891
316.306
315.721
315.134
314.547
322.71
322.129
321.549
320.968
320.387
319.806
319.224
318.642
318.059
317.476
316.892
316.307
315.722
315.135
314.548
322.71
322.129
321.549
320.968
320.387
319.806
319.225
318.643
318.06
317.477
316.893
316.308
315.723
315.137
314.549
322.71
322.13
321.549
320.969
320.388
319.807
319.226
318.644
318.061
317.478
316.895
316.31
315.725
315.139
314.553
322.71
322.13
321.55
320.97
320.389
319.809
319.227
318.646
318.063
317.48
316.897
316.313
315.728
315.142
314.555
322.71
322.131
321.551
320.971
320.391
319.81
319.229
318.648
318.066
317.483
316.9
316.316
315.731
315.145
314.56
322.71
322.131
321.552
320.972
320.392
319.812
319.231
318.65
318.069
317.486
316.903
316.319
315.735
315.149
314.562
322.711
322.132
321.553
320.974
320.394
319.814
319.234
318.653
318.072
317.49
316.907
316.324
315.739
315.153
314.565
322.711
322.132
321.554
320.975
320.396
319.817
319.237
318.657
318.076
317.494
316.912
316.329
315.745
315.159
314.572
322.711
322.133
321.555
320.977
320.399
319.82
319.241
318.661
318.081
317.499
316.918
316.335
315.751
315.166
314.578
322.711
322.134
321.557
320.979
320.401
319.823
319.245
318.665
318.086
317.505
316.924
316.342
315.758
315.174
314.589
322.712
322.135
321.558
320.982
320.404
319.827
319.249
318.67
318.091
317.511
316.931
316.349
315.767
315.183
314.597
322.712
322.136
321.56
320.984
320.408
319.831
319.253
318.676
318.097
317.518
316.938
316.357
315.776
315.194
314.613
322.712
322.137
321.562
320.987
320.411
319.835
319.259
318.681
318.104
317.525
316.946
316.366
315.786
315.205
314.622
322.713
322.139
321.564
320.99
320.415
319.84
319.264
318.688
318.111
317.533
316.955
316.376
315.796
315.216
314.637
322.713
322.14
321.567
320.993
320.419
319.845
319.27
318.695
318.119
317.542
316.964
316.386
315.806
315.226
314.644
322.714
322.142
321.569
320.996
320.424
319.85
319.276
318.702
318.127
317.551
316.974
316.397
315.818
315.237
314.652
322.714
322.143
321.572
321
320.428
319.856
319.283
318.71
318.136
317.561
316.985
316.409
315.83
315.25
314.669
322.715
322.145
321.575
321.004
320.433
319.862
319.29
318.718
318.145
317.572
316.997
316.421
315.844
315.265
314.682
322.716
322.147
321.577
321.008
320.439
319.869
319.298
318.727
318.155
317.583
317.01
316.435
315.86
315.283
314.705
322.716
322.148
321.581
321.012
320.444
319.875
319.306
318.737
318.166
317.595
317.023
316.45
315.876
315.301
314.721
322.717
322.15
321.584
321.017
320.45
319.883
319.315
318.746
318.177
317.608
317.037
316.466
315.894
315.322
314.753
322.717
322.152
321.587
321.022
320.456
319.89
319.324
318.757
318.189
317.621
317.052
316.482
315.912
315.341
314.77
322.718
322.155
321.591
321.027
320.463
319.898
319.333
318.768
318.201
317.635
317.067
316.499
315.93
315.362
314.797
322.719
322.157
321.595
321.032
320.469
319.906
319.343
318.779
318.214
317.649
317.083
316.516
315.948
315.379
314.809
322.72
322.159
321.598
321.038
320.476
319.915
319.353
318.791
318.228
317.664
317.099
316.534
315.967
315.397
314.823
322.721
322.162
321.603
321.043
320.484
319.924
319.364
318.803
318.242
317.68
317.117
316.553
315.987
315.42
314.851
322.721
322.164
321.607
321.049
320.491
319.933
319.375
318.816
318.256
317.696
317.135
316.573
316.009
315.443
314.871
322.722
322.167
321.611
321.055
320.499
319.943
319.386
318.829
318.271
317.713
317.154
316.594
316.033
315.47
314.908
322.723
322.169
321.615
321.061
320.507
319.953
319.398
318.842
318.286
317.73
317.173
316.616
316.057
315.498
314.933
322.724
322.172
321.62
321.068
320.515
319.963
319.41
318.856
318.302
317.748
317.193
316.638
316.083
315.529
314.979
322.725
322.175
321.625
321.074
320.524
319.973
319.422
318.871
318.319
317.766
317.214
316.661
316.108
315.556
315.004
322.726
322.178
321.63
321.081
320.533
319.984
319.435
318.885
318.335
317.785
317.234
316.684
316.133
315.584
315.042
322.727
322.181
321.635
321.088
320.542
319.995
319.448
318.9
318.352
317.804
317.255
316.706
316.157
315.608
315.059
322.728
322.184
321.64
321.095
320.551
320.006
319.461
318.915
318.369
317.823
317.276
316.729
316.181
315.631
315.076
322.729
322.187
321.645
321.103
320.56
320.017
319.474
318.931
318.387
317.842
317.298
316.752
316.206
315.659
315.112
322.73
322.19
321.65
321.11
320.57
320.029
319.488
318.947
318.405
317.862
317.319
316.776
316.232
315.686
315.136
322.731
322.194
321.656
321.118
320.58
320.041
319.502
318.963
318.423
317.883
317.342
316.801
316.259
315.718
315.178
322.732
322.197
321.662
321.126
320.59
320.054
319.517
318.98
318.442
317.903
317.364
316.825
316.286
315.747
315.205
322.734
322.201
321.668
321.134
320.601
320.066
319.532
318.997
318.461
317.924
317.387
316.85
316.314
315.78
315.253
322.735
322.204
321.674
321.143
320.611
320.08
319.547
319.014
318.48
317.946
317.41
316.875
316.34
315.807
315.276
322.736
322.208
321.68
321.151
320.623
320.093
319.563
319.032
318.5
317.967
317.434
316.899
316.365
315.832
315.307
322.737
322.212
321.686
321.16
320.634
320.107
319.58
319.051
318.521
317.99
317.457
316.923
316.388
315.853
315.321
322.739
322.216
321.693
321.17
320.646
320.122
319.597
319.071
318.543
318.014
317.482
316.948
316.411
315.871
315.331
322.74
322.22
321.7
321.179
320.659
320.137
319.615
319.091
318.566
318.039
317.509
316.975
316.436
315.891
315.344
322.741
322.224
321.707
321.189
320.671
320.153
319.634
319.113
318.591
318.067
317.539
317.006
316.465
315.913
315.349
322.743
322.229
321.714
321.2
320.685
320.169
319.653
319.136
318.618
318.097
317.572
317.042
316.501
315.942
315.345
322.744
322.233
321.722
321.21
320.698
320.186
319.674
319.16
318.646
318.129
317.61
317.085
316.551
315.998
315.394
290.712
290.1
289.538
288.997
288.464
287.937
287.413
286.892
286.371
285.851
285.332
284.814
284.295
283.777
283.259
290.758
290.152
289.585
289.037
288.499
287.967
287.439
286.914
286.39
285.867
285.345
284.824
284.302
283.781
283.26
290.746
290.176
289.617
289.069
288.53
287.995
287.464
286.935
286.408
285.882
285.357
284.833
284.309
283.785
283.262
290.747
290.193
289.642
289.097
288.556
288.02
287.486
286.955
286.425
285.897
285.369
284.842
284.316
283.789
283.263
290.752
290.208
289.663
289.121
288.58
288.043
287.507
286.974
286.442
285.911
285.381
284.851
284.322
283.793
283.264
290.761
290.223
289.683
289.142
288.602
288.064
287.527
286.992
286.457
285.924
285.392
284.86
284.328
283.797
283.266
290.772
290.241
289.703
289.163
288.624
288.084
287.546
287.009
286.472
285.937
285.402
284.868
284.334
283.8
283.267
290.798
290.263
289.725
289.185
288.644
288.104
287.564
287.025
286.487
285.949
285.412
284.876
284.34
283.804
283.268
290.819
290.286
289.747
289.206
288.664
288.123
287.581
287.041
286.501
285.961
285.422
284.883
284.345
283.807
283.269
290.86
290.314
289.771
289.228
288.685
288.141
287.598
287.056
286.514
285.972
285.431
284.891
284.35
283.81
283.27
290.883
290.34
289.795
289.25
288.705
288.16
287.615
287.071
286.527
285.984
285.441
284.898
284.355
283.813
283.271
290.921
290.368
289.819
289.271
288.724
288.178
287.631
287.085
286.54
285.994
285.45
284.905
284.36
283.816
283.272
290.942
290.392
289.842
289.293
288.744
288.195
287.647
287.1
286.552
286.005
285.458
284.912
284.365
283.819
283.273
290.974
290.417
289.864
289.313
288.763
288.213
287.663
287.113
286.564
286.015
285.467
284.918
284.37
283.822
283.274
290.989
290.438
289.886
289.334
288.782
288.23
287.678
287.127
286.576
286.025
285.475
284.925
284.375
283.825
283.275
291.005
290.459
289.907
289.354
288.801
288.247
287.694
287.141
286.588
286.035
285.483
284.931
284.379
283.827
283.276
291.038
290.484
289.93
289.375
288.819
288.264
287.709
287.154
286.599
286.045
285.491
284.937
284.384
283.83
283.277
291.061
290.509
289.953
289.395
288.838
288.28
287.723
287.167
286.61
286.054
285.499
284.943
284.388
283.833
283.278
291.104
290.538
289.976
289.416
288.856
288.297
287.738
287.179
286.621
286.064
285.506
284.949
284.392
283.835
283.278
291.127
290.563
289.999
289.436
288.874
288.313
287.752
287.192
286.632
286.073
285.514
284.955
284.396
283.838
283.279
291.16
290.588
290.02
289.455
288.891
288.328
287.766
287.204
286.642
286.081
285.521
284.96
284.4
283.84
283.28
291.179
290.609
290.04
289.474
288.908
288.343
287.779
287.215
286.652
286.09
285.528
284.966
284.404
283.842
283.281
291.205
290.63
290.059
289.491
288.924
288.357
287.792
287.227
286.662
286.098
285.534
284.971
284.408
283.845
283.281
291.217
290.647
290.077
289.507
288.939
288.371
287.804
287.238
286.672
286.106
285.541
284.976
284.411
283.847
283.282
291.229
290.663
290.093
289.523
288.954
288.385
287.816
287.248
286.681
286.114
285.547
284.981
284.415
283.849
283.283
291.254
290.682
290.11
289.539
288.968
288.397
287.828
287.258
286.689
286.121
285.553
284.985
284.418
283.851
283.284
291.27
290.7
290.127
289.554
288.982
288.41
287.839
287.268
286.698
286.128
285.559
284.99
284.421
283.853
283.284
291.3
290.72
290.144
289.569
288.995
288.422
287.849
287.277
286.706
286.135
285.564
284.994
284.424
283.855
283.285
291.315
290.737
290.159
289.583
289.007
288.433
287.859
287.286
286.714
286.141
285.57
284.998
284.427
283.856
283.285
291.338
290.754
290.174
289.596
289.019
288.444
287.869
287.295
286.721
286.148
285.575
285.002
284.43
283.858
283.286
291.35
290.768
290.187
289.608
289.031
288.454
287.878
287.302
286.728
286.153
285.58
285.006
284.433
283.86
283.287
291.366
290.781
290.199
289.62
289.041
288.463
287.886
287.31
286.734
286.159
285.584
285.01
284.435
283.861
283.287
291.373
290.791
290.21
289.63
289.051
288.472
287.894
287.317
286.74
286.164
285.588
285.013
284.438
283.863
283.287
291.38
290.801
290.22
289.64
289.06
288.481
287.902
287.324
286.746
286.169
285.593
285.016
284.44
283.864
283.288
291.395
290.812
290.23
289.649
289.068
288.488
287.909
287.33
286.752
286.174
285.596
285.019
284.442
283.865
283.288
291.404
290.822
290.24
289.658
289.077
288.496
287.916
287.336
286.757
286.178
285.6
285.022
284.444
283.866
283.289
291.419
290.833
290.249
289.666
289.084
288.503
287.922
287.342
286.762
286.182
285.603
285.024
284.446
283.867
283.289
291.427
290.842
290.257
289.674
289.091
288.509
287.928
287.347
286.766
286.186
285.606
285.027
284.448
283.869
283.289
291.438
290.85
290.265
289.681
289.098
288.515
287.933
287.351
286.77
286.19
285.609
285.029
284.449
283.869
283.29
291.443
290.857
290.272
289.687
289.104
288.521
287.938
287.356
286.774
286.193
285.612
285.031
284.451
283.87
283.29
291.447
290.863
290.278
289.693
289.109
288.526
287.943
287.36
286.778
286.196
285.614
285.033
284.452
283.871
283.29
291.455
290.869
290.284
289.699
289.114
288.53
287.947
287.364
286.781
286.199
285.617
285.035
284.453
283.872
283.291
291.46
290.874
290.289
289.704
289.119
288.534
287.951
287.367
286.784
286.201
285.619
285.037
284.455
283.873
283.291
291.467
290.88
290.294
289.708
289.123
288.538
287.954
287.37
286.787
286.204
285.621
285.038
284.456
283.873
283.291
291.472
290.885
290.299
289.713
289.127
288.542
287.957
287.373
286.789
286.206
285.622
285.039
284.457
283.874
283.291
291.479
290.89
290.303
289.716
289.13
288.545
287.96
287.375
286.791
286.207
285.624
285.041
284.457
283.874
283.291
291.483
290.894
290.307
289.72
289.133
288.548
287.962
287.378
286.793
286.209
285.625
285.042
284.458
283.875
283.292
291.487
290.898
290.31
289.722
289.136
288.55
287.964
287.379
286.795
286.21
285.626
285.042
284.459
283.875
283.292
291.489
290.9
290.312
289.725
289.138
288.552
287.966
287.381
286.796
286.211
285.627
285.043
284.459
283.876
283.292
291.491
290.902
290.314
289.726
289.14
288.553
287.967
287.382
286.797
286.212
285.628
285.044
284.46
283.876
283.292
291.492
290.903
290.315
289.728
289.141
288.554
287.968
287.383
286.798
286.213
285.629
285.044
284.46
283.876
283.292
291.492
290.904
290.316
289.728
289.141
288.555
287.969
287.384
286.798
286.214
285.629
285.045
284.46
283.876
283.292
291.492
290.904
290.316
289.729
289.142
288.555
287.97
287.384
286.799
286.214
285.629
285.045
284.46
283.876
283.292
291.492
290.903
290.316
289.728
289.142
288.555
287.97
287.384
286.799
286.214
285.629
285.045
284.46
283.876
283.292
291.49
290.902
290.315
289.728
289.141
288.555
287.969
287.384
286.799
286.214
285.629
285.045
284.46
283.876
283.292
291.489
290.901
290.314
289.727
289.141
288.554
287.969
287.383
286.798
286.214
285.629
285.045
284.46
283.876
283.292
291.487
290.899
290.312
289.726
289.139
288.554
287.968
287.383
286.798
286.213
285.629
285.044
284.46
283.876
283.292
291.485
290.897
290.311
289.724
289.138
288.552
287.967
287.382
286.797
286.212
285.628
285.044
284.46
283.876
283.292
291.482
290.895
290.309
289.722
289.136
288.551
287.965
287.381
286.796
286.212
285.627
285.043
284.459
283.876
283.292
291.48
290.893
290.306
289.72
289.134
288.549
287.964
287.379
286.795
286.21
285.626
285.043
284.459
283.875
283.292
291.478
290.89
290.303
289.717
289.132
288.547
287.962
287.377
286.793
286.209
285.625
285.042
284.458
283.875
283.292
291.473
290.886
290.3
289.715
289.129
288.544
287.96
287.376
286.792
286.208
285.624
285.041
284.458
283.875
283.292
291.469
290.882
290.297
289.711
289.126
288.542
287.957
287.373
286.79
286.206
285.623
285.04
284.457
283.874
283.291
291.462
290.877
290.292
289.708
289.123
288.539
287.955
287.371
286.788
286.205
285.622
285.039
284.456
283.874
283.291
291.458
290.873
290.288
289.704
289.119
288.536
287.952
287.369
286.786
286.203
285.62
285.038
284.455
283.873
283.291
291.451
290.868
290.284
289.699
289.116
288.532
287.949
287.366
286.783
286.201
285.618
285.036
284.454
283.873
283.291
291.448
290.863
290.279
289.695
289.111
288.528
287.945
287.363
286.78
286.198
285.617
285.035
284.453
283.872
283.291
291.445
290.859
290.274
289.69
289.107
288.524
287.942
287.36
286.778
286.196
285.615
285.033
284.452
283.871
283.29
291.437
290.853
290.269
289.685
289.102
288.52
287.938
287.356
286.775
286.193
285.612
285.032
284.451
283.871
283.29
291.432
290.846
290.263
289.68
289.097
288.515
287.934
287.352
286.771
286.191
285.61
285.03
284.45
283.87
283.29
291.422
290.839
290.256
289.674
289.092
288.51
287.929
287.348
286.768
286.188
285.608
285.028
284.448
283.869
283.29
291.415
290.831
290.249
289.667
289.086
288.505
287.924
287.344
286.764
286.184
285.605
285.026
284.447
283.868
283.289
291.402
290.822
290.242
289.661
289.08
288.5
287.919
287.34
286.76
286.181
285.602
285.024
284.445
283.867
283.289
291.395
290.815
290.234
289.654
289.074
288.494
287.914
287.335
286.756
286.177
285.599
285.021
284.444
283.866
283.289
291.385
290.807
290.227
289.647
289.067
288.488
287.909
287.33
286.752
286.174
285.596
285.019
284.442
283.865
283.288
291.38
290.8
290.22
289.64
289.061
288.481
287.903
287.324
286.747
286.169
285.593
285.016
284.44
283.864
283.288
291.375
290.793
290.213
289.633
289.054
288.475
287.896
287.319
286.742
286.165
285.589
285.013
284.438
283.862
283.287
291.365
290.785
290.205
289.625
289.046
288.468
287.89
287.313
286.736
286.16
285.585
285.01
284.435
283.861
283.287
291.358
290.777
290.197
289.617
289.038
288.46
287.883
287.306
286.73
286.155
285.58
285.006
284.433
283.86
283.286
291.347
290.768
290.188
289.609
289.03
288.452
287.875
287.299
286.724
286.149
285.576
285.003
284.43
283.858
283.286
291.339
290.759
290.179
289.6
289.021
288.443
287.866
287.291
286.716
286.143
285.57
284.998
284.427
283.856
283.285
291.327
290.749
290.17
289.59
289.011
288.434
287.857
287.282
286.709
286.136
285.565
284.994
284.424
283.854
283.285
291.321
290.741
290.161
289.58
289.001
288.423
287.847
287.273
286.7
286.128
285.558
284.989
284.42
283.852
283.284
291.315
290.734
290.151
289.569
288.989
288.411
287.835
287.262
286.69
286.12
285.551
284.983
284.416
283.849
283.283
291.312
290.727
290.141
289.557
288.976
288.398
287.823
287.25
286.68
286.111
285.544
284.977
284.412
283.847
283.282
291.312
290.721
290.129
289.542
288.96
288.382
287.808
287.237
286.668
286.101
285.535
284.971
284.407
283.844
283.281
291.318
290.714
290.115
289.525
288.941
288.364
287.791
287.221
286.654
286.089
285.526
284.964
284.402
283.841
283.28
291.323
290.703
290.095
289.502
288.919
288.343
287.772
287.204
286.64
286.077
285.516
284.956
284.397
283.838
283.279
291.345
290.683
290.066
289.472
288.891
288.318
287.75
287.186
286.624
286.064
285.505
284.948
284.391
283.834
283.278
291.299
290.631
290.02
289.433
288.858
288.289
287.726
287.165
286.606
286.049
285.494
284.939
284.384
283.831
283.277
322.746
322.238
321.73
321.222
320.714
320.206
319.697
319.188
318.678
318.167
317.655
317.139
316.62
316.097
315.578
322.748
322.243
321.739
321.235
320.731
320.227
319.723
319.219
318.715
318.211
317.707
317.203
316.7
316.202
315.716
322.75
322.249
321.748
321.248
320.748
320.248
319.748
319.25
318.752
318.255
317.759
317.265
316.776
316.293
315.823
322.751
322.254
321.757
321.26
320.764
320.268
319.774
319.28
318.788
318.297
317.809
317.324
316.844
316.372
315.91
322.753
322.259
321.766
321.272
320.78
320.288
319.798
319.309
318.822
318.337
317.855
317.378
316.906
316.441
315.985
322.755
322.264
321.774
321.284
320.795
320.307
319.821
319.336
318.854
318.374
317.898
317.426
316.96
316.501
316.049
322.756
322.268
321.781
321.295
320.809
320.325
319.842
319.361
318.883
318.408
317.936
317.469
317.008
316.553
316.104
322.757
322.273
321.788
321.304
320.822
320.34
319.861
319.384
318.909
318.438
317.97
317.507
317.049
316.597
316.152
322.759
322.276
321.794
321.313
320.833
320.354
319.878
319.404
318.932
318.464
318
317.54
317.085
316.636
316.193
322.76
322.279
321.8
321.321
320.843
320.367
319.893
319.421
318.952
318.486
318.025
317.567
317.115
316.668
316.227
322.761
322.282
321.804
321.327
320.851
320.377
319.905
319.435
318.968
318.505
318.045
317.59
317.14
316.694
316.255
322.761
322.284
321.808
321.332
320.858
320.385
319.915
319.447
318.982
318.52
318.062
317.608
317.159
316.715
316.277
322.762
322.286
321.811
321.336
320.863
320.392
319.922
319.455
318.991
318.531
318.074
317.622
317.174
316.731
316.293
322.762
322.287
321.812
321.339
320.866
320.396
319.927
319.461
318.998
318.538
318.082
317.631
317.183
316.741
316.304
322.762
322.288
321.813
321.34
320.868
320.398
319.93
319.464
319.001
318.542
318.086
317.635
317.188
316.746
316.31
315.158
314.887
314.403
314.128
313.726
313.53
313.332
312.923
312.638
312.117
311.828
311.405
311.168
310.829
310.664
310.501
310.167
309.938
309.527
309.305
308.993
308.844
308.702
308.419
308.228
307.901
307.683
307.303
307.099
306.817
306.683
306.556
306.304
306.135
305.845
305.651
305.313
305.13
304.877
304.755
304.638
304.406
304.247
303.971
303.783
303.447
303.261
302.99
302.837
302.616
302.506
302.394
302.166
302.005
301.712
301.548
301.313
301.198
301.082
300.847
300.682
300.39
300.188
299.822
299.62
299.328
299.184
299.04
298.746
298.538
298.168
297.913
297.448
297.191
296.819
296.636
296.453
296.078
295.814
295.343
295.019
294.431
294.108
293.642
293.417
293.194
292.734
292.423
291.873
291.568
315.301
314.948
314.572
314.234
313.898
313.607
313.316
312.979
312.642
312.266
311.928
311.588
311.292
311.003
310.756
310.513
310.236
309.962
309.662
309.397
309.136
308.916
308.701
308.459
308.22
307.954
307.697
307.419
307.176
306.94
306.74
306.547
306.33
306.116
305.878
305.648
305.399
305.179
304.965
304.782
304.604
304.401
304.199
303.971
303.747
303.501
303.279
303.056
302.859
302.666
302.497
302.328
302.132
301.936
301.716
301.517
301.316
301.14
300.963
300.757
300.546
300.304
300.063
299.793
299.549
299.304
299.088
298.869
298.614
298.351
298.049
297.747
297.408
297.102
296.793
296.522
296.248
295.927
295.597
295.218
294.84
294.418
294.038
293.657
293.328
293
292.619
292.239
291.815
291.421
315.409
315.044
314.685
314.339
314.004
313.684
313.365
313.036
312.702
312.361
312.03
311.709
311.406
311.116
310.842
310.574
310.3
310.024
309.747
309.48
309.223
308.979
308.74
308.496
308.249
307.995
307.741
307.487
307.243
307.009
306.789
306.573
306.353
306.13
305.902
305.672
305.442
305.221
305.007
304.804
304.603
304.397
304.186
303.967
303.745
303.519
303.298
303.083
302.878
302.679
302.489
302.299
302.101
301.899
301.691
301.486
301.284
301.086
300.885
300.674
300.453
300.219
299.977
299.728
299.481
299.236
298.996
298.751
298.492
298.22
297.932
297.633
297.323
297.016
296.712
296.413
296.11
295.788
295.451
295.093
294.724
294.342
293.968
293.598
293.24
292.88
292.504
292.117
291.714
291.308
315.499
315.134
314.777
314.429
314.09
313.759
313.43
313.101
312.771
312.442
312.119
311.804
311.5
311.206
310.922
310.643
310.365
310.09
309.817
309.55
309.29
309.037
308.787
308.538
308.288
308.037
307.786
307.538
307.296
307.06
306.83
306.605
306.379
306.153
305.926
305.699
305.473
305.251
305.034
304.822
304.612
304.4
304.185
303.968
303.748
303.528
303.31
303.096
302.887
302.682
302.481
302.28
302.076
301.87
301.662
301.453
301.244
301.035
300.823
300.604
300.378
300.144
299.904
299.658
299.411
299.161
298.91
298.654
298.389
298.114
297.828
297.534
297.232
296.928
296.621
296.313
295.998
295.672
295.335
294.985
294.625
294.258
293.89
293.522
293.155
292.784
292.405
292.017
291.619
291.213
315.576
315.213
314.856
314.507
314.165
313.829
313.497
313.167
312.84
312.515
312.196
311.884
311.58
311.283
310.993
310.709
310.429
310.152
309.879
309.61
309.347
309.089
308.834
308.58
308.328
308.077
307.828
307.582
307.339
307.101
306.867
306.636
306.407
306.178
305.95
305.723
305.498
305.275
305.055
304.838
304.622
304.406
304.189
303.971
303.752
303.534
303.317
303.102
302.89
302.68
302.472
302.264
302.055
301.845
301.633
301.42
301.205
300.989
300.769
300.545
300.315
300.079
299.838
299.592
299.342
299.089
298.832
298.57
298.3
298.023
297.738
297.445
297.146
296.842
296.534
296.22
295.901
295.573
295.236
294.89
294.536
294.176
293.811
293.444
293.074
292.7
292.319
291.93
291.534
291.131
315.643
315.281
314.925
314.575
314.232
313.893
313.559
313.23
312.903
312.581
312.264
311.953
311.648
311.35
311.057
310.77
310.487
310.208
309.934
309.664
309.398
309.136
308.877
308.621
308.368
308.116
307.866
307.62
307.376
307.136
306.899
306.665
306.433
306.202
305.973
305.745
305.519
305.294
305.072
304.852
304.632
304.414
304.195
303.976
303.757
303.538
303.32
303.104
302.889
302.675
302.463
302.25
302.037
301.822
301.606
301.389
301.169
300.948
300.723
300.494
300.26
300.022
299.779
299.531
299.279
299.023
298.762
298.496
298.223
297.944
297.658
297.365
297.067
296.763
296.453
296.138
295.816
295.487
295.151
294.807
294.456
294.099
293.737
293.371
293
292.624
292.243
291.855
291.46
291.059
315.701
315.34
314.984
314.635
314.29
313.951
313.617
313.287
312.961
312.64
312.324
312.013
311.708
311.408
311.114
310.824
310.54
310.259
309.983
309.711
309.443
309.179
308.918
308.659
308.404
308.151
307.901
307.653
307.409
307.167
306.928
306.692
306.457
306.225
305.994
305.765
305.537
305.311
305.087
304.864
304.642
304.421
304.201
303.98
303.76
303.541
303.322
303.103
302.886
302.67
302.453
302.237
302.02
301.801
301.582
301.36
301.137
300.911
300.682
300.449
300.212
299.971
299.726
299.476
299.222
298.963
298.699
298.43
298.155
297.875
297.588
297.295
296.996
296.691
296.38
296.064
295.741
295.412
295.076
294.733
294.384
294.029
293.669
293.304
292.933
292.558
292.176
291.789
291.396
290.997
315.751
315.391
315.036
314.686
314.342
314.003
313.668
313.338
313.013
312.692
312.376
312.065
311.759
311.459
311.163
310.872
310.586
310.304
310.026
309.753
309.483
309.217
308.954
308.694
308.437
308.183
307.932
307.683
307.437
307.194
306.953
306.715
306.479
306.245
306.013
305.782
305.553
305.326
305.1
304.875
304.651
304.429
304.206
303.985
303.763
303.542
303.322
303.102
302.883
302.663
302.444
302.225
302.004
301.783
301.56
301.335
301.108
300.879
300.646
300.41
300.171
299.927
299.679
299.427
299.171
298.91
298.644
298.373
298.096
297.814
297.526
297.232
296.933
296.627
296.316
295.999
295.676
295.346
295.011
294.669
294.321
293.967
293.608
293.244
292.874
292.499
292.118
291.732
291.341
290.943
315.793
315.434
315.08
314.731
314.387
314.047
313.713
313.383
313.058
312.737
312.421
312.11
311.804
311.502
311.206
310.914
310.626
310.343
310.064
309.789
309.518
309.25
308.985
308.724
308.466
308.211
307.958
307.709
307.462
307.217
306.975
306.736
306.498
306.263
306.029
305.797
305.567
305.338
305.111
304.885
304.659
304.435
304.211
303.988
303.766
303.544
303.322
303.1
302.879
302.657
302.436
302.213
301.99
301.766
301.54
301.313
301.083
300.851
300.615
300.377
300.135
299.889
299.639
299.385
299.127
298.864
298.596
298.323
298.045
297.762
297.473
297.178
296.878
296.572
296.26
295.943
295.619
295.29
294.955
294.613
294.266
293.913
293.555
293.191
292.822
292.448
292.068
291.683
291.293
290.897
315.828
315.47
315.117
314.769
314.425
314.086
313.751
313.421
313.096
312.775
312.459
312.148
311.841
311.539
311.242
310.949
310.661
310.376
310.096
309.82
309.547
309.278
309.013
308.75
308.491
308.235
307.981
307.731
307.483
307.237
306.994
306.753
306.515
306.278
306.043
305.81
305.579
305.349
305.12
304.893
304.666
304.441
304.216
303.991
303.768
303.544
303.321
303.098
302.875
302.652
302.428
302.204
301.978
301.752
301.524
301.294
301.061
300.827
300.589
300.349
300.104
299.857
299.605
299.349
299.089
298.825
298.555
298.281
298.002
297.717
297.428
297.132
296.831
296.525
296.213
295.895
295.572
295.242
294.907
294.566
294.22
293.867
293.51
293.147
292.778
292.405
292.026
291.642
291.253
290.858
315.857
315.5
315.148
314.8
314.456
314.117
313.783
313.453
313.127
312.807
312.491
312.179
311.872
311.57
311.272
310.978
310.689
310.404
310.123
309.846
309.572
309.302
309.036
308.772
308.512
308.255
308
307.749
307.5
307.254
307.01
306.768
306.528
306.291
306.055
305.821
305.588
305.358
305.128
304.899
304.672
304.445
304.219
303.994
303.769
303.545
303.32
303.096
302.872
302.647
302.421
302.195
301.968
301.74
301.51
301.278
301.044
300.807
300.568
300.325
300.079
299.83
299.577
299.32
299.058
298.792
298.522
298.247
297.966
297.681
297.39
297.094
296.793
296.486
296.174
295.856
295.532
295.203
294.868
294.527
294.181
293.829
293.472
293.11
292.742
292.369
291.991
291.608
291.219
290.827
315.88
315.524
315.172
314.824
314.481
314.142
313.808
313.478
313.153
312.832
312.516
312.204
311.897
311.594
311.296
311.002
310.712
310.426
310.144
309.866
309.592
309.321
309.054
308.79
308.529
308.271
308.016
307.764
307.514
307.267
307.022
306.78
306.539
306.301
306.064
305.83
305.596
305.365
305.134
304.905
304.676
304.449
304.222
303.996
303.77
303.545
303.32
303.094
302.869
302.643
302.416
302.189
301.96
301.73
301.499
301.265
301.029
300.791
300.55
300.307
300.059
299.809
299.554
299.296
299.033
298.767
298.495
298.219
297.938
297.652
297.361
297.064
296.762
296.455
296.143
295.824
295.501
295.171
294.836
294.496
294.15
293.799
293.442
293.08
292.713
292.34
291.963
291.58
291.193
290.801
315.897
315.541
315.19
314.842
314.499
314.161
313.827
313.497
313.172
312.851
312.534
312.223
311.915
311.612
311.314
311.019
310.729
310.442
310.16
309.882
309.607
309.335
309.068
308.803
308.541
308.283
308.027
307.774
307.524
307.277
307.031
306.788
306.547
306.308
306.071
305.836
305.602
305.37
305.139
304.909
304.68
304.452
304.224
303.998
303.771
303.545
303.319
303.093
302.866
302.639
302.412
302.183
301.954
301.723
301.49
301.256
301.019
300.78
300.538
300.293
300.045
299.793
299.538
299.278
299.015
298.747
298.475
298.198
297.917
297.63
297.339
297.042
296.74
296.432
296.119
295.801
295.477
295.148
294.813
294.473
294.127
293.776
293.42
293.058
292.691
292.319
291.942
291.56
291.174
290.783
315.909
315.553
315.202
314.855
314.512
314.173
313.839
313.509
313.184
312.863
312.547
312.235
311.927
311.624
311.325
311.031
310.74
310.453
310.171
309.892
309.617
309.345
309.077
308.812
308.55
308.291
308.035
307.782
307.531
307.283
307.038
306.794
306.553
306.313
306.076
305.84
305.606
305.373
305.142
304.911
304.682
304.454
304.226
303.998
303.772
303.545
303.318
303.092
302.865
302.637
302.409
302.18
301.95
301.718
301.485
301.249
301.012
300.772
300.529
300.283
300.035
299.782
299.526
299.267
299.003
298.735
298.462
298.185
297.903
297.616
297.324
297.027
296.724
296.417
296.104
295.785
295.462
295.132
294.797
294.457
294.112
293.761
293.405
293.043
292.677
292.305
291.928
291.547
291.161
290.77
315.914
315.559
315.208
314.861
314.518
314.179
313.845
313.516
313.19
312.869
312.553
312.241
311.934
311.63
311.331
311.036
310.746
310.459
310.176
309.897
309.622
309.35
309.081
308.816
308.554
308.295
308.039
307.785
307.535
307.286
307.041
306.797
306.556
306.316
306.078
305.842
305.608
305.375
305.143
304.913
304.683
304.454
304.226
303.999
303.772
303.545
303.318
303.091
302.864
302.636
302.408
302.178
301.948
301.715
301.482
301.246
301.008
300.768
300.525
300.279
300.03
299.777
299.521
299.261
298.997
298.728
298.455
298.178
297.896
297.609
297.316
297.019
296.717
296.409
296.096
295.778
295.454
295.124
294.79
294.45
294.104
293.753
293.397
293.036
292.669
292.298
291.921
291.54
291.154
290.764
291.104
290.53
289.953
289.381
288.816
288.255
287.696
287.14
286.586
286.033
285.48
284.929
284.377
283.826
283.275
290.96
290.423
289.873
289.319
288.766
288.214
287.662
287.112
286.563
286.014
285.465
284.917
284.369
283.822
283.274
290.849
290.329
289.796
289.257
288.715
288.171
287.627
287.083
286.539
285.994
285.45
284.905
284.361
283.817
283.272
290.757
290.247
289.726
289.198
288.665
288.13
287.592
287.054
286.515
285.975
285.434
284.894
284.353
283.812
283.271
290.679
290.175
289.662
289.143
288.618
288.09
287.559
287.026
286.491
285.956
285.419
284.882
284.345
283.807
283.269
290.611
290.112
289.606
289.093
288.575
288.052
287.527
286.999
286.469
285.937
285.405
284.871
284.337
283.802
283.267
290.551
290.057
289.556
289.048
288.535
288.018
287.497
286.974
286.448
285.92
285.391
284.861
284.33
283.798
283.266
290.5
290.01
289.512
289.009
288.501
287.988
287.471
286.951
286.429
285.904
285.378
284.851
284.323
283.794
283.265
290.457
289.969
289.475
288.975
288.47
287.961
287.447
286.931
286.412
285.89
285.367
284.843
284.317
283.79
283.264
290.42
289.934
289.443
288.946
288.444
287.937
287.427
286.913
286.397
285.878
285.357
284.835
284.312
283.787
283.262
290.389
289.906
289.417
288.922
288.422
287.918
287.41
286.899
286.384
285.868
285.349
284.829
284.307
283.785
283.262
290.365
289.883
289.396
288.903
288.405
287.903
287.396
286.887
286.374
285.859
285.342
284.823
284.303
283.782
283.261
290.347
289.867
289.38
288.888
288.392
287.891
287.386
286.878
286.367
285.853
285.337
284.819
284.3
283.781
283.26
290.336
289.855
289.37
288.879
288.383
287.883
287.379
286.872
286.362
285.849
285.334
284.817
284.299
283.78
283.26
290.33
289.85
289.365
288.874
288.379
287.879
287.376
286.869
286.359
285.846
285.332
284.815
284.298
283.779
283.26
)
;

boundaryField
{
    hot
    {
        type            fixedValue;
        value           uniform 323;
    }
    cold
    {
        type            fixedValue;
        value           uniform 283;
    }
    interface_left
    {
        type            fixedValue;
        value           nonuniform List<scalar> 
90
(
314.764
314.764
314.791
314.791
314.753
314.753
314.753
314.699
314.699
314.624
314.624
314.57
314.57
314.528
314.528
314.528
314.489
314.489
314.442
314.442
314.41
314.41
314.41
314.384
314.384
314.356
314.356
314.325
314.325
314.305
314.305
314.305
314.29
314.29
314.276
314.276
314.263
314.263
314.257
314.257
314.257
314.254
314.254
314.256
314.256
314.262
314.262
314.27
314.27
314.27
314.282
314.282
314.3
314.3
314.329
314.329
314.355
314.355
314.355
314.383
314.383
314.423
314.423
314.48
314.48
314.526
314.526
314.526
314.574
314.574
314.636
314.636
314.721
314.721
314.786
314.786
314.786
314.849
314.849
314.921
314.921
315.008
315.008
315.059
315.059
315.059
315.077
315.077
315.01
315.01
)
;
    }
    interface_right
    {
        type            fixedValue;
        value           nonuniform List<scalar> 
90
(
291.103
291.103
291.02
291.02
291.02
291.026
291.026
291.069
291.069
291.144
291.144
291.207
291.207
291.263
291.263
291.263
291.322
291.322
291.399
291.399
291.456
291.456
291.501
291.501
291.501
291.544
291.544
291.598
291.598
291.636
291.636
291.663
291.663
291.663
291.688
291.688
291.717
291.717
291.735
291.735
291.735
291.749
291.749
291.762
291.762
291.775
291.775
291.782
291.782
291.785
291.785
291.785
291.785
291.785
291.783
291.783
291.778
291.778
291.772
291.772
291.772
291.764
291.764
291.751
291.751
291.739
291.739
291.739
291.726
291.726
291.71
291.71
291.686
291.686
291.669
291.669
291.669
291.652
291.652
291.632
291.632
291.611
291.611
291.603
291.603
291.603
291.62
291.62
291.726
291.726
)
;
    }
    interface_top
    {
        type            fixedValue;
        value           nonuniform List<scalar> 
90
(
315.01
315.01
314.169
314.169
313.494
313.494
313.494
312.807
312.807
311.877
311.877
311.181
311.181
310.619
310.619
310.619
310.06
310.06
309.326
309.326
308.806
308.806
308.806
308.333
308.333
307.796
307.796
307.119
307.119
306.652
306.652
306.652
306.234
306.234
305.759
305.759
305.158
305.158
304.74
304.74
304.74
304.356
304.356
303.908
303.908
303.314
303.314
302.874
302.874
302.512
302.512
302.512
302.136
302.136
301.616
301.616
301.226
301.226
301.226
300.842
300.842
300.367
300.367
299.719
299.719
299.232
299.232
299.232
298.748
298.748
298.145
298.145
297.318
297.318
296.694
296.694
296.694
296.072
296.072
295.299
295.299
294.247
294.247
293.459
293.459
293.459
292.685
292.685
291.726
291.726
)
;
    }
    interface_bottom
    {
        type            fixedValue;
        value           nonuniform List<scalar> 
90
(
314.764
314.764
313.944
313.944
313.944
313.183
313.183
312.293
312.293
311.151
311.151
310.334
310.334
309.689
309.689
309.689
309.051
309.051
308.215
308.215
307.612
307.612
307.135
307.135
307.135
306.666
306.666
306.06
306.06
305.637
305.637
305.637
305.249
305.249
304.803
304.803
304.236
304.236
303.839
303.839
303.839
303.468
303.468
303.026
303.026
302.439
302.439
302.002
302.002
301.636
301.636
301.636
301.248
301.248
300.708
300.708
300.302
300.302
300.302
299.896
299.896
299.393
299.393
298.714
298.714
298.209
298.209
298.209
297.709
297.709
297.093
297.093
296.269
296.269
295.66
295.66
295.66
295.064
295.064
294.335
294.335
293.367
293.367
292.657
292.657
292.657
291.964
291.964
291.103
291.103
)
;
    }
    defaultFaces
    {
        type            empty;
    }
}


// ************************************************************************* //
