/*--------------------------------*- C++ -*----------------------------------*\
| =========                 |                                                 |
| \\      /  F ield         | OpenFOAM: The Open Source CFD Toolbox           |
|  \\    /   O peration     | Version:  5.x                                   |
|   \\  /    A nd           | Web:      www.OpenFOAM.org                      |
|    \\/     M anipulation  |                                                 |
\*---------------------------------------------------------------------------*/
FoamFile
{
    version     2.0;
    format      ascii;
    class       volScalarField;
    location    "4.3";
    object      gradTy;
}
// * * * * * * * * * * * * * * * * * * * * * * * * * * * * * * * * * * * * * //

dimensions      [0 -1 0 1 0 0 0];

internalField   nonuniform List<scalar> 
6300
(
32275
32224.9
32174.9
32124.9
32075
32025.2
31975.5
31925.9
31876.4
31827.1
31778
31729.1
31680.4
31631.9
31583.7
-0.0142228
-0.0427312
-0.0714156
-0.100354
-0.129558
-0.158944
-0.188317
-0.217358
-0.245629
-0.272602
-0.297722
-0.320513
-0.340711
-0.35842
-0.374231
-0.0236273
-0.0710117
-0.118743
-0.16697
-0.215738
-0.264933
-0.314245
-0.363138
-0.410848
-0.456424
-0.498829
-0.537112
-0.570666
-0.599522
-0.624628
-0.0329157
-0.0989505
-0.165562
-0.233027
-0.301469
-0.370782
-0.440565
-0.510069
-0.578166
-0.643381
-0.704015
-0.758396
-0.805274
-0.844332
-0.87672
-0.0420055
-0.126324
-0.21154
-0.298125
-0.386348
-0.47618
-0.567189
-0.658435
-0.748397
-0.834952
-0.915491
-0.987221
-1.04774
-1.09587
-1.13262
-0.0507745
-0.152783
-0.25613
-0.361564
-0.469596
-0.580379
-0.693549
-0.808059
-0.922007
-1.03251
-1.13575
-1.22722
-1.30256
-1.35874
-1.39588
-0.0590834
-0.177902
-0.298634
-0.422405
-0.550098
-0.682193
-0.818571
-0.958248
-1.09906
-1.23735
-1.36776
-1.48337
-1.57651
-1.64064
-1.6733
-0.0667432
-0.201115
-0.338105
-0.479335
-0.626207
-0.779736
-0.940308
-1.10731
-1.27865
-1.45007
-1.61457
-1.76197
-1.87946
-1.95396
-1.97705
-0.0735197
-0.221711
-0.373339
-0.530629
-0.695664
-0.870242
-1.05562
-1.25206
-1.45814
-1.66971
-1.87845
-2.07042
-2.22533
-2.31859
-2.32882
-0.0791449
-0.23887
-0.402913
-0.574179
-0.75558
-0.949954
-1.15986
-1.38715
-1.63214
-1.89215
-2.15906
-2.41585
-2.63274
-2.76608
-2.76735
-0.0833343
-0.251712
-0.425264
-0.607594
-0.802524
-1.01413
-1.24672
-1.50453
-1.79109
-2.10763
-2.44971
-2.80108
-3.12355
-3.34548
-3.36286
-0.0858146
-0.259379
-0.438836
-0.628409
-0.832788
-1.05734
-1.30834
-1.59313
-1.92004
-2.29748
-2.73097
-3.21508
-3.71475
-4.1293
-4.24872
-0.0863595
-0.261153
-0.442291
-0.63442
-0.842878
-1.07409
-1.33616
-1.63959
-1.99839
-2.4312
-2.9615
-3.6134
-4.39097
-5.20825
-5.70387
-0.0848297
-0.256583
-0.434753
-0.624104
-0.83021
-1.06
-1.32259
-1.63063
-2.00268
-2.46732
-3.07031
-3.88599
-5.02751
-6.60901
-8.37969
-0.0812064
-0.245595
-0.416038
-0.597034
-0.793859
-1.01311
-1.26354
-1.55762
-1.91431
-2.36497
-2.96635
-3.83272
-5.22423
-7.82087
-13.6835
31539.7
31499.8
31460.2
31420.7
31381.5
31342.4
31303.6
31265
31226.6
31188.5
31150.7
31113.1
31075.9
31039
31002.4
30966.2
30930.4
30894.9
30859.8
30825.1
30790.8
30756.8
30723.2
30689.9
30657
30624.5
30592.3
30560.4
30528.8
30497.5
30466.4
30435.7
30405.1
30374.9
30344.8
30314.9
30285.3
30255.9
30226.6
30197.6
30168.7
30140
30111.5
30083.2
30055
30027
29999.2
29971.6
29944.1
29916.8
29889.6
29862.6
29835.8
29809.1
29782.5
29756
29729.6
29703.3
29677.1
29651
29624.9
29598.9
29572.9
29546.9
29521
29495
29469.1
29443.1
29417.1
29391.1
29365.1
29339
29312.9
29286.6
29260.4
29234
29207.5
29181
29154.3
29127.5
29100.6
29073.6
29046.4
29019
28991.5
28963.8
28936
28907.9
28879.7
28851.3
-0.388021
-0.40106
-0.415657
-0.432853
-0.453514
-0.478174
-0.50692
-0.539341
-0.574566
-0.611375
-0.648364
-0.684131
-0.717428
-0.747266
-0.772933
-0.793969
-0.810088
-0.821109
-0.82691
-0.827428
-0.822685
-0.812837
-0.798201
-0.77926
-0.756641
-0.731067
-0.703305
-0.674136
-0.644323
-0.614605
-0.585679
-0.558165
-0.532578
-0.509289
-0.488509
-0.470304
-0.454626
-0.441365
-0.43039
-0.421562
-0.414717
-0.40962
-0.405919
-0.403107
-0.400533
-0.397445
-0.393078
-0.386744
-0.377921
-0.366309
-0.351839
-0.334652
-0.315048
-0.29343
-0.270259
-0.24602
-0.221196
-0.196247
-0.171575
-0.147493
-0.12419
-0.101722
-0.0800288
-0.0589699
-0.0383789
-0.0181107
0.00193162
0.0217975
0.0415131
0.0611126
0.0806612
0.100255
0.119999
0.139972
0.16019
0.180595
0.201068
0.22145
0.24159
0.261357
0.280646
0.299342
0.31728
0.334204
0.349739
0.36341
0.374675
0.382991
0.387875
0.388964
-0.646022
-0.666106
-0.688807
-0.716115
-0.74972
-0.790699
-0.839274
-0.894709
-0.955371
-1.01896
-1.08286
-1.14447
-1.20156
-1.25244
-1.29598
-1.33151
-1.35868
-1.37726
-1.38704
-1.38787
-1.37973
-1.36282
-1.33767
-1.30511
-1.26627
-1.22243
-1.17493
-1.1251
-1.07425
-1.02362
-0.974422
-0.927755
-0.884526
-0.84538
-0.810651
-0.78039
-0.75444
-0.732556
-0.714494
-0.700053
-0.689027
-0.681107
-0.675751
-0.672109
-0.669018
-0.665096
-0.658914
-0.649189
-0.634967
-0.615724
-0.591386
-0.562265
-0.528948
-0.492182
-0.452789
-0.411615
-0.369506
-0.327277
-0.285657
-0.245211
-0.206274
-0.168917
-0.132975
-0.0981322
-0.0640358
-0.0304013
0.0029314
0.0360078
0.0688211
0.101394
0.133834
0.166336
0.199133
0.232406
0.266206
0.300422
0.334802
0.36903
0.402816
0.435949
0.468295
0.499738
0.530068
0.558891
0.585568
0.609239
0.6289
0.643538
0.652263
0.654422
-0.902995
-0.927273
-0.955206
-0.990188
-1.03518
-1.09216
-1.16162
-1.24242
-1.33183
-1.42598
-1.52051
-1.61118
-1.69451
-1.76806
-1.83041
-1.88096
-1.91952
-1.94593
-1.95991
-1.9611
-1.94926
-1.92454
-1.88764
-1.83987
-1.78296
-1.71892
-1.64976
-1.5774
-1.50368
-1.43041
-1.35937
-1.29224
-1.23044
-1.17495
-1.1262
-1.08411
-1.04824
-1.01809
-0.99323
-0.97347
-0.958714
-0.948748
-0.942964
-0.940168
-0.93855
-0.935855
-0.929703
-0.917967
-0.899102
-0.872336
-0.837681
-0.795782
-0.747678
-0.694584
-0.637751
-0.578425
-0.517859
-0.457303
-0.397921
-0.340632
-0.285961
-0.233953
-0.184219
-0.136101
-0.0889106
-0.0421423
0.00441406
0.0507089
0.0965864
0.141976
0.187023
0.2321
0.277687
0.324183
0.371726
0.420111
0.468851
0.517343
0.565076
0.611761
0.657334
0.701818
0.745107
0.786744
0.825802
0.860911
0.890429
0.912676
0.926184
0.929893
-1.15951
-1.18329
-1.21158
-1.24997
-1.30354
-1.37579
-1.46782
-1.5779
-1.70163
-1.83267
-1.96391
-2.08868
-2.2018
-2.30003
-2.38208
-2.44795
-2.49812
-2.53277
-2.55149
-2.5534
-2.53767
-2.50412
-2.45362
-2.3881
-2.31028
-2.22315
-2.12956
-2.03203
-1.93287
-1.8344
-1.73909
-1.64946
-1.56769
-1.49525
-1.43261
-1.3793
-1.33428
-1.29644
-1.26509
-1.24015
-1.22198
-1.21085
-1.20636
-1.20702
-1.21012
-1.21209
-1.20903
-1.19751
-1.17511
-1.14081
-1.09491
-1.03874
-0.974096
-0.902874
-0.826805
-0.747518
-0.666691
-0.586133
-0.507657
-0.432766
-0.36229
-0.296187
-0.233601
-0.173194
-0.113629
-0.0540218
0.0058381
0.0655844
0.124637
0.182643
0.239772
0.29674
0.354553
0.414086
0.475677
0.538946
0.602922
0.666427
0.728536
0.788876
0.847649
0.905342
0.96226
1.01806
1.07148
1.12041
1.1622
1.19419
1.21404
1.22014
-1.41692
-1.43274
-1.45333
-1.48784
-1.54491
-1.63086
-1.74796
-1.89367
-2.06082
-2.239
-2.41656
-2.58292
-2.73044
-2.85525
-2.95698
-3.03749
-3.099
-3.14252
-3.16725
-3.17105
-3.15168
-3.10807
-3.04118
-2.95402
-2.85097
-2.73666
-2.61501
-2.48899
-2.36104
-2.2338
-2.11061
-1.99532
-1.8915
-1.80143
-1.72557
-1.66255
-1.60997
-1.56544
-1.52771
-1.49709
-1.4751
-1.46338
-1.46236
-1.47036
-1.48336
-1.49557
-1.50057
-1.49273
-1.4683
-1.42601
-1.36698
-1.29391
-1.21002
-1.11818
-1.02053
-0.918864
-0.815173
-0.712001
-0.612271
-0.518579
-0.432361
-0.353395
-0.279884
-0.209111
-0.138446
-0.0663033
0.00738875
0.0814226
0.154162
0.224542
0.292722
0.360133
0.428916
0.500997
0.577185
0.656739
0.737647
0.8175
0.89452
0.968231
1.0395
1.10996
1.18101
1.25278
1.32361
1.39016
1.4481
1.49314
1.5217
1.53135
-1.67906
-1.67527
-1.67497
-1.69311
-1.74462
-1.84096
-1.9868
-2.17843
-2.40404
-2.64613
-2.8852
-3.10418
-3.29167
-3.44356
-3.56232
-3.65428
-3.72567
-3.77921
-3.813
-3.82193
-3.80045
-3.74542
-3.6578
-3.54269
-3.40774
-3.26058
-3.10659
-2.94859
-2.78803
-2.62722
-2.47061
-2.32453
-2.19534
-2.087
-1.99986
-1.93062
-1.87389
-1.8245
-1.77994
-1.74144
-1.71328
-1.70034
-1.70521
-1.72634
-1.75757
-1.78925
-1.81046
-1.8117
-1.78702
-1.73516
-1.6591
-1.56449
-1.45727
-1.34168
-1.21988
-1.09298
-0.962757
-0.832762
-0.708039
-0.59348
-0.491838
-0.402601
-0.322074
-0.244726
-0.165246
-0.0806704
0.00859039
0.0992674
0.187224
0.26975
0.34692
0.421689
0.498665
0.582131
0.673976
0.772711
0.874018
0.972776
1.0654
1.15122
1.23264
1.31386
1.39882
1.48896
1.58203
1.67239
1.75268
1.81592
1.85669
1.87153
-1.95408
-1.91263
-1.86988
-1.85011
-1.87953
-1.97949
-2.15941
-2.41396
-2.72323
-3.05725
-3.38245
-3.67044
-3.9038
-4.07921
-4.20583
-4.30027
-4.37764
-4.44387
-4.49414
-4.51613
-4.49706
-4.4292
-4.31351
-4.15939
-3.98157
-3.79378
-3.60343
-3.41129
-3.21482
-3.01403
-2.81484
-2.62885
-2.46852
-2.34145
-2.24777
-2.18006
-2.1266
-2.07597
-2.0228
-1.97024
-1.92887
-1.91097
-1.92397
-1.9671
-2.03044
-2.09733
-2.14842
-2.16726
-2.1442
-2.07846
-1.97721
-1.85254
-1.71586
-1.57341
-1.42587
-1.27116
-1.10932
-0.945237
-0.788476
-0.649092
-0.532767
-0.438584
-0.359013
-0.282744
-0.198726
-0.101134
0.00839308
0.121659
0.228727
0.32328
0.405176
0.480662
0.559653
0.651767
0.761401
0.885518
1.01458
1.1374
1.24655
1.34103
1.42655
1.51284
1.60961
1.72133
1.84477
1.96948
2.08217
2.17142
2.22934
2.25154
-2.25849
-2.15162
-2.0314
-1.93591
-1.91243
-2.00237
-2.22401
-2.5701
-3.00616
-3.48044
-3.93261
-4.31465
-4.59862
-4.78435
-4.89489
-4.97
-5.04479
-5.13059
-5.21506
-5.26851
-5.26295
-5.18084
-5.02352
-4.80915
-4.56865
-4.32954
-4.1017
-3.87906
-3.64662
-3.39733
-3.13882
-2.89495
-2.6925
-2.54649
-2.45693
-2.40762
-2.37384
-2.32972
-2.26335
-2.18148
-2.10923
-2.07561
-2.09787
-2.17727
-2.29667
-2.42668
-2.53127
-2.58163
-2.56131
-2.47135
-2.32752
-2.1563
-1.98121
-1.81091
-1.64063
-1.45808
-1.25756
-1.04563
-0.842364
-0.669982
-0.540307
-0.45203
-0.389712
-0.33045
-0.250296
-0.137345
0.00422769
0.154371
0.289621
0.396378
0.473987
0.535888
0.603021
0.697427
0.829192
0.992393
1.1653
1.32283
1.44993
1.54481
1.62037
1.69774
1.79982
1.93777
2.10658
2.28472
2.44623
2.57279
2.65412
2.68654
-2.62445
-2.40954
-2.15703
-1.91767
-1.78163
-1.83514
-2.10887
-2.59605
-3.23337
-3.93477
-4.58303
-5.09933
-5.43414
-5.59692
-5.63411
-5.63928
-5.69513
-5.81825
-5.97959
-6.10483
-6.13799
-6.03969
-5.81455
-5.49536
-5.15249
-4.84782
-4.59118
-4.3596
-4.10136
-3.79252
-3.44032
-3.09997
-2.83376
-2.66877
-2.6066
-2.61129
-2.63443
-2.61393
-2.52465
-2.37727
-2.23234
-2.15813
-2.18782
-2.32814
-2.54593
-2.79089
-2.99048
-3.09605
-3.07694
-2.94004
-2.7155
-2.46387
-2.23789
-2.04658
-1.87127
-1.66911
-1.42045
-1.13178
-0.85001
-0.627612
-0.486485
-0.426358
-0.414286
-0.406525
-0.347392
-0.213084
-0.0106098
0.210174
0.393165
0.513037
0.566978
0.585115
0.608633
0.690783
0.853181
1.08673
1.33955
1.55345
1.70101
1.77768
1.81283
1.84827
1.93955
2.1109
2.35605
2.62497
2.86157
3.04019
3.15018
3.19735
-3.1126
-2.72142
-2.26364
-1.7507
-1.37802
-1.35096
-1.68652
-2.40594
-3.36845
-4.46579
-5.42367
-6.14555
-6.51766
-6.5906
-6.41973
-6.23588
-6.24895
-6.45118
-6.79644
-7.07411
-7.2027
-7.08159
-6.74144
-6.21612
-5.68181
-5.29738
-5.04507
-4.87902
-4.62943
-4.25066
-3.72527
-3.19879
-2.82983
-2.64354
-2.66058
-2.78897
-2.95845
-2.99783
-2.87023
-2.57019
-2.25429
-2.09174
-2.11913
-2.36814
-2.75676
-3.22114
-3.58581
-3.79074
-3.76293
-3.53569
-3.14324
-2.73524
-2.4454
-2.25997
-2.14134
-1.94781
-1.6417
-1.20871
-0.772895
-0.468937
-0.316745
-0.332207
-0.433361
-0.557271
-0.553417
-0.387643
-0.0524493
0.319776
0.586996
0.724035
0.710928
0.626016
0.529259
0.568058
0.774214
1.15285
1.56939
1.87917
2.05374
2.06991
2.00446
1.91799
1.96362
2.17742
2.57098
3.01144
3.3601
3.6061
3.73634
3.81149
-3.83649
-3.12932
-2.44995
-1.38222
-0.477441
-0.345615
-0.712585
-1.86701
-3.31071
-5.19909
-6.60569
-7.69708
-8.03379
-7.93723
-7.22608
-6.55103
-6.53261
-6.88047
-7.71302
-8.26055
-8.62954
-8.4416
-7.93778
-6.95273
-5.99831
-5.55979
-5.37791
-5.52197
-5.34681
-4.92332
-4.01527
-3.07432
-2.56651
-2.32921
-2.558
-2.91131
-3.47372
-3.62617
-3.4682
-2.7901
-2.05961
-1.75614
-1.73566
-2.21148
-2.86293
-3.79945
-4.4157
-4.82513
-4.74071
-4.37386
-3.59804
-2.84116
-2.50723
-2.38185
-2.52396
-2.39333
-2.05033
-1.29438
-0.510547
-0.0963361
0.0898302
-0.119221
-0.424186
-0.896476
-0.997025
-0.810537
-0.15191
0.57636
0.964146
1.14718
0.954269
0.680049
0.250838
0.200598
0.443214
1.16087
1.94955
2.39629
2.63134
2.47654
2.22333
1.79455
1.74266
1.98235
2.71576
3.52755
4.00406
4.33639
4.39959
4.56893
-5.03951
-3.49755
-3.19576
-0.77889
1.5366
1.37848
1.39574
-0.91112
-2.61224
-6.62576
-8.24122
-10.3349
-10.1733
-10.1683
-7.97984
-5.92001
-6.28818
-6.61123
-9.03944
-9.7035
-10.8577
-10.2558
-9.82631
-7.64447
-5.57108
-5.45181
-5.24061
-6.6238
-6.42098
-6.29287
-4.35175
-2.32517
-1.9127
-1.34277
-2.27519
-2.73163
-4.5784
-4.70055
-4.81414
-3.08441
-1.24897
-1.01194
-0.636473
-1.80087
-2.55752
-4.83789
-5.54233
-6.56954
-6.12408
-5.79982
-4.02445
-2.33687
-2.26761
-2.11742
-3.29816
-3.1435
-3.05247
-1.41907
0.285184
0.605777
1.06666
0.233037
-0.172899
-1.76982
-1.8528
-1.91218
-0.350563
1.3243
1.63719
2.11278
1.31579
0.95838
-0.5722
-0.587489
-0.570812
1.06757
2.82301
3.21912
3.7713
3.02582
2.69596
1.12932
1.10272
1.07716
2.74842
4.52717
4.8563
5.45498
4.91075
5.57234
-7.5937
-2.07973
-6.98718
-0.0294492
7.11289
2.85041
6.85126
-0.827072
1.41657
-11.5053
-9.18764
-16.2198
-12.0869
-15.5432
-8.54775
-1.79209
-6.1081
-3.3099
-12.9057
-10.44
-15.614
-11.8211
-14.2375
-8.1793
-2.32911
-5.47543
-2.80652
-10.0087
-7.38672
-10.2723
-4.81037
0.749202
-1.48472
1.80801
-2.67685
-0.5489
-8.1656
-5.78627
-8.8135
-3.52991
1.86438
-0.466023
2.68119
-1.97637
-0.0568699
-8.14461
-6.20308
-10.4335
-7.33184
-9.31425
-4.32333
0.49894
-2.14341
0.0647043
-5.99418
-3.8009
-6.27448
-1.64464
3.07452
1.10701
3.90871
-0.0294278
1.79454
-4.82207
-2.74144
-5.34689
-0.71118
4.03457
2.07704
4.91193
1.04543
2.92714
-3.57614
-1.42056
-3.919
0.806707
5.6549
3.8182
6.7808
2.97755
4.95048
-1.75261
0.462172
-2.27054
2.62712
7.61504
5.32114
8.22008
3.68635
7.38218
-17.0583
14.3452
-27.8641
0.454202
29.1121
-7.57706
29.1246
-15.0309
27.2835
-38.33
3.3293
-38.183
-3.07245
-35.9691
-8.771
18.2785
-16.1732
17.8381
-34.1411
-0.175913
-33.2837
-4.44569
-30.8532
-8.41544
13.8669
-13.874
13.841
-27.5415
-0.42255
-26.2734
-5.41069
15.0451
-9.01628
16.1574
-12.6022
15.6649
-26.1484
0.912155
-24.7818
-4.13619
16.0999
-7.80933
17.2363
-11.6243
16.8527
-25.895
2.02224
-24.8573
-1.22013
-22.8719
-4.38097
14.0822
-9.00549
14.1497
-20.5749
2.26033
-19.727
-2.00044
15.491
-5.26105
16.4545
-8.59092
15.9148
-20.3999
3.11631
-19.2103
-1.23173
16.3961
-4.3856
17.3596
-7.50371
16.9688
-19.0501
4.44686
-17.6711
0.368287
18.1119
-2.49481
19.532
-5.38946
19.6974
-17.4772
6.94506
-16.6068
2.37499
21.1879
-1.69242
21.6874
-9.38939
14.2731
28819.8
28785.3
28750.4
28715.4
28680.1
28644.5
28608.8
28572.9
28536.8
28500.6
28464.3
28427.9
28391.4
28354.9
28318.3
0.385763
0.376521
0.361863
0.342414
0.318991
0.292482
0.263746
0.233546
0.202502
0.171082
0.139602
0.10825
0.0771042
0.0461632
0.0153695
0.649169
0.63343
0.60833
0.575035
0.535028
0.4899
0.441168
0.390148
0.337895
0.285181
0.232514
0.180179
0.128278
0.07678
0.0255599
0.922585
0.899707
0.863001
0.814369
0.756184
0.690922
0.620878
0.547988
0.473756
0.399239
0.325102
0.251679
0.179054
0.107121
0.0356527
1.2108
1.17972
1.12951
1.06317
0.98434
0.896657
0.803376
0.70713
0.60987
0.512899
0.416963
0.322379
0.229137
0.137001
0.0455837
1.51991
1.47884
1.41212
1.32445
1.22131
1.10794
0.988797
0.867256
0.745675
0.625502
0.507458
0.391726
0.278109
0.166159
0.0552658
1.85766
1.80367
1.71569
1.60121
1.46848
1.32497
1.17656
1.02738
0.880042
0.735955
0.595625
0.458946
0.325408
0.194256
0.0645851
2.23446
2.16269
2.04592
1.89633
1.72648
1.54687
1.36501
1.18559
1.01112
0.842623
0.680123
0.52301
0.370314
0.220868
0.0734016
2.66487
2.5671
2.40931
2.21201
1.99447
1.77115
1.55103
1.33877
1.13615
0.943253
0.759206
0.582639
0.411959
0.245493
0.0815517
3.16999
3.03204
2.81268
2.54837
2.26872
1.99257
1.72935
1.48232
1.25141
1.03499
0.830771
0.636355
0.449375
0.267586
0.0888586
3.78297
3.57821
3.2609
2.90011
2.53987
2.20152
1.89175
1.60986
1.35221
1.11448
0.892503
0.682607
0.481578
0.286604
0.0951499
4.56799
4.23563
3.75152
3.25023
2.78887
2.38207
2.02651
1.71327
1.43313
1.17819
0.942132
0.719965
0.507711
0.302091
0.100282
5.68495
5.04534
4.25984
3.55963
2.9828
2.51136
2.11905
1.78369
1.4889
1.22303
0.977851
0.747393
0.527196
0.31376
0.10417
7.56515
6.00098
4.68416
3.7458
3.0712
2.56154
2.15472
1.81361
1.51575
1.24718
0.998829
0.764542
0.539908
0.321575
0.106807
11.2084
6.7084
4.72973
3.66808
2.99464
2.50902
2.12482
1.80032
1.51333
1.25109
1.00572
0.772015
0.546306
0.325818
0.108287
-0.076219
-0.230414
-0.389982
-0.558865
-0.741613
-0.943778
-1.17253
-1.43773
-1.75385
-2.14396
-2.64863
-3.3484
-4.42801
-6.38537
-10.7869
-0.0703359
-0.212486
-0.359136
-0.513506
-0.679171
-0.860249
-1.06163
-1.28925
-1.55033
-1.85327
-2.20552
-2.60268
-2.97851
-2.97625
-0.861296
-0.0634266
-0.191435
-0.322931
-0.460306
-0.60603
-0.76262
-0.932484
-1.11747
-1.31767
-1.52829
-1.73126
-1.87189
-1.79142
-1.03397
1.66452
-0.0557143
-0.167961
-0.282643
-0.40131
-0.525347
-0.655771
-0.792818
-0.935077
-1.07769
-1.20855
-1.30042
-1.29487
-1.07409
-0.439947
0.704332
-0.0474329
-0.142793
-0.239587
-0.338588
-0.440231
-0.544321
-0.649514
-0.752384
-0.845755
-0.915787
-0.937299
-0.867593
-0.643382
-0.20035
0.436256
-0.0388083
-0.11663
-0.194998
-0.274031
-0.353419
-0.432109
-0.507817
-0.576251
-0.629935
-0.656591
-0.637516
-0.547864
-0.364426
-0.0952126
0.135392
-0.0300411
-0.0900864
-0.149945
-0.209226
-0.267091
-0.32197
-0.37117
-0.41034
-0.432816
-0.429026
-0.386668
-0.293365
-0.144947
0.0367588
0.18273
-0.0212984
-0.063669
-0.105288
-0.145398
-0.182829
-0.215769
-0.241486
-0.256015
-0.253893
-0.228149
-0.171114
-0.0771421
0.0514711
0.193591
0.287579
-0.012711
-0.0377689
-0.0616698
-0.0834197
-0.101674
-0.114572
-0.11956
-0.113246
-0.0913537
-0.0489363
0.0188565
0.115064
0.238561
0.383896
0.559468
-0.00437413
-0.012666
-0.019536
-0.0238559
-0.0242232
-0.0188496
-0.00546679
0.0187156
0.0569471
0.112697
0.189146
0.288365
0.410534
0.553255
0.705004
0.00364869
0.011457
0.0208383
0.0329775
0.0492593
0.0713332
0.10115
0.140939
0.193098
0.259987
0.343666
0.445782
0.568281
0.716401
0.909779
0.0113198
0.0344958
0.05931
0.0869504
0.118739
0.156163
0.200868
0.254594
0.319039
0.395646
0.485425
0.589097
0.708278
0.848178
1.01498
0.0186216
0.0564058
0.0958327
0.13806
0.184328
0.235963
0.294349
0.360834
0.436558
0.522185
0.617578
0.721702
0.833927
0.961339
1.14825
0.0255507
0.0771841
0.130425
0.186384
0.246213
0.311103
0.382236
0.460686
0.547227
0.641969
0.743712
0.848748
0.949067
1.03325
1.12256
0.0321136
0.0968552
0.163146
0.23204
0.30461
0.381938
0.465074
0.554953
0.652228
0.756922
0.867602
0.979138
1.07546
1.10166
0.834416
0.0383225
0.11546
0.194075
0.275165
0.359731
0.448772
0.543264
0.644118
0.75211
0.867748
0.990943
1.12017
1.25058
1.37391
1.51964
0.0441931
0.133047
0.223303
0.315899
0.411772
0.511855
0.617075
0.728363
0.846716
0.973357
1.11015
1.26045
1.43067
1.6307
1.8528
0.0497424
0.149669
0.250922
0.354381
0.460921
0.571408
0.686711
0.807743
0.935602
1.07195
1.22002
1.387
1.59012
1.87224
2.34965
0.0549881
0.165382
0.277027
0.390748
0.50736
0.627654
0.752411
0.882424
1.01863
1.16245
1.3168
1.48853
1.6948
1.97827
2.44187
0.0599472
0.180237
0.301707
0.425135
0.551274
0.680842
0.814503
0.95285
1.09641
1.24569
1.40156
1.56616
1.74593
1.95929
2.24794
0.0646358
0.194282
0.325048
0.457666
0.592841
0.731228
0.873387
1.01971
1.17024
1.32441
1.48032
1.63336
1.7738
1.88814
2.01846
0.069068
0.207561
0.347122
0.48845
0.632215
0.779038
0.92943
1.08368
1.2416
1.40197
1.56114
1.70941
1.81984
1.806
1.32478
0.0732563
0.220111
0.36799
0.517569
0.669504
0.824415
0.982842
1.14515
1.3113
1.4804
1.64959
1.81185
1.95224
2.04853
2.13692
0.077211
0.231962
0.3877
0.545083
0.704765
0.867398
1.03361
1.20399
1.37901
1.55881
1.74293
1.9296
2.11533
2.29668
2.47537
0.0809415
0.243141
0.40629
0.571031
0.738019
0.907941
1.08154
1.25968
1.44342
1.63428
1.83455
2.04811
2.28156
2.54677
2.87291
0.084457
0.253673
0.423797
0.59545
0.769277
0.945981
1.12638
1.31152
1.50295
1.70324
1.91703
2.15291
2.42584
2.75467
3.11993
0.0877675
0.263588
0.440267
0.618393
0.798581
0.981508
1.16797
1.35905
1.55639
1.76289
1.98423
2.2321
2.53141
2.93741
3.5867
0.0908848
0.27292
0.455757
0.639938
0.826028
1.01463
1.20643
1.4023
1.60351
1.8123
2.03309
2.27569
2.56298
2.95135
3.58872
0.093822
0.281711
0.470338
0.660194
0.851777
1.04558
1.24211
1.44188
1.64543
1.85341
2.06691
2.28838
2.52444
2.79253
3.12053
0.0965936
0.290006
0.48409
0.679288
0.876028
1.0747
1.27561
1.47891
1.68432
1.89075
2.09529
2.29109
2.46375
2.59223
2.72715
0.0992144
0.297848
0.497094
0.697349
0.898985
1.10232
1.30753
1.51452
1.72255
1.92946
2.12981
2.31002
2.4338
2.38761
1.7281
0.101698
0.305281
0.509424
0.714489
0.920814
1.12868
1.33827
1.54946
1.76161
1.97279
2.17841
2.3683
2.52193
2.60903
2.67126
0.104057
0.312341
0.521141
0.730792
0.94162
1.15392
1.36795
1.58382
1.80139
2.02002
2.238
2.45191
2.65635
2.84788
3.03967
0.106301
0.319061
0.532293
0.746316
0.961451
1.17803
1.39642
1.61705
1.84051
2.06775
2.30052
2.54226
2.79983
3.08669
3.435
0.108442
0.325468
0.542925
0.761108
0.98033
1.20094
1.4234
1.64838
1.87705
2.11169
2.35687
2.62176
2.92308
3.28296
3.68335
0.110488
0.331592
0.553081
0.775219
0.998293
1.22264
1.4487
1.67722
1.90952
2.14836
2.39962
2.67609
3.00579
3.45127
4.16583
0.112452
0.337466
0.562813
0.788721
1.01543
1.2432
1.47238
1.70349
1.93752
2.17648
2.42496
2.69362
3.00819
3.43288
4.13908
0.114344
0.343125
0.572186
0.80171
1.03187
1.26284
1.49477
1.72781
1.96214
2.19806
2.43638
2.67944
2.93423
3.21916
3.56011
0.116176
0.348606
0.581266
0.814296
1.04781
1.28188
1.51646
1.75131
1.98571
2.21804
2.4446
2.65728
2.83942
2.9667
3.09522
0.11796
0.353945
0.590118
0.826587
1.06342
1.30063
1.53804
1.77517
2.01079
2.24209
2.46255
2.6565
2.78278
2.71353
1.95123
0.119705
0.35917
0.598793
0.838663
1.07884
1.3193
1.55989
1.80014
2.03893
2.27374
2.49899
2.70289
2.86197
2.9418
2.98795
0.121418
0.364302
0.607325
0.850572
1.0941
1.33794
1.58204
1.8262
2.06991
2.31206
2.55036
2.78057
2.99629
3.19362
3.38883
0.123104
0.369354
0.615733
0.862325
1.10921
1.35648
1.60423
1.85263
2.10202
2.3531
2.60744
2.86849
3.14348
3.44704
3.81415
0.124765
0.374335
0.624023
0.873915
1.12411
1.37474
1.62603
1.87846
2.13302
2.39193
2.65994
2.94687
3.27095
3.65649
4.08361
0.126405
0.379249
0.632202
0.88534
1.13876
1.3926
1.64712
1.90287
2.16108
2.42451
2.69938
2.99959
3.35586
3.83724
4.61316
0.128025
0.384107
0.640282
0.896613
1.15317
1.41005
1.66742
1.92565
2.18558
2.44921
2.72134
3.01354
3.35401
3.81363
4.58201
0.12963
0.388917
0.648283
0.907771
1.16742
1.42723
1.68721
1.94732
2.20757
2.46807
2.72947
2.99413
3.26951
3.57579
3.94164
0.131222
0.39369
0.656228
0.918865
1.1816
1.44436
1.70696
1.96897
2.22944
2.48637
2.73544
2.96745
3.16364
3.29674
3.42829
0.132802
0.398432
0.664134
0.929934
1.19581
1.46166
1.7272
1.99175
2.25384
2.51018
2.75336
2.96582
3.10165
3.01892
2.16627
0.13437
0.403141
0.672002
0.94099
1.2101
1.47926
1.74819
2.01632
2.28228
2.54318
2.79271
3.01758
3.1915
3.27592
3.3209
0.135921
0.407806
0.67981
0.952002
1.22442
1.49706
1.76982
2.04245
2.31431
2.58413
2.84927
3.10488
3.3436
3.56047
3.77133
0.13745
0.412404
0.687519
0.962898
1.23864
1.51484
1.79163
2.06917
2.34783
2.62837
2.91253
3.20408
3.51097
3.84932
4.25838
0.138946
0.416907
0.695073
0.973584
1.25259
1.53229
1.81297
2.09519
2.3801
2.67017
2.97073
3.29276
3.65661
4.08924
4.56707
0.140401
0.421285
0.702416
0.983966
1.26612
1.54912
1.83332
2.11942
2.40884
2.70473
3.01411
3.35256
3.7546
4.29792
5.17391
0.141804
0.425508
0.709499
0.993969
1.27912
1.56517
1.85242
2.1414
2.43315
2.73
3.0374
3.36835
3.75458
4.27576
5.14462
0.143146
0.429548
0.716277
1.00354
1.29154
1.58044
1.8704
2.16154
2.45399
2.74801
3.04443
3.34593
3.66094
4.01234
4.43355
0.144417
0.433378
0.722711
1.01265
1.30338
1.59504
1.88762
2.18083
2.47379
2.76442
3.04802
3.31429
3.5421
3.7006
3.85885
0.145607
0.436966
0.728755
1.02124
1.31464
1.60907
1.90448
2.20034
2.49526
2.78577
3.06374
3.30953
3.47144
3.38921
2.43971
0.146701
0.440271
0.734343
1.02923
1.32522
1.62249
1.92107
2.22059
2.51985
2.81588
3.10189
3.3632
3.57038
3.68021
3.74977
0.147682
0.443243
0.73939
1.03651
1.33496
1.63507
1.93709
2.24107
2.54673
2.85299
3.1573
3.4546
3.73699
3.99934
4.25957
0.148533
0.445824
0.743791
1.04289
1.34359
1.64638
1.9518
2.26047
2.57325
2.89149
3.21765
3.55651
3.91763
4.32007
4.80962
0.149232
0.44795
0.747432
1.0482
1.35083
1.65593
1.96431
2.27707
2.59603
2.92455
3.26924
3.64308
4.06969
4.58046
5.15129
0.149761
0.449562
0.750202
1.05227
1.35638
1.66327
1.97385
2.28942
2.61222
2.94644
3.30067
3.69315
4.16339
4.79928
5.81555
0.150102
0.450604
0.752009
1.05494
1.36006
1.66811
1.97997
2.29683
2.62054
2.95449
3.30561
3.68938
4.14215
4.75411
5.76624
0.150239
0.451034
0.75278
1.05613
1.36175
1.67036
1.98268
2.29953
2.6218
2.95066
3.28799
3.63783
4.01044
4.4312
4.93196
0.150163
0.450817
0.752463
1.05577
1.36142
1.67007
1.98231
2.29852
2.61853
2.94099
3.26175
3.57061
3.84536
4.05287
4.26995
0.149861
0.449925
0.751015
1.05382
1.35905
1.66735
1.97924
2.29491
2.61362
2.93255
3.24387
3.52723
3.72704
3.66802
2.66376
0.149328
0.448334
0.748396
1.05023
1.35458
1.66217
1.97361
2.28924
2.6086
2.92944
3.24548
3.54201
3.78849
3.93971
4.05989
0.148556
0.446023
0.744564
1.04493
1.34792
1.65436
1.96514
2.28103
2.60259
2.92968
3.26072
3.59168
3.91617
4.23308
4.57486
0.147542
0.442977
0.739486
1.03784
1.33888
1.6436
1.95315
2.26894
2.59279
2.92722
3.27607
3.64597
4.04917
4.50929
5.0778
0.146287
0.439199
0.73315
1.0289
1.32734
1.62954
1.93688
2.2513
2.57569
2.91476
3.27686
3.67725
4.14273
4.71035
5.37007
0.1448
0.434711
0.725582
1.01813
1.31322
1.61194
1.91575
2.2268
2.54842
2.88635
3.25113
3.66341
4.16544
4.84755
5.92096
0.1431
0.429568
0.716866
1.00563
1.29662
1.59084
1.88965
2.19499
2.50988
2.83934
3.19248
3.58737
4.06317
4.71314
5.78906
0.141217
0.42386
0.707151
0.991596
1.27781
1.56661
1.85905
2.15659
2.46125
2.77592
3.10489
3.45525
3.84
4.28305
4.79291
0.139192
0.417711
0.696653
0.976357
1.25725
1.53988
1.82494
2.11328
2.40572
2.7026
3.00252
3.29935
3.57639
3.80665
4.06584
0.137075
0.411277
0.685642
0.960318
1.23551
1.51149
1.78861
2.06717
2.34713
2.62719
2.90237
3.15729
3.34531
3.31025
2.42393
0.134926
0.404738
0.674431
0.943944
1.21325
1.48235
1.75131
2.02011
2.2885
2.5552
2.81632
3.06178
3.26918
3.40508
3.53314
0.132809
0.39829
0.663358
0.927736
1.19115
1.45335
1.71414
1.97339
2.23106
2.48709
2.74121
2.99279
3.24272
3.50544
3.85492
0.13079
0.392137
0.652779
0.912216
1.16992
1.42536
1.67807
1.9278
2.17478
2.42034
2.66789
2.92502
3.20743
3.5456
3.98997
0.128934
0.386481
0.643048
0.897916
1.15029
1.3993
1.64412
1.88413
2.11952
2.35222
2.58796
2.83976
3.13347
3.51207
4.01868
0.127302
0.381513
0.634509
0.885366
1.13301
1.37618
1.61351
1.84371
2.06614
2.28202
2.49689
2.72547
3.00059
3.38971
4.02412
0.125946
0.377395
0.627464
0.875063
1.11885
1.35715
1.58789
1.80872
2.01734
2.21253
2.39635
2.57893
2.78857
3.09707
3.71032
0.124899
0.37424
0.622143
0.867419
1.10852
1.34337
1.56917
1.78221
1.97789
2.15095
2.2967
2.41364
2.50795
2.59285
2.62673
0.124171
0.372089
0.618652
0.862682
1.10255
1.3359
1.55931
1.76778
1.95415
2.10836
2.21708
2.26414
2.23388
2.12412
2.01637
0.123739
0.37088
0.616924
0.860843
1.10111
1.33534
1.55984
1.76872
1.95273
2.09738
2.18031
2.16838
2.01505
1.65404
0.933163
0.123543
0.370436
0.616675
0.861545
1.10385
1.34156
1.57121
1.78693
1.97867
2.12926
2.20945
2.17087
1.94046
1.43389
0.645418
0.123481
0.370448
0.617376
0.864028
1.10979
1.35337
1.59226
1.82178
2.03319
2.21006
2.32109
2.30664
2.05768
1.40955
0.324139
0.123414
0.370486
0.618267
0.867127
1.11724
1.36843
1.61982
1.86922
2.11172
2.3366
2.51991
2.60533
2.45213
1.68888
-0.683109
0.123176
0.370032
0.618408
0.869349
1.12394
1.38334
1.64877
1.92146
2.20249
2.49205
2.78676
3.06978
3.27018
3.08536
1.15433
0.122588
0.368519
0.616764
0.869026
1.1273
1.39406
1.67266
1.96791
2.28738
2.64397
3.06183
3.59168
4.35565
5.69419
8.69498
8.53108
5.3846
4.0255
3.27342
2.76617
2.37503
2.0468
1.75627
1.49004
1.24029
1.00207
0.772036
0.547715
0.327186
0.108827
0.531666
2.63259
2.87743
2.7148
2.4653
2.20332
1.94619
1.69716
1.45595
1.22143
0.99236
0.767583
0.546036
0.326738
0.108767
-1.38227
1.16962
2.01226
2.21649
2.17309
2.02828
1.83997
1.63264
1.41722
1.19878
0.979662
0.760885
0.542792
0.325366
0.108401
-0.181955
0.893605
1.59041
1.89013
1.95133
1.88347
1.74699
1.57375
1.3806
1.17661
0.966725
0.753711
0.539084
0.323673
0.107922
0.0187378
0.880594
1.44429
1.72945
1.81923
1.78635
1.67956
1.52871
1.35153
1.15852
0.955965
0.747655
0.535918
0.322217
0.107509
0.334989
1.07464
1.49162
1.7045
1.77235
1.74058
1.64274
1.50196
1.33344
1.14707
0.949204
0.74398
0.53412
0.32146
0.107309
1.29091
1.49278
1.68071
1.78031
1.79469
1.74069
1.63578
1.49447
1.32777
1.14361
0.947559
0.743531
0.534268
0.321742
0.107436
1.84195
1.92065
1.93118
1.91536
1.86457
1.77619
1.65409
1.50464
1.33425
1.14841
0.951465
0.746724
0.536689
0.323264
0.107956
2.83899
2.39591
2.19999
2.07476
1.96061
1.83513
1.69142
1.52936
1.35148
1.16095
0.960799
0.753606
0.541472
0.326098
0.108896
3.16564
2.69959
2.41977
2.22653
2.06455
1.90675
1.7415
1.5651
1.3775
1.18019
0.975042
0.763934
0.548515
0.330208
0.110249
3.29153
2.87402
2.57947
2.35667
2.16564
1.98356
1.79936
1.60864
1.41031
1.20488
0.993447
0.777271
0.557574
0.335473
0.111976
3.33052
2.96312
2.68939
2.46481
2.26056
2.06186
1.86179
1.65748
1.44808
1.23377
1.01517
0.79307
0.568316
0.341713
0.114024
3.30196
2.98724
2.76522
2.5589
2.35166
2.14113
1.92719
1.70988
1.48931
1.26568
1.03934
0.810733
0.580356
0.348716
0.116322
3.06104
2.94704
2.83022
2.65371
2.44509
2.22279
1.99494
1.76459
1.53268
1.29949
1.06511
0.829649
0.593288
0.356251
0.118797
2.13376
2.90886
2.93671
2.77091
2.54807
2.30833
2.06447
1.8204
1.57699
1.33417
1.09165
0.849212
0.606704
0.364084
0.121373
3.6318
3.38966
3.17774
2.9278
2.66286
2.39676
2.13418
1.87579
1.62093
1.36867
1.11818
0.868845
0.620214
0.371991
0.123976
4.30934
3.84957
3.44522
3.09521
2.7785
2.48279
2.20101
1.92877
1.6631
1.40197
1.14394
0.888012
0.633458
0.379763
0.126538
5.25853
4.27108
3.67504
3.23959
2.87964
2.55917
2.26126
1.97722
1.70217
1.43316
1.16829
0.906249
0.646123
0.387221
0.129001
5.40362
4.42088
3.7934
3.33165
2.95342
2.61992
2.31191
2.01946
1.73708
1.46152
1.19069
0.923185
0.657956
0.394216
0.131315
4.94286
4.32408
3.79675
3.36581
2.99623
2.663
2.35181
2.05477
1.76731
1.48663
1.21084
0.938565
0.668777
0.400639
0.133444
4.69692
4.16387
3.73326
3.35745
3.01388
2.69082
2.38194
2.08346
1.79288
1.5084
1.22857
0.952249
0.678473
0.406421
0.135365
4.26469
3.93263
3.63181
3.32682
3.01733
2.70884
2.40488
2.1067
1.81429
1.52698
1.24391
0.964197
0.686994
0.411522
0.137063
3.79933
3.67979
3.53333
3.29945
3.02015
2.72376
2.42383
2.12601
1.83219
1.54265
1.25696
0.974435
0.694335
0.415933
0.138534
2.50689
3.44576
3.49565
3.30374
3.03491
2.74118
2.44138
2.14257
1.84719
1.55571
1.26786
0.98302
0.700519
0.419662
0.13978
4.04431
3.82919
3.62594
3.36159
3.06704
2.76286
2.45827
2.15682
1.85952
1.56631
1.2767
0.990018
0.705584
0.422729
0.140807
4.68491
4.20449
3.79873
3.44054
3.10596
2.78488
2.47303
2.16823
1.86907
1.57448
1.28355
0.995489
0.709579
0.425162
0.141624
5.50268
4.52806
3.93858
3.50323
3.13558
2.80055
2.48295
2.17577
1.8755
1.58015
1.28845
0.999502
0.712561
0.426999
0.142244
5.56147
4.58431
3.9715
3.51904
3.14266
2.80418
2.48569
2.17858
1.87857
1.58333
1.2915
1.00216
0.714612
0.428291
0.142685
4.94473
4.38767
3.89318
3.48215
3.12351
2.79398
2.48057
2.17653
1.87838
1.58421
1.29287
1.0036
0.715838
0.429103
0.142968
4.62583
4.1477
3.75702
3.409
3.08423
2.77265
2.46899
2.17046
1.8755
1.58317
1.29284
1.00404
0.716377
0.429513
0.143119
4.10702
3.84714
3.59135
3.31984
3.03587
2.74587
2.45392
2.16198
1.87086
1.5808
1.2918
1.00372
0.716391
0.429612
0.143167
3.61814
3.54385
3.4367
3.23947
2.99178
2.7205
2.43888
2.15298
1.86554
1.57777
1.29016
1.00292
0.716051
0.429495
0.143142
2.35129
3.26351
3.34471
3.19429
2.96417
2.70238
2.42686
2.14512
1.86052
1.57467
1.28833
1.0019
0.715522
0.429254
0.143074
3.71671
3.56037
3.41365
3.2046
2.95864
2.69384
2.41923
2.13931
1.85645
1.57196
1.28663
1.00087
0.714947
0.42897
0.142989
4.25863
3.85067
3.52597
3.24069
2.96631
2.69218
2.41535
2.1356
1.85356
1.56992
1.28526
1.00001
0.714435
0.428704
0.142907
4.90445
4.08328
3.61101
3.26936
2.9739
2.69247
2.41355
2.13357
1.85185
1.56864
1.28436
0.99941
0.714062
0.428502
0.142843
4.89111
4.07374
3.60546
3.26608
2.97185
2.69109
2.41255
2.1328
1.85125
1.56816
1.28399
0.999128
0.713864
0.428385
0.142805
4.19744
3.8219
3.51053
3.23159
2.96052
2.68822
2.41245
2.13337
1.85178
1.5685
1.28415
0.999168
0.713847
0.428357
0.142792
3.65122
3.52561
3.39321
3.19179
2.95014
2.68783
2.4147
2.13574
1.85357
1.56965
1.2848
0.999488
0.713978
0.428397
0.142799
2.32021
3.23419
3.32391
3.1801
2.9542
2.69499
2.42108
2.14042
1.85665
1.57151
1.28582
0.999991
0.714189
0.428467
0.142814
3.5771
3.51529
3.4169
3.22555
2.98151
2.71243
2.4322
2.14732
1.86076
1.57381
1.287
1.00052
0.714375
0.428508
0.142816
4.06758
3.82194
3.57452
3.30777
3.02631
2.73766
2.4466
2.15547
1.86521
1.57608
1.28802
1.00086
0.714402
0.428444
0.142782
4.60055
4.12996
3.74567
3.40038
3.07622
2.76463
2.4611
2.16308
1.86896
1.57767
1.28846
1.00075
0.714114
0.428194
0.142687
4.92144
4.37822
3.88986
3.4785
3.11752
2.78606
2.47185
2.16805
1.87082
1.5779
1.28791
0.999945
0.713361
0.427677
0.142504
5.52641
4.58855
3.98069
3.52181
3.13843
2.79559
2.47543
2.16853
1.86975
1.57616
1.28602
0.998226
0.712013
0.426825
0.142213
5.50286
4.56988
3.96821
3.51287
3.13132
2.78944
2.46987
2.16345
1.86514
1.57209
1.28256
0.995454
0.709987
0.42559
0.141798
4.81469
4.32132
3.85425
3.45287
3.09676
2.76787
2.45526
2.1528
1.85696
1.56564
1.27749
0.991584
0.70725
0.423955
0.141254
4.4749
4.05464
3.69482
3.36158
3.04342
2.73505
2.43368
2.13763
1.84573
1.55706
1.27091
0.98667
0.703822
0.421925
0.140581
3.96074
3.74614
3.51708
3.25997
2.98338
2.69743
2.40847
2.11965
1.83231
1.54681
1.26307
0.980832
0.699766
0.419531
0.139789
3.48877
3.44781
3.35895
3.17206
2.92993
2.66198
2.38321
2.10073
1.8177
1.5354
1.25425
0.974226
0.695165
0.416813
0.138889
2.28287
3.18289
3.26902
3.12267
2.89453
2.63409
2.3606
2.08226
1.80265
1.52327
1.24469
0.966998
0.690105
0.413814
0.137896
3.62269
3.48331
3.34061
3.13025
2.88166
2.61532
2.34142
2.06475
1.78751
1.51066
1.23457
0.959263
0.684656
0.410576
0.136822
4.17279
3.78618
3.4593
3.16453
2.88122
2.60188
2.32423
2.04769
1.77216
1.49761
1.22395
0.951089
0.678873
0.407131
0.135678
4.86888
4.04772
3.55578
3.19101
2.87815
2.58734
2.30633
2.03001
1.75622
1.48398
1.21284
0.94251
0.672791
0.403502
0.134472
4.91068
4.08077
3.56409
3.18161
2.85987
2.56605
2.28523
2.01065
1.73926
1.46967
1.20122
0.933551
0.66644
0.399713
0.133212
4.36232
3.89644
3.47933
3.13019
2.82232
2.53582
2.25986
1.98914
1.72112
1.45464
1.18911
0.924248
0.659853
0.395783
0.131906
4.08113
3.6784
3.3475
3.05026
2.77002
2.49832
2.23093
1.96581
1.70199
1.439
1.1766
0.914659
0.65307
0.391737
0.130561
3.6327
3.4106
3.19242
2.95865
2.71187
2.45789
2.20049
1.94166
1.68235
1.42301
1.16383
0.904867
0.646138
0.3876
0.129186
3.20297
3.1402
3.0483
2.87621
2.65883
2.41988
2.17109
1.9179
1.66281
1.40698
1.15095
0.894957
0.639103
0.383393
0.127785
2.08445
2.89018
2.95995
2.82538
2.62087
2.38877
2.14481
1.89553
1.64385
1.39114
1.13809
0.884992
0.631997
0.379132
0.126365
3.30155
3.15133
3.01361
2.82324
2.60216
2.36595
2.12228
1.87489
1.62566
1.37562
1.1253
0.874998
0.624829
0.374819
0.124925
3.78211
3.40393
3.10391
2.84258
2.59406
2.34836
2.1024
1.85558
1.60811
1.36034
1.11256
0.864949
0.617579
0.37044
0.123461
4.35189
3.60237
3.16743
2.85316
2.58408
2.33103
2.08317
1.83678
1.59082
1.34512
1.09975
0.85477
0.610196
0.365965
0.121962
4.33406
3.58246
3.14727
2.83247
2.56307
2.31016
2.06297
1.81776
1.57342
1.32974
1.08671
0.844348
0.602601
0.361348
0.120412
3.70532
3.34294
3.04362
2.78038
2.53068
2.28537
2.04144
1.79818
1.55563
1.31395
1.07326
0.833536
0.594689
0.356524
0.118792
3.20982
3.05974
2.91503
2.71902
2.49533
2.25968
2.0195
1.77818
1.5373
1.29754
1.05917
0.822153
0.586328
0.351415
0.117073
2.01194
2.77294
2.82215
2.677
2.46836
2.23719
1.99839
1.75793
1.51823
1.28023
1.04418
0.80998
0.577358
0.345924
0.115225
3.08
2.98053
2.86432
2.67918
2.45712
2.22003
1.9785
1.73721
1.49804
1.26161
1.02794
0.796746
0.567587
0.339936
0.113208
3.47116
3.19985
2.95445
2.70712
2.45641
2.20599
1.95849
1.71506
1.476
1.24114
1.01003
0.782131
0.556793
0.33332
0.11098
3.84803
3.40127
3.04599
2.73754
2.45557
2.18999
1.93568
1.68993
1.45111
1.21809
0.989937
0.765769
0.544726
0.325931
0.108492
4.05293
3.53928
3.10511
2.74967
2.44343
2.16621
1.90698
1.66003
1.42224
1.19172
0.967112
0.747268
0.531119
0.317612
0.105694
4.41691
3.62222
3.10963
2.72776
2.41123
2.12998
1.86981
1.62382
1.38837
1.16129
0.941017
0.726232
0.515699
0.308202
0.102531
4.30205
3.50934
3.02347
2.66057
2.3546
2.07915
1.82284
1.58033
1.34873
1.12617
0.911149
0.702273
0.498189
0.297538
0.0989496
3.54744
3.18347
2.85202
2.55394
2.27683
2.01508
1.76634
1.5293
1.30286
1.08587
0.877047
0.675014
0.478316
0.285451
0.0948936
3.01223
2.83512
2.65747
2.43285
2.18846
1.94202
1.70175
1.47095
1.25048
1.03993
0.838265
0.644078
0.4558
0.271774
0.0903066
1.82334
2.48723
2.4956
2.32557
2.10159
1.8647
1.63062
1.40548
1.19124
0.987872
0.794321
0.609065
0.43035
0.25633
0.0851302
2.70586
2.59462
2.4577
2.25584
2.02372
1.78548
1.55331
1.33247
1.12451
0.929027
0.744648
0.569534
0.401658
0.23894
0.0793049
3.00152
2.71991
2.46494
2.20719
1.95018
1.70206
1.46816
1.25056
1.04915
0.862507
0.688572
0.525001
0.369401
0.21942
0.0727715
3.23927
2.82678
2.47417
2.1581
1.8705
1.60882
1.37172
1.15744
0.963559
0.787197
0.625325
0.474956
0.333261
0.197595
0.0654747
3.37757
2.89211
2.45808
2.08932
1.77287
1.49854
1.25947
1.0502
0.865835
0.701855
0.554116
0.418909
0.29295
0.173318
0.0573694
3.65916
2.92178
2.3967
1.98429
1.64602
1.36381
1.12654
0.925679
0.753987
0.605261
0.474227
0.35646
0.24826
0.146493
0.0484282
3.58097
2.80409
2.25715
1.82784
1.4803
1.19789
0.968354
0.780922
0.626217
0.496406
0.385145
0.287384
0.199115
0.117107
0.0386515
3.06185
2.52678
2.03595
1.61465
1.2694
0.995288
0.780941
0.613448
0.481178
0.374691
0.286705
0.211729
0.145634
0.0852592
0.0280777
2.66297
2.21881
1.76654
1.34872
1.00917
0.751243
0.561005
0.421516
0.318242
0.24014
0.179243
0.129918
0.08819
0.0511992
0.0167932
1.76723
1.91653
1.47325
1.02849
0.692343
0.460292
0.305863
0.204435
0.137821
0.0936427
0.0637493
0.0428379
0.0274607
0.0153474
0.00493985
3.22234
2.02579
1.18106
0.632819
0.303339
0.115584
0.0139938
-0.036805
-0.0581857
-0.0627806
-0.0579838
-0.0480852
-0.0355335
-0.0216879
-0.00728044
3.90025
1.89074
0.68306
0.085069
-0.184033
-0.288791
-0.313023
-0.298426
-0.265843
-0.225732
-0.183266
-0.140853
-0.0994264
-0.0591127
-0.0196073
5.30706
1.19881
-0.23817
-0.69141
-0.785634
-0.748969
-0.666873
-0.572467
-0.478706
-0.390319
-0.308514
-0.23294
-0.162547
-0.0959751
-0.0317313
2.04707
-1.34829
-1.84221
-1.71746
-1.4783
-1.24065
-1.02917
-0.845989
-0.68781
-0.550335
-0.429443
-0.321434
-0.223016
-0.131222
-0.0433131
-10.9025
-5.91009
-3.87556
-2.82303
-2.16999
-1.71411
-1.37172
-1.10209
-0.88251
-0.698833
-0.541433
-0.403276
-0.278891
-0.163773
-0.054007
0.121295
0.364874
0.611507
0.863506
1.12367
1.39566
1.68458
1.99814
2.34871
2.75774
3.26556
3.95533
5.0198
6.96884
11.353
0.118963
0.358062
0.600783
0.849883
1.10872
1.38165
1.67473
1.99682
2.36153
2.79069
3.32042
4.01111
4.95921
6.27932
7.85623
0.115454
0.347624
0.583671
0.826515
1.07964
1.34747
1.63587
1.95291
2.31
2.72318
3.21425
3.80921
4.52653
5.33209
6.00648
0.110685
0.333305
0.559751
0.792847
1.03586
1.29272
1.56837
1.86903
2.20248
2.57785
3.00408
3.48491
4.00685
4.51585
4.88249
0.104665
0.315153
0.529169
0.749247
0.978191
1.21919
1.47591
1.75245
2.05314
2.38166
2.73892
3.11874
3.50075
3.84262
4.07726
0.0974823
0.29346
0.492507
0.696754
0.908443
1.12993
1.36364
1.61183
1.87619
2.15691
2.45094
2.7493
3.03376
3.27554
3.43886
0.0892818
0.268688
0.450626
0.63679
0.828859
1.02843
1.23689
1.45514
1.68316
1.91927
2.15901
2.3937
2.60923
2.78666
2.90563
0.0802355
0.241374
0.404502
0.570897
0.741734
0.917995
1.10031
1.28869
1.48218
1.67834
1.87262
2.05769
2.22321
2.3567
2.44591
0.0705194
0.212063
0.355099
0.500539
0.649151
0.801457
0.957585
1.11706
1.27852
1.43941
1.59569
1.74155
1.86956
1.97145
2.03952
0.0602962
0.181254
0.303279
0.426991
0.552847
0.681059
0.811462
0.943362
1.07534
1.20508
1.32922
1.44335
1.5422
1.6202
1.67241
0.049706
0.14937
0.249764
0.351281
0.454167
0.558442
0.663808
0.769532
0.874331
0.976272
1.07273
1.16044
1.2357
1.29477
1.33443
0.038863
0.116754
0.195117
0.274188
0.354079
0.434714
0.51577
0.596595
0.676138
0.752904
0.824949
0.889951
0.945372
0.988728
1.01794
0.0278551
0.0836664
0.139762
0.196272
0.253233
0.310548
0.367939
0.424904
0.480677
0.534201
0.584149
0.628976
0.667036
0.696754
0.716825
0.0167476
0.0502964
0.0839945
0.117904
0.15203
0.186297
0.220521
0.25439
0.28744
0.319045
0.348434
0.374725
0.396992
0.414362
0.426126
-32282.4
-32247.2
-32212.1
-32177
-32142
-32107.1
-32072.3
-32037.7
-32003.2
-31969
-31934.9
-31901.1
-31867.6
-31834.3
-31801.3
14.5908
-8.12882
21.5966
-0.733348
21.126
3.24523
-14.733
7.65559
-15.3387
19.6444
-3.80251
19.4049
-0.960998
17.8901
1.72919
-14.4962
5.30487
-15.291
15.6401
-5.0023
15.282
-0.957482
-17.0449
1.70845
-18.4226
4.20874
-18.9246
15.7583
-6.94969
15.4223
-2.2421
-19.6745
0.819415
-20.9515
3.64216
-21.3603
16.2096
-8.34995
15.8861
-3.28092
-22.2754
0.0613623
-23.9081
3.33633
-24.6594
18.0713
-10.2097
18.2752
-6.3072
16.8665
-2.70834
-22.4471
1.95286
-23.3196
14.9514
-10.5551
14.6465
-5.59976
-25.8048
-2.24078
-27.842
1.10532
-28.6698
16.207
-13.3236
15.8973
-7.38296
-30.6021
-3.23905
-32.7338
1.04111
-33.3597
19.0608
-15.1027
19.2253
-7.6841
-34.5396
-2.13874
-36.3062
3.7525
-35.9848
25.5192
-13.626
26.4098
-3.88836
-33.75
4.46662
-32.2766
17.7674
-18.4637
7.79143
4.2821
8.63968
5.8923
8.11039
3.39447
-1.22893
1.39322
-0.67224
5.65021
3.82092
7.3667
4.6197
6.27768
1.83427
-2.50084
-0.371832
-2.44143
2.88417
0.850767
3.11682
-1.16202
-5.56944
-3.91464
-6.64714
-3.21275
-5.01915
1.27235
-0.718707
1.96162
-2.55937
-7.23998
-5.33375
-8.2094
-4.41185
-6.30601
0.552889
-1.56278
1.36911
-3.51148
-8.56893
-6.44531
-9.53308
-5.20507
-7.1225
0.980629
-0.911114
3.68574
0.580119
2.80295
-2.45517
-7.61343
-4.8784
-7.3253
-0.672658
-3.14252
-0.308783
-5.64326
-11.1614
-9.08258
-12.5499
-8.14633
-10.4619
-2.32436
-4.93399
-1.46531
-7.45758
-13.6708
-11.1077
-14.9502
-9.65334
-12.1461
-2.47151
-5.2915
-1.01051
-7.75162
-14.7272
-11.4023
-15.5534
-8.96173
-11.4863
0.184441
-2.66122
2.71995
-4.5101
-11.9131
-7.44772
-11.4779
-3.7574
-9.18921
5.95996
5.36388
5.91302
5.36688
5.07883
3.40963
1.84078
1.88002
1.91467
3.39335
3.70318
4.38887
3.85609
3.45
1.78219
0.185037
-0.00387102
-0.242179
0.723702
0.511215
0.374762
-1.18285
-2.82499
-3.22153
-3.75352
-3.08911
-2.77631
-1.28846
-1.21621
-1.13096
-2.64853
-4.29218
-4.60276
-5.0785
-4.2716
-3.85796
-2.18232
-2.04593
-1.89968
-3.4892
-5.20506
-5.44938
-5.83863
-4.75484
-4.01701
-1.71913
-0.957868
0.186188
-0.207231
-0.489679
-2.34746
-4.14778
-4.2493
-4.43596
-3.16183
-3.3686
-3.50328
-5.42372
-7.45935
-7.93925
-8.5935
-7.72377
-7.30765
-5.38101
-5.2984
-5.20527
-7.21521
-9.37872
-9.75319
-10.3285
-9.13168
-8.45449
-6.01249
-5.70656
-5.37529
-7.48227
-9.74853
-9.90112
-10.2711
-8.54905
-7.42985
-4.24709
-3.54353
-2.81012
-4.8832
-7.16716
-7.12877
-7.60033
-6.34278
-7.12201
4.9268
4.79765
4.76468
4.47098
4.03736
3.2815
2.59617
2.37476
2.42356
2.82106
3.04566
3.16708
2.91156
2.44073
1.62991
0.844705
0.436873
0.224757
0.261789
0.0639301
-0.319042
-1.08019
-1.87234
-2.3315
-2.58079
-2.45724
-2.22358
-1.80885
-1.73046
-1.91348
-2.55414
-3.26198
-3.63195
-3.79252
-3.56304
-3.22511
-2.69896
-2.54125
-2.66692
-3.28295
-3.95819
-4.24269
-4.26336
-3.80438
-3.15602
-2.20415
-1.55387
-1.09741
-1.15242
-1.51187
-2.32058
-3.12652
-3.49571
-3.64832
-3.51664
-3.69666
-4.12448
-5.03655
-5.99577
-6.54316
-6.82998
-6.64634
-6.32702
-5.78065
-5.67642
-5.91529
-6.75021
-7.66142
-8.10811
-8.25723
-7.86048
-7.30297
-6.47624
-6.15689
-6.22782
-6.98241
-7.81244
-8.08588
-8.00011
-7.26736
-6.34401
-5.10762
-4.46798
-4.298
-4.95182
-5.76476
-6.07493
-6.21243
-5.99486
-6.03615
4.13811
4.09338
3.99223
3.77696
3.46027
3.0522
2.68398
2.4809
2.43082
2.49823
2.53724
2.48855
2.27752
1.92151
1.44124
0.961473
0.596339
0.333476
0.138658
-0.116284
-0.467773
-0.932355
-1.39867
-1.74311
-1.94437
-1.98337
-1.93099
-1.84439
-1.86773
-2.03651
-2.36248
-2.71779
-2.96211
-3.06771
-3.01008
-2.86279
-2.68453
-2.62797
-2.72753
-2.99096
-3.27347
-3.41543
-3.37832
-3.12617
-2.7316
-2.25442
-1.8703
-1.64402
-1.65872
-1.88667
-2.2972
-2.73373
-3.05356
-3.26964
-3.42219
-3.66743
-4.0479
-4.58105
-5.12481
-5.52192
-5.74354
-5.76397
-5.67298
-5.54327
-5.55997
-5.76663
-6.17497
-6.6127
-6.89123
-6.97176
-6.82053
-6.53885
-6.20909
-6.04489
-6.09554
-6.37362
-6.67755
-6.78766
-6.66059
-6.25996
-5.70876
-5.10859
-4.71587
-4.59932
-4.79104
-5.08604
-5.26956
-5.33588
-5.27454
-5.19016
3.49179
3.46857
3.38225
3.22701
3.01273
2.7634
2.53171
2.36441
2.26649
2.21384
2.15254
2.04118
1.84955
1.57842
1.249
0.91022
0.605537
0.341146
0.0989889
-0.160657
-0.456917
-0.785352
-1.10392
-1.36435
-1.54518
-1.64465
-1.69134
-1.72528
-1.79932
-1.93695
-2.13241
-2.33729
-2.49593
-2.58185
-2.59017
-2.549
-2.49883
-2.49387
-2.55613
-2.67548
-2.7951
-2.84997
-2.80685
-2.65692
-2.43001
-2.17451
-1.96325
-1.8474
-1.86169
-2.00224
-2.24004
-2.51258
-2.76438
-2.98595
-3.19775
-3.44689
-3.75482
-4.11355
-4.46824
-4.75652
-4.94989
-5.04506
-5.07763
-5.09796
-5.17277
-5.33026
-5.56005
-5.79578
-5.96193
-6.02238
-5.97071
-5.84619
-5.7057
-5.62559
-5.63773
-5.7295
-5.82356
-5.83268
-5.71663
-5.47089
-5.14549
-4.81223
-4.56737
-4.45794
-4.48261
-4.56874
-4.63359
-4.64347
-4.58765
-4.47946
2.94777
2.93411
2.87101
2.76156
2.61513
2.44863
2.28616
2.14743
2.03634
1.94126
1.83925
1.70869
1.53539
1.31854
1.0695
0.809084
0.555907
0.315969
0.0836643
-0.153158
-0.4006
-0.65345
-0.893787
-1.10116
-1.2641
-1.38293
-1.47109
-1.54944
-1.64038
-1.7552
-1.88982
-2.02446
-2.13556
-2.20886
-2.24264
-2.24931
-2.24918
-2.26408
-2.30366
-2.36075
-2.41113
-2.42674
-2.3903
-2.29966
-2.17068
-2.032
-1.9199
-1.86445
-1.88393
-1.9788
-2.1339
-2.32231
-2.51972
-2.71731
-2.9205
-3.14267
-3.38956
-3.65281
-3.90824
-4.12869
-4.29852
-4.41713
-4.50073
-4.57498
-4.66732
-4.79057
-4.93733
-5.07978
-5.18554
-5.23511
-5.22644
-5.17711
-5.11592
-5.07401
-5.06581
-5.0826
-5.09237
-5.0584
-4.95982
-4.79693
-4.59388
-4.38893
-4.22424
-4.12383
-4.08605
-4.08243
-4.07703
-4.0457
-3.97608
-3.86466
2.47925
2.47154
2.42725
2.35014
2.24725
2.12895
2.00731
1.89159
1.78409
1.67967
1.56806
1.43879
1.28502
1.10611
0.907518
0.698673
0.488385
0.280987
0.0760579
-0.129129
-0.335227
-0.538277
-0.729814
-0.90062
-1.04521
-1.16402
-1.26359
-1.3541
-1.44567
-1.54354
-1.64579
-1.74408
-1.8282
-1.89134
-1.93272
-1.95795
-1.97642
-1.99733
-2.02455
-2.05424
-2.07579
-2.07703
-2.05038
-1.9962
-1.92389
-1.84982
-1.79357
-1.7722
-1.79625
-1.86726
-1.97846
-2.11775
-2.27347
-2.4393
-2.61463
-2.80156
-2.99951
-3.2021
-3.39739
-3.57259
-3.71974
-3.83845
-3.93614
-4.02483
-4.11631
-4.21595
-4.31981
-4.41564
-4.48909
-4.53077
-4.53978
-4.52419
-4.4975
-4.47307
-4.45707
-4.44506
-4.4234
-4.37645
-4.29494
-4.18011
-4.04436
-3.90703
-3.78797
-3.69905
-3.63988
-3.59837
-3.55754
-3.50283
-3.42444
-3.31701
2.06612
2.06228
2.03148
1.97658
1.90234
1.81493
1.72082
1.62481
1.52837
1.42938
1.3233
1.20522
1.07192
0.923096
0.761427
0.591487
0.417872
0.24364
0.0700365
-0.102547
-0.272979
-0.438393
-0.594378
-0.73649
-0.862094
-0.971454
-1.06774
-1.15584
-1.24047
-1.32412
-1.40603
-1.48266
-1.54957
-1.60366
-1.64458
-1.67484
-1.69866
-1.71999
-1.74037
-1.75796
-1.76819
-1.766
-1.74862
-1.71736
-1.67814
-1.64053
-1.61557
-1.61309
-1.63948
-1.69643
-1.78118
-1.88813
-2.01127
-2.14623
-2.2907
-2.44325
-2.60144
-2.76061
-2.91419
-3.05562
-3.18068
-3.28886
-3.38334
-3.4695
-3.55239
-3.63415
-3.71276
-3.78266
-3.83737
-3.87249
-3.88758
-3.88633
-3.87488
-3.85912
-3.8417
-3.82061
-3.79006
-3.7435
-3.67728
-3.59273
-3.49642
-3.39816
-3.30765
-3.23083
-3.16776
-3.11289
-3.0577
-2.99375
-2.91441
-2.81537
1.69363
1.69218
1.67073
1.63125
1.57676
1.51096
1.4375
1.35908
1.27676
1.18981
1.0963
0.994068
0.881681
0.759111
0.627791
0.490149
0.348816
0.205967
0.0631335
-0.0784633
-0.217352
-0.351466
-0.478286
-0.595488
-0.701712
-0.797049
-0.883005
-0.961909
-1.036
-1.1065
-1.17318
-1.23455
-1.28869
-1.33424
-1.37106
-1.40028
-1.42378
-1.44329
-1.45947
-1.47157
-1.47774
-1.47613
-1.46613
-1.44925
-1.42939
-1.4123
-1.40447
-1.41172
-1.43803
-1.48486
-1.55125
-1.63451
-1.73137
-1.83882
-1.95448
-2.07617
-2.20132
-2.32654
-2.44788
-2.56163
-2.66533
-2.75837
-2.84196
-2.91831
-2.98952
-3.05634
-3.11772
-3.17105
-3.21334
-3.24255
-3.25844
-3.26267
-3.25802
-3.24712
-3.23118
-3.20937
-3.17934
-3.1385
-3.08564
-3.02192
-2.95095
-2.87778
-2.80729
-2.7425
-2.6835
-2.62759
-2.57026
-2.50667
-2.43262
-2.34515
1.35109
1.35095
1.33604
1.30762
1.26758
1.21813
1.16144
1.09911
1.03193
0.959808
0.882013
0.79767
0.706245
0.607867
0.503405
0.394273
0.282098
0.168426
0.054605
-0.0581223
-0.168444
-0.27488
-0.375885
-0.47013
-0.556839
-0.635984
-0.708251
-0.774739
-0.83652
-0.894218
-0.947797
-0.996659
-1.04
-1.07723
-1.10832
-1.13378
-1.15448
-1.1712
-1.18429
-1.19353
-1.19831
-1.19817
-1.19336
-1.18525
-1.17647
-1.17057
-1.17148
-1.18273
-1.20684
-1.24496
-1.29683
-1.36115
-1.43603
-1.51943
-1.60939
-1.70394
-1.80092
-1.89789
-1.99232
-2.08193
-2.16515
-2.24135
-2.31083
-2.37439
-2.43278
-2.48623
-2.53411
-2.57517
-2.60801
-2.63164
-2.64594
-2.65165
-2.65002
-2.64226
-2.62895
-2.60984
-2.58405
-2.55068
-2.50951
-2.46145
-2.40852
-2.35341
-2.29863
-2.2457
-2.1947
-2.1442
-2.09176
-2.03457
-1.97009
-1.89641
1.03052
1.03098
1.02079
1.00072
0.971924
0.935745
0.893467
0.846099
0.794223
0.737966
0.677141
0.611465
0.540811
0.465375
0.385734
0.302768
0.217526
0.131087
0.0444905
-0.0412581
-0.125143
-0.206131
-0.283233
-0.355642
-0.422872
-0.484841
-0.541836
-0.594365
-0.642941
-0.687887
-0.72923
-0.766746
-0.80011
-0.829091
-0.853691
-0.874165
-0.89092
-0.904348
-0.914671
-0.921908
-0.925981
-0.926964
-0.925347
-0.922241
-0.919397
-0.91905
-0.923597
-0.935207
-0.955482
-0.985242
-1.0245
-1.07259
-1.12839
-1.19058
-1.25769
-1.3282
-1.4005
-1.47288
-1.54367
-1.61141
-1.67504
-1.734
-1.7882
-1.83785
-1.88315
-1.92408
-1.96028
-1.9911
-2.01588
-2.03413
-2.04577
-2.05114
-2.0508
-2.04532
-2.03502
-2.01988
-1.99962
-1.97404
-1.94325
-1.9079
-1.86918
-1.82851
-1.78721
-1.74607
-1.7051
-1.66353
-1.62
-1.57291
-1.52074
-1.4623
0.725624
0.726214
0.719586
0.706197
0.686723
0.661946
0.632623
0.599374
0.562599
0.522476
0.479018
0.432186
0.38201
0.328681
0.272581
0.214264
0.154394
0.0936847
0.0328543
-0.0273851
-0.0863302
-0.143299
-0.19767
-0.248949
-0.296826
-0.341211
-0.382209
-0.420045
-0.454959
-0.487116
-0.516553
-0.543196
-0.566924
-0.587652
-0.605401
-0.6203
-0.632553
-0.642368
-0.649901
-0.655248
-0.658508
-0.659899
-0.659882
-0.659251
-0.659129
-0.66088
-0.665939
-0.675605
-0.690857
-0.712239
-0.739826
-0.773281
-0.811956
-0.855003
-0.901452
-0.950257
-1.00032
-1.05051
-1.09977
-1.14716
-1.19198
-1.23381
-1.27245
-1.30789
-1.34011
-1.36904
-1.39446
-1.41603
-1.43342
-1.44639
-1.4549
-1.45909
-1.45922
-1.45556
-1.4483
-1.43748
-1.42307
-1.40509
-1.38372
-1.3594
-1.33279
-1.30467
-1.27572
-1.24633
-1.21649
-1.18579
-1.15348
-1.11867
-1.08047
-1.03821
0.43135
0.431802
0.428061
0.420373
0.409088
0.394615
0.377353
0.35764
0.335711
0.311699
0.28566
0.257625
0.227652
0.195875
0.162517
0.127888
0.0923602
0.0563408
0.0202487
-0.0154976
-0.0504882
-0.0843347
-0.116692
-0.147287
-0.175945
-0.2026
-0.22728
-0.250077
-0.271095
-0.290412
-0.308053
-0.323999
-0.33821
-0.350662
-0.361371
-0.370403
-0.377855
-0.383835
-0.388439
-0.391753
-0.393885
-0.395018
-0.39546
-0.395684
-0.396318
-0.398101
-0.4018
-0.408107
-0.417554
-0.430447
-0.446849
-0.4666
-0.489361
-0.514664
-0.541957
-0.570635
-0.600064
-0.629609
-0.658667
-0.686718
-0.713356
-0.738311
-0.761432
-0.782651
-0.80192
-0.819166
-0.834268
-0.847065
-0.857401
-0.865165
-0.87033
-0.872957
-0.873158
-0.87106
-0.866757
-0.860299
-0.851717
-0.841067
-0.828488
-0.814228
-0.79863
-0.782072
-0.764881
-0.747243
-0.729149
-0.710386
-0.690581
-0.669281
-0.646042
-0.620511
-31771.3
-31744.3
-31717.4
-31690.8
-31664.4
-31638.1
-31612.1
-31586.2
-31560.5
-31535
-31509.6
-31484.3
-31459.2
-31434.2
-31409.3
-31384.5
-31359.7
-31335
-31310.4
-31285.7
-31261.1
-31236.4
-31211.7
-31187
-31162.2
-31137.3
-31112.3
-31087.3
-31062.1
-31036.9
-31011.5
-30986
-30960.3
-30934.5
-30908.5
-30882.4
-30856.1
-30829.7
-30803.1
-30776.3
-30749.3
-30722.2
-30694.9
-30667.5
-30639.8
-30612
-30584.1
-30555.9
-30527.6
-30499.1
-30470.4
-30441.5
-30412.4
-30383
-30353.5
-30323.7
-30293.7
-30263.4
-30232.8
-30201.9
-30170.7
-30139.2
-30107.4
-30075.2
-30042.6
-30009.7
-29976.5
-29942.8
-29908.8
-29874.4
-29839.6
-29804.4
-29768.8
-29732.7
-29696.4
-29659.6
-29622.4
-29584.8
-29546.8
-29508.5
-29469.8
-29430.7
-29391.3
-29351.6
-29311.4
-29271
-29230.2
-29189.1
-29147.7
-29106.1
-14.8844
-8.15495
-5.21576
-3.68254
-2.75761
-2.1362
-1.68563
-1.34076
-1.06594
-0.839754
-0.648239
-0.481594
-0.332479
-0.195035
-0.0642842
-9.65859
-7.37352
-5.43179
-4.06816
-3.11968
-2.43866
-1.93012
-1.53617
-1.22097
-0.961388
-0.741744
-0.550822
-0.38015
-0.222954
-0.0734789
-7.22956
-6.24888
-5.06996
-4.03869
-3.21424
-2.56855
-2.05993
-1.65278
-1.32035
-1.04308
-0.806525
-0.5998
-0.414347
-0.24315
-0.0801571
-5.89869
-5.32268
-4.56058
-3.80239
-3.12993
-2.56129
-2.08817
-1.69463
-1.36457
-1.08402
-0.841479
-0.627508
-0.434288
-0.255143
-0.0841567
-4.9941
-4.58268
-4.04724
-3.48028
-2.94169
-2.45841
-2.03677
-1.67297
-1.35925
-1.08697
-0.847859
-0.634466
-0.440155
-0.258978
-0.0854833
-4.28711
-3.96663
-3.56533
-3.12966
-2.69804
-2.29381
-1.92748
-1.60119
-1.31249
-1.05674
-0.828524
-0.622344
-0.43289
-0.255131
-0.0842819
-3.69064
-3.43127
-3.11767
-2.77487
-2.4269
-2.09125
-1.77811
-1.49183
-1.23277
-0.99897
-0.78716
-0.593499
-0.413932
-0.244376
-0.0807964
-3.16352
-2.94998
-2.69908
-2.42518
-2.1434
-1.86616
-1.60189
-1.35523
-1.12782
-0.91922
-0.727658
-0.55057
-0.384968
-0.227651
-0.075327
-2.68238
-2.50598
-2.30342
-2.08333
-1.85535
-1.6281
-1.40808
-1.1994
-1.00408
-0.822455
-0.653699
-0.49617
-0.34773
-0.20594
-0.068194
-2.2325
-2.08811
-1.92529
-1.74937
-1.56658
-1.38284
-1.20294
-1.03024
-0.866657
-0.712852
-0.568534
-0.4327
-0.303857
-0.180196
-0.05971
-1.80411
-1.68864
-1.56025
-1.42228
-1.27876
-1.13373
-0.990617
-0.85199
-0.719464
-0.593768
-0.47489
-0.362241
-0.254805
-0.151276
-0.0501565
-1.39044
-1.30204
-1.20477
-1.1007
-0.992442
-0.882675
-0.773776
-0.667606
-0.565413
-0.467841
-0.374996
-0.286547
-0.201827
-0.119925
-0.0397764
-0.986833
-0.924343
-0.856088
-0.783322
-0.707652
-0.630769
-0.554221
-0.479257
-0.406753
-0.337196
-0.270713
-0.207131
-0.146034
-0.0868287
-0.0288057
-0.589683
-0.552432
-0.51193
-0.468855
-0.424078
-0.378531
-0.333082
-0.288449
-0.245147
-0.203475
-0.163531
-0.125231
-0.0883504
-0.0525571
-0.0174425
-29059.9
-29009.1
-28958
-28906.6
-28854.8
-28802.8
-28750.5
-28698
-28645.3
-28592.4
-28539.4
-28486.3
-28433.2
-28379.9
-28326.6
)
;

boundaryField
{
    hot
    {
        type            calculated;
        value           nonuniform List<scalar> 
120
(
32275
-0.0142228
-0.0236273
-0.0329157
-0.0420055
-0.0507745
-0.0590834
-0.0667432
-0.0735197
-0.0791449
-0.0833343
-0.0858146
-0.0863595
-0.0848297
-0.0812064
-0.076219
-0.0703359
-0.0634266
-0.0557143
-0.0474329
-0.0388083
-0.0300411
-0.0212984
-0.012711
-0.00437413
0.00364869
0.0113198
0.0186216
0.0255507
0.0321136
0.0383225
0.0441931
0.0497424
0.0549881
0.0599472
0.0646358
0.069068
0.0732563
0.077211
0.0809415
0.084457
0.0877675
0.0908848
0.093822
0.0965936
0.0992144
0.101698
0.104057
0.106301
0.108442
0.110488
0.112452
0.114344
0.116176
0.11796
0.119705
0.121418
0.123104
0.124765
0.126405
0.128025
0.12963
0.131222
0.132802
0.13437
0.135921
0.13745
0.138946
0.140401
0.141804
0.143146
0.144417
0.145607
0.146701
0.147682
0.148533
0.149232
0.149761
0.150102
0.150239
0.150163
0.149861
0.149328
0.148556
0.147542
0.146287
0.1448
0.1431
0.141217
0.139192
0.137075
0.134926
0.132809
0.13079
0.128934
0.127302
0.125946
0.124899
0.124171
0.123739
0.123543
0.123481
0.123414
0.123176
0.122588
0.121295
0.118963
0.115454
0.110685
0.104665
0.0974823
0.0892818
0.0802355
0.0705194
0.0602962
0.049706
0.038863
0.0278551
0.0167476
-32282.4
)
;
    }
    cold
    {
        type            calculated;
        value           nonuniform List<scalar> 
120
(
28318.3
0.0153695
0.0255599
0.0356527
0.0455837
0.0552658
0.0645851
0.0734016
0.0815517
0.0888586
0.0951499
0.100282
0.10417
0.106807
0.108287
0.108827
0.108767
0.108401
0.107922
0.107509
0.107309
0.107436
0.107956
0.108896
0.110249
0.111976
0.114024
0.116322
0.118797
0.121373
0.123976
0.126538
0.129001
0.131315
0.133444
0.135365
0.137063
0.138534
0.13978
0.140807
0.141624
0.142244
0.142685
0.142968
0.143119
0.143167
0.143142
0.143074
0.142989
0.142907
0.142843
0.142805
0.142792
0.142799
0.142814
0.142816
0.142782
0.142687
0.142504
0.142213
0.141798
0.141254
0.140581
0.139789
0.138889
0.137896
0.136822
0.135678
0.134472
0.133212
0.131906
0.130561
0.129186
0.127785
0.126365
0.124925
0.123461
0.121962
0.120412
0.118792
0.117073
0.115225
0.113208
0.11098
0.108492
0.105694
0.102531
0.0989496
0.0948936
0.0903066
0.0851302
0.0793049
0.0727715
0.0654747
0.0573694
0.0484282
0.0386515
0.0280777
0.0167932
0.00493985
-0.00728044
-0.0196073
-0.0317313
-0.0433131
-0.054007
-0.0642842
-0.0734789
-0.0801571
-0.0841567
-0.0854833
-0.0842819
-0.0807964
-0.075327
-0.068194
-0.05971
-0.0501565
-0.0397764
-0.0288057
-0.0174425
-28326.6
)
;
    }
    interface_left
    {
        type            calculated;
        value           nonuniform List<scalar> 
90
(
-10.7869
-0.861296
1.66452
0.704332
0.436256
0.135392
0.18273
0.287579
0.559468
0.705004
0.909779
1.01498
1.14825
1.12256
0.834416
1.51964
1.8528
2.34965
2.44187
2.24794
2.01846
1.32478
2.13692
2.47537
2.87291
3.11993
3.5867
3.58872
3.12053
2.72715
1.7281
2.67126
3.03967
3.435
3.68335
4.16583
4.13908
3.56011
3.09522
1.95123
2.98795
3.38883
3.81415
4.08361
4.61316
4.58201
3.94164
3.42829
2.16627
3.3209
3.77133
4.25838
4.56707
5.17391
5.14462
4.43355
3.85885
2.43971
3.74977
4.25957
4.80962
5.15129
5.81555
5.76624
4.93196
4.26995
2.66376
4.05989
4.57486
5.0778
5.37007
5.92096
5.78906
4.79291
4.06584
2.42393
3.53314
3.85492
3.98997
4.01868
4.02412
3.71032
2.62673
2.01637
0.933163
0.645418
0.324139
-0.683109
1.15433
8.69498
)
;
    }
    interface_right
    {
        type            calculated;
        value           nonuniform List<scalar> 
90
(
8.53108
0.531666
-1.38227
-0.181955
0.0187378
0.334989
1.29091
1.84195
2.83899
3.16564
3.29153
3.33052
3.30196
3.06104
2.13376
3.6318
4.30934
5.25853
5.40362
4.94286
4.69692
4.26469
3.79933
2.50689
4.04431
4.68491
5.50268
5.56147
4.94473
4.62583
4.10702
3.61814
2.35129
3.71671
4.25863
4.90445
4.89111
4.19744
3.65122
2.32021
3.5771
4.06758
4.60055
4.92144
5.52641
5.50286
4.81469
4.4749
3.96074
3.48877
2.28287
3.62269
4.17279
4.86888
4.91068
4.36232
4.08113
3.6327
3.20297
2.08445
3.30155
3.78211
4.35189
4.33406
3.70532
3.20982
2.01194
3.08
3.47116
3.84803
4.05293
4.41691
4.30205
3.54744
3.01223
1.82334
2.70586
3.00152
3.23927
3.37757
3.65916
3.58097
3.06185
2.66297
1.76723
3.22234
3.90025
5.30706
2.04707
-10.9025
)
;
    }
    interface_top
    {
        type            calculated;
        value           nonuniform List<scalar> 
90
(
20.1557
-19.259
32.5372
-7.38139
31.8147
3.14447
-25.7927
14.0387
-27.8617
31.7768
-11.1796
29.2697
-6.7442
27.3633
1.63374
-24.3432
11.0415
-26.316
26.6034
-10.8864
25.263
-0.805386
-26.4302
7.4959
-28.0794
11.4015
-30.9734
28.1294
-13.3034
26.43
-2.0268
-29.8609
7.13403
-31.4049
11.4468
-34.3987
29.5925
-15.2447
27.7851
-3.09884
-33.4508
6.85489
-35.6164
11.7835
-39.694
32.8764
-19.1865
30.2628
-13.385
28.3856
-2.87443
-34.5707
8.93748
-36.9839
28.4408
-17.9177
26.9853
-5.50301
-37.6993
4.94144
-40.2989
10.1953
-44.3538
32.1242
-21.7347
30.1984
-7.25894
-44.3523
5.04072
-47.2102
11.5666
-51.623
37.5631
-24.929
35.8947
-7.55741
-50.6427
7.57157
-53.243
16.1721
-57.1641
47.1773
-24.8051
45.7512
-3.53658
-51.8371
16.1061
-50.0855
36.7156
-26.2943
)
;
    }
    interface_bottom
    {
        type            calculated;
        value           nonuniform List<scalar> 
90
(
-24.7323
29.2168
-45.5618
0.550292
46.936
-18.4164
47.3854
-28.7393
49.7239
-61.2613
15.8566
-55.956
6.61097
-52.4591
-8.77692
34.9005
-26.1289
36.0906
-52.3433
10.0422
-47.5917
3.46157
-44.2567
-8.44018
27.3233
-22.077
28.3115
-42.4226
6.85902
-39.2464
-5.7387
26.8761
-16.5369
28.0884
-21.9429
29.9161
-41.3203
8.02122
-37.7043
-4.46962
27.8598
-15.2087
29.2758
-20.8269
31.5811
-41.0359
10.2701
-36.5328
5.29647
-33.841
-4.33507
25.3208
-15.7745
26.3414
-33.0006
8.51007
-30.6846
-2.20718
25.7178
-11.6838
26.8514
-16.6818
28.3015
-33.5618
9.30927
-30.4404
-1.5214
26.6124
-10.8647
27.6883
-15.5752
29.2842
-32.1339
10.6253
-28.8338
0.112686
28.3648
-8.90617
30.0469
-13.3996
32.5395
-30.8551
13.6215
-28.3099
2.22727
32.3653
-8.6872
33.0905
-21.0752
19.937
)
;
    }
    defaultFaces
    {
        type            empty;
    }
}


// ************************************************************************* //
