/*--------------------------------*- C++ -*----------------------------------*\
| =========                 |                                                 |
| \\      /  F ield         | OpenFOAM: The Open Source CFD Toolbox           |
|  \\    /   O peration     | Version:  5.x                                   |
|   \\  /    A nd           | Web:      www.OpenFOAM.org                      |
|    \\/     M anipulation  |                                                 |
\*---------------------------------------------------------------------------*/
FoamFile
{
    version     2.0;
    format      ascii;
    class       volScalarField;
    location    "4.3";
    object      T;
}
// * * * * * * * * * * * * * * * * * * * * * * * * * * * * * * * * * * * * * //

dimensions      [0 0 0 1 0 0 0];

internalField   nonuniform List<scalar> 
6300
(
322.75
322.249
321.749
321.25
320.751
320.252
319.755
319.259
318.765
318.272
317.781
317.292
316.805
316.32
315.838
322.75
322.249
321.749
321.249
320.75
320.251
319.754
319.258
318.763
318.27
317.779
317.29
316.803
316.318
315.835
322.749
322.248
321.748
321.248
320.748
320.249
319.752
319.255
318.76
318.267
317.775
317.286
316.798
316.313
315.83
322.749
322.248
321.746
321.246
320.745
320.246
319.748
319.251
318.755
318.261
317.769
317.279
316.791
316.306
315.823
322.749
322.247
321.744
321.243
320.742
320.242
319.743
319.245
318.749
318.254
317.761
317.27
316.782
316.296
315.813
322.748
322.245
321.742
321.24
320.738
320.237
319.736
319.238
318.74
318.245
317.751
317.259
316.77
316.284
315.8
322.748
322.243
321.739
321.236
320.733
320.23
319.729
319.229
318.73
318.233
317.738
317.246
316.756
316.269
315.785
322.747
322.242
321.736
321.231
320.727
320.223
319.72
319.218
318.718
318.22
317.724
317.23
316.739
316.251
315.767
322.746
322.239
321.733
321.226
320.72
320.215
319.71
319.207
318.705
318.204
317.706
317.211
316.718
316.23
315.745
322.746
322.237
321.729
321.221
320.713
320.206
319.699
319.193
318.689
318.186
317.686
317.188
316.694
316.205
315.72
322.745
322.235
321.725
321.215
320.705
320.196
319.687
319.179
318.672
318.166
317.663
317.162
316.666
316.175
315.69
322.744
322.232
321.72
321.208
320.697
320.185
319.674
319.163
318.653
318.144
317.637
317.132
316.632
316.138
315.653
322.743
322.229
321.716
321.202
320.688
320.174
319.661
319.147
318.633
318.12
317.608
317.098
316.592
316.092
315.605
322.742
322.227
321.711
321.196
320.68
320.164
319.647
319.131
318.613
318.096
317.578
317.06
316.544
316.034
315.539
322.741
322.224
321.707
321.19
320.672
320.153
319.634
319.114
318.593
318.071
317.547
317.02
316.491
315.96
315.437
315.398
315
314.603
314.209
313.816
313.426
313.037
312.651
312.268
311.887
311.509
311.133
310.761
310.392
310.027
309.665
309.307
308.952
308.601
308.254
307.91
307.57
307.234
306.902
306.573
306.247
305.925
305.606
305.29
304.977
304.666
304.358
304.053
303.75
303.45
303.151
302.855
302.56
302.268
301.977
301.688
301.401
301.116
300.833
300.551
300.271
299.993
299.717
299.442
299.169
298.898
298.627
298.359
298.092
297.826
297.561
297.297
297.034
296.772
296.51
296.25
295.989
295.729
295.469
295.21
294.95
294.691
294.431
294.171
293.911
293.651
293.39
293.128
292.866
292.603
292.339
292.075
291.809
291.542
291.274
291.005
290.735
290.463
290.189
289.914
289.637
289.358
289.078
288.796
288.512
315.395
314.997
314.6
314.206
313.813
313.422
313.034
312.648
312.264
311.883
311.504
311.129
310.757
310.388
310.022
309.66
309.301
308.947
308.596
308.248
307.905
307.565
307.229
306.897
306.568
306.243
305.92
305.602
305.286
304.973
304.662
304.355
304.05
303.747
303.446
303.148
302.852
302.557
302.265
301.974
301.686
301.399
301.114
300.83
300.549
300.269
299.991
299.714
299.44
299.167
298.895
298.625
298.357
298.09
297.824
297.559
297.295
297.033
296.771
296.509
296.249
295.988
295.729
295.469
295.209
294.95
294.691
294.431
294.172
293.912
293.651
293.39
293.129
292.867
292.604
292.341
292.076
291.811
291.544
291.276
291.007
290.737
290.465
290.191
289.916
289.639
289.361
289.08
288.798
288.514
315.39
314.992
314.595
314.2
313.807
313.416
313.027
312.641
312.256
311.875
311.496
311.12
310.747
310.378
310.012
309.649
309.29
308.936
308.584
308.237
307.894
307.554
307.218
306.886
306.558
306.233
305.911
305.593
305.277
304.964
304.655
304.347
304.043
303.74
303.44
303.142
302.846
302.551
302.259
301.969
301.68
301.393
301.108
300.825
300.543
300.264
299.985
299.709
299.435
299.162
298.89
298.621
298.353
298.086
297.82
297.556
297.292
297.03
296.768
296.507
296.247
295.987
295.727
295.468
295.209
294.95
294.691
294.432
294.172
293.912
293.652
293.392
293.131
292.869
292.606
292.343
292.079
291.814
291.547
291.28
291.011
290.741
290.469
290.196
289.921
289.644
289.366
289.086
288.803
288.519
315.382
314.984
314.587
314.191
313.798
313.407
313.017
312.63
312.245
311.862
311.483
311.106
310.733
310.362
309.996
309.633
309.274
308.919
308.568
308.221
307.877
307.538
307.202
306.871
306.543
306.218
305.897
305.579
305.264
304.952
304.643
304.336
304.032
303.73
303.43
303.132
302.836
302.543
302.251
301.96
301.672
301.385
301.1
300.817
300.535
300.256
299.978
299.701
299.427
299.154
298.883
298.614
298.346
298.08
297.815
297.551
297.288
297.026
296.765
296.505
296.245
295.985
295.726
295.467
295.208
294.95
294.691
294.432
294.173
293.914
293.654
293.394
293.133
292.872
292.609
292.347
292.083
291.818
291.552
291.285
291.016
290.747
290.475
290.202
289.928
289.652
289.373
289.093
288.811
288.527
315.372
314.973
314.576
314.18
313.786
313.394
313.004
312.616
312.23
311.846
311.465
311.088
310.713
310.342
309.975
309.612
309.252
308.897
308.545
308.198
307.855
307.516
307.181
306.85
306.522
306.198
305.878
305.561
305.247
304.936
304.627
304.321
304.018
303.717
303.417
303.12
302.825
302.531
302.239
301.949
301.661
301.374
301.089
300.806
300.525
300.245
299.967
299.691
299.417
299.144
298.874
298.605
298.338
298.072
297.807
297.544
297.282
297.021
296.76
296.501
296.241
295.982
295.724
295.465
295.207
294.949
294.691
294.433
294.174
293.915
293.656
293.396
293.136
292.875
292.614
292.351
292.088
291.824
291.558
291.292
291.024
290.755
290.484
290.211
289.937
289.661
289.384
289.104
288.822
288.538
315.359
314.96
314.562
314.166
313.772
313.379
312.988
312.598
312.211
311.826
311.443
311.064
310.689
310.316
309.948
309.584
309.224
308.868
308.517
308.169
307.826
307.488
307.153
306.823
306.496
306.174
305.854
305.538
305.225
304.915
304.608
304.303
304.001
303.7
303.401
303.105
302.81
302.517
302.225
301.935
301.647
301.361
301.076
300.793
300.511
300.231
299.953
299.677
299.403
299.131
298.861
298.593
298.327
298.062
297.798
297.536
297.275
297.014
296.755
296.496
296.237
295.979
295.721
295.464
295.206
294.948
294.691
294.433
294.175
293.917
293.659
293.4
293.14
292.88
292.619
292.357
292.095
291.831
291.567
291.301
291.033
290.765
290.494
290.223
289.949
289.674
289.397
289.117
288.836
288.552
315.344
314.944
314.547
314.15
313.755
313.362
312.969
312.578
312.188
311.801
311.417
311.036
310.658
310.285
309.916
309.551
309.19
308.834
308.482
308.135
307.792
307.454
307.12
306.79
306.465
306.144
305.826
305.511
305.2
304.891
304.585
304.282
303.98
303.681
303.383
303.087
302.792
302.5
302.209
301.919
301.631
301.345
301.06
300.777
300.495
300.215
299.937
299.661
299.387
299.116
298.846
298.579
298.313
298.05
297.787
297.526
297.266
297.007
296.748
296.49
296.233
295.975
295.718
295.461
295.204
294.948
294.691
294.434
294.177
293.92
293.662
293.404
293.145
292.885
292.625
292.365
292.103
291.84
291.576
291.311
291.045
290.777
290.507
290.236
289.964
289.689
289.413
289.134
288.852
288.569
315.326
314.926
314.529
314.133
313.737
313.342
312.948
312.555
312.163
311.773
311.386
311.002
310.623
310.248
309.877
309.511
309.15
308.793
308.44
308.093
307.75
307.413
307.08
306.752
306.428
306.108
305.792
305.479
305.17
304.863
304.559
304.257
303.957
303.658
303.361
303.066
302.772
302.48
302.19
301.901
301.613
301.327
301.042
300.758
300.476
300.196
299.917
299.641
299.368
299.097
298.828
298.562
298.298
298.035
297.774
297.514
297.255
296.998
296.741
296.484
296.227
295.971
295.715
295.459
295.203
294.947
294.691
294.435
294.179
293.923
293.666
293.408
293.15
292.892
292.632
292.373
292.112
291.851
291.588
291.324
291.058
290.791
290.522
290.252
289.981
289.707
289.432
289.154
288.873
288.589
315.305
314.906
314.509
314.113
313.718
313.322
312.926
312.53
312.134
311.74
311.349
310.962
310.58
310.203
309.832
309.465
309.103
308.745
308.392
308.044
307.702
307.365
307.034
306.707
306.385
306.068
305.754
305.443
305.135
304.831
304.529
304.229
303.931
303.634
303.338
303.043
302.75
302.458
302.168
301.88
301.593
301.307
301.022
300.737
300.454
300.173
299.894
299.618
299.344
299.074
298.807
298.542
298.279
298.018
297.759
297.5
297.244
296.988
296.732
296.477
296.222
295.967
295.711
295.456
295.2
294.946
294.691
294.437
294.182
293.926
293.67
293.413
293.156
292.898
292.641
292.382
292.123
291.863
291.601
291.338
291.073
290.807
290.54
290.271
290.001
289.729
289.454
289.177
288.897
288.614
315.28
314.883
314.488
314.094
313.699
313.302
312.904
312.503
312.103
311.703
311.307
310.916
310.531
310.152
309.779
309.412
309.049
308.69
308.336
307.988
307.645
307.309
306.98
306.656
306.337
306.022
305.71
305.402
305.097
304.795
304.496
304.199
303.903
303.607
303.312
303.018
302.725
302.434
302.144
301.857
301.571
301.285
301
300.715
300.43
300.147
299.867
299.59
299.317
299.047
298.782
298.519
298.258
297.999
297.741
297.485
297.23
296.977
296.724
296.471
296.217
295.962
295.707
295.452
295.198
294.944
294.691
294.438
294.185
293.931
293.675
293.419
293.162
292.905
292.649
292.393
292.136
291.877
291.617
291.355
291.09
290.825
290.558
290.291
290.023
289.753
289.481
289.205
288.926
288.643
315.252
314.858
314.466
314.075
313.682
313.285
312.884
312.478
312.069
311.661
311.258
310.86
310.472
310.092
309.719
309.352
308.989
308.629
308.272
307.922
307.579
307.244
306.917
306.597
306.282
305.971
305.662
305.356
305.053
304.755
304.46
304.167
303.874
303.58
303.286
302.991
302.697
302.406
302.118
301.832
301.548
301.264
300.978
300.691
300.403
300.117
299.834
299.556
299.283
299.015
298.753
298.493
298.234
297.977
297.721
297.467
297.215
296.965
296.715
296.465
296.212
295.958
295.703
295.447
295.194
294.941
294.691
294.441
294.19
293.936
293.681
293.425
293.168
292.912
292.658
292.404
292.15
291.894
291.635
291.374
291.11
290.844
290.578
290.313
290.048
289.781
289.511
289.238
288.96
288.678
315.218
314.829
314.443
314.059
313.671
313.275
312.87
312.455
312.035
311.614
311.199
310.793
310.4
310.02
309.651
309.287
308.924
308.561
308.2
307.846
307.501
307.168
306.845
306.532
306.223
305.916
305.609
305.304
305.004
304.71
304.421
304.135
303.846
303.554
303.259
302.962
302.666
302.374
302.087
301.806
301.526
301.244
300.958
300.667
300.375
300.083
299.795
299.514
299.241
298.977
298.719
298.464
298.209
297.954
297.698
297.446
297.197
296.953
296.708
296.461
296.21
295.955
295.698
295.441
295.187
294.936
294.69
294.445
294.197
293.945
293.689
293.431
293.173
292.917
292.665
292.416
292.167
291.915
291.658
291.396
291.131
290.863
290.598
290.335
290.074
289.813
289.548
289.277
289.001
288.719
315.175
314.795
314.417
314.047
313.673
313.278
312.869
312.44
312.003
311.557
311.126
310.707
310.311
309.933
309.574
309.221
308.858
308.491
308.118
307.757
307.407
307.075
306.759
306.458
306.162
305.86
305.554
305.245
304.946
304.657
304.38
304.106
303.823
303.534
303.235
302.933
302.628
302.333
302.048
301.777
301.507
301.229
300.943
300.647
300.346
300.041
299.746
299.459
299.188
298.928
298.681
298.436
298.184
297.929
297.671
297.419
297.174
296.939
296.705
296.463
296.214
295.956
295.694
295.43
295.174
294.925
294.688
294.452
294.209
293.959
293.7
293.438
293.173
292.916
292.666
292.427
292.189
291.942
291.688
291.423
291.154
290.88
290.613
290.353
290.102
289.852
289.592
289.325
289.048
288.769
315.117
314.759
314.379
314.043
313.702
313.303
312.898
312.437
311.983
311.481
311.034
310.586
310.197
309.817
309.491
309.169
308.798
308.429
308.019
307.652
307.284
306.962
306.648
306.379
306.112
305.807
305.504
305.172
304.876
304.584
304.334
304.088
303.808
303.528
303.214
302.908
302.574
302.28
301.991
301.744
301.501
301.223
300.945
300.631
300.324
299.986
299.684
299.382
299.119
298.861
298.638
298.417
298.164
297.911
297.632
297.383
297.136
296.924
296.714
296.473
296.232
295.96
295.695
295.405
295.15
294.898
294.683
294.471
294.229
293.987
293.716
293.45
293.161
292.905
292.653
292.437
292.223
291.979
291.733
291.456
291.184
290.886
290.62
290.356
290.129
289.904
289.645
289.386
289.099
288.831
315.023
314.754
314.277
314.047
313.815
313.335
313.006
312.424
312.031
311.327
310.942
310.382
310.069
309.622
309.404
309.185
308.736
308.425
307.86
307.548
307.094
306.839
306.474
306.295
306.116
305.75
305.498
305.045
304.799
304.451
304.284
304.121
303.793
303.57
303.181
302.922
302.464
302.218
301.872
301.706
301.544
301.219
300.997
300.607
300.345
299.878
299.622
299.251
299.041
298.742
298.594
298.446
298.141
297.931
297.551
297.343
297.049
296.906
296.767
296.485
296.292
295.955
295.73
295.333
295.119
294.818
294.674
294.533
294.25
294.058
293.721
293.497
293.102
292.888
292.588
292.443
292.302
292.018
291.824
291.483
291.253
290.845
290.622
290.307
290.155
290.004
289.698
289.489
289.122
288.917
288.197
287.852
287.503
287.153
286.8
286.444
286.087
285.728
285.368
285.006
284.643
284.279
283.914
283.548
283.183
288.2
287.854
287.506
287.155
286.802
286.446
286.089
285.73
285.369
285.007
284.644
284.279
283.914
283.549
283.183
288.205
287.859
287.511
287.159
286.806
286.45
286.092
285.733
285.372
285.009
284.645
284.281
283.915
283.549
283.183
288.213
287.867
287.518
287.166
286.812
286.456
286.098
285.738
285.376
285.013
284.648
284.283
283.917
283.55
283.183
288.223
287.877
287.528
287.176
286.821
286.464
286.105
285.744
285.381
285.017
284.652
284.286
283.919
283.552
283.184
288.237
287.89
287.54
287.188
286.832
286.474
286.114
285.752
285.388
285.023
284.657
284.289
283.921
283.553
283.184
288.254
287.907
287.556
287.202
286.845
286.486
286.125
285.761
285.396
285.03
284.662
284.294
283.924
283.555
283.185
288.274
287.926
287.575
287.22
286.861
286.501
286.137
285.772
285.406
285.038
284.668
284.299
283.928
283.557
283.186
288.298
287.95
287.597
287.24
286.88
286.517
286.152
285.785
285.416
285.047
284.676
284.304
283.932
283.559
283.186
288.327
287.978
287.623
287.264
286.901
286.536
286.168
285.799
285.428
285.056
284.684
284.31
283.936
283.562
283.187
288.362
288.011
287.653
287.291
286.925
286.557
286.187
285.815
285.441
285.067
284.692
284.317
283.941
283.565
283.188
288.403
288.049
287.688
287.322
286.952
286.58
286.206
285.831
285.455
285.079
284.702
284.324
283.946
283.568
283.189
288.453
288.095
287.728
287.356
286.981
286.605
286.227
285.849
285.47
285.091
284.711
284.331
283.951
283.571
283.19
288.517
288.15
287.773
287.393
287.012
286.63
286.249
285.867
285.485
285.103
284.721
284.339
283.956
283.574
283.191
288.605
288.215
287.822
287.431
287.043
286.656
286.27
285.885
285.5
285.116
284.731
284.347
283.962
283.577
283.192
322.741
322.222
321.703
321.184
320.665
320.144
319.623
319.101
318.577
318.05
317.521
316.986
316.444
315.884
315.279
322.74
322.22
321.7
321.18
320.659
320.137
319.614
319.089
318.563
318.033
317.5
316.961
316.413
315.847
315.243
322.74
322.219
321.697
321.176
320.653
320.13
319.605
319.079
318.551
318.019
317.484
316.943
316.394
315.835
315.265
322.739
322.217
321.695
321.172
320.649
320.124
319.598
319.071
318.541
318.008
317.472
316.93
316.383
315.829
315.271
322.739
322.216
321.693
321.169
320.645
320.119
319.592
319.064
318.533
317.999
317.462
316.922
316.376
315.827
315.277
322.738
322.215
321.691
321.166
320.641
320.115
319.587
319.058
318.527
317.993
317.456
316.916
316.372
315.826
315.278
322.738
322.214
321.689
321.164
320.639
320.112
319.584
319.054
318.522
317.988
317.452
316.912
316.37
315.826
315.279
322.738
322.213
321.688
321.163
320.637
320.11
319.581
319.051
318.519
317.986
317.449
316.911
316.37
315.827
315.281
322.738
322.213
321.688
321.162
320.636
320.108
319.58
319.05
318.518
317.984
317.449
316.911
316.371
315.829
315.284
322.738
322.213
321.687
321.162
320.635
320.108
319.579
319.049
318.518
317.985
317.45
316.913
316.374
315.833
315.291
322.738
322.213
321.687
321.162
320.635
320.108
319.58
319.05
318.519
317.986
317.452
316.916
316.378
315.838
315.296
322.738
322.213
321.688
321.162
320.636
320.109
319.581
319.052
318.521
317.989
317.455
316.92
316.383
315.845
315.306
322.738
322.213
321.688
321.163
320.637
320.111
319.583
319.054
318.524
317.993
317.46
316.926
316.39
315.852
315.313
322.738
322.214
321.689
321.164
320.639
320.113
319.586
319.058
318.528
317.998
317.466
316.932
316.397
315.861
315.325
322.738
322.214
321.691
321.166
320.641
320.116
319.589
319.062
318.533
318.004
317.473
316.94
316.406
315.869
315.331
322.738
322.215
321.692
321.168
320.644
320.119
319.594
319.067
318.539
318.01
317.48
316.949
316.415
315.879
315.339
322.739
322.216
321.694
321.171
320.647
320.123
319.598
319.073
318.546
318.018
317.489
316.959
316.426
315.892
315.357
322.739
322.218
321.696
321.174
320.651
320.128
319.604
319.079
318.553
318.027
317.499
316.97
316.439
315.906
315.37
322.74
322.219
321.698
321.177
320.655
320.133
319.61
319.086
318.562
318.036
317.509
316.982
316.453
315.924
315.396
322.74
322.22
321.7
321.18
320.659
320.138
319.616
319.094
318.57
318.046
317.521
316.994
316.467
315.939
315.41
322.741
322.222
321.703
321.184
320.664
320.144
319.623
319.102
318.58
318.057
317.533
317.008
316.482
315.956
315.433
322.741
322.224
321.706
321.188
320.669
320.15
319.631
319.111
318.59
318.068
317.545
317.022
316.497
315.971
315.444
322.742
322.225
321.709
321.192
320.675
320.157
319.639
319.12
318.6
318.08
317.559
317.036
316.512
315.986
315.455
322.742
322.227
321.712
321.196
320.68
320.164
319.647
319.13
318.612
318.093
317.573
317.052
316.529
316.005
315.48
322.743
322.229
321.715
321.201
320.686
320.172
319.656
319.14
318.623
318.106
317.588
317.068
316.548
316.025
315.497
322.744
322.231
321.719
321.206
320.693
320.179
319.665
319.151
318.636
318.12
317.603
317.086
316.567
316.048
315.528
322.744
322.233
321.722
321.211
320.699
320.187
319.675
319.162
318.649
318.134
317.62
317.104
316.588
316.07
315.549
322.745
322.236
321.726
321.216
320.706
320.196
319.685
319.173
318.662
318.149
317.637
317.123
316.61
316.096
315.587
322.746
322.238
321.73
321.222
320.713
320.204
319.695
319.185
318.675
318.165
317.654
317.142
316.631
316.12
315.608
322.747
322.24
321.734
321.227
320.72
320.213
319.705
319.198
318.689
318.18
317.671
317.161
316.652
316.143
315.639
322.748
322.243
321.738
321.233
320.728
320.222
319.716
319.21
318.703
318.196
317.689
317.18
316.672
316.163
315.654
322.748
322.245
321.742
321.239
320.735
320.231
319.727
319.223
318.718
318.212
317.706
317.2
316.692
316.183
315.668
322.749
322.248
321.746
321.245
320.743
320.241
319.739
319.236
318.733
318.229
317.725
317.22
316.714
316.206
315.698
322.75
322.251
321.751
321.251
320.751
320.251
319.75
319.249
318.748
318.246
317.744
317.241
316.736
316.23
315.719
322.751
322.253
321.755
321.257
320.759
320.261
319.762
319.263
318.763
318.264
317.763
317.262
316.761
316.258
315.756
322.752
322.256
321.76
321.264
320.767
320.271
319.774
319.277
318.779
318.281
317.783
317.284
316.785
316.285
315.78
322.753
322.259
321.765
321.27
320.776
320.281
319.786
319.291
318.795
318.299
317.803
317.307
316.811
316.315
315.825
322.754
322.262
321.769
321.277
320.784
320.291
319.798
319.305
318.811
318.318
317.823
317.329
316.835
316.342
315.849
322.755
322.264
321.774
321.284
320.793
320.302
319.811
319.32
318.828
318.336
317.844
317.352
316.86
316.369
315.884
322.756
322.267
321.779
321.29
320.802
320.313
319.824
319.334
318.845
318.355
317.864
317.374
316.883
316.392
315.901
322.757
322.27
321.784
321.297
320.811
320.324
319.836
319.349
318.861
318.373
317.885
317.396
316.906
316.414
315.917
322.758
322.273
321.789
321.304
320.82
320.335
319.85
319.364
318.879
318.392
317.906
317.419
316.93
316.441
315.951
322.759
322.276
321.794
321.311
320.829
320.346
319.863
319.38
318.896
318.412
317.927
317.442
316.956
316.467
315.973
322.76
322.28
321.799
321.319
320.838
320.357
319.876
319.395
318.914
318.432
317.949
317.466
316.983
316.498
316.014
322.761
322.283
321.804
321.326
320.848
320.369
319.89
319.411
318.931
318.452
317.972
317.491
317.01
316.528
316.041
322.762
322.286
321.81
321.333
320.857
320.381
319.904
319.427
318.95
318.472
317.994
317.516
317.039
316.562
316.091
322.763
322.289
321.815
321.341
320.867
320.392
319.918
319.443
318.968
318.493
318.017
317.541
317.066
316.592
316.118
322.764
322.292
321.821
321.349
320.877
320.404
319.932
319.459
318.986
318.513
318.04
317.566
317.093
316.622
316.157
322.765
322.296
321.826
321.356
320.886
320.416
319.946
319.476
319.005
318.534
318.063
317.591
317.119
316.647
316.175
322.766
322.299
321.832
321.364
320.896
320.429
319.961
319.492
319.024
318.555
318.086
317.616
317.145
316.672
316.193
322.767
322.302
321.837
321.372
320.907
320.441
319.975
319.509
319.043
318.576
318.109
317.641
317.172
316.701
316.23
322.769
322.306
321.843
321.38
320.917
320.454
319.99
319.526
319.062
318.598
318.133
317.667
317.201
316.731
316.256
322.77
322.309
321.849
321.388
320.927
320.466
320.005
319.544
319.082
318.62
318.158
317.695
317.231
316.766
316.301
322.771
322.313
321.854
321.396
320.938
320.479
320.02
319.561
319.102
318.643
318.183
317.722
317.262
316.799
316.332
322.772
322.316
321.86
321.404
320.948
320.492
320.036
319.579
319.122
318.665
318.208
317.75
317.293
316.837
316.387
322.773
322.32
321.866
321.413
320.959
320.505
320.051
319.597
319.143
318.688
318.233
317.779
317.324
316.871
316.418
322.774
322.323
321.872
321.421
320.97
320.518
320.067
319.615
319.163
318.711
318.259
317.806
317.354
316.904
316.461
322.776
322.327
321.878
321.43
320.981
320.532
320.083
319.633
319.184
318.734
318.284
317.834
317.383
316.932
316.482
322.777
322.331
321.884
321.438
320.992
320.545
320.099
319.652
319.205
318.757
318.31
317.861
317.412
316.961
316.502
322.778
322.334
321.891
321.447
321.003
320.559
320.115
319.67
319.226
318.781
318.336
317.89
317.443
316.994
316.544
322.779
322.338
321.897
321.455
321.014
320.573
320.131
319.689
319.247
318.805
318.362
317.919
317.474
317.027
316.573
322.781
322.342
321.903
321.464
321.025
320.586
320.147
319.708
319.269
318.829
318.389
317.949
317.508
317.066
316.625
322.782
322.346
321.909
321.473
321.037
320.6
320.164
319.727
319.291
318.854
318.417
317.98
317.542
317.104
316.659
322.783
322.349
321.916
321.482
321.048
320.614
320.18
319.746
319.312
318.878
318.444
318.011
317.577
317.146
316.721
322.784
322.353
321.922
321.49
321.059
320.628
320.197
319.765
319.334
318.903
318.472
318.041
317.611
317.183
316.755
322.786
322.357
321.928
321.499
321.071
320.642
320.213
319.785
319.356
318.928
318.499
318.071
317.644
317.22
316.804
322.787
322.361
321.934
321.508
321.082
320.656
320.23
319.804
319.378
318.952
318.526
318.101
317.675
317.25
316.826
322.788
322.364
321.941
321.517
321.093
320.67
320.246
319.823
319.4
318.976
318.553
318.13
317.706
317.281
316.848
322.789
322.368
321.947
321.526
321.104
320.683
320.263
319.842
319.421
319.001
318.58
318.16
317.739
317.316
316.894
322.791
322.372
321.953
321.534
321.116
320.697
320.279
319.861
319.443
319.025
318.608
318.19
317.772
317.351
316.924
322.792
322.375
321.959
321.543
321.127
320.711
320.295
319.88
319.465
319.05
318.635
318.221
317.806
317.391
316.978
322.793
322.379
321.965
321.551
321.138
320.724
320.311
319.898
319.486
319.074
318.662
318.251
317.841
317.43
317.014
322.794
322.383
321.971
321.56
321.149
320.738
320.327
319.917
319.507
319.098
318.689
318.282
317.875
317.472
317.077
322.795
322.386
321.977
321.568
321.159
320.751
320.343
319.935
319.528
319.121
318.715
318.311
317.908
317.508
317.11
322.797
322.39
321.983
321.576
321.17
320.764
320.358
319.953
319.548
319.144
318.741
318.339
317.939
317.543
317.157
322.798
322.393
321.989
321.584
321.18
320.777
320.373
319.97
319.568
319.166
318.766
318.366
317.968
317.572
317.178
322.799
322.397
321.994
321.592
321.191
320.789
320.388
319.987
319.587
319.188
318.789
318.392
317.995
317.599
317.197
322.8
322.4
322
321.6
321.201
320.801
320.402
320.004
319.606
319.209
318.812
318.417
318.022
317.629
317.237
322.801
322.403
322.005
321.608
321.21
320.813
320.416
320.02
319.624
319.229
318.835
318.442
318.049
317.657
317.262
322.802
322.406
322.011
321.615
321.22
320.825
320.43
320.036
319.642
319.249
318.857
318.466
318.076
317.688
317.303
322.803
322.41
322.016
321.623
321.23
320.837
320.444
320.052
319.66
319.268
318.878
318.489
318.101
317.716
317.329
322.804
322.413
322.021
321.63
321.239
320.848
320.457
320.067
319.677
319.287
318.899
318.511
318.126
317.744
317.371
322.805
322.416
322.027
321.637
321.248
320.859
320.47
320.082
319.693
319.305
318.918
318.532
318.148
317.767
317.39
322.806
322.419
322.032
321.645
321.257
320.87
320.483
320.096
319.71
319.323
318.937
318.551
318.168
317.787
317.414
322.807
322.422
322.037
321.652
321.267
320.881
320.496
320.111
319.726
319.34
318.955
318.57
318.185
317.803
317.424
322.808
322.425
322.042
321.659
321.276
320.893
320.509
320.126
319.742
319.358
318.973
318.588
318.201
317.815
317.43
322.809
322.428
322.047
321.666
321.285
320.904
320.523
320.141
319.759
319.376
318.992
318.606
318.217
317.826
317.435
322.81
322.431
322.052
321.673
321.294
320.915
320.536
320.156
319.776
319.395
319.012
318.626
318.236
317.838
317.435
322.812
322.435
322.058
321.681
321.304
320.927
320.55
320.172
319.794
319.415
319.034
318.649
318.258
317.855
317.423
322.813
322.438
322.063
321.688
321.313
320.938
320.563
320.188
319.813
319.436
319.058
318.677
318.29
317.89
317.454
288.73
288.279
287.864
287.463
287.069
286.678
286.289
285.901
285.514
285.127
284.74
284.354
283.967
283.58
283.193
288.758
288.311
287.893
287.489
287.091
286.697
286.306
285.916
285.526
285.137
284.749
284.36
283.971
283.583
283.194
288.738
288.322
287.912
287.509
287.11
286.715
286.322
285.93
285.538
285.148
284.757
284.366
283.976
283.586
283.195
288.735
288.33
287.926
287.525
287.127
286.731
286.337
285.943
285.55
285.157
284.765
284.373
283.98
283.588
283.196
288.735
288.337
287.939
287.54
287.143
286.746
286.351
285.956
285.561
285.167
284.773
284.379
283.985
283.591
283.197
288.735
288.345
287.95
287.554
287.158
286.761
286.365
285.969
285.573
285.177
284.781
284.385
283.989
283.594
283.198
288.741
288.355
287.963
287.569
287.172
286.775
286.378
285.981
285.584
285.186
284.789
284.391
283.994
283.596
283.199
288.757
288.37
287.978
287.584
287.188
286.79
286.392
285.993
285.595
285.196
284.797
284.398
283.998
283.599
283.2
288.772
288.387
287.996
287.601
287.203
286.805
286.406
286.006
285.606
285.205
284.805
284.404
284.003
283.602
283.201
288.804
288.41
288.015
287.619
287.22
286.821
286.42
286.019
285.617
285.215
284.813
284.41
284.007
283.604
283.201
288.824
288.432
288.036
287.638
287.238
286.837
286.435
286.032
285.629
285.225
284.821
284.417
284.012
283.607
283.202
288.859
288.458
288.058
287.658
287.256
286.854
286.45
286.046
285.641
285.235
284.829
284.423
284.017
283.61
283.203
288.88
288.482
288.081
287.679
287.276
286.871
286.466
286.06
285.653
285.246
284.838
284.43
284.021
283.613
283.204
288.914
288.507
288.104
287.7
287.296
286.889
286.482
286.074
285.666
285.256
284.847
284.437
284.026
283.616
283.205
288.931
288.531
288.128
287.723
287.316
286.908
286.499
286.089
285.679
285.267
284.856
284.444
284.031
283.619
283.206
288.95
288.556
288.153
287.747
287.338
286.928
286.517
286.105
285.692
285.279
284.865
284.451
284.036
283.622
283.207
288.991
288.587
288.181
287.772
287.361
286.948
286.535
286.12
285.706
285.29
284.874
284.458
284.042
283.625
283.208
289.021
288.62
288.211
287.798
287.384
286.969
286.553
286.137
285.72
285.302
284.884
284.466
284.047
283.628
283.209
289.079
288.658
288.242
287.826
287.409
286.991
286.572
286.153
285.734
285.314
284.894
284.473
284.052
283.631
283.211
289.112
288.694
288.274
287.854
287.434
287.013
286.592
286.17
285.749
285.326
284.904
284.481
284.058
283.635
283.212
289.162
288.731
288.305
287.882
287.459
287.035
286.612
286.188
285.763
285.339
284.914
284.489
284.064
283.638
283.213
289.19
288.763
288.336
287.91
287.484
287.058
286.632
286.205
285.778
285.351
284.924
284.497
284.069
283.642
283.214
289.233
288.796
288.366
287.937
287.509
287.08
286.652
286.223
285.794
285.364
284.935
284.505
284.075
283.645
283.215
289.253
288.824
288.395
287.965
287.534
287.103
286.672
286.241
285.809
285.377
284.945
284.513
284.081
283.649
283.216
289.274
288.853
288.424
287.992
287.559
287.126
286.692
286.258
285.824
285.39
284.956
284.521
284.087
283.652
283.217
289.321
288.888
288.455
288.021
287.585
287.149
286.713
286.277
285.84
285.403
284.966
284.53
284.093
283.656
283.219
289.352
288.924
288.488
288.05
287.611
287.173
286.734
286.295
285.856
285.416
284.977
284.538
284.098
283.659
283.22
289.412
288.964
288.521
288.079
287.637
287.196
286.754
286.313
285.871
285.43
284.988
284.546
284.104
283.663
283.221
289.445
289
288.554
288.108
287.664
287.219
286.775
286.331
285.887
285.443
284.999
284.555
284.11
283.666
283.222
289.495
289.037
288.586
288.137
287.69
287.242
286.796
286.349
285.902
285.456
285.009
284.563
284.116
283.67
283.223
289.522
289.069
288.616
288.165
287.715
287.265
286.816
286.367
285.918
285.469
285.02
284.571
284.122
283.673
283.224
289.563
289.101
288.646
288.193
287.74
287.288
286.837
286.385
285.934
285.482
285.031
284.58
284.128
283.677
283.226
289.583
289.128
288.674
288.219
287.765
287.311
286.857
286.403
285.949
285.495
285.042
284.588
284.134
283.681
283.227
289.602
289.155
288.701
288.246
287.79
287.333
286.877
286.421
285.965
285.509
285.052
284.596
284.14
283.684
283.228
289.644
289.188
288.731
288.273
287.814
287.356
286.897
286.439
285.98
285.522
285.063
284.605
284.146
283.688
283.229
289.673
289.22
288.76
288.3
287.839
287.378
286.917
286.456
285.996
285.535
285.074
284.613
284.152
283.691
283.23
289.726
289.256
288.791
288.327
287.864
287.401
286.937
286.474
286.011
285.548
285.085
284.621
284.158
283.695
283.232
289.755
289.287
288.82
288.354
287.889
287.423
286.957
286.492
286.026
285.561
285.095
284.63
284.164
283.698
283.233
289.796
289.319
288.849
288.381
287.913
287.445
286.978
286.51
286.042
285.574
285.106
284.638
284.17
283.702
283.234
289.816
289.346
288.877
288.407
287.938
287.468
286.998
286.528
286.057
285.587
285.117
284.646
284.176
283.706
283.235
289.835
289.373
288.905
288.434
287.962
287.49
287.018
286.545
286.073
285.6
285.127
284.655
284.182
283.709
283.236
289.875
289.405
288.934
288.461
287.987
287.513
287.038
286.563
286.088
285.613
285.138
284.663
284.188
283.713
283.238
289.903
289.437
288.964
288.489
288.013
287.536
287.059
286.581
286.104
285.626
285.149
284.671
284.194
283.716
283.239
289.952
289.474
288.996
288.518
288.039
287.559
287.079
286.599
286.119
285.64
285.16
284.68
284.2
283.72
283.24
289.985
289.51
289.029
288.547
288.065
287.582
287.1
286.617
286.135
285.653
285.17
284.688
284.206
283.723
283.241
290.044
289.55
289.063
288.577
288.091
287.606
287.121
286.636
286.151
285.666
285.181
284.696
284.212
283.727
283.242
290.076
289.586
289.095
288.606
288.117
287.629
287.141
286.654
286.166
285.679
285.192
284.705
284.218
283.731
283.243
290.124
289.622
289.127
288.634
288.143
287.652
287.161
286.671
286.182
285.692
285.202
284.713
284.223
283.734
283.245
290.151
289.654
289.157
288.662
288.168
287.674
287.182
286.689
286.197
285.705
285.213
284.721
284.229
283.738
283.246
290.19
289.685
289.185
288.688
288.192
287.697
287.202
286.707
286.212
285.718
285.223
284.729
284.235
283.741
283.247
290.209
289.711
289.213
288.714
288.217
287.719
287.221
286.724
286.227
285.73
285.234
284.737
284.241
283.744
283.248
290.228
289.738
289.24
288.74
288.241
287.741
287.241
286.741
286.242
285.743
285.244
284.745
284.247
283.748
283.249
290.27
289.769
289.268
288.767
288.265
287.762
287.26
286.759
286.257
285.756
285.254
284.753
284.252
283.751
283.25
290.298
289.801
289.298
288.793
288.289
287.784
287.28
286.776
286.272
285.768
285.265
284.761
284.258
283.755
283.252
290.351
289.837
289.328
288.82
288.313
287.806
287.299
286.792
286.286
285.78
285.275
284.769
284.263
283.758
283.253
290.38
289.869
289.357
288.846
288.336
287.827
287.318
286.809
286.301
285.793
285.285
284.777
284.269
283.761
283.254
290.423
289.901
289.386
288.872
288.36
287.848
287.336
286.826
286.315
285.805
285.294
284.784
284.274
283.765
283.255
290.448
289.93
289.413
288.897
288.382
287.868
287.355
286.842
286.329
285.817
285.304
284.792
284.28
283.768
283.256
290.484
289.958
289.439
288.921
288.405
287.889
287.373
286.858
286.343
285.828
285.314
284.799
284.285
283.771
283.257
290.501
289.982
289.464
288.945
288.427
287.909
287.391
286.874
286.357
285.84
285.323
284.807
284.291
283.774
283.258
290.519
290.007
289.488
288.968
288.448
287.929
287.409
286.89
286.37
285.851
285.333
284.814
284.296
283.777
283.259
290.556
290.035
289.514
288.992
288.47
287.948
287.427
286.905
286.384
285.863
285.342
284.821
284.301
283.781
283.26
290.582
290.063
289.54
289.016
288.492
287.968
287.444
286.92
286.397
285.874
285.351
284.829
284.306
283.784
283.261
290.629
290.095
289.567
289.04
288.513
287.987
287.461
286.936
286.41
285.885
285.36
284.836
284.311
283.787
283.262
290.654
290.123
289.592
289.063
288.534
288.006
287.478
286.951
286.423
285.896
285.369
284.843
284.316
283.79
283.263
290.69
290.151
289.617
289.086
288.555
288.025
287.495
286.966
286.436
285.907
285.378
284.85
284.321
283.793
283.264
290.707
290.174
289.641
289.108
288.576
288.044
287.512
286.98
286.449
285.918
285.387
284.856
284.326
283.795
283.265
290.724
290.197
289.664
289.131
288.596
288.062
287.529
286.995
286.462
285.929
285.396
284.863
284.331
283.798
283.266
290.759
290.224
289.689
289.153
288.617
288.081
287.545
287.009
286.474
285.939
285.404
284.87
284.335
283.801
283.267
290.782
290.25
289.714
289.176
288.637
288.099
287.561
287.024
286.486
285.949
285.413
284.876
284.34
283.804
283.268
290.823
290.28
289.739
289.199
288.658
288.117
287.577
287.038
286.498
285.959
285.421
284.882
284.344
283.807
283.269
290.849
290.309
289.765
289.221
288.678
288.135
287.593
287.051
286.51
285.969
285.429
284.889
284.349
283.809
283.27
290.896
290.341
289.791
289.244
288.698
288.153
287.608
287.065
286.521
285.979
285.436
284.895
284.353
283.812
283.271
290.921
290.368
289.816
289.266
288.717
288.17
287.623
287.078
286.532
285.988
285.444
284.9
284.357
283.814
283.271
290.956
290.394
289.839
289.287
288.736
288.186
287.638
287.09
286.543
285.997
285.451
284.906
284.361
283.816
283.272
290.971
290.415
289.86
289.306
288.754
288.202
287.652
287.102
286.553
286.005
285.458
284.911
284.365
283.819
283.273
290.986
290.435
289.88
289.325
288.771
288.218
287.665
287.113
286.563
286.013
285.464
284.916
284.368
283.821
283.274
291.016
290.458
289.901
289.344
288.788
288.232
287.678
287.124
286.572
286.021
285.47
284.921
284.371
283.823
283.274
291.036
290.481
289.922
289.362
288.804
288.246
287.689
287.134
286.58
286.028
285.476
284.925
284.374
283.824
283.275
291.07
290.505
289.942
289.38
288.819
288.259
287.7
287.144
286.588
286.034
285.481
284.928
284.377
283.826
283.275
291.092
290.529
289.962
289.397
288.833
288.271
287.71
287.152
286.595
286.039
285.485
284.932
284.379
283.827
283.276
291.131
290.554
289.982
289.413
288.846
288.282
287.719
287.159
286.601
286.044
285.489
284.934
284.381
283.828
283.276
291.152
290.575
290
289.427
288.858
288.291
287.727
287.165
286.605
286.048
285.491
284.936
284.383
283.829
283.276
291.182
290.596
290.016
289.44
288.867
288.298
287.732
287.169
286.609
286.05
285.493
284.938
284.383
283.83
283.277
291.196
290.612
290.03
289.45
288.875
288.303
287.736
287.172
286.611
286.052
285.494
284.939
284.384
283.83
283.277
291.212
290.628
290.041
289.457
288.879
288.306
287.737
287.173
286.611
286.052
285.494
284.939
284.384
283.83
283.277
291.25
290.646
290.049
289.46
288.88
288.305
287.736
287.171
286.61
286.05
285.493
284.938
284.383
283.83
283.277
291.277
290.66
290.052
289.458
288.876
288.301
287.732
287.168
286.606
286.048
285.491
284.936
284.382
283.829
283.276
291.339
290.666
290.045
289.449
288.867
288.293
287.725
287.162
286.602
286.044
285.488
284.934
284.381
283.828
283.276
291.311
290.637
290.021
289.43
288.851
288.28
287.715
287.154
286.595
286.039
285.484
284.931
284.379
283.827
283.276
322.814
322.441
322.068
321.696
321.323
320.951
320.579
320.207
319.834
319.461
319.088
318.712
318.335
317.955
317.58
322.815
322.445
322.074
321.704
321.335
320.965
320.596
320.227
319.858
319.489
319.121
318.753
318.386
318.023
317.67
322.816
322.448
322.08
321.713
321.346
320.979
320.612
320.246
319.881
319.517
319.154
318.793
318.434
318.081
317.737
322.817
322.452
322.086
321.721
321.356
320.992
320.628
320.266
319.904
319.544
319.185
318.829
318.477
318.13
317.79
322.818
322.455
322.092
321.729
321.366
321.005
320.644
320.284
319.925
319.569
319.214
318.862
318.514
318.171
317.835
322.819
322.458
322.097
321.736
321.376
321.016
320.658
320.301
319.945
319.591
319.24
318.892
318.547
318.207
317.872
322.82
322.461
322.101
321.743
321.384
321.027
320.671
320.316
319.963
319.612
319.263
318.917
318.575
318.237
317.903
322.821
322.463
322.106
321.749
321.392
321.037
320.683
320.33
319.979
319.63
319.283
318.939
318.599
318.262
317.93
322.822
322.465
322.109
321.754
321.399
321.045
320.693
320.342
319.993
319.645
319.3
318.958
318.62
318.284
317.952
322.822
322.467
322.113
321.759
321.405
321.053
320.702
320.352
320.004
319.659
319.315
318.974
318.637
318.302
317.971
322.823
322.469
322.116
321.763
321.41
321.059
320.709
320.361
320.014
319.669
319.327
318.987
318.65
318.316
317.986
322.823
322.47
322.118
321.766
321.414
321.064
320.715
320.368
320.022
319.678
319.337
318.998
318.661
318.328
317.997
322.824
322.471
322.119
321.768
321.417
321.068
320.719
320.373
320.028
319.684
319.344
319.005
318.669
318.336
318.006
322.824
322.472
322.121
321.77
321.419
321.07
320.722
320.376
320.031
319.689
319.348
319.01
318.675
318.342
318.012
322.824
322.472
322.121
321.77
321.42
321.072
320.724
320.378
320.033
319.691
319.351
319.013
318.677
318.344
318.015
317.278
317.081
316.729
316.53
316.238
316.094
315.95
315.652
315.442
315.059
314.844
314.527
314.347
314.086
313.958
313.828
313.561
313.374
313.035
312.847
312.578
312.448
312.32
312.061
311.883
311.572
311.36
310.981
310.773
310.478
310.336
310.197
309.916
309.723
309.386
309.156
308.746
308.522
308.202
308.048
307.896
307.589
307.377
307.002
306.745
306.279
306.018
305.633
305.415
305.099
304.942
304.784
304.457
304.228
303.808
303.577
303.243
303.08
302.919
302.593
302.367
301.968
301.695
301.205
300.935
300.549
300.362
300.177
299.8
299.539
299.077
298.761
298.191
297.879
297.43
297.213
296.997
296.558
296.254
295.715
295.348
294.687
294.328
293.812
293.566
293.325
292.832
292.501
291.923
291.608
317.368
317.111
316.836
316.589
316.342
316.128
315.913
315.664
315.414
315.134
314.88
314.622
314.395
314.171
313.976
313.781
313.557
313.332
313.081
312.856
312.631
312.437
312.243
312.02
311.796
311.542
311.291
311.014
310.767
310.522
310.311
310.102
309.861
309.618
309.344
309.073
308.775
308.508
308.242
308.013
307.785
307.522
307.255
306.951
306.648
306.311
306.006
305.696
305.423
305.152
304.917
304.681
304.407
304.131
303.823
303.545
303.266
303.023
302.78
302.499
302.213
301.888
301.565
301.208
300.886
300.565
300.287
300.008
299.685
299.356
298.982
298.61
298.197
297.826
297.455
297.135
296.813
296.44
296.06
295.628
295.2
294.726
294.303
293.883
293.524
293.168
292.76
292.356
291.911
291.501
317.434
317.166
316.902
316.647
316.4
316.162
315.925
315.679
315.429
315.172
314.92
314.674
314.439
314.212
313.994
313.778
313.554
313.326
313.092
312.864
312.64
312.425
312.208
311.983
311.75
311.507
311.259
311.006
310.759
310.517
310.285
310.052
309.809
309.559
309.297
309.03
308.757
308.491
308.23
307.978
307.725
307.46
307.186
306.898
306.602
306.298
306
305.707
305.427
305.155
304.893
304.632
304.36
304.081
303.795
303.514
303.236
302.967
302.696
302.411
302.116
301.805
301.486
301.158
300.837
300.52
300.213
299.903
299.578
299.24
298.884
298.518
298.142
297.773
297.41
297.058
296.703
296.33
295.943
295.536
295.119
294.691
294.274
293.867
293.476
293.086
292.683
292.271
291.847
291.424
317.487
317.218
316.954
316.696
316.444
316.196
315.95
315.702
315.452
315.202
314.954
314.71
314.472
314.24
314.012
313.785
313.557
313.327
313.096
312.866
312.639
312.413
312.187
311.956
311.721
311.48
311.235
310.989
310.743
310.5
310.258
310.016
309.769
309.517
309.259
308.996
308.731
308.467
308.204
307.943
307.681
307.413
307.138
306.856
306.568
306.277
305.987
305.7
305.419
305.142
304.87
304.598
304.322
304.042
303.76
303.477
303.196
302.915
302.631
302.34
302.041
301.734
301.419
301.1
300.78
300.461
300.143
299.82
299.49
299.15
298.799
298.441
298.077
297.712
297.348
296.985
296.618
296.242
295.855
295.457
295.052
294.641
294.232
293.827
293.426
293.025
292.618
292.204
291.784
291.359
317.532
317.262
316.997
316.737
316.481
316.228
315.977
315.727
315.477
315.228
314.981
314.737
314.497
314.261
314.027
313.795
313.563
313.33
313.098
312.865
312.634
312.403
312.171
311.936
311.699
311.458
311.215
310.97
310.724
310.479
310.234
309.987
309.737
309.483
309.226
308.966
308.703
308.44
308.176
307.912
307.646
307.375
307.101
306.822
306.539
306.254
305.969
305.685
305.404
305.125
304.847
304.569
304.29
304.008
303.725
303.44
303.154
302.867
302.576
302.281
301.979
301.672
301.359
301.043
300.723
300.402
300.078
299.75
299.416
299.075
298.726
298.372
298.012
297.65
297.285
296.918
296.546
296.168
295.783
295.39
294.992
294.589
294.185
293.781
293.377
292.971
292.561
292.147
291.728
291.303
317.57
317.3
317.034
316.772
316.513
316.257
316.004
315.751
315.501
315.252
315.004
314.76
314.518
314.278
314.04
313.804
313.569
313.334
313.099
312.864
312.629
312.394
312.159
311.921
311.682
311.44
311.197
310.952
310.706
310.459
310.211
309.962
309.71
309.456
309.198
308.939
308.677
308.414
308.15
307.884
307.615
307.345
307.071
306.793
306.513
306.232
305.949
305.667
305.386
305.105
304.824
304.543
304.261
303.977
303.691
303.404
303.115
302.823
302.528
302.23
301.926
301.618
301.306
300.989
300.669
300.346
300.019
299.688
299.352
299.01
298.663
298.31
297.952
297.591
297.226
296.857
296.484
296.106
295.722
295.332
294.937
294.539
294.138
293.735
293.33
292.923
292.512
292.097
291.678
291.255
317.602
317.332
317.065
316.801
316.541
316.283
316.028
315.774
315.522
315.272
315.024
314.778
314.534
314.292
314.052
313.813
313.575
313.337
313.1
312.862
312.625
312.387
312.149
311.909
311.668
311.425
311.181
310.935
310.688
310.44
310.191
309.94
309.687
309.432
309.174
308.915
308.653
308.39
308.125
307.858
307.59
307.318
307.045
306.769
306.49
306.211
305.93
305.648
305.366
305.085
304.802
304.519
304.234
303.948
303.661
303.371
303.079
302.784
302.487
302.185
301.88
301.571
301.258
300.941
300.62
300.295
299.967
299.634
299.297
298.954
298.607
298.255
297.898
297.537
297.172
296.803
296.43
296.052
295.669
295.281
294.889
294.493
294.094
293.692
293.287
292.88
292.469
292.054
291.636
291.213
317.629
317.359
317.091
316.827
316.565
316.306
316.049
315.794
315.541
315.29
315.041
314.794
314.548
314.304
314.062
313.82
313.58
313.34
313.1
312.861
312.621
312.381
312.141
311.899
311.657
311.413
311.167
310.921
310.673
310.424
310.173
309.921
309.667
309.411
309.154
308.894
308.632
308.369
308.103
307.836
307.567
307.296
307.023
306.747
306.47
306.191
305.911
305.63
305.348
305.065
304.781
304.497
304.21
303.923
303.633
303.341
303.047
302.75
302.45
302.147
301.84
301.53
301.216
300.898
300.576
300.25
299.92
299.587
299.248
298.906
298.558
298.206
297.85
297.49
297.125
296.756
296.383
296.005
295.623
295.236
294.846
294.451
294.053
293.652
293.248
292.841
292.431
292.017
291.599
291.178
317.652
317.381
317.114
316.848
316.586
316.326
316.068
315.812
315.558
315.306
315.056
314.807
314.56
314.314
314.07
313.827
313.584
313.343
313.101
312.86
312.618
312.376
312.134
311.891
311.647
311.402
311.156
310.908
310.659
310.409
310.158
309.905
309.65
309.394
309.136
308.876
308.614
308.35
308.085
307.817
307.548
307.277
307.004
306.729
306.452
306.174
305.894
305.613
305.331
305.047
304.763
304.477
304.189
303.9
303.608
303.315
303.019
302.72
302.419
302.114
301.806
301.494
301.179
300.86
300.537
300.211
299.88
299.546
299.207
298.864
298.516
298.164
297.808
297.448
297.083
296.715
296.342
295.964
295.583
295.197
294.808
294.415
294.018
293.618
293.214
292.808
292.398
291.984
291.567
291.147
317.67
317.4
317.132
316.866
316.603
316.342
316.084
315.827
315.572
315.319
315.068
314.818
314.57
314.323
314.077
313.832
313.588
313.345
313.102
312.859
312.616
312.373
312.129
311.884
311.639
311.393
311.146
310.898
310.648
310.397
310.145
309.891
309.636
309.379
309.121
308.86
308.598
308.334
308.069
307.801
307.532
307.261
306.988
306.713
306.436
306.158
305.879
305.598
305.315
305.031
304.746
304.459
304.17
303.88
303.587
303.292
302.995
302.695
302.392
302.086
301.777
301.464
301.148
300.828
300.505
300.177
299.846
299.511
299.172
298.828
298.481
298.129
297.773
297.412
297.048
296.679
296.307
295.93
295.549
295.164
294.776
294.383
293.987
293.588
293.185
292.779
292.369
291.957
291.541
291.121
317.686
317.415
317.147
316.881
316.617
316.356
316.097
315.839
315.584
315.33
315.078
314.827
314.578
314.33
314.083
313.837
313.591
313.347
313.102
312.858
312.614
312.369
312.125
311.879
311.633
311.386
311.138
310.889
310.639
310.387
310.135
309.88
309.625
309.367
309.108
308.848
308.585
308.321
308.055
307.788
307.519
307.247
306.974
306.7
306.423
306.145
305.866
305.585
305.302
305.017
304.732
304.444
304.154
303.863
303.569
303.273
302.975
302.674
302.37
302.063
301.753
301.439
301.122
300.802
300.478
300.15
299.818
299.482
299.143
298.799
298.451
298.099
297.743
297.383
297.019
296.65
296.278
295.902
295.521
295.137
294.749
294.357
293.962
293.563
293.161
292.755
292.346
291.934
291.519
291.1
317.697
317.427
317.159
316.893
316.629
316.367
316.107
315.849
315.593
315.338
315.085
314.834
314.584
314.335
314.087
313.84
313.594
313.348
313.103
312.858
312.612
312.367
312.121
311.875
311.628
311.38
311.132
310.882
310.631
310.379
310.126
309.871
309.615
309.358
309.098
308.838
308.575
308.311
308.045
307.777
307.508
307.237
306.964
306.689
306.413
306.135
305.855
305.574
305.291
305.006
304.72
304.432
304.141
303.849
303.555
303.258
302.959
302.657
302.352
302.044
301.733
301.419
301.102
300.781
300.456
300.128
299.795
299.459
299.12
298.776
298.428
298.076
297.72
297.359
296.995
296.627
296.255
295.879
295.499
295.115
294.727
294.336
293.941
293.543
293.141
292.736
292.328
291.916
291.501
291.083
317.706
317.436
317.167
316.901
316.637
316.375
316.114
315.856
315.599
315.345
315.091
314.839
314.588
314.339
314.09
313.843
313.596
313.349
313.103
312.857
312.611
312.365
312.119
311.872
311.625
311.376
311.127
310.877
310.626
310.374
310.12
309.865
309.609
309.351
309.091
308.83
308.568
308.303
308.037
307.769
307.5
307.229
306.956
306.681
306.405
306.127
305.847
305.566
305.283
304.998
304.711
304.422
304.132
303.839
303.544
303.247
302.947
302.644
302.339
302.031
301.719
301.404
301.086
300.765
300.44
300.111
299.779
299.442
299.102
298.758
298.41
298.058
297.702
297.342
296.978
296.61
296.238
295.862
295.482
295.099
294.711
294.321
293.926
293.528
293.127
292.722
292.314
291.903
291.488
291.071
317.712
317.441
317.173
316.907
316.642
316.38
316.12
315.861
315.604
315.349
315.095
314.843
314.591
314.341
314.093
313.844
313.597
313.35
313.103
312.857
312.611
312.364
312.117
311.87
311.622
311.374
311.124
310.874
310.622
310.37
310.116
309.861
309.604
309.346
309.086
308.825
308.562
308.298
308.032
307.764
307.495
307.224
306.951
306.676
306.4
306.122
305.842
305.56
305.277
304.992
304.705
304.416
304.125
303.832
303.537
303.239
302.939
302.636
302.33
302.021
301.71
301.395
301.076
300.754
300.429
300.1
299.768
299.431
299.091
298.747
298.399
298.046
297.69
297.33
296.966
296.598
296.227
295.851
295.471
295.088
294.701
294.31
293.916
293.518
293.117
292.712
292.305
291.894
291.48
291.063
317.715
317.444
317.176
316.91
316.645
316.383
316.122
315.863
315.606
315.351
315.097
314.844
314.593
314.343
314.094
313.845
313.598
313.35
313.104
312.857
312.61
312.364
312.117
311.869
311.621
311.372
311.123
310.872
310.62
310.368
310.114
309.858
309.602
309.344
309.084
308.823
308.56
308.296
308.029
307.762
307.492
307.221
306.948
306.673
306.397
306.119
305.839
305.558
305.274
304.989
304.702
304.413
304.122
303.829
303.533
303.235
302.935
302.632
302.326
302.017
301.705
301.39
301.071
300.749
300.424
300.095
299.762
299.425
299.085
298.741
298.393
298.041
297.685
297.325
296.961
296.593
296.221
295.845
295.466
295.082
294.695
294.305
293.911
293.513
293.112
292.708
292.3
291.889
291.475
291.059
291.141
290.561
289.977
289.399
288.828
288.263
287.701
287.142
286.586
286.032
285.479
284.927
284.376
283.825
283.275
291.029
290.481
289.921
289.359
288.798
288.239
287.683
287.128
286.575
286.023
285.472
284.922
284.372
283.823
283.274
290.948
290.413
289.868
289.318
288.766
288.214
287.662
287.112
286.562
286.012
285.464
284.916
284.368
283.821
283.274
290.884
290.356
289.82
289.278
288.734
288.188
287.641
287.095
286.548
286.002
285.456
284.91
284.364
283.818
283.273
290.83
290.307
289.777
289.242
288.703
288.163
287.621
287.078
286.534
285.991
285.447
284.903
284.359
283.816
283.272
290.784
290.264
289.739
289.209
288.675
288.139
287.601
287.061
286.521
285.98
285.439
284.897
284.355
283.813
283.271
290.745
290.227
289.705
289.179
288.649
288.117
287.582
287.046
286.508
285.97
285.43
284.891
284.351
283.811
283.27
290.71
290.196
289.676
289.153
288.626
288.097
287.565
287.031
286.496
285.96
285.423
284.885
284.347
283.808
283.269
290.681
290.168
289.651
289.131
288.606
288.079
287.55
287.019
286.486
285.951
285.416
284.88
284.343
283.806
283.269
290.657
290.146
289.63
289.111
288.589
288.064
287.537
287.007
286.476
285.944
285.41
284.875
284.34
283.804
283.268
290.637
290.127
289.613
289.096
288.575
288.052
287.526
286.998
286.468
285.937
285.405
284.871
284.337
283.802
283.268
290.621
290.112
289.599
289.083
288.564
288.042
287.517
286.99
286.462
285.932
285.4
284.868
284.335
283.801
283.267
290.609
290.101
289.589
289.074
288.555
288.034
287.51
286.985
286.457
285.928
285.397
284.865
284.333
283.8
283.267
290.601
290.093
289.582
289.067
288.55
288.029
287.506
286.981
286.454
285.925
285.395
284.864
284.332
283.799
283.266
290.597
290.09
289.579
289.064
288.547
288.027
287.504
286.979
286.452
285.924
285.394
284.863
284.331
283.799
283.266
)
;

boundaryField
{
    hot
    {
        type            fixedValue;
        value           uniform 323;
    }
    cold
    {
        type            fixedValue;
        value           uniform 283;
    }
    interface_left
    {
        type            fixedValue;
        value           nonuniform List<scalar> 
90
(
314.899
314.899
314.991
314.991
315.004
315.004
315.004
315.008
315.008
315.02
315.02
315.038
315.038
315.061
315.061
315.061
315.092
315.092
315.14
315.14
315.18
315.18
315.18
315.222
315.222
315.275
315.275
315.345
315.345
315.399
315.399
315.399
315.451
315.451
315.513
315.513
315.595
315.595
315.656
315.656
315.656
315.713
315.713
315.782
315.782
315.872
315.872
315.939
315.939
315.939
316.004
316.004
316.08
316.08
316.181
316.181
316.257
316.257
316.257
316.33
316.33
316.417
316.417
316.531
316.531
316.615
316.615
316.615
316.694
316.694
316.786
316.786
316.902
316.902
316.983
316.983
316.983
317.052
317.052
317.124
317.124
317.2
317.2
317.239
317.239
317.239
317.243
317.243
317.178
317.178
)
;
    }
    interface_right
    {
        type            fixedValue;
        value           nonuniform List<scalar> 
90
(
289.016
289.016
288.934
288.934
288.934
288.926
288.926
288.95
288.95
289.01
289.01
289.069
289.069
289.129
289.129
289.129
289.202
289.202
289.307
289.307
289.392
289.392
289.466
289.466
289.466
289.546
289.546
289.655
289.655
289.739
289.739
289.809
289.809
289.809
289.882
289.882
289.979
289.979
290.05
290.05
290.05
290.12
290.12
290.203
290.203
290.31
290.31
290.391
290.391
290.458
290.458
290.458
290.529
290.529
290.625
290.625
290.698
290.698
290.761
290.761
290.761
290.826
290.826
290.912
290.912
290.975
290.975
290.975
291.035
291.035
291.105
291.105
291.191
291.191
291.251
291.251
291.251
291.304
291.304
291.362
291.362
291.434
291.434
291.488
291.488
291.488
291.561
291.561
291.74
291.74
)
;
    }
    interface_top
    {
        type            fixedValue;
        value           nonuniform List<scalar> 
90
(
317.178
317.178
316.567
316.567
316.08
316.08
316.08
315.582
315.582
314.901
314.901
314.382
314.382
313.951
313.951
313.951
313.507
313.507
312.903
312.903
312.453
312.453
312.453
312.025
312.025
311.516
311.516
310.842
310.842
310.348
310.348
310.348
309.882
309.882
309.33
309.33
308.6
308.6
308.065
308.065
308.065
307.557
307.557
306.945
306.945
306.116
306.116
305.484
305.484
304.959
304.959
304.959
304.414
304.414
303.668
303.668
303.109
303.109
303.109
302.57
302.57
301.918
301.918
301.045
301.045
300.4
300.4
300.4
299.776
299.776
299.02
299.02
298.005
298.005
297.251
297.251
297.251
296.521
296.521
295.635
295.635
294.452
294.452
293.584
293.584
293.584
292.752
292.752
291.74
291.74
)
;
    }
    interface_bottom
    {
        type            fixedValue;
        value           nonuniform List<scalar> 
90
(
314.899
314.899
314.049
314.049
314.049
313.243
313.243
312.279
312.279
311.02
311.02
310.102
310.102
309.359
309.359
309.359
308.604
308.604
307.597
307.597
306.855
306.855
306.251
306.251
306.251
305.638
305.638
304.832
304.832
304.253
304.253
304.253
303.709
303.709
303.07
303.07
302.256
302.256
301.682
301.682
301.682
301.141
301.141
300.501
300.501
299.671
299.671
299.066
299.066
298.571
298.571
298.571
298.061
298.061
297.384
297.384
296.894
296.894
296.894
296.425
296.425
295.87
295.87
295.164
295.164
294.665
294.665
294.665
294.195
294.195
293.642
293.642
292.94
292.94
292.443
292.443
292.443
291.973
291.973
291.415
291.415
290.69
290.69
290.165
290.165
290.165
289.654
289.654
289.016
289.016
)
;
    }
    defaultFaces
    {
        type            empty;
    }
}


// ************************************************************************* //
